0
4278
8485
12550
16402
19973
23203
26035
28419
30314
31684
32507
32766
32456
31581
30156
28203
25758
22860
19561
15917
11991
7852
3573
-771
-5106
-9352
-13436
-17284
-20829
-24006
-26759
-29038
-30801
-32015
-32660
-32720
-32196
-31094
-29434
-27244
-24563
-21439
-17925
-14087
-9991
-5712
-1327
3083
7441
11667
15683
19415
22796
25762
28259
30239
31667
32514
32764
32412
31462
29931
27847
25247
22178
18696
14865
10755
6443
2009
-2465
-6896
-11201
-15299
-19113
-22570
-25606
-28162
-30190
-31650
-32514
-32764
-32394
-31411
-29832
-27686
-25012
-21861
-18292
-14372
-10175
-5781
-1274
3259
7733
12062
16161
19951
23359
26318
28771
30668
31973
32659
32711
32127
30919
29107
26727
23823
20452
16679
12577
8226
3711
-879
-5455
-9926
-14204
-18204
-21846
-25058
-27775
-29942
-31516
-32464
-32766
-32415
-31417
-29790
-27567
-24790
-21514
-17805
-13736
-9388
-4849
-209
4437
8997
13377
17489
21248
24578
27411
29687
31359
32393
32765
32468
31507
29899
27676
24884
21579
17828
13707
9301
4700
0
-4703
-9311
-13729
-17864
-21629
-24947
-27746
-29968
-31566
-32503
-32761
-32332
-31225
-29460
-27076
-24119
-20653
-16748
-12488
-7961
-3263
1506
6246
10856
15238
19298
22949
26112
28719
30713
32051
32702
32651
31900
30461
28366
25658
22395
18646
14492
10022
5332
524
-4298
-9029
-13567
-17811
-21669
-25055
-27896
-30127
-31699
-32577
-32739
-32182
-30916
-28967
-26379
-23206
-19519
-15397
-10932
-6222
-1372
3511
8320
12945
17284
21240
24723
27655
29968
31611
32545
32748
32214
30954
28995
26381
23169
19431
15252
10724
5950
1038
-3899
-8751
-13405
-17757
-21705
-25159
-28038
-30277
-31822
-32637
-32702
-32014
-30588
-28456
-25665
-22280
-18377
-14047
-9388
-4509
477
5455
10308
14924
19194
23018
26305
28979
30974
32243
32756
32498
31476
29711
27244
24133
20449
16280
11722
6884
1880
-3170
-8148
-12935
-17416
-21484
-25041
-28000
-30291
-31856
-32659
-32677
-31909
-30373
-28105
-25157
-21600
-17520
-13013
-8189
-3163
1941
7001
11893
16499
20705
24407
27516
29953
31659
32589
32721
32049
30590
28377
25463
21921
17836
13307
8448
3377
-1780
-6896
-11843
-16499
-20746
-24479
-27603
-30040
-31727
-32621
-32699
-31957
-30413
-28105
-25088
-21439
-17247
-12618
-7668
-2522
2689
7836
12787
17416
21605
25247
28248
30530
32035
32723
32574
31592
29801
27244
23987
20112
15718
10917
5832
595
-4660
-9798
-14685
-19194
-23208
-26622
-29345
-31307
-32455
-32757
-32206
-30813
-28614
-25665
-22043
-17841
-13169
-8148
-2911
2405
7661
12717
17440
21705
25397
28419
30689
32146
32750
32483
31352
29385
26633
23169
19084
14487
9500
4255
-1105
-6439
-11603
-16457
-20870
-24723
-27911
-30346
-31961
-32712
-32578
-31559
-29684
-27001
-23582
-19519
-14922
-9916
-4636
771
6162
11386
16301
20770
24671
27896
30354
31977
32719
32558
31498
29565
26813
23317
19172
14492
9407
4058
-1405
-6833
-12073
-16978
-21411
-25247
-28377
-30713
-32188
-32760
-32410
-31148
-29007
-26047
-22351
-18021
-13179
-7961
-2516
3003
8440
13640
18454
22745
26389
29282
31340
32503
32737
32033
30409
27913
24613
20604
16000
10932
5547
0
-5550
-10942
-16021
-20637
-24657
-27963
-30458
-32068
-32745
-32468
-31244
-29107
-26118
-22364
-17952
-13013
-7689
-2137
3479
8997
14252
19090
23367
26955
29748
31662
32640
32650
31691
29790
27003
23411
19119
14256
8965
3403
-2262
-7862
-13230
-18204
-22633
-26385
-29345
-31423
-32556
-32707
-31871
-30072
-27362
-23823
-19561
-14703
-9397
-3803
1908
7565
12994
18030
22517
26318
29316
31419
32559
32702
31841
30001
27238
23635
19302
14372
8996
3339
-2422
-8112
-13553
-18577
-23026
-26761
-29667
-31650
-32648
-32629
-31591
-29565
-26615
-22829
-18327
-13249
-7752
-2009
3799
9491
14886
19815
24120
27666
30338
32052
32751
32412
31044
28690
25423
21345
16586
11295
5642
-193
-6025
-11667
-16938
-21669
-25706
-28920
-31206
-32489
-32726
-31909
-30063
-27244
-23544
-19081
-13998
-8460
-2644
3259
9060
14569
19606
24006
27626
30346
32075
32756
32366
30916
28451
25051
20827
15917
10480
4696
-1244
-7147
-12817
-18065
-22719
-26622
-29644
-31684
-32674
-32578
-31398
-29173
-25975
-21909
-17110
-11737
-5969
0
5972
11747
17130
21941
26016
29217
31436
32596
32657
31615
29504
26395
22390
17625
12260
6476
470
-5554
-11392
-16845
-21726
-25867
-29127
-31393
-32585
-32662
-31619
-29491
-26349
-22301
-17483
-12062
-6222
-166
5898
11762
17222
22088
26191
29387
31566
32648
32597
31411
29131
25835
21636
16679
11138
5205
-912
-7001
-12847
-18244
-23003
-26955
-29960
-31912
-32739
-32412
-30940
-28374
-24803
-20353
-15179
-9465
-3413
2763
8843
14612
19863
24407
28083
30758
32334
32755
32003
30103
27124
23169
18381
12929
7010
836
-5370
-11386
-16993
-21989
-26191
-29446
-31636
-32680
-32538
-31214
-28754
-25247
-20819
-15630
-9868
-3744
2518
8692
14551
19879
24480
28184
30855
32393
32739
31880
29845
26709
22585
17625
12011
5950
-333
-6607
-12639
-18204
-23094
-27128
-30152
-32055
-32763
-32248
-30528
-27666
-23767
-18976
-13473
-7461
-1167
5173
11322
17047
22132
26385
29644
31785
32724
32427
30901
28203
24435
19738
14288
8294
1981
-4409
-10635
-16457
-21654
-26025
-29402
-31656
-32697
-32485
-31027
-28377
-24634
-19943
-14481
-8460
-2109
4324
10594
16457
21686
26077
29459
31699
32710
32451
30929
28203
24378
19601
14056
7961
1552
-4919
-11201
-17047
-22227
-26537
-29806
-31906
-32751
-32307
-30590
-27666
-23648
-18696
-13002
-6791
-309
6187
12441
18204
23246
27366
30398
32222
32762
31995
29951
26709
22398
17189
11289
4935
-1619
-8112
-14281
-19879
-24678
-28486
-31147
-32552
-32643
-31416
-28917
-25247
-20553
-15023
-8882
-2378
4225
10659
16662
21989
26421
29777
31918
32756
32254
30432
27362
23169
18024
12137
5748
-879
-7473
-13762
-19485
-24407
-28323
-31070
-32533
-32650
-31414
-28875
-25136
-20353
-14721
-8475
-1874
4807
11292
17307
22602
26955
30182
32146
32765
32010
29911
26556
22083
16679
10571
4016
-2711
-9326
-15551
-21121
-25799
-29387
-31732
-32732
-32344
-30582
-27520
-23286
-18060
-12062
-5547
1206
7911
14280
20041
24947
28786
31393
32653
32513
30975
28105
24024
18906
12972
6476
-301
-7069
-13534
-19415
-24458
-28443
-31196
-32596
-32580
-31148
-28360
-24336
-19250
-13322
-6811
0
6813
13332
19269
24364
28393
31178
32594
32578
31129
28309
24241
19103
13120
6555
-301
-7147
-13680
-19609
-24671
-28641
-31340
-32648
-32505
-30916
-27948
-23735
-18460
-12360
-5706
1206
8067
14569
20421
25359
29162
31656
32728
32328
30473
27244
22786
17298
11027
4255
-2711
-9557
-15974
-21669
-26383
-29901
-32062
-32766
-31979
-29736
-26137
-21345
-15577
-9095
-2195
4807
11593
17850
23291
27666
30771
32464
32665
31362
28614
24546
19345
13249
6538
-477
-7473
-14125
-20126
-25196
-29098
-31650
-32732
-32292
-30349
-26991
-22374
-16712
-10266
-3339
3746
10659
17076
22694
27251
30530
32377
32702
31489
28793
24740
19519
13375
6597
-494
-7565
-14281
-20323
-25404
-29282
-31772
-32753
-32178
-30072
-26533
-21729
-15887
-9285
-2238
4919
11843
18204
23695
28052
31066
32589
32548
30942
27847
23411
17845
11416
4435
-2763
-9830
-16425
-22227
-26955
-30378
-32330
-32713
-31507
-28769
-24631
-19293
-13013
-6096
1120
8285
15047
21076
26077
29802
32068
32763
31850
29372
25451
20276
14101
7230
0
-7232
-14111
-20295
-25478
-29402
-31872
-32764
-32033
-29711
-25913
-20827
-14703
-7845
-595
6688
13640
19914
25196
29220
31785
32759
32093
29819
26047
20967
14832
7950
664
-6656
-13645
-19948
-25247
-29273
-31822
-32763
-32046
-29706
-25861
-20703
-14492
-7543
-209
7138
14125
20396
25629
29557
31977
32766
31880
29363
25342
20022
13674
6622
-771
-8129
-15071
-21240
-26318
-30042
-32219
-32734
-31559
-28754
-24461
-18901
-12360
-5177
2276
9615
16457
22447
27271
30678
32489
32608
31026
27825
23169
17302
10527
3199
-4298
-11573
-18244
-23960
-28419
-31387
-32705
-32302
-30198
-26501
-21406
-15179
-8148
-684
6817
13962
20369
25700
29668
32064
32757
31710
28975
24698
19103
12488
5205
-2358
-9798
-16717
-22745
-27557
-30894
-32577
-32513
-30703
-27244
-22319
-16192
-9191
-1693
5898
13175
19743
25247
29388
31941
32765
31816
29141
24884
19276
12618
5272
-2362
-9871
-16845
-22903
-27714
-31014
-32621
-32445
-30495
-26875
-21781
-15492
-8351
-749
6896
14165
20658
26016
29942
32220
32721
31417
28377
23767
17841
10926
3403
-4310
-11787
-18613
-24407
-28847
-31684
-32759
-32010
-29476
-25298
-19707
-13013
-5590
2148
9769
16845
22980
27828
31116
32659
32366
30254
26438
21133
14635
7310
-430
-8148
-15409
-21801
-26962
-30598
-32502
-32563
-30778
-27244
-22162
-15818
-8572
-836
6950
14343
20920
26305
30190
32350
32661
31103
27762
22829
16586
9388
1649
-6187
-13670
-20369
-25898
-29936
-32249
-32702
-31267
-28024
-23161
-16955
-9766
-2009
5867
13405
20168
25762
29860
32222
32709
31291
28049
23169
16936
9711
1916
-5992
-13553
-20323
-25904
-29968
-32275
-32687
-31179
-27837
-22855
-16527
-9222
-1372
6562
14111
20829
26318
30252
32397
32623
30916
27374
22206
15718
8294
373
-7571
-15067
-21669
-26980
-30683
-32556
-32483
-30469
-26631
-21197
-14492
-6916
1077
9009
16402
22811
27851
31216
32702
32218
29790
25564
19793
12824
5078
-2978
-10856
-18080
-24210
-28873
-31785
-32766
-31757
-28816
-24119
-17952
-10689
-2772
5316
13083
20053
25799
29968
32304
32662
31017
27469
22233
15630
8064
0
-8067
-15639
-22251
-27492
-31038
-32669
-32282
-29899
-25665
-19840
-12785
-4935
3223
11185
18454
24578
29176
31960
32754
31507
28295
23317
16881
9388
1306
-6859
-14599
-21426
-26913
-30713
-32587
-32415
-30206
-26096
-20343
-13307
-5431
2789
10837
18204
24423
29100
31937
32755
31498
28244
23199
16679
9099
938
-7285
-15047
-21854
-27271
-30951
-32659
-32282
-29844
-25497
-19519
-12290
-4271
4023
12062
19330
25359
29762
32252
32670
30984
27303
21861
15008
7184
-1105
-9326
-16947
-23474
-28484
-31650
-32766
-31757
-28687
-23753
-17274
-9670
-1435
6896
14781
21705
27215
30951
32666
32248
29720
25247
19119
11737
3583
-4807
-12886
-20121
-26035
-30239
-32455
-32534
-30469
-26395
-20578
-13400
-5336
3083
11302
18775
25007
29584
32200
32681
30992
27244
21684
14679
6695
-1736
-10055
-17706
-24178
-29038
-31959
-32744
-31340
-27837
-22468
-15592
-7668
771
9163
16942
23583
28641
31772
32764
31548
28203
22955
16155
8261
-193
-8637
-16499
-23246
-28419
-31667
-32766
-31641
-28366
-23161
-16378
-8479
0
8482
16388
23178
28387
31659
32766
31633
28334
23092
16267
8323
-193
-8699
-16610
-23382
-28547
-31748
-32764
-31521
-28105
-22748
-15818
-7793
771
9287
17161
23850
28887
31923
32744
31292
27666
22114
15023
6884
-1736
-10238
-18030
-24565
-29387
-32158
-32681
-30919
-26991
-21173
-13868
-5590
3083
11543
19194
25499
30012
32414
32534
30361
26047
19895
12336
3903
-4807
-13181
-20625
-26610
-30711
-32637
-32248
-29569
-24790
-18247
-10405
-1820
6896
15124
22277
27843
31423
32760
31757
28483
23169
16196
8060
-655
-9326
-17331
-24094
-29127
-32068
-32703
-30984
-27033
-21133
-13707
-5289
3511
12062
19743
25999
30374
32552
32371
29844
25150
18630
10754
2094
-6719
-15047
-22282
-27896
-31478
-32765
-31661
-28244
-22763
-15616
-7324
1506
10228
18204
24847
29668
32313
32585
30461
26096
19809
12062
3423
-5469
-13962
-21426
-27310
-31178
-32740
-31881
-28661
-23317
-16242
-7961
912
9721
17811
24578
29519
32265
32608
30520
26157
19840
12041
3339
-5613
-14150
-21629
-27492
-31296
-32755
-31758
-28377
-22863
-15630
-7219
1736
10564
18599
25234
29968
32443
32468
30041
25342
18725
10689
1842
-7147
-15598
-22868
-28404
-31785
-32751
-31227
-27327
-21345
-13736
-5078
3969
12717
20496
26712
30887
32702
32014
28875
23522
16364
7950
-1077
-10024
-18204
-24986
-29848
-32414
-32483
-30050
-25298
-18593
-10451
-1499
7571
16058
23305
28750
31969
32711
30916
26720
20449
12587
3744
-5391
-14111
-21734
-27666
-31442
-32766
-31533
-27837
-21964
-14372
-5653
3510
12401
20323
26654
30894
32710
31957
28692
23169
15822
7226
-1941
-10958
-19113
-25762
-30378
-32596
-32237
-29328
-24096
-16955
-8469
691
9799
18132
25028
29936
32465
32412
29778
24772
17791
9388
234
-8940
-17404
-24479
-29598
-32350
-32513
-30072
-25219
-18342
-9991
-836
8388
16942
24135
29387
32275
32563
30226
25451
18620
10283
1113
-8148
-16754
-24006
-29316
-32252
-32574
-30254
-25477
-18630
-10266
-1066
8222
16845
24098
29390
32286
32549
30156
25298
18372
9941
695
-8610
-17213
-24407
-29603
-32371
-32482
-29925
-24908
-17841
-9305
0
9307
17850
24924
29942
32491
32356
29546
24293
17028
8351
-1019
-10308
-18745
-25629
-30386
-32621
-32145
-28995
-23432
-15917
-7073
2362
11603
19879
26497
30903
32728
31816
28241
22301
14491
5464
-4023
-13175
-21224
-27492
-31451
-32766
-31324
-27244
-20868
-12732
-3519
5992
15001
22745
28568
31977
32682
30619
25962
19103
10622
1238
-8253
-17047
-24394
-29668
-32420
-32412
-29643
-24347
-16973
-8148
1373
10781
19269
26112
30723
32705
31886
28334
22351
14449
5304
-4298
-13534
-21608
-27826
-31650
-32749
-31026
-26627
-19930
-11510
-2094
7504
16457
23989
29446
32355
32460
29752
24461
17046
8148
-1459
-10942
-19477
-26318
-30870
-32732
-31742
-27983
-21780
-13674
-4371
5316
14541
22496
28484
31977
32669
30495
25645
18541
9807
209
-9410
-18204
-25397
-30356
-32640
-32046
-28625
-22675
-14721
-5464
4278
13645
21806
28038
31787
32719
30748
26047
19032
10324
695
-8997
-17892
-25196
-30256
-32621
-32077
-28669
-22701
-14703
-5389
4409
13816
21989
28193
31872
32694
30582
25725
18555
9715
0
-9718
-18563
-25739
-30598
-32699
-31850
-28126
-21861
-13619
-4144
5708
15047
23026
28920
32194
32549
29951
24631
17073
7961
-1876
-11547
-20168
-26955
-31287
-32766
-31257
-26894
-20073
-11416
-1713
8148
17267
24807
30076
32589
32113
28690
22632
14492
5018
-4919
-14407
-22570
-28657
-32104
-32591
-30072
-24775
-17189
-8012
1907
11653
20323
27113
31393
32763
31094
26539
19519
10683
852
-9060
-18132
-25519
-30530
-32697
-31816
-27965
-21503
-13031
-3339
6667
16052
23938
29584
32459
32292
29097
23169
15065
5543
-4501
-14125
-22423
-28612
-32108
-32578
-29977
-24546
-16798
-7461
2582
12385
21019
27666
31694
32721
30647
25665
18247
9095
-923
-10856
-19760
-26786
-31264
-32766
-31146
-26556
-19431
-10451
-470
9557
18675
26008
30855
32749
31507
27244
20368
11537
1595
-8501
-17784
-25359
-30497
-32702
-31758
-27754
-21074
-12360
-2451
7696
17103
24860
30215
32648
31922
28105
21563
12929
3039
-7147
-16643
-24525
-30025
-32607
-32016
-28309
-21844
-13249
-3359
6859
16412
24364
29939
32588
32050
28377
21924
13322
3413
-6833
-16412
-24382
-29960
-32596
-32028
-28309
-21804
-13150
-3199
7069
16643
24578
30089
32630
31946
28105
21482
12732
2719
-7565
-17103
-24947
-30318
-32680
-31797
-27754
-20951
-12062
-1970
8320
17784
25478
30633
32732
31565
27244
20200
11134
952
-9326
-18675
-26154
-31014
-32765
-31228
-26556
-19215
-9941
333
10578
19760
26955
31436
32749
30759
25665
17979
8475
-1887
-12062
-21019
-27851
-31864
-32650
-30126
-24546
-16475
-6728
3703
13762
22423
28806
32258
32427
29291
23169
14683
4696
-5772
-15653
-23938
-29777
-32571
-32033
-28214
-21503
-12587
-2378
8077
17706
25519
30711
32748
31416
26850
19519
10175
-219
-10594
-19879
-27113
-31549
-32726
-30520
-25157
-17189
-7439
3083
13289
22119
28657
32222
32441
29289
23092
14492
4381
-6187
-16114
-24364
-30076
-32652
-31820
-27666
-20619
-11416
-1017
9491
19008
26537
31287
32757
30792
25595
17709
7961
-2625
-12939
-21894
-28547
-32194
-32451
-29286
-23032
-14346
-4144
6498
16457
24678
30291
32699
31644
27238
19943
10531
0
-10533
-19951
-27251
-31656
-32694
-30254
-24592
-16309
-6286
4409
14637
23305
29487
32519
32077
28203
21312
12137
1660
-8997
-18692
-26385
-31248
-32757
-30748
-25434
-17383
-7461
3266
13645
22556
29038
32390
32248
28625
21909
12824
2351
-8378
-18204
-26061
-31098
-32765
-30880
-25645
-17625
-7689
3083
13524
22496
29023
32393
32235
28565
21780
12618
2077
-8692
-18516
-26318
-31245
-32755
-30681
-25247
-17046
-6975
3863
14280
23132
29446
32527
32033
28015
20915
11510
836
-9932
-19609
-27125
-31650
-32682
-30103
-24198
-15616
-5304
5596
15880
24407
30232
32705
31550
26894
19250
9465
-1373
-12062
-21411
-28379
-32188
-32412
-29022
-22395
-13267
-2656
8253
18244
26197
31222
32754
30619
25054
16679
6433
-4537
-15001
-23783
-29895
-32648
-31731
-27244
-19690
-9916
976
11762
21224
28293
32170
32415
28997
22301
13080
2378
-8595
-18599
-26497
-31393
-32729
-30352
-24528
-15917
-5494
5554
15974
24578
30386
32734
31352
26395
18425
8351
-2679
-13405
-22602
-29217
-32491
-32046
-27932
-20616
-10936
0
10939
20625
27944
32055
32482
29173
22507
13249
2462
-8610
-18692
-26622
-31481
-32707
-30156
-24119
-15293
-4696
6446
16845
25296
30817
32766
30916
25477
17079
6695
-4468
-15115
-24006
-30106
-32702
-31489
-26606
-18620
-8460
2689
13528
22788
29387
32552
31909
27532
19930
9991
-1120
-12103
-21669
-28693
-32350
-32208
-28280
-21025
-11295
-234
10856
20671
28052
32127
32412
28871
21921
12379
1372
-9799
-19815
-27487
-31906
-32545
-29328
-22632
-13249
-2291
8940
19113
27016
31708
32629
29666
23169
13911
2992
-8285
-18577
-26654
-31549
-32677
-29899
-23544
-14372
-3477
7836
18214
26411
31442
32702
30037
23764
14635
3744
-7598
-18030
-26293
-31393
-32711
-30086
-23833
-14703
-3796
7571
18026
26305
31405
32707
30050
23753
14577
3632
-7754
-18204
-26446
-31479
-32688
-29925
-23522
-14256
-3253
8148
18560
26712
31608
32650
29706
23135
13736
2656
-8751
-19090
-27095
-31785
-32581
-29385
-22585
-13013
-1842
9557
19786
27585
31994
32468
28947
21861
12081
809
-10564
-20637
-28166
-32219
-32293
-28377
-20951
-10932
440
11762
21629
28819
32437
32033
27653
19840
9561
-1907
-13142
-22745
-29519
-32621
-31661
-26755
-18514
-7961
3586
14689
23960
30239
32740
31148
25658
16955
6128
-5469
-16384
-25247
-30944
-32759
-30461
-24336
-15151
-4058
7546
18204
26572
31595
32638
29565
22763
13087
1756
-9798
-20118
-27896
-32148
-32332
-28424
-20915
-10754
771
12203
22088
29171
32552
31797
27001
18769
8148
-3511
-14727
-24069
-30346
-32754
-30984
-25260
-16309
-5272
6439
17331
26008
31359
32696
29845
23169
13521
2137
-9523
-19964
-27843
-32146
-32318
-28334
-20703
-10405
1234
12717
22564
29503
32637
31559
26407
17841
6968
-4807
-15965
-25058
-30909
-32757
-30361
-24028
-14577
-3233
8533
19194
27364
31977
32433
28669
21173
10917
-762
-12345
-22321
-29387
-32619
-31592
-26438
-17828
-6884
4961
16161
25247
31028
32744
30168
23635
13998
2522
-9287
-19879
-27860
-32179
-32265
-28105
-20242
-9711
2101
13640
23382
30040
32733
31103
25362
16267
5018
-6896
-17901
-26537
-31659
-32585
-29190
-21921
-11741
0
11743
21929
29201
32589
31641
26480
17791
6728
-5233
-16499
-25566
-31222
-32709
-29826
-22955
-13013
-1327
10537
20994
28641
32450
31909
27088
18630
7668
-4324
-15739
-25041
-30976
-32744
-30105
-23411
-13561
-1880
10055
20637
28436
32397
31982
27244
18822
7852
-4182
-15653
-25007
-30974
-32743
-30072
-23319
-13400
-1660
10308
20879
28612
32455
31881
26966
18377
7282
-4807
-16245
-25468
-31216
-32702
-29720
-22675
-12528
-664
11292
21705
29147
32596
31576
26225
17274
5950
-6193
-17489
-26383
-31650
-32564
-28995
-21433
-10917
1105
12978
23064
29968
32737
30984
24950
15465
3839
-8320
-19330
-27666
-32170
-32217
-27796
-19519
-8531
3643
15314
24860
30951
32739
29972
23032
12884
938
-11141
-21669
-29176
-32613
-31498
-25982
-16835
-5332
6918
18204
26944
31912
32410
28366
20343
9465
-2743
-14569
-24351
-30713
-32759
-30198
-23387
-13283
-1306
10856
21492
29100
32604
31507
25962
16748
5166
-7147
-18454
-27152
-32008
-32332
-28076
-19840
-8789
3510
15314
24947
31038
32720
29752
22551
12140
0
-12143
-22559
-29762
-32723
-31017
-24884
-15198
-3339
8998
20053
28242
32393
31908
26854
17952
6476
-5930
-17489
-26541
-31785
-32465
-28481
-20402
-9388
2978
14918
24714
30951
32730
29790
22554
12062
-172
-12385
-22811
-29942
-32746
-30813
-24421
-14492
-2462
9926
20879
28806
32556
31581
26021
16679
4912
-7571
-18956
-27585
-32200
-32127
-27374
-18630
-7167
5342
17076
26318
31719
32485
28504
20353
9222
-3259
-15267
-25041
-31147
-32687
-29434
-21861
-11077
1334
13553
23783
30517
32764
30189
23169
12736
423
-11953
-22570
-29860
-32743
-30792
-24293
-14202
-2009
10483
21426
29201
32652
31267
25247
15482
3419
-9153
-20369
-28563
-32514
-31633
-26047
-16586
-4654
7973
19415
27967
32350
31910
26709
17520
5712
-6950
-18577
-27428
-32179
-32116
-27244
-18292
-6597
6088
17864
26962
32015
32263
27666
18910
7310
-5391
-17284
-26579
-31872
-32366
-27983
-19380
-7852
4862
16845
26287
31760
32433
28203
19707
8226
-4501
-16550
-26094
-31684
-32472
-28334
-19895
-8434
4310
16402
26003
31651
32486
28377
19946
8475
-4288
-16402
-26016
-31662
-32478
-28334
-19861
-8351
4437
16550
26133
31717
32445
28203
19638
8060
-4756
-16845
-26351
-31812
-32386
-27983
-19276
-7602
5243
17284
26666
31941
32293
27666
18769
6975
-5898
-17864
-27071
-32095
-32157
-27244
-18113
-6176
6719
18577
27557
32265
31968
26709
17302
5205
-7702
-19415
-28111
-32434
-31710
-26047
-16326
-4058
8843
20369
28719
32588
31368
25247
15179
2736
-10137
-21426
-29364
-32705
-30922
-24293
-13853
-1238
11573
22570
30025
32764
30353
23169
12339
-434
-13142
-23783
-30678
-32739
-29638
-21861
-10632
2276
14829
25041
31296
32604
28754
20353
8727
-4282
-16616
-26318
-31849
-32328
-27676
-18630
-6622
6439
18480
27585
32302
31880
26381
16679
4318
-8734
-20396
-28806
-32620
-31227
-24845
-14492
-1820
11144
22329
29942
32763
30335
23047
12062
-859
-13645
-24243
-30951
-32688
-29173
-20967
-9388
3703
16202
26094
31785
32354
27709
18593
6476
-6688
-18775
-27832
-32393
-31718
-25913
-15915
-3339
9779
21317
29402
32723
30737
23764
12933
0
-12935
-23772
-30745
-32720
-29372
-21243
-9654
3510
16105
26077
31798
32332
27590
18342
6096
-7147
-19226
-28162
-32493
-31507
-25362
-15061
-2291
10856
22227
29953
32765
30198
22670
11416
-1716
-14569
-25028
-31370
-32548
-28366
-19509
-7435
5867
18204
27539
32330
31782
25982
15887
3163
-10086
-21669
-29667
-32753
-30413
-23032
-11831
1334
14281
24860
31312
32563
28403
19519
7387
-5976
-18347
-27666
-32377
-31693
-25725
-15465
-2622
10659
22164
29968
32766
30086
22374
10917
-2369
-15261
-25599
-31650
-32396
-27709
-18372
-5950
7473
19643
28516
32596
31195
24546
13765
664
-12550
-23653
-30771
-32702
-29116
-20616
-8634
4807
17440
27128
32230
31881
26137
15968
3092
-10308
-21966
-29901
-32766
-30072
-22272
-10689
2711
15653
25937
31812
32275
27244
17574
4908
-8595
-20637
-29162
-32712
-30681
-23411
-12140
1206
14349
25041
31451
32480
27948
18630
6117
-7445
-19735
-28641
-32634
-31026
-24089
-13013
301
13567
24501
31222
32570
28309
19172
6728
-6876
-19298
-28393
-32589
-31159
-24347
-13326
0
13328
24354
31166
32585
28360
19220
6748
-6896
-19347
-28443
-32604
-31103
-24198
-13087
301
13640
24608
31294
32533
28105
18778
6176
-7504
-19879
-28786
-32669
-30847
-23635
-12290
1206
14493
25247
31583
32389
27520
17828
5008
-8692
-20870
-29387
-32745
-30352
-22624
-10917
2711
15865
26229
31977
32094
26556
16335
3233
-10442
-22277
-30182
-32757
-29546
-21112
-8944
4807
17712
27483
32390
31559
25136
14256
845
-12717
-24026
-31070
-32598
-28334
-19032
-6345
7473
19964
28903
32697
30666
23169
11540
-2148
-15456
-26008
-31918
-32127
-26596
-16309
-3103
10659
22517
30346
32741
29270
20553
8148
-5719
-18563
-28078
-32552
-31179
-24202
-12874
771
14281
25223
31625
32332
27214
17189
4062
-9798
-21894
-30040
-32762
-29565
-21025
-8682
5233
18204
27882
32514
31257
24336
13002
-691
-14262
-25247
-31650
-32307
-27094
-16955
-3732
10171
22227
30239
32747
29289
20494
7961
-6025
-18915
-28356
-32621
-30929
-23586
-11931
1907
15400
26077
31982
32033
26215
15592
2109
-11762
-23479
-30889
-32629
-28377
-18910
-5966
8077
20637
29402
32756
30080
21861
9613
-4409
-17621
-27585
-32459
-31342
-24435
-13013
816
14497
25499
31785
32188
26631
16140
2656
-11322
-23203
-30782
-32650
-28456
-18976
-5969
8148
20755
29503
32763
29925
21514
9095
-5021
-18204
-27995
-32564
-31058
-23753
-12011
1977
15598
26305
32095
31880
25698
14703
952
-12978
-24480
-31393
-32418
-27360
-17165
-3744
10381
22559
30497
32702
28754
19394
6380
-7836
-20580
-29446
-32762
-29899
-21393
-8847
5370
18577
28275
32630
30814
23169
11138
-3003
-16579
-27016
-32334
-31523
-24733
-13249
751
14612
25700
31906
32048
26096
15179
1372
-12698
-24354
-31371
-32412
-27273
-16932
-3359
10856
23003
30758
32638
28280
18514
5205
-9101
-21669
-30089
-32747
-29131
-19930
-6905
7445
20371
29387
32762
29844
21189
8460
-5898
-19125
-28673
-32702
-30433
-22301
-9868
4468
17946
27963
32585
30916
23274
11134
-3159
-16845
-27275
-32428
-31305
-24119
-12260
1977
15833
26622
32247
31615
24845
13249
-923
-14918
-26016
-32055
-31858
-25461
-14105
0
14107
25468
31864
32046
25975
14832
792
-13405
-24986
-31684
-32188
-26395
-15435
-1452
12817
24578
31525
32292
26727
15917
1981
-12345
-24250
-31393
-32366
-26976
-16280
-2378
11993
24006
31293
32415
27148
16527
2644
-11762
-23850
-31230
-32442
-27244
-16660
-2779
11653
23783
31206
32451
27267
16679
2783
-11667
-23806
-31222
-32441
-27217
-16586
-2656
11803
23919
31277
32412
27094
16378
2398
-12062
-24120
-31370
-32361
-26894
-16056
-2009
12441
24407
31496
32285
26615
15616
1488
-12939
-24777
-31650
-32178
-26251
-15055
-836
13553
25223
31826
32033
25797
14372
52
-14280
-25739
-32015
-31841
-25247
-13561
863
15115
26318
32208
31592
24592
12618
-1908
-16052
-26950
-32393
-31276
-23823
-11540
3083
17085
27622
32556
30880
22932
10324
-4384
-18204
-28323
-32682
-30389
-21909
-8965
5807
19399
29038
32755
29790
20744
7461
-7347
-20658
-29748
-32757
-29067
-19428
-5811
8997
21966
30436
32669
28203
17952
4016
-10746
-23305
-31079
-32468
-27184
-16309
-2077
12583
24657
31656
32135
25992
14491
0
-14493
-25999
-32139
-31644
-24613
-12494
2208
16457
27304
32503
30975
23032
10317
-4537
-18454
-28547
-32719
-30103
-21238
-7961
6971
20458
29694
32757
29007
19220
5431
-9491
-22439
-30713
-32587
-27666
-16973
-2736
12073
24364
31568
32177
26060
14492
-108
-14689
-26197
-32222
-31498
-24174
-11781
3083
17304
27896
32634
30520
21996
8847
-6162
-19879
-29416
-32766
-29219
-19519
-5706
9311
22368
30711
32578
27570
16743
2378
-12491
-24723
-31732
-32033
-25558
-13674
1105
15653
26888
32428
31095
23169
10328
-4707
-18745
-28806
-32750
-29736
-20402
-6728
8378
21705
30414
32650
27932
17262
2911
-12062
-24465
-31651
-32083
-25665
-13765
1077
15692
26955
32455
31012
22932
9941
-5180
-19194
-29098
-32765
-29406
-19738
-5832
9326
22486
30817
32526
27244
16102
1495
-13436
-25478
-32035
-31693
-24521
-12062
2999
17416
28078
32680
30226
21243
7668
-7565
-21167
-30192
-32685
-28105
-17438
-2992
12103
24578
31727
31995
25321
13150
-1876
-16499
-27539
-32596
-30567
-21889
-8448
6833
20630
29936
32722
28377
17845
3419
-11753
-24364
-31659
-32040
-25423
-13249
1823
16499
27568
32607
30508
21729
8189
-7147
-20920
-30108
-32693
-28105
-17347
-2779
12401
24860
31856
31850
24838
12360
-2839
-17416
-28160
-32702
-30037
-20749
-6884
8501
22013
30668
32552
27244
15915
1066
-14020
-26008
-32243
-31342
-23500
-10451
4915
19194
29220
32766
29042
18871
4509
-10856
-23813
-31479
-32147
-25665
-13473
1720
16533
27666
32637
30335
21271
7461
-8015
-21705
-30552
-32578
-27327
-15968
-1038
14125
26133
32294
31228
23169
9920
-5554
-19786
-29584
-32748
-28565
-17970
-3339
12043
24723
31849
31816
24627
11897
-3511
-18132
-28673
-32755
-29458
-19519
-5177
10334
23516
31393
32182
25702
13414
-1907
-16800
-27896
-32682
-30072
-20653
-6555
9029
22570
30997
32395
26445
14492
-751
-15827
-27310
-32589
-30461
-21406
-7481
8148
21926
30713
32507
26894
15151
-48
-15238
-26955
-32522
-30664
-21804
-7961
7702
21608
30575
32549
27076
15403
202
-15047
-26852
-32503
-30703
-21861
-8002
7696
21629
30598
32538
27001
15255
0
-15257
-27007
-32541
-30582
-21579
-7602
8129
21989
30779
32468
26664
14703
-655
-15865
-27411
-32621
-30288
-20948
-6758
8997
22672
31098
32318
26047
13736
-1763
-16855
-28038
-32713
-29790
-19946
-5464
10289
23653
31516
32046
25116
12336
-3319
-18204
-28847
-32766
-29042
-18541
-3711
11987
24889
31977
31593
23823
10480
-5316
-19871
-29777
-32711
-27983
-16697
-1495
14059
26318
32404
30885
22114
8148
-7733
-21801
-30745
-32460
-26539
-14372
1180
16457
27860
32699
29832
19930
5325
-10537
-23916
-31650
-31910
-24631
-11530
4298
19113
29409
32747
28334
17210
2009
-13670
-26112
-32365
-30942
-22178
-8148
7817
21929
30833
32412
26285
13907
-1780
-17047
-28259
-32743
-29429
-19103
-4222
11667
24777
31977
31548
23586
9991
-5992
-20546
-30192
-32619
-27244
-15350
219
15739
27492
32660
30001
20149
5464
-10533
-24006
-31719
-31816
-24270
-10892
5106
19879
29873
32681
27625
15917
373
-15261
-27221
-32621
-30156
-20416
-5748
10308
23879
31684
31836
24293
10875
-5173
-19973
-29942
-32665
-27477
-15633
0
15636
27483
32666
29925
19920
5078
-10999
-24407
-31886
-31615
-23656
-9941
6193
20824
30386
32549
26782
14487
-1341
-16845
-28242
-32749
-29262
-18630
-3445
12583
25539
32252
31078
22301
8064
-8148
-22368
-31111
-32231
-25451
-12429
3643
18824
29387
32737
28047
16465
836
-15001
-27152
-32625
-30072
-20115
-5205
10989
24479
31937
31523
23335
9388
-6876
-21447
-30723
-32412
-26092
-13322
2743
18132
29038
32759
28371
16955
1338
-14612
-26944
-32596
-30164
-20247
-5304
10958
24501
31960
31477
23169
9099
-7236
-21774
-30894
-32323
-25702
-12676
3510
18824
29446
32724
27837
16000
166
-15711
-27666
-32707
-29572
-19041
-3744
12491
25602
32304
30916
21780
7184
-9215
-23305
-31551
-31880
-24205
-10451
5930
20824
30486
32483
26311
13518
-2679
-18204
-29147
-32749
-28098
-16364
-502
15488
27574
32702
29574
18976
3583
-12717
-25806
-32371
-30748
-21345
-6538
9926
23879
31785
31636
23467
9346
-7147
-21830
-30974
-32254
-25342
-11991
4409
19692
29968
32623
26976
14462
-1736
-17495
-28798
-32764
-28377
-16752
-852
15267
27492
32699
29554
18857
3339
-13034
-26077
-32450
-30520
-20777
-5712
10817
24578
32042
31291
22515
7961
-8637
-23021
-31496
-31881
-24075
-10079
6509
21426
30833
32307
25463
12062
-4448
-19815
-30076
-32585
-26689
-13907
2465
18204
29244
32732
27762
15616
-569
-16610
-28356
-32765
-28692
-17189
-1231
15047
27428
32699
29490
18630
2932
-13528
-26478
-32552
-30168
-19943
-4530
12062
25519
32337
30737
21133
6022
-10659
-24565
-32068
-31208
-22206
-7407
9326
23628
31760
31593
23169
8686
-8070
-22719
-31423
-31903
-24028
-9858
6896
21846
31070
32147
24790
10926
-5807
-21019
-30711
-32336
-25461
-11891
4807
20244
30356
32478
26047
12755
-3899
-19528
-30012
-32581
-26556
-13521
3083
18877
29687
32654
26991
14192
-2362
-18294
-29387
-32703
-27360
-14769
1736
17784
29119
32734
27666
15255
-1206
-17349
-28887
-32752
-27913
-15652
771
16993
28695
32761
28105
15962
-434
-16717
-28547
-32765
-28244
-16186
193
16523
28443
32766
28334
16326
-48
-16412
-28387
-32766
-28374
-16382
0
0
0
0
0
0
0
0
0
0
0
0
0
0
0
0
0
0
0
0
0
0
0
0
0
0
0
0
0
0
0
0
0
0
0
0
0
0
0
0
0
0
0
0
0
0
0
0
0
0
0
0
0
0
0
0
0
0
0
0
0
0
0
0
0
0
0
0
0
0
0
0
0
0
0
0
0
0
0
0
0
0
0
0
0
0
0
0
0
0
0
0
0
0
0
0
0
0
0
0
0
0
0
0
0
0
0
0
0
0
0
0
0
0
0
0
0
0
0
0
0
0
0
0
0
0
0
0
0
0
0
0
0
0
0
0
0
0
0
0
0
0
0
0
0
0
0
0
0
0
0
0
0
0
0
0
0
0
0
0
0
0
0
0
0
0
0
0
0
0
0
0
0
0
0
0
0
0
0
0
0
0
0
0
0
0
0
0
0
0
0
0
0
0
0
0
0
0
0
0
0
0
0
0
0
0
0
0
0
0
0
0
0
0
0
0
0
0
0
0
0
0
0
0
0
0
0
0
0
0
0
0
0
0
0
0
0
0
0
0
0
0
0
0
0
0
0
0
0
0
0
0
0
0
0
0
0
0
0
0
0
0
0
0
0
0
0
0
0
0
0
0
0
0
0
0
0
0
0
0
0
0
0
0
0
0
0
0
0
0
0
0
0
0
0
0
0
0
0
0
0
0
0
0
0
0
0
0
0
0
0
0
0
0
0
0
0
0
0
0
0
0
0
0
0
0
0
0
0
0
0
0
0
0
0
0
0
0
0
0
0
0
0
0
0
0
0
0
0
0
0
0
0
0
0
0
0
0
0
0
0
0
0
0
0
0
0
0
0
0
0
0
0
0
0
0
0
0
0
0
0
0
0
0
0
0
0
0
0
0
0
0
0
0
0
0
0
0
0
0
0
0
0
0
0
0
0
0
0
0
0
0
0
0
0
0
0
0
0
0
0
0
0
0
0
0
0
0
0
0
0
0
0
0
0
0
0
0
0
0
0
0
0
0
0
0
0
0
0
0
0
0
0
0
0
0
0
0
0
0
0
0
0
0
0
0
0
0
0
0
0
0
0
0
0
0
0
0
0
0
0
0
0
0
0
0
0
0
0
0
0
0
0
0
0
0
0
0
0
0
0
0
0
0
0
0
0
0
0
0
0
0
0
0
0
0
0
0
0
0
0
0
0
0
0
0
0
0
0
0
0
0
0
0
0
0
0
0
0
0
0
0
0
0
0
0
0
0
0
0
0
0
0
0
0
0
0
0
0
0
0
0
0
0
0
0
0
0
0
0
0
0
0
0
0
0
0
0
0
0
0
0
0
0
0
0
0
0
0
0
0
0
0
0
0
0
0
0
0
0
0
0
0
0
0
0
0
0
0
0
0
0
0
0
0
0
0
0
0
0
0
0
0
0
0
0
0
0
0
0
0
0
0
0
0
0
0
0
0
0
0
0
0
0
0
0
0
0
0
0
0
0
0
0
0
0
0
0
0
0
0
0
0
0
0
0
0
0
0
0
0
0
0
0
0
0
0
0
0
0
0
0
0
0
0
0
0
0
0
0
0
0
0
0
0
0
0
0
0
0
0
0
0
0
0
0
0
0
0
0
0
0
0
0
0
0
0
0
0
0
0
0
0
0
0
0
0
0
0
0
0
0
0
0
0
0
0
0
0
0
0
0
0
0
0
0
0
0
0
0
0
0
0
0
0
0
0
0
0
0
0
0
0
0
0
0
0
0
0
0
0
0
0
0
0
0
0
0
0
0
0
0
0
0
0
0
0
0
0
0
0
0
0
0
0
0
0
0
0
0
0
0
0
0
0
0
0
0
0
0
0
0
0
0
0
0
0
0
0
0
0
0
0
0
0
0
0
0
0
0
0
0
0
0
0
0
0
0
0
0
0
0
0
0
0
0
0
0
0
0
0
0
0
0
0
0
0
0
0
0
0
0
0
0
0
0
0
0
0
0
0
0
0
0
0
0
0
0
0
0
0
0
0
0
0
0
0
0
0
0
0
0
0
0
0
0
0
0
0
0
0
0
0
0
0
0
0
0
0
0
0
0
0
0
0
0
0
0
0
0
0
0
0
0
0
0
0
0
0
0
0
0
0
0
0
0
0
0
0
0
0
0
0
0
0
0
0
0
0
0
0
0
0
0
0
0
0
0
0
0
16383
14397
8922
1285
-6660
-12990
-16168
-15428
-10951
-3824
4222
11239
15528
16053
12693
6267
-1665
-9184
-14469
-16249
-14099
-8547
-943
6871
13010
15996
15118
10597
3536
-4356
-11176
-15286
-15705
-12347
-6033
1706
9007
14118
15823
13727
8351
1000
-6557
-12510
-15443
-14673
-10402
-3673
3895
10493
14554
15127
12098
6213
-1109
-8122
-13161
-15047
-13356
-8515
-1696
5473
11296
14409
14101
10473
4409
-2641
-9013
-13214
-14278
-11986
-6906
-255
6394
11490
13856
12967
9066
3090
-3547
-9296
-12830
-13352
-10774
-5725
598
6721
11230
13102
11933
8026
2309
-3882
-9121
-12213
-12472
-9867
-5026
919
6600
10718
12349
11145
7407
2013
-3793
-8687
-11562
-11783
-9321
-4758
851
6227
10150
11742
10657
7161
2062
-3474
-8191
-11025
-11343
-9087
-4781
588
5801
9676
11341
10427
7149
2260
-3125
-7785
-10663
-11110
-9030
-4902
330
5476
9363
11109
10319
7179
2407
-2903
-7539
-10443
-10954
-8958
-4918
237
5325
9179
10917
10145
7047
2342
-2882
-7424
-10239
-10685
-8670
-4668
386
5322
9000
10577
9701
6593
1986
-3039
-7318
-9864
-10103
-8002
-4073
752
5345
8640
9888
8827
5736
1365
-3250
-7033
-9116
-9045
-6877
-3159
1211
5202
7892
8685
7443
4507
606
-3320
-6359
-7826
-7431
-5325
-2061
1559
4678
6587
6889
5582
3043
-77
-3024
-5117
-5913
-5296
-3493
-997
1563
3586
4634
4534
3397
1576
-441
-2164
-3212
-3408
-2797
-1620
-229
1009
1817
2063
1779
1139
382
-255
-617
-665
-473
-195
0
-6
-239
-614
-966
-1103
-883
-269
638
1615
2367
2615
2185
1078
-506
-2202
-3562
-4174
-3778
-2361
-180
2276
4398
5606
5507
4013
1390
-1786
-4754
-6748
-7200
-5894
-3043
733
4550
7458
8684
7836
5017
828
-3758
-7631
-9802
-9663
-7155
-2799
2403
7209
10424
11206
9282
5038
-560
-6186
-10465
-12316
-11222
-7377
-1649
4609
9888
12881
12812
9638
4073
-2574
-8710
-12834
-13915
-11648
-6535
219
6999
12161
14438
13250
8855
2289
-4872
-10902
-14335
-14327
-10866
-4775
2478
9146
13614
14803
12425
7060
7
-7024
-12337
-14655
-13433
-8985
-2407
4698
10611
13914
13834
10426
4550
-2345
-8582
-12662
-13631
-11302
-6291
142
6419
11024
12875
11581
7525
1750
-4301
-9157
-11669
-11289
-8191
-3206
2396
7234
10151
10501
8286
4139
-851
-5430
-8488
-9335
-7855
-4515
-225
3904
6854
7945
6996
4353
773
-2785
-5416
-6499
-5845
-3725
-782
2159
4321
5171
4561
2745
297
-2064
-3677
-4119
-3319
-1564
588
2481
3547
3471
2284
349
-1741
-3342
-3941
-3316
-1603
726
3001
4533
4818
3690
1386
-1506
-4196
-5905
-6083
-4578
-1696
1859
5158
7289
7605
5913
2546
-1694
-5739
-8513
-9223
-7580
-3895
974
5826
9414
10760
9429
5650
289
-5353
-9858
-12048
-11290
-7678
-2029
4303
9754
12934
12987
9817
4132
-2717
-9056
-13301
-14354
-11890
-6448
683
7774
13076
15253
13722
8805
1665
-5971
-12239
-15584
-15156
-11024
-4167
3758
10824
15297
16069
12936
6643
-1282
-8916
-14395
-16383
-14395
-8916
-1282
6643
12936
16069
15297
10824
3758
-4167
-11024
-15156
-15584
-12239
-5971
1665
8805
13722
15253
13076
7774
683
-6448
-11890
-14354
-13301
-9056
-2717
4132
9817
12987
12934
9754
4303
-2029
-7678
-11290
-12048
-9858
-5353
289
5650
9429
10760
9414
5826
974
-3895
-7580
-9223
-8513
-5739
-1694
2546
5913
7605
7289
5158
1859
-1696
-4578
-6083
-5905
-4196
-1506
1386
3690
4818
4533
3001
726
-1603
-3316
-3941
-3342
-1741
349
2284
3471
3547
2481
588
-1564
-3319
-4119
-3677
-2064
297
2745
4561
5171
4321
2159
-782
-3725
-5845
-6499
-5416
-2785
773
4353
6996
7945
6854
3904
-225
-4515
-7855
-9335
-8488
-5430
-851
4139
8286
10501
10151
7234
2396
-3206
-8191
-11289
-11669
-9157
-4301
1750
7525
11581
12875
11024
6419
142
-6291
-11302
-13631
-12662
-8582
-2345
4550
10426
13834
13914
10611
4698
-2407
-8985
-13433
-14655
-12337
-7024
7
7060
12425
14803
13614
9146
2478
-4775
-10866
-14327
-14335
-10902
-4872
2289
8855
13250
14438
12161
6999
219
-6535
-11648
-13915
-12834
-8710
-2574
4073
9638
12812
12881
9888
4609
-1649
-7377
-11222
-12316
-10465
-6186
-560
5038
9282
11206
10424
7209
2403
-2799
-7155
-9663
-9802
-7631
-3758
828
5017
7836
8684
7458
4550
733
-3043
-5894
-7200
-6748
-4754
-1786
1390
4013
5507
5606
4398
2276
-180
-2361
-3778
-4174
-3562
-2202
-506
1078
2185
2615
2367
1615
638
-269
-883
-1103
-966
-614
-239
-6
0
-195
-473
-665
-617
-255
382
1139
1779
2063
1817
1009
-229
-1620
-2797
-3408
-3212
-2164
-441
1576
3397
4534
4634
3586
1563
-997
-3493
-5296
-5913
-5117
-3024
-77
3043
5582
6889
6587
4678
1559
-2061
-5325
-7431
-7826
-6359
-3320
606
4507
7443
8685
7892
5202
1211
-3159
-6877
-9045
-9116
-7033
-3250
1365
5736
8827
9888
8640
5345
752
-4073
-8002
-10103
-9864
-7318
-3039
1986
6593
9701
10577
9000
5322
386
-4668
-8670
-10685
-10239
-7424
-2882
2342
7047
10145
10917
9179
5325
237
-4918
-8958
-10954
-10443
-7539
-2903
2407
7179
10319
11109
9363
5476
330
-4902
-9030
-11110
-10663
-7785
-3125
2260
7149
10427
11341
9676
5801
588
-4781
-9087
-11343
-11025
-8191
-3474
2062
7161
10657
11742
10150
6227
851
-4758
-9321
-11783
-11562
-8687
-3793
2013
7407
11145
12349
10718
6600
919
-5026
-9867
-12472
-12213
-9121
-3882
2309
8026
11933
13102
11230
6721
598
-5725
-10774
-13352
-12830
-9296
-3547
3090
9066
12967
13856
11490
6394
-255
-6906
-11986
-14278
-13214
-9013
-2641
4409
10473
14101
14409
11296
5473
-1696
-8515
-13356
-15047
-13161
-8122
-1109
6213
12098
15127
14554
10493
3895
-3673
-10402
-14673
-15443
-12510
-6557
1000
8351
13727
15823
14118
9007
1706
-6033
-12347
-15705
-15286
-11176
-4356
3536
10597
15118
15996
13010
6871
-943
-8547
-14099
-16249
-14469
-9184
-1665
6267
12693
16053
15528
11239
4222
-3824
-10951
-15428
-16168
-12990
-6660
1285
8922
14397
0
0
0
0
0
0
0
0
0
0
0
0
0
0
0
0
0
0
0
0
0
0
0
0
0
0
0
0
0
0
0
0
0
0
0
0
0
0
0
0
0
0
0
0
0
0
0
0
0
0
0
0
0
0
0
0
0
0
0
0
0
0
0
0
0
0
0
-16383
-14319
-8649
-803
7241
13456
16276
14995
9939
2388
-5752
-12429
-15962
-15468
-11079
-3909
4225
11273
15460
15738
12049
5334
-2702
-10028
-14798
-15817
-12842
-6637
1218
8733
14012
15728
13463
7805
199
-7424
-13136
-15500
-13930
-8842
-1536
6126
12204
15164
14267
9757
2791
-4856
-11241
-14750
-14502
-10573
-3972
3615
10261
14281
14660
11314
5100
-2394
-9264
-13766
-14761
-12003
-6199
1173
8239
13206
14814
12659
7291
73
-7162
-12582
-14813
-13288
-8395
-1372
6004
11869
14737
13882
9518
2743
-4733
-11027
-14552
-14416
-10650
-4198
3320
10018
14213
14850
11766
5730
-1749
-8803
-13668
-15129
-12819
-7313
19
7354
12868
15191
13749
8899
1847
-5661
-11769
-14971
-14479
-10423
-3807
3734
10346
14408
14931
11799
5792
-1610
-8594
-13458
-15027
-12935
-7713
-646
6537
12097
14698
13734
9464
2946
-4229
-10330
-13900
-14106
-10933
-5178
1753
8194
12611
13979
12010
7218
778
-5760
-10848
-13306
-12595
-8935
-3234
3132
8662
12075
12613
10206
5471
-443
-6143
-10313
-12020
-10927
-7346
-2156
3415
8086
10812
11020
8724
4507
-629
-5504
-9028
-10447
-9497
-6453
-2047
2708
6753
9214
9591
7856
4441
132
-4112
-7375
-8975
-8604
-6386
-2835
1265
5031
7666
8630
7742
5215
1602
-2324
-5734
-7911
-8401
-7104
-4296
-567
3297
6480
8300
8359
6625
3447
-515
-4422
-7432
-8879
-8418
-6111
-2422
1872
5844
8612
9535
8364
5306
994
-3638
-7565
-9885
-10035
-7926
-3976
964
5801
9430
10994
10087
6857
1988
-3439
-8191
-11161
-11624
-9422
-5007
644
6250
10511
12416
11480
7871
2383
-3740
-9085
-12397
-12875
-10369
-5422
841
6980
11561
13498
12312
8251
2235
-4347
-9965
-13300
-13558
-10660
-5266
1376
7724
12294
14013
12474
8030
1713
-5003
-10554
-13647
-13562
-10325
-4698
2002
8213
12491
13849
11988
7359
1055
-5447
-10638
-13325
-12906
-9508
-3947
2464
8235
12040
13023
10995
6464
512
-5469
-10104
-12348
-11725
-8430
-3264
2552
7677
10951
11666
9712
5593
294
-4953
-8959
-10846
-10239
-7339
-2859
2147
6542
9354
9997
8391
4960
524
-3899
-7329
-9036
-8698
-6455
-2863
1243
4951
7461
8269
7256
4704
1217
-2421
-5425
-7172
-7333
-5925
-3300
-53
3111
5529
6716
6461
4857
2276
-719
-3500
-5494
-6306
-5792
-4082
-1549
1272
3799
5511
6062
5346
3517
957
-1799
-4179
-5684
-5993
-5035
-3003
-318
2456
4728
6007
6004
4703
2367
-510
-3313
-5426
-6375
-5933
-4176
-1473
1590
4338
6153
6615
5602
3321
269
-2873
-5399
-6727
-6545
-4878
-2092
1187
4216
6299
6955
6025
3715
551
-2742
-5409
-6834
-6688
-5007
-2180
1136
4174
6234
6843
5871
3555
442
-2738
-5249
-6516
-6261
-4565
-1843
1256
4008
5779
6179
5142
2943
119
-2657
-4743
-5673
-5265
-3656
-1258
1344
3540
4835
4963
3942
2059
-209
-2318
-3786
-4305
-3805
-2462
-636
1216
2664
3398
3299
2452
1116
-356
-1610
-2372
-2512
-2064
-1198
-171
752
1366
1566
1370
896
317
-193
-512
-594
-479
-266
-75
0
-75
-266
-479
-594
-512
-193
317
896
1370
1566
1366
752
-171
-1198
-2064
-2512
-2372
-1610
-356
1116
2452
3299
3398
2664
1216
-636
-2462
-3805
-4305
-3786
-2318
-209
2059
3942
4963
4835
3540
1344
-1258
-3656
-5265
-5673
-4743
-2657
119
2943
5142
6179
5779
4008
1256
-1843
-4565
-6261
-6516
-5249
-2738
442
3555
5871
6843
6234
4174
1136
-2180
-5007
-6688
-6834
-5409
-2742
551
3715
6025
6955
6299
4216
1187
-2092
-4878
-6545
-6727
-5399
-2873
269
3321
5602
6615
6153
4338
1590
-1473
-4176
-5933
-6375
-5426
-3313
-510
2367
4703
6004
6007
4728
2456
-318
-3003
-5035
-5993
-5684
-4179
-1799
957
3517
5346
6062
5511
3799
1272
-1549
-4082
-5792
-6306
-5494
-3500
-719
2276
4857
6461
6716
5529
3111
-53
-3300
-5925
-7333
-7172
-5425
-2421
1217
4704
7256
8269
7461
4951
1243
-2863
-6455
-8698
-9036
-7329
-3899
524
4960
8391
9997
9354
6542
2147
-2859
-7339
-10239
-10846
-8959
-4953
294
5593
9712
11666
10951
7677
2552
-3264
-8430
-11725
-12348
-10104
-5469
512
6464
10995
13023
12040
8235
2464
-3947
-9508
-12906
-13325
-10638
-5447
1055
7359
11988
13849
12491
8213
2002
-4698
-10325
-13562
-13647
-10554
-5003
1713
8030
12474
14013
12294
7724
1376
-5266
-10660
-13558
-13300
-9965
-4347
2235
8251
12312
13498
11561
6980
841
-5422
-10369
-12875
-12397
-9085
-3740
2383
7871
11480
12416
10511
6250
644
-5007
-9422
-11624
-11161
-8191
-3439
1988
6857
10087
10994
9430
5801
964
-3976
-7926
-10035
-9885
-7565
-3638
994
5306
8364
9535
8612
5844
1872
-2422
-6111
-8418
-8879
-7432
-4422
-515
3447
6625
8359
8300
6480
3297
-567
-4296
-7104
-8401
-7911
-5734
-2324
1602
5215
7742
8630
7666
5031
1265
-2835
-6386
-8604
-8975
-7375
-4112
132
4441
7856
9591
9214
6753
2708
-2047
-6453
-9497
-10447
-9028
-5504
-629
4507
8724
11020
10812
8086
3415
-2156
-7346
-10927
-12020
-10313
-6143
-443
5471
10206
12613
12075
8662
3132
-3234
-8935
-12595
-13306
-10848
-5760
778
7218
12010
13979
12611
8194
1753
-5178
-10933
-14106
-13900
-10330
-4229
2946
9464
13734
14698
12097
6537
-646
-7713
-12935
-15027
-13458
-8594
-1610
5792
11799
14931
14408
10346
3734
-3807
-10423
-14479
-14971
-11769
-5661
1847
8899
13749
15191
12868
7354
19
-7313
-12819
-15129
-13668
-8803
-1749
5730
11766
14850
14213
10018
3320
-4198
-10650
-14416
-14552
-11027
-4733
2743
9518
13882
14737
11869
6004
-1372
-8395
-13288
-14813
-12582
-7162
73
7291
12659
14814
13206
8239
1173
-6199
-12003
-14761
-13766
-9264
-2394
5100
11314
14660
14281
10261
3615
-3972
-10573
-14502
-14750
-11241
-4856
2791
9757
14267
15164
12204
6126
-1536
-8842
-13930
-15500
-13136
-7424
199
7805
13463
15728
14012
8733
1218
-6637
-12842
-15817
-14798
-10028
-2702
5334
12049
15738
15460
11273
4225
-3909
-11079
-15468
-15962
-12429
-5752
2388
9939
14995
16276
13456
7241
-803
-8649
-14319
0
0
0
0
0
0
0
0
0
0
0
0
0
0
0
0
0
0
0
0
0
0
0
0
0
0
0
0
0
0
0
0
0
0
0
0
0
0
0
0
0
0
0
0
0
0
0
0
0
0
0
0
0
0
0
0
0
0
0
0
0
0
0
0
0
0
0
-16383
-14471
-9184
-1763
6052
12436
15900
15648
11756
5153
-2603
-9700
-14490
-15876
-13570
-8145
-893
6480
12265
15144
14490
10507
4167
-3028
-9406
-13514
-14450
-12061
-6964
-384
6141
11123
13463
12694
9070
3489
-2731
-8168
-11619
-12366
-10327
-6046
-552
4889
9072
11116
10645
7857
3450
-1550
-6035
-9053
-10011
-8788
-5735
-1578
2757
6352
8485
8772
7230
4250
496
-3237
-6199
-7820
-7822
-6252
-3465
-38
3341
6015
7468
7429
5911
3211
-145
-3505
-6203
-7690
-7643
-6030
-3134
492
4129
7018
8525
8273
6242
2787
-1408
-5466
-8490
-9769
-8936
-6081
-1749
3152
7543
10403
11015
9141
5106
-252
-5753
-10131
-12325
-11743
-8416
-3021
3255
8975
12776
13703
11445
6434
-230
-7023
-12343
-14890
-13984
-9750
-3110
4419
11067
15234
15870
12749
6537
-1344
-9048
-14730
-16995
-15244
-9829
-1989
6434
13433
17309
17093
12783
5368
-3408
-11453
-16825
-18208
-15235
-8584
171
8940
15610
18562
17064
11457
3074
-6072
-13778
-18180
-18206
-13845
-6143
3037
11479
17139
18650
15652
8878
-20
-8881
-15557
-18435
-16833
-11160
-2815
6158
13576
17644
17394
12918
5338
-3472
-11354
-16394
-17385
-14126
-7454
962
9045
14818
16893
14805
9115
1265
-6786
-13059
-16030
-15014
-10314
-3143
4692
11247
14919
14840
11087
4646
-2841
-9498
-13682
-14388
-11496
-5784
1275
7896
12428
13767
11628
6603
0
-6493
-11244
-13079
-11579
-7172
-1015
5306
10187
12408
11441
7571
1822
-4319
-9283
-11815
-11294
-7886
-2491
3491
8525
11328
11198
8191
3098
-2761
-7879
-10947
-11185
-8545
-3715
2058
7292
10644
11258
8981
4398
-1314
-6695
-10369
-11393
-9506
-5184
471
6023
10057
11543
10097
6081
507
-5216
-9640
-11642
-10710
-7072
-1637
4230
9054
11620
11280
8111
2903
-3045
-8249
-11408
-11731
-9136
-4266
1669
7197
10946
11988
10068
5662
-136
-5896
-10196
-11983
-10823
-7011
-1493
4371
9145
11664
11324
8225
3140
-2677
-7806
-11003
-11506
-9216
-4713
888
6223
10001
11327
9907
6117
901
-4465
-8689
-10770
-10239
-7263
-2595
2619
7123
9849
10179
8078
4093
-787
-5384
-8608
-9722
-8509
-5308
-926
3571
7116
8896
8534
6174
2426
-1788
-5464
-7753
-8160
-6647
-3629
139
3754
6375
7425
6716
4476
1280
-2092
-4855
-6393
-6399
-4935
-2399
580
3300
5150
5744
5006
3166
696
-1813
-3793
-4822
-4718
-3563
-1673
488
2426
3722
4125
3599
2314
598
-1147
-2542
-3306
-3313
-2611
-1396
40
1381
2349
2767
2585
1879
830
-326
-1349
-2040
-2282
-2053
-1427
-548
396
1221
1770
1949
1739
1194
431
-397
-1127
-1620
-1783
-1587
-1075
-351
438
1136
1598
1730
1502
961
217
-573
-1243
-1649
-1701
-1387
-772
9
788
1393
1689
1611
1178
486
-306
-1022
-1502
-1639
-1406
-862
-135
606
1193
1497
1454
1084
481
-209
-826
-1230
-1339
-1139
-691
-110
462
896
1100
1041
750
312
-160
-555
-787
-819
-661
-373
-35
263
459
519
450
291
99
-68
-172
-198
-159
-88
-25
0
-25
-88
-159
-198
-172
-68
99
291
450
519
459
263
-35
-373
-661
-819
-787
-555
-160
312
750
1041
1100
896
462
-110
-691
-1139
-1339
-1230
-826
-209
481
1084
1454
1497
1193
606
-135
-862
-1406
-1639
-1502
-1022
-306
486
1178
1611
1689
1393
788
9
-772
-1387
-1701
-1649
-1243
-573
217
961
1502
1730
1598
1136
438
-351
-1075
-1587
-1783
-1620
-1127
-397
431
1194
1739
1949
1770
1221
396
-548
-1427
-2053
-2282
-2040
-1349
-326
830
1879
2585
2767
2349
1381
40
-1396
-2611
-3313
-3306
-2542
-1147
598
2314
3599
4125
3722
2426
488
-1673
-3563
-4718
-4822
-3793
-1813
696
3166
5006
5744
5150
3300
580
-2399
-4935
-6399
-6393
-4855
-2092
1280
4476
6716
7425
6375
3754
139
-3629
-6647
-8160
-7753
-5464
-1788
2426
6174
8534
8896
7116
3571
-926
-5308
-8509
-9722
-8608
-5384
-787
4093
8078
10179
9849
7123
2619
-2595
-7263
-10239
-10770
-8689
-4465
901
6117
9907
11327
10001
6223
888
-4713
-9216
-11506
-11003
-7806
-2677
3140
8225
11324
11664
9145
4371
-1493
-7011
-10823
-11983
-10196
-5896
-136
5662
10068
11988
10946
7197
1669
-4266
-9136
-11731
-11408
-8249
-3045
2903
8111
11280
11620
9054
4230
-1637
-7072
-10710
-11642
-9640
-5216
507
6081
10097
11543
10057
6023
471
-5184
-9506
-11393
-10369
-6695
-1314
4398
8981
11258
10644
7292
2058
-3715
-8545
-11185
-10947
-7879
-2761
3098
8191
11198
11328
8525
3491
-2491
-7886
-11294
-11815
-9283
-4319
1822
7571
11441
12408
10187
5306
-1015
-7172
-11579
-13079
-11244
-6493
0
6603
11628
13767
12428
7896
1275
-5784
-11496
-14388
-13682
-9498
-2841
4646
11087
14840
14919
11247
4692
-3143
-10314
-15014
-16030
-13059
-6786
1265
9115
14805
16893
14818
9045
962
-7454
-14126
-17385
-16394
-11354
-3472
5338
12918
17394
17644
13576
6158
-2815
-11160
-16833
-18435
-15557
-8881
-20
8878
15652
18650
17139
11479
3037
-6143
-13845
-18206
-18180
-13778
-6072
3074
11457
17064
18562
15610
8940
171
-8584
-15235
-18208
-16825
-11453
-3408
5368
12783
17093
17309
13433
6434
-1989
-9829
-15244
-16995
-14730
-9048
-1344
6537
12749
15870
15234
11067
4419
-3110
-9750
-13984
-14890
-12343
-7023
-230
6434
11445
13703
12776
8975
3255
-3021
-8416
-11743
-12325
-10131
-5753
-252
5106
9141
11015
10403
7543
3152
-1749
-6081
-8936
-9769
-8490
-5466
-1408
2787
6242
8273
8525
7018
4129
492
-3134
-6030
-7643
-7690
-6203
-3505
-145
3211
5911
7429
7468
6015
3341
-38
-3465
-6252
-7822
-7820
-6199
-3237
496
4250
7230
8772
8485
6352
2757
-1578
-5735
-8788
-10011
-9053
-6035
-1550
3450
7857
10645
11116
9072
4889
-552
-6046
-10327
-12366
-11619
-8168
-2731
3489
9070
12694
13463
11123
6141
-384
-6964
-12061
-14450
-13514
-9406
-3028
4167
10507
14490
15144
12265
6480
-893
-8145
-13570
-15876
-14490
-9700
-2603
5153
11756
15648
15900
12436
6052
-1763
-9184
-14471
0
0
0
0
0
0
0
0
0
0
0
0
0
0
0
0
0
0
0
0
0
0
0
0
0
0
0
0
0
0
0
0
0
0
0
0
0
0
0
0
0
0
0
0
0
0
0
0
0
0
0
0
0
0
0
0
0
0
0
0
0
0
0
0
0
0
0
-24575
-21696
-13737
-2566
9192
18782
23959
23519
17578
7543
-4222
-14958
-22155
-24144
-20484
-12059
-865
10465
19284
23548
22290
15846
5758
-5589
-15542
-21789
-22908
-18688
-10163
637
11176
19005
22332
20438
13824
4085
-6476
-15400
-20638
-21026
-16543
-8299
1742
11228
17975
20465
18193
11764
2731
-6774
-14554
-18846
-18726
-14304
-6680
2330
10630
16328
18171
15814
9888
1825
-6481
-13128
-16632
-16265
-12200
-5448
2386
9495
14278
15705
13533
8346
1396
-5697
-11324
-14249
-13881
-10389
-4644
1997
8015
12071
13305
11518
7192
1369
-4603
-9383
-11933
-11745
-8936
-4208
1330
6421
9940
11149
9841
6379
1591
-3419
-7534
-9863
-9939
-7806
-3997
596
4935
8064
9321
8477
5775
1863
-2359
-5949
-8126
-8443
-6877
-3824
0
3726
6528
7805
7313
5204
1989
-1586
-4714
-6708
-7149
-5979
-3501
-305
2872
5318
6499
6183
4484
1822
-1172
-3810
-5504
-5897
-4938
-2889
-251
2352
4327
5239
4918
3481
1301
-1088
-3126
-4352
-4516
-3623
-1932
125
2047
3387
3855
3387
2144
469
-1209
-2486
-3074
-2874
-1986
-679
691
1773
2313
2210
1542
528
-530
-1341
-1696
-1528
-921
-83
719
1240
1325
954
250
-559
-1211
-1483
-1265
-595
347
1285
1924
2039
1544
528
-760
-1972
-2753
-2841
-2147
-795
901
2508
3583
3796
3024
1398
-714
-2794
-4297
-4795
-4095
-2304
180
2764
4794
5722
5256
3445
681
-2384
-4993
-6470
-6397
-4728
-1817
1655
4847
6951
7408
6047
3149
-616
-4341
-7103
-8191
-7292
-4575
-666
3497
6896
8674
8360
5988
2103
-2367
-6334
-8812
-9169
-7284
-3589
1031
5455
8593
9660
8371
5022
416
-4325
-8039
-9806
-9180
-6304
-1873
3029
7200
9613
9671
7357
3240
-1666
-6153
-9117
-9832
-8127
-4432
332
4987
8382
9686
8592
5386
881
-3797
-7487
-9282
-8757
-6066
-1904
2674
6523
8691
8659
6464
2689
-1696
-5582
-7997
-8357
-6604
-3217
919
4743
7288
7929
6535
3499
-372
-4070
-6647
-7458
-6324
-3571
57
3603
6143
7028
6051
3494
52
-3353
-5823
-6712
-5798
-3341
-7
3305
5709
6564
5642
3193
-123
-3416
-5796
-6615
-5643
-3127
264
3626
6050
6869
5840
3211
-335
-3861
-6419
-7305
-6248
-3490
265
4041
6832
7875
6854
3990
0
-4092
-7211
-8515
-7620
-4708
-495
3951
7478
9149
8488
5616
1228
-3575
-7565
-9697
-9385
-6663
-2181
2945
7418
10084
10231
7781
3313
-2066
-7008
-10250
-10948
-8890
-4561
972
6329
10155
11467
9911
5850
283
-5403
-9780
-11738
-10770
-7099
-1631
4272
9135
11732
11406
8230
2992
-3001
-8252
-11445
-11781
-9176
-4285
1665
7187
10898
11877
9888
5439
-343
-6008
-10137
-11705
-10337
-6396
-887
4794
9223
11299
10522
7116
1963
-3621
-8229
-10710
-10465
-7588
-2838
2560
7233
10009
10210
7821
3486
-1663
-6307
-9268
-9817
-7850
-3909
965
5510
8562
9359
7729
4131
-475
-4884
-7954
-8907
-7524
-4197
179
4448
7493
8529
7305
4167
-39
-4197
-7206
-8279
-7143
-4112
1
4101
7096
8191
7096
4101
1
-4112
-7143
-8279
-7206
-4197
-39
4167
7305
8529
7493
4448
179
-4197
-7524
-8907
-7954
-4884
-475
4131
7729
9359
8562
5510
965
-3909
-7850
-9817
-9268
-6307
-1663
3486
7821
10210
10009
7233
2560
-2838
-7588
-10465
-10710
-8229
-3621
1963
7116
10522
11299
9223
4794
-887
-6396
-10337
-11705
-10137
-6008
-343
5439
9888
11877
10898
7187
1665
-4285
-9176
-11781
-11445
-8252
-3001
2992
8230
11406
11732
9135
4272
-1631
-7099
-10770
-11738
-9780
-5403
283
5850
9911
11467
10155
6329
972
-4561
-8890
-10948
-10250
-7008
-2066
3313
7781
10231
10084
7418
2945
-2181
-6663
-9385
-9697
-7565
-3575
1228
5616
8488
9149
7478
3951
-495
-4708
-7620
-8515
-7211
-4092
0
3990
6854
7875
6832
4041
265
-3490
-6248
-7305
-6419
-3861
-335
3211
5840
6869
6050
3626
264
-3127
-5643
-6615
-5796
-3416
-123
3193
5642
6564
5709
3305
-7
-3341
-5798
-6712
-5823
-3353
52
3494
6051
7028
6143
3603
57
-3571
-6324
-7458
-6647
-4070
-372
3499
6535
7929
7288
4743
919
-3217
-6604
-8357
-7997
-5582
-1696
2689
6464
8659
8691
6523
2674
-1904
-6066
-8757
-9282
-7487
-3797
881
5386
8592
9686
8382
4987
332
-4432
-8127
-9832
-9117
-6153
-1666
3240
7357
9671
9613
7200
3029
-1873
-6304
-9180
-9806
-8039
-4325
416
5022
8371
9660
8593
5455
1031
-3589
-7284
-9169
-8812
-6334
-2367
2103
5988
8360
8674
6896
3497
-666
-4575
-7292
-8191
-7103
-4341
-616
3149
6047
7408
6951
4847
1655
-1817
-4728
-6397
-6470
-4993
-2384
681
3445
5256
5722
4794
2764
180
-2304
-4095
-4795
-4297
-2794
-714
1398
3024
3796
3583
2508
901
-795
-2147
-2841
-2753
-1972
-760
528
1544
2039
1924
1285
347
-595
-1265
-1483
-1211
-559
250
954
1325
1240
719
-83
-921
-1528
-1696
-1341
-530
528
1542
2210
2313
1773
691
-679
-1986
-2874
-3074
-2486
-1209
469
2144
3387
3855
3387
2047
125
-1932
-3623
-4516
-4352
-3126
-1088
1301
3481
4918
5239
4327
2352
-251
-2889
-4938
-5897
-5504
-3810
-1172
1822
4484
6183
6499
5318
2872
-305
-3501
-5979
-7149
-6708
-4714
-1586
1989
5204
7313
7805
6528
3726
0
-3824
-6877
-8443
-8126
-5949
-2359
1863
5775
8477
9321
8064
4935
596
-3997
-7806
-9939
-9863
-7534
-3419
1591
6379
9841
11149
9940
6421
1330
-4208
-8936
-11745
-11933
-9383
-4603
1369
7192
11518
13305
12071
8015
1997
-4644
-10389
-13881
-14249
-11324
-5697
1396
8346
13533
15705
14278
9495
2386
-5448
-12200
-16265
-16632
-13128
-6481
1825
9888
15814
18171
16328
10630
2330
-6680
-14304
-18726
-18846
-14554
-6774
2731
11764
18193
20465
17975
11228
1742
-8299
-16543
-21026
-20638
-15400
-6476
4085
13824
20438
22332
19005
11176
637
-10163
-18688
-22908
-21789
-15542
-5589
5758
15846
22290
23548
19284
10465
-865
-12059
-20484
-24144
-22155
-14958
-4222
7543
17578
23519
23959
18782
9192
-2566
-13737
-21696
0
0
0
0
0
0
0
0
0
0
0
0
0
0
0
0
0
0
0
0
0
0
0
0
0
0
0
0
0
0
0
0
0
0
0
0
0
0
0
0
0
0
0
0
0
0
0
0
0
0
0
0
0
0
0
0
0
0
0
0
0
0
0
0
0
0
0
0
127
447
800
983
831
281
-583
-1547
-2313
-2590
-2189
-1100
482
2191
3570
4197
3805
2378
178
-2297
-4428
-5631
-5512
-3991
-1346
1834
4781
6733
7133
5784
2921
-825
-4569
-7375
-8500
-7585
-4764
-652
3787
7473
9467
9218
6708
2480
-2484
-6992
-9924
-10522
-8578
-4503
757
5950
9809
11367
10203
6551
1256
-4421
-9111
-11664
-11433
-8445
-3392
2521
7876
11373
12157
10023
5474
-402
-6196
-10510
-12306
-11152
-7330
-1762
4206
9142
11867
11738
8808
3799
-2069
-7384
-10879
-11738
-9791
-5541
-37
5384
9431
11163
10209
6852
1942
-3313
-7656
-10075
-10042
-7634
-3492
1348
5714
8583
9326
7841
4565
345
-3780
-6836
-8145
-7478
-5088
-1627
2027
5001
6628
6604
5037
2399
-611
-3255
-4933
-5323
-4441
-2607
-345
1764
3233
3781
3383
2253
763
-671
-1704
-2144
-1986
-1391
-614
79
501
587
407
123
-73
-44
249
719
1180
1408
1225
569
-464
-1634
-2603
-3040
-2719
-1605
113
2047
3701
4594
4400
3052
784
-1900
-4347
-5903
-6097
-4773
-2155
1185
4452
6819
7635
6604
3881
54
-3980
-7230
-8852
-8369
-5811
-1723
2947
7071
9614
9896
7772
3686
-1420
-6328
-9831
-11036
-9590
-5782
-486
5041
9459
11671
11100
7834
2624
-3298
-8507
-11730
-12164
-9671
-4822
1230
7037
11194
12685
11137
6906
1001
-5159
-10094
-12614
-12111
-8707
-3224
3016
8514
11952
12516
10085
5262
-777
-6579
-10756
-12323
-10936
-6960
-1381
4446
9126
11560
11203
8191
3293
-2286
-7203
-10300
-10881
-8870
-4811
275
5151
8663
10018
8963
5827
1427
-3146
-6802
-8709
-8486
-6276
-2691
1356
4886
7087
7508
6146
3424
67
-3090
-5314
-6141
-5474
-3583
-1011
1576
3563
4532
4350
3177
1402
-481
-2005
-2848
-2900
-2267
-1219
-96
795
1265
1281
955
491
104
-53
51
333
615
702
457
-137
-961
-1771
-2281
-2242
-1542
-253
1354
2875
3867
3977
3052
1210
-1167
-3513
-5205
-5736
-4856
-2665
387
3592
6143
7344
6793
4509
951
-3065
-6564
-8639
-8691
-6598
-2767
1936
6390
9478
10377
8766
4938
-254
-5588
-9756
-11693
-10841
-7314
-1886
4175
9408
12508
12654
9727
4356
-2214
-8415
-12727
-14054
-12004
-6999
-190
6806
12298
14920
13984
9649
2905
-4653
-11213
-15168
-15523
-12137
-5775
2064
9509
14756
16510
14307
8635
823
-7264
-13683
-16870
-16027
-11323
-3859
4587
11993
16568
17192
13692
6884
-1612
-9763
-15610
-17736
-15616
-9744
-1515
7101
14040
17630
17003
12301
4644
-4134
-11933
-16880
-17789
-14439
-7633
999
9390
15529
17949
16072
10353
2165
-6528
-13646
-17488
-17142
-12698
-5228
3472
11321
16443
17622
14586
8074
-346
-8657
-14873
-17514
-15963
-10604
-2731
5764
12853
16846
16800
12742
5657
-2751
-10471
-15661
-17091
-14434
-8341
-278
7819
14021
16851
15647
10710
3233
-4989
-11992
-16109
-16364
-12710
-6032
2067
9649
14904
16585
14300
8603
865
-7062
-13286
-16322
-15452
-10891
-3734
4305
11304
15593
16150
12844
6471
-1446
-9014
-14424
-16383
-14424
-9014
-1446
6471
12844
16150
15593
11304
4305
-3734
-10891
-15452
-16322
-13286
-7062
865
8603
14300
16585
14904
9649
2067
-6032
-12710
-16364
-16109
-11992
-4989
3233
10710
15647
16851
14021
7819
-278
-8341
-14434
-17091
-15661
-10471
-2751
5657
12742
16800
16846
12853
5764
-2731
-10604
-15963
-17514
-14873
-8657
-346
8074
14586
17622
16443
11321
3472
-5228
-12698
-17142
-17488
-13646
-6528
2165
10353
16072
17949
15529
9390
999
-7633
-14439
-17789
-16880
-11933
-4134
4644
12301
17003
17630
14040
7101
-1515
-9744
-15616
-17736
-15610
-9763
-1612
6884
13692
17192
16568
11993
4587
-3859
-11323
-16027
-16870
-13683
-7264
823
8635
14307
16510
14756
9509
2064
-5775
-12137
-15523
-15168
-11213
-4653
2905
9649
13984
14920
12298
6806
-190
-6999
-12004
-14054
-12727
-8415
-2214
4356
9727
12654
12508
9408
4175
-1886
-7314
-10841
-11693
-9756
-5588
-254
4938
8766
10377
9478
6390
1936
-2767
-6598
-8691
-8639
-6564
-3065
951
4509
6793
7344
6143
3592
387
-2665
-4856
-5736
-5205
-3513
-1167
1210
3052
3977
3867
2875
1354
-253
-1542
-2242
-2281
-1771
-961
-137
457
702
615
333
51
-53
104
491
955
1281
1265
795
-96
-1219
-2267
-2900
-2848
-2005
-481
1402
3177
4350
4532
3563
1576
-1011
-3583
-5474
-6141
-5314
-3090
67
3424
6146
7508
7087
4886
1356
-2691
-6276
-8486
-8709
-6802
-3146
1427
5827
8963
10018
8663
5151
275
-4811
-8870
-10881
-10300
-7203
-2286
3293
8191
11203
11560
9126
4446
-1381
-6960
-10936
-12323
-10756
-6579
-777
5262
10085
12516
11952
8514
3016
-3224
-8707
-12111
-12614
-10094
-5159
1001
6906
11137
12685
11194
7037
1230
-4822
-9671
-12164
-11730
-8507
-3298
2624
7834
11100
11671
9459
5041
-486
-5782
-9590
-11036
-9831
-6328
-1420
3686
7772
9896
9614
7071
2947
-1723
-5811
-8369
-8852
-7230
-3980
54
3881
6604
7635
6819
4452
1185
-2155
-4773
-6097
-5903
-4347
-1900
784
3052
4400
4594
3701
2047
113
-1605
-2719
-3040
-2603
-1634
-464
569
1225
1408
1180
719
249
-44
-73
123
407
587
501
79
-614
-1391
-1986
-2144
-1704
-671
763
2253
3383
3781
3233
1764
-345
-2607
-4441
-5323
-4933
-3255
-611
2399
5037
6604
6628
5001
2027
-1627
-5088
-7478
-8145
-6836
-3780
345
4565
7841
9326
8583
5714
1348
-3492
-7634
-10042
-10075
-7656
-3313
1942
6852
10209
11163
9431
5384
-37
-5541
-9791
-11738
-10879
-7384
-2069
3799
8808
11738
11867
9142
4206
-1762
-7330
-11152
-12306
-10510
-6196
-402
5474
10023
12157
11373
7876
2521
-3392
-8445
-11433
-11664
-9111
-4421
1256
6551
10203
11367
9809
5950
757
-4503
-8578
-10522
-9924
-6992
-2484
2480
6708
9218
9467
7473
3787
-652
-4764
-7585
-8500
-7375
-4569
-825
2921
5784
7133
6733
4781
1834
-1346
-3991
-5512
-5631
-4428
-2297
178
2378
3805
4197
3570
2191
482
-1100
-2189
-2590
-2313
-1547
-583
281
831
983
800
447
127
0
0
0
0
0
0
0
0
0
0
0
0
0
0
0
0
0
0
0
0
0
0
0
0
0
0
0
0
0
0
0
0
0
0
0
0
0
0
0
0
0
0
0
0
0
0
0
0
0
0
0
0
0
0
0
0
0
0
0
0
0
0
0
0
0
0
0
-8191
-7149
-4286
-323
3736
6866
8265
7569
4938
1022
-3198
-6656
-8467
-8151
-5759
-1865
2568
6432
8739
8882
6783
2928
-1747
-6085
-8991
-9705
-8002
-4253
649
5509
9112
10533
9367
5843
779
-4604
-8983
-11250
-10793
-7660
-2559
3299
8492
11726
12160
9621
4662
-1558
-7546
-11833
-13330
-11609
-7018
-613
6086
11455
14157
13480
9515
3159
-4095
-10508
-14506
-15073
-12007
-5979
1606
8946
14262
16233
14326
8934
1299
-6774
-13349
-16817
-16296
-11851
-4493
4048
11738
16717
17752
14544
7810
-875
-9454
-15867
-18552
-16827
-11059
-2590
6576
14254
18593
18526
14036
6163
-3235
-11924
-17822
-19505
-16548
-9634
-394
8976
16243
19668
18422
12791
4108
-5563
-13922
-18978
-19526
-15436
-7686
1877
10979
17456
19776
17401
10910
1862
-7584
-15187
-19152
-18561
-13583
-5430
3944
12309
17692
18848
15543
8605
-286
-9007
-15500
-18258
-16679
-11196
-3158
5500
12729
16849
16940
13053
6175
-2019
-9578
-14739
-16339
-14080
-8581
-1205
6271
12097
14951
14244
10239
3967
-3042
-9131
-12911
-13575
-11072
-6095
113
6068
10399
12167
11066
7471
2317
-3139
-7629
-10169
-10270
-8035
-4095
558
4829
7769
8795
7794
5123
1491
-2221
-5186
-6801
-6817
-5361
-2875
10
2642
4483
5228
4836
3515
1638
-353
-2060
-3197
-3634
-3392
-2611
-1493
-251
924
1892
2555
2851
2751
2248
1374
209
-1103
-2363
-3327
-3760
-3491
-2471
-810
1210
3186
4661
5238
4683
3006
489
-2353
-4879
-6462
-6647
-5282
-2578
911
4403
7059
8191
7436
4870
1012
-3275
-6981
-9184
-9285
-7168
-3251
1594
6234
9543
10674
9282
5620
502
-4881
-9239
-11492
-11042
-7930
-2845
3031
8300
11677
12312
10002
5252
-831
-6803
-11222
-13002
-11682
-7542
-1550
4868
10171
13073
12855
9551
3937
-2644
-8614
-12533
-13452
-11143
-6160
298
6678
11443
13450
12223
8069
2000
-4514
-9903
-12878
-12740
-9548
-4095
2282
8044
11807
12692
10521
5856
-142
-6013
-10345
-12120
-10956
-7185
-1765
3966
8623
11107
10867
8024
3326
-2047
-6786
-9762
-10307
-8360
-4463
382
4976
8217
9366
8219
5136
934
-3325
-6607
-8156
-7666
-5346
-1841
1941
5066
6801
6794
5134
2317
-901
-3706
-5431
-5712
-4569
-2377
248
2620
4161
4539
3745
2069
10
-1867
-3091
-3393
-2770
-1469
97
1474
2295
2374
1752
668
-517
-1435
-1815
-1567
-794
233
1174
1713
1665
1026
-13
-1136
-1978
-2251
-1826
-782
608
1950
2838
2974
2258
833
-947
-2605
-3668
-3799
-2901
-1155
1015
3049
4391
4644
3684
1703
-822
-3255
-4952
-5436
-4532
-2419
399
3220
5313
6115
5375
3238
209
-2959
-5460
-6637
-6154
-4095
-949
2506
5398
6979
6822
4934
1764
-1903
-5147
-7137
-7350
-5707
-2601
1198
4739
7119
7724
6383
3416
-439
-4213
-6950
-7948
-6942
-4175
-335
3608
6657
8034
7382
4858
1094
-2958
-6272
-8004
-7710
-5458
-1817
2291
5824
7881
7938
5977
2494
-1625
-5334
-7688
-8085
-6423
-3125
969
4818
7440
8166
6810
3718
-321
-4280
-7147
-8191
-7147
-4280
-321
3718
6810
8166
7440
4818
969
-3125
-6423
-8085
-7688
-5334
-1625
2494
5977
7938
7881
5824
2291
-1817
-5458
-7710
-8004
-6272
-2958
1094
4858
7382
8034
6657
3608
-335
-4175
-6942
-7948
-6950
-4213
-439
3416
6383
7724
7119
4739
1198
-2601
-5707
-7350
-7137
-5147
-1903
1764
4934
6822
6979
5398
2506
-949
-4095
-6154
-6637
-5460
-2959
209
3238
5375
6115
5313
3220
399
-2419
-4532
-5436
-4952
-3255
-822
1703
3684
4644
4391
3049
1015
-1155
-2901
-3799
-3668
-2605
-947
833
2258
2974
2838
1950
608
-782
-1826
-2251
-1978
-1136
-13
1026
1665
1713
1174
233
-794
-1567
-1815
-1435
-517
668
1752
2374
2295
1474
97
-1469
-2770
-3393
-3091
-1867
10
2069
3745
4539
4161
2620
248
-2377
-4569
-5712
-5431
-3706
-901
2317
5134
6794
6801
5066
1941
-1841
-5346
-7666
-8156
-6607
-3325
934
5136
8219
9366
8217
4976
382
-4463
-8360
-10307
-9762
-6786
-2047
3326
8024
10867
11107
8623
3966
-1765
-7185
-10956
-12120
-10345
-6013
-142
5856
10521
12692
11807
8044
2282
-4095
-9548
-12740
-12878
-9903
-4514
2000
8069
12223
13450
11443
6678
298
-6160
-11143
-13452
-12533
-8614
-2644
3937
9551
12855
13073
10171
4868
-1550
-7542
-11682
-13002
-11222
-6803
-831
5252
10002
12312
11677
8300
3031
-2845
-7930
-11042
-11492
-9239
-4881
502
5620
9282
10674
9543
6234
1594
-3251
-7168
-9285
-9184
-6981
-3275
1012
4870
7436
8191
7059
4403
911
-2578
-5282
-6647
-6462
-4879
-2353
489
3006
4683
5238
4661
3186
1210
-810
-2471
-3491
-3760
-3327
-2363
-1103
209
1374
2248
2751
2851
2555
1892
924
-251
-1493
-2611
-3392
-3634
-3197
-2060
-353
1638
3515
4836
5228
4483
2642
10
-2875
-5361
-6817
-6801
-5186
-2221
1491
5123
7794
8795
7769
4829
558
-4095
-8035
-10270
-10169
-7629
-3139
2317
7471
11066
12167
10399
6068
113
-6095
-11072
-13575
-12911
-9131
-3042
3967
10239
14244
14951
12097
6271
-1205
-8581
-14080
-16339
-14739
-9578
-2019
6175
13053
16940
16849
12729
5500
-3158
-11196
-16679
-18258
-15500
-9007
-286
8605
15543
18848
17692
12309
3944
-5430
-13583
-18561
-19152
-15187
-7584
1862
10910
17401
19776
17456
10979
1877
-7686
-15436
-19526
-18978
-13922
-5563
4108
12791
18422
19668
16243
8976
-394
-9634
-16548
-19505
-17822
-11924
-3235
6163
14036
18526
18593
14254
6576
-2590
-11059
-16827
-18552
-15867
-9454
-875
7810
14544
17752
16717
11738
4048
-4493
-11851
-16296
-16817
-13349
-6774
1299
8934
14326
16233
14262
8946
1606
-5979
-12007
-15073
-14506
-10508
-4095
3159
9515
13480
14157
11455
6086
-613
-7018
-11609
-13330
-11833
-7546
-1558
4662
9621
12160
11726
8492
3299
-2559
-7660
-10793
-11250
-8983
-4604
779
5843
9367
10533
9112
5509
649
-4253
-8002
-9705
-8991
-6085
-1747
2928
6783
8882
8739
6432
2568
-1865
-5759
-8151
-8467
-6656
-3198
1022
4938
7569
8265
6866
3736
-323
-4286
-7149
0
0
0
0
0
0
0
0
0
0
0
0
0
0
0
0
0
0
0
0
0
0
0
0
0
0
0
0
0
0
0
0
0
0
0
0
0
0
0
0
0
0
0
0
0
0
0
0
0
0
0
0
0
0
0
0
0
0
0
0
0
0
0
0
0
0
0
24575
21644
13556
2245
-9579
-19094
-24035
-23236
-16911
-6593
5237
15752
22455
23775
19438
10523
-809
-11841
-19951
-23243
-20989
-13790
-3417
7623
16705
21701
21490
16203
7178
-3382
-12952
-19285
-20947
-17638
-10245
-604
8960
16192
19442
18044
12447
4081
-5007
-12663
-17127
-17448
-13681
-6841
1364
8967
14209
15952
13920
8734
1733
-5377
-10937
-13723
-13213
-9682
-4095
2149
7576
10977
11680
9680
5598
497
-4389
-7963
-9500
-8800
-6187
-2400
1615
4940
6896
7176
5881
3456
548
-2159
-4114
-4999
-4771
-3637
-1961
-159
1405
2492
3006
2985
2548
1842
996
102
-782
-1607
-2304
-2775
-2893
-2545
-1676
-336
1292
2906
4134
4622
4136
2646
367
-2254
-4629
-6155
-6373
-5100
-2504
900
4354
7020
8191
7475
4918
1022
-3346
-7151
-9437
-9565
-7394
-3339
1701
6547
10010
11194
9722
5851
435
-5263
-9870
-12234
-11714
-8353
-2889
3408
9034
12608
13218
10652
5466
-1133
-7575
-12298
-14129
-12579
-7975
-1389
5612
11339
14392
14006
10239
3974
-3294
-9816
-14010
-14849
-12112
-6445
790
7853
13034
15077
13487
8646
1725
-5599
-11556
-14710
-14305
-10451
-4095
3213
9704
13810
14554
11780
6185
-853
-7619
-12477
-14269
-12593
-7892
-1341
5450
10833
13521
12897
9159
3260
-3335
-9014
-12411
-12737
-9966
-4825
1391
7150
11056
12192
10335
5999
292
-5360
-9579
-11360
-10322
-6782
-1664
3738
8092
10350
10007
7209
2706
-2348
-6692
-9269
-9484
-7343
-3437
1219
5448
8209
8849
7262
3901
-348
-4400
-7242
-8191
-7054
-4166
-297
3553
6413
7582
6800
4307
772
-2887
-5737
-7069
-6570
-4401
-1143
2356
5199
6670
6413
4514
1481
-1900
-4761
-6378
-6349
-4695
-1850
1451
4368
6159
6375
4968
2301
-947
-3954
-5960
-6461
-5332
-2859
336
3455
5716
6554
5759
3527
411
-2818
-5361
-6589
-6198
-4279
-1302
2005
4836
6497
6582
5068
2317
-1004
-4095
-6210
-6838
-5824
-3410
-171
3119
5676
6889
6469
4512
1480
-1911
-4861
-6673
-6920
-5541
-2857
503
3757
6143
7103
6409
4221
1043
-2388
-5278
-6955
-7029
-5475
-2649
801
4084
6441
7325
6526
4219
927
-2597
-5548
-7243
-7284
-5651
-2706
883
4299
6754
7678
6844
4429
971
-2741
-5860
-7660
-7713
-5989
-2865
952
4592
7210
8191
7288
4688
973
-3010
-6341
-8238
-8243
-6332
-2926
1199
5093
7843
8794
7702
4797
738
-3536
-7029
-8910
-8720
-6480
-2695
1760
5845
8590
9335
7885
4560
130
-4365
-7864
-9527
-8944
-6237
-2031
2683
6789
9303
9617
7643
3837
-899
-5441
-8700
-9892
-8721
-5460
-884
3912
7779
9784
9442
6830
2575
-2299
-6617
-9338
-9803
-7902
-4095
692
5301
8614
9830
8658
5390
826
-3918
-7688
-9567
-9106
-6426
-2194
2548
6638
9077
9276
7199
3371
-1257
-5541
-8429
-9217
-7726
-4339
91
4463
7692
8988
8042
5106
925
-3450
-6929
-8649
-8195
-5695
-1790
2532
6186
8259
8240
6148
2522
-1716
-5494
-7862
-8229
-6511
-3153
989
4863
7488
8203
6831
3725
-322
-4282
-7148
-8191
-7148
-4282
-322
3725
6831
8203
7488
4863
989
-3153
-6511
-8229
-7862
-5494
-1716
2522
6148
8240
8259
6186
2532
-1790
-5695
-8195
-8649
-6929
-3450
925
5106
8042
8988
7692
4463
91
-4339
-7726
-9217
-8429
-5541
-1257
3371
7199
9276
9077
6638
2548
-2194
-6426
-9106
-9567
-7688
-3918
826
5390
8658
9830
8614
5301
692
-4095
-7902
-9803
-9338
-6617
-2299
2575
6830
9442
9784
7779
3912
-884
-5460
-8721
-9892
-8700
-5441
-899
3837
7643
9617
9303
6789
2683
-2031
-6237
-8944
-9527
-7864
-4365
130
4560
7885
9335
8590
5845
1760
-2695
-6480
-8720
-8910
-7029
-3536
738
4797
7702
8794
7843
5093
1199
-2926
-6332
-8243
-8238
-6341
-3010
973
4688
7288
8191
7210
4592
952
-2865
-5989
-7713
-7660
-5860
-2741
971
4429
6844
7678
6754
4299
883
-2706
-5651
-7284
-7243
-5548
-2597
927
4219
6526
7325
6441
4084
801
-2649
-5475
-7029
-6955
-5278
-2388
1043
4221
6409
7103
6143
3757
503
-2857
-5541
-6920
-6673
-4861
-1911
1480
4512
6469
6889
5676
3119
-171
-3410
-5824
-6838
-6210
-4095
-1004
2317
5068
6582
6497
4836
2005
-1302
-4279
-6198
-6589
-5361
-2818
411
3527
5759
6554
5716
3455
336
-2859
-5332
-6461
-5960
-3954
-947
2301
4968
6375
6159
4368
1451
-1850
-4695
-6349
-6378
-4761
-1900
1481
4514
6413
6670
5199
2356
-1143
-4401
-6570
-7069
-5737
-2887
772
4307
6800
7582
6413
3553
-297
-4166
-7054
-8191
-7242
-4400
-348
3901
7262
8849
8209
5448
1219
-3437
-7343
-9484
-9269
-6692
-2348
2706
7209
10007
10350
8092
3738
-1664
-6782
-10322
-11360
-9579
-5360
292
5999
10335
12192
11056
7150
1391
-4825
-9966
-12737
-12411
-9014
-3335
3260
9159
12897
13521
10833
5450
-1341
-7892
-12593
-14269
-12477
-7619
-853
6185
11780
14554
13810
9704
3213
-4095
-10451
-14305
-14710
-11556
-5599
1725
8646
13487
15077
13034
7853
790
-6445
-12112
-14849
-14010
-9816
-3294
3974
10239
14006
14392
11339
5612
-1389
-7975
-12579
-14129
-12298
-7575
-1133
5466
10652
13218
12608
9034
3408
-2889
-8353
-11714
-12234
-9870
-5263
435
5851
9722
11194
10010
6547
1701
-3339
-7394
-9565
-9437
-7151
-3346
1022
4918
7475
8191
7020
4354
900
-2504
-5100
-6373
-6155
-4629
-2254
367
2646
4136
4622
4134
2906
1292
-336
-1676
-2545
-2893
-2775
-2304
-1607
-782
102
996
1842
2548
2985
3006
2492
1405
-159
-1961
-3637
-4771
-4999
-4114
-2159
548
3456
5881
7176
6896
4940
1615
-2400
-6187
-8800
-9500
-7963
-4389
497
5598
9680
11680
10977
7576
2149
-4095
-9682
-13213
-13723
-10937
-5377
1733
8734
13920
15952
14209
8967
1364
-6841
-13681
-17448
-17127
-12663
-5007
4081
12447
18044
19442
16192
8960
-604
-10245
-17638
-20947
-19285
-12952
-3382
7178
16203
21490
21701
16705
7623
-3417
-13790
-20989
-23243
-19951
-11841
-809
10523
19438
23775
22455
15752
5237
-6593
-16911
-23236
-24035
-19094
-9579
2245
13556
21644
0
0
0
0
0
0
0
0
0
0
0
0
0
0
0
0
0
0
0
0
0
0
0
0
0
0
0
0
0
0
0
0
0
0
0
0
0
0
0
0
0
0
0
0
0
0
0
0
0
0
0
0
0
0
0
0
0
0
0
0
0
0
0
0
0
0
0
