0
4278
8485
12550
16402
19973
23203
26035
28419
30314
31684
32507
32766
32456
31581
30156
28203
25758
22860
19561
15917
11991
7852
3573
-771
-5106
-9352
-13436
-17284
-20829
-24006
-26759
-29038
-30801
-32015
-32660
-32720
-32196
-31094
-29434
-27244
-24563
-21439
-17925
-14087
-9991
-5712
-1327
3083
7441
11667
15683
19415
22796
25762
28259
30239
31667
32514
32764
32412
31462
29931
27847
25247
22178
18696
14865
10755
6443
2009
-2465
-6896
-11201
-15299
-19113
-22570
-25606
-28162
-30190
-31650
-32514
-32764
-32394
-31411
-29832
-27686
-25012
-21861
-18292
-14372
-10175
-5781
-1274
3259
7733
12062
16161
19951
23359
26318
28771
30668
31973
32659
32711
32127
30919
29107
26727
23823
20452
16679
12577
8226
3711
-879
-5455
-9926
-14204
-18204
-21846
-25058
-27775
-29942
-31516
-32464
-32766
-32415
-31417
-29790
-27567
-24790
-21514
-17805
-13736
-9388
-4849
-209
4437
8997
13377
17489
21248
24578
27411
29687
31359
32393
32765
32468
31507
29899
27676
24884
21579
17828
13707
9301
4700
0
-4703
-9311
-13729
-17864
-21629
-24947
-27746
-29968
-31566
-32503
-32761
-32332
-31225
-29460
-27076
-24119
-20653
-16748
-12488
-7961
-3263
1506
6246
10856
15238
19298
22949
26112
28719
30713
32051
32702
32651
31900
30461
28366
25658
22395
18646
14492
10022
5332
524
-4298
-9029
-13567
-17811
-21669
-25055
-27896
-30127
-31699
-32577
-32739
-32182
-30916
-28967
-26379
-23206
-19519
-15397
-10932
-6222
-1372
3511
8320
12945
17284
21240
24723
27655
29968
31611
32545
32748
32214
30954
28995
26381
23169
19431
15252
10724
5950
1038
-3899
-8751
-13405
-17757
-21705
-25159
-28038
-30277
-31822
-32637
-32702
-32014
-30588
-28456
-25665
-22280
-18377
-14047
-9388
-4509
477
5455
10308
14924
19194
23018
26305
28979
30974
32243
32756
32498
31476
29711
27244
24133
20449
16280
11722
6884
1880
-3170
-8148
-12935
-17416
-21484
-25041
-28000
-30291
-31856
-32659
-32677
-31909
-30373
-28105
-25157
-21600
-17520
-13013
-8189
-3163
1941
7001
11893
16499
20705
24407
27516
29953
31659
32589
32721
32049
30590
28377
25463
21921
17836
13307
8448
3377
-1780
-6896
-11843
-16499
-20746
-24479
-27603
-30040
-31727
-32621
-32699
-31957
-30413
-28105
-25088
-21439
-17247
-12618
-7668
-2522
2689
7836
12787
17416
21605
25247
28248
30530
32035
32723
32574
31592
29801
27244
23987
20112
15718
10917
5832
595
-4660
-9798
-14685
-19194
-23208
-26622
-29345
-31307
-32455
-32757
-32206
-30813
-28614
-25665
-22043
-17841
-13169
-8148
-2911
2405
7661
12717
17440
21705
25397
28419
30689
32146
32750
32483
31352
29385
26633
23169
19084
14487
9500
4255
-1105
-6439
-11603
-16457
-20870
-24723
-27911
-30346
-31961
-32712
-32578
-31559
-29684
-27001
-23582
-19519
-14922
-9916
-4636
771
6162
11386
16301
20770
24671
27896
30354
31977
32719
32558
31498
29565
26813
23317
19172
14492
9407
4058
-1405
-6833
-12073
-16978
-21411
-25247
-28377
-30713
-32188
-32760
-32410
-31148
-29007
-26047
-22351
-18021
-13179
-7961
-2516
3003
8440
13640
18454
22745
26389
29282
31340
32503
32737
32033
30409
27913
24613
20604
16000
10932
5547
0
-5550
-10942
-16021
-20637
-24657
-27963
-30458
-32068
-32745
-32468
-31244
-29107
-26118
-22364
-17952
-13013
-7689
-2137
3479
8997
14252
19090
23367
26955
29748
31662
32640
32650
31691
29790
27003
23411
19119
14256
8965
3403
-2262
-7862
-13230
-18204
-22633
-26385
-29345
-31423
-32556
-32707
-31871
-30072
-27362
-23823
-19561
-14703
-9397
-3803
1908
7565
12994
18030
22517
26318
29316
31419
32559
32702
31841
30001
27238
23635
19302
14372
8996
3339
-2422
-8112
-13553
-18577
-23026
-26761
-29667
-31650
-32648
-32629
-31591
-29565
-26615
-22829
-18327
-13249
-7752
-2009
3799
9491
14886
19815
24120
27666
30338
32052
32751
32412
31044
28690
25423
21345
16586
11295
5642
-193
-6025
-11667
-16938
-21669
-25706
-28920
-31206
-32489
-32726
-31909
-30063
-27244
-23544
-19081
-13998
-8460
-2644
3259
9060
14569
19606
24006
27626
30346
32075
32756
32366
30916
28451
25051
20827
15917
10480
4696
-1244
-7147
-12817
-18065
-22719
-26622
-29644
-31684
-32674
-32578
-31398
-29173
-25975
-21909
-17110
-11737
-5969
0
5972
11747
17130
21941
26016
29217
31436
32596
32657
31615
29504
26395
22390
17625
12260
6476
470
-5554
-11392
-16845
-21726
-25867
-29127
-31393
-32585
-32662
-31619
-29491
-26349
-22301
-17483
-12062
-6222
-166
5898
11762
17222
22088
26191
29387
31566
32648
32597
31411
29131
25835
21636
16679
11138
5205
-912
-7001
-12847
-18244
-23003
-26955
-29960
-31912
-32739
-32412
-30940
-28374
-24803
-20353
-15179
-9465
-3413
2763
8843
14612
19863
24407
28083
30758
32334
32755
32003
30103
27124
23169
18381
12929
7010
836
-5370
-11386
-16993
-21989
-26191
-29446
-31636
-32680
-32538
-31214
-28754
-25247
-20819
-15630
-9868
-3744
2518
8692
14551
19879
24480
28184
30855
32393
32739
31880
29845
26709
22585
17625
12011
5950
-333
-6607
-12639
-18204
-23094
-27128
-30152
-32055
-32763
-32248
-30528
-27666
-23767
-18976
-13473
-7461
-1167
5173
11322
17047
22132
26385
29644
31785
32724
32427
30901
28203
24435
19738
14288
8294
1981
-4409
-10635
-16457
-21654
-26025
-29402
-31656
-32697
-32485
-31027
-28377
-24634
-19943
-14481
-8460
-2109
4324
10594
16457
21686
26077
29459
31699
32710
32451
30929
28203
24378
19601
14056
7961
1552
-4919
-11201
-17047
-22227
-26537
-29806
-31906
-32751
-32307
-30590
-27666
-23648
-18696
-13002
-6791
-309
6187
12441
18204
23246
27366
30398
32222
32762
31995
29951
26709
22398
17189
11289
4935
-1619
-8112
-14281
-19879
-24678
-28486
-31147
-32552
-32643
-31416
-28917
-25247
-20553
-15023
-8882
-2378
4225
10659
16662
21989
26421
29777
31918
32756
32254
30432
27362
23169
18024
12137
5748
-879
-7473
-13762
-19485
-24407
-28323
-31070
-32533
-32650
-31414
-28875
-25136
-20353
-14721
-8475
-1874
4807
11292
17307
22602
26955
30182
32146
32765
32010
29911
26556
22083
16679
10571
4016
-2711
-9326
-15551
-21121
-25799
-29387
-31732
-32732
-32344
-30582
-27520
-23286
-18060
-12062
-5547
1206
7911
14280
20041
24947
28786
31393
32653
32513
30975
28105
24024
18906
12972
6476
-301
-7069
-13534
-19415
-24458
-28443
-31196
-32596
-32580
-31148
-28360
-24336
-19250
-13322
-6811
0
6813
13332
19269
24364
28393
31178
32594
32578
31129
28309
24241
19103
13120
6555
-301
-7147
-13680
-19609
-24671
-28641
-31340
-32648
-32505
-30916
-27948
-23735
-18460
-12360
-5706
1206
8067
14569
20421
25359
29162
31656
32728
32328
30473
27244
22786
17298
11027
4255
-2711
-9557
-15974
-21669
-26383
-29901
-32062
-32766
-31979
-29736
-26137
-21345
-15577
-9095
-2195
4807
11593
17850
23291
27666
30771
32464
32665
31362
28614
24546
19345
13249
6538
-477
-7473
-14125
-20126
-25196
-29098
-31650
-32732
-32292
-30349
-26991
-22374
-16712
-10266
-3339
3746
10659
17076
22694
27251
30530
32377
32702
31489
28793
24740
19519
13375
6597
-494
-7565
-14281
-20323
-25404
-29282
-31772
-32753
-32178
-30072
-26533
-21729
-15887
-9285
-2238
4919
11843
18204
23695
28052
31066
32589
32548
30942
27847
23411
17845
11416
4435
-2763
-9830
-16425
-22227
-26955
-30378
-32330
-32713
-31507
-28769
-24631
-19293
-13013
-6096
1120
8285
15047
21076
26077
29802
32068
32763
31850
29372
25451
20276
14101
7230
0
-7232
-14111
-20295
-25478
-29402
-31872
-32764
-32033
-29711
-25913
-20827
-14703
-7845
-595
6688
13640
19914
25196
29220
31785
32759
32093
29819
26047
20967
14832
7950
664
-6656
-13645
-19948
-25247
-29273
-31822
-32763
-32046
-29706
-25861
-20703
-14492
-7543
-209
7138
14125
20396
25629
29557
31977
32766
31880
29363
25342
20022
13674
6622
-771
-8129
-15071
-21240
-26318
-30042
-32219
-32734
-31559
-28754
-24461
-18901
-12360
-5177
2276
9615
16457
22447
27271
30678
32489
32608
31026
27825
23169
17302
10527
3199
-4298
-11573
-18244
-23960
-28419
-31387
-32705
-32302
-30198
-26501
-21406
-15179
-8148
-684
6817
13962
20369
25700
29668
32064
32757
31710
28975
24698
19103
12488
5205
-2358
-9798
-16717
-22745
-27557
-30894
-32577
-32513
-30703
-27244
-22319
-16192
-9191
-1693
5898
13175
19743
25247
29388
31941
32765
31816
29141
24884
19276
12618
5272
-2362
-9871
-16845
-22903
-27714
-31014
-32621
-32445
-30495
-26875
-21781
-15492
-8351
-749
6896
14165
20658
26016
29942
32220
32721
31417
28377
23767
17841
10926
3403
-4310
-11787
-18613
-24407
-28847
-31684
-32759
-32010
-29476
-25298
-19707
-13013
-5590
2148
9769
16845
22980
27828
31116
32659
32366
30254
26438
21133
14635
7310
-430
-8148
-15409
-21801
-26962
-30598
-32502
-32563
-30778
-27244
-22162
-15818
-8572
-836
6950
14343
20920
26305
30190
32350
32661
31103
27762
22829
16586
9388
1649
-6187
-13670
-20369
-25898
-29936
-32249
-32702
-31267
-28024
-23161
-16955
-9766
-2009
5867
13405
20168
25762
29860
32222
32709
31291
28049
23169
16936
9711
1916
-5992
-13553
-20323
-25904
-29968
-32275
-32687
-31179
-27837
-22855
-16527
-9222
-1372
6562
14111
20829
26318
30252
32397
32623
30916
27374
22206
15718
8294
373
-7571
-15067
-21669
-26980
-30683
-32556
-32483
-30469
-26631
-21197
-14492
-6916
1077
9009
16402
22811
27851
31216
32702
32218
29790
25564
19793
12824
5078
-2978
-10856
-18080
-24210
-28873
-31785
-32766
-31757
-28816
-24119
-17952
-10689
-2772
5316
13083
20053
25799
29968
32304
32662
31017
27469
22233
15630
8064
0
-8067
-15639
-22251
-27492
-31038
-32669
-32282
-29899
-25665
-19840
-12785
-4935
3223
11185
18454
24578
29176
31960
32754
31507
28295
23317
16881
9388
1306
-6859
-14599
-21426
-26913
-30713
-32587
-32415
-30206
-26096
-20343
-13307
-5431
2789
10837
18204
24423
29100
31937
32755
31498
28244
23199
16679
9099
938
-7285
-15047
-21854
-27271
-30951
-32659
-32282
-29844
-25497
-19519
-12290
-4271
4023
12062
19330
25359
29762
32252
32670
30984
27303
21861
15008
7184
-1105
-9326
-16947
-23474
-28484
-31650
-32766
-31757
-28687
-23753
-17274
-9670
-1435
6896
14781
21705
27215
30951
32666
32248
29720
25247
19119
11737
3583
-4807
-12886
-20121
-26035
-30239
-32455
-32534
-30469
-26395
-20578
-13400
-5336
3083
11302
18775
25007
29584
32200
32681
30992
27244
21684
14679
6695
-1736
-10055
-17706
-24178
-29038
-31959
-32744
-31340
-27837
-22468
-15592
-7668
771
9163
16942
23583
28641
31772
32764
31548
28203
22955
16155
8261
-193
-8637
-16499
-23246
-28419
-31667
-32766
-31641
-28366
-23161
-16378
-8479
0
8482
16388
23178
28387
31659
32766
31633
28334
23092
16267
8323
-193
-8699
-16610
-23382
-28547
-31748
-32764
-31521
-28105
-22748
-15818
-7793
771
9287
17161
23850
28887
31923
32744
31292
27666
22114
15023
6884
-1736
-10238
-18030
-24565
-29387
-32158
-32681
-30919
-26991
-21173
-13868
-5590
3083
11543
19194
25499
30012
32414
32534
30361
26047
19895
12336
3903
-4807
-13181
-20625
-26610
-30711
-32637
-32248
-29569
-24790
-18247
-10405
-1820
6896
15124
22277
27843
31423
32760
31757
28483
23169
16196
8060
-655
-9326
-17331
-24094
-29127
-32068
-32703
-30984
-27033
-21133
-13707
-5289
3511
12062
19743
25999
30374
32552
32371
29844
25150
18630
10754
2094
-6719
-15047
-22282
-27896
-31478
-32765
-31661
-28244
-22763
-15616
-7324
1506
10228
18204
24847
29668
32313
32585
30461
26096
19809
12062
3423
-5469
-13962
-21426
-27310
-31178
-32740
-31881
-28661
-23317
-16242
-7961
912
9721
17811
24578
29519
32265
32608
30520
26157
19840
12041
3339
-5613
-14150
-21629
-27492
-31296
-32755
-31758
-28377
-22863
-15630
-7219
1736
10564
18599
25234
29968
32443
32468
30041
25342
18725
10689
1842
-7147
-15598
-22868
-28404
-31785
-32751
-31227
-27327
-21345
-13736
-5078
3969
12717
20496
26712
30887
32702
32014
28875
23522
16364
7950
-1077
-10024
-18204
-24986
-29848
-32414
-32483
-30050
-25298
-18593
-10451
-1499
7571
16058
23305
28750
31969
32711
30916
26720
20449
12587
3744
-5391
-14111
-21734
-27666
-31442
-32766
-31533
-27837
-21964
-14372
-5653
3510
12401
20323
26654
30894
32710
31957
28692
23169
15822
7226
-1941
-10958
-19113
-25762
-30378
-32596
-32237
-29328
-24096
-16955
-8469
691
9799
18132
25028
29936
32465
32412
29778
24772
17791
9388
234
-8940
-17404
-24479
-29598
-32350
-32513
-30072
-25219
-18342
-9991
-836
8388
16942
24135
29387
32275
32563
30226
25451
18620
10283
1113
-8148
-16754
-24006
-29316
-32252
-32574
-30254
-25477
-18630
-10266
-1066
8222
16845
24098
29390
32286
32549
30156
25298
18372
9941
695
-8610
-17213
-24407
-29603
-32371
-32482
-29925
-24908
-17841
-9305
0
9307
17850
24924
29942
32491
32356
29546
24293
17028
8351
-1019
-10308
-18745
-25629
-30386
-32621
-32145
-28995
-23432
-15917
-7073
2362
11603
19879
26497
30903
32728
31816
28241
22301
14491
5464
-4023
-13175
-21224
-27492
-31451
-32766
-31324
-27244
-20868
-12732
-3519
5992
15001
22745
28568
31977
32682
30619
25962
19103
10622
1238
-8253
-17047
-24394
-29668
-32420
-32412
-29643
-24347
-16973
-8148
1373
10781
19269
26112
30723
32705
31886
28334
22351
14449
5304
-4298
-13534
-21608
-27826
-31650
-32749
-31026
-26627
-19930
-11510
-2094
7504
16457
23989
29446
32355
32460
29752
24461
17046
8148
-1459
-10942
-19477
-26318
-30870
-32732
-31742
-27983
-21780
-13674
-4371
5316
14541
22496
28484
31977
32669
30495
25645
18541
9807
209
-9410
-18204
-25397
-30356
-32640
-32046
-28625
-22675
-14721
-5464
4278
13645
21806
28038
31787
32719
30748
26047
19032
10324
695
-8997
-17892
-25196
-30256
-32621
-32077
-28669
-22701
-14703
-5389
4409
13816
21989
28193
31872
32694
30582
25725
18555
9715
0
-9718
-18563
-25739
-30598
-32699
-31850
-28126
-21861
-13619
-4144
5708
15047
23026
28920
32194
32549
29951
24631
17073
7961
-1876
-11547
-20168
-26955
-31287
-32766
-31257
-26894
-20073
-11416
-1713
8148
17267
24807
30076
32589
32113
28690
22632
14492
5018
-4919
-14407
-22570
-28657
-32104
-32591
-30072
-24775
-17189
-8012
1907
11653
20323
27113
31393
32763
31094
26539
19519
10683
852
-9060
-18132
-25519
-30530
-32697
-31816
-27965
-21503
-13031
-3339
6667
16052
23938
29584
32459
32292
29097
23169
15065
5543
-4501
-14125
-22423
-28612
-32108
-32578
-29977
-24546
-16798
-7461
2582
12385
21019
27666
31694
32721
30647
25665
18247
9095
-923
-10856
-19760
-26786
-31264
-32766
-31146
-26556
-19431
-10451
-470
9557
18675
26008
30855
32749
31507
27244
20368
11537
1595
-8501
-17784
-25359
-30497
-32702
-31758
-27754
-21074
-12360
-2451
7696
17103
24860
30215
32648
31922
28105
21563
12929
3039
-7147
-16643
-24525
-30025
-32607
-32016
-28309
-21844
-13249
-3359
6859
16412
24364
29939
32588
32050
28377
21924
13322
3413
-6833
-16412
-24382
-29960
-32596
-32028
-28309
-21804
-13150
-3199
7069
16643
24578
30089
32630
31946
28105
21482
12732
2719
-7565
-17103
-24947
-30318
-32680
-31797
-27754
-20951
-12062
-1970
8320
17784
25478
30633
32732
31565
27244
20200
11134
952
-9326
-18675
-26154
-31014
-32765
-31228
-26556
-19215
-9941
333
10578
19760
26955
31436
32749
30759
25665
17979
8475
-1887
-12062
-21019
-27851
-31864
-32650
-30126
-24546
-16475
-6728
3703
13762
22423
28806
32258
32427
29291
23169
14683
4696
-5772
-15653
-23938
-29777
-32571
-32033
-28214
-21503
-12587
-2378
8077
17706
25519
30711
32748
31416
26850
19519
10175
-219
-10594
-19879
-27113
-31549
-32726
-30520
-25157
-17189
-7439
3083
13289
22119
28657
32222
32441
29289
23092
14492
4381
-6187
-16114
-24364
-30076
-32652
-31820
-27666
-20619
-11416
-1017
9491
19008
26537
31287
32757
30792
25595
17709
7961
-2625
-12939
-21894
-28547
-32194
-32451
-29286
-23032
-14346
-4144
6498
16457
24678
30291
32699
31644
27238
19943
10531
0
-10533
-19951
-27251
-31656
-32694
-30254
-24592
-16309
-6286
4409
14637
23305
29487
32519
32077
28203
21312
12137
1660
-8997
-18692
-26385
-31248
-32757
-30748
-25434
-17383
-7461
3266
13645
22556
29038
32390
32248
28625
21909
12824
2351
-8378
-18204
-26061
-31098
-32765
-30880
-25645
-17625
-7689
3083
13524
22496
29023
32393
32235
28565
21780
12618
2077
-8692
-18516
-26318
-31245
-32755
-30681
-25247
-17046
-6975
3863
14280
23132
29446
32527
32033
28015
20915
11510
836
-9932
-19609
-27125
-31650
-32682
-30103
-24198
-15616
-5304
5596
15880
24407
30232
32705
31550
26894
19250
9465
-1373
-12062
-21411
-28379
-32188
-32412
-29022
-22395
-13267
-2656
8253
18244
26197
31222
32754
30619
25054
16679
6433
-4537
-15001
-23783
-29895
-32648
-31731
-27244
-19690
-9916
976
11762
21224
28293
32170
32415
28997
22301
13080
2378
-8595
-18599
-26497
-31393
-32729
-30352
-24528
-15917
-5494
5554
15974
24578
30386
32734
31352
26395
18425
8351
-2679
-13405
-22602
-29217
-32491
-32046
-27932
-20616
-10936
0
10939
20625
27944
32055
32482
29173
22507
13249
2462
-8610
-18692
-26622
-31481
-32707
-30156
-24119
-15293
-4696
6446
16845
25296
30817
32766
30916
25477
17079
6695
-4468
-15115
-24006
-30106
-32702
-31489
-26606
-18620
-8460
2689
13528
22788
29387
32552
31909
27532
19930
9991
-1120
-12103
-21669
-28693
-32350
-32208
-28280
-21025
-11295
-234
10856
20671
28052
32127
32412
28871
21921
12379
1372
-9799
-19815
-27487
-31906
-32545
-29328
-22632
-13249
-2291
8940
19113
27016
31708
32629
29666
23169
13911
2992
-8285
-18577
-26654
-31549
-32677
-29899
-23544
-14372
-3477
7836
18214
26411
31442
32702
30037
23764
14635
3744
-7598
-18030
-26293
-31393
-32711
-30086
-23833
-14703
-3796
7571
18026
26305
31405
32707
30050
23753
14577
3632
-7754
-18204
-26446
-31479
-32688
-29925
-23522
-14256
-3253
8148
18560
26712
31608
32650
29706
23135
13736
2656
-8751
-19090
-27095
-31785
-32581
-29385
-22585
-13013
-1842
9557
19786
27585
31994
32468
28947
21861
12081
809
-10564
-20637
-28166
-32219
-32293
-28377
-20951
-10932
440
11762
21629
28819
32437
32033
27653
19840
9561
-1907
-13142
-22745
-29519
-32621
-31661
-26755
-18514
-7961
3586
14689
23960
30239
32740
31148
25658
16955
6128
-5469
-16384
-25247
-30944
-32759
-30461
-24336
-15151
-4058
7546
18204
26572
31595
32638
29565
22763
13087
1756
-9798
-20118
-27896
-32148
-32332
-28424
-20915
-10754
771
12203
22088
29171
32552
31797
27001
18769
8148
-3511
-14727
-24069
-30346
-32754
-30984
-25260
-16309
-5272
6439
17331
26008
31359
32696
29845
23169
13521
2137
-9523
-19964
-27843
-32146
-32318
-28334
-20703
-10405
1234
12717
22564
29503
32637
31559
26407
17841
6968
-4807
-15965
-25058
-30909
-32757
-30361
-24028
-14577
-3233
8533
19194
27364
31977
32433
28669
21173
10917
-762
-12345
-22321
-29387
-32619
-31592
-26438
-17828
-6884
4961
16161
25247
31028
32744
30168
23635
13998
2522
-9287
-19879
-27860
-32179
-32265
-28105
-20242
-9711
2101
13640
23382
30040
32733
31103
25362
16267
5018
-6896
-17901
-26537
-31659
-32585
-29190
-21921
-11741
0
11743
21929
29201
32589
31641
26480
17791
6728
-5233
-16499
-25566
-31222
-32709
-29826
-22955
-13013
-1327
10537
20994
28641
32450
31909
27088
18630
7668
-4324
-15739
-25041
-30976
-32744
-30105
-23411
-13561
-1880
10055
20637
28436
32397
31982
27244
18822
7852
-4182
-15653
-25007
-30974
-32743
-30072
-23319
-13400
-1660
10308
20879
28612
32455
31881
26966
18377
7282
-4807
-16245
-25468
-31216
-32702
-29720
-22675
-12528
-664
11292
21705
29147
32596
31576
26225
17274
5950
-6193
-17489
-26383
-31650
-32564
-28995
-21433
-10917
1105
12978
23064
29968
32737
30984
24950
15465
3839
-8320
-19330
-27666
-32170
-32217
-27796
-19519
-8531
3643
15314
24860
30951
32739
29972
23032
12884
938
-11141
-21669
-29176
-32613
-31498
-25982
-16835
-5332
6918
18204
26944
31912
32410
28366
20343
9465
-2743
-14569
-24351
-30713
-32759
-30198
-23387
-13283
-1306
10856
21492
29100
32604
31507
25962
16748
5166
-7147
-18454
-27152
-32008
-32332
-28076
-19840
-8789
3510
15314
24947
31038
32720
29752
22551
12140
0
-12143
-22559
-29762
-32723
-31017
-24884
-15198
-3339
8998
20053
28242
32393
31908
26854
17952
6476
-5930
-17489
-26541
-31785
-32465
-28481
-20402
-9388
2978
14918
24714
30951
32730
29790
22554
12062
-172
-12385
-22811
-29942
-32746
-30813
-24421
-14492
-2462
9926
20879
28806
32556
31581
26021
16679
4912
-7571
-18956
-27585
-32200
-32127
-27374
-18630
-7167
5342
17076
26318
31719
32485
28504
20353
9222
-3259
-15267
-25041
-31147
-32687
-29434
-21861
-11077
1334
13553
23783
30517
32764
30189
23169
12736
423
-11953
-22570
-29860
-32743
-30792
-24293
-14202
-2009
10483
21426
29201
32652
31267
25247
15482
3419
-9153
-20369
-28563
-32514
-31633
-26047
-16586
-4654
7973
19415
27967
32350
31910
26709
17520
5712
-6950
-18577
-27428
-32179
-32116
-27244
-18292
-6597
6088
17864
26962
32015
32263
27666
18910
7310
-5391
-17284
-26579
-31872
-32366
-27983
-19380
-7852
4862
16845
26287
31760
32433
28203
19707
8226
-4501
-16550
-26094
-31684
-32472
-28334
-19895
-8434
4310
16402
26003
31651
32486
28377
19946
8475
-4288
-16402
-26016
-31662
-32478
-28334
-19861
-8351
4437
16550
26133
31717
32445
28203
19638
8060
-4756
-16845
-26351
-31812
-32386
-27983
-19276
-7602
5243
17284
26666
31941
32293
27666
18769
6975
-5898
-17864
-27071
-32095
-32157
-27244
-18113
-6176
6719
18577
27557
32265
31968
26709
17302
5205
-7702
-19415
-28111
-32434
-31710
-26047
-16326
-4058
8843
20369
28719
32588
31368
25247
15179
2736
-10137
-21426
-29364
-32705
-30922
-24293
-13853
-1238
11573
22570
30025
32764
30353
23169
12339
-434
-13142
-23783
-30678
-32739
-29638
-21861
-10632
2276
14829
25041
31296
32604
28754
20353
8727
-4282
-16616
-26318
-31849
-32328
-27676
-18630
-6622
6439
18480
27585
32302
31880
26381
16679
4318
-8734
-20396
-28806
-32620
-31227
-24845
-14492
-1820
11144
22329
29942
32763
30335
23047
12062
-859
-13645
-24243
-30951
-32688
-29173
-20967
-9388
3703
16202
26094
31785
32354
27709
18593
6476
-6688
-18775
-27832
-32393
-31718
-25913
-15915
-3339
9779
21317
29402
32723
30737
23764
12933
0
-12935
-23772
-30745
-32720
-29372
-21243
-9654
3510
16105
26077
31798
32332
27590
18342
6096
-7147
-19226
-28162
-32493
-31507
-25362
-15061
-2291
10856
22227
29953
32765
30198
22670
11416
-1716
-14569
-25028
-31370
-32548
-28366
-19509
-7435
5867
18204
27539
32330
31782
25982
15887
3163
-10086
-21669
-29667
-32753
-30413
-23032
-11831
1334
14281
24860
31312
32563
28403
19519
7387
-5976
-18347
-27666
-32377
-31693
-25725
-15465
-2622
10659
22164
29968
32766
30086
22374
10917
-2369
-15261
-25599
-31650
-32396
-27709
-18372
-5950
7473
19643
28516
32596
31195
24546
13765
664
-12550
-23653
-30771
-32702
-29116
-20616
-8634
4807
17440
27128
32230
31881
26137
15968
3092
-10308
-21966
-29901
-32766
-30072
-22272
-10689
2711
15653
25937
31812
32275
27244
17574
4908
-8595
-20637
-29162
-32712
-30681
-23411
-12140
1206
14349
25041
31451
32480
27948
18630
6117
-7445
-19735
-28641
-32634
-31026
-24089
-13013
301
13567
24501
31222
32570
28309
19172
6728
-6876
-19298
-28393
-32589
-31159
-24347
-13326
0
13328
24354
31166
32585
28360
19220
6748
-6896
-19347
-28443
-32604
-31103
-24198
-13087
301
13640
24608
31294
32533
28105
18778
6176
-7504
-19879
-28786
-32669
-30847
-23635
-12290
1206
14493
25247
31583
32389
27520
17828
5008
-8692
-20870
-29387
-32745
-30352
-22624
-10917
2711
15865
26229
31977
32094
26556
16335
3233
-10442
-22277
-30182
-32757
-29546
-21112
-8944
4807
17712
27483
32390
31559
25136
14256
845
-12717
-24026
-31070
-32598
-28334
-19032
-6345
7473
19964
28903
32697
30666
23169
11540
-2148
-15456
-26008
-31918
-32127
-26596
-16309
-3103
10659
22517
30346
32741
29270
20553
8148
-5719
-18563
-28078
-32552
-31179
-24202
-12874
771
14281
25223
31625
32332
27214
17189
4062
-9798
-21894
-30040
-32762
-29565
-21025
-8682
5233
18204
27882
32514
31257
24336
13002
-691
-14262
-25247
-31650
-32307
-27094
-16955
-3732
10171
22227
30239
32747
29289
20494
7961
-6025
-18915
-28356
-32621
-30929
-23586
-11931
1907
15400
26077
31982
32033
26215
15592
2109
-11762
-23479
-30889
-32629
-28377
-18910
-5966
8077
20637
29402
32756
30080
21861
9613
-4409
-17621
-27585
-32459
-31342
-24435
-13013
816
14497
25499
31785
32188
26631
16140
2656
-11322
-23203
-30782
-32650
-28456
-18976
-5969
8148
20755
29503
32763
29925
21514
9095
-5021
-18204
-27995
-32564
-31058
-23753
-12011
1977
15598
26305
32095
31880
25698
14703
952
-12978
-24480
-31393
-32418
-27360
-17165
-3744
10381
22559
30497
32702
28754
19394
6380
-7836
-20580
-29446
-32762
-29899
-21393
-8847
5370
18577
28275
32630
30814
23169
11138
-3003
-16579
-27016
-32334
-31523
-24733
-13249
751
14612
25700
31906
32048
26096
15179
1372
-12698
-24354
-31371
-32412
-27273
-16932
-3359
10856
23003
30758
32638
28280
18514
5205
-9101
-21669
-30089
-32747
-29131
-19930
-6905
7445
20371
29387
32762
29844
21189
8460
-5898
-19125
-28673
-32702
-30433
-22301
-9868
4468
17946
27963
32585
30916
23274
11134
-3159
-16845
-27275
-32428
-31305
-24119
-12260
1977
15833
26622
32247
31615
24845
13249
-923
-14918
-26016
-32055
-31858
-25461
-14105
0
14107
25468
31864
32046
25975
14832
792
-13405
-24986
-31684
-32188
-26395
-15435
-1452
12817
24578
31525
32292
26727
15917
1981
-12345
-24250
-31393
-32366
-26976
-16280
-2378
11993
24006
31293
32415
27148
16527
2644
-11762
-23850
-31230
-32442
-27244
-16660
-2779
11653
23783
31206
32451
27267
16679
2783
-11667
-23806
-31222
-32441
-27217
-16586
-2656
11803
23919
31277
32412
27094
16378
2398
-12062
-24120
-31370
-32361
-26894
-16056
-2009
12441
24407
31496
32285
26615
15616
1488
-12939
-24777
-31650
-32178
-26251
-15055
-836
13553
25223
31826
32033
25797
14372
52
-14280
-25739
-32015
-31841
-25247
-13561
863
15115
26318
32208
31592
24592
12618
-1908
-16052
-26950
-32393
-31276
-23823
-11540
3083
17085
27622
32556
30880
22932
10324
-4384
-18204
-28323
-32682
-30389
-21909
-8965
5807
19399
29038
32755
29790
20744
7461
-7347
-20658
-29748
-32757
-29067
-19428
-5811
8997
21966
30436
32669
28203
17952
4016
-10746
-23305
-31079
-32468
-27184
-16309
-2077
12583
24657
31656
32135
25992
14491
0
-14493
-25999
-32139
-31644
-24613
-12494
2208
16457
27304
32503
30975
23032
10317
-4537
-18454
-28547
-32719
-30103
-21238
-7961
6971
20458
29694
32757
29007
19220
5431
-9491
-22439
-30713
-32587
-27666
-16973
-2736
12073
24364
31568
32177
26060
14492
-108
-14689
-26197
-32222
-31498
-24174
-11781
3083
17304
27896
32634
30520
21996
8847
-6162
-19879
-29416
-32766
-29219
-19519
-5706
9311
22368
30711
32578
27570
16743
2378
-12491
-24723
-31732
-32033
-25558
-13674
1105
15653
26888
32428
31095
23169
10328
-4707
-18745
-28806
-32750
-29736
-20402
-6728
8378
21705
30414
32650
27932
17262
2911
-12062
-24465
-31651
-32083
-25665
-13765
1077
15692
26955
32455
31012
22932
9941
-5180
-19194
-29098
-32765
-29406
-19738
-5832
9326
22486
30817
32526
27244
16102
1495
-13436
-25478
-32035
-31693
-24521
-12062
2999
17416
28078
32680
30226
21243
7668
-7565
-21167
-30192
-32685
-28105
-17438
-2992
12103
24578
31727
31995
25321
13150
-1876
-16499
-27539
-32596
-30567
-21889
-8448
6833
20630
29936
32722
28377
17845
3419
-11753
-24364
-31659
-32040
-25423
-13249
1823
16499
27568
32607
30508
21729
8189
-7147
-20920
-30108
-32693
-28105
-17347
-2779
12401
24860
31856
31850
24838
12360
-2839
-17416
-28160
-32702
-30037
-20749
-6884
8501
22013
30668
32552
27244
15915
1066
-14020
-26008
-32243
-31342
-23500
-10451
4915
19194
29220
32766
29042
18871
4509
-10856
-23813
-31479
-32147
-25665
-13473
1720
16533
27666
32637
30335
21271
7461
-8015
-21705
-30552
-32578
-27327
-15968
-1038
14125
26133
32294
31228
23169
9920
-5554
-19786
-29584
-32748
-28565
-17970
-3339
12043
24723
31849
31816
24627
11897
-3511
-18132
-28673
-32755
-29458
-19519
-5177
10334
23516
31393
32182
25702
13414
-1907
-16800
-27896
-32682
-30072
-20653
-6555
9029
22570
30997
32395
26445
14492
-751
-15827
-27310
-32589
-30461
-21406
-7481
8148
21926
30713
32507
26894
15151
-48
-15238
-26955
-32522
-30664
-21804
-7961
7702
21608
30575
32549
27076
15403
202
-15047
-26852
-32503
-30703
-21861
-8002
7696
21629
30598
32538
27001
15255
0
-15257
-27007
-32541
-30582
-21579
-7602
8129
21989
30779
32468
26664
14703
-655
-15865
-27411
-32621
-30288
-20948
-6758
8997
22672
31098
32318
26047
13736
-1763
-16855
-28038
-32713
-29790
-19946
-5464
10289
23653
31516
32046
25116
12336
-3319
-18204
-28847
-32766
-29042
-18541
-3711
11987
24889
31977
31593
23823
10480
-5316
-19871
-29777
-32711
-27983
-16697
-1495
14059
26318
32404
30885
22114
8148
-7733
-21801
-30745
-32460
-26539
-14372
1180
16457
27860
32699
29832
19930
5325
-10537
-23916
-31650
-31910
-24631
-11530
4298
19113
29409
32747
28334
17210
2009
-13670
-26112
-32365
-30942
-22178
-8148
7817
21929
30833
32412
26285
13907
-1780
-17047
-28259
-32743
-29429
-19103
-4222
11667
24777
31977
31548
23586
9991
-5992
-20546
-30192
-32619
-27244
-15350
219
15739
27492
32660
30001
20149
5464
-10533
-24006
-31719
-31816
-24270
-10892
5106
19879
29873
32681
27625
15917
373
-15261
-27221
-32621
-30156
-20416
-5748
10308
23879
31684
31836
24293
10875
-5173
-19973
-29942
-32665
-27477
-15633
0
15636
27483
32666
29925
19920
5078
-10999
-24407
-31886
-31615
-23656
-9941
6193
20824
30386
32549
26782
14487
-1341
-16845
-28242
-32749
-29262
-18630
-3445
12583
25539
32252
31078
22301
8064
-8148
-22368
-31111
-32231
-25451
-12429
3643
18824
29387
32737
28047
16465
836
-15001
-27152
-32625
-30072
-20115
-5205
10989
24479
31937
31523
23335
9388
-6876
-21447
-30723
-32412
-26092
-13322
2743
18132
29038
32759
28371
16955
1338
-14612
-26944
-32596
-30164
-20247
-5304
10958
24501
31960
31477
23169
9099
-7236
-21774
-30894
-32323
-25702
-12676
3510
18824
29446
32724
27837
16000
166
-15711
-27666
-32707
-29572
-19041
-3744
12491
25602
32304
30916
21780
7184
-9215
-23305
-31551
-31880
-24205
-10451
5930
20824
30486
32483
26311
13518
-2679
-18204
-29147
-32749
-28098
-16364
-502
15488
27574
32702
29574
18976
3583
-12717
-25806
-32371
-30748
-21345
-6538
9926
23879
31785
31636
23467
9346
-7147
-21830
-30974
-32254
-25342
-11991
4409
19692
29968
32623
26976
14462
-1736
-17495
-28798
-32764
-28377
-16752
-852
15267
27492
32699
29554
18857
3339
-13034
-26077
-32450
-30520
-20777
-5712
10817
24578
32042
31291
22515
7961
-8637
-23021
-31496
-31881
-24075
-10079
6509
21426
30833
32307
25463
12062
-4448
-19815
-30076
-32585
-26689
-13907
2465
18204
29244
32732
27762
15616
-569
-16610
-28356
-32765
-28692
-17189
-1231
15047
27428
32699
29490
18630
2932
-13528
-26478
-32552
-30168
-19943
-4530
12062
25519
32337
30737
21133
6022
-10659
-24565
-32068
-31208
-22206
-7407
9326
23628
31760
31593
23169
8686
-8070
-22719
-31423
-31903
-24028
-9858
6896
21846
31070
32147
24790
10926
-5807
-21019
-30711
-32336
-25461
-11891
4807
20244
30356
32478
26047
12755
-3899
-19528
-30012
-32581
-26556
-13521
3083
18877
29687
32654
26991
14192
-2362
-18294
-29387
-32703
-27360
-14769
1736
17784
29119
32734
27666
15255
-1206
-17349
-28887
-32752
-27913
-15652
771
16993
28695
32761
28105
15962
-434
-16717
-28547
-32765
-28244
-16186
193
16523
28443
32766
28334
16326
-48
-16412
-28387
-32766
-28374
-16382
0
0
0
0
0
0
0
0
0
0
0
0
0
0
0
0
0
0
0
0
0
0
0
0
0
0
0
0
0
0
0
0
0
0
0
0
0
0
0
0
0
0
0
0
0
0
0
0
0
0
0
0
0
0
0
0
0
0
0
0
0
0
0
0
0
0
0
0
0
0
0
0
0
0
0
0
0
0
0
0
0
0
0
0
0
0
0
0
0
0
0
0
0
0
0
0
0
0
0
0
0
0
0
0
0
0
0
0
0
0
0
0
0
0
0
0
0
0
0
0
0
0
0
0
0
0
0
0
0
0
0
0
0
0
0
0
0
0
0
0
0
0
0
0
0
0
0
0
0
0
0
0
0
0
0
0
0
0
0
0
0
0
0
0
0
0
0
0
0
0
0
0
0
0
0
0
0
0
0
0
0
0
0
0
0
0
0
0
0
0
0
0
0
0
0
0
0
0
0
0
0
0
0
0
0
0
0
0
0
0
0
0
0
0
0
0
0
0
0
0
0
0
0
0
0
0
0
0
0
0
0
0
0
0
0
0
0
0
0
0
0
0
0
0
0
0
0
0
0
0
0
0
0
0
0
0
0
0
0
0
0
0
0
0
0
0
0
0
0
0
0
0
0
0
0
0
0
0
0
0
0
0
0
0
0
0
0
0
0
0
0
0
0
0
0
0
0
0
0
0
0
0
0
0
0
0
0
0
0
0
0
0
0
0
0
0
0
0
0
0
0
0
0
0
0
0
0
0
0
0
0
0
0
0
0
0
0
0
0
0
0
0
0
0
0
0
0
0
0
0
0
0
0
0
0
0
0
0
0
0
0
0
0
0
0
0
0
0
0
0
0
0
0
0
0
0
0
0
0
0
0
0
0
0
0
0
0
0
0
0
0
0
0
0
0
0
0
0
0
0
0
0
0
0
0
0
0
0
0
0
0
0
0
0
0
0
0
0
0
0
0
0
0
0
0
0
0
0
0
0
0
0
0
0
0
0
0
0
0
0
0
0
0
0
0
0
0
0
0
0
0
0
0
0
0
0
0
0
0
0
0
0
0
0
0
0
0
0
0
0
0
0
0
0
0
0
0
0
0
0
0
0
0
0
0
0
0
0
0
0
0
0
0
0
0
0
0
0
0
0
0
0
0
0
0
0
0
0
0
0
0
0
0
0
0
0
0
0
0
0
0
0
0
0
0
0
0
0
0
0
0
0
0
0
0
0
0
0
0
0
0
0
0
0
0
0
0
0
0
0
0
0
0
0
0
0
0
0
0
0
0
0
0
0
0
0
0
0
0
0
0
0
0
0
0
0
0
0
0
0
0
0
0
0
0
0
0
0
0
0
0
0
0
0
0
0
0
0
0
0
0
0
0
0
0
0
0
0
0
0
0
0
0
0
0
0
0
0
0
0
0
0
0
0
0
0
0
0
0
0
0
0
0
0
0
0
0
0
0
0
0
0
0
0
0
0
0
0
0
0
0
0
0
0
0
0
0
0
0
0
0
0
0
0
0
0
0
0
0
0
0
0
0
0
0
0
0
0
0
0
0
0
0
0
0
0
0
0
0
0
0
0
0
0
0
0
0
0
0
0
0
0
0
0
0
0
0
0
0
0
0
0
0
0
0
0
0
0
0
0
0
0
0
0
0
0
0
0
0
0
0
0
0
0
0
0
0
0
0
0
0
0
0
0
0
0
0
0
0
0
0
0
0
0
0
0
0
0
0
0
0
0
0
0
0
0
0
0
0
0
0
0
0
0
0
0
0
0
0
0
0
0
0
0
0
0
0
0
0
0
0
0
0
0
0
0
0
0
0
0
0
0
0
0
0
0
0
0
0
0
0
0
0
0
0
0
0
0
0
0
0
0
0
0
0
0
0
0
0
0
0
0
0
0
0
0
0
0
0
0
0
0
0
0
0
0
0
0
0
0
0
0
0
0
0
0
0
0
0
0
0
0
0
0
0
0
0
0
0
0
0
0
0
0
0
0
0
0
0
0
0
0
0
0
0
0
0
0
0
0
0
0
0
0
0
0
0
0
0
0
0
0
0
0
0
0
0
0
0
0
0
0
0
0
0
0
0
0
0
0
0
0
0
0
0
0
0
0
0
0
0
0
0
0
0
0
0
0
0
0
0
0
0
0
0
0
0
0
0
0
0
0
0
0
0
0
0
0
0
0
14043
13620
12378
10393
7786
4717
1373
-2042
-5323
-8270
-10708
-12492
-13519
-13731
-13121
-11734
-9658
-7025
-3997
-761
2487
5554
8259
10445
11988
12806
12859
12155
10749
8733
6236
3414
438
-2514
-5271
-7674
-9589
-10914
-11585
-11574
-10898
-9610
-7797
-5577
-3087
-476
2102
4501
6586
8248
9401
9994
10007
9456
8388
6879
5028
2950
769
-1386
-3397
-5152
-6562
-7558
-8100
-8172
-7790
-6992
-5839
-4413
-2805
-1115
557
2118
3486
4591
5386
5842
5954
5736
5224
4465
3523
2464
1361
280
-716
-1579
-2272
-2773
-3075
-3186
-3128
-2932
-2634
-2275
-1893
-1522
-1189
-909
-689
-524
-400
-294
-180
-32
176
462
834
1290
1813
2375
2936
3446
3852
4100
4139
3929
3446
2683
1654
398
-1026
-2541
-4051
-5454
-6643
-7519
-7996
-8007
-7514
-6514
-5034
-3139
-929
1471
3915
6243
8298
9928
11007
11437
11160
10165
8488
6211
3462
405
-2769
-5858
-8657
-10973
-12643
-13543
-13595
-12779
-11132
-8749
-5774
-2395
1170
4689
7930
10675
12741
13987
14328
13739
12261
9991
7084
3737
175
-3358
-6629
-9418
-11541
-12864
-13308
-12857
-11556
-9510
-6875
-3846
-641
2511
5393
7809
9600
10658
10930
10420
9191
7356
5071
2520
-97
-2584
-4757
-6462
-7588
-8070
-7895
-7103
-5781
-4056
-2081
-29
1928
3632
4947
5773
6053
5778
4985
3753
2198
460
-1304
-2941
-4307
-5283
-5784
-5766
-5228
-4212
-2804
-1119
702
2510
4152
5492
6414
6841
6731
6087
4954
3419
1596
-373
-2340
-4154
-5676
-6793
-7420
-7514
-7071
-6128
-4759
-3072
-1193
735
2574
4192
5478
6350
6759
6693
6176
5265
4047
2625
1115
-367
-1715
-2838
-3669
-4170
-4333
-4177
-3750
-3116
-2354
-1549
-780
-118
386
702
823
765
567
283
-22
-282
-435
-431
-238
152
723
1434
2224
3012
3712
4233
4495
4431
4001
3194
2029
564
-1115
-2898
-4653
-6243
-7530
-8393
-8736
-8496
-7651
-6224
-4284
-1941
658
3343
5927
8224
10061
11293
11813
11561
10532
8774
6391
3532
381
-2849
-5942
-8683
-10883
-12386
-13084
-12925
-11915
-10122
-7665
-4713
-1466
1853
5022
7826
10080
11637
12401
12334
11455
9839
7612
4939
2014
-954
-3764
-6226
-8182
-9514
-10152
-10077
-9322
-7968
-6135
-3975
-1654
651
2780
4586
5956
6812
7120
6890
6168
5040
3616
2023
396
-1134
-2453
-3469
-4117
-4368
-4225
-3723
-2928
-1923
-809
312
1340
2189
2789
3096
3092
2786
2214
1433
516
-454
-1393
-2220
-2865
-3275
-3417
-3283
-2883
-2252
-1440
-511
462
1410
2263
2961
3458
3726
3751
3540
3114
2509
1770
949
100
-726
-1484
-2136
-2655
-3023
-3234
-3292
-3207
-2996
-2677
-2272
-1799
-1278
-724
-149
434
1017
1589
2136
2645
3096
3468
3737
3877
3864
3676
3300
2729
1968
1037
-32
-1195
-2392
-3555
-4613
-5490
-6119
-6440
-6409
-6002
-5219
-4083
-2644
-973
836
2679
4441
6008
7272
8142
8550
8454
7845
6746
5214
3336
1223
-997
-3187
-5209
-6935
-8253
-9080
-9362
-9080
-8253
-6935
-5209
-3187
-997
1223
3336
5214
6746
7845
8454
8550
8142
7272
6008
4441
2679
836
-973
-2644
-4083
-5219
-6002
-6409
-6440
-6119
-5490
-4613
-3555
-2392
-1195
-32
1037
1968
2729
3300
3676
3864
3877
3737
3468
3096
2645
2136
1589
1017
434
-149
-724
-1278
-1799
-2272
-2677
-2996
-3207
-3292
-3234
-3023
-2655
-2136
-1484
-726
100
949
1770
2509
3114
3540
3751
3726
3458
2961
2263
1410
462
-511
-1440
-2252
-2883
-3283
-3417
-3275
-2865
-2220
-1393
-454
516
1433
2214
2786
3092
3096
2789
2189
1340
312
-809
-1923
-2928
-3723
-4225
-4368
-4117
-3469
-2453
-1134
396
2023
3616
5040
6168
6890
7120
6812
5956
4586
2780
651
-1654
-3975
-6135
-7968
-9322
-10077
-10152
-9514
-8182
-6226
-3764
-954
2014
4939
7612
9839
11455
12334
12401
11637
10080
7826
5022
1853
-1466
-4713
-7665
-10122
-11915
-12925
-13084
-12386
-10883
-8683
-5942
-2849
381
3532
6391
8774
10532
11561
11813
11293
10061
8224
5927
3343
658
-1941
-4284
-6224
-7651
-8496
-8736
-8393
-7530
-6243
-4653
-2898
-1115
564
2029
3194
4001
4431
4495
4233
3712
3012
2224
1434
723
152
-238
-431
-435
-282
-22
283
567
765
823
702
386
-118
-780
-1549
-2354
-3116
-3750
-4177
-4333
-4170
-3669
-2838
-1715
-367
1115
2625
4047
5265
6176
6693
6759
6350
5478
4192
2574
735
-1193
-3072
-4759
-6128
-7071
-7514
-7420
-6793
-5676
-4154
-2340
-373
1596
3419
4954
6087
6731
6841
6414
5492
4152
2510
702
-1119
-2804
-4212
-5228
-5766
-5784
-5283
-4307
-2941
-1304
460
2198
3753
4985
5778
6053
5773
4947
3632
1928
-29
-2081
-4056
-5781
-7103
-7895
-8070
-7588
-6462
-4757
-2584
-97
2520
5071
7356
9191
10420
10930
10658
9600
7809
5393
2511
-641
-3846
-6875
-9510
-11556
-12857
-13308
-12864
-11541
-9418
-6629
-3358
175
3737
7084
9991
12261
13739
14328
13987
12741
10675
7930
4689
1170
-2395
-5774
-8749
-11132
-12779
-13595
-13543
-12643
-10973
-8657
-5858
-2769
405
3462
6211
8488
10165
11160
11437
11007
9928
8298
6243
3915
1471
-929
-3139
-5034
-6514
-7514
-8007
-7996
-7519
-6643
-5454
-4051
-2541
-1026
398
1654
2683
3446
3929
4139
4100
3852
3446
2936
2375
1813
1290
834
462
176
-32
-180
-294
-400
-524
-689
-909
-1189
-1522
-1893
-2275
-2634
-2932
-3128
-3186
-3075
-2773
-2272
-1579
-716
280
1361
2464
3523
4465
5224
5736
5954
5842
5386
4591
3486
2118
557
-1115
-2805
-4413
-5839
-6992
-7790
-8172
-8100
-7558
-6562
-5152
-3397
-1386
769
2950
5028
6879
8388
9456
10007
9994
9401
8248
6586
4501
2102
-476
-3087
-5577
-7797
-9610
-10898
-11574
-11585
-10914
-9589
-7674
-5271
-2514
438
3414
6236
8733
10749
12155
12859
12806
11988
10445
8259
5554
2487
-761
-3997
-7025
-9658
-11734
-13121
-13731
-13519
-12492
-10708
-8270
-5323
-2042
1373
4717
7786
10393
12378
13620
0
0
0
0
0
0
0
0
0
0
0
0
0
0
0
0
0
0
0
0
0
0
0
0
0
0
0
0
0
0
0
0
0
0
0
0
0
0
0
0
0
0
0
0
0
0
0
0
0
0
0
0
0
0
0
0
0
0
0
0
0
0
0
0
0
0
0
-14043
-13582
-12231
-10079
-7269
-3989
-454
3099
6438
9342
11621
13128
13765
13496
12342
10386
7763
4649
1255
-2191
-5463
-8344
-10646
-12223
-12977
-12866
-11908
-10175
-7792
-4926
-1774
1448
4527
7258
9463
11004
11787
11772
10974
9461
7346
4784
1955
-944
-3718
-6182
-8176
-9576
-10301
-10319
-9645
-8343
-6517
-4306
-1869
620
2992
5090
6778
7957
8562
8573
8010
6933
5435
3636
1670
-320
-2199
-3845
-5154
-6057
-6511
-6512
-6084
-5284
-4189
-2895
-1503
-116
1170
2276
3142
3729
4025
4039
3802
3361
2774
2104
1414
758
179
-291
-640
-871
-999
-1051
-1061
-1065
-1093
-1171
-1311
-1514
-1764
-2033
-2282
-2466
-2536
-2449
-2169
-1676
-968
-64
994
2146
3315
4411
5339
6007
6335
6263
5753
4801
3436
1720
-250
-2357
-4459
-6406
-8052
-9261
-9920
-9953
-9321
-8033
-6144
-3756
-1009
1922
4847
7566
9885
11632
12670
12907
12303
10874
8697
5899
2655
-827
-4320
-7590
-10415
-12600
-13992
-14491
-14056
-12708
-10532
-7669
-4307
-669
3005
6473
9506
11906
13522
14253
14061
12971
11069
8492
5424
2076
-1323
-4551
-7398
-9687
-11283
-12104
-12123
-11367
-9917
-7898
-5470
-2813
-118
2433
4677
6479
7744
8420
8500
8020
7057
5716
4123
2415
726
-819
-2121
-3106
-3731
-3988
-3903
-3526
-2933
-2208
-1445
-731
-141
267
463
439
213
-169
-650
-1156
-1608
-1932
-2067
-1965
-1606
-992
-152
857
1964
3077
4101
4939
5506
5733
5574
5012
4062
2767
1201
-538
-2340
-4081
-5641
-6905
-7780
-8196
-8113
-7525
-6461
-4980
-3171
-1146
969
3045
4954
6577
7818
8605
8894
8675
7968
6823
5315
3537
1598
-388
-2313
-4072
-5577
-6756
-7560
-7962
-7960
-7569
-6827
-5784
-4502
-3051
-1500
76
1613
3049
4329
5409
6253
6833
7130
7137
6850
6279
5439
4356
3063
1604
32
-1591
-3200
-4720
-6076
-7195
-8008
-8457
-8499
-8108
-7281
-6038
-4425
-2513
-394
1820
4008
6041
7793
9151
10019
10329
10044
9164
7727
5806
3510
973
-1650
-4199
-6511
-8437
-9851
-10661
-10810
-10288
-9127
-7404
-5232
-2756
-140
2440
4817
6834
8363
9308
9619
9289
8356
6900
5037
2909
676
-1499
-3466
-5089
-6264
-6922
-7038
-6628
-5747
-4487
-2965
-1317
317
1804
3026
3889
4337
4349
3940
3166
2111
883
-393
-1594
-2603
-3319
-3671
-3619
-3161
-2333
-1204
126
1539
2905
4095
4991
5499
5554
5127
4233
2923
1285
-559
-2472
-4304
-5905
-7140
-7901
-8111
-7735
-6782
-5304
-3396
-1187
1170
3508
5657
7461
8786
9530
9635
9086
7917
6207
4071
1656
-868
-3331
-5563
-7411
-8754
-9505
-9621
-9102
-7994
-6384
-4390
-2157
158
2398
4414
6077
7286
7976
8120
7730
6856
5577
3999
2243
437
-1292
-2834
-4095
-5006
-5527
-5649
-5392
-4802
-3944
-2900
-1757
-603
478
1418
2164
2682
2958
2999
2829
2485
2015
1469
901
357
-121
-508
-784
-946
-998
-956
-841
-679
-496
-315
-154
-28
56
101
110
94
64
32
8
0
8
32
64
94
110
101
56
-28
-154
-315
-496
-679
-841
-956
-998
-946
-784
-508
-121
357
901
1469
2015
2485
2829
2999
2958
2682
2164
1418
478
-603
-1757
-2900
-3944
-4802
-5392
-5649
-5527
-5006
-4095
-2834
-1292
437
2243
3999
5577
6856
7730
8120
7976
7286
6077
4414
2398
158
-2157
-4390
-6384
-7994
-9102
-9621
-9505
-8754
-7411
-5563
-3331
-868
1656
4071
6207
7917
9086
9635
9530
8786
7461
5657
3508
1170
-1187
-3396
-5304
-6782
-7735
-8111
-7901
-7140
-5905
-4304
-2472
-559
1285
2923
4233
5127
5554
5499
4991
4095
2905
1539
126
-1204
-2333
-3161
-3619
-3671
-3319
-2603
-1594
-393
883
2111
3166
3940
4349
4337
3889
3026
1804
317
-1317
-2965
-4487
-5747
-6628
-7038
-6922
-6264
-5089
-3466
-1499
676
2909
5037
6900
8356
9289
9619
9308
8363
6834
4817
2440
-140
-2756
-5232
-7404
-9127
-10288
-10810
-10661
-9851
-8437
-6511
-4199
-1650
973
3510
5806
7727
9164
10044
10329
10019
9151
7793
6041
4008
1820
-394
-2513
-4425
-6038
-7281
-8108
-8499
-8457
-8008
-7195
-6076
-4720
-3200
-1591
32
1604
3063
4356
5439
6279
6850
7137
7130
6833
6253
5409
4329
3049
1613
76
-1500
-3051
-4502
-5784
-6827
-7569
-7960
-7962
-7560
-6756
-5577
-4072
-2313
-388
1598
3537
5315
6823
7968
8675
8894
8605
7818
6577
4954
3045
969
-1146
-3171
-4980
-6461
-7525
-8113
-8196
-7780
-6905
-5641
-4081
-2340
-538
1201
2767
4062
5012
5574
5733
5506
4939
4101
3077
1964
857
-152
-992
-1606
-1965
-2067
-1932
-1608
-1156
-650
-169
213
439
463
267
-141
-731
-1445
-2208
-2933
-3526
-3903
-3988
-3731
-3106
-2121
-819
726
2415
4123
5716
7057
8020
8500
8420
7744
6479
4677
2433
-118
-2813
-5470
-7898
-9917
-11367
-12123
-12104
-11283
-9687
-7398
-4551
-1323
2076
5424
8492
11069
12971
14061
14253
13522
11906
9506
6473
3005
-669
-4307
-7669
-10532
-12708
-14056
-14491
-13992
-12600
-10415
-7590
-4320
-827
2655
5899
8697
10874
12303
12907
12670
11632
9885
7566
4847
1922
-1009
-3756
-6144
-8033
-9321
-9953
-9920
-9261
-8052
-6406
-4459
-2357
-250
1720
3436
4801
5753
6263
6335
6007
5339
4411
3315
2146
994
-64
-968
-1676
-2169
-2449
-2536
-2466
-2282
-2033
-1764
-1514
-1311
-1171
-1093
-1065
-1061
-1051
-999
-871
-640
-291
179
758
1414
2104
2774
3361
3802
4039
4025
3729
3142
2276
1170
-116
-1503
-2895
-4189
-5284
-6084
-6512
-6511
-6057
-5154
-3845
-2199
-320
1670
3636
5435
6933
8010
8573
8562
7957
6778
5090
2992
620
-1869
-4306
-6517
-8343
-9645
-10319
-10301
-9576
-8176
-6182
-3718
-944
1955
4784
7346
9461
10974
11772
11787
11004
9463
7258
4527
1448
-1774
-4926
-7792
-10175
-11908
-12866
-12977
-12223
-10646
-8344
-5463
-2191
1255
4649
7763
10386
12342
13496
13765
13128
11621
9342
6438
3099
-454
-3989
-7269
-10079
-12231
-13582
0
0
0
0
0
0
0
0
0
0
0
0
0
0
0
0
0
0
0
0
0
0
0
0
0
0
0
0
0
0
0
0
0
0
0
0
0
0
0
0
0
0
0
0
0
0
0
0
0
0
0
0
0
0
0
0
0
0
0
0
0
0
0
0
0
0
0
-14043
-13558
-12137
-9882
-6950
-3549
83
3693
7030
9865
12004
13304
13685
13129
11684
9462
6626
3378
-51
-3427
-6518
-9120
-11065
-12236
-12571
-12068
-10779
-8814
-6321
-3483
-497
2433
5119
7391
9117
10207
10616
10346
9447
8004
6135
3979
1685
-596
-2729
-4592
-6093
-7166
-7779
-7931
-7648
-6980
-5994
-4770
-3390
-1936
-485
898
2160
3261
4173
4881
5377
5661
5738
5613
5294
4789
4105
3255
2251
1115
-124
-1430
-2755
-4043
-5227
-6239
-7008
-7468
-7564
-7256
-6525
-5377
-3847
-1998
79
2273
4454
6481
8215
9527
10309
10481
10000
8867
7127
4868
2219
-657
-3579
-6351
-8784
-10702
-11963
-12464
-12154
-11034
-9166
-6662
-3683
-425
2891
6039
8801
10981
12424
13027
12743
11590
9645
7046
3975
649
-2696
-5823
-8512
-10574
-11867
-12305
-11864
-10586
-8574
-5982
-3009
122
3181
5942
8205
9811
10651
10675
9898
8393
6289
3757
1001
-1763
-4321
-6477
-8072
-8990
-9172
-8617
-7381
-5576
-3354
-901
1581
3894
5851
7298
8123
8266
7722
6540
4822
2712
385
-1967
-4155
-5999
-7351
-8100
-8188
-7607
-6404
-4676
-2562
-231
2130
4334
6205
7593
8388
8526
7997
6840
5147
3049
710
-1687
-3957
-5924
-7436
-8378
-8678
-8315
-7321
-5773
-3794
-1538
821
3103
5132
6756
7853
8345
8198
7429
6103
4328
2242
9
-2198
-4211
-5879
-7076
-7715
-7755
-7196
-6090
-4526
-2628
-547
1557
3522
5198
6459
7213
7404
7022
6101
4714
2968
1000
-1041
-3002
-4733
-6107
-7021
-7409
-7242
-6536
-5343
-3752
-1880
135
2149
4015
5601
6793
7508
7697
7348
6487
5175
3505
1593
-429
-2424
-4258
-5809
-6974
-7680
-7883
-7575
-6780
-5554
-3981
-2164
-224
1716
3535
5120
6376
7229
7635
7576
7063
6135
4856
3309
1592
-190
-1931
-3530
-4896
-5956
-6656
-6964
-6872
-6397
-5575
-4461
-3128
-1656
-131
1359
2734
3921
4861
5510
5843
5852
5548
4961
4134
3119
1981
786
-397
-1508
-2490
-3296
-3893
-4260
-4391
-4295
-3991
-3510
-2891
-2176
-1412
-644
88
752
1318
1771
2102
2312
2410
2411
2333
2199
2027
1837
1641
1448
1260
1074
881
669
426
138
-204
-604
-1060
-1560
-2086
-2608
-3093
-3501
-3792
-3925
-3866
-3591
-3085
-2350
-1405
-283
962
2269
3561
4756
5772
6530
6964
7023
6676
5919
4772
3281
1519
-419
-2428
-4385
-6169
-7665
-8769
-9400
-9503
-9053
-8062
-6574
-4666
-2442
-30
2429
4788
6906
8651
9915
10619
10717
10199
9095
7469
5417
3062
543
-1991
-4393
-6524
-8264
-9519
-10224
-10350
-9902
-8921
-7474
-5659
-3587
-1383
824
2916
4781
6327
7486
8215
8498
8343
7784
6873
5677
4275
2747
1177
-360
-1799
-3082
-4168
-5028
-5645
-6015
-6145
-6047
-5741
-5247
-4590
-3794
-2884
-1884
-820
281
1394
2484
3520
4464
5277
5920
6355
6548
6471
6108
5453
4514
3318
1905
332
-1329
-2999
-4589
-6011
-7178
-8017
-8466
-8486
-8058
-7191
-5919
-4302
-2421
-376
1721
3755
5608
7176
8366
9109
9362
9109
8366
7176
5608
3755
1721
-376
-2421
-4302
-5919
-7191
-8058
-8486
-8466
-8017
-7178
-6011
-4589
-2999
-1329
332
1905
3318
4514
5453
6108
6471
6548
6355
5920
5277
4464
3520
2484
1394
281
-820
-1884
-2884
-3794
-4590
-5247
-5741
-6047
-6145
-6015
-5645
-5028
-4168
-3082
-1799
-360
1177
2747
4275
5677
6873
7784
8343
8498
8215
7486
6327
4781
2916
824
-1383
-3587
-5659
-7474
-8921
-9902
-10350
-10224
-9519
-8264
-6524
-4393
-1991
543
3062
5417
7469
9095
10199
10717
10619
9915
8651
6906
4788
2429
-30
-2442
-4666
-6574
-8062
-9053
-9503
-9400
-8769
-7665
-6169
-4385
-2428
-419
1519
3281
4772
5919
6676
7023
6964
6530
5772
4756
3561
2269
962
-283
-1405
-2350
-3085
-3591
-3866
-3925
-3792
-3501
-3093
-2608
-2086
-1560
-1060
-604
-204
138
426
669
881
1074
1260
1448
1641
1837
2027
2199
2333
2411
2410
2312
2102
1771
1318
752
88
-644
-1412
-2176
-2891
-3510
-3991
-4295
-4391
-4260
-3893
-3296
-2490
-1508
-397
786
1981
3119
4134
4961
5548
5852
5843
5510
4861
3921
2734
1359
-131
-1656
-3128
-4461
-5575
-6397
-6872
-6964
-6656
-5956
-4896
-3530
-1931
-190
1592
3309
4856
6135
7063
7576
7635
7229
6376
5120
3535
1716
-224
-2164
-3981
-5554
-6780
-7575
-7883
-7680
-6974
-5809
-4258
-2424
-429
1593
3505
5175
6487
7348
7697
7508
6793
5601
4015
2149
135
-1880
-3752
-5343
-6536
-7242
-7409
-7021
-6107
-4733
-3002
-1041
1000
2968
4714
6101
7022
7404
7213
6459
5198
3522
1557
-547
-2628
-4526
-6090
-7196
-7755
-7715
-7076
-5879
-4211
-2198
9
2242
4328
6103
7429
8198
8345
7853
6756
5132
3103
821
-1538
-3794
-5773
-7321
-8315
-8678
-8378
-7436
-5924
-3957
-1687
710
3049
5147
6840
7997
8526
8388
7593
6205
4334
2130
-231
-2562
-4676
-6404
-7607
-8188
-8100
-7351
-5999
-4155
-1967
385
2712
4822
6540
7722
8266
8123
7298
5851
3894
1581
-901
-3354
-5576
-7381
-8617
-9172
-8990
-8072
-6477
-4321
-1763
1001
3757
6289
8393
9898
10675
10651
9811
8205
5942
3181
122
-3009
-5982
-8574
-10586
-11864
-12305
-11867
-10574
-8512
-5823
-2696
649
3975
7046
9645
11590
12743
13027
12424
10981
8801
6039
2891
-425
-3683
-6662
-9166
-11034
-12154
-12464
-11963
-10702
-8784
-6351
-3579
-657
2219
4868
7127
8867
10000
10481
10309
9527
8215
6481
4454
2273
79
-1998
-3847
-5377
-6525
-7256
-7564
-7468
-7008
-6239
-5227
-4043
-2755
-1430
-124
1115
2251
3255
4105
4789
5294
5613
5738
5661
5377
4881
4173
3261
2160
898
-485
-1936
-3390
-4770
-5994
-6980
-7648
-7931
-7779
-7166
-6093
-4592
-2729
-596
1685
3979
6135
8004
9447
10346
10616
10207
9117
7391
5119
2433
-497
-3483
-6321
-8814
-10779
-12068
-12571
-12236
-11065
-9120
-6518
-3427
-51
3378
6626
9462
11684
13129
13685
13304
12004
9865
7030
3693
83
-3549
-6950
-9882
-12137
-13558
0
0
0
0
0
0
0
0
0
0
0
0
0
0
0
0
0
0
0
0
0
0
0
0
0
0
0
0
0
0
0
0
0
0
0
0
0
0
0
0
0
0
0
0
0
0
0
0
0
0
0
0
0
0
0
0
0
0
0
0
0
0
0
0
0
0
0
4681
4572
4250
3726
3022
2164
1187
133
-950
-2015
-3008
-3876
-4570
-5046
-5271
-5220
-4884
-4269
-3395
-2302
-1043
314
1697
3022
4210
5182
5873
6230
6223
5840
5096
4027
2694
1174
-439
-2046
-3544
-4835
-5835
-6478
-6719
-6541
-5956
-4999
-3736
-2248
-634
999
2545
3906
4994
5745
6116
6094
5692
4947
3922
2696
1357
0
-1283
-2413
-3322
-3963
-4313
-4369
-4153
-3704
-3076
-2332
-1539
-761
-54
539
990
1290
1444
1473
1410
1295
1170
1073
1035
1076
1199
1393
1634
1881
2089
2208
2188
1991
1590
978
166
-809
-1893
-3011
-4077
-4998
-5683
-6050
-6036
-5602
-4740
-3474
-1862
4
2011
4023
5896
7485
8661
9315
9372
8799
7604
5843
3617
1062
-1654
-4349
-6833
-8925
-10470
-11344
-11472
-10828
-9442
-7398
-4829
-1907
1167
4181
6923
9200
10849
11753
11848
11129
9650
7519
4893
1964
-1055
-3947
-6503
-8542
-9925
-10561
-10419
-9523
-7959
-5858
-3394
-763
1825
4174
6104
7475
8191
8214
7560
6302
4560
2494
286
-1867
-3783
-5294
-6272
-6636
-6356
-5459
-4027
-2189
-108
2027
4022
5691
6875
7452
7351
6557
5117
3130
747
-1841
-4426
-6789
-8724
-10051
-10637
-10402
-9329
-7468
-4931
-1889
1444
4828
8008
10737
12799
14018
14278
13533
11805
9193
5860
2023
-2055
-6098
-9821
-12959
-15287
-16632
-16888
-16025
-14088
-11198
-7542
-3361
1068
5453
9504
12951
15570
17190
17710
17102
15413
12761
9328
5343
1069
-3217
-7244
-10760
-13552
-15460
-16383
-16287
-15203
-13226
-10503
-7224
-3608
112
3708
6965
9700
11770
13079
13580
13282
12238
10546
8334
5758
2984
179
-2497
-4903
-6922
-8467
-9485
-9955
-9886
-9318
-8313
-6949
-5319
-3519
-1646
206
1957
3532
4873
5936
6690
7121
7224
7008
6494
5710
4693
3489
2147
723
-723
-2130
-3437
-4584
-5516
-6185
-6553
-6596
-6302
-5680
-4753
-3565
-2173
-650
919
2448
3846
5027
5917
6458
6611
6363
5724
4731
3445
1946
333
-1290
-2815
-4140
-5176
-5851
-6120
-5966
-5401
-4467
-3231
-1783
-230
1316
2743
3946
4838
5354
5459
5145
4439
3396
2096
641
-858
-2286
-3533
-4502
-5116
-5328
-5120
-4505
-3528
-2263
-804
737
2245
3604
4709
5474
5838
5770
5270
4372
3138
1654
28
-1623
-3183
-4538
-5592
-6267
-6516
-6320
-5693
-4678
-3345
-1787
-110
1571
3144
4506
5567
6263
6553
6426
5898
5012
3834
2446
942
-578
-2020
-3296
-4333
-5078
-5498
-5583
-5345
-4817
-4046
-3094
-2028
-919
167
1170
2041
2743
3255
3569
3690
3636
3430
3104
2690
2219
1721
1218
728
261
-177
-589
-976
-1342
-1692
-2025
-2339
-2623
-2866
-3048
-3149
-3147
-3021
-2753
-2335
-1763
-1046
-205
728
1713
2698
3626
4438
5076
5489
5633
5480
5018
4252
3207
1928
475
-1076
-2641
-4130
-5452
-6524
-7274
-7645
-7603
-7136
-6256
-5002
-3434
-1634
300
2263
4142
5829
7225
8244
8822
8919
8524
7651
6345
4675
2730
619
-1541
-3630
-5530
-7132
-8347
-9104
-9362
-9104
-8347
-7132
-5530
-3630
-1541
619
2730
4675
6345
7651
8524
8919
8822
8244
7225
5829
4142
2263
300
-1634
-3434
-5002
-6256
-7136
-7603
-7645
-7274
-6524
-5452
-4130
-2641
-1076
475
1928
3207
4252
5018
5480
5633
5489
5076
4438
3626
2698
1713
728
-205
-1046
-1763
-2335
-2753
-3021
-3147
-3149
-3048
-2866
-2623
-2339
-2025
-1692
-1342
-976
-589
-177
261
728
1218
1721
2219
2690
3104
3430
3636
3690
3569
3255
2743
2041
1170
167
-919
-2028
-3094
-4046
-4817
-5345
-5583
-5498
-5078
-4333
-3296
-2020
-578
942
2446
3834
5012
5898
6426
6553
6263
5567
4506
3144
1571
-110
-1787
-3345
-4678
-5693
-6320
-6516
-6267
-5592
-4538
-3183
-1623
28
1654
3138
4372
5270
5770
5838
5474
4709
3604
2245
737
-804
-2263
-3528
-4505
-5120
-5328
-5116
-4502
-3533
-2286
-858
641
2096
3396
4439
5145
5459
5354
4838
3946
2743
1316
-230
-1783
-3231
-4467
-5401
-5966
-6120
-5851
-5176
-4140
-2815
-1290
333
1946
3445
4731
5724
6363
6611
6458
5917
5027
3846
2448
919
-650
-2173
-3565
-4753
-5680
-6302
-6596
-6553
-6185
-5516
-4584
-3437
-2130
-723
723
2147
3489
4693
5710
6494
7008
7224
7121
6690
5936
4873
3532
1957
206
-1646
-3519
-5319
-6949
-8313
-9318
-9886
-9955
-9485
-8467
-6922
-4903
-2497
179
2984
5758
8334
10546
12238
13282
13580
13079
11770
9700
6965
3708
112
-3608
-7224
-10503
-13226
-15203
-16287
-16383
-15460
-13552
-10760
-7244
-3217
1069
5343
9328
12761
15413
17102
17710
17190
15570
12951
9504
5453
1068
-3361
-7542
-11198
-14088
-16025
-16888
-16632
-15287
-12959
-9821
-6098
-2055
2023
5860
9193
11805
13533
14278
14018
12799
10737
8008
4828
1444
-1889
-4931
-7468
-9329
-10402
-10637
-10051
-8724
-6789
-4426
-1841
747
3130
5117
6557
7351
7452
6875
5691
4022
2027
-108
-2189
-4027
-5459
-6356
-6636
-6272
-5294
-3783
-1867
286
2494
4560
6302
7560
8214
8191
7475
6104
4174
1825
-763
-3394
-5858
-7959
-9523
-10419
-10561
-9925
-8542
-6503
-3947
-1055
1964
4893
7519
9650
11129
11848
11753
10849
9200
6923
4181
1167
-1907
-4829
-7398
-9442
-10828
-11472
-11344
-10470
-8925
-6833
-4349
-1654
1062
3617
5843
7604
8799
9372
9315
8661
7485
5896
4023
2011
4
-1862
-3474
-4740
-5602
-6036
-6050
-5683
-4998
-4077
-3011
-1893
-809
166
978
1590
1991
2188
2208
2089
1881
1634
1393
1199
1076
1035
1073
1170
1295
1410
1473
1444
1290
990
539
-54
-761
-1539
-2332
-3076
-3704
-4153
-4369
-4313
-3963
-3322
-2413
-1283
0
1357
2696
3922
4947
5692
6094
6116
5745
4994
3906
2545
999
-634
-2248
-3736
-4999
-5956
-6541
-6719
-6478
-5835
-4835
-3544
-2046
-439
1174
2694
4027
5096
5840
6223
6230
5873
5182
4210
3022
1697
314
-1043
-2302
-3395
-4269
-4884
-5220
-5271
-5046
-4570
-3876
-3008
-2015
-950
133
1187
2164
3022
3726
4250
4572
0
0
0
0
0
0
0
0
0
0
0
0
0
0
0
0
0
0
0
0
0
0
0
0
0
0
0
0
0
0
0
0
0
0
0
0
0
0
0
0
0
0
0
0
0
0
0
0
0
0
0
0
0
0
0
0
0
0
0
0
0
0
0
0
0
0
0
-9362
-9096
-8316
-7068
-5425
-3484
-1360
823
2940
4869
6501
7747
8540
8842
8645
7969
6862
5398
3667
1774
-167
-2048
-3762
-5217
-6341
-7081
-7408
-7319
-6834
-5998
-4870
-3526
-2050
-530
947
2304
3470
4391
5031
5370
5407
5159
4656
3942
3071
2099
1088
94
-830
-1640
-2301
-2792
-3099
-3225
-3179
-2982
-2661
-2247
-1773
-1273
-780
-318
89
428
691
877
992
1046
1052
1028
990
953
929
927
950
995
1056
1121
1173
1195
1170
1080
912
658
316
-105
-594
-1128
-1678
-2208
-2681
-3058
-3302
-3380
-3271
-2959
-2446
-1743
-878
107
1161
2223
3225
4100
4783
5219
5365
5193
4696
3888
2805
1502
52
-1458
-2934
-4280
-5403
-6222
-6674
-6717
-6335
-5543
-4381
-2916
-1239
542
2314
3955
5353
6410
7049
7223
6914
6140
4949
3424
1667
-196
-2036
-3720
-5129
-6159
-6736
-6819
-6401
-5516
-4229
-2640
-870
944
2665
4157
5304
6015
6233
5940
5158
3947
2403
650
-1170
-2908
-4419
-5574
-6271
-6442
-6063
-5151
-3769
-2018
-32
2031
4006
5728
7049
7849
8044
7599
6525
4885
2788
382
-2157
-4638
-6870
-8673
-9895
-10428
-10208
-9229
-7543
-5253
-2511
493
3549
6435
8940
10876
12092
12490
12027
10724
8660
5973
2844
-511
-3861
-6970
-9623
-11632
-12860
-13221
-12692
-11314
-9187
-6464
-3337
-26
3237
6231
8754
10641
11775
12097
11605
10355
8457
6063
3357
538
-2190
-4642
-6657
-8112
-8931
-9091
-8617
-7580
-6092
-4293
-2340
-393
1396
2902
4025
4706
4928
4712
4119
3239
2184
1076
34
-832
-1440
-1733
-1691
-1329
-698
122
1032
1918
2667
3176
3362
3170
2584
1623
346
-1156
-2765
-4342
-5746
-6839
-7502
-7646
-7218
-6212
-4665
-2661
-325
2188
4702
7032
9000
10447
11249
11323
10637
9214
7129
4508
1514
-1654
-4788
-7675
-10118
-11947
-13033
-13298
-12718
-11328
-9216
-6520
-3415
-105
3196
6277
8944
11032
12417
13024
12829
11864
10205
7976
5329
2442
-502
-3321
-5851
-7950
-9512
-10470
-10797
-10508
-9653
-8314
-6597
-4623
-2518
-405
1601
3405
4929
6122
6954
7418
7527
7311
6808
6065
5132
4056
2884
1655
405
-834
-2036
-3172
-4215
-5137
-5905
-6487
-6847
-6954
-6778
-6298
-5506
-4407
-3026
-1405
391
2282
4170
5948
7504
8730
9531
9828
9572
8743
7361
5479
3189
616
-2092
-4771
-7248
-9356
-10948
-11903
-12140
-11622
-10361
-8420
-5909
-2978
187
3387
6411
9059
11150
12541
13132
12879
11791
9935
7431
4444
1170
-2172
-5360
-8183
-10452
-12019
-12783
-12698
-11778
-10091
-7758
-4945
-1845
1328
4361
7051
9222
10737
11506
11491
10709
9230
7169
4680
1940
-857
-3522
-5876
-7770
-9086
-9754
-9746
-9084
-7833
-6097
-4008
-1721
602
2805
4743
6294
7368
7911
7905
7373
6371
4983
3318
1497
-351
-2105
-3653
-4902
-5782
-6252
-6299
-5938
-5208
-4173
-2911
-1511
-67
1330
2595
3656
4456
4957
5139
5003
4568
3869
2955
1885
725
-457
-1594
-2623
-3486
-4138
-4543
-4681
-4543
-4138
-3486
-2623
-1594
-457
725
1885
2955
3869
4568
5003
5139
4957
4456
3656
2595
1330
-67
-1511
-2911
-4173
-5208
-5938
-6299
-6252
-5782
-4902
-3653
-2105
-351
1497
3318
4983
6371
7373
7905
7911
7368
6294
4743
2805
602
-1721
-4008
-6097
-7833
-9084
-9746
-9754
-9086
-7770
-5876
-3522
-857
1940
4680
7169
9230
10709
11491
11506
10737
9222
7051
4361
1328
-1845
-4945
-7758
-10091
-11778
-12698
-12783
-12019
-10452
-8183
-5360
-2172
1170
4444
7431
9935
11791
12879
13132
12541
11150
9059
6411
3387
187
-2978
-5909
-8420
-10361
-11622
-12140
-11903
-10948
-9356
-7248
-4771
-2092
616
3189
5479
7361
8743
9572
9828
9531
8730
7504
5948
4170
2282
391
-1405
-3026
-4407
-5506
-6298
-6778
-6954
-6847
-6487
-5905
-5137
-4215
-3172
-2036
-834
405
1655
2884
4056
5132
6065
6808
7311
7527
7418
6954
6122
4929
3405
1601
-405
-2518
-4623
-6597
-8314
-9653
-10508
-10797
-10470
-9512
-7950
-5851
-3321
-502
2442
5329
7976
10205
11864
12829
13024
12417
11032
8944
6277
3196
-105
-3415
-6520
-9216
-11328
-12718
-13298
-13033
-11947
-10118
-7675
-4788
-1654
1514
4508
7129
9214
10637
11323
11249
10447
9000
7032
4702
2188
-325
-2661
-4665
-6212
-7218
-7646
-7502
-6839
-5746
-4342
-2765
-1156
346
1623
2584
3170
3362
3176
2667
1918
1032
122
-698
-1329
-1691
-1733
-1440
-832
34
1076
2184
3239
4119
4712
4928
4706
4025
2902
1396
-393
-2340
-4293
-6092
-7580
-8617
-9091
-8931
-8112
-6657
-4642
-2190
538
3357
6063
8457
10355
11605
12097
11775
10641
8754
6231
3237
-26
-3337
-6464
-9187
-11314
-12692
-13221
-12860
-11632
-9623
-6970
-3861
-511
2844
5973
8660
10724
12027
12490
12092
10876
8940
6435
3549
493
-2511
-5253
-7543
-9229
-10208
-10428
-9895
-8673
-6870
-4638
-2157
382
2788
4885
6525
7599
8044
7849
7049
5728
4006
2031
-32
-2018
-3769
-5151
-6063
-6442
-6271
-5574
-4419
-2908
-1170
650
2403
3947
5158
5940
6233
6015
5304
4157
2665
944
-870
-2640
-4229
-5516
-6401
-6819
-6736
-6159
-5129
-3720
-2036
-196
1667
3424
4949
6140
6914
7223
7049
6410
5353
3955
2314
542
-1239
-2916
-4381
-5543
-6335
-6717
-6674
-6222
-5403
-4280
-2934
-1458
52
1502
2805
3888
4696
5193
5365
5219
4783
4100
3225
2223
1161
107
-878
-1743
-2446
-2959
-3271
-3380
-3302
-3058
-2681
-2208
-1678
-1128
-594
-105
316
658
912
1080
1170
1195
1173
1121
1056
995
950
927
929
953
990
1028
1052
1046
992
877
691
428
89
-318
-780
-1273
-1773
-2247
-2661
-2982
-3179
-3225
-3099
-2792
-2301
-1640
-830
94
1088
2099
3071
3942
4656
5159
5407
5370
5031
4391
3470
2304
947
-530
-2050
-3526
-4870
-5998
-6834
-7319
-7408
-7081
-6341
-5217
-3762
-2048
-167
1774
3667
5398
6862
7969
8645
8842
8540
7747
6501
4869
2940
823
-1360
-3484
-5425
-7068
-8316
-9096
0
0
0
0
0
0
0
0
0
0
0
0
0
0
0
0
0
0
0
0
0
0
0
0
0
0
0
0
0
0
0
0
0
0
0
0
0
0
0
0
0
0
0
0
0
0
0
0
0
0
0
0
0
0
0
0
0
0
0
0
0
0
0
0
0
0
0
