0
4278
8485
12550
16402
19973
23203
26035
28419
30314
31684
32507
32766
32456
31581
30156
28203
25758
22860
19561
15917
11991
7852
3573
-771
-5106
-9352
-13436
-17284
-20829
-24006
-26759
-29038
-30801
-32015
-32660
-32720
-32196
-31094
-29434
-27244
-24563
-21439
-17925
-14087
-9991
-5712
-1327
3083
7441
11667
15683
19415
22796
25762
28259
30239
31667
32514
32764
32412
31462
29931
27847
25247
22178
18696
14865
10755
6443
2009
-2465
-6896
-11201
-15299
-19113
-22570
-25606
-28162
-30190
-31650
-32514
-32764
-32394
-31411
-29832
-27686
-25012
-21861
-18292
-14372
-10175
-5781
-1274
3259
7733
12062
16161
19951
23359
26318
28771
30668
31973
32659
32711
32127
30919
29107
26727
23823
20452
16679
12577
8226
3711
-879
-5455
-9926
-14204
-18204
-21846
-25058
-27775
-29942
-31516
-32464
-32766
-32415
-31417
-29790
-27567
-24790
-21514
-17805
-13736
-9388
-4849
-209
4437
8997
13377
17489
21248
24578
27411
29687
31359
32393
32765
32468
31507
29899
27676
24884
21579
17828
13707
9301
4700
0
-4703
-9311
-13729
-17864
-21629
-24947
-27746
-29968
-31566
-32503
-32761
-32332
-31225
-29460
-27076
-24119
-20653
-16748
-12488
-7961
-3263
1506
6246
10856
15238
19298
22949
26112
28719
30713
32051
32702
32651
31900
30461
28366
25658
22395
18646
14492
10022
5332
524
-4298
-9029
-13567
-17811
-21669
-25055
-27896
-30127
-31699
-32577
-32739
-32182
-30916
-28967
-26379
-23206
-19519
-15397
-10932
-6222
-1372
3511
8320
12945
17284
21240
24723
27655
29968
31611
32545
32748
32214
30954
28995
26381
23169
19431
15252
10724
5950
1038
-3899
-8751
-13405
-17757
-21705
-25159
-28038
-30277
-31822
-32637
-32702
-32014
-30588
-28456
-25665
-22280
-18377
-14047
-9388
-4509
477
5455
10308
14924
19194
23018
26305
28979
30974
32243
32756
32498
31476
29711
27244
24133
20449
16280
11722
6884
1880
-3170
-8148
-12935
-17416
-21484
-25041
-28000
-30291
-31856
-32659
-32677
-31909
-30373
-28105
-25157
-21600
-17520
-13013
-8189
-3163
1941
7001
11893
16499
20705
24407
27516
29953
31659
32589
32721
32049
30590
28377
25463
21921
17836
13307
8448
3377
-1780
-6896
-11843
-16499
-20746
-24479
-27603
-30040
-31727
-32621
-32699
-31957
-30413
-28105
-25088
-21439
-17247
-12618
-7668
-2522
2689
7836
12787
17416
21605
25247
28248
30530
32035
32723
32574
31592
29801
27244
23987
20112
15718
10917
5832
595
-4660
-9798
-14685
-19194
-23208
-26622
-29345
-31307
-32455
-32757
-32206
-30813
-28614
-25665
-22043
-17841
-13169
-8148
-2911
2405
7661
12717
17440
21705
25397
28419
30689
32146
32750
32483
31352
29385
26633
23169
19084
14487
9500
4255
-1105
-6439
-11603
-16457
-20870
-24723
-27911
-30346
-31961
-32712
-32578
-31559
-29684
-27001
-23582
-19519
-14922
-9916
-4636
771
6162
11386
16301
20770
24671
27896
30354
31977
32719
32558
31498
29565
26813
23317
19172
14492
9407
4058
-1405
-6833
-12073
-16978
-21411
-25247
-28377
-30713
-32188
-32760
-32410
-31148
-29007
-26047
-22351
-18021
-13179
-7961
-2516
3003
8440
13640
18454
22745
26389
29282
31340
32503
32737
32033
30409
27913
24613
20604
16000
10932
5547
0
-5550
-10942
-16021
-20637
-24657
-27963
-30458
-32068
-32745
-32468
-31244
-29107
-26118
-22364
-17952
-13013
-7689
-2137
3479
8997
14252
19090
23367
26955
29748
31662
32640
32650
31691
29790
27003
23411
19119
14256
8965
3403
-2262
-7862
-13230
-18204
-22633
-26385
-29345
-31423
-32556
-32707
-31871
-30072
-27362
-23823
-19561
-14703
-9397
-3803
1908
7565
12994
18030
22517
26318
29316
31419
32559
32702
31841
30001
27238
23635
19302
14372
8996
3339
-2422
-8112
-13553
-18577
-23026
-26761
-29667
-31650
-32648
-32629
-31591
-29565
-26615
-22829
-18327
-13249
-7752
-2009
3799
9491
14886
19815
24120
27666
30338
32052
32751
32412
31044
28690
25423
21345
16586
11295
5642
-193
-6025
-11667
-16938
-21669
-25706
-28920
-31206
-32489
-32726
-31909
-30063
-27244
-23544
-19081
-13998
-8460
-2644
3259
9060
14569
19606
24006
27626
30346
32075
32756
32366
30916
28451
25051
20827
15917
10480
4696
-1244
-7147
-12817
-18065
-22719
-26622
-29644
-31684
-32674
-32578
-31398
-29173
-25975
-21909
-17110
-11737
-5969
0
5972
11747
17130
21941
26016
29217
31436
32596
32657
31615
29504
26395
22390
17625
12260
6476
470
-5554
-11392
-16845
-21726
-25867
-29127
-31393
-32585
-32662
-31619
-29491
-26349
-22301
-17483
-12062
-6222
-166
5898
11762
17222
22088
26191
29387
31566
32648
32597
31411
29131
25835
21636
16679
11138
5205
-912
-7001
-12847
-18244
-23003
-26955
-29960
-31912
-32739
-32412
-30940
-28374
-24803
-20353
-15179
-9465
-3413
2763
8843
14612
19863
24407
28083
30758
32334
32755
32003
30103
27124
23169
18381
12929
7010
836
-5370
-11386
-16993
-21989
-26191
-29446
-31636
-32680
-32538
-31214
-28754
-25247
-20819
-15630
-9868
-3744
2518
8692
14551
19879
24480
28184
30855
32393
32739
31880
29845
26709
22585
17625
12011
5950
-333
-6607
-12639
-18204
-23094
-27128
-30152
-32055
-32763
-32248
-30528
-27666
-23767
-18976
-13473
-7461
-1167
5173
11322
17047
22132
26385
29644
31785
32724
32427
30901
28203
24435
19738
14288
8294
1981
-4409
-10635
-16457
-21654
-26025
-29402
-31656
-32697
-32485
-31027
-28377
-24634
-19943
-14481
-8460
-2109
4324
10594
16457
21686
26077
29459
31699
32710
32451
30929
28203
24378
19601
14056
7961
1552
-4919
-11201
-17047
-22227
-26537
-29806
-31906
-32751
-32307
-30590
-27666
-23648
-18696
-13002
-6791
-309
6187
12441
18204
23246
27366
30398
32222
32762
31995
29951
26709
22398
17189
11289
4935
-1619
-8112
-14281
-19879
-24678
-28486
-31147
-32552
-32643
-31416
-28917
-25247
-20553
-15023
-8882
-2378
4225
10659
16662
21989
26421
29777
31918
32756
32254
30432
27362
23169
18024
12137
5748
-879
-7473
-13762
-19485
-24407
-28323
-31070
-32533
-32650
-31414
-28875
-25136
-20353
-14721
-8475
-1874
4807
11292
17307
22602
26955
30182
32146
32765
32010
29911
26556
22083
16679
10571
4016
-2711
-9326
-15551
-21121
-25799
-29387
-31732
-32732
-32344
-30582
-27520
-23286
-18060
-12062
-5547
1206
7911
14280
20041
24947
28786
31393
32653
32513
30975
28105
24024
18906
12972
6476
-301
-7069
-13534
-19415
-24458
-28443
-31196
-32596
-32580
-31148
-28360
-24336
-19250
-13322
-6811
0
6813
13332
19269
24364
28393
31178
32594
32578
31129
28309
24241
19103
13120
6555
-301
-7147
-13680
-19609
-24671
-28641
-31340
-32648
-32505
-30916
-27948
-23735
-18460
-12360
-5706
1206
8067
14569
20421
25359
29162
31656
32728
32328
30473
27244
22786
17298
11027
4255
-2711
-9557
-15974
-21669
-26383
-29901
-32062
-32766
-31979
-29736
-26137
-21345
-15577
-9095
-2195
4807
11593
17850
23291
27666
30771
32464
32665
31362
28614
24546
19345
13249
6538
-477
-7473
-14125
-20126
-25196
-29098
-31650
-32732
-32292
-30349
-26991
-22374
-16712
-10266
-3339
3746
10659
17076
22694
27251
30530
32377
32702
31489
28793
24740
19519
13375
6597
-494
-7565
-14281
-20323
-25404
-29282
-31772
-32753
-32178
-30072
-26533
-21729
-15887
-9285
-2238
4919
11843
18204
23695
28052
31066
32589
32548
30942
27847
23411
17845
11416
4435
-2763
-9830
-16425
-22227
-26955
-30378
-32330
-32713
-31507
-28769
-24631
-19293
-13013
-6096
1120
8285
15047
21076
26077
29802
32068
32763
31850
29372
25451
20276
14101
7230
0
-7232
-14111
-20295
-25478
-29402
-31872
-32764
-32033
-29711
-25913
-20827
-14703
-7845
-595
6688
13640
19914
25196
29220
31785
32759
32093
29819
26047
20967
14832
7950
664
-6656
-13645
-19948
-25247
-29273
-31822
-32763
-32046
-29706
-25861
-20703
-14492
-7543
-209
7138
14125
20396
25629
29557
31977
32766
31880
29363
25342
20022
13674
6622
-771
-8129
-15071
-21240
-26318
-30042
-32219
-32734
-31559
-28754
-24461
-18901
-12360
-5177
2276
9615
16457
22447
27271
30678
32489
32608
31026
27825
23169
17302
10527
3199
-4298
-11573
-18244
-23960
-28419
-31387
-32705
-32302
-30198
-26501
-21406
-15179
-8148
-684
6817
13962
20369
25700
29668
32064
32757
31710
28975
24698
19103
12488
5205
-2358
-9798
-16717
-22745
-27557
-30894
-32577
-32513
-30703
-27244
-22319
-16192
-9191
-1693
5898
13175
19743
25247
29388
31941
32765
31816
29141
24884
19276
12618
5272
-2362
-9871
-16845
-22903
-27714
-31014
-32621
-32445
-30495
-26875
-21781
-15492
-8351
-749
6896
14165
20658
26016
29942
32220
32721
31417
28377
23767
17841
10926
3403
-4310
-11787
-18613
-24407
-28847
-31684
-32759
-32010
-29476
-25298
-19707
-13013
-5590
2148
9769
16845
22980
27828
31116
32659
32366
30254
26438
21133
14635
7310
-430
-8148
-15409
-21801
-26962
-30598
-32502
-32563
-30778
-27244
-22162
-15818
-8572
-836
6950
14343
20920
26305
30190
32350
32661
31103
27762
22829
16586
9388
1649
-6187
-13670
-20369
-25898
-29936
-32249
-32702
-31267
-28024
-23161
-16955
-9766
-2009
5867
13405
20168
25762
29860
32222
32709
31291
28049
23169
16936
9711
1916
-5992
-13553
-20323
-25904
-29968
-32275
-32687
-31179
-27837
-22855
-16527
-9222
-1372
6562
14111
20829
26318
30252
32397
32623
30916
27374
22206
15718
8294
373
-7571
-15067
-21669
-26980
-30683
-32556
-32483
-30469
-26631
-21197
-14492
-6916
1077
9009
16402
22811
27851
31216
32702
32218
29790
25564
19793
12824
5078
-2978
-10856
-18080
-24210
-28873
-31785
-32766
-31757
-28816
-24119
-17952
-10689
-2772
5316
13083
20053
25799
29968
32304
32662
31017
27469
22233
15630
8064
0
-8067
-15639
-22251
-27492
-31038
-32669
-32282
-29899
-25665
-19840
-12785
-4935
3223
11185
18454
24578
29176
31960
32754
31507
28295
23317
16881
9388
1306
-6859
-14599
-21426
-26913
-30713
-32587
-32415
-30206
-26096
-20343
-13307
-5431
2789
10837
18204
24423
29100
31937
32755
31498
28244
23199
16679
9099
938
-7285
-15047
-21854
-27271
-30951
-32659
-32282
-29844
-25497
-19519
-12290
-4271
4023
12062
19330
25359
29762
32252
32670
30984
27303
21861
15008
7184
-1105
-9326
-16947
-23474
-28484
-31650
-32766
-31757
-28687
-23753
-17274
-9670
-1435
6896
14781
21705
27215
30951
32666
32248
29720
25247
19119
11737
3583
-4807
-12886
-20121
-26035
-30239
-32455
-32534
-30469
-26395
-20578
-13400
-5336
3083
11302
18775
25007
29584
32200
32681
30992
27244
21684
14679
6695
-1736
-10055
-17706
-24178
-29038
-31959
-32744
-31340
-27837
-22468
-15592
-7668
771
9163
16942
23583
28641
31772
32764
31548
28203
22955
16155
8261
-193
-8637
-16499
-23246
-28419
-31667
-32766
-31641
-28366
-23161
-16378
-8479
0
8482
16388
23178
28387
31659
32766
31633
28334
23092
16267
8323
-193
-8699
-16610
-23382
-28547
-31748
-32764
-31521
-28105
-22748
-15818
-7793
771
9287
17161
23850
28887
31923
32744
31292
27666
22114
15023
6884
-1736
-10238
-18030
-24565
-29387
-32158
-32681
-30919
-26991
-21173
-13868
-5590
3083
11543
19194
25499
30012
32414
32534
30361
26047
19895
12336
3903
-4807
-13181
-20625
-26610
-30711
-32637
-32248
-29569
-24790
-18247
-10405
-1820
6896
15124
22277
27843
31423
32760
31757
28483
23169
16196
8060
-655
-9326
-17331
-24094
-29127
-32068
-32703
-30984
-27033
-21133
-13707
-5289
3511
12062
19743
25999
30374
32552
32371
29844
25150
18630
10754
2094
-6719
-15047
-22282
-27896
-31478
-32765
-31661
-28244
-22763
-15616
-7324
1506
10228
18204
24847
29668
32313
32585
30461
26096
19809
12062
3423
-5469
-13962
-21426
-27310
-31178
-32740
-31881
-28661
-23317
-16242
-7961
912
9721
17811
24578
29519
32265
32608
30520
26157
19840
12041
3339
-5613
-14150
-21629
-27492
-31296
-32755
-31758
-28377
-22863
-15630
-7219
1736
10564
18599
25234
29968
32443
32468
30041
25342
18725
10689
1842
-7147
-15598
-22868
-28404
-31785
-32751
-31227
-27327
-21345
-13736
-5078
3969
12717
20496
26712
30887
32702
32014
28875
23522
16364
7950
-1077
-10024
-18204
-24986
-29848
-32414
-32483
-30050
-25298
-18593
-10451
-1499
7571
16058
23305
28750
31969
32711
30916
26720
20449
12587
3744
-5391
-14111
-21734
-27666
-31442
-32766
-31533
-27837
-21964
-14372
-5653
3510
12401
20323
26654
30894
32710
31957
28692
23169
15822
7226
-1941
-10958
-19113
-25762
-30378
-32596
-32237
-29328
-24096
-16955
-8469
691
9799
18132
25028
29936
32465
32412
29778
24772
17791
9388
234
-8940
-17404
-24479
-29598
-32350
-32513
-30072
-25219
-18342
-9991
-836
8388
16942
24135
29387
32275
32563
30226
25451
18620
10283
1113
-8148
-16754
-24006
-29316
-32252
-32574
-30254
-25477
-18630
-10266
-1066
8222
16845
24098
29390
32286
32549
30156
25298
18372
9941
695
-8610
-17213
-24407
-29603
-32371
-32482
-29925
-24908
-17841
-9305
0
9307
17850
24924
29942
32491
32356
29546
24293
17028
8351
-1019
-10308
-18745
-25629
-30386
-32621
-32145
-28995
-23432
-15917
-7073
2362
11603
19879
26497
30903
32728
31816
28241
22301
14491
5464
-4023
-13175
-21224
-27492
-31451
-32766
-31324
-27244
-20868
-12732
-3519
5992
15001
22745
28568
31977
32682
30619
25962
19103
10622
1238
-8253
-17047
-24394
-29668
-32420
-32412
-29643
-24347
-16973
-8148
1373
10781
19269
26112
30723
32705
31886
28334
22351
14449
5304
-4298
-13534
-21608
-27826
-31650
-32749
-31026
-26627
-19930
-11510
-2094
7504
16457
23989
29446
32355
32460
29752
24461
17046
8148
-1459
-10942
-19477
-26318
-30870
-32732
-31742
-27983
-21780
-13674
-4371
5316
14541
22496
28484
31977
32669
30495
25645
18541
9807
209
-9410
-18204
-25397
-30356
-32640
-32046
-28625
-22675
-14721
-5464
4278
13645
21806
28038
31787
32719
30748
26047
19032
10324
695
-8997
-17892
-25196
-30256
-32621
-32077
-28669
-22701
-14703
-5389
4409
13816
21989
28193
31872
32694
30582
25725
18555
9715
0
-9718
-18563
-25739
-30598
-32699
-31850
-28126
-21861
-13619
-4144
5708
15047
23026
28920
32194
32549
29951
24631
17073
7961
-1876
-11547
-20168
-26955
-31287
-32766
-31257
-26894
-20073
-11416
-1713
8148
17267
24807
30076
32589
32113
28690
22632
14492
5018
-4919
-14407
-22570
-28657
-32104
-32591
-30072
-24775
-17189
-8012
1907
11653
20323
27113
31393
32763
31094
26539
19519
10683
852
-9060
-18132
-25519
-30530
-32697
-31816
-27965
-21503
-13031
-3339
6667
16052
23938
29584
32459
32292
29097
23169
15065
5543
-4501
-14125
-22423
-28612
-32108
-32578
-29977
-24546
-16798
-7461
2582
12385
21019
27666
31694
32721
30647
25665
18247
9095
-923
-10856
-19760
-26786
-31264
-32766
-31146
-26556
-19431
-10451
-470
9557
18675
26008
30855
32749
31507
27244
20368
11537
1595
-8501
-17784
-25359
-30497
-32702
-31758
-27754
-21074
-12360
-2451
7696
17103
24860
30215
32648
31922
28105
21563
12929
3039
-7147
-16643
-24525
-30025
-32607
-32016
-28309
-21844
-13249
-3359
6859
16412
24364
29939
32588
32050
28377
21924
13322
3413
-6833
-16412
-24382
-29960
-32596
-32028
-28309
-21804
-13150
-3199
7069
16643
24578
30089
32630
31946
28105
21482
12732
2719
-7565
-17103
-24947
-30318
-32680
-31797
-27754
-20951
-12062
-1970
8320
17784
25478
30633
32732
31565
27244
20200
11134
952
-9326
-18675
-26154
-31014
-32765
-31228
-26556
-19215
-9941
333
10578
19760
26955
31436
32749
30759
25665
17979
8475
-1887
-12062
-21019
-27851
-31864
-32650
-30126
-24546
-16475
-6728
3703
13762
22423
28806
32258
32427
29291
23169
14683
4696
-5772
-15653
-23938
-29777
-32571
-32033
-28214
-21503
-12587
-2378
8077
17706
25519
30711
32748
31416
26850
19519
10175
-219
-10594
-19879
-27113
-31549
-32726
-30520
-25157
-17189
-7439
3083
13289
22119
28657
32222
32441
29289
23092
14492
4381
-6187
-16114
-24364
-30076
-32652
-31820
-27666
-20619
-11416
-1017
9491
19008
26537
31287
32757
30792
25595
17709
7961
-2625
-12939
-21894
-28547
-32194
-32451
-29286
-23032
-14346
-4144
6498
16457
24678
30291
32699
31644
27238
19943
10531
0
-10533
-19951
-27251
-31656
-32694
-30254
-24592
-16309
-6286
4409
14637
23305
29487
32519
32077
28203
21312
12137
1660
-8997
-18692
-26385
-31248
-32757
-30748
-25434
-17383
-7461
3266
13645
22556
29038
32390
32248
28625
21909
12824
2351
-8378
-18204
-26061
-31098
-32765
-30880
-25645
-17625
-7689
3083
13524
22496
29023
32393
32235
28565
21780
12618
2077
-8692
-18516
-26318
-31245
-32755
-30681
-25247
-17046
-6975
3863
14280
23132
29446
32527
32033
28015
20915
11510
836
-9932
-19609
-27125
-31650
-32682
-30103
-24198
-15616
-5304
5596
15880
24407
30232
32705
31550
26894
19250
9465
-1373
-12062
-21411
-28379
-32188
-32412
-29022
-22395
-13267
-2656
8253
18244
26197
31222
32754
30619
25054
16679
6433
-4537
-15001
-23783
-29895
-32648
-31731
-27244
-19690
-9916
976
11762
21224
28293
32170
32415
28997
22301
13080
2378
-8595
-18599
-26497
-31393
-32729
-30352
-24528
-15917
-5494
5554
15974
24578
30386
32734
31352
26395
18425
8351
-2679
-13405
-22602
-29217
-32491
-32046
-27932
-20616
-10936
0
10939
20625
27944
32055
32482
29173
22507
13249
2462
-8610
-18692
-26622
-31481
-32707
-30156
-24119
-15293
-4696
6446
16845
25296
30817
32766
30916
25477
17079
6695
-4468
-15115
-24006
-30106
-32702
-31489
-26606
-18620
-8460
2689
13528
22788
29387
32552
31909
27532
19930
9991
-1120
-12103
-21669
-28693
-32350
-32208
-28280
-21025
-11295
-234
10856
20671
28052
32127
32412
28871
21921
12379
1372
-9799
-19815
-27487
-31906
-32545
-29328
-22632
-13249
-2291
8940
19113
27016
31708
32629
29666
23169
13911
2992
-8285
-18577
-26654
-31549
-32677
-29899
-23544
-14372
-3477
7836
18214
26411
31442
32702
30037
23764
14635
3744
-7598
-18030
-26293
-31393
-32711
-30086
-23833
-14703
-3796
7571
18026
26305
31405
32707
30050
23753
14577
3632
-7754
-18204
-26446
-31479
-32688
-29925
-23522
-14256
-3253
8148
18560
26712
31608
32650
29706
23135
13736
2656
-8751
-19090
-27095
-31785
-32581
-29385
-22585
-13013
-1842
9557
19786
27585
31994
32468
28947
21861
12081
809
-10564
-20637
-28166
-32219
-32293
-28377
-20951
-10932
440
11762
21629
28819
32437
32033
27653
19840
9561
-1907
-13142
-22745
-29519
-32621
-31661
-26755
-18514
-7961
3586
14689
23960
30239
32740
31148
25658
16955
6128
-5469
-16384
-25247
-30944
-32759
-30461
-24336
-15151
-4058
7546
18204
26572
31595
32638
29565
22763
13087
1756
-9798
-20118
-27896
-32148
-32332
-28424
-20915
-10754
771
12203
22088
29171
32552
31797
27001
18769
8148
-3511
-14727
-24069
-30346
-32754
-30984
-25260
-16309
-5272
6439
17331
26008
31359
32696
29845
23169
13521
2137
-9523
-19964
-27843
-32146
-32318
-28334
-20703
-10405
1234
12717
22564
29503
32637
31559
26407
17841
6968
-4807
-15965
-25058
-30909
-32757
-30361
-24028
-14577
-3233
8533
19194
27364
31977
32433
28669
21173
10917
-762
-12345
-22321
-29387
-32619
-31592
-26438
-17828
-6884
4961
16161
25247
31028
32744
30168
23635
13998
2522
-9287
-19879
-27860
-32179
-32265
-28105
-20242
-9711
2101
13640
23382
30040
32733
31103
25362
16267
5018
-6896
-17901
-26537
-31659
-32585
-29190
-21921
-11741
0
11743
21929
29201
32589
31641
26480
17791
6728
-5233
-16499
-25566
-31222
-32709
-29826
-22955
-13013
-1327
10537
20994
28641
32450
31909
27088
18630
7668
-4324
-15739
-25041
-30976
-32744
-30105
-23411
-13561
-1880
10055
20637
28436
32397
31982
27244
18822
7852
-4182
-15653
-25007
-30974
-32743
-30072
-23319
-13400
-1660
10308
20879
28612
32455
31881
26966
18377
7282
-4807
-16245
-25468
-31216
-32702
-29720
-22675
-12528
-664
11292
21705
29147
32596
31576
26225
17274
5950
-6193
-17489
-26383
-31650
-32564
-28995
-21433
-10917
1105
12978
23064
29968
32737
30984
24950
15465
3839
-8320
-19330
-27666
-32170
-32217
-27796
-19519
-8531
3643
15314
24860
30951
32739
29972
23032
12884
938
-11141
-21669
-29176
-32613
-31498
-25982
-16835
-5332
6918
18204
26944
31912
32410
28366
20343
9465
-2743
-14569
-24351
-30713
-32759
-30198
-23387
-13283
-1306
10856
21492
29100
32604
31507
25962
16748
5166
-7147
-18454
-27152
-32008
-32332
-28076
-19840
-8789
3510
15314
24947
31038
32720
29752
22551
12140
0
-12143
-22559
-29762
-32723
-31017
-24884
-15198
-3339
8998
20053
28242
32393
31908
26854
17952
6476
-5930
-17489
-26541
-31785
-32465
-28481
-20402
-9388
2978
14918
24714
30951
32730
29790
22554
12062
-172
-12385
-22811
-29942
-32746
-30813
-24421
-14492
-2462
9926
20879
28806
32556
31581
26021
16679
4912
-7571
-18956
-27585
-32200
-32127
-27374
-18630
-7167
5342
17076
26318
31719
32485
28504
20353
9222
-3259
-15267
-25041
-31147
-32687
-29434
-21861
-11077
1334
13553
23783
30517
32764
30189
23169
12736
423
-11953
-22570
-29860
-32743
-30792
-24293
-14202
-2009
10483
21426
29201
32652
31267
25247
15482
3419
-9153
-20369
-28563
-32514
-31633
-26047
-16586
-4654
7973
19415
27967
32350
31910
26709
17520
5712
-6950
-18577
-27428
-32179
-32116
-27244
-18292
-6597
6088
17864
26962
32015
32263
27666
18910
7310
-5391
-17284
-26579
-31872
-32366
-27983
-19380
-7852
4862
16845
26287
31760
32433
28203
19707
8226
-4501
-16550
-26094
-31684
-32472
-28334
-19895
-8434
4310
16402
26003
31651
32486
28377
19946
8475
-4288
-16402
-26016
-31662
-32478
-28334
-19861
-8351
4437
16550
26133
31717
32445
28203
19638
8060
-4756
-16845
-26351
-31812
-32386
-27983
-19276
-7602
5243
17284
26666
31941
32293
27666
18769
6975
-5898
-17864
-27071
-32095
-32157
-27244
-18113
-6176
6719
18577
27557
32265
31968
26709
17302
5205
-7702
-19415
-28111
-32434
-31710
-26047
-16326
-4058
8843
20369
28719
32588
31368
25247
15179
2736
-10137
-21426
-29364
-32705
-30922
-24293
-13853
-1238
11573
22570
30025
32764
30353
23169
12339
-434
-13142
-23783
-30678
-32739
-29638
-21861
-10632
2276
14829
25041
31296
32604
28754
20353
8727
-4282
-16616
-26318
-31849
-32328
-27676
-18630
-6622
6439
18480
27585
32302
31880
26381
16679
4318
-8734
-20396
-28806
-32620
-31227
-24845
-14492
-1820
11144
22329
29942
32763
30335
23047
12062
-859
-13645
-24243
-30951
-32688
-29173
-20967
-9388
3703
16202
26094
31785
32354
27709
18593
6476
-6688
-18775
-27832
-32393
-31718
-25913
-15915
-3339
9779
21317
29402
32723
30737
23764
12933
0
-12935
-23772
-30745
-32720
-29372
-21243
-9654
3510
16105
26077
31798
32332
27590
18342
6096
-7147
-19226
-28162
-32493
-31507
-25362
-15061
-2291
10856
22227
29953
32765
30198
22670
11416
-1716
-14569
-25028
-31370
-32548
-28366
-19509
-7435
5867
18204
27539
32330
31782
25982
15887
3163
-10086
-21669
-29667
-32753
-30413
-23032
-11831
1334
14281
24860
31312
32563
28403
19519
7387
-5976
-18347
-27666
-32377
-31693
-25725
-15465
-2622
10659
22164
29968
32766
30086
22374
10917
-2369
-15261
-25599
-31650
-32396
-27709
-18372
-5950
7473
19643
28516
32596
31195
24546
13765
664
-12550
-23653
-30771
-32702
-29116
-20616
-8634
4807
17440
27128
32230
31881
26137
15968
3092
-10308
-21966
-29901
-32766
-30072
-22272
-10689
2711
15653
25937
31812
32275
27244
17574
4908
-8595
-20637
-29162
-32712
-30681
-23411
-12140
1206
14349
25041
31451
32480
27948
18630
6117
-7445
-19735
-28641
-32634
-31026
-24089
-13013
301
13567
24501
31222
32570
28309
19172
6728
-6876
-19298
-28393
-32589
-31159
-24347
-13326
0
13328
24354
31166
32585
28360
19220
6748
-6896
-19347
-28443
-32604
-31103
-24198
-13087
301
13640
24608
31294
32533
28105
18778
6176
-7504
-19879
-28786
-32669
-30847
-23635
-12290
1206
14493
25247
31583
32389
27520
17828
5008
-8692
-20870
-29387
-32745
-30352
-22624
-10917
2711
15865
26229
31977
32094
26556
16335
3233
-10442
-22277
-30182
-32757
-29546
-21112
-8944
4807
17712
27483
32390
31559
25136
14256
845
-12717
-24026
-31070
-32598
-28334
-19032
-6345
7473
19964
28903
32697
30666
23169
11540
-2148
-15456
-26008
-31918
-32127
-26596
-16309
-3103
10659
22517
30346
32741
29270
20553
8148
-5719
-18563
-28078
-32552
-31179
-24202
-12874
771
14281
25223
31625
32332
27214
17189
4062
-9798
-21894
-30040
-32762
-29565
-21025
-8682
5233
18204
27882
32514
31257
24336
13002
-691
-14262
-25247
-31650
-32307
-27094
-16955
-3732
10171
22227
30239
32747
29289
20494
7961
-6025
-18915
-28356
-32621
-30929
-23586
-11931
1907
15400
26077
31982
32033
26215
15592
2109
-11762
-23479
-30889
-32629
-28377
-18910
-5966
8077
20637
29402
32756
30080
21861
9613
-4409
-17621
-27585
-32459
-31342
-24435
-13013
816
14497
25499
31785
32188
26631
16140
2656
-11322
-23203
-30782
-32650
-28456
-18976
-5969
8148
20755
29503
32763
29925
21514
9095
-5021
-18204
-27995
-32564
-31058
-23753
-12011
1977
15598
26305
32095
31880
25698
14703
952
-12978
-24480
-31393
-32418
-27360
-17165
-3744
10381
22559
30497
32702
28754
19394
6380
-7836
-20580
-29446
-32762
-29899
-21393
-8847
5370
18577
28275
32630
30814
23169
11138
-3003
-16579
-27016
-32334
-31523
-24733
-13249
751
14612
25700
31906
32048
26096
15179
1372
-12698
-24354
-31371
-32412
-27273
-16932
-3359
10856
23003
30758
32638
28280
18514
5205
-9101
-21669
-30089
-32747
-29131
-19930
-6905
7445
20371
29387
32762
29844
21189
8460
-5898
-19125
-28673
-32702
-30433
-22301
-9868
4468
17946
27963
32585
30916
23274
11134
-3159
-16845
-27275
-32428
-31305
-24119
-12260
1977
15833
26622
32247
31615
24845
13249
-923
-14918
-26016
-32055
-31858
-25461
-14105
0
14107
25468
31864
32046
25975
14832
792
-13405
-24986
-31684
-32188
-26395
-15435
-1452
12817
24578
31525
32292
26727
15917
1981
-12345
-24250
-31393
-32366
-26976
-16280
-2378
11993
24006
31293
32415
27148
16527
2644
-11762
-23850
-31230
-32442
-27244
-16660
-2779
11653
23783
31206
32451
27267
16679
2783
-11667
-23806
-31222
-32441
-27217
-16586
-2656
11803
23919
31277
32412
27094
16378
2398
-12062
-24120
-31370
-32361
-26894
-16056
-2009
12441
24407
31496
32285
26615
15616
1488
-12939
-24777
-31650
-32178
-26251
-15055
-836
13553
25223
31826
32033
25797
14372
52
-14280
-25739
-32015
-31841
-25247
-13561
863
15115
26318
32208
31592
24592
12618
-1908
-16052
-26950
-32393
-31276
-23823
-11540
3083
17085
27622
32556
30880
22932
10324
-4384
-18204
-28323
-32682
-30389
-21909
-8965
5807
19399
29038
32755
29790
20744
7461
-7347
-20658
-29748
-32757
-29067
-19428
-5811
8997
21966
30436
32669
28203
17952
4016
-10746
-23305
-31079
-32468
-27184
-16309
-2077
12583
24657
31656
32135
25992
14491
0
-14493
-25999
-32139
-31644
-24613
-12494
2208
16457
27304
32503
30975
23032
10317
-4537
-18454
-28547
-32719
-30103
-21238
-7961
6971
20458
29694
32757
29007
19220
5431
-9491
-22439
-30713
-32587
-27666
-16973
-2736
12073
24364
31568
32177
26060
14492
-108
-14689
-26197
-32222
-31498
-24174
-11781
3083
17304
27896
32634
30520
21996
8847
-6162
-19879
-29416
-32766
-29219
-19519
-5706
9311
22368
30711
32578
27570
16743
2378
-12491
-24723
-31732
-32033
-25558
-13674
1105
15653
26888
32428
31095
23169
10328
-4707
-18745
-28806
-32750
-29736
-20402
-6728
8378
21705
30414
32650
27932
17262
2911
-12062
-24465
-31651
-32083
-25665
-13765
1077
15692
26955
32455
31012
22932
9941
-5180
-19194
-29098
-32765
-29406
-19738
-5832
9326
22486
30817
32526
27244
16102
1495
-13436
-25478
-32035
-31693
-24521
-12062
2999
17416
28078
32680
30226
21243
7668
-7565
-21167
-30192
-32685
-28105
-17438
-2992
12103
24578
31727
31995
25321
13150
-1876
-16499
-27539
-32596
-30567
-21889
-8448
6833
20630
29936
32722
28377
17845
3419
-11753
-24364
-31659
-32040
-25423
-13249
1823
16499
27568
32607
30508
21729
8189
-7147
-20920
-30108
-32693
-28105
-17347
-2779
12401
24860
31856
31850
24838
12360
-2839
-17416
-28160
-32702
-30037
-20749
-6884
8501
22013
30668
32552
27244
15915
1066
-14020
-26008
-32243
-31342
-23500
-10451
4915
19194
29220
32766
29042
18871
4509
-10856
-23813
-31479
-32147
-25665
-13473
1720
16533
27666
32637
30335
21271
7461
-8015
-21705
-30552
-32578
-27327
-15968
-1038
14125
26133
32294
31228
23169
9920
-5554
-19786
-29584
-32748
-28565
-17970
-3339
12043
24723
31849
31816
24627
11897
-3511
-18132
-28673
-32755
-29458
-19519
-5177
10334
23516
31393
32182
25702
13414
-1907
-16800
-27896
-32682
-30072
-20653
-6555
9029
22570
30997
32395
26445
14492
-751
-15827
-27310
-32589
-30461
-21406
-7481
8148
21926
30713
32507
26894
15151
-48
-15238
-26955
-32522
-30664
-21804
-7961
7702
21608
30575
32549
27076
15403
202
-15047
-26852
-32503
-30703
-21861
-8002
7696
21629
30598
32538
27001
15255
0
-15257
-27007
-32541
-30582
-21579
-7602
8129
21989
30779
32468
26664
14703
-655
-15865
-27411
-32621
-30288
-20948
-6758
8997
22672
31098
32318
26047
13736
-1763
-16855
-28038
-32713
-29790
-19946
-5464
10289
23653
31516
32046
25116
12336
-3319
-18204
-28847
-32766
-29042
-18541
-3711
11987
24889
31977
31593
23823
10480
-5316
-19871
-29777
-32711
-27983
-16697
-1495
14059
26318
32404
30885
22114
8148
-7733
-21801
-30745
-32460
-26539
-14372
1180
16457
27860
32699
29832
19930
5325
-10537
-23916
-31650
-31910
-24631
-11530
4298
19113
29409
32747
28334
17210
2009
-13670
-26112
-32365
-30942
-22178
-8148
7817
21929
30833
32412
26285
13907
-1780
-17047
-28259
-32743
-29429
-19103
-4222
11667
24777
31977
31548
23586
9991
-5992
-20546
-30192
-32619
-27244
-15350
219
15739
27492
32660
30001
20149
5464
-10533
-24006
-31719
-31816
-24270
-10892
5106
19879
29873
32681
27625
15917
373
-15261
-27221
-32621
-30156
-20416
-5748
10308
23879
31684
31836
24293
10875
-5173
-19973
-29942
-32665
-27477
-15633
0
15636
27483
32666
29925
19920
5078
-10999
-24407
-31886
-31615
-23656
-9941
6193
20824
30386
32549
26782
14487
-1341
-16845
-28242
-32749
-29262
-18630
-3445
12583
25539
32252
31078
22301
8064
-8148
-22368
-31111
-32231
-25451
-12429
3643
18824
29387
32737
28047
16465
836
-15001
-27152
-32625
-30072
-20115
-5205
10989
24479
31937
31523
23335
9388
-6876
-21447
-30723
-32412
-26092
-13322
2743
18132
29038
32759
28371
16955
1338
-14612
-26944
-32596
-30164
-20247
-5304
10958
24501
31960
31477
23169
9099
-7236
-21774
-30894
-32323
-25702
-12676
3510
18824
29446
32724
27837
16000
166
-15711
-27666
-32707
-29572
-19041
-3744
12491
25602
32304
30916
21780
7184
-9215
-23305
-31551
-31880
-24205
-10451
5930
20824
30486
32483
26311
13518
-2679
-18204
-29147
-32749
-28098
-16364
-502
15488
27574
32702
29574
18976
3583
-12717
-25806
-32371
-30748
-21345
-6538
9926
23879
31785
31636
23467
9346
-7147
-21830
-30974
-32254
-25342
-11991
4409
19692
29968
32623
26976
14462
-1736
-17495
-28798
-32764
-28377
-16752
-852
15267
27492
32699
29554
18857
3339
-13034
-26077
-32450
-30520
-20777
-5712
10817
24578
32042
31291
22515
7961
-8637
-23021
-31496
-31881
-24075
-10079
6509
21426
30833
32307
25463
12062
-4448
-19815
-30076
-32585
-26689
-13907
2465
18204
29244
32732
27762
15616
-569
-16610
-28356
-32765
-28692
-17189
-1231
15047
27428
32699
29490
18630
2932
-13528
-26478
-32552
-30168
-19943
-4530
12062
25519
32337
30737
21133
6022
-10659
-24565
-32068
-31208
-22206
-7407
9326
23628
31760
31593
23169
8686
-8070
-22719
-31423
-31903
-24028
-9858
6896
21846
31070
32147
24790
10926
-5807
-21019
-30711
-32336
-25461
-11891
4807
20244
30356
32478
26047
12755
-3899
-19528
-30012
-32581
-26556
-13521
3083
18877
29687
32654
26991
14192
-2362
-18294
-29387
-32703
-27360
-14769
1736
17784
29119
32734
27666
15255
-1206
-17349
-28887
-32752
-27913
-15652
771
16993
28695
32761
28105
15962
-434
-16717
-28547
-32765
-28244
-16186
193
16523
28443
32766
28334
16326
-48
-16412
-28387
-32766
-28374
-16382
0
0
0
0
0
0
0
0
0
0
0
0
0
0
0
0
0
0
0
0
0
0
0
0
0
0
0
0
0
0
0
0
0
0
0
0
0
0
0
0
0
0
0
0
0
0
0
0
0
0
0
0
0
0
0
0
0
0
0
0
0
0
0
0
0
0
0
0
0
0
0
0
0
0
0
0
0
0
0
0
0
0
0
0
0
0
0
0
0
0
0
0
0
0
0
0
0
0
0
0
0
0
0
0
0
0
0
0
0
0
0
0
0
0
0
0
0
0
0
0
0
0
0
0
0
0
0
0
0
0
0
0
0
0
0
0
0
0
0
0
0
0
0
0
0
0
0
0
0
0
0
0
0
0
0
0
0
0
0
0
0
0
0
0
0
0
0
0
0
0
0
0
0
0
0
0
0
0
0
0
0
0
0
0
0
0
0
0
0
0
0
0
0
0
0
0
0
0
0
0
0
0
0
0
0
0
0
0
0
0
0
0
0
0
0
0
0
0
0
0
0
0
0
0
0
0
0
0
0
0
0
0
0
0
0
0
0
0
0
0
0
0
0
0
0
0
0
0
0
0
0
0
0
0
0
0
0
0
0
0
0
0
0
0
0
0
0
0
0
0
0
0
0
0
0
0
0
0
0
0
0
0
0
0
0
0
0
0
0
0
0
0
0
0
0
0
0
0
0
0
0
0
0
0
0
0
0
0
0
0
0
0
0
0
0
0
0
0
0
0
0
0
0
0
0
0
0
0
0
0
0
0
0
0
0
0
0
0
0
0
0
0
0
0
0
0
0
0
0
0
0
0
0
0
0
0
0
0
0
0
0
0
0
0
0
0
0
0
0
0
0
0
0
0
0
0
0
0
0
0
0
0
0
0
0
0
0
0
0
0
0
0
0
0
0
0
0
0
0
0
0
0
0
0
0
0
0
0
0
0
0
0
0
0
0
0
0
0
0
0
0
0
0
0
0
0
0
0
0
0
0
0
0
0
0
0
0
0
0
0
0
0
0
0
0
0
0
0
0
0
0
0
0
0
0
0
0
0
0
0
0
0
0
0
0
0
0
0
0
0
0
0
0
0
0
0
0
0
0
0
0
0
0
0
0
0
0
0
0
0
0
0
0
0
0
0
0
0
0
0
0
0
0
0
0
0
0
0
0
0
0
0
0
0
0
0
0
0
0
0
0
0
0
0
0
0
0
0
0
0
0
0
0
0
0
0
0
0
0
0
0
0
0
0
0
0
0
0
0
0
0
0
0
0
0
0
0
0
0
0
0
0
0
0
0
0
0
0
0
0
0
0
0
0
0
0
0
0
0
0
0
0
0
0
0
0
0
0
0
0
0
0
0
0
0
0
0
0
0
0
0
0
0
0
0
0
0
0
0
0
0
0
0
0
0
0
0
0
0
0
0
0
0
0
0
0
0
0
0
0
0
0
0
0
0
0
0
0
0
0
0
0
0
0
0
0
0
0
0
0
0
0
0
0
0
0
0
0
0
0
0
0
0
0
0
0
0
0
0
0
0
0
0
0
0
0
0
0
0
0
0
0
0
0
0
0
0
0
0
0
0
0
0
0
0
0
0
0
0
0
0
0
0
0
0
0
0
0
0
0
0
0
0
0
0
0
0
0
0
0
0
0
0
0
0
0
0
0
0
0
0
0
0
0
0
0
0
0
0
0
0
0
0
0
0
0
0
0
0
0
0
0
0
0
0
0
0
0
0
0
0
0
0
0
0
0
0
0
0
0
0
0
0
0
0
0
0
0
0
0
0
0
0
0
0
0
0
0
0
0
0
0
0
0
0
0
0
0
0
0
0
0
0
0
0
0
0
0
0
0
0
0
0
0
0
0
0
0
0
0
0
0
0
0
0
0
0
0
0
0
0
0
0
0
0
0
0
0
0
0
0
0
0
0
0
0
0
0
0
0
0
0
0
0
0
0
0
0
0
0
0
0
0
0
0
0
0
0
0
0
0
0
0
0
0
0
0
0
0
0
0
0
0
0
0
0
0
0
0
0
0
0
0
0
0
0
0
0
0
0
0
0
0
0
0
0
0
0
0
0
0
0
0
0
0
0
0
0
0
0
0
0
0
0
0
0
0
0
0
0
0
0
0
0
0
0
0
0
0
0
0
0
0
0
0
0
0
0
0
0
0
0
0
0
0
0
0
0
0
0
11915
11545
10461
8734
6476
3835
984
-1895
-4620
-7019
-8946
-10289
-10975
-10977
-10313
-9042
-7264
-5107
-2719
-257
2122
4274
6079
7441
8301
8635
8454
7803
6753
5394
3831
2173
523
-1023
-2390
-3519
-4374
-4941
-5225
-5248
-5045
-4656
-4125
-3495
-2804
-2083
-1353
-632
72
755
1412
2038
2623
3154
3612
3974
4212
4298
4210
3928
3444
2763
1902
896
-208
-1352
-2469
-3489
-4343
-4972
-5328
-5381
-5121
-4561
-3734
-2692
-1503
-247
995
2143
3124
3882
4376
4586
4514
4183
3632
2914
2092
1229
387
-379
-1029
-1535
-1882
-2074
-2125
-2061
-1914
-1717
-1503
-1300
-1127
-994
-904
-848
-813
-780
-729
-640
-500
-299
-36
282
646
1034
1424
1793
2116
2372
2542
2615
2582
2441
2194
1848
1410
891
304
-337
-1019
-1722
-2424
-3100
-3718
-4243
-4637
-4857
-4865
-4625
-4113
-3316
-2241
-914
613
2272
3967
5589
7022
8146
8853
9051
8679
7712
6168
4112
1649
-1071
-3873
-6562
-8936
-10808
-12019
-12449
-12036
-10778
-8736
-6038
-2861
570
4009
7202
9908
11920
13082
13305
12568
10929
8516
5517
2166
-1274
-4540
-7381
-9585
-10996
-11524
-11152
-9937
-8005
-5537
-2752
108
2808
5130
6898
7991
8348
7976
6945
5380
3444
1330
-764
-2655
-4182
-5228
-5723
-5654
-5057
-4016
-2651
-1106
467
1922
3133
4002
4469
4514
4159
3459
2497
1374
198
-926
-1909
-2681
-3198
-3444
-3428
-3183
-2755
-2203
-1586
-958
-364
163
610
973
1261
1489
1676
1838
1985
2117
2224
2289
2285
2186
1965
1606
1103
465
-279
-1088
-1904
-2661
-3292
-3733
-3932
-3858
-3500
-2876
-2028
-1023
55
1115
2062
2812
3299
3481
3349
2924
2259
1431
536
-323
-1048
-1556
-1785
-1709
-1338
-715
80
948
1771
2431
2825
2870
2521
1774
672
-700
-2223
-3747
-5114
-6168
-6774
-6831
-6288
-5145
-3461
-1351
1026
3480
5803
7789
9256
10062
10116
9393
7933
5840
3275
438
-2442
-5139
-7438
-9160
-10178
-10425
-9902
-8672
-6858
-4628
-2178
286
2568
4495
5939
6821
7117
6860
6129
5041
3737
2364
1062
-55
-904
-1444
-1677
-1642
-1411
-1077
-741
-497
-419
-554
-910
-1461
-2144
-2866
-3521
-3995
-4187
-4020
-3451
-2480
-1154
436
2163
3875
5407
6603
7328
7484
7026
5962
4361
2343
74
-2249
-4424
-6251
-7560
-8225
-8177
-7414
-5998
-4054
-1757
683
3043
5104
6675
7610
7822
7293
6073
4278
2079
-315
-2679
-4789
-6446
-7493
-7831
-7428
-6321
-4614
-2464
-71
2344
4563
6384
7643
8231
8100
7269
5818
3883
1642
-704
-2952
-4908
-6412
-7348
-7655
-7329
-6423
-5041
-3324
-1437
446
2163
3572
4570
5097
5140
4733
3952
2905
1719
526
-547
-1397
-1947
-2158
-2031
-1603
-946
-154
662
1395
1942
2224
2189
1820
1137
192
-928
-2122
-3270
-4255
-4968
-5322
-5259
-4756
-3826
-2521
-925
848
2670
4402
5910
7071
7789
7996
7664
6800
5454
3710
1681
-496
-2677
-4711
-6460
-7803
-8648
-8936
-8648
-7803
-6460
-4711
-2677
-496
1681
3710
5454
6800
7664
7996
7789
7071
5910
4402
2670
848
-925
-2521
-3826
-4756
-5259
-5322
-4968
-4255
-3270
-2122
-928
192
1137
1820
2189
2224
1942
1395
662
-154
-946
-1603
-2031
-2158
-1947
-1397
-547
526
1719
2905
3952
4733
5140
5097
4570
3572
2163
446
-1437
-3324
-5041
-6423
-7329
-7655
-7348
-6412
-4908
-2952
-704
1642
3883
5818
7269
8100
8231
7643
6384
4563
2344
-71
-2464
-4614
-6321
-7428
-7831
-7493
-6446
-4789
-2679
-315
2079
4278
6073
7293
7822
7610
6675
5104
3043
683
-1757
-4054
-5998
-7414
-8177
-8225
-7560
-6251
-4424
-2249
74
2343
4361
5962
7026
7484
7328
6603
5407
3875
2163
436
-1154
-2480
-3451
-4020
-4187
-3995
-3521
-2866
-2144
-1461
-910
-554
-419
-497
-741
-1077
-1411
-1642
-1677
-1444
-904
-55
1062
2364
3737
5041
6129
6860
7117
6821
5939
4495
2568
286
-2178
-4628
-6858
-8672
-9902
-10425
-10178
-9160
-7438
-5139
-2442
438
3275
5840
7933
9393
10116
10062
9256
7789
5803
3480
1026
-1351
-3461
-5145
-6288
-6831
-6774
-6168
-5114
-3747
-2223
-700
672
1774
2521
2870
2825
2431
1771
948
80
-715
-1338
-1709
-1785
-1556
-1048
-323
536
1431
2259
2924
3349
3481
3299
2812
2062
1115
55
-1023
-2028
-2876
-3500
-3858
-3932
-3733
-3292
-2661
-1904
-1088
-279
465
1103
1606
1965
2186
2285
2289
2224
2117
1985
1838
1676
1489
1261
973
610
163
-364
-958
-1586
-2203
-2755
-3183
-3428
-3444
-3198
-2681
-1909
-926
198
1374
2497
3459
4159
4514
4469
4002
3133
1922
467
-1106
-2651
-4016
-5057
-5654
-5723
-5228
-4182
-2655
-764
1330
3444
5380
6945
7976
8348
7991
6898
5130
2808
108
-2752
-5537
-8005
-9937
-11152
-11524
-10996
-9585
-7381
-4540
-1274
2166
5517
8516
10929
12568
13305
13082
11920
9908
7202
4009
570
-2861
-6038
-8736
-10778
-12036
-12449
-12019
-10808
-8936
-6562
-3873
-1071
1649
4112
6168
7712
8679
9051
8853
8146
7022
5589
3967
2272
613
-914
-2241
-3316
-4113
-4625
-4865
-4857
-4637
-4243
-3718
-3100
-2424
-1722
-1019
-337
304
891
1410
1848
2194
2441
2582
2615
2542
2372
2116
1793
1424
1034
646
282
-36
-299
-500
-640
-729
-780
-813
-848
-904
-994
-1127
-1300
-1503
-1717
-1914
-2061
-2125
-2074
-1882
-1535
-1029
-379
387
1229
2092
2914
3632
4183
4514
4586
4376
3882
3124
2143
995
-247
-1503
-2692
-3734
-4561
-5121
-5381
-5328
-4972
-4343
-3489
-2469
-1352
-208
896
1902
2763
3444
3928
4210
4298
4212
3974
3612
3154
2623
2038
1412
755
72
-632
-1353
-2083
-2804
-3495
-4125
-4656
-5045
-5248
-5225
-4941
-4374
-3519
-2390
-1023
523
2173
3831
5394
6753
7803
8454
8635
8301
7441
6079
4274
2122
-257
-2719
-5107
-7264
-9042
-10313
-10977
-10975
-10289
-8946
-7019
-4620
-1895
984
3835
6476
8734
10461
11545
0
0
0
0
0
0
0
0
0
0
0
0
0
0
0
0
0
0
0
0
0
0
0
0
0
0
0
0
0
0
0
0
0
0
0
0
0
0
0
0
0
0
0
0
0
0
0
0
0
0
0
0
0
0
0
0
0
0
0
0
0
0
0
0
0
0
0
-11915
-11476
-10194
-8172
-5574
-2606
496
3496
6163
8306
9776
10487
10415
9602
8145
6189
3913
1507
-836
-2946
-4683
-5950
-6695
-6917
-6656
-5991
-5023
-3868
-2641
-1446
-365
542
1251
1762
2097
2296
2409
2482
2553
2645
2763
2889
2990
3020
2927
2662
2188
1489
570
-532
-1756
-3015
-4207
-5222
-5954
-6312
-6230
-5680
-4669
-3248
-1507
429
2415
4293
5908
7122
7827
7955
7486
6448
4918
3014
887
-1293
-3357
-5141
-6509
-7361
-7641
-7341
-6502
-5210
-3583
-1763
95
1843
3348
4504
5241
5528
5375
4830
3971
2898
1722
555
-501
-1367
-1985
-2330
-2403
-2236
-1881
-1407
-889
-401
-6
245
328
236
-14
-385
-826
-1274
-1665
-1940
-2048
-1956
-1650
-1134
-436
400
1317
2244
3110
3843
4378
4665
4667
4366
3766
2888
1774
480
-920
-2348
-3720
-4949
-5956
-6667
-7027
-6995
-6550
-5699
-4467
-2908
-1098
867
2878
4812
6545
7960
8949
9429
9346
8678
7443
5698
3538
1091
-1489
-4034
-6371
-8335
-9785
-10611
-10747
-10176
-8930
-7095
-4800
-2207
494
3112
5459
7368
8713
9409
9426
8789
7572
5896
3912
1794
-284
-2160
-3696
-4793
-5397
-5503
-5152
-4426
-3439
-2320
-1205
-218
539
1002
1142
973
550
-42
-698
-1301
-1742
-1930
-1802
-1336
-551
492
1699
2948
4101
5025
5599
5734
5382
4539
3253
1618
-232
-2141
-3938
-5459
-6561
-7138
-7132
-6540
-5414
-3856
-2012
-53
1835
3479
4728
5470
5647
5256
4353
3048
1489
-146
-1676
-2928
-3758
-4069
-3819
-3026
-1770
-182
1565
3278
4756
5818
6319
6166
5329
3846
1823
-576
-3145
-5650
-7854
-9539
-10525
-10690
-9981
-8422
-6112
-3216
45
3416
6628
9423
11574
12906
13310
12753
11277
9000
6098
2796
-653
-3996
-6991
-9430
-11157
-12077
-12158
-11434
-9998
-7990
-5584
-2972
-346
2114
4259
5975
7190
7875
8044
7745
7054
6064
4872
3577
2266
1009
-138
-1145
-1993
-2681
-3215
-3608
-3871
-4015
-4045
-3959
-3756
-3430
-2978
-2402
-1713
-931
-88
774
1606
2356
2970
3404
3624
3612
3371
2920
2300
1567
785
25
-645
-1171
-1509
-1641
-1568
-1316
-932
-476
-18
371
628
707
580
248
-264
-905
-1605
-2279
-2838
-3200
-3296
-3081
-2542
-1696
-595
678
2022
3315
4438
5278
5744
5775
5347
4478
3226
1686
-16
-1742
-3343
-4682
-5642
-6140
-6134
-5625
-4664
-3339
-1773
-112
1491
2893
3966
4617
4794
4491
3748
2650
1314
-116
-1492
-2669
-3521
-3956
-3923
-3418
-2487
-1217
266
1814
3269
4475
5301
5644
5449
4709
3469
1820
-102
-2137
-4107
-5836
-7165
-7965
-8151
-7690
-6601
-4958
-2882
-531
1910
4254
6314
7929
8971
9361
9069
8120
6590
4600
2303
-124
-2502
-4656
-6433
-7713
-8419
-8516
-8019
-6986
-5511
-3721
-1755
235
2110
3743
5030
5903
6324
6293
5842
5030
3939
2664
1306
-38
-1279
-2342
-3173
-3738
-4024
-4037
-3800
-3350
-2733
-1999
-1198
-380
412
1140
1773
2289
2668
2900
2978
2900
2668
2289
1773
1140
412
-380
-1198
-1999
-2733
-3350
-3800
-4037
-4024
-3738
-3173
-2342
-1279
-38
1306
2664
3939
5030
5842
6293
6324
5903
5030
3743
2110
235
-1755
-3721
-5511
-6986
-8019
-8516
-8419
-7713
-6433
-4656
-2502
-124
2303
4600
6590
8120
9069
9361
8971
7929
6314
4254
1910
-531
-2882
-4958
-6601
-7690
-8151
-7965
-7165
-5836
-4107
-2137
-102
1820
3469
4709
5449
5644
5301
4475
3269
1814
266
-1217
-2487
-3418
-3923
-3956
-3521
-2669
-1492
-116
1314
2650
3748
4491
4794
4617
3966
2893
1491
-112
-1773
-3339
-4664
-5625
-6134
-6140
-5642
-4682
-3343
-1742
-16
1686
3226
4478
5347
5775
5744
5278
4438
3315
2022
678
-595
-1696
-2542
-3081
-3296
-3200
-2838
-2279
-1605
-905
-264
248
580
707
628
371
-18
-476
-932
-1316
-1568
-1641
-1509
-1171
-645
25
785
1567
2300
2920
3371
3612
3624
3404
2970
2356
1606
774
-88
-931
-1713
-2402
-2978
-3430
-3756
-3959
-4045
-4015
-3871
-3608
-3215
-2681
-1993
-1145
-138
1009
2266
3577
4872
6064
7054
7745
8044
7875
7190
5975
4259
2114
-346
-2972
-5584
-7990
-9998
-11434
-12158
-12077
-11157
-9430
-6991
-3996
-653
2796
6098
9000
11277
12753
13310
12906
11574
9423
6628
3416
45
-3216
-6112
-8422
-9981
-10690
-10525
-9539
-7854
-5650
-3145
-576
1823
3846
5329
6166
6319
5818
4756
3278
1565
-182
-1770
-3026
-3819
-4069
-3758
-2928
-1676
-146
1489
3048
4353
5256
5647
5470
4728
3479
1835
-53
-2012
-3856
-5414
-6540
-7132
-7138
-6561
-5459
-3938
-2141
-232
1618
3253
4539
5382
5734
5599
5025
4101
2948
1699
492
-551
-1336
-1802
-1930
-1742
-1301
-698
-42
550
973
1142
1002
539
-218
-1205
-2320
-3439
-4426
-5152
-5503
-5397
-4793
-3696
-2160
-284
1794
3912
5896
7572
8789
9426
9409
8713
7368
5459
3112
494
-2207
-4800
-7095
-8930
-10176
-10747
-10611
-9785
-8335
-6371
-4034
-1489
1091
3538
5698
7443
8678
9346
9429
8949
7960
6545
4812
2878
867
-1098
-2908
-4467
-5699
-6550
-6995
-7027
-6667
-5956
-4949
-3720
-2348
-920
480
1774
2888
3766
4366
4667
4665
4378
3843
3110
2244
1317
400
-436
-1134
-1650
-1956
-2048
-1940
-1665
-1274
-826
-385
-14
236
328
245
-6
-401
-889
-1407
-1881
-2236
-2403
-2330
-1985
-1367
-501
555
1722
2898
3971
4830
5375
5528
5241
4504
3348
1843
95
-1763
-3583
-5210
-6502
-7341
-7641
-7361
-6509
-5141
-3357
-1293
887
3014
4918
6448
7486
7955
7827
7122
5908
4293
2415
429
-1507
-3248
-4669
-5680
-6230
-6312
-5954
-5222
-4207
-3015
-1756
-532
570
1489
2188
2662
2927
3020
2990
2889
2763
2645
2553
2482
2409
2296
2097
1762
1251
542
-365
-1446
-2641
-3868
-5023
-5991
-6656
-6917
-6695
-5950
-4683
-2946
-836
1507
3913
6189
8145
9602
10415
10487
9776
8306
6163
3496
496
-2606
-5574
-8172
-10194
-11476
0
0
0
0
0
0
0
0
0
0
0
0
0
0
0
0
0
0
0
0
0
0
0
0
0
0
0
0
0
0
0
0
0
0
0
0
0
0
0
0
0
0
0
0
0
0
0
0
0
0
0
0
0
0
0
0
0
0
0
0
0
0
0
0
0
0
0
5957
5765
5200
4301
3128
1760
286
-1194
-2584
-3793
-4742
-5372
-5644
-5546
-5090
-4314
-3274
-2046
-717
620
1876
2968
3825
4397
4656
4595
4233
3607
2775
1806
776
-235
-1157
-1928
-2501
-2848
-2960
-2848
-2542
-2084
-1529
-933
-355
154
554
818
934
907
757
517
227
-64
-315
-484
-542
-470
-266
55
470
939
1413
1843
2178
2373
2394
2220
1846
1286
567
-265
-1157
-2044
-2861
-3543
-4035
-4292
-4284
-3998
-3442
-2640
-1635
-484
743
1974
3131
4140
4935
5460
5676
5562
5115
4353
3313
2048
630
-862
-2342
-3721
-4912
-5839
-6439
-6667
-6499
-5935
-5000
-3742
-2232
-560
1171
2854
4378
5643
6560
7065
7118
6710
5865
4636
3104
1373
-436
-2200
-3794
-5107
-6049
-6555
-6595
-6174
-5330
-4134
-2682
-1090
520
2026
3318
4304
4921
5137
4953
4404
3552
2482
1291
85
-1037
-1990
-2706
-3145
-3291
-3158
-2781
-2217
-1532
-801
-93
532
1029
1372
1552
1582
1489
1309
1084
855
654
504
411
368
355
340
291
172
-40
-361
-784
-1288
-1829
-2352
-2789
-3071
-3132
-2924
-2419
-1616
-547
724
2108
3489
4743
5742
6373
6544
6200
5328
3961
2180
109
-2096
-4259
-6198
-7741
-8747
-9112
-8787
-7779
-6157
-4043
-1601
970
3462
5672
7421
8570
9035
8792
7880
6399
4495
2351
164
-1869
-3575
-4819
-5516
-5640
-5226
-4363
-3185
-1853
-543
581
1380
1761
1679
1154
260
-878
-2098
-3219
-4061
-4468
-4324
-3570
-2214
-336
1923
4365
6757
8851
10409
11228
11162
10140
8177
5375
1920
-1933
-5882
-9600
-12765
-15093
-16360
-16424
-15244
-12880
-9492
-5331
-713
4004
8451
12281
15195
16971
17481
16701
14711
11690
7895
3642
-725
-4864
-8462
-11261
-13080
-13825
-13498
-12186
-10058
-7338
-4290
-1187
1709
4176
6043
7206
7633
7362
6492
5171
3577
1899
316
-1014
-1980
-2515
-2604
-2284
-1635
-768
186
1097
1845
2332
2496
2315
1805
1020
44
-1020
-2063
-2978
-3674
-4085
-4173
-3935
-3399
-2620
-1674
-647
371
1302
2078
2654
3009
3146
3089
2878
2563
2197
1828
1494
1217
1004
842
707
567
382
119
-246
-725
-1310
-1974
-2674
-3351
-3938
-4367
-4576
-4516
-4156
-3491
-2542
-1356
-2
1431
2848
4147
5234
6029
6474
6536
6210
5519
4512
3257
1840
350
-1121
-2491
-3688
-4657
-5363
-5789
-5934
-5815
-5455
-4889
-4150
-3275
-2296
-1244
-146
969
2076
3143
4135
5013
5731
6243
6502
6466
6103
5398
4355
3000
1388
-403
-2274
-4109
-5783
-7173
-8167
-8673
-8633
-8023
-6863
-5217
-3187
-908
1459
3744
5777
7407
8508
8998
8838
8043
6678
4850
2707
417
-1839
-3889
-5577
-6779
-7416
-7455
-6912
-5852
-4380
-2630
-758
1079
2732
4073
5007
5474
5460
4989
4125
2961
1609
194
-1161
-2348
-3276
-3882
-4133
-4029
-3598
-2894
-1988
-965
87
1087
1961
2651
3116
3338
3314
3063
2613
2007
1293
520
-260
-1004
-1669
-2222
-2636
-2892
-2978
-2892
-2636
-2222
-1669
-1004
-260
520
1293
2007
2613
3063
3314
3338
3116
2651
1961
1087
87
-965
-1988
-2894
-3598
-4029
-4133
-3882
-3276
-2348
-1161
194
1609
2961
4125
4989
5460
5474
5007
4073
2732
1079
-758
-2630
-4380
-5852
-6912
-7455
-7416
-6779
-5577
-3889
-1839
417
2707
4850
6678
8043
8838
8998
8508
7407
5777
3744
1459
-908
-3187
-5217
-6863
-8023
-8633
-8673
-8167
-7173
-5783
-4109
-2274
-403
1388
3000
4355
5398
6103
6466
6502
6243
5731
5013
4135
3143
2076
969
-146
-1244
-2296
-3275
-4150
-4889
-5455
-5815
-5934
-5789
-5363
-4657
-3688
-2491
-1121
350
1840
3257
4512
5519
6210
6536
6474
6029
5234
4147
2848
1431
-2
-1356
-2542
-3491
-4156
-4516
-4576
-4367
-3938
-3351
-2674
-1974
-1310
-725
-246
119
382
567
707
842
1004
1217
1494
1828
2197
2563
2878
3089
3146
3009
2654
2078
1302
371
-647
-1674
-2620
-3399
-3935
-4173
-4085
-3674
-2978
-2063
-1020
44
1020
1805
2315
2496
2332
1845
1097
186
-768
-1635
-2284
-2604
-2515
-1980
-1014
316
1899
3577
5171
6492
7362
7633
7206
6043
4176
1709
-1187
-4290
-7338
-10058
-12186
-13498
-13825
-13080
-11261
-8462
-4864
-725
3642
7895
11690
14711
16701
17481
16971
15195
12281
8451
4004
-713
-5331
-9492
-12880
-15244
-16424
-16360
-15093
-12765
-9600
-5882
-1933
1920
5375
8177
10140
11162
11228
10409
8851
6757
4365
1923
-336
-2214
-3570
-4324
-4468
-4061
-3219
-2098
-878
260
1154
1679
1761
1380
581
-543
-1853
-3185
-4363
-5226
-5640
-5516
-4819
-3575
-1869
164
2351
4495
6399
7880
8792
9035
8570
7421
5672
3462
970
-1601
-4043
-6157
-7779
-8787
-9112
-8747
-7741
-6198
-4259
-2096
109
2180
3961
5328
6200
6544
6373
5742
4743
3489
2108
724
-547
-1616
-2419
-2924
-3132
-3071
-2789
-2352
-1829
-1288
-784
-361
-40
172
291
340
355
368
411
504
654
855
1084
1309
1489
1582
1552
1372
1029
532
-93
-801
-1532
-2217
-2781
-3158
-3291
-3145
-2706
-1990
-1037
85
1291
2482
3552
4404
4953
5137
4921
4304
3318
2026
520
-1090
-2682
-4134
-5330
-6174
-6595
-6555
-6049
-5107
-3794
-2200
-436
1373
3104
4636
5865
6710
7118
7065
6560
5643
4378
2854
1171
-560
-2232
-3742
-5000
-5935
-6499
-6667
-6439
-5839
-4912
-3721
-2342
-862
630
2048
3313
4353
5115
5562
5676
5460
4935
4140
3131
1974
743
-484
-1635
-2640
-3442
-3998
-4284
-4292
-4035
-3543
-2861
-2044
-1157
-265
567
1286
1846
2220
2394
2373
2178
1843
1413
939
470
55
-266
-470
-542
-484
-315
-64
227
517
757
907
934
818
554
154
-355
-933
-1529
-2084
-2542
-2848
-2960
-2848
-2501
-1928
-1157
-235
776
1806
2775
3607
4233
4595
4656
4397
3825
2968
1876
620
-717
-2046
-3274
-4314
-5090
-5546
-5644
-5372
-4742
-3793
-2584
-1194
286
1760
3128
4301
5200
5765
0
0
0
0
0
0
0
0
0
0
0
0
0
0
0
0
0
0
0
0
0
0
0
0
0
0
0
0
0
0
0
0
0
0
0
0
0
0
0
0
0
0
0
0
0
0
0
0
0
0
0
0
0
0
0
0
0
0
0
0
0
0
0
0
0
0
0
11915
11497
10277
8347
5853
2982
-50
-3023
-5722
-7956
-9578
-10487
-10642
-10059
-8811
-7015
-4830
-2432
-7
2267
4235
5774
6803
7287
7235
6698
5762
4537
3147
1715
359
-824
-1767
-2426
-2793
-2887
-2752
-2449
-2048
-1620
-1231
-931
-752
-706
-781
-950
-1167
-1379
-1532
-1572
-1461
-1173
-702
-64
705
1554
2417
3222
3893
4366
4584
4512
4133
3456
2512
1357
60
-1293
-2613
-3808
-4795
-5504
-5882
-5900
-5553
-4862
-3869
-2638
-1250
205
1635
2947
4060
4904
5431
5614
5449
4957
4180
3178
2026
805
-397
-1503
-2442
-3158
-3614
-3796
-3710
-3382
-2860
-2202
-1475
-749
-89
448
823
1014
1020
859
569
203
-176
-507
-728
-789
-658
-323
204
888
1670
2475
3218
3811
4171
4230
3943
3294
2297
1002
-512
-2141
-3760
-5239
-6449
-7276
-7632
-7461
-6749
-5523
-3856
-1855
340
2571
4674
6490
7879
8735
8990
8624
7667
6190
4310
2169
-67
-2234
-4172
-5745
-6849
-7422
-7447
-6949
-5998
-4696
-3168
-1551
16
1414
2540
3328
3743
3792
3513
2974
2265
1483
729
89
-367
-596
-585
-351
62
589
1148
1655
2028
2199
2120
1771
1160
323
-677
-1760
-2830
-3791
-4551
-5033
-5181
-4967
-4391
-3484
-2304
-931
540
2006
3367
4528
5413
5966
6156
5978
5453
4623
3548
2302
965
-382
-1665
-2817
-3782
-4523
-5014
-5246
-5223
-4962
-4485
-3826
-3020
-2105
-1122
-111
889
1839
2704
3449
4043
4459
4676
4681
4468
4041
3416
2619
1686
663
-396
-1437
-2400
-3234
-3889
-4328
-4529
-4480
-4188
-3674
-2973
-2129
-1196
-230
712
1580
2327
2919
3331
3551
3579
3425
3106
2648
2081
1435
743
37
-652
-1298
-1875
-2359
-2729
-2966
-3055
-2985
-2751
-2353
-1802
-1118
-331
517
1380
2200
2916
3470
3808
3888
3681
3182
2404
1387
192
-1099
-2393
-3585
-4574
-5267
-5589
-5490
-4954
-3997
-2671
-1061
720
2541
4263
5745
6865
7523
7652
7224
6258
4810
2978
889
-1307
-3456
-5401
-7003
-8149
-8762
-8801
-8270
-7213
-5710
-3868
-1816
310
2377
4261
5857
7086
7896
8265
8197
7722
6885
5746
4372
2833
1197
-469
-2108
-3663
-5081
-6316
-7318
-8041
-8444
-8486
-8138
-7379
-6209
-4648
-2743
-566
1781
4173
6467
8509
10146
11240
11680
11392
10350
8584
6180
3280
70
-3228
-6377
-9137
-11292
-12665
-13135
-12653
-11242
-9003
-6107
-2779
712
4089
7077
9435
10975
11580
11215
9930
7854
5188
2182
-884
-3732
-6103
-7789
-8648
-8619
-7727
-6078
-3853
-1287
1354
3799
5799
7148
7708
7420
6311
4489
2136
-511
-3188
-5622
-7563
-8809
-9225
-8754
-7427
-5358
-2733
205
3187
5935
8193
9752
10468
10278
9201
7340
4870
2018
-954
-3781
-6215
-8049
-9139
-9412
-8872
-7602
-5747
-3502
-1092
1251
3317
4929
5961
6355
6115
5311
4064
2536
905
-648
-1963
-2914
-3421
-3461
-3062
-2301
-1294
-178
902
1811
2442
2722
2625
2171
1424
482
-533
-1496
-2284
-2799
-2978
-2799
-2284
-1496
-533
482
1424
2171
2625
2722
2442
1811
902
-178
-1294
-2301
-3062
-3461
-3421
-2914
-1963
-648
905
2536
4064
5311
6115
6355
5961
4929
3317
1251
-1092
-3502
-5747
-7602
-8872
-9412
-9139
-8049
-6215
-3781
-954
2018
4870
7340
9201
10278
10468
9752
8193
5935
3187
205
-2733
-5358
-7427
-8754
-9225
-8809
-7563
-5622
-3188
-511
2136
4489
6311
7420
7708
7148
5799
3799
1354
-1287
-3853
-6078
-7727
-8619
-8648
-7789
-6103
-3732
-884
2182
5188
7854
9930
11215
11580
10975
9435
7077
4089
712
-2779
-6107
-9003
-11242
-12653
-13135
-12665
-11292
-9137
-6377
-3228
70
3280
6180
8584
10350
11392
11680
11240
10146
8509
6467
4173
1781
-566
-2743
-4648
-6209
-7379
-8138
-8486
-8444
-8041
-7318
-6316
-5081
-3663
-2108
-469
1197
2833
4372
5746
6885
7722
8197
8265
7896
7086
5857
4261
2377
310
-1816
-3868
-5710
-7213
-8270
-8801
-8762
-8149
-7003
-5401
-3456
-1307
889
2978
4810
6258
7224
7652
7523
6865
5745
4263
2541
720
-1061
-2671
-3997
-4954
-5490
-5589
-5267
-4574
-3585
-2393
-1099
192
1387
2404
3182
3681
3888
3808
3470
2916
2200
1380
517
-331
-1118
-1802
-2353
-2751
-2985
-3055
-2966
-2729
-2359
-1875
-1298
-652
37
743
1435
2081
2648
3106
3425
3579
3551
3331
2919
2327
1580
712
-230
-1196
-2129
-2973
-3674
-4188
-4480
-4529
-4328
-3889
-3234
-2400
-1437
-396
663
1686
2619
3416
4041
4468
4681
4676
4459
4043
3449
2704
1839
889
-111
-1122
-2105
-3020
-3826
-4485
-4962
-5223
-5246
-5014
-4523
-3782
-2817
-1665
-382
965
2302
3548
4623
5453
5978
6156
5966
5413
4528
3367
2006
540
-931
-2304
-3484
-4391
-4967
-5181
-5033
-4551
-3791
-2830
-1760
-677
323
1160
1771
2120
2199
2028
1655
1148
589
62
-351
-585
-596
-367
89
729
1483
2265
2974
3513
3792
3743
3328
2540
1414
16
-1551
-3168
-4696
-5998
-6949
-7447
-7422
-6849
-5745
-4172
-2234
-67
2169
4310
6190
7667
8624
8990
8735
7879
6490
4674
2571
340
-1855
-3856
-5523
-6749
-7461
-7632
-7276
-6449
-5239
-3760
-2141
-512
1002
2297
3294
3943
4230
4171
3811
3218
2475
1670
888
204
-323
-658
-789
-728
-507
-176
203
569
859
1020
1014
823
448
-89
-749
-1475
-2202
-2860
-3382
-3710
-3796
-3614
-3158
-2442
-1503
-397
805
2026
3178
4180
4957
5449
5614
5431
4904
4060
2947
1635
205
-1250
-2638
-3869
-4862
-5553
-5900
-5882
-5504
-4795
-3808
-2613
-1293
60
1357
2512
3456
4133
4512
4584
4366
3893
3222
2417
1554
705
-64
-702
-1173
-1461
-1572
-1532
-1379
-1167
-950
-781
-706
-752
-931
-1231
-1620
-2048
-2449
-2752
-2887
-2793
-2426
-1767
-824
359
1715
3147
4537
5762
6698
7235
7287
6803
5774
4235
2267
-7
-2432
-4830
-7015
-8811
-10059
-10642
-10487
-9578
-7956
-5722
-3023
-50
2982
5853
8347
10277
11497
0
0
0
0
0
0
0
0
0
0
0
0
0
0
0
0
0
0
0
0
0
0
0
0
0
0
0
0
0
0
0
0
0
0
0
0
0
0
0
0
0
0
0
0
0
0
0
0
0
0
0
0
0
0
0
0
0
0
0
0
0
0
0
0
0
0
0
