19.633333333333333
19.433333333333334
13.783333333333333
13.216666666666667
16.083333333333332
20.216666666666665
22.05
20.9
23.316666666666666
18.866666666666667
22.416666666666668
20.1
22.283333333333335
20.633333333333333
21.983333333333334
19.683333333333334
17.283333333333335
20.516666666666666
19.966666666666665
22.366666666666667
20.533333333333335
21.666666666666668
20.283333333333335
21.916666666666668
22.833333333333332
22.45
16.466666666666665
21.866666666666667
18.6
16.183333333333334
