0
4278
8485
12550
16402
19973
23203
26035
28419
30314
31684
32507
32766
32456
31581
30156
28203
25758
22860
19561
15917
11991
7852
3573
-771
-5106
-9352
-13436
-17284
-20829
-24006
-26759
-29038
-30801
-32015
-32660
-32720
-32196
-31094
-29434
-27244
-24563
-21439
-17925
-14087
-9991
-5712
-1327
3083
7441
11667
15683
19415
22796
25762
28259
30239
31667
32514
32764
32412
31462
29931
27847
25247
22178
18696
14865
10755
6443
2009
-2465
-6896
-11201
-15299
-19113
-22570
-25606
-28162
-30190
-31650
-32514
-32764
-32394
-31411
-29832
-27686
-25012
-21861
-18292
-14372
-10175
-5781
-1274
3259
7733
12062
16161
19951
23359
26318
28771
30668
31973
32659
32711
32127
30919
29107
26727
23823
20452
16679
12577
8226
3711
-879
-5455
-9926
-14204
-18204
-21846
-25058
-27775
-29942
-31516
-32464
-32766
-32415
-31417
-29790
-27567
-24790
-21514
-17805
-13736
-9388
-4849
-209
4437
8997
13377
17489
21248
24578
27411
29687
31359
32393
32765
32468
31507
29899
27676
24884
21579
17828
13707
9301
4700
0
-4703
-9311
-13729
-17864
-21629
-24947
-27746
-29968
-31566
-32503
-32761
-32332
-31225
-29460
-27076
-24119
-20653
-16748
-12488
-7961
-3263
1506
6246
10856
15238
19298
22949
26112
28719
30713
32051
32702
32651
31900
30461
28366
25658
22395
18646
14492
10022
5332
524
-4298
-9029
-13567
-17811
-21669
-25055
-27896
-30127
-31699
-32577
-32739
-32182
-30916
-28967
-26379
-23206
-19519
-15397
-10932
-6222
-1372
3511
8320
12945
17284
21240
24723
27655
29968
31611
32545
32748
32214
30954
28995
26381
23169
19431
15252
10724
5950
1038
-3899
-8751
-13405
-17757
-21705
-25159
-28038
-30277
-31822
-32637
-32702
-32014
-30588
-28456
-25665
-22280
-18377
-14047
-9388
-4509
477
5455
10308
14924
19194
23018
26305
28979
30974
32243
32756
32498
31476
29711
27244
24133
20449
16280
11722
6884
1880
-3170
-8148
-12935
-17416
-21484
-25041
-28000
-30291
-31856
-32659
-32677
-31909
-30373
-28105
-25157
-21600
-17520
-13013
-8189
-3163
1941
7001
11893
16499
20705
24407
27516
29953
31659
32589
32721
32049
30590
28377
25463
21921
17836
13307
8448
3377
-1780
-6896
-11843
-16499
-20746
-24479
-27603
-30040
-31727
-32621
-32699
-31957
-30413
-28105
-25088
-21439
-17247
-12618
-7668
-2522
2689
7836
12787
17416
21605
25247
28248
30530
32035
32723
32574
31592
29801
27244
23987
20112
15718
10917
5832
595
-4660
-9798
-14685
-19194
-23208
-26622
-29345
-31307
-32455
-32757
-32206
-30813
-28614
-25665
-22043
-17841
-13169
-8148
-2911
2405
7661
12717
17440
21705
25397
28419
30689
32146
32750
32483
31352
29385
26633
23169
19084
14487
9500
4255
-1105
-6439
-11603
-16457
-20870
-24723
-27911
-30346
-31961
-32712
-32578
-31559
-29684
-27001
-23582
-19519
-14922
-9916
-4636
771
6162
11386
16301
20770
24671
27896
30354
31977
32719
32558
31498
29565
26813
23317
19172
14492
9407
4058
-1405
-6833
-12073
-16978
-21411
-25247
-28377
-30713
-32188
-32760
-32410
-31148
-29007
-26047
-22351
-18021
-13179
-7961
-2516
3003
8440
13640
18454
22745
26389
29282
31340
32503
32737
32033
30409
27913
24613
20604
16000
10932
5547
0
-5550
-10942
-16021
-20637
-24657
-27963
-30458
-32068
-32745
-32468
-31244
-29107
-26118
-22364
-17952
-13013
-7689
-2137
3479
8997
14252
19090
23367
26955
29748
31662
32640
32650
31691
29790
27003
23411
19119
14256
8965
3403
-2262
-7862
-13230
-18204
-22633
-26385
-29345
-31423
-32556
-32707
-31871
-30072
-27362
-23823
-19561
-14703
-9397
-3803
1908
7565
12994
18030
22517
26318
29316
31419
32559
32702
31841
30001
27238
23635
19302
14372
8996
3339
-2422
-8112
-13553
-18577
-23026
-26761
-29667
-31650
-32648
-32629
-31591
-29565
-26615
-22829
-18327
-13249
-7752
-2009
3799
9491
14886
19815
24120
27666
30338
32052
32751
32412
31044
28690
25423
21345
16586
11295
5642
-193
-6025
-11667
-16938
-21669
-25706
-28920
-31206
-32489
-32726
-31909
-30063
-27244
-23544
-19081
-13998
-8460
-2644
3259
9060
14569
19606
24006
27626
30346
32075
32756
32366
30916
28451
25051
20827
15917
10480
4696
-1244
-7147
-12817
-18065
-22719
-26622
-29644
-31684
-32674
-32578
-31398
-29173
-25975
-21909
-17110
-11737
-5969
0
5972
11747
17130
21941
26016
29217
31436
32596
32657
31615
29504
26395
22390
17625
12260
6476
470
-5554
-11392
-16845
-21726
-25867
-29127
-31393
-32585
-32662
-31619
-29491
-26349
-22301
-17483
-12062
-6222
-166
5898
11762
17222
22088
26191
29387
31566
32648
32597
31411
29131
25835
21636
16679
11138
5205
-912
-7001
-12847
-18244
-23003
-26955
-29960
-31912
-32739
-32412
-30940
-28374
-24803
-20353
-15179
-9465
-3413
2763
8843
14612
19863
24407
28083
30758
32334
32755
32003
30103
27124
23169
18381
12929
7010
836
-5370
-11386
-16993
-21989
-26191
-29446
-31636
-32680
-32538
-31214
-28754
-25247
-20819
-15630
-9868
-3744
2518
8692
14551
19879
24480
28184
30855
32393
32739
31880
29845
26709
22585
17625
12011
5950
-333
-6607
-12639
-18204
-23094
-27128
-30152
-32055
-32763
-32248
-30528
-27666
-23767
-18976
-13473
-7461
-1167
5173
11322
17047
22132
26385
29644
31785
32724
32427
30901
28203
24435
19738
14288
8294
1981
-4409
-10635
-16457
-21654
-26025
-29402
-31656
-32697
-32485
-31027
-28377
-24634
-19943
-14481
-8460
-2109
4324
10594
16457
21686
26077
29459
31699
32710
32451
30929
28203
24378
19601
14056
7961
1552
-4919
-11201
-17047
-22227
-26537
-29806
-31906
-32751
-32307
-30590
-27666
-23648
-18696
-13002
-6791
-309
6187
12441
18204
23246
27366
30398
32222
32762
31995
29951
26709
22398
17189
11289
4935
-1619
-8112
-14281
-19879
-24678
-28486
-31147
-32552
-32643
-31416
-28917
-25247
-20553
-15023
-8882
-2378
4225
10659
16662
21989
26421
29777
31918
32756
32254
30432
27362
23169
18024
12137
5748
-879
-7473
-13762
-19485
-24407
-28323
-31070
-32533
-32650
-31414
-28875
-25136
-20353
-14721
-8475
-1874
4807
11292
17307
22602
26955
30182
32146
32765
32010
29911
26556
22083
16679
10571
4016
-2711
-9326
-15551
-21121
-25799
-29387
-31732
-32732
-32344
-30582
-27520
-23286
-18060
-12062
-5547
1206
7911
14280
20041
24947
28786
31393
32653
32513
30975
28105
24024
18906
12972
6476
-301
-7069
-13534
-19415
-24458
-28443
-31196
-32596
-32580
-31148
-28360
-24336
-19250
-13322
-6811
0
6813
13332
19269
24364
28393
31178
32594
32578
31129
28309
24241
19103
13120
6555
-301
-7147
-13680
-19609
-24671
-28641
-31340
-32648
-32505
-30916
-27948
-23735
-18460
-12360
-5706
1206
8067
14569
20421
25359
29162
31656
32728
32328
30473
27244
22786
17298
11027
4255
-2711
-9557
-15974
-21669
-26383
-29901
-32062
-32766
-31979
-29736
-26137
-21345
-15577
-9095
-2195
4807
11593
17850
23291
27666
30771
32464
32665
31362
28614
24546
19345
13249
6538
-477
-7473
-14125
-20126
-25196
-29098
-31650
-32732
-32292
-30349
-26991
-22374
-16712
-10266
-3339
3746
10659
17076
22694
27251
30530
32377
32702
31489
28793
24740
19519
13375
6597
-494
-7565
-14281
-20323
-25404
-29282
-31772
-32753
-32178
-30072
-26533
-21729
-15887
-9285
-2238
4919
11843
18204
23695
28052
31066
32589
32548
30942
27847
23411
17845
11416
4435
-2763
-9830
-16425
-22227
-26955
-30378
-32330
-32713
-31507
-28769
-24631
-19293
-13013
-6096
1120
8285
15047
21076
26077
29802
32068
32763
31850
29372
25451
20276
14101
7230
0
-7232
-14111
-20295
-25478
-29402
-31872
-32764
-32033
-29711
-25913
-20827
-14703
-7845
-595
6688
13640
19914
25196
29220
31785
32759
32093
29819
26047
20967
14832
7950
664
-6656
-13645
-19948
-25247
-29273
-31822
-32763
-32046
-29706
-25861
-20703
-14492
-7543
-209
7138
14125
20396
25629
29557
31977
32766
31880
29363
25342
20022
13674
6622
-771
-8129
-15071
-21240
-26318
-30042
-32219
-32734
-31559
-28754
-24461
-18901
-12360
-5177
2276
9615
16457
22447
27271
30678
32489
32608
31026
27825
23169
17302
10527
3199
-4298
-11573
-18244
-23960
-28419
-31387
-32705
-32302
-30198
-26501
-21406
-15179
-8148
-684
6817
13962
20369
25700
29668
32064
32757
31710
28975
24698
19103
12488
5205
-2358
-9798
-16717
-22745
-27557
-30894
-32577
-32513
-30703
-27244
-22319
-16192
-9191
-1693
5898
13175
19743
25247
29388
31941
32765
31816
29141
24884
19276
12618
5272
-2362
-9871
-16845
-22903
-27714
-31014
-32621
-32445
-30495
-26875
-21781
-15492
-8351
-749
6896
14165
20658
26016
29942
32220
32721
31417
28377
23767
17841
10926
3403
-4310
-11787
-18613
-24407
-28847
-31684
-32759
-32010
-29476
-25298
-19707
-13013
-5590
2148
9769
16845
22980
27828
31116
32659
32366
30254
26438
21133
14635
7310
-430
-8148
-15409
-21801
-26962
-30598
-32502
-32563
-30778
-27244
-22162
-15818
-8572
-836
6950
14343
20920
26305
30190
32350
32661
31103
27762
22829
16586
9388
1649
-6187
-13670
-20369
-25898
-29936
-32249
-32702
-31267
-28024
-23161
-16955
-9766
-2009
5867
13405
20168
25762
29860
32222
32709
31291
28049
23169
16936
9711
1916
-5992
-13553
-20323
-25904
-29968
-32275
-32687
-31179
-27837
-22855
-16527
-9222
-1372
6562
14111
20829
26318
30252
32397
32623
30916
27374
22206
15718
8294
373
-7571
-15067
-21669
-26980
-30683
-32556
-32483
-30469
-26631
-21197
-14492
-6916
1077
9009
16402
22811
27851
31216
32702
32218
29790
25564
19793
12824
5078
-2978
-10856
-18080
-24210
-28873
-31785
-32766
-31757
-28816
-24119
-17952
-10689
-2772
5316
13083
20053
25799
29968
32304
32662
31017
27469
22233
15630
8064
0
-8067
-15639
-22251
-27492
-31038
-32669
-32282
-29899
-25665
-19840
-12785
-4935
3223
11185
18454
24578
29176
31960
32754
31507
28295
23317
16881
9388
1306
-6859
-14599
-21426
-26913
-30713
-32587
-32415
-30206
-26096
-20343
-13307
-5431
2789
10837
18204
24423
29100
31937
32755
31498
28244
23199
16679
9099
938
-7285
-15047
-21854
-27271
-30951
-32659
-32282
-29844
-25497
-19519
-12290
-4271
4023
12062
19330
25359
29762
32252
32670
30984
27303
21861
15008
7184
-1105
-9326
-16947
-23474
-28484
-31650
-32766
-31757
-28687
-23753
-17274
-9670
-1435
6896
14781
21705
27215
30951
32666
32248
29720
25247
19119
11737
3583
-4807
-12886
-20121
-26035
-30239
-32455
-32534
-30469
-26395
-20578
-13400
-5336
3083
11302
18775
25007
29584
32200
32681
30992
27244
21684
14679
6695
-1736
-10055
-17706
-24178
-29038
-31959
-32744
-31340
-27837
-22468
-15592
-7668
771
9163
16942
23583
28641
31772
32764
31548
28203
22955
16155
8261
-193
-8637
-16499
-23246
-28419
-31667
-32766
-31641
-28366
-23161
-16378
-8479
0
8482
16388
23178
28387
31659
32766
31633
28334
23092
16267
8323
-193
-8699
-16610
-23382
-28547
-31748
-32764
-31521
-28105
-22748
-15818
-7793
771
9287
17161
23850
28887
31923
32744
31292
27666
22114
15023
6884
-1736
-10238
-18030
-24565
-29387
-32158
-32681
-30919
-26991
-21173
-13868
-5590
3083
11543
19194
25499
30012
32414
32534
30361
26047
19895
12336
3903
-4807
-13181
-20625
-26610
-30711
-32637
-32248
-29569
-24790
-18247
-10405
-1820
6896
15124
22277
27843
31423
32760
31757
28483
23169
16196
8060
-655
-9326
-17331
-24094
-29127
-32068
-32703
-30984
-27033
-21133
-13707
-5289
3511
12062
19743
25999
30374
32552
32371
29844
25150
18630
10754
2094
-6719
-15047
-22282
-27896
-31478
-32765
-31661
-28244
-22763
-15616
-7324
1506
10228
18204
24847
29668
32313
32585
30461
26096
19809
12062
3423
-5469
-13962
-21426
-27310
-31178
-32740
-31881
-28661
-23317
-16242
-7961
912
9721
17811
24578
29519
32265
32608
30520
26157
19840
12041
3339
-5613
-14150
-21629
-27492
-31296
-32755
-31758
-28377
-22863
-15630
-7219
1736
10564
18599
25234
29968
32443
32468
30041
25342
18725
10689
1842
-7147
-15598
-22868
-28404
-31785
-32751
-31227
-27327
-21345
-13736
-5078
3969
12717
20496
26712
30887
32702
32014
28875
23522
16364
7950
-1077
-10024
-18204
-24986
-29848
-32414
-32483
-30050
-25298
-18593
-10451
-1499
7571
16058
23305
28750
31969
32711
30916
26720
20449
12587
3744
-5391
-14111
-21734
-27666
-31442
-32766
-31533
-27837
-21964
-14372
-5653
3510
12401
20323
26654
30894
32710
31957
28692
23169
15822
7226
-1941
-10958
-19113
-25762
-30378
-32596
-32237
-29328
-24096
-16955
-8469
691
9799
18132
25028
29936
32465
32412
29778
24772
17791
9388
234
-8940
-17404
-24479
-29598
-32350
-32513
-30072
-25219
-18342
-9991
-836
8388
16942
24135
29387
32275
32563
30226
25451
18620
10283
1113
-8148
-16754
-24006
-29316
-32252
-32574
-30254
-25477
-18630
-10266
-1066
8222
16845
24098
29390
32286
32549
30156
25298
18372
9941
695
-8610
-17213
-24407
-29603
-32371
-32482
-29925
-24908
-17841
-9305
0
9307
17850
24924
29942
32491
32356
29546
24293
17028
8351
-1019
-10308
-18745
-25629
-30386
-32621
-32145
-28995
-23432
-15917
-7073
2362
11603
19879
26497
30903
32728
31816
28241
22301
14491
5464
-4023
-13175
-21224
-27492
-31451
-32766
-31324
-27244
-20868
-12732
-3519
5992
15001
22745
28568
31977
32682
30619
25962
19103
10622
1238
-8253
-17047
-24394
-29668
-32420
-32412
-29643
-24347
-16973
-8148
1373
10781
19269
26112
30723
32705
31886
28334
22351
14449
5304
-4298
-13534
-21608
-27826
-31650
-32749
-31026
-26627
-19930
-11510
-2094
7504
16457
23989
29446
32355
32460
29752
24461
17046
8148
-1459
-10942
-19477
-26318
-30870
-32732
-31742
-27983
-21780
-13674
-4371
5316
14541
22496
28484
31977
32669
30495
25645
18541
9807
209
-9410
-18204
-25397
-30356
-32640
-32046
-28625
-22675
-14721
-5464
4278
13645
21806
28038
31787
32719
30748
26047
19032
10324
695
-8997
-17892
-25196
-30256
-32621
-32077
-28669
-22701
-14703
-5389
4409
13816
21989
28193
31872
32694
30582
25725
18555
9715
0
-9718
-18563
-25739
-30598
-32699
-31850
-28126
-21861
-13619
-4144
5708
15047
23026
28920
32194
32549
29951
24631
17073
7961
-1876
-11547
-20168
-26955
-31287
-32766
-31257
-26894
-20073
-11416
-1713
8148
17267
24807
30076
32589
32113
28690
22632
14492
5018
-4919
-14407
-22570
-28657
-32104
-32591
-30072
-24775
-17189
-8012
1907
11653
20323
27113
31393
32763
31094
26539
19519
10683
852
-9060
-18132
-25519
-30530
-32697
-31816
-27965
-21503
-13031
-3339
6667
16052
23938
29584
32459
32292
29097
23169
15065
5543
-4501
-14125
-22423
-28612
-32108
-32578
-29977
-24546
-16798
-7461
2582
12385
21019
27666
31694
32721
30647
25665
18247
9095
-923
-10856
-19760
-26786
-31264
-32766
-31146
-26556
-19431
-10451
-470
9557
18675
26008
30855
32749
31507
27244
20368
11537
1595
-8501
-17784
-25359
-30497
-32702
-31758
-27754
-21074
-12360
-2451
7696
17103
24860
30215
32648
31922
28105
21563
12929
3039
-7147
-16643
-24525
-30025
-32607
-32016
-28309
-21844
-13249
-3359
6859
16412
24364
29939
32588
32050
28377
21924
13322
3413
-6833
-16412
-24382
-29960
-32596
-32028
-28309
-21804
-13150
-3199
7069
16643
24578
30089
32630
31946
28105
21482
12732
2719
-7565
-17103
-24947
-30318
-32680
-31797
-27754
-20951
-12062
-1970
8320
17784
25478
30633
32732
31565
27244
20200
11134
952
-9326
-18675
-26154
-31014
-32765
-31228
-26556
-19215
-9941
333
10578
19760
26955
31436
32749
30759
25665
17979
8475
-1887
-12062
-21019
-27851
-31864
-32650
-30126
-24546
-16475
-6728
3703
13762
22423
28806
32258
32427
29291
23169
14683
4696
-5772
-15653
-23938
-29777
-32571
-32033
-28214
-21503
-12587
-2378
8077
17706
25519
30711
32748
31416
26850
19519
10175
-219
-10594
-19879
-27113
-31549
-32726
-30520
-25157
-17189
-7439
3083
13289
22119
28657
32222
32441
29289
23092
14492
4381
-6187
-16114
-24364
-30076
-32652
-31820
-27666
-20619
-11416
-1017
9491
19008
26537
31287
32757
30792
25595
17709
7961
-2625
-12939
-21894
-28547
-32194
-32451
-29286
-23032
-14346
-4144
6498
16457
24678
30291
32699
31644
27238
19943
10531
0
-10533
-19951
-27251
-31656
-32694
-30254
-24592
-16309
-6286
4409
14637
23305
29487
32519
32077
28203
21312
12137
1660
-8997
-18692
-26385
-31248
-32757
-30748
-25434
-17383
-7461
3266
13645
22556
29038
32390
32248
28625
21909
12824
2351
-8378
-18204
-26061
-31098
-32765
-30880
-25645
-17625
-7689
3083
13524
22496
29023
32393
32235
28565
21780
12618
2077
-8692
-18516
-26318
-31245
-32755
-30681
-25247
-17046
-6975
3863
14280
23132
29446
32527
32033
28015
20915
11510
836
-9932
-19609
-27125
-31650
-32682
-30103
-24198
-15616
-5304
5596
15880
24407
30232
32705
31550
26894
19250
9465
-1373
-12062
-21411
-28379
-32188
-32412
-29022
-22395
-13267
-2656
8253
18244
26197
31222
32754
30619
25054
16679
6433
-4537
-15001
-23783
-29895
-32648
-31731
-27244
-19690
-9916
976
11762
21224
28293
32170
32415
28997
22301
13080
2378
-8595
-18599
-26497
-31393
-32729
-30352
-24528
-15917
-5494
5554
15974
24578
30386
32734
31352
26395
18425
8351
-2679
-13405
-22602
-29217
-32491
-32046
-27932
-20616
-10936
0
10939
20625
27944
32055
32482
29173
22507
13249
2462
-8610
-18692
-26622
-31481
-32707
-30156
-24119
-15293
-4696
6446
16845
25296
30817
32766
30916
25477
17079
6695
-4468
-15115
-24006
-30106
-32702
-31489
-26606
-18620
-8460
2689
13528
22788
29387
32552
31909
27532
19930
9991
-1120
-12103
-21669
-28693
-32350
-32208
-28280
-21025
-11295
-234
10856
20671
28052
32127
32412
28871
21921
12379
1372
-9799
-19815
-27487
-31906
-32545
-29328
-22632
-13249
-2291
8940
19113
27016
31708
32629
29666
23169
13911
2992
-8285
-18577
-26654
-31549
-32677
-29899
-23544
-14372
-3477
7836
18214
26411
31442
32702
30037
23764
14635
3744
-7598
-18030
-26293
-31393
-32711
-30086
-23833
-14703
-3796
7571
18026
26305
31405
32707
30050
23753
14577
3632
-7754
-18204
-26446
-31479
-32688
-29925
-23522
-14256
-3253
8148
18560
26712
31608
32650
29706
23135
13736
2656
-8751
-19090
-27095
-31785
-32581
-29385
-22585
-13013
-1842
9557
19786
27585
31994
32468
28947
21861
12081
809
-10564
-20637
-28166
-32219
-32293
-28377
-20951
-10932
440
11762
21629
28819
32437
32033
27653
19840
9561
-1907
-13142
-22745
-29519
-32621
-31661
-26755
-18514
-7961
3586
14689
23960
30239
32740
31148
25658
16955
6128
-5469
-16384
-25247
-30944
-32759
-30461
-24336
-15151
-4058
7546
18204
26572
31595
32638
29565
22763
13087
1756
-9798
-20118
-27896
-32148
-32332
-28424
-20915
-10754
771
12203
22088
29171
32552
31797
27001
18769
8148
-3511
-14727
-24069
-30346
-32754
-30984
-25260
-16309
-5272
6439
17331
26008
31359
32696
29845
23169
13521
2137
-9523
-19964
-27843
-32146
-32318
-28334
-20703
-10405
1234
12717
22564
29503
32637
31559
26407
17841
6968
-4807
-15965
-25058
-30909
-32757
-30361
-24028
-14577
-3233
8533
19194
27364
31977
32433
28669
21173
10917
-762
-12345
-22321
-29387
-32619
-31592
-26438
-17828
-6884
4961
16161
25247
31028
32744
30168
23635
13998
2522
-9287
-19879
-27860
-32179
-32265
-28105
-20242
-9711
2101
13640
23382
30040
32733
31103
25362
16267
5018
-6896
-17901
-26537
-31659
-32585
-29190
-21921
-11741
0
11743
21929
29201
32589
31641
26480
17791
6728
-5233
-16499
-25566
-31222
-32709
-29826
-22955
-13013
-1327
10537
20994
28641
32450
31909
27088
18630
7668
-4324
-15739
-25041
-30976
-32744
-30105
-23411
-13561
-1880
10055
20637
28436
32397
31982
27244
18822
7852
-4182
-15653
-25007
-30974
-32743
-30072
-23319
-13400
-1660
10308
20879
28612
32455
31881
26966
18377
7282
-4807
-16245
-25468
-31216
-32702
-29720
-22675
-12528
-664
11292
21705
29147
32596
31576
26225
17274
5950
-6193
-17489
-26383
-31650
-32564
-28995
-21433
-10917
1105
12978
23064
29968
32737
30984
24950
15465
3839
-8320
-19330
-27666
-32170
-32217
-27796
-19519
-8531
3643
15314
24860
30951
32739
29972
23032
12884
938
-11141
-21669
-29176
-32613
-31498
-25982
-16835
-5332
6918
18204
26944
31912
32410
28366
20343
9465
-2743
-14569
-24351
-30713
-32759
-30198
-23387
-13283
-1306
10856
21492
29100
32604
31507
25962
16748
5166
-7147
-18454
-27152
-32008
-32332
-28076
-19840
-8789
3510
15314
24947
31038
32720
29752
22551
12140
0
-12143
-22559
-29762
-32723
-31017
-24884
-15198
-3339
8998
20053
28242
32393
31908
26854
17952
6476
-5930
-17489
-26541
-31785
-32465
-28481
-20402
-9388
2978
14918
24714
30951
32730
29790
22554
12062
-172
-12385
-22811
-29942
-32746
-30813
-24421
-14492
-2462
9926
20879
28806
32556
31581
26021
16679
4912
-7571
-18956
-27585
-32200
-32127
-27374
-18630
-7167
5342
17076
26318
31719
32485
28504
20353
9222
-3259
-15267
-25041
-31147
-32687
-29434
-21861
-11077
1334
13553
23783
30517
32764
30189
23169
12736
423
-11953
-22570
-29860
-32743
-30792
-24293
-14202
-2009
10483
21426
29201
32652
31267
25247
15482
3419
-9153
-20369
-28563
-32514
-31633
-26047
-16586
-4654
7973
19415
27967
32350
31910
26709
17520
5712
-6950
-18577
-27428
-32179
-32116
-27244
-18292
-6597
6088
17864
26962
32015
32263
27666
18910
7310
-5391
-17284
-26579
-31872
-32366
-27983
-19380
-7852
4862
16845
26287
31760
32433
28203
19707
8226
-4501
-16550
-26094
-31684
-32472
-28334
-19895
-8434
4310
16402
26003
31651
32486
28377
19946
8475
-4288
-16402
-26016
-31662
-32478
-28334
-19861
-8351
4437
16550
26133
31717
32445
28203
19638
8060
-4756
-16845
-26351
-31812
-32386
-27983
-19276
-7602
5243
17284
26666
31941
32293
27666
18769
6975
-5898
-17864
-27071
-32095
-32157
-27244
-18113
-6176
6719
18577
27557
32265
31968
26709
17302
5205
-7702
-19415
-28111
-32434
-31710
-26047
-16326
-4058
8843
20369
28719
32588
31368
25247
15179
2736
-10137
-21426
-29364
-32705
-30922
-24293
-13853
-1238
11573
22570
30025
32764
30353
23169
12339
-434
-13142
-23783
-30678
-32739
-29638
-21861
-10632
2276
14829
25041
31296
32604
28754
20353
8727
-4282
-16616
-26318
-31849
-32328
-27676
-18630
-6622
6439
18480
27585
32302
31880
26381
16679
4318
-8734
-20396
-28806
-32620
-31227
-24845
-14492
-1820
11144
22329
29942
32763
30335
23047
12062
-859
-13645
-24243
-30951
-32688
-29173
-20967
-9388
3703
16202
26094
31785
32354
27709
18593
6476
-6688
-18775
-27832
-32393
-31718
-25913
-15915
-3339
9779
21317
29402
32723
30737
23764
12933
0
-12935
-23772
-30745
-32720
-29372
-21243
-9654
3510
16105
26077
31798
32332
27590
18342
6096
-7147
-19226
-28162
-32493
-31507
-25362
-15061
-2291
10856
22227
29953
32765
30198
22670
11416
-1716
-14569
-25028
-31370
-32548
-28366
-19509
-7435
5867
18204
27539
32330
31782
25982
15887
3163
-10086
-21669
-29667
-32753
-30413
-23032
-11831
1334
14281
24860
31312
32563
28403
19519
7387
-5976
-18347
-27666
-32377
-31693
-25725
-15465
-2622
10659
22164
29968
32766
30086
22374
10917
-2369
-15261
-25599
-31650
-32396
-27709
-18372
-5950
7473
19643
28516
32596
31195
24546
13765
664
-12550
-23653
-30771
-32702
-29116
-20616
-8634
4807
17440
27128
32230
31881
26137
15968
3092
-10308
-21966
-29901
-32766
-30072
-22272
-10689
2711
15653
25937
31812
32275
27244
17574
4908
-8595
-20637
-29162
-32712
-30681
-23411
-12140
1206
14349
25041
31451
32480
27948
18630
6117
-7445
-19735
-28641
-32634
-31026
-24089
-13013
301
13567
24501
31222
32570
28309
19172
6728
-6876
-19298
-28393
-32589
-31159
-24347
-13326
0
13328
24354
31166
32585
28360
19220
6748
-6896
-19347
-28443
-32604
-31103
-24198
-13087
301
13640
24608
31294
32533
28105
18778
6176
-7504
-19879
-28786
-32669
-30847
-23635
-12290
1206
14493
25247
31583
32389
27520
17828
5008
-8692
-20870
-29387
-32745
-30352
-22624
-10917
2711
15865
26229
31977
32094
26556
16335
3233
-10442
-22277
-30182
-32757
-29546
-21112
-8944
4807
17712
27483
32390
31559
25136
14256
845
-12717
-24026
-31070
-32598
-28334
-19032
-6345
7473
19964
28903
32697
30666
23169
11540
-2148
-15456
-26008
-31918
-32127
-26596
-16309
-3103
10659
22517
30346
32741
29270
20553
8148
-5719
-18563
-28078
-32552
-31179
-24202
-12874
771
14281
25223
31625
32332
27214
17189
4062
-9798
-21894
-30040
-32762
-29565
-21025
-8682
5233
18204
27882
32514
31257
24336
13002
-691
-14262
-25247
-31650
-32307
-27094
-16955
-3732
10171
22227
30239
32747
29289
20494
7961
-6025
-18915
-28356
-32621
-30929
-23586
-11931
1907
15400
26077
31982
32033
26215
15592
2109
-11762
-23479
-30889
-32629
-28377
-18910
-5966
8077
20637
29402
32756
30080
21861
9613
-4409
-17621
-27585
-32459
-31342
-24435
-13013
816
14497
25499
31785
32188
26631
16140
2656
-11322
-23203
-30782
-32650
-28456
-18976
-5969
8148
20755
29503
32763
29925
21514
9095
-5021
-18204
-27995
-32564
-31058
-23753
-12011
1977
15598
26305
32095
31880
25698
14703
952
-12978
-24480
-31393
-32418
-27360
-17165
-3744
10381
22559
30497
32702
28754
19394
6380
-7836
-20580
-29446
-32762
-29899
-21393
-8847
5370
18577
28275
32630
30814
23169
11138
-3003
-16579
-27016
-32334
-31523
-24733
-13249
751
14612
25700
31906
32048
26096
15179
1372
-12698
-24354
-31371
-32412
-27273
-16932
-3359
10856
23003
30758
32638
28280
18514
5205
-9101
-21669
-30089
-32747
-29131
-19930
-6905
7445
20371
29387
32762
29844
21189
8460
-5898
-19125
-28673
-32702
-30433
-22301
-9868
4468
17946
27963
32585
30916
23274
11134
-3159
-16845
-27275
-32428
-31305
-24119
-12260
1977
15833
26622
32247
31615
24845
13249
-923
-14918
-26016
-32055
-31858
-25461
-14105
0
14107
25468
31864
32046
25975
14832
792
-13405
-24986
-31684
-32188
-26395
-15435
-1452
12817
24578
31525
32292
26727
15917
1981
-12345
-24250
-31393
-32366
-26976
-16280
-2378
11993
24006
31293
32415
27148
16527
2644
-11762
-23850
-31230
-32442
-27244
-16660
-2779
11653
23783
31206
32451
27267
16679
2783
-11667
-23806
-31222
-32441
-27217
-16586
-2656
11803
23919
31277
32412
27094
16378
2398
-12062
-24120
-31370
-32361
-26894
-16056
-2009
12441
24407
31496
32285
26615
15616
1488
-12939
-24777
-31650
-32178
-26251
-15055
-836
13553
25223
31826
32033
25797
14372
52
-14280
-25739
-32015
-31841
-25247
-13561
863
15115
26318
32208
31592
24592
12618
-1908
-16052
-26950
-32393
-31276
-23823
-11540
3083
17085
27622
32556
30880
22932
10324
-4384
-18204
-28323
-32682
-30389
-21909
-8965
5807
19399
29038
32755
29790
20744
7461
-7347
-20658
-29748
-32757
-29067
-19428
-5811
8997
21966
30436
32669
28203
17952
4016
-10746
-23305
-31079
-32468
-27184
-16309
-2077
12583
24657
31656
32135
25992
14491
0
-14493
-25999
-32139
-31644
-24613
-12494
2208
16457
27304
32503
30975
23032
10317
-4537
-18454
-28547
-32719
-30103
-21238
-7961
6971
20458
29694
32757
29007
19220
5431
-9491
-22439
-30713
-32587
-27666
-16973
-2736
12073
24364
31568
32177
26060
14492
-108
-14689
-26197
-32222
-31498
-24174
-11781
3083
17304
27896
32634
30520
21996
8847
-6162
-19879
-29416
-32766
-29219
-19519
-5706
9311
22368
30711
32578
27570
16743
2378
-12491
-24723
-31732
-32033
-25558
-13674
1105
15653
26888
32428
31095
23169
10328
-4707
-18745
-28806
-32750
-29736
-20402
-6728
8378
21705
30414
32650
27932
17262
2911
-12062
-24465
-31651
-32083
-25665
-13765
1077
15692
26955
32455
31012
22932
9941
-5180
-19194
-29098
-32765
-29406
-19738
-5832
9326
22486
30817
32526
27244
16102
1495
-13436
-25478
-32035
-31693
-24521
-12062
2999
17416
28078
32680
30226
21243
7668
-7565
-21167
-30192
-32685
-28105
-17438
-2992
12103
24578
31727
31995
25321
13150
-1876
-16499
-27539
-32596
-30567
-21889
-8448
6833
20630
29936
32722
28377
17845
3419
-11753
-24364
-31659
-32040
-25423
-13249
1823
16499
27568
32607
30508
21729
8189
-7147
-20920
-30108
-32693
-28105
-17347
-2779
12401
24860
31856
31850
24838
12360
-2839
-17416
-28160
-32702
-30037
-20749
-6884
8501
22013
30668
32552
27244
15915
1066
-14020
-26008
-32243
-31342
-23500
-10451
4915
19194
29220
32766
29042
18871
4509
-10856
-23813
-31479
-32147
-25665
-13473
1720
16533
27666
32637
30335
21271
7461
-8015
-21705
-30552
-32578
-27327
-15968
-1038
14125
26133
32294
31228
23169
9920
-5554
-19786
-29584
-32748
-28565
-17970
-3339
12043
24723
31849
31816
24627
11897
-3511
-18132
-28673
-32755
-29458
-19519
-5177
10334
23516
31393
32182
25702
13414
-1907
-16800
-27896
-32682
-30072
-20653
-6555
9029
22570
30997
32395
26445
14492
-751
-15827
-27310
-32589
-30461
-21406
-7481
8148
21926
30713
32507
26894
15151
-48
-15238
-26955
-32522
-30664
-21804
-7961
7702
21608
30575
32549
27076
15403
202
-15047
-26852
-32503
-30703
-21861
-8002
7696
21629
30598
32538
27001
15255
0
-15257
-27007
-32541
-30582
-21579
-7602
8129
21989
30779
32468
26664
14703
-655
-15865
-27411
-32621
-30288
-20948
-6758
8997
22672
31098
32318
26047
13736
-1763
-16855
-28038
-32713
-29790
-19946
-5464
10289
23653
31516
32046
25116
12336
-3319
-18204
-28847
-32766
-29042
-18541
-3711
11987
24889
31977
31593
23823
10480
-5316
-19871
-29777
-32711
-27983
-16697
-1495
14059
26318
32404
30885
22114
8148
-7733
-21801
-30745
-32460
-26539
-14372
1180
16457
27860
32699
29832
19930
5325
-10537
-23916
-31650
-31910
-24631
-11530
4298
19113
29409
32747
28334
17210
2009
-13670
-26112
-32365
-30942
-22178
-8148
7817
21929
30833
32412
26285
13907
-1780
-17047
-28259
-32743
-29429
-19103
-4222
11667
24777
31977
31548
23586
9991
-5992
-20546
-30192
-32619
-27244
-15350
219
15739
27492
32660
30001
20149
5464
-10533
-24006
-31719
-31816
-24270
-10892
5106
19879
29873
32681
27625
15917
373
-15261
-27221
-32621
-30156
-20416
-5748
10308
23879
31684
31836
24293
10875
-5173
-19973
-29942
-32665
-27477
-15633
0
15636
27483
32666
29925
19920
5078
-10999
-24407
-31886
-31615
-23656
-9941
6193
20824
30386
32549
26782
14487
-1341
-16845
-28242
-32749
-29262
-18630
-3445
12583
25539
32252
31078
22301
8064
-8148
-22368
-31111
-32231
-25451
-12429
3643
18824
29387
32737
28047
16465
836
-15001
-27152
-32625
-30072
-20115
-5205
10989
24479
31937
31523
23335
9388
-6876
-21447
-30723
-32412
-26092
-13322
2743
18132
29038
32759
28371
16955
1338
-14612
-26944
-32596
-30164
-20247
-5304
10958
24501
31960
31477
23169
9099
-7236
-21774
-30894
-32323
-25702
-12676
3510
18824
29446
32724
27837
16000
166
-15711
-27666
-32707
-29572
-19041
-3744
12491
25602
32304
30916
21780
7184
-9215
-23305
-31551
-31880
-24205
-10451
5930
20824
30486
32483
26311
13518
-2679
-18204
-29147
-32749
-28098
-16364
-502
15488
27574
32702
29574
18976
3583
-12717
-25806
-32371
-30748
-21345
-6538
9926
23879
31785
31636
23467
9346
-7147
-21830
-30974
-32254
-25342
-11991
4409
19692
29968
32623
26976
14462
-1736
-17495
-28798
-32764
-28377
-16752
-852
15267
27492
32699
29554
18857
3339
-13034
-26077
-32450
-30520
-20777
-5712
10817
24578
32042
31291
22515
7961
-8637
-23021
-31496
-31881
-24075
-10079
6509
21426
30833
32307
25463
12062
-4448
-19815
-30076
-32585
-26689
-13907
2465
18204
29244
32732
27762
15616
-569
-16610
-28356
-32765
-28692
-17189
-1231
15047
27428
32699
29490
18630
2932
-13528
-26478
-32552
-30168
-19943
-4530
12062
25519
32337
30737
21133
6022
-10659
-24565
-32068
-31208
-22206
-7407
9326
23628
31760
31593
23169
8686
-8070
-22719
-31423
-31903
-24028
-9858
6896
21846
31070
32147
24790
10926
-5807
-21019
-30711
-32336
-25461
-11891
4807
20244
30356
32478
26047
12755
-3899
-19528
-30012
-32581
-26556
-13521
3083
18877
29687
32654
26991
14192
-2362
-18294
-29387
-32703
-27360
-14769
1736
17784
29119
32734
27666
15255
-1206
-17349
-28887
-32752
-27913
-15652
771
16993
28695
32761
28105
15962
-434
-16717
-28547
-32765
-28244
-16186
193
16523
28443
32766
28334
16326
-48
-16412
-28387
-32766
-28374
-16382
0
0
0
0
0
0
0
0
0
0
0
0
0
0
0
0
0
0
0
0
0
0
0
0
0
0
0
0
0
0
0
0
0
0
0
0
0
0
0
0
0
0
0
0
0
0
0
0
0
0
0
0
0
0
0
0
0
0
0
0
0
0
0
0
0
0
0
0
0
0
0
0
0
0
0
0
0
0
0
0
0
0
0
0
0
0
0
0
0
0
0
0
0
0
0
0
0
0
0
0
0
0
0
0
0
0
0
0
0
0
0
0
0
0
0
0
0
0
0
0
0
0
0
0
0
0
0
0
0
0
0
0
0
0
0
0
0
0
0
0
0
0
0
0
0
0
0
0
0
0
0
0
0
0
0
0
0
0
0
0
0
0
0
0
0
0
0
0
0
0
0
0
0
0
0
0
0
0
0
0
0
0
0
0
0
0
0
0
0
0
0
0
0
0
0
0
0
0
0
0
0
0
0
0
0
0
0
0
0
0
0
0
0
0
0
0
0
0
0
0
0
0
0
0
0
0
0
0
0
0
0
0
0
0
0
0
0
0
0
0
0
0
0
0
0
0
0
0
0
0
0
0
0
0
0
0
0
0
0
0
0
0
0
0
0
0
0
0
0
0
0
0
0
0
0
0
0
0
0
0
0
0
0
0
0
0
0
0
0
0
0
0
0
0
0
0
0
0
0
0
0
0
0
0
0
0
0
0
0
0
0
0
0
0
0
0
0
0
0
0
0
0
0
0
0
0
0
0
0
0
0
0
0
0
0
0
0
0
0
0
0
0
0
0
0
0
0
0
0
0
0
0
0
0
0
0
0
0
0
0
0
0
0
0
0
0
0
0
0
0
0
0
0
0
0
0
0
0
0
0
0
0
0
0
0
0
0
0
0
0
0
0
0
0
0
0
0
0
0
0
0
0
0
0
0
0
0
0
0
0
0
0
0
0
0
0
0
0
0
0
0
0
0
0
0
0
0
0
0
0
0
0
0
0
0
0
0
0
0
0
0
0
0
0
0
0
0
0
0
0
0
0
0
0
0
0
0
0
0
0
0
0
0
0
0
0
0
0
0
0
0
0
0
0
0
0
0
0
0
0
0
0
0
0
0
0
0
0
0
0
0
0
0
0
0
0
0
0
0
0
0
0
0
0
0
0
0
0
0
0
0
0
0
0
0
0
0
0
0
0
0
0
0
0
0
0
0
0
0
0
0
0
0
0
0
0
0
0
0
0
0
0
0
0
0
0
0
0
0
0
0
0
0
0
0
0
0
0
0
0
0
0
0
0
0
0
0
0
0
0
0
0
0
0
0
0
0
0
0
0
0
0
0
0
0
0
0
0
0
0
0
0
0
0
0
0
0
0
0
0
0
0
0
0
0
0
0
0
0
0
0
0
0
0
0
0
0
0
0
0
0
0
0
0
0
0
0
0
0
0
0
0
0
0
0
0
0
0
0
0
0
0
0
0
0
0
0
0
0
0
0
0
0
0
0
0
0
0
0
0
0
0
0
0
0
0
0
0
0
0
0
0
0
0
0
0
0
0
0
0
0
0
0
0
0
0
0
0
0
0
0
0
0
0
0
0
0
0
0
0
0
0
0
0
0
0
0
0
0
0
0
0
0
0
0
0
0
0
0
0
0
0
0
0
0
0
0
0
0
0
0
0
0
0
0
0
0
0
0
0
0
0
0
0
0
0
0
0
0
0
0
0
0
0
0
0
0
0
0
0
0
0
0
0
0
0
0
0
0
0
0
0
0
0
0
0
0
0
0
0
0
0
0
0
0
0
0
0
0
0
0
0
0
0
0
0
0
0
0
0
0
0
0
0
0
0
0
0
0
0
0
0
0
0
0
0
0
0
0
0
0
0
0
0
0
0
0
0
0
0
0
0
0
0
0
0
0
0
0
0
0
0
0
0
0
0
0
0
0
0
0
0
0
0
0
0
0
0
0
0
0
0
0
0
0
0
0
0
0
0
0
0
0
0
0
0
0
0
0
0
0
0
0
0
0
0
0
0
0
0
0
0
0
0
0
0
0
0
0
0
0
0
0
0
0
0
0
0
0
0
0
0
0
0
0
0
0
0
0
0
0
0
0
0
0
0
0
0
0
0
0
0
0
0
0
0
0
0
0
0
0
0
0
0
0
0
0
0
0
0
0
0
0
0
0
0
0
0
0
0
19660
18551
15352
10426
4331
-2239
-8542
-13867
-17614
-19366
-18933
-16374
-11989
-6282
94
6419
11979
16154
18487
18729
16874
13151
7996
2004
-4143
-9757
-14213
-17029
-17913
-16793
-13825
-9369
-3946
1822
7288
11850
15019
16469
16075
13922
10285
5602
414
-4693
-9159
-12510
-14408
-14686
-13361
-10626
-6825
-2408
2123
6273
9604
11786
12627
12089
10288
7472
3986
235
-3368
-6450
-8709
-9950
-10099
-9203
-7415
-4978
-2184
655
3247
5346
6777
7449
7356
6574
5237
3526
1638
-233
-1921
-3294
-4270
-4813
-4933
-4674
-4102
-3298
-2341
-1305
-251
770
1720
2566
3276
3818
4154
4249
4066
3581
2785
1697
365
-1126
-2665
-4110
-5310
-6118
-6408
-6097
-5154
-3618
-1596
739
3167
5434
7283
8487
8870
8337
6890
4631
1761
-1438
-4635
-7479
-9642
-10855
-10945
-9856
-7660
-4559
-862
3044
6738
9805
11889
12734
12214
10353
7325
3439
-896
-5210
-9028
-11920
-13553
-13730
-12411
-9725
-5953
-1499
3149
7483
11023
13374
14272
13613
11468
8071
3797
-880
-5446
-9396
-12298
-13837
-13851
-12351
-9514
-5668
-1247
3252
7332
10547
12554
13149
12291
10101
6847
2912
-1251
-5176
-8431
-10668
-11666
-11345
-9779
-7180
-3870
-245
3276
6302
8506
9668
9698
8634
6644
3994
1017
-1927
-4501
-6422
-7495
-7638
-6880
-5358
-3294
-967
1325
3306
4748
5502
5514
4823
3560
1920
141
-1532
-2881
-3737
-4006
-3676
-2818
-1574
-135
1281
2469
3254
3522
3232
2422
1206
-244
-1723
-3015
-3925
-4310
-4093
-3276
-1947
-261
1567
3304
4714
5596
5811
5300
4092
2308
144
-2148
-4297
-6033
-7131
-7435
-6878
-5495
-3421
-874
1864
4485
6683
8194
8827
8490
7195
5067
2325
-736
-3784
-6480
-8520
-9668
-9785
-8843
-6931
-4246
-1069
2259
5383
7963
9720
10458
10094
8661
6306
3276
-109
-3494
-6522
-8875
-10305
-10665
-9919
-8146
-5535
-2359
1049
4339
7171
9255
10383
10446
9444
7489
4788
1623
-1681
-4789
-7387
-9217
-10104
-9967
-8833
-6827
-4160
-1106
2022
4915
7284
8901
9614
9365
8191
6221
3660
771
-2155
-4830
-6991
-8433
-9022
-8713
-7549
-5657
-3234
-529
2188
4648
6611
7890
8369
8012
6869
5064
2789
276
-2217
-4445
-6189
-7282
-7627
-7203
-6068
-4349
-2232
59
2290
4236
5704
6556
6719
6195
5056
3435
1514
-497
-2389
-3966
-5074
-5613
-5545
-4901
-3771
-2296
-649
983
2426
3528
4186
4349
4024
3276
2214
978
-275
-1400
-2267
-2790
-2928
-2689
-2130
-1348
-463
396
1111
1587
1767
1638
1232
624
-83
-772
-1327
-1650
-1676
-1386
-806
-10
891
1767
2479
2905
2953
2579
1796
673
-668
-2067
-3344
-4322
-4848
-4819
-4192
-3000
-1348
596
2617
4476
5939
6807
6941
6280
4856
2793
296
-2368
-4902
-7008
-8425
-8959
-8513
-7094
-4825
-1928
1292
4488
7299
9397
10526
10528
9371
7151
4084
490
-3247
-6717
-9530
-11362
-11992
-11326
-9414
-6446
-2729
1338
5317
8769
11311
12655
12642
11261
8652
5090
958
-3296
-7212
-10362
-12401
-13106
-12401
-10362
-7212
-3296
958
5090
8652
11261
12642
12655
11311
8769
5317
1338
-2729
-6446
-9414
-11326
-11992
-11362
-9530
-6717
-3247
490
4084
7151
9371
10528
10526
9397
7299
4488
1292
-1928
-4825
-7094
-8513
-8959
-8425
-7008
-4902
-2368
296
2793
4856
6280
6941
6807
5939
4476
2617
596
-1348
-3000
-4192
-4819
-4848
-4322
-3344
-2067
-668
673
1796
2579
2953
2905
2479
1767
891
-10
-806
-1386
-1676
-1650
-1327
-772
-83
624
1232
1638
1767
1587
1111
396
-463
-1348
-2130
-2689
-2928
-2790
-2267
-1400
-275
978
2214
3276
4024
4349
4186
3528
2426
983
-649
-2296
-3771
-4901
-5545
-5613
-5074
-3966
-2389
-497
1514
3435
5056
6195
6719
6556
5704
4236
2290
59
-2232
-4349
-6068
-7203
-7627
-7282
-6189
-4445
-2217
276
2789
5064
6869
8012
8369
7890
6611
4648
2188
-529
-3234
-5657
-7549
-8713
-9022
-8433
-6991
-4830
-2155
771
3660
6221
8191
9365
9614
8901
7284
4915
2022
-1106
-4160
-6827
-8833
-9967
-10104
-9217
-7387
-4789
-1681
1623
4788
7489
9444
10446
10383
9255
7171
4339
1049
-2359
-5535
-8146
-9919
-10665
-10305
-8875
-6522
-3494
-109
3276
6306
8661
10094
10458
9720
7963
5383
2259
-1069
-4246
-6931
-8843
-9785
-9668
-8520
-6480
-3784
-736
2325
5067
7195
8490
8827
8194
6683
4485
1864
-874
-3421
-5495
-6878
-7435
-7131
-6033
-4297
-2148
144
2308
4092
5300
5811
5596
4714
3304
1567
-261
-1947
-3276
-4093
-4310
-3925
-3015
-1723
-244
1206
2422
3232
3522
3254
2469
1281
-135
-1574
-2818
-3676
-4006
-3737
-2881
-1532
141
1920
3560
4823
5514
5502
4748
3306
1325
-967
-3294
-5358
-6880
-7638
-7495
-6422
-4501
-1927
1017
3994
6644
8634
9698
9668
8506
6302
3276
-245
-3870
-7180
-9779
-11345
-11666
-10668
-8431
-5176
-1251
2912
6847
10101
12291
13149
12554
10547
7332
3252
-1247
-5668
-9514
-12351
-13851
-13837
-12298
-9396
-5446
-880
3797
8071
11468
13613
14272
13374
11023
7483
3149
-1499
-5953
-9725
-12411
-13730
-13553
-11920
-9028
-5210
-896
3439
7325
10353
12214
12734
11889
9805
6738
3044
-862
-4559
-7660
-9856
-10945
-10855
-9642
-7479
-4635
-1438
1761
4631
6890
8337
8870
8487
7283
5434
3167
739
-1596
-3618
-5154
-6097
-6408
-6118
-5310
-4110
-2665
-1126
365
1697
2785
3581
4066
4249
4154
3818
3276
2566
1720
770
-251
-1305
-2341
-3298
-4102
-4674
-4933
-4813
-4270
-3294
-1921
-233
1638
3526
5237
6574
7356
7449
6777
5346
3247
655
-2184
-4978
-7415
-9203
-10099
-9950
-8709
-6450
-3368
235
3986
7472
10288
12089
12627
11786
9604
6273
2123
-2408
-6825
-10626
-13361
-14686
-14408
-12510
-9159
-4693
414
5602
10285
13922
16075
16469
15019
11850
7288
1822
-3946
-9369
-13825
-16793
-17913
-17029
-14213
-9757
-4143
2004
7996
13151
16874
18729
18487
16154
11979
6419
94
-6282
-11989
-16374
-18933
-19366
-17614
-13867
-8542
-2239
4331
10426
15352
18551
0
0
0
0
0
0
0
0
0
0
0
0
0
0
0
0
0
0
0
0
0
0
0
0
0
0
0
0
0
0
0
0
0
0
0
0
0
0
0
0
0
0
0
0
0
0
0
0
0
0
0
0
0
0
0
0
0
0
0
0
0
0
0
0
0
0
0
-13106
-12361
-10209
-6898
-2805
1601
5819
9368
11844
12967
12613
10827
7815
3927
-393
-4650
-8360
-11102
-12568
-12598
-11195
-8528
-4906
-750
3465
7258
10200
11960
12347
11327
9025
5713
1778
-2327
-6135
-9212
-11214
-11922
-11266
-9333
-6354
-2677
1271
5040
8201
10399
11393
11080
9509
6868
3470
-293
-3990
-7201
-9565
-10822
-10837
-9621
-7322
-4211
-646
2962
6209
8728
10241
10584
9730
7782
4970
1616
-1898
-5179
-7858
-9641
-10333
-9865
-8297
-5809
-2686
722
4037
6890
8969
10048
10013
8874
6761
3910
637
-2697
-5731
-8134
-9647
-10108
-9471
-7808
-5301
-2223
1093
4292
7031
9017
10039
9990
8875
6813
4024
803
-2509
-5563
-8038
-9671
-10291
-9831
-8336
-5963
-2955
372
3676
6611
8870
10216
10507
9707
7895
5254
2052
-1380
-4690
-7537
-9621
-10725
-10729
-9624
-7519
-4624
-1231
2310
5639
8410
10333
11205
10928
9524
7128
3983
406
-3234
-6565
-9240
-10978
-11596
-11021
-9308
-6627
-3250
475
4169
7446
9967
11468
11791
10899
8881
5946
2394
-1405
-5060
-8192
-10476
-11677
-11672
-10466
-8186
-5072
-1451
2299
5791
8664
10626
11481
11150
9679
7232
4072
534
-3011
-6200
-8709
-10291
-10800
-10201
-8578
-6118
-3090
182
3361
6125
8203
9403
9630
8890
7289
5016
2323
-504
-3180
-5445
-7091
-7984
-8070
-7378
-6016
-4149
-1984
255
2354
4125
5423
6161
6310
5900
5007
3745
2251
668
-867
-2240
-3358
-4161
-4616
-4723
-4499
-3981
-3218
-2263
-1176
-16
1154
2274
3276
4096
4670
4940
4858
4397
3554
2358
871
-806
-2546
-4194
-5588
-6572
-7012
-6817
-5951
-4446
-2400
19
2593
5068
7182
8691
9399
9182
8010
5950
3172
-68
-3450
-6622
-9236
-10989
-11656
-11122
-9395
-6615
-3043
966
4996
8615
11420
13086
13402
12299
9859
6315
2025
-2564
-6963
-10692
-13337
-14593
-14305
-12481
-9300
-5090
-296
4566
8973
12443
14593
15185
14147
11589
7786
3148
-1818
-6575
-10605
-13474
-14876
-14667
-12882
-9727
-5560
-843
3900
8157
11468
13487
14016
13023
10645
7171
3003
-1385
-5510
-8926
-11278
-12338
-12028
-10426
-7749
-4331
-575
3091
6266
8618
9921
10077
9124
7221
4632
1683
-1272
-3901
-5922
-7144
-7480
-6951
-5680
-3873
-1783
318
2176
3588
4420
4624
4236
3367
2184
883
-341
-1319
-1933
-2126
-1913
-1371
-626
167
853
1296
1403
1143
544
-300
-1254
-2153
-2829
-3138
-2987
-2344
-1251
178
1772
3320
4603
5418
5614
5112
3920
2138
-49
-2397
-4619
-6434
-7592
-7913
-7313
-5817
-3560
-778
2221
5089
7482
9098
9720
9241
7682
5194
2041
-1427
-4815
-7728
-9817
-10825
-10615
-9192
-6701
-3416
294
4007
7294
9773
11153
11269
10103
7784
4578
855
-2955
-6415
-9124
-10772
-11175
-10294
-8241
-5265
-1720
1975
5387
8123
9870
10440
9784
7999
5316
2070
-1343
-4515
-7071
-8720
-9283
-8718
-7119
-4705
-1792
1251
4047
6256
7620
7988
7340
5783
3537
904
-1767
-4135
-5896
-6836
-6846
-5941
-4256
-2024
448
2829
4801
6100
6553
6100
4801
2829
448
-2024
-4256
-5941
-6846
-6836
-5896
-4135
-1767
904
3537
5783
7340
7988
7620
6256
4047
1251
-1792
-4705
-7119
-8718
-9283
-8720
-7071
-4515
-1343
2070
5316
7999
9784
10440
9870
8123
5387
1975
-1720
-5265
-8241
-10294
-11175
-10772
-9124
-6415
-2955
855
4578
7784
10103
11269
11153
9773
7294
4007
294
-3416
-6701
-9192
-10615
-10825
-9817
-7728
-4815
-1427
2041
5194
7682
9241
9720
9098
7482
5089
2221
-778
-3560
-5817
-7313
-7913
-7592
-6434
-4619
-2397
-49
2138
3920
5112
5614
5418
4603
3320
1772
178
-1251
-2344
-2987
-3138
-2829
-2153
-1254
-300
544
1143
1403
1296
853
167
-626
-1371
-1913
-2126
-1933
-1319
-341
883
2184
3367
4236
4624
4420
3588
2176
318
-1783
-3873
-5680
-6951
-7480
-7144
-5922
-3901
-1272
1683
4632
7221
9124
10077
9921
8618
6266
3091
-575
-4331
-7749
-10426
-12028
-12338
-11278
-8926
-5510
-1385
3003
7171
10645
13023
14016
13487
11468
8157
3900
-843
-5560
-9727
-12882
-14667
-14876
-13474
-10605
-6575
-1818
3148
7786
11589
14147
15185
14593
12443
8973
4566
-296
-5090
-9300
-12481
-14305
-14593
-13337
-10692
-6963
-2564
2025
6315
9859
12299
13402
13086
11420
8615
4996
966
-3043
-6615
-9395
-11122
-11656
-10989
-9236
-6622
-3450
-68
3172
5950
8010
9182
9399
8691
7182
5068
2593
19
-2400
-4446
-5951
-6817
-7012
-6572
-5588
-4194
-2546
-806
871
2358
3554
4397
4858
4940
4670
4096
3276
2274
1154
-16
-1176
-2263
-3218
-3981
-4499
-4723
-4616
-4161
-3358
-2240
-867
668
2251
3745
5007
5900
6310
6161
5423
4125
2354
255
-1984
-4149
-6016
-7378
-8070
-7984
-7091
-5445
-3180
-504
2323
5016
7289
8890
9630
9403
8203
6125
3361
182
-3090
-6118
-8578
-10201
-10800
-10291
-8709
-6200
-3011
534
4072
7232
9679
11150
11481
10626
8664
5791
2299
-1451
-5072
-8186
-10466
-11672
-11677
-10476
-8192
-5060
-1405
2394
5946
8881
10899
11791
11468
9967
7446
4169
475
-3250
-6627
-9308
-11021
-11596
-10978
-9240
-6565
-3234
406
3983
7128
9524
10928
11205
10333
8410
5639
2310
-1231
-4624
-7519
-9624
-10729
-10725
-9621
-7537
-4690
-1380
2052
5254
7895
9707
10507
10216
8870
6611
3676
372
-2955
-5963
-8336
-9831
-10291
-9671
-8038
-5563
-2509
803
4024
6813
8875
9990
10039
9017
7031
4292
1093
-2223
-5301
-7808
-9471
-10108
-9647
-8134
-5731
-2697
637
3910
6761
8874
10013
10048
8969
6890
4037
722
-2686
-5809
-8297
-9865
-10333
-9641
-7858
-5179
-1898
1616
4970
7782
9730
10584
10241
8728
6209
2962
-646
-4211
-7322
-9621
-10837
-10822
-9565
-7201
-3990
-293
3470
6868
9509
11080
11393
10399
8201
5040
1271
-2677
-6354
-9333
-11266
-11922
-11214
-9212
-6135
-2327
1778
5713
9025
11327
12347
11960
10200
7258
3465
-750
-4906
-8528
-11195
-12598
-12568
-11102
-8360
-4650
-393
3927
7815
10827
12613
12967
11844
9368
5819
1601
-2805
-6898
-10209
-12361
0
0
0
0
0
0
0
0
0
0
0
0
0
0
0
0
0
0
0
0
0
0
0
0
0
0
0
0
0
0
0
0
0
0
0
0
0
0
0
0
0
0
0
0
0
0
0
0
0
0
0
0
0
0
0
0
0
0
0
0
0
0
0
0
0
0
0
-6553
-6115
-4859
-2945
-620
1816
4046
5778
6779
6907
6130
4530
2295
-302
-2941
-5286
-7034
-7950
-7896
-6852
-4921
-2316
662
3662
6317
8297
9345
9309
8165
6018
3096
-276
-3715
-6819
-9220
-10622
-10840
-9823
-7660
-4575
-901
2954
6560
9503
11440
12138
11497
9570
6553
2766
-1381
-5434
-8945
-11521
-12871
-12834
-11404
-8724
-5078
-856
3488
7485
10702
12788
13517
12807
10730
7509
3485
-910
-5212
-8962
-11764
-13325
-13482
-12225
-9692
-6157
-1994
2355
6435
9823
12169
13238
12931
11291
8501
4862
757
-3383
-7135
-10116
-12029
-12692
-12054
-10196
-7326
-3750
156
3994
7373
9958
11500
11859
11019
9083
6266
2866
-765
-4259
-7267
-9496
-10737
-10883
-9940
-8022
-5339
-2174
1148
4293
6950
8864
9857
9850
8861
7010
4498
1591
-1414
-4214
-6534
-8150
-8916
-8774
-7756
-5985
-3656
-1015
1662
4105
6073
7377
7900
7608
6553
4861
2724
372
-1945
-3990
-5558
-6501
-6739
-6270
-5165
-3563
-1649
361
2250
3821
4915
5432
5341
4675
3534
2063
444
-1135
-2496
-3495
-4033
-4069
-3627
-2782
-1659
-409
804
1832
2551
2882
2802
2338
1570
617
-379
-1277
-1946
-2292
-2264
-1866
-1154
-229
773
1705
2425
2813
2794
2349
1514
384
-901
-2176
-3262
-3999
-4263
-3988
-3170
-1879
-249
1534
3259
4705
5675
6022
5668
4614
2950
842
-1482
-3759
-5717
-7111
-7753
-7534
-6445
-4574
-2107
695
3526
6062
8005
9115
9241
8340
6484
3857
733
-2549
-5626
-8151
-9830
-10460
-9953
-8345
-5798
-2580
961
4441
7474
9722
10932
10964
9808
7583
4531
982
-2675
-6043
-8756
-10519
-11145
-10572
-8869
-6231
-2950
610
4064
7039
9221
10390
10435
9375
7345
4584
1405
-1841
-4807
-7184
-8737
-9328
-8928
-7614
-5560
-3015
-266
2387
4671
6366
7326
7493
6895
5643
3909
1905
-143
-2026
-3566
-4638
-5179
-5188
-4721
-3877
-2783
-1575
-381
693
1574
2222
2632
2823
2835
2713
2496
2216
1885
1500
1050
515
-116
-842
-1638
-2455
-3221
-3843
-4224
-4271
-3915
-3124
-1914
-357
1423
3257
4946
6285
7084
7200
6553
5144
3066
495
-2317
-5076
-7468
-9197
-10028
-9810
-8504
-6193
-3081
525
4249
7678
10416
12123
12565
11640
9396
6035
1890
-2601
-6950
-10666
-13314
-14566
-14243
-12339
-9024
-4634
365
5431
9998
13548
15663
16083
14730
11728
7385
2168
-3352
-8565
-12885
-15820
-17030
-16363
-13880
-9844
-4696
994
6596
11484
15109
17064
17129
15295
11767
6941
1357
-4357
-9565
-13687
-16265
-17022
-15884
-12991
-8681
-3448
2114
7380
11764
14786
16124
15650
13443
9776
5082
-96
-5170
-9574
-12824
-14580
-14675
-13133
-10164
-6134
-1520
3144
7334
10590
12572
13093
12138
9859
6553
2627
-1455
-5229
-8279
-10287
-11067
-10578
-8928
-6351
-3179
200
3396
6053
7897
8759
8593
7474
5583
3181
575
-1923
-4035
-5544
-6317
-6320
-5611
-4329
-2673
-868
856
2306
3334
3862
3881
3449
2678
1709
698
-214
-918
-1349
-1492
-1381
-1089
-711
-350
-92
0
-92
-350
-711
-1089
-1381
-1492
-1349
-918
-214
698
1709
2678
3449
3881
3862
3334
2306
856
-868
-2673
-4329
-5611
-6320
-6317
-5544
-4035
-1923
575
3181
5583
7474
8593
8759
7897
6053
3396
200
-3179
-6351
-8928
-10578
-11067
-10287
-8279
-5229
-1455
2627
6553
9859
12138
13093
12572
10590
7334
3144
-1520
-6134
-10164
-13133
-14675
-14580
-12824
-9574
-5170
-96
5082
9776
13443
15650
16124
14786
11764
7380
2114
-3448
-8681
-12991
-15884
-17022
-16265
-13687
-9565
-4357
1357
6941
11767
15295
17129
17064
15109
11484
6596
994
-4696
-9844
-13880
-16363
-17030
-15820
-12885
-8565
-3352
2168
7385
11728
14730
16083
15663
13548
9998
5431
365
-4634
-9024
-12339
-14243
-14566
-13314
-10666
-6950
-2601
1890
6035
9396
11640
12565
12123
10416
7678
4249
525
-3081
-6193
-8504
-9810
-10028
-9197
-7468
-5076
-2317
495
3066
5144
6553
7200
7084
6285
4946
3257
1423
-357
-1914
-3124
-3915
-4271
-4224
-3843
-3221
-2455
-1638
-842
-116
515
1050
1500
1885
2216
2496
2713
2835
2823
2632
2222
1574
693
-381
-1575
-2783
-3877
-4721
-5188
-5179
-4638
-3566
-2026
-143
1905
3909
5643
6895
7493
7326
6366
4671
2387
-266
-3015
-5560
-7614
-8928
-9328
-8737
-7184
-4807
-1841
1405
4584
7345
9375
10435
10390
9221
7039
4064
610
-2950
-6231
-8869
-10572
-11145
-10519
-8756
-6043
-2675
982
4531
7583
9808
10964
10932
9722
7474
4441
961
-2580
-5798
-8345
-9953
-10460
-9830
-8151
-5626
-2549
733
3857
6484
8340
9241
9115
8005
6062
3526
695
-2107
-4574
-6445
-7534
-7753
-7111
-5717
-3759
-1482
842
2950
4614
5668
6022
5675
4705
3259
1534
-249
-1879
-3170
-3988
-4263
-3999
-3262
-2176
-901
384
1514
2349
2794
2813
2425
1705
773
-229
-1154
-1866
-2264
-2292
-1946
-1277
-379
617
1570
2338
2802
2882
2551
1832
804
-409
-1659
-2782
-3627
-4069
-4033
-3495
-2496
-1135
444
2063
3534
4675
5341
5432
4915
3821
2250
361
-1649
-3563
-5165
-6270
-6739
-6501
-5558
-3990
-1945
372
2724
4861
6553
7608
7900
7377
6073
4105
1662
-1015
-3656
-5985
-7756
-8774
-8916
-8150
-6534
-4214
-1414
1591
4498
7010
8861
9850
9857
8864
6950
4293
1148
-2174
-5339
-8022
-9940
-10883
-10737
-9496
-7267
-4259
-765
2866
6266
9083
11019
11859
11500
9958
7373
3994
156
-3750
-7326
-10196
-12054
-12692
-12029
-10116
-7135
-3383
757
4862
8501
11291
12931
13238
12169
9823
6435
2355
-1994
-6157
-9692
-12225
-13482
-13325
-11764
-8962
-5212
-910
3485
7509
10730
12807
13517
12788
10702
7485
3488
-856
-5078
-8724
-11404
-12834
-12871
-11521
-8945
-5434
-1381
2766
6553
9570
11497
12138
11440
9503
6560
2954
-901
-4575
-7660
-9823
-10840
-10622
-9220
-6819
-3715
-276
3096
6018
8165
9309
9345
8297
6317
3662
662
-2316
-4921
-6852
-7896
-7950
-7034
-5286
-2941
-302
2295
4530
6130
6907
6779
5778
4046
1816
-620
-2945
-4859
-6115
0
0
0
0
0
0
0
0
0
0
0
0
0
0
0
0
0
0
0
0
0
0
0
0
0
0
0
0
0
0
0
0
0
0
0
0
0
0
0
0
0
0
0
0
0
0
0
0
0
0
0
0
0
0
0
0
0
0
0
0
0
0
0
0
0
0
0
13106
12306
10000
6470
2144
-2453
-6764
-10262
-12521
-13263
-12394
-10012
-6401
-1993
2681
7061
10617
12915
13674
12796
10377
6700
2196
-2599
-7119
-10824
-13273
-14169
-13402
-11054
-7397
-2856
2040
6720
10639
13339
14504
14000
11885
8402
3955
-944
-5733
-9866
-12871
-14413
-14323
-12620
-9509
-5350
-620
4143
8407
11698
13661
14094
12970
10434
6791
2461
-2067
-6293
-9760
-12104
-13094
-12655
-10870
-7966
-4288
-254
3693
7134
9720
11205
11471
10538
8551
5761
2493
-890
-4037
-6635
-8447
-9332
-9253
-8274
-6547
-4288
-1754
791
3107
4989
6299
6961
6971
6383
5301
3860
2211
501
-1132
-2582
-3762
-4621
-5130
-5284
-5093
-4581
-3780
-2730
-1481
-93
1362
2800
4121
5219
5988
6332
6174
5474
4236
2518
431
-1860
-4153
-6221
-7837
-8800
-8957
-8229
-6624
-4246
-1288
1976
5224
8110
10307
11542
11632
10506
8225
4977
1067
-3114
-7128
-10537
-12949
-14067
-13725
-11910
-8770
-4605
164
5042
9501
13049
15279
15921
14871
12209
8191
3230
-2153
-7383
-11890
-15176
-16871
-16774
-14876
-11368
-6616
-1126
4511
9688
13840
16516
17424
16463
13738
9544
4339
-1310
-6793
-11517
-14975
-16802
-16812
-15022
-11640
-7051
-1764
3641
8578
12521
15058
15940
15099
12658
8912
4294
-678
-5461
-9540
-12493
-14029
-14020
-12512
-9711
-5960
-1695
2603
6471
9502
11399
11999
11289
9399
6584
3193
-380
-3736
-6520
-8455
-9373
-9228
-8095
-6157
-3673
-954
1682
3950
5620
6546
6679
6062
4826
3162
1299
-528
-2108
-3276
-3931
-4044
-3657
-2872
-1835
-710
339
1176
1704
1880
1716
1275
657
-12
-609
-1024
-1181
-1047
-639
-19
712
1434
2018
2354
2362
2004
1299
313
-839
-2015
-3057
-3815
-4167
-4036
-3403
-2310
-861
792
2463
3955
5082
5695
5696
5058
3823
2108
87
-2025
-3995
-5600
-6651
-7013
-6629
-5519
-3785
-1602
805
3182
5273
6847
7728
7809
7069
5576
3475
982
-1646
-4136
-6223
-7687
-8369
-8192
-7167
-5395
-3054
-383
2342
4844
6864
8191
8688
8301
7067
5109
2626
-130
-2881
-5346
-7275
-8470
-8811
-8261
-6875
-4792
-2222
575
3318
5729
7564
8637
8839
8147
6631
4443
1803
-1022
-3747
-6095
-7827
-8766
-8815
-7967
-6307
-4001
-1285
1565
4258
6518
8110
8870
8717
7665
5821
3374
576
-2282
-4903
-7014
-8393
-8893
-8462
-7143
-5074
-2472
386
3199
5669
7532
8589
8727
7933
6292
3981
1251
-1602
-4272
-6467
-7951
-8563
-8239
-7018
-5037
-2516
264
2997
5379
7149
8113
8168
7313
5649
3368
729
-1967
-4416
-6344
-7534
-7858
-7285
-5888
-3832
-1359
1243
3675
5657
6964
7449
7064
5861
3986
1666
-825
-3194
-5162
-6501
-7058
-6773
-5687
-3934
-1729
663
2955
4875
6194
6758
6505
5469
3779
1643
-678
-2905
-4769
-6045
-6580
-6313
-5279
-3606
-1498
786
2970
4787
6017
6511
6210
5152
3465
1356
-917
-3079
-4865
-6058
-6513
-6175
-5083
-3371
-1248
1028
3181
4949
6116
6540
6168
5047
3311
1173
-1108
-3257
-5010
-6155
-6553
-6155
-5010
-3257
-1108
1173
3311
5047
6168
6540
6116
4949
3181
1028
-1248
-3371
-5083
-6175
-6513
-6058
-4865
-3079
-917
1356
3465
5152
6210
6511
6017
4787
2970
786
-1498
-3606
-5279
-6313
-6580
-6045
-4769
-2905
-678
1643
3779
5469
6505
6758
6194
4875
2955
663
-1729
-3934
-5687
-6773
-7058
-6501
-5162
-3194
-825
1666
3986
5861
7064
7449
6964
5657
3675
1243
-1359
-3832
-5888
-7285
-7858
-7534
-6344
-4416
-1967
729
3368
5649
7313
8168
8113
7149
5379
2997
264
-2516
-5037
-7018
-8239
-8563
-7951
-6467
-4272
-1602
1251
3981
6292
7933
8727
8589
7532
5669
3199
386
-2472
-5074
-7143
-8462
-8893
-8393
-7014
-4903
-2282
576
3374
5821
7665
8717
8870
8110
6518
4258
1565
-1285
-4001
-6307
-7967
-8815
-8766
-7827
-6095
-3747
-1022
1803
4443
6631
8147
8839
8637
7564
5729
3318
575
-2222
-4792
-6875
-8261
-8811
-8470
-7275
-5346
-2881
-130
2626
5109
7067
8301
8688
8191
6864
4844
2342
-383
-3054
-5395
-7167
-8192
-8369
-7687
-6223
-4136
-1646
982
3475
5576
7069
7809
7728
6847
5273
3182
805
-1602
-3785
-5519
-6629
-7013
-6651
-5600
-3995
-2025
87
2108
3823
5058
5696
5695
5082
3955
2463
792
-861
-2310
-3403
-4036
-4167
-3815
-3057
-2015
-839
313
1299
2004
2362
2354
2018
1434
712
-19
-639
-1047
-1181
-1024
-609
-12
657
1275
1716
1880
1704
1176
339
-710
-1835
-2872
-3657
-4044
-3931
-3276
-2108
-528
1299
3162
4826
6062
6679
6546
5620
3950
1682
-954
-3673
-6157
-8095
-9228
-9373
-8455
-6520
-3736
-380
3193
6584
9399
11289
11999
11399
9502
6471
2603
-1695
-5960
-9711
-12512
-14020
-14029
-12493
-9540
-5461
-678
4294
8912
12658
15099
15940
15058
12521
8578
3641
-1764
-7051
-11640
-15022
-16812
-16802
-14975
-11517
-6793
-1310
4339
9544
13738
16463
17424
16516
13840
9688
4511
-1126
-6616
-11368
-14876
-16774
-16871
-15176
-11890
-7383
-2153
3230
8191
12209
14871
15921
15279
13049
9501
5042
164
-4605
-8770
-11910
-13725
-14067
-12949
-10537
-7128
-3114
1067
4977
8225
10506
11632
11542
10307
8110
5224
1976
-1288
-4246
-6624
-8229
-8957
-8800
-7837
-6221
-4153
-1860
431
2518
4236
5474
6174
6332
5988
5219
4121
2800
1362
-93
-1481
-2730
-3780
-4581
-5093
-5284
-5130
-4621
-3762
-2582
-1132
501
2211
3860
5301
6383
6971
6961
6299
4989
3107
791
-1754
-4288
-6547
-8274
-9253
-9332
-8447
-6635
-4037
-890
2493
5761
8551
10538
11471
11205
9720
7134
3693
-254
-4288
-7966
-10870
-12655
-13094
-12104
-9760
-6293
-2067
2461
6791
10434
12970
14094
13661
11698
8407
4143
-620
-5350
-9509
-12620
-14323
-14413
-12871
-9866
-5733
-944
3955
8402
11885
14000
14504
13339
10639
6720
2040
-2856
-7397
-11054
-13402
-14169
-13273
-10824
-7119
-2599
2196
6700
10377
12796
13674
12915
10617
7061
2681
-1993
-6401
-10012
-12394
-13263
-12521
-10262
-6764
-2453
2144
6470
10000
12306
0
0
0
0
0
0
0
0
0
0
0
0
0
0
0
0
0
0
0
0
0
0
0
0
0
0
0
0
0
0
0
0
0
0
0
0
0
0
0
0
0
0
0
0
0
0
0
0
0
0
0
0
0
0
0
0
0
0
0
0
0
0
0
0
0
0
0
0
76
289
591
913
1173
1292
1211
895
350
-380
-1217
-2052
-2764
-3234
-3365
-3095
-2410
-1352
-14
1464
2914
4154
5017
5367
5123
4271
2868
1044
-1014
-3084
-4923
-6306
-7051
-7039
-6236
-4695
-2561
-51
2565
4996
6961
8221
8610
8057
6594
4359
1578
-1449
-4395
-6928
-8755
-9659
-9520
-8331
-6205
-3360
-99
3223
6242
8620
10086
10467
9708
7881
5175
1881
-1645
-5019
-7868
-9877
-10822
-10593
-9212
-6823
-3687
-143
3421
6618
9098
10590
10933
10089
8154
5339
1953
-1633
-5031
-7871
-9846
-10747
-10481
-9083
-6711
-3629
-174
3276
6349
8714
10120
10423
9599
7745
5071
1872
-1501
-4684
-7334
-9171
-10003
-9749
-8446
-6244
-3389
-193
2996
5836
8024
9329
9619
8870
7171
4711
1761
-1358
-4312
-6782
-8508
-9307
-9099
-7911
-5874
-3212
-212
2802
5507
7613
8894
9214
8539
6941
4592
1744
-1298
-4207
-6670
-8421
-9267
-9114
-7974
-5963
-3293
-247
2847
5658
7879
9265
9659
9007
7370
4915
1897
-1362
-4514
-7214
-9164
-10143
-10030
-8823
-6638
-3698
-311
3160
6340
8878
10486
10976
10276
8443
5660
2213
-1530
-5167
-8298
-10574
-11731
-11626
-10249
-7731
-4329
-401
3630
7326
10278
12151
12725
11917
9796
6577
2596
-1720
-5904
-9496
-12095
-13406
-13268
-11683
-8806
-4940
-498
4039
8176
11457
13516
14118
13187
10814
7251
2880
-1823
-6349
-10200
-12954
-14306
-14106
-12374
-9298
-5213
-565
4135
8377
11698
13739
14282
13275
10835
7239
2887
-1741
-6139
-9830
-12417
-13632
-13359
-11647
-8702
-4863
-562
3723
7528
10448
12181
12564
11585
9382
6226
2483
-1422
-5060
-8043
-10066
-10940
-10608
-9149
-6764
-3748
-457
2739
5496
7532
8658
8797
7985
6363
4156
1642
-883
-3139
-4894
-5990
-6354
-6002
-5035
-3615
-1945
-243
1292
2501
3276
3579
3434
2923
2165
1301
469
-214
-672
-873
-832
-610
-294
13
216
240
50
-348
-903
-1525
-2098
-2502
-2626
-2395
-1779
-805
443
1831
3188
4330
5082
5304
4915
3902
2336
359
-1821
-3958
-5794
-7090
-7658
-7388
-6263
-4366
-1879
939
3781
6322
8257
9344
9427
8463
6528
3812
598
-2762
-5897
-8448
-10118
-10704
-10121
-8418
-5769
-2458
1152
4665
7688
9884
11006
10929
9661
7344
4236
685
-2913
-6163
-8709
-10279
-10712
-9978
-8177
-5527
-2337
1029
4197
6824
8636
9458
9231
8018
5989
3401
563
-2199
-4585
-6348
-7326
-7456
-6773
-5408
-3560
-1472
599
2420
3803
4630
4858
4524
3731
2633
1406
225
-760
-1446
-1784
-1787
-1520
-1088
-615
-223
-9
-31
-296
-754
-1315
-1851
-2227
-2319
-2037
-1346
-275
1080
2566
3987
5131
5799
5837
5156
3759
1741
-708
-3331
-5819
-7855
-9153
-9495
-8765
-6967
-4238
-834
2890
6521
9630
11828
12810
12398
10569
7464
3377
-1269
-5971
-10198
-13452
-15329
-15567
-14084
-10990
-6583
-1317
4241
9479
13803
16707
17836
17025
14324
9999
4498
-1585
-7589
-12845
-16762
-18891
-18976
-16988
-13127
-7804
-1596
4819
10736
15502
18591
19660
18591
15502
10736
4819
-1596
-7804
-13127
-16988
-18976
-18891
-16762
-12845
-7589
-1585
4498
9999
14324
17025
17836
16707
13803
9479
4241
-1317
-6583
-10990
-14084
-15567
-15329
-13452
-10198
-5971
-1269
3377
7464
10569
12398
12810
11828
9630
6521
2890
-834
-4238
-6967
-8765
-9495
-9153
-7855
-5819
-3331
-708
1741
3759
5156
5837
5799
5131
3987
2566
1080
-275
-1346
-2037
-2319
-2227
-1851
-1315
-754
-296
-31
-9
-223
-615
-1088
-1520
-1787
-1784
-1446
-760
225
1406
2633
3731
4524
4858
4630
3803
2420
599
-1472
-3560
-5408
-6773
-7456
-7326
-6348
-4585
-2199
563
3401
5989
8018
9231
9458
8636
6824
4197
1029
-2337
-5527
-8177
-9978
-10712
-10279
-8709
-6163
-2913
685
4236
7344
9661
10929
11006
9884
7688
4665
1152
-2458
-5769
-8418
-10121
-10704
-10118
-8448
-5897
-2762
598
3812
6528
8463
9427
9344
8257
6322
3781
939
-1879
-4366
-6263
-7388
-7658
-7090
-5794
-3958
-1821
359
2336
3902
4915
5304
5082
4330
3188
1831
443
-805
-1779
-2395
-2626
-2502
-2098
-1525
-903
-348
50
240
216
13
-294
-610
-832
-873
-672
-214
469
1301
2165
2923
3434
3579
3276
2501
1292
-243
-1945
-3615
-5035
-6002
-6354
-5990
-4894
-3139
-883
1642
4156
6363
7985
8797
8658
7532
5496
2739
-457
-3748
-6764
-9149
-10608
-10940
-10066
-8043
-5060
-1422
2483
6226
9382
11585
12564
12181
10448
7528
3723
-562
-4863
-8702
-11647
-13359
-13632
-12417
-9830
-6139
-1741
2887
7239
10835
13275
14282
13739
11698
8377
4135
-565
-5213
-9298
-12374
-14106
-14306
-12954
-10200
-6349
-1823
2880
7251
10814
13187
14118
13516
11457
8176
4039
-498
-4940
-8806
-11683
-13268
-13406
-12095
-9496
-5904
-1720
2596
6577
9796
11917
12725
12151
10278
7326
3630
-401
-4329
-7731
-10249
-11626
-11731
-10574
-8298
-5167
-1530
2213
5660
8443
10276
10976
10486
8878
6340
3160
-311
-3698
-6638
-8823
-10030
-10143
-9164
-7214
-4514
-1362
1897
4915
7370
9007
9659
9265
7879
5658
2847
-247
-3293
-5963
-7974
-9114
-9267
-8421
-6670
-4207
-1298
1744
4592
6941
8539
9214
8894
7613
5507
2802
-212
-3212
-5874
-7911
-9099
-9307
-8508
-6782
-4312
-1358
1761
4711
7171
8870
9619
9329
8024
5836
2996
-193
-3389
-6244
-8446
-9749
-10003
-9171
-7334
-4684
-1501
1872
5071
7745
9599
10423
10120
8714
6349
3276
-174
-3629
-6711
-9083
-10481
-10747
-9846
-7871
-5031
-1633
1953
5339
8154
10089
10933
10590
9098
6618
3421
-143
-3687
-6823
-9212
-10593
-10822
-9877
-7868
-5019
-1645
1881
5175
7881
9708
10467
10086
8620
6242
3223
-99
-3360
-6205
-8331
-9520
-9659
-8755
-6928
-4395
-1449
1578
4359
6594
8057
8610
8221
6961
4996
2565
-51
-2561
-4695
-6236
-7039
-7051
-6306
-4923
-3084
-1014
1044
2868
4271
5123
5367
5017
4154
2914
1464
-14
-1352
-2410
-3095
-3365
-3234
-2764
-2052
-1217
-380
350
895
1211
1292
1173
913
591
289
76
0
0
0
0
0
0
0
0
0
0
0
0
0
0
0
0
0
0
0
0
0
0
0
0
0
0
0
0
0
0
0
0
0
0
0
0
0
0
0
0
0
0
0
0
0
0
0
0
0
0
0
0
0
0
0
0
0
0
0
0
0
0
0
0
0
0
0
0
-133
-502
-1026
-1580
-2023
-2219
-2062
-1497
-536
739
2188
3619
4819
5583
5746
5207
3954
2067
-277
-2829
-5287
-7340
-8699
-9144
-8550
-6916
-4364
-1141
2413
5899
8901
11041
12026
11684
9994
7091
3262
-1088
-5480
-9407
-12403
-14094
-14245
-12793
-9858
-5737
-870
4207
8921
12729
15178
15966
14974
12287
8183
3107
-2375
-7650
-12118
-15263
-16721
-16311
-14070
-10241
-5249
342
5902
10802
14485
16535
16719
15022
11640
6965
1533
-4034
-9103
-13100
-15577
-16265
-15102
-12240
-8023
-2950
2386
7371
11435
14125
15151
14419
12043
8325
3719
-1223
-5920
-9830
-12509
-13668
-13200
-11195
-7920
-3788
691
4981
8572
11051
12145
11752
9951
6989
3250
-797
-4652
-7850
-10010
-10887
-10396
-8623
-5808
-2316
1406
4895
7717
9529
10113
9411
7521
4690
1280
-2278
-5537
-8089
-9615
-9925
-8979
-6896
-3931
-453
3107
6310
8757
10139
10280
9153
6887
3747
109
-3589
-6904
-9431
-10859
-11007
-9845
-7499
-4235
-429
3475
7023
9797
11468
11834
10842
8598
5350
1464
-2622
-6446
-9574
-11650
-12438
-11845
-9934
-6915
-3122
1025
5072
8572
11144
12509
12520
11181
8642
5182
1177
-2939
-6729
-9791
-11803
-12564
-12001
-10188
-7326
-3725
231
4130
7569
10197
11757
12101
11211
9195
6273
2754
-998
-4606
-7710
-10007
-11284
-11429
-10446
-8450
-5652
-2337
1162
4507
7374
9494
10675
10817
9921
8084
5495
2407
-881
-4058
-6826
-8926
-10168
-10441
-9726
-8096
-5709
-2791
382
3514
6309
8507
9899
10355
9830
8370
6111
3264
97
-3091
-5996
-8339
-9892
-10499
-10097
-8716
-6483
-3609
-368
2925
5951
8410
10056
10721
10333
8924
6627
3665
329
-3047
-6129
-8606
-10227
-10826
-10341
-8820
-6414
-3367
10
3378
6392
8748
10208
10628
9969
8306
5816
2760
-544
-3758
-6551
-8643
-9830
-10000
-9153
-7392
-4912
-1980
1091
3988
6415
8135
8988
8911
7934
6185
3865
1228
-1445
-3882
-5842
-7143
-7681
-7431
-6452
-4876
-2890
-714
1423
3311
4775
5693
6007
5725
4915
3691
2202
614
-914
-2242
-3262
-3907
-4154
-4020
-3558
-2844
-1969
-1026
-98
743
1449
1991
2358
2554
2593
2493
2272
1945
1526
1022
446
-187
-858
-1531
-2163
-2702
-3089
-3267
-3191
-2831
-2181
-1269
-153
1079
2316
3432
4298
4804
4865
4438
3530
2202
565
-1227
-2994
-4546
-5704
-6323
-6309
-5631
-4331
-2520
-371
1897
4047
5842
7076
7597
7326
6269
4516
2237
-334
-2929
-5268
-7093
-8196
-8445
-7797
-6306
-4121
-1465
1380
4113
6435
8094
8903
8769
7698
5799
3271
383
-2557
-5233
-7358
-8703
-9121
-8569
-7105
-4888
-2155
798
3657
6116
7915
8865
8870
7936
6169
3763
978
-1884
-4523
-6659
-8072
-8621
-8257
-7031
-5081
-2623
78
2736
5073
6849
7886
8088
7446
6040
4029
1632
-897
-3295
-5316
-6759
-7485
-7431
-6617
-5139
-3159
-887
1440
3586
5337
6523
7031
6823
5929
4450
2542
402
-1753
-3710
-5275
-6298
-6683
-6398
-5477
-4018
-2167
-110
1948
3806
5280
6227
6553
6227
5280
3806
1948
-110
-2167
-4018
-5477
-6398
-6683
-6298
-5275
-3710
-1753
402
2542
4450
5929
6823
7031
6523
5337
3586
1440
-887
-3159
-5139
-6617
-7431
-7485
-6759
-5316
-3295
-897
1632
4029
6040
7446
8088
7886
6849
5073
2736
78
-2623
-5081
-7031
-8257
-8621
-8072
-6659
-4523
-1884
978
3763
6169
7936
8870
8865
7915
6116
3657
798
-2155
-4888
-7105
-8569
-9121
-8703
-7358
-5233
-2557
383
3271
5799
7698
8769
8903
8094
6435
4113
1380
-1465
-4121
-6306
-7797
-8445
-8196
-7093
-5268
-2929
-334
2237
4516
6269
7326
7597
7076
5842
4047
1897
-371
-2520
-4331
-5631
-6309
-6323
-5704
-4546
-2994
-1227
565
2202
3530
4438
4865
4804
4298
3432
2316
1079
-153
-1269
-2181
-2831
-3191
-3267
-3089
-2702
-2163
-1531
-858
-187
446
1022
1526
1945
2272
2493
2593
2554
2358
1991
1449
743
-98
-1026
-1969
-2844
-3558
-4020
-4154
-3907
-3262
-2242
-914
614
2202
3691
4915
5725
6007
5693
4775
3311
1423
-714
-2890
-4876
-6452
-7431
-7681
-7143
-5842
-3882
-1445
1228
3865
6185
7934
8911
8988
8135
6415
3988
1091
-1980
-4912
-7392
-9153
-10000
-9830
-8643
-6551
-3758
-544
2760
5816
8306
9969
10628
10208
8748
6392
3378
10
-3367
-6414
-8820
-10341
-10826
-10227
-8606
-6129
-3047
329
3665
6627
8924
10333
10721
10056
8410
5951
2925
-368
-3609
-6483
-8716
-10097
-10499
-9892
-8339
-5996
-3091
97
3264
6111
8370
9830
10355
9899
8507
6309
3514
382
-2791
-5709
-8096
-9726
-10441
-10168
-8926
-6826
-4058
-881
2407
5495
8084
9921
10817
10675
9494
7374
4507
1162
-2337
-5652
-8450
-10446
-11429
-11284
-10007
-7710
-4606
-998
2754
6273
9195
11211
12101
11757
10197
7569
4130
231
-3725
-7326
-10188
-12001
-12564
-11803
-9791
-6729
-2939
1177
5182
8642
11181
12520
12509
11144
8572
5072
1025
-3122
-6915
-9934
-11845
-12438
-11650
-9574
-6446
-2622
1464
5350
8598
10842
11834
11468
9797
7023
3475
-429
-4235
-7499
-9845
-11007
-10859
-9431
-6904
-3589
109
3747
6887
9153
10280
10139
8757
6310
3107
-453
-3931
-6896
-8979
-9925
-9615
-8089
-5537
-2278
1280
4690
7521
9411
10113
9529
7717
4895
1406
-2316
-5808
-8623
-10396
-10887
-10010
-7850
-4652
-797
3250
6989
9951
11752
12145
11051
8572
4981
691
-3788
-7920
-11195
-13200
-13668
-12509
-9830
-5920
-1223
3719
8325
12043
14419
15151
14125
11435
7371
2386
-2950
-8023
-12240
-15102
-16265
-15577
-13100
-9103
-4034
1533
6965
11640
15022
16719
16535
14485
10802
5902
342
-5249
-10241
-14070
-16311
-16721
-15263
-12118
-7650
-2375
3107
8183
12287
14974
15966
15178
12729
8921
4207
-870
-5737
-9858
-12793
-14245
-14094
-12403
-9407
-5480
-1088
3262
7091
9994
11684
12026
11041
8901
5899
2413
-1141
-4364
-6916
-8550
-9144
-8699
-7340
-5287
-2829
-277
2067
3954
5207
5746
5583
4819
3619
2188
739
-536
-1497
-2062
-2219
-2023
-1580
-1026
-502
-133
0
0
0
0
0
0
0
0
0
0
0
0
0
0
0
0
0
0
0
0
0
0
0
0
0
0
0
0
0
0
0
0
0
0
0
0
0
0
0
0
0
0
0
0
0
0
0
0
0
0
0
0
0
0
0
0
0
0
0
0
0
0
0
0
0
0
0
