0
4278
8485
12550
16402
19973
23203
26035
28419
30314
31684
32507
32766
32456
31581
30156
28203
25758
22860
19561
15917
11991
7852
3573
-771
-5106
-9352
-13436
-17284
-20829
-24006
-26759
-29038
-30801
-32015
-32660
-32720
-32196
-31094
-29434
-27244
-24563
-21439
-17925
-14087
-9991
-5712
-1327
3083
7441
11667
15683
19415
22796
25762
28259
30239
31667
32514
32764
32412
31462
29931
27847
25247
22178
18696
14865
10755
6443
2009
-2465
-6896
-11201
-15299
-19113
-22570
-25606
-28162
-30190
-31650
-32514
-32764
-32394
-31411
-29832
-27686
-25012
-21861
-18292
-14372
-10175
-5781
-1274
3259
7733
12062
16161
19951
23359
26318
28771
30668
31973
32659
32711
32127
30919
29107
26727
23823
20452
16679
12577
8226
3711
-879
-5455
-9926
-14204
-18204
-21846
-25058
-27775
-29942
-31516
-32464
-32766
-32415
-31417
-29790
-27567
-24790
-21514
-17805
-13736
-9388
-4849
-209
4437
8997
13377
17489
21248
24578
27411
29687
31359
32393
32765
32468
31507
29899
27676
24884
21579
17828
13707
9301
4700
0
-4703
-9311
-13729
-17864
-21629
-24947
-27746
-29968
-31566
-32503
-32761
-32332
-31225
-29460
-27076
-24119
-20653
-16748
-12488
-7961
-3263
1506
6246
10856
15238
19298
22949
26112
28719
30713
32051
32702
32651
31900
30461
28366
25658
22395
18646
14492
10022
5332
524
-4298
-9029
-13567
-17811
-21669
-25055
-27896
-30127
-31699
-32577
-32739
-32182
-30916
-28967
-26379
-23206
-19519
-15397
-10932
-6222
-1372
3511
8320
12945
17284
21240
24723
27655
29968
31611
32545
32748
32214
30954
28995
26381
23169
19431
15252
10724
5950
1038
-3899
-8751
-13405
-17757
-21705
-25159
-28038
-30277
-31822
-32637
-32702
-32014
-30588
-28456
-25665
-22280
-18377
-14047
-9388
-4509
477
5455
10308
14924
19194
23018
26305
28979
30974
32243
32756
32498
31476
29711
27244
24133
20449
16280
11722
6884
1880
-3170
-8148
-12935
-17416
-21484
-25041
-28000
-30291
-31856
-32659
-32677
-31909
-30373
-28105
-25157
-21600
-17520
-13013
-8189
-3163
1941
7001
11893
16499
20705
24407
27516
29953
31659
32589
32721
32049
30590
28377
25463
21921
17836
13307
8448
3377
-1780
-6896
-11843
-16499
-20746
-24479
-27603
-30040
-31727
-32621
-32699
-31957
-30413
-28105
-25088
-21439
-17247
-12618
-7668
-2522
2689
7836
12787
17416
21605
25247
28248
30530
32035
32723
32574
31592
29801
27244
23987
20112
15718
10917
5832
595
-4660
-9798
-14685
-19194
-23208
-26622
-29345
-31307
-32455
-32757
-32206
-30813
-28614
-25665
-22043
-17841
-13169
-8148
-2911
2405
7661
12717
17440
21705
25397
28419
30689
32146
32750
32483
31352
29385
26633
23169
19084
14487
9500
4255
-1105
-6439
-11603
-16457
-20870
-24723
-27911
-30346
-31961
-32712
-32578
-31559
-29684
-27001
-23582
-19519
-14922
-9916
-4636
771
6162
11386
16301
20770
24671
27896
30354
31977
32719
32558
31498
29565
26813
23317
19172
14492
9407
4058
-1405
-6833
-12073
-16978
-21411
-25247
-28377
-30713
-32188
-32760
-32410
-31148
-29007
-26047
-22351
-18021
-13179
-7961
-2516
3003
8440
13640
18454
22745
26389
29282
31340
32503
32737
32033
30409
27913
24613
20604
16000
10932
5547
0
-5550
-10942
-16021
-20637
-24657
-27963
-30458
-32068
-32745
-32468
-31244
-29107
-26118
-22364
-17952
-13013
-7689
-2137
3479
8997
14252
19090
23367
26955
29748
31662
32640
32650
31691
29790
27003
23411
19119
14256
8965
3403
-2262
-7862
-13230
-18204
-22633
-26385
-29345
-31423
-32556
-32707
-31871
-30072
-27362
-23823
-19561
-14703
-9397
-3803
1908
7565
12994
18030
22517
26318
29316
31419
32559
32702
31841
30001
27238
23635
19302
14372
8996
3339
-2422
-8112
-13553
-18577
-23026
-26761
-29667
-31650
-32648
-32629
-31591
-29565
-26615
-22829
-18327
-13249
-7752
-2009
3799
9491
14886
19815
24120
27666
30338
32052
32751
32412
31044
28690
25423
21345
16586
11295
5642
-193
-6025
-11667
-16938
-21669
-25706
-28920
-31206
-32489
-32726
-31909
-30063
-27244
-23544
-19081
-13998
-8460
-2644
3259
9060
14569
19606
24006
27626
30346
32075
32756
32366
30916
28451
25051
20827
15917
10480
4696
-1244
-7147
-12817
-18065
-22719
-26622
-29644
-31684
-32674
-32578
-31398
-29173
-25975
-21909
-17110
-11737
-5969
0
5972
11747
17130
21941
26016
29217
31436
32596
32657
31615
29504
26395
22390
17625
12260
6476
470
-5554
-11392
-16845
-21726
-25867
-29127
-31393
-32585
-32662
-31619
-29491
-26349
-22301
-17483
-12062
-6222
-166
5898
11762
17222
22088
26191
29387
31566
32648
32597
31411
29131
25835
21636
16679
11138
5205
-912
-7001
-12847
-18244
-23003
-26955
-29960
-31912
-32739
-32412
-30940
-28374
-24803
-20353
-15179
-9465
-3413
2763
8843
14612
19863
24407
28083
30758
32334
32755
32003
30103
27124
23169
18381
12929
7010
836
-5370
-11386
-16993
-21989
-26191
-29446
-31636
-32680
-32538
-31214
-28754
-25247
-20819
-15630
-9868
-3744
2518
8692
14551
19879
24480
28184
30855
32393
32739
31880
29845
26709
22585
17625
12011
5950
-333
-6607
-12639
-18204
-23094
-27128
-30152
-32055
-32763
-32248
-30528
-27666
-23767
-18976
-13473
-7461
-1167
5173
11322
17047
22132
26385
29644
31785
32724
32427
30901
28203
24435
19738
14288
8294
1981
-4409
-10635
-16457
-21654
-26025
-29402
-31656
-32697
-32485
-31027
-28377
-24634
-19943
-14481
-8460
-2109
4324
10594
16457
21686
26077
29459
31699
32710
32451
30929
28203
24378
19601
14056
7961
1552
-4919
-11201
-17047
-22227
-26537
-29806
-31906
-32751
-32307
-30590
-27666
-23648
-18696
-13002
-6791
-309
6187
12441
18204
23246
27366
30398
32222
32762
31995
29951
26709
22398
17189
11289
4935
-1619
-8112
-14281
-19879
-24678
-28486
-31147
-32552
-32643
-31416
-28917
-25247
-20553
-15023
-8882
-2378
4225
10659
16662
21989
26421
29777
31918
32756
32254
30432
27362
23169
18024
12137
5748
-879
-7473
-13762
-19485
-24407
-28323
-31070
-32533
-32650
-31414
-28875
-25136
-20353
-14721
-8475
-1874
4807
11292
17307
22602
26955
30182
32146
32765
32010
29911
26556
22083
16679
10571
4016
-2711
-9326
-15551
-21121
-25799
-29387
-31732
-32732
-32344
-30582
-27520
-23286
-18060
-12062
-5547
1206
7911
14280
20041
24947
28786
31393
32653
32513
30975
28105
24024
18906
12972
6476
-301
-7069
-13534
-19415
-24458
-28443
-31196
-32596
-32580
-31148
-28360
-24336
-19250
-13322
-6811
0
6813
13332
19269
24364
28393
31178
32594
32578
31129
28309
24241
19103
13120
6555
-301
-7147
-13680
-19609
-24671
-28641
-31340
-32648
-32505
-30916
-27948
-23735
-18460
-12360
-5706
1206
8067
14569
20421
25359
29162
31656
32728
32328
30473
27244
22786
17298
11027
4255
-2711
-9557
-15974
-21669
-26383
-29901
-32062
-32766
-31979
-29736
-26137
-21345
-15577
-9095
-2195
4807
11593
17850
23291
27666
30771
32464
32665
31362
28614
24546
19345
13249
6538
-477
-7473
-14125
-20126
-25196
-29098
-31650
-32732
-32292
-30349
-26991
-22374
-16712
-10266
-3339
3746
10659
17076
22694
27251
30530
32377
32702
31489
28793
24740
19519
13375
6597
-494
-7565
-14281
-20323
-25404
-29282
-31772
-32753
-32178
-30072
-26533
-21729
-15887
-9285
-2238
4919
11843
18204
23695
28052
31066
32589
32548
30942
27847
23411
17845
11416
4435
-2763
-9830
-16425
-22227
-26955
-30378
-32330
-32713
-31507
-28769
-24631
-19293
-13013
-6096
1120
8285
15047
21076
26077
29802
32068
32763
31850
29372
25451
20276
14101
7230
0
-7232
-14111
-20295
-25478
-29402
-31872
-32764
-32033
-29711
-25913
-20827
-14703
-7845
-595
6688
13640
19914
25196
29220
31785
32759
32093
29819
26047
20967
14832
7950
664
-6656
-13645
-19948
-25247
-29273
-31822
-32763
-32046
-29706
-25861
-20703
-14492
-7543
-209
7138
14125
20396
25629
29557
31977
32766
31880
29363
25342
20022
13674
6622
-771
-8129
-15071
-21240
-26318
-30042
-32219
-32734
-31559
-28754
-24461
-18901
-12360
-5177
2276
9615
16457
22447
27271
30678
32489
32608
31026
27825
23169
17302
10527
3199
-4298
-11573
-18244
-23960
-28419
-31387
-32705
-32302
-30198
-26501
-21406
-15179
-8148
-684
6817
13962
20369
25700
29668
32064
32757
31710
28975
24698
19103
12488
5205
-2358
-9798
-16717
-22745
-27557
-30894
-32577
-32513
-30703
-27244
-22319
-16192
-9191
-1693
5898
13175
19743
25247
29388
31941
32765
31816
29141
24884
19276
12618
5272
-2362
-9871
-16845
-22903
-27714
-31014
-32621
-32445
-30495
-26875
-21781
-15492
-8351
-749
6896
14165
20658
26016
29942
32220
32721
31417
28377
23767
17841
10926
3403
-4310
-11787
-18613
-24407
-28847
-31684
-32759
-32010
-29476
-25298
-19707
-13013
-5590
2148
9769
16845
22980
27828
31116
32659
32366
30254
26438
21133
14635
7310
-430
-8148
-15409
-21801
-26962
-30598
-32502
-32563
-30778
-27244
-22162
-15818
-8572
-836
6950
14343
20920
26305
30190
32350
32661
31103
27762
22829
16586
9388
1649
-6187
-13670
-20369
-25898
-29936
-32249
-32702
-31267
-28024
-23161
-16955
-9766
-2009
5867
13405
20168
25762
29860
32222
32709
31291
28049
23169
16936
9711
1916
-5992
-13553
-20323
-25904
-29968
-32275
-32687
-31179
-27837
-22855
-16527
-9222
-1372
6562
14111
20829
26318
30252
32397
32623
30916
27374
22206
15718
8294
373
-7571
-15067
-21669
-26980
-30683
-32556
-32483
-30469
-26631
-21197
-14492
-6916
1077
9009
16402
22811
27851
31216
32702
32218
29790
25564
19793
12824
5078
-2978
-10856
-18080
-24210
-28873
-31785
-32766
-31757
-28816
-24119
-17952
-10689
-2772
5316
13083
20053
25799
29968
32304
32662
31017
27469
22233
15630
8064
0
-8067
-15639
-22251
-27492
-31038
-32669
-32282
-29899
-25665
-19840
-12785
-4935
3223
11185
18454
24578
29176
31960
32754
31507
28295
23317
16881
9388
1306
-6859
-14599
-21426
-26913
-30713
-32587
-32415
-30206
-26096
-20343
-13307
-5431
2789
10837
18204
24423
29100
31937
32755
31498
28244
23199
16679
9099
938
-7285
-15047
-21854
-27271
-30951
-32659
-32282
-29844
-25497
-19519
-12290
-4271
4023
12062
19330
25359
29762
32252
32670
30984
27303
21861
15008
7184
-1105
-9326
-16947
-23474
-28484
-31650
-32766
-31757
-28687
-23753
-17274
-9670
-1435
6896
14781
21705
27215
30951
32666
32248
29720
25247
19119
11737
3583
-4807
-12886
-20121
-26035
-30239
-32455
-32534
-30469
-26395
-20578
-13400
-5336
3083
11302
18775
25007
29584
32200
32681
30992
27244
21684
14679
6695
-1736
-10055
-17706
-24178
-29038
-31959
-32744
-31340
-27837
-22468
-15592
-7668
771
9163
16942
23583
28641
31772
32764
31548
28203
22955
16155
8261
-193
-8637
-16499
-23246
-28419
-31667
-32766
-31641
-28366
-23161
-16378
-8479
0
8482
16388
23178
28387
31659
32766
31633
28334
23092
16267
8323
-193
-8699
-16610
-23382
-28547
-31748
-32764
-31521
-28105
-22748
-15818
-7793
771
9287
17161
23850
28887
31923
32744
31292
27666
22114
15023
6884
-1736
-10238
-18030
-24565
-29387
-32158
-32681
-30919
-26991
-21173
-13868
-5590
3083
11543
19194
25499
30012
32414
32534
30361
26047
19895
12336
3903
-4807
-13181
-20625
-26610
-30711
-32637
-32248
-29569
-24790
-18247
-10405
-1820
6896
15124
22277
27843
31423
32760
31757
28483
23169
16196
8060
-655
-9326
-17331
-24094
-29127
-32068
-32703
-30984
-27033
-21133
-13707
-5289
3511
12062
19743
25999
30374
32552
32371
29844
25150
18630
10754
2094
-6719
-15047
-22282
-27896
-31478
-32765
-31661
-28244
-22763
-15616
-7324
1506
10228
18204
24847
29668
32313
32585
30461
26096
19809
12062
3423
-5469
-13962
-21426
-27310
-31178
-32740
-31881
-28661
-23317
-16242
-7961
912
9721
17811
24578
29519
32265
32608
30520
26157
19840
12041
3339
-5613
-14150
-21629
-27492
-31296
-32755
-31758
-28377
-22863
-15630
-7219
1736
10564
18599
25234
29968
32443
32468
30041
25342
18725
10689
1842
-7147
-15598
-22868
-28404
-31785
-32751
-31227
-27327
-21345
-13736
-5078
3969
12717
20496
26712
30887
32702
32014
28875
23522
16364
7950
-1077
-10024
-18204
-24986
-29848
-32414
-32483
-30050
-25298
-18593
-10451
-1499
7571
16058
23305
28750
31969
32711
30916
26720
20449
12587
3744
-5391
-14111
-21734
-27666
-31442
-32766
-31533
-27837
-21964
-14372
-5653
3510
12401
20323
26654
30894
32710
31957
28692
23169
15822
7226
-1941
-10958
-19113
-25762
-30378
-32596
-32237
-29328
-24096
-16955
-8469
691
9799
18132
25028
29936
32465
32412
29778
24772
17791
9388
234
-8940
-17404
-24479
-29598
-32350
-32513
-30072
-25219
-18342
-9991
-836
8388
16942
24135
29387
32275
32563
30226
25451
18620
10283
1113
-8148
-16754
-24006
-29316
-32252
-32574
-30254
-25477
-18630
-10266
-1066
8222
16845
24098
29390
32286
32549
30156
25298
18372
9941
695
-8610
-17213
-24407
-29603
-32371
-32482
-29925
-24908
-17841
-9305
0
9307
17850
24924
29942
32491
32356
29546
24293
17028
8351
-1019
-10308
-18745
-25629
-30386
-32621
-32145
-28995
-23432
-15917
-7073
2362
11603
19879
26497
30903
32728
31816
28241
22301
14491
5464
-4023
-13175
-21224
-27492
-31451
-32766
-31324
-27244
-20868
-12732
-3519
5992
15001
22745
28568
31977
32682
30619
25962
19103
10622
1238
-8253
-17047
-24394
-29668
-32420
-32412
-29643
-24347
-16973
-8148
1373
10781
19269
26112
30723
32705
31886
28334
22351
14449
5304
-4298
-13534
-21608
-27826
-31650
-32749
-31026
-26627
-19930
-11510
-2094
7504
16457
23989
29446
32355
32460
29752
24461
17046
8148
-1459
-10942
-19477
-26318
-30870
-32732
-31742
-27983
-21780
-13674
-4371
5316
14541
22496
28484
31977
32669
30495
25645
18541
9807
209
-9410
-18204
-25397
-30356
-32640
-32046
-28625
-22675
-14721
-5464
4278
13645
21806
28038
31787
32719
30748
26047
19032
10324
695
-8997
-17892
-25196
-30256
-32621
-32077
-28669
-22701
-14703
-5389
4409
13816
21989
28193
31872
32694
30582
25725
18555
9715
0
-9718
-18563
-25739
-30598
-32699
-31850
-28126
-21861
-13619
-4144
5708
15047
23026
28920
32194
32549
29951
24631
17073
7961
-1876
-11547
-20168
-26955
-31287
-32766
-31257
-26894
-20073
-11416
-1713
8148
17267
24807
30076
32589
32113
28690
22632
14492
5018
-4919
-14407
-22570
-28657
-32104
-32591
-30072
-24775
-17189
-8012
1907
11653
20323
27113
31393
32763
31094
26539
19519
10683
852
-9060
-18132
-25519
-30530
-32697
-31816
-27965
-21503
-13031
-3339
6667
16052
23938
29584
32459
32292
29097
23169
15065
5543
-4501
-14125
-22423
-28612
-32108
-32578
-29977
-24546
-16798
-7461
2582
12385
21019
27666
31694
32721
30647
25665
18247
9095
-923
-10856
-19760
-26786
-31264
-32766
-31146
-26556
-19431
-10451
-470
9557
18675
26008
30855
32749
31507
27244
20368
11537
1595
-8501
-17784
-25359
-30497
-32702
-31758
-27754
-21074
-12360
-2451
7696
17103
24860
30215
32648
31922
28105
21563
12929
3039
-7147
-16643
-24525
-30025
-32607
-32016
-28309
-21844
-13249
-3359
6859
16412
24364
29939
32588
32050
28377
21924
13322
3413
-6833
-16412
-24382
-29960
-32596
-32028
-28309
-21804
-13150
-3199
7069
16643
24578
30089
32630
31946
28105
21482
12732
2719
-7565
-17103
-24947
-30318
-32680
-31797
-27754
-20951
-12062
-1970
8320
17784
25478
30633
32732
31565
27244
20200
11134
952
-9326
-18675
-26154
-31014
-32765
-31228
-26556
-19215
-9941
333
10578
19760
26955
31436
32749
30759
25665
17979
8475
-1887
-12062
-21019
-27851
-31864
-32650
-30126
-24546
-16475
-6728
3703
13762
22423
28806
32258
32427
29291
23169
14683
4696
-5772
-15653
-23938
-29777
-32571
-32033
-28214
-21503
-12587
-2378
8077
17706
25519
30711
32748
31416
26850
19519
10175
-219
-10594
-19879
-27113
-31549
-32726
-30520
-25157
-17189
-7439
3083
13289
22119
28657
32222
32441
29289
23092
14492
4381
-6187
-16114
-24364
-30076
-32652
-31820
-27666
-20619
-11416
-1017
9491
19008
26537
31287
32757
30792
25595
17709
7961
-2625
-12939
-21894
-28547
-32194
-32451
-29286
-23032
-14346
-4144
6498
16457
24678
30291
32699
31644
27238
19943
10531
0
-10533
-19951
-27251
-31656
-32694
-30254
-24592
-16309
-6286
4409
14637
23305
29487
32519
32077
28203
21312
12137
1660
-8997
-18692
-26385
-31248
-32757
-30748
-25434
-17383
-7461
3266
13645
22556
29038
32390
32248
28625
21909
12824
2351
-8378
-18204
-26061
-31098
-32765
-30880
-25645
-17625
-7689
3083
13524
22496
29023
32393
32235
28565
21780
12618
2077
-8692
-18516
-26318
-31245
-32755
-30681
-25247
-17046
-6975
3863
14280
23132
29446
32527
32033
28015
20915
11510
836
-9932
-19609
-27125
-31650
-32682
-30103
-24198
-15616
-5304
5596
15880
24407
30232
32705
31550
26894
19250
9465
-1373
-12062
-21411
-28379
-32188
-32412
-29022
-22395
-13267
-2656
8253
18244
26197
31222
32754
30619
25054
16679
6433
-4537
-15001
-23783
-29895
-32648
-31731
-27244
-19690
-9916
976
11762
21224
28293
32170
32415
28997
22301
13080
2378
-8595
-18599
-26497
-31393
-32729
-30352
-24528
-15917
-5494
5554
15974
24578
30386
32734
31352
26395
18425
8351
-2679
-13405
-22602
-29217
-32491
-32046
-27932
-20616
-10936
0
10939
20625
27944
32055
32482
29173
22507
13249
2462
-8610
-18692
-26622
-31481
-32707
-30156
-24119
-15293
-4696
6446
16845
25296
30817
32766
30916
25477
17079
6695
-4468
-15115
-24006
-30106
-32702
-31489
-26606
-18620
-8460
2689
13528
22788
29387
32552
31909
27532
19930
9991
-1120
-12103
-21669
-28693
-32350
-32208
-28280
-21025
-11295
-234
10856
20671
28052
32127
32412
28871
21921
12379
1372
-9799
-19815
-27487
-31906
-32545
-29328
-22632
-13249
-2291
8940
19113
27016
31708
32629
29666
23169
13911
2992
-8285
-18577
-26654
-31549
-32677
-29899
-23544
-14372
-3477
7836
18214
26411
31442
32702
30037
23764
14635
3744
-7598
-18030
-26293
-31393
-32711
-30086
-23833
-14703
-3796
7571
18026
26305
31405
32707
30050
23753
14577
3632
-7754
-18204
-26446
-31479
-32688
-29925
-23522
-14256
-3253
8148
18560
26712
31608
32650
29706
23135
13736
2656
-8751
-19090
-27095
-31785
-32581
-29385
-22585
-13013
-1842
9557
19786
27585
31994
32468
28947
21861
12081
809
-10564
-20637
-28166
-32219
-32293
-28377
-20951
-10932
440
11762
21629
28819
32437
32033
27653
19840
9561
-1907
-13142
-22745
-29519
-32621
-31661
-26755
-18514
-7961
3586
14689
23960
30239
32740
31148
25658
16955
6128
-5469
-16384
-25247
-30944
-32759
-30461
-24336
-15151
-4058
7546
18204
26572
31595
32638
29565
22763
13087
1756
-9798
-20118
-27896
-32148
-32332
-28424
-20915
-10754
771
12203
22088
29171
32552
31797
27001
18769
8148
-3511
-14727
-24069
-30346
-32754
-30984
-25260
-16309
-5272
6439
17331
26008
31359
32696
29845
23169
13521
2137
-9523
-19964
-27843
-32146
-32318
-28334
-20703
-10405
1234
12717
22564
29503
32637
31559
26407
17841
6968
-4807
-15965
-25058
-30909
-32757
-30361
-24028
-14577
-3233
8533
19194
27364
31977
32433
28669
21173
10917
-762
-12345
-22321
-29387
-32619
-31592
-26438
-17828
-6884
4961
16161
25247
31028
32744
30168
23635
13998
2522
-9287
-19879
-27860
-32179
-32265
-28105
-20242
-9711
2101
13640
23382
30040
32733
31103
25362
16267
5018
-6896
-17901
-26537
-31659
-32585
-29190
-21921
-11741
0
11743
21929
29201
32589
31641
26480
17791
6728
-5233
-16499
-25566
-31222
-32709
-29826
-22955
-13013
-1327
10537
20994
28641
32450
31909
27088
18630
7668
-4324
-15739
-25041
-30976
-32744
-30105
-23411
-13561
-1880
10055
20637
28436
32397
31982
27244
18822
7852
-4182
-15653
-25007
-30974
-32743
-30072
-23319
-13400
-1660
10308
20879
28612
32455
31881
26966
18377
7282
-4807
-16245
-25468
-31216
-32702
-29720
-22675
-12528
-664
11292
21705
29147
32596
31576
26225
17274
5950
-6193
-17489
-26383
-31650
-32564
-28995
-21433
-10917
1105
12978
23064
29968
32737
30984
24950
15465
3839
-8320
-19330
-27666
-32170
-32217
-27796
-19519
-8531
3643
15314
24860
30951
32739
29972
23032
12884
938
-11141
-21669
-29176
-32613
-31498
-25982
-16835
-5332
6918
18204
26944
31912
32410
28366
20343
9465
-2743
-14569
-24351
-30713
-32759
-30198
-23387
-13283
-1306
10856
21492
29100
32604
31507
25962
16748
5166
-7147
-18454
-27152
-32008
-32332
-28076
-19840
-8789
3510
15314
24947
31038
32720
29752
22551
12140
0
-12143
-22559
-29762
-32723
-31017
-24884
-15198
-3339
8998
20053
28242
32393
31908
26854
17952
6476
-5930
-17489
-26541
-31785
-32465
-28481
-20402
-9388
2978
14918
24714
30951
32730
29790
22554
12062
-172
-12385
-22811
-29942
-32746
-30813
-24421
-14492
-2462
9926
20879
28806
32556
31581
26021
16679
4912
-7571
-18956
-27585
-32200
-32127
-27374
-18630
-7167
5342
17076
26318
31719
32485
28504
20353
9222
-3259
-15267
-25041
-31147
-32687
-29434
-21861
-11077
1334
13553
23783
30517
32764
30189
23169
12736
423
-11953
-22570
-29860
-32743
-30792
-24293
-14202
-2009
10483
21426
29201
32652
31267
25247
15482
3419
-9153
-20369
-28563
-32514
-31633
-26047
-16586
-4654
7973
19415
27967
32350
31910
26709
17520
5712
-6950
-18577
-27428
-32179
-32116
-27244
-18292
-6597
6088
17864
26962
32015
32263
27666
18910
7310
-5391
-17284
-26579
-31872
-32366
-27983
-19380
-7852
4862
16845
26287
31760
32433
28203
19707
8226
-4501
-16550
-26094
-31684
-32472
-28334
-19895
-8434
4310
16402
26003
31651
32486
28377
19946
8475
-4288
-16402
-26016
-31662
-32478
-28334
-19861
-8351
4437
16550
26133
31717
32445
28203
19638
8060
-4756
-16845
-26351
-31812
-32386
-27983
-19276
-7602
5243
17284
26666
31941
32293
27666
18769
6975
-5898
-17864
-27071
-32095
-32157
-27244
-18113
-6176
6719
18577
27557
32265
31968
26709
17302
5205
-7702
-19415
-28111
-32434
-31710
-26047
-16326
-4058
8843
20369
28719
32588
31368
25247
15179
2736
-10137
-21426
-29364
-32705
-30922
-24293
-13853
-1238
11573
22570
30025
32764
30353
23169
12339
-434
-13142
-23783
-30678
-32739
-29638
-21861
-10632
2276
14829
25041
31296
32604
28754
20353
8727
-4282
-16616
-26318
-31849
-32328
-27676
-18630
-6622
6439
18480
27585
32302
31880
26381
16679
4318
-8734
-20396
-28806
-32620
-31227
-24845
-14492
-1820
11144
22329
29942
32763
30335
23047
12062
-859
-13645
-24243
-30951
-32688
-29173
-20967
-9388
3703
16202
26094
31785
32354
27709
18593
6476
-6688
-18775
-27832
-32393
-31718
-25913
-15915
-3339
9779
21317
29402
32723
30737
23764
12933
0
-12935
-23772
-30745
-32720
-29372
-21243
-9654
3510
16105
26077
31798
32332
27590
18342
6096
-7147
-19226
-28162
-32493
-31507
-25362
-15061
-2291
10856
22227
29953
32765
30198
22670
11416
-1716
-14569
-25028
-31370
-32548
-28366
-19509
-7435
5867
18204
27539
32330
31782
25982
15887
3163
-10086
-21669
-29667
-32753
-30413
-23032
-11831
1334
14281
24860
31312
32563
28403
19519
7387
-5976
-18347
-27666
-32377
-31693
-25725
-15465
-2622
10659
22164
29968
32766
30086
22374
10917
-2369
-15261
-25599
-31650
-32396
-27709
-18372
-5950
7473
19643
28516
32596
31195
24546
13765
664
-12550
-23653
-30771
-32702
-29116
-20616
-8634
4807
17440
27128
32230
31881
26137
15968
3092
-10308
-21966
-29901
-32766
-30072
-22272
-10689
2711
15653
25937
31812
32275
27244
17574
4908
-8595
-20637
-29162
-32712
-30681
-23411
-12140
1206
14349
25041
31451
32480
27948
18630
6117
-7445
-19735
-28641
-32634
-31026
-24089
-13013
301
13567
24501
31222
32570
28309
19172
6728
-6876
-19298
-28393
-32589
-31159
-24347
-13326
0
13328
24354
31166
32585
28360
19220
6748
-6896
-19347
-28443
-32604
-31103
-24198
-13087
301
13640
24608
31294
32533
28105
18778
6176
-7504
-19879
-28786
-32669
-30847
-23635
-12290
1206
14493
25247
31583
32389
27520
17828
5008
-8692
-20870
-29387
-32745
-30352
-22624
-10917
2711
15865
26229
31977
32094
26556
16335
3233
-10442
-22277
-30182
-32757
-29546
-21112
-8944
4807
17712
27483
32390
31559
25136
14256
845
-12717
-24026
-31070
-32598
-28334
-19032
-6345
7473
19964
28903
32697
30666
23169
11540
-2148
-15456
-26008
-31918
-32127
-26596
-16309
-3103
10659
22517
30346
32741
29270
20553
8148
-5719
-18563
-28078
-32552
-31179
-24202
-12874
771
14281
25223
31625
32332
27214
17189
4062
-9798
-21894
-30040
-32762
-29565
-21025
-8682
5233
18204
27882
32514
31257
24336
13002
-691
-14262
-25247
-31650
-32307
-27094
-16955
-3732
10171
22227
30239
32747
29289
20494
7961
-6025
-18915
-28356
-32621
-30929
-23586
-11931
1907
15400
26077
31982
32033
26215
15592
2109
-11762
-23479
-30889
-32629
-28377
-18910
-5966
8077
20637
29402
32756
30080
21861
9613
-4409
-17621
-27585
-32459
-31342
-24435
-13013
816
14497
25499
31785
32188
26631
16140
2656
-11322
-23203
-30782
-32650
-28456
-18976
-5969
8148
20755
29503
32763
29925
21514
9095
-5021
-18204
-27995
-32564
-31058
-23753
-12011
1977
15598
26305
32095
31880
25698
14703
952
-12978
-24480
-31393
-32418
-27360
-17165
-3744
10381
22559
30497
32702
28754
19394
6380
-7836
-20580
-29446
-32762
-29899
-21393
-8847
5370
18577
28275
32630
30814
23169
11138
-3003
-16579
-27016
-32334
-31523
-24733
-13249
751
14612
25700
31906
32048
26096
15179
1372
-12698
-24354
-31371
-32412
-27273
-16932
-3359
10856
23003
30758
32638
28280
18514
5205
-9101
-21669
-30089
-32747
-29131
-19930
-6905
7445
20371
29387
32762
29844
21189
8460
-5898
-19125
-28673
-32702
-30433
-22301
-9868
4468
17946
27963
32585
30916
23274
11134
-3159
-16845
-27275
-32428
-31305
-24119
-12260
1977
15833
26622
32247
31615
24845
13249
-923
-14918
-26016
-32055
-31858
-25461
-14105
0
14107
25468
31864
32046
25975
14832
792
-13405
-24986
-31684
-32188
-26395
-15435
-1452
12817
24578
31525
32292
26727
15917
1981
-12345
-24250
-31393
-32366
-26976
-16280
-2378
11993
24006
31293
32415
27148
16527
2644
-11762
-23850
-31230
-32442
-27244
-16660
-2779
11653
23783
31206
32451
27267
16679
2783
-11667
-23806
-31222
-32441
-27217
-16586
-2656
11803
23919
31277
32412
27094
16378
2398
-12062
-24120
-31370
-32361
-26894
-16056
-2009
12441
24407
31496
32285
26615
15616
1488
-12939
-24777
-31650
-32178
-26251
-15055
-836
13553
25223
31826
32033
25797
14372
52
-14280
-25739
-32015
-31841
-25247
-13561
863
15115
26318
32208
31592
24592
12618
-1908
-16052
-26950
-32393
-31276
-23823
-11540
3083
17085
27622
32556
30880
22932
10324
-4384
-18204
-28323
-32682
-30389
-21909
-8965
5807
19399
29038
32755
29790
20744
7461
-7347
-20658
-29748
-32757
-29067
-19428
-5811
8997
21966
30436
32669
28203
17952
4016
-10746
-23305
-31079
-32468
-27184
-16309
-2077
12583
24657
31656
32135
25992
14491
0
-14493
-25999
-32139
-31644
-24613
-12494
2208
16457
27304
32503
30975
23032
10317
-4537
-18454
-28547
-32719
-30103
-21238
-7961
6971
20458
29694
32757
29007
19220
5431
-9491
-22439
-30713
-32587
-27666
-16973
-2736
12073
24364
31568
32177
26060
14492
-108
-14689
-26197
-32222
-31498
-24174
-11781
3083
17304
27896
32634
30520
21996
8847
-6162
-19879
-29416
-32766
-29219
-19519
-5706
9311
22368
30711
32578
27570
16743
2378
-12491
-24723
-31732
-32033
-25558
-13674
1105
15653
26888
32428
31095
23169
10328
-4707
-18745
-28806
-32750
-29736
-20402
-6728
8378
21705
30414
32650
27932
17262
2911
-12062
-24465
-31651
-32083
-25665
-13765
1077
15692
26955
32455
31012
22932
9941
-5180
-19194
-29098
-32765
-29406
-19738
-5832
9326
22486
30817
32526
27244
16102
1495
-13436
-25478
-32035
-31693
-24521
-12062
2999
17416
28078
32680
30226
21243
7668
-7565
-21167
-30192
-32685
-28105
-17438
-2992
12103
24578
31727
31995
25321
13150
-1876
-16499
-27539
-32596
-30567
-21889
-8448
6833
20630
29936
32722
28377
17845
3419
-11753
-24364
-31659
-32040
-25423
-13249
1823
16499
27568
32607
30508
21729
8189
-7147
-20920
-30108
-32693
-28105
-17347
-2779
12401
24860
31856
31850
24838
12360
-2839
-17416
-28160
-32702
-30037
-20749
-6884
8501
22013
30668
32552
27244
15915
1066
-14020
-26008
-32243
-31342
-23500
-10451
4915
19194
29220
32766
29042
18871
4509
-10856
-23813
-31479
-32147
-25665
-13473
1720
16533
27666
32637
30335
21271
7461
-8015
-21705
-30552
-32578
-27327
-15968
-1038
14125
26133
32294
31228
23169
9920
-5554
-19786
-29584
-32748
-28565
-17970
-3339
12043
24723
31849
31816
24627
11897
-3511
-18132
-28673
-32755
-29458
-19519
-5177
10334
23516
31393
32182
25702
13414
-1907
-16800
-27896
-32682
-30072
-20653
-6555
9029
22570
30997
32395
26445
14492
-751
-15827
-27310
-32589
-30461
-21406
-7481
8148
21926
30713
32507
26894
15151
-48
-15238
-26955
-32522
-30664
-21804
-7961
7702
21608
30575
32549
27076
15403
202
-15047
-26852
-32503
-30703
-21861
-8002
7696
21629
30598
32538
27001
15255
0
-15257
-27007
-32541
-30582
-21579
-7602
8129
21989
30779
32468
26664
14703
-655
-15865
-27411
-32621
-30288
-20948
-6758
8997
22672
31098
32318
26047
13736
-1763
-16855
-28038
-32713
-29790
-19946
-5464
10289
23653
31516
32046
25116
12336
-3319
-18204
-28847
-32766
-29042
-18541
-3711
11987
24889
31977
31593
23823
10480
-5316
-19871
-29777
-32711
-27983
-16697
-1495
14059
26318
32404
30885
22114
8148
-7733
-21801
-30745
-32460
-26539
-14372
1180
16457
27860
32699
29832
19930
5325
-10537
-23916
-31650
-31910
-24631
-11530
4298
19113
29409
32747
28334
17210
2009
-13670
-26112
-32365
-30942
-22178
-8148
7817
21929
30833
32412
26285
13907
-1780
-17047
-28259
-32743
-29429
-19103
-4222
11667
24777
31977
31548
23586
9991
-5992
-20546
-30192
-32619
-27244
-15350
219
15739
27492
32660
30001
20149
5464
-10533
-24006
-31719
-31816
-24270
-10892
5106
19879
29873
32681
27625
15917
373
-15261
-27221
-32621
-30156
-20416
-5748
10308
23879
31684
31836
24293
10875
-5173
-19973
-29942
-32665
-27477
-15633
0
15636
27483
32666
29925
19920
5078
-10999
-24407
-31886
-31615
-23656
-9941
6193
20824
30386
32549
26782
14487
-1341
-16845
-28242
-32749
-29262
-18630
-3445
12583
25539
32252
31078
22301
8064
-8148
-22368
-31111
-32231
-25451
-12429
3643
18824
29387
32737
28047
16465
836
-15001
-27152
-32625
-30072
-20115
-5205
10989
24479
31937
31523
23335
9388
-6876
-21447
-30723
-32412
-26092
-13322
2743
18132
29038
32759
28371
16955
1338
-14612
-26944
-32596
-30164
-20247
-5304
10958
24501
31960
31477
23169
9099
-7236
-21774
-30894
-32323
-25702
-12676
3510
18824
29446
32724
27837
16000
166
-15711
-27666
-32707
-29572
-19041
-3744
12491
25602
32304
30916
21780
7184
-9215
-23305
-31551
-31880
-24205
-10451
5930
20824
30486
32483
26311
13518
-2679
-18204
-29147
-32749
-28098
-16364
-502
15488
27574
32702
29574
18976
3583
-12717
-25806
-32371
-30748
-21345
-6538
9926
23879
31785
31636
23467
9346
-7147
-21830
-30974
-32254
-25342
-11991
4409
19692
29968
32623
26976
14462
-1736
-17495
-28798
-32764
-28377
-16752
-852
15267
27492
32699
29554
18857
3339
-13034
-26077
-32450
-30520
-20777
-5712
10817
24578
32042
31291
22515
7961
-8637
-23021
-31496
-31881
-24075
-10079
6509
21426
30833
32307
25463
12062
-4448
-19815
-30076
-32585
-26689
-13907
2465
18204
29244
32732
27762
15616
-569
-16610
-28356
-32765
-28692
-17189
-1231
15047
27428
32699
29490
18630
2932
-13528
-26478
-32552
-30168
-19943
-4530
12062
25519
32337
30737
21133
6022
-10659
-24565
-32068
-31208
-22206
-7407
9326
23628
31760
31593
23169
8686
-8070
-22719
-31423
-31903
-24028
-9858
6896
21846
31070
32147
24790
10926
-5807
-21019
-30711
-32336
-25461
-11891
4807
20244
30356
32478
26047
12755
-3899
-19528
-30012
-32581
-26556
-13521
3083
18877
29687
32654
26991
14192
-2362
-18294
-29387
-32703
-27360
-14769
1736
17784
29119
32734
27666
15255
-1206
-17349
-28887
-32752
-27913
-15652
771
16993
28695
32761
28105
15962
-434
-16717
-28547
-32765
-28244
-16186
193
16523
28443
32766
28334
16326
-48
-16412
-28387
-32766
-28374
-16382
0
0
0
0
0
0
0
0
0
0
0
0
0
0
0
0
0
0
0
0
0
0
0
0
0
0
0
0
0
0
0
0
0
0
0
0
0
0
0
0
0
0
0
0
0
0
0
0
0
0
0
0
0
0
0
0
0
0
0
0
0
0
0
0
0
0
0
0
0
0
0
0
0
0
0
0
0
0
0
0
0
0
0
0
0
0
0
0
0
0
0
0
0
0
0
0
0
0
0
0
0
0
0
0
0
0
0
0
0
0
0
0
0
0
0
0
0
0
0
0
0
0
0
0
0
0
0
0
0
0
0
0
0
0
0
0
0
0
0
0
0
0
0
0
0
0
0
0
0
0
0
0
0
0
0
0
0
0
0
0
0
0
0
0
0
0
0
0
0
0
0
0
0
0
0
0
0
0
0
0
0
0
0
0
0
0
0
0
0
0
0
0
0
0
0
0
0
0
0
0
0
0
0
0
0
0
0
0
0
0
0
0
0
0
0
0
0
0
0
0
0
0
0
0
0
0
0
0
0
0
0
0
0
0
0
0
0
0
0
0
0
0
0
0
0
0
0
0
0
0
0
0
0
0
0
0
0
0
0
0
0
0
0
0
0
0
0
0
0
0
0
0
0
0
0
0
0
0
0
0
0
0
0
0
0
0
0
0
0
0
0
0
0
0
0
0
0
0
0
0
0
0
0
0
0
0
0
0
0
0
0
0
0
0
0
0
0
0
0
0
0
0
0
0
0
0
0
0
0
0
0
0
0
0
0
0
0
0
0
0
0
0
0
0
0
0
0
0
0
0
0
0
0
0
0
0
0
0
0
0
0
0
0
0
0
0
0
0
0
0
0
0
0
0
0
0
0
0
0
0
0
0
0
0
0
0
0
0
0
0
0
0
0
0
0
0
0
0
0
0
0
0
0
0
0
0
0
0
0
0
0
0
0
0
0
0
0
0
0
0
0
0
0
0
0
0
0
0
0
0
0
0
0
0
0
0
0
0
0
0
0
0
0
0
0
0
0
0
0
0
0
0
0
0
0
0
0
0
0
0
0
0
0
0
0
0
0
0
0
0
0
0
0
0
0
0
0
0
0
0
0
0
0
0
0
0
0
0
0
0
0
0
0
0
0
0
0
0
0
0
0
0
0
0
0
0
0
0
0
0
0
0
0
0
0
0
0
0
0
0
0
0
0
0
0
0
0
0
0
0
0
0
0
0
0
0
0
0
0
0
0
0
0
0
0
0
0
0
0
0
0
0
0
0
0
0
0
0
0
0
0
0
0
0
0
0
0
0
0
0
0
0
0
0
0
0
0
0
0
0
0
0
0
0
0
0
0
0
0
0
0
0
0
0
0
0
0
0
0
0
0
0
0
0
0
0
0
0
0
0
0
0
0
0
0
0
0
0
0
0
0
0
0
0
0
0
0
0
0
0
0
0
0
0
0
0
0
0
0
0
0
0
0
0
0
0
0
0
0
0
0
0
0
0
0
0
0
0
0
0
0
0
0
0
0
0
0
0
0
0
0
0
0
0
0
0
0
0
0
0
0
0
0
0
0
0
0
0
0
0
0
0
0
0
0
0
0
0
0
0
0
0
0
0
0
0
0
0
0
0
0
0
0
0
0
0
0
0
0
0
0
0
0
0
0
0
0
0
0
0
0
0
0
0
0
0
0
0
0
0
0
0
0
0
0
0
0
0
0
0
0
0
0
0
0
0
0
0
0
0
0
0
0
0
0
0
0
0
0
0
0
0
0
0
0
0
0
0
0
0
0
0
0
0
0
0
0
0
0
0
0
0
0
0
0
0
0
0
0
0
0
0
0
0
0
0
0
0
0
0
0
0
0
0
0
0
0
0
0
0
0
0
0
0
0
0
0
0
0
0
0
0
0
0
0
0
0
0
0
0
0
0
0
0
0
0
0
0
0
0
0
0
0
0
0
0
0
0
0
0
0
0
0
0
0
0
0
0
0
0
0
0
0
0
0
0
0
0
0
0
0
0
0
0
0
0
0
0
0
0
0
0
0
0
0
0
0
0
0
0
0
0
0
0
0
0
0
0
0
0
0
0
0
0
0
0
0
0
0
0
0
0
0
0
0
0
0
0
0
0
0
0
0
0
0
0
0
0
0
0
0
0
0
0
0
0
0
0
0
0
0
0
0
0
0
0
0
0
0
0
20851
20544
19630
18140
16117
13624
10738
7547
4147
642
-2861
-6260
-9451
-12341
-14845
-16892
-18424
-19402
-19800
-19615
-18859
-17561
-15769
-13542
-10954
-8089
-5035
-1889
1253
4300
7161
9755
12009
13864
15274
16209
16651
16600
16073
15097
13717
11984
9963
7724
5341
2892
451
-1907
-4116
-6115
-7852
-9286
-10389
-11142
-11539
-11588
-11304
-10716
-9860
-8777
-7516
-6128
-4666
-3181
-1722
-334
942
2076
3041
3821
4407
4800
5006
5039
4921
4676
4333
3922
3473
3016
2579
2185
1853
1597
1425
1338
1332
1398
1519
1677
1850
2012
2139
2206
2191
2074
1841
1480
989
371
-365
-1205
-2125
-3099
-4093
-5073
-6000
-6836
-7543
-8086
-8434
-8559
-8442
-8072
-7443
-6561
-5439
-4100
-2575
-902
872
2700
4526
6296
7954
9445
10719
11733
12448
12834
12872
12552
11876
10856
9516
7888
6015
3949
1746
-531
-2818
-5050
-7160
-9088
-10777
-12178
-13249
-13960
-14289
-14228
-13778
-12954
-11780
-10291
-8533
-6556
-4418
-2183
85
2324
4468
6458
8241
9769
11003
11913
12481
12698
12564
12093
11305
10231
8910
7386
5709
3932
2108
291
-1465
-3115
-4612
-5921
-7011
-7858
-8449
-8777
-8845
-8663
-8249
-7626
-6824
-5876
-4819
-3692
-2533
-1380
-268
769
1706
2517
3185
3698
4050
4242
4277
4168
3928
3578
3138
2632
2085
1522
966
440
-36
-446
-777
-1019
-1168
-1222
-1183
-1059
-859
-597
-286
55
412
766
1099
1395
1641
1823
1933
1963
1909
1772
1552
1256
891
468
0
-501
-1019
-1538
-2044
-2520
-2952
-3327
-3632
-3859
-4000
-4048
-4001
-3858
-3621
-3293
-2880
-2390
-1833
-1219
-561
127
833
1541
2238
2908
3538
4114
4623
5054
5395
5638
5775
5800
5710
5501
5175
4733
4180
3523
2772
1938
1035
79
-911
-1918
-2919
-3894
-4819
-5673
-6434
-7081
-7594
-7958
-8157
-8181
-8021
-7676
-7146
-6436
-5557
-4524
-3356
-2077
-715
699
2135
3556
4926
6211
7377
8390
9221
9846
10243
10398
10301
9950
9348
8508
7447
6187
4760
3199
1545
-161
-1877
-3555
-5152
-6625
-7935
-9045
-9926
-10553
-10909
-10984
-10777
-10293
-9545
-8555
-7351
-5966
-4440
-2815
-1136
548
2194
3755
5189
6458
7529
8375
8976
9321
9403
9228
8804
8151
7292
6258
5085
3809
2473
1117
-215
-1487
-2660
-3703
-4587
-5291
-5799
-6102
-6200
-6097
-5804
-5340
-4727
-3993
-3168
-2286
-1379
-481
373
1156
1841
2404
2830
3107
3228
3195
3012
2692
2252
1712
1098
436
-244
-913
-1544
-2107
-2579
-2939
-3170
-3260
-3202
-2995
-2644
-2159
-1555
-851
-71
757
1608
2449
3250
3983
4620
5136
5510
5726
5771
5640
5331
4849
4205
3415
2497
1477
382
-756
-1907
-3038
-4116
-5111
-5992
-6736
-7318
-7722
-7934
-7947
-7759
-7372
-6796
-6043
-5132
-4084
-2927
-1688
-398
911
2208
3460
4639
5715
6662
7459
8087
8531
8782
8835
8688
8347
7818
7115
6254
5256
4141
2937
1668
364
-946
-2236
-3478
-4643
-5708
-6650
-7450
-8090
-8557
-8841
-8936
-8841
-8557
-8090
-7450
-6650
-5708
-4643
-3478
-2236
-946
364
1668
2937
4141
5256
6254
7115
7818
8347
8688
8835
8782
8531
8087
7459
6662
5715
4639
3460
2208
911
-398
-1688
-2927
-4084
-5132
-6043
-6796
-7372
-7759
-7947
-7934
-7722
-7318
-6736
-5992
-5111
-4116
-3038
-1907
-756
382
1477
2497
3415
4205
4849
5331
5640
5771
5726
5510
5136
4620
3983
3250
2449
1608
757
-71
-851
-1555
-2159
-2644
-2995
-3202
-3260
-3170
-2939
-2579
-2107
-1544
-913
-244
436
1098
1712
2252
2692
3012
3195
3228
3107
2830
2404
1841
1156
373
-481
-1379
-2286
-3168
-3993
-4727
-5340
-5804
-6097
-6200
-6102
-5799
-5291
-4587
-3703
-2660
-1487
-215
1117
2473
3809
5085
6258
7292
8151
8804
9228
9403
9321
8976
8375
7529
6458
5189
3755
2194
548
-1136
-2815
-4440
-5966
-7351
-8555
-9545
-10293
-10777
-10984
-10909
-10553
-9926
-9045
-7935
-6625
-5152
-3555
-1877
-161
1545
3199
4760
6187
7447
8508
9348
9950
10301
10398
10243
9846
9221
8390
7377
6211
4926
3556
2135
699
-715
-2077
-3356
-4524
-5557
-6436
-7146
-7676
-8021
-8181
-8157
-7958
-7594
-7081
-6434
-5673
-4819
-3894
-2919
-1918
-911
79
1035
1938
2772
3523
4180
4733
5175
5501
5710
5800
5775
5638
5395
5054
4623
4114
3538
2908
2238
1541
833
127
-561
-1219
-1833
-2390
-2880
-3293
-3621
-3858
-4001
-4048
-4000
-3859
-3632
-3327
-2952
-2520
-2044
-1538
-1019
-501
0
468
891
1256
1552
1772
1909
1963
1933
1823
1641
1395
1099
766
412
55
-286
-597
-859
-1059
-1183
-1222
-1168
-1019
-777
-446
-36
440
966
1522
2085
2632
3138
3578
3928
4168
4277
4242
4050
3698
3185
2517
1706
769
-268
-1380
-2533
-3692
-4819
-5876
-6824
-7626
-8249
-8663
-8845
-8777
-8449
-7858
-7011
-5921
-4612
-3115
-1465
291
2108
3932
5709
7386
8910
10231
11305
12093
12564
12698
12481
11913
11003
9769
8241
6458
4468
2324
85
-2183
-4418
-6556
-8533
-10291
-11780
-12954
-13778
-14228
-14289
-13960
-13249
-12178
-10777
-9088
-7160
-5050
-2818
-531
1746
3949
6015
7888
9516
10856
11876
12552
12872
12834
12448
11733
10719
9445
7954
6296
4526
2700
872
-902
-2575
-4100
-5439
-6561
-7443
-8072
-8442
-8559
-8434
-8086
-7543
-6836
-6000
-5073
-4093
-3099
-2125
-1205
-365
371
989
1480
1841
2074
2191
2206
2139
2012
1850
1677
1519
1398
1332
1338
1425
1597
1853
2185
2579
3016
3473
3922
4333
4676
4921
5039
5006
4800
4407
3821
3041
2076
942
-334
-1722
-3181
-4666
-6128
-7516
-8777
-9860
-10716
-11304
-11588
-11539
-11142
-10389
-9286
-7852
-6115
-4116
-1907
451
2892
5341
7724
9963
11984
13717
15097
16073
16600
16651
16209
15274
13864
12009
9755
7161
4300
1253
-1889
-5035
-8089
-10954
-13542
-15769
-17561
-18859
-19615
-19800
-19402
-18424
-16892
-14845
-12341
-9451
-6260
-2861
642
4147
7547
10738
13624
16117
18140
19630
20544
0
0
0
0
0
0
0
0
0
0
0
0
0
0
0
0
0
0
0
0
0
0
0
0
0
0
0
0
0
0
0
0
0
0
0
0
0
0
0
0
0
0
0
0
0
0
0
0
0
0
0
0
0
0
0
0
0
0
0
0
0
0
0
0
0
0
0
-8936
-8823
-8489
-7940
-7190
-6258
-5166
-3941
-2614
-1216
215
1647
3042
4364
5581
6660
7572
8294
8805
9091
9142
8955
8532
7883
7022
5970
4753
3402
1950
435
-1101
-2620
-4080
-5440
-6663
-7713
-8561
-9180
-9551
-9661
-9504
-9081
-8402
-7482
-6345
-5019
-3541
-1950
-291
1390
3046
4629
6092
7393
8493
9357
9957
10275
10297
10020
9449
8597
7488
6150
4620
2942
1163
-665
-2490
-4257
-5914
-7412
-8704
-9752
-10521
-10987
-11134
-10955
-10453
-9640
-8537
-7175
-5593
-3834
-1951
3
1971
3895
5719
7389
8855
10074
11009
11631
11922
11871
11480
10759
9727
8414
6858
5102
3197
1197
-840
-2857
-4797
-6604
-8228
-9624
-10752
-11583
-12094
-12273
-12115
-11629
-10828
-9738
-8390
-6824
-5085
-3221
-1284
671
2593
4431
6135
7663
8976
10043
10838
11347
11560
11477
11106
10462
9567
8449
7142
5682
4110
2468
799
-855
-2455
-3963
-5345
-6571
-7617
-8464
-9097
-9509
-9698
-9666
-9422
-8979
-8354
-7566
-6639
-5598
-4468
-3276
-2051
-816
401
1580
2697
3734
4675
5506
6214
6793
7235
7537
7699
7720
7605
7359
6988
6499
5904
5212
4436
3588
2682
1732
754
-236
-1223
-2191
-3124
-4005
-4819
-5551
-6187
-6715
-7122
-7400
-7541
-7541
-7398
-7110
-6683
-6123
-5437
-4640
-3744
-2768
-1731
-653
441
1532
2595
3607
4546
5392
6126
6733
7199
7516
7676
7677
7521
7212
6759
6173
5469
4664
3778
2830
1842
836
-165
-1144
-2079
-2953
-3751
-4459
-5068
-5569
-5957
-6231
-6391
-6439
-6379
-6219
-5966
-5629
-5216
-4737
-4202
-3619
-2999
-2348
-1674
-985
-286
416
1117
1812
2494
3157
3797
4405
4974
5495
5959
6357
6676
6907
7039
7060
6963
6738
6380
5884
5250
4481
3582
2564
1440
228
-1048
-2367
-3697
-5008
-6269
-7444
-8501
-9408
-10134
-10651
-10938
-10976
-10754
-10266
-9513
-8506
-7261
-5802
-4159
-2370
-478
1470
3426
5336
7149
8814
10284
11514
12467
13113
13428
13400
13024
12306
11263
9919
8309
6475
4468
2341
153
-2033
-4159
-6163
-7991
-9590
-10916
-11934
-12616
-12945
-12915
-12532
-11809
-10773
-9459
-7909
-6173
-4305
-2365
-411
1495
3301
4951
6400
7607
8544
9187
9527
9562
9302
8766
7981
6984
5816
4525
3159
1771
411
-872
-2036
-3043
-3860
-4466
-4844
-4992
-4912
-4617
-4131
-3480
-2701
-1833
-919
-4
868
1657
2325
2839
3174
3311
3243
2967
2494
1841
1033
104
-907
-1958
-3002
-3992
-4883
-5629
-6194
-6543
-6653
-6507
-6097
-5429
-4514
-3377
-2051
-575
1001
2626
4243
5794
7222
8473
9496
10250
10700
10821
10599
10033
9132
7917
6421
4688
2768
720
-1388
-3493
-5525
-7416
-9104
-10531
-11649
-12417
-12808
-12805
-12407
-11623
-10477
-9003
-7249
-5270
-3131
-900
1350
3546
5617
7496
9121
10440
11412
12007
12207
12009
11423
10471
9190
7625
5832
3876
1824
-250
-2277
-4186
-5912
-7397
-8591
-9456
-9964
-10103
-9871
-9281
-8359
-7143
-5678
-4024
-2241
-398
1436
3192
4806
6217
7373
8230
8758
8936
8758
8230
7373
6217
4806
3192
1436
-398
-2241
-4024
-5678
-7143
-8359
-9281
-9871
-10103
-9964
-9456
-8591
-7397
-5912
-4186
-2277
-250
1824
3876
5832
7625
9190
10471
11423
12009
12207
12007
11412
10440
9121
7496
5617
3546
1350
-900
-3131
-5270
-7249
-9003
-10477
-11623
-12407
-12805
-12808
-12417
-11649
-10531
-9104
-7416
-5525
-3493
-1388
720
2768
4688
6421
7917
9132
10033
10599
10821
10700
10250
9496
8473
7222
5794
4243
2626
1001
-575
-2051
-3377
-4514
-5429
-6097
-6507
-6653
-6543
-6194
-5629
-4883
-3992
-3002
-1958
-907
104
1033
1841
2494
2967
3243
3311
3174
2839
2325
1657
868
-4
-919
-1833
-2701
-3480
-4131
-4617
-4912
-4992
-4844
-4466
-3860
-3043
-2036
-872
411
1771
3159
4525
5816
6984
7981
8766
9302
9562
9527
9187
8544
7607
6400
4951
3301
1495
-411
-2365
-4305
-6173
-7909
-9459
-10773
-11809
-12532
-12915
-12945
-12616
-11934
-10916
-9590
-7991
-6163
-4159
-2033
153
2341
4468
6475
8309
9919
11263
12306
13024
13400
13428
13113
12467
11514
10284
8814
7149
5336
3426
1470
-478
-2370
-4159
-5802
-7261
-8506
-9513
-10266
-10754
-10976
-10938
-10651
-10134
-9408
-8501
-7444
-6269
-5008
-3697
-2367
-1048
228
1440
2564
3582
4481
5250
5884
6380
6738
6963
7060
7039
6907
6676
6357
5959
5495
4974
4405
3797
3157
2494
1812
1117
416
-286
-985
-1674
-2348
-2999
-3619
-4202
-4737
-5216
-5629
-5966
-6219
-6379
-6439
-6391
-6231
-5957
-5569
-5068
-4459
-3751
-2953
-2079
-1144
-165
836
1842
2830
3778
4664
5469
6173
6759
7212
7521
7677
7676
7516
7199
6733
6126
5392
4546
3607
2595
1532
441
-653
-1731
-2768
-3744
-4640
-5437
-6123
-6683
-7110
-7398
-7541
-7541
-7400
-7122
-6715
-6187
-5551
-4819
-4005
-3124
-2191
-1223
-236
754
1732
2682
3588
4436
5212
5904
6499
6988
7359
7605
7720
7699
7537
7235
6793
6214
5506
4675
3734
2697
1580
401
-816
-2051
-3276
-4468
-5598
-6639
-7566
-8354
-8979
-9422
-9666
-9698
-9509
-9097
-8464
-7617
-6571
-5345
-3963
-2455
-855
799
2468
4110
5682
7142
8449
9567
10462
11106
11477
11560
11347
10838
10043
8976
7663
6135
4431
2593
671
-1284
-3221
-5085
-6824
-8390
-9738
-10828
-11629
-12115
-12273
-12094
-11583
-10752
-9624
-8228
-6604
-4797
-2857
-840
1197
3197
5102
6858
8414
9727
10759
11480
11871
11922
11631
11009
10074
8855
7389
5719
3895
1971
3
-1951
-3834
-5593
-7175
-8537
-9640
-10453
-10955
-11134
-10987
-10521
-9752
-8704
-7412
-5914
-4257
-2490
-665
1163
2942
4620
6150
7488
8597
9449
10020
10297
10275
9957
9357
8493
7393
6092
4629
3046
1390
-291
-1950
-3541
-5019
-6345
-7482
-8402
-9081
-9504
-9661
-9551
-9180
-8561
-7713
-6663
-5440
-4080
-2620
-1101
435
1950
3402
4753
5970
7022
7883
8532
8955
9142
9091
8805
8294
7572
6660
5581
4364
3042
1647
215
-1216
-2614
-3941
-5166
-6258
-7190
-7940
-8489
-8823
0
0
0
0
0
0
0
0
0
0
0
0
0
0
0
0
0
0
0
0
0
0
0
0
0
0
0
0
0
0
0
0
0
0
0
0
0
0
0
0
0
0
0
0
0
0
0
0
0
0
0
0
0
0
0
0
0
0
0
0
0
0
0
0
0
0
0
-8936
-8766
-8261
-7439
-6330
-4972
-3414
-1711
76
1884
3649
5306
6796
8063
9062
9753
10110
10116
9766
9069
8043
6720
5141
3356
1422
-597
-2638
-4632
-6515
-8223
-9701
-10897
-11771
-12293
-12443
-12213
-11609
-10646
-9351
-7764
-5930
-3905
-1750
471
2693
4848
6874
8711
10305
11611
12593
13223
13485
13376
12901
12077
10930
9497
7821
5952
3945
1856
-254
-2330
-4316
-6158
-7812
-9237
-10401
-11279
-11857
-12127
-12092
-11761
-11152
-10290
-9204
-7931
-6508
-4976
-3377
-1752
-141
1418
2892
4251
5468
6524
7403
8095
8594
8900
9017
8954
8720
8329
7798
7143
6383
5536
4620
3653
2653
1636
616
-390
-1372
-2316
-3211
-4046
-4812
-5498
-6096
-6597
-6994
-7278
-7444
-7486
-7399
-7180
-6830
-6348
-5738
-5007
-4165
-3222
-2194
-1100
40
1203
2365
3498
4576
5571
6457
7210
7807
8228
8459
8489
8313
7931
7348
6577
5634
4542
3330
2028
671
-701
-2054
-3347
-4543
-5608
-6510
-7223
-7726
-8004
-8049
-7861
-7447
-6820
-6002
-5019
-3905
-2695
-1429
-150
1100
2282
3356
4288
5048
5611
5962
6090
5995
5684
5169
4473
3624
2655
1605
514
-574
-1619
-2579
-3416
-4097
-4595
-4888
-4965
-4819
-4456
-3885
-3129
-2214
-1175
-49
1117
2282
3397
4417
5301
6009
6510
6777
6793
6549
6047
5296
4316
3134
1788
318
-1225
-2792
-4329
-5781
-7097
-8228
-9131
-9769
-10115
-10150
-9864
-9261
-8351
-7159
-5715
-4062
-2247
-325
1645
3603
5489
7242
8808
10136
11183
11915
12307
12346
12028
11363
10368
9073
7517
5747
3816
1782
-293
-2350
-4327
-6165
-7813
-9222
-10356
-11184
-11687
-11855
-11689
-11201
-10413
-9354
-8062
-6581
-4962
-3255
-1514
207
1859
3394
4771
5954
6916
7638
8108
8326
8297
8036
7565
6910
6106
5187
4193
3161
2131
1137
213
-615
-1325
-1901
-2333
-2620
-2764
-2777
-2673
-2472
-2199
-1879
-1539
-1206
-906
-661
-490
-409
-426
-545
-765
-1076
-1466
-1915
-2400
-2894
-3370
-3798
-4147
-4391
-4505
-4468
-4264
-3885
-3327
-2595
-1701
-663
493
1736
3030
4334
5605
6798
7870
8780
9488
9962
10175
10106
9746
9091
8149
6937
5481
3814
1980
26
-1993
-4022
-6000
-7869
-9572
-11055
-12271
-13179
-13746
-13949
-13777
-13227
-12308
-11042
-9459
-7600
-5512
-3253
-884
1529
3922
6226
8378
10316
11986
13342
14346
14968
15193
15013
14435
13474
12159
10527
8623
6500
4218
1841
-567
-2941
-5217
-7333
-9235
-10874
-12208
-13205
-13844
-14113
-14009
-13541
-12729
-11599
-10187
-8537
-6696
-4718
-2658
-573
1482
3453
5291
6949
8389
9577
10491
11112
11433
11454
11183
10636
9835
8810
7594
6225
4743
3191
1611
45
-1467
-2889
-4188
-5336
-6308
-7088
-7664
-8030
-8184
-8134
-7889
-7464
-6878
-6153
-5314
-4388
-3401
-2381
-1354
-346
620
1523
2346
3072
3692
4196
4581
4845
4989
5019
4941
4766
4503
4165
3765
3317
2832
2325
1807
1289
781
291
-173
-607
-1007
-1369
-1693
-1977
-2223
-2431
-2603
-2741
-2846
-2920
-2964
-2978
-2964
-2920
-2846
-2741
-2603
-2431
-2223
-1977
-1693
-1369
-1007
-607
-173
291
781
1289
1807
2325
2832
3317
3765
4165
4503
4766
4941
5019
4989
4845
4581
4196
3692
3072
2346
1523
620
-346
-1354
-2381
-3401
-4388
-5314
-6153
-6878
-7464
-7889
-8134
-8184
-8030
-7664
-7088
-6308
-5336
-4188
-2889
-1467
45
1611
3191
4743
6225
7594
8810
9835
10636
11183
11454
11433
11112
10491
9577
8389
6949
5291
3453
1482
-573
-2658
-4718
-6696
-8537
-10187
-11599
-12729
-13541
-14009
-14113
-13844
-13205
-12208
-10874
-9235
-7333
-5217
-2941
-567
1841
4218
6500
8623
10527
12159
13474
14435
15013
15193
14968
14346
13342
11986
10316
8378
6226
3922
1529
-884
-3253
-5512
-7600
-9459
-11042
-12308
-13227
-13777
-13949
-13746
-13179
-12271
-11055
-9572
-7869
-6000
-4022
-1993
26
1980
3814
5481
6937
8149
9091
9746
10106
10175
9962
9488
8780
7870
6798
5605
4334
3030
1736
493
-663
-1701
-2595
-3327
-3885
-4264
-4468
-4505
-4391
-4147
-3798
-3370
-2894
-2400
-1915
-1466
-1076
-765
-545
-426
-409
-490
-661
-906
-1206
-1539
-1879
-2199
-2472
-2673
-2777
-2764
-2620
-2333
-1901
-1325
-615
213
1137
2131
3161
4193
5187
6106
6910
7565
8036
8297
8326
8108
7638
6916
5954
4771
3394
1859
207
-1514
-3255
-4962
-6581
-8062
-9354
-10413
-11201
-11689
-11855
-11687
-11184
-10356
-9222
-7813
-6165
-4327
-2350
-293
1782
3816
5747
7517
9073
10368
11363
12028
12346
12307
11915
11183
10136
8808
7242
5489
3603
1645
-325
-2247
-4062
-5715
-7159
-8351
-9261
-9864
-10150
-10115
-9769
-9131
-8228
-7097
-5781
-4329
-2792
-1225
318
1788
3134
4316
5296
6047
6549
6793
6777
6510
6009
5301
4417
3397
2282
1117
-49
-1175
-2214
-3129
-3885
-4456
-4819
-4965
-4888
-4595
-4097
-3416
-2579
-1619
-574
514
1605
2655
3624
4473
5169
5684
5995
6090
5962
5611
5048
4288
3356
2282
1100
-150
-1429
-2695
-3905
-5019
-6002
-6820
-7447
-7861
-8049
-8004
-7726
-7223
-6510
-5608
-4543
-3347
-2054
-701
671
2028
3330
4542
5634
6577
7348
7931
8313
8489
8459
8228
7807
7210
6457
5571
4576
3498
2365
1203
40
-1100
-2194
-3222
-4165
-5007
-5738
-6348
-6830
-7180
-7399
-7486
-7444
-7278
-6994
-6597
-6096
-5498
-4812
-4046
-3211
-2316
-1372
-390
616
1636
2653
3653
4620
5536
6383
7143
7798
8329
8720
8954
9017
8900
8594
8095
7403
6524
5468
4251
2892
1418
-141
-1752
-3377
-4976
-6508
-7931
-9204
-10290
-11152
-11761
-12092
-12127
-11857
-11279
-10401
-9237
-7812
-6158
-4316
-2330
-254
1856
3945
5952
7821
9497
10930
12077
12901
13376
13485
13223
12593
11611
10305
8711
6874
4848
2693
471
-1750
-3905
-5930
-7764
-9351
-10646
-11609
-12213
-12443
-12293
-11771
-10897
-9701
-8223
-6515
-4632
-2638
-597
1422
3356
5141
6720
8043
9069
9766
10116
10110
9753
9062
8063
6796
5306
3649
1884
76
-1711
-3414
-4972
-6330
-7439
-8261
-8766
0
0
0
0
0
0
0
0
0
0
0
0
0
0
0
0
0
0
0
0
0
0
0
0
0
0
0
0
0
0
0
0
0
0
0
0
0
0
0
0
0
0
0
0
0
0
0
0
0
0
0
0
0
0
0
0
0
0
0
0
0
0
0
0
0
0
0
8936
8799
8392
7728
6824
5709
4414
2978
1442
-147
-1744
-3301
-4771
-6110
-7279
-8240
-8965
-9429
-9617
-9522
-9142
-8487
-7572
-6423
-5070
-3550
-1905
-181
1571
3304
4967
6511
7892
9068
10004
10671
11047
11119
10882
10339
9504
8396
7045
5486
3761
1916
2
-1929
-3825
-5632
-7301
-8786
-10045
-11044
-11753
-12155
-12236
-11996
-11439
-10583
-9449
-8069
-6482
-4729
-2859
-923
1027
2941
4767
6458
7970
9266
10314
11089
11576
11766
11659
11263
10594
9676
8537
7212
5740
4163
2525
869
-762
-2327
-3788
-5113
-6272
-7244
-8012
-8565
-8901
-9022
-8936
-8657
-8202
-7594
-6858
-6019
-5106
-4144
-3161
-2181
-1226
-314
537
1319
2023
2643
3180
3635
4013
4321
4566
4757
4902
5009
5085
5133
5157
5158
5132
5075
4981
4842
4649
4391
4058
3641
3133
2529
1826
1025
131
-844
-1890
-2986
-4110
-5236
-6335
-7374
-8321
-9143
-9807
-10283
-10544
-10567
-10336
-9839
-9075
-8047
-6769
-5260
-3551
-1678
315
2382
4468
6516
8471
10273
11870
13209
14246
14942
15269
15207
14747
13892
12655
11063
9151
6967
4564
2005
-640
-3301
-5904
-8376
-10647
-12652
-14333
-15641
-16536
-16991
-16992
-16537
-15638
-14319
-12618
-10583
-8271
-5749
-3090
-368
2337
4950
7398
9611
11528
13099
14283
15050
15386
15286
14761
13836
12543
10929
9048
6962
4738
2445
154
-2065
-4148
-6036
-7676
-9025
-10052
-10735
-11063
-11041
-10680
-10006
-9052
-7861
-6481
-4967
-3374
-1762
-185
1302
2652
3822
4778
5495
5957
6158
6102
5802
5281
4569
3702
2722
1675
606
-437
-1411
-2275
-2993
-3536
-3882
-4018
-3939
-3648
-3160
-2494
-1678
-746
262
1306
2341
3324
4212
4967
5554
5945
6121
6067
5779
5261
4526
3594
2495
1262
-64
-1440
-2819
-4155
-5401
-6515
-7455
-8190
-8690
-8936
-8916
-8628
-8077
-7277
-6250
-5027
-3642
-2137
-557
1050
2638
4159
5569
6826
7894
8743
9351
9701
9786
9606
9171
8494
7600
6516
5277
3919
2482
1008
-461
-1889
-3235
-4468
-5556
-6477
-7212
-7747
-8077
-8200
-8124
-7857
-7415
-6817
-6086
-5246
-4323
-3343
-2333
-1318
-320
637
1537
2365
3107
3755
4303
4747
5087
5324
5463
5506
5461
5334
5131
4860
4525
4133
3690
3201
2669
2101
1500
872
221
-444
-1120
-1795
-2462
-3109
-3725
-4296
-4808
-5248
-5602
-5857
-5999
-6019
-5907
-5659
-5273
-4748
-4091
-3311
-2423
-1442
-392
703
1815
2916
3973
4955
5832
6575
7159
7560
7762
7752
7525
7081
6427
5577
4551
3377
2087
716
-693
-2102
-3465
-4739
-5885
-6863
-7642
-8194
-8499
-8543
-8323
-7842
-7113
-6157
-5001
-3681
-2239
-720
826
2351
3804
5137
6306
7271
7999
8464
8650
8550
8165
7507
6596
5464
4146
2687
1135
-456
-2035
-3546
-4939
-6165
-7181
-7953
-8454
-8665
-8579
-8197
-7532
-6605
-5450
-4103
-2612
-1027
596
2202
3737
5146
6380
7397
8160
8643
8829
8710
8290
7583
6613
5413
4025
2495
877
-773
-2399
-3944
-5355
-6583
-7585
-8327
-8782
-8936
-8782
-8327
-7585
-6583
-5355
-3944
-2399
-773
877
2495
4025
5413
6613
7583
8290
8710
8829
8643
8160
7397
6380
5146
3737
2202
596
-1027
-2612
-4103
-5450
-6605
-7532
-8197
-8579
-8665
-8454
-7953
-7181
-6165
-4939
-3546
-2035
-456
1135
2687
4146
5464
6596
7507
8165
8550
8650
8464
7999
7271
6306
5137
3804
2351
826
-720
-2239
-3681
-5001
-6157
-7113
-7842
-8323
-8543
-8499
-8194
-7642
-6863
-5885
-4739
-3465
-2102
-693
716
2087
3377
4551
5577
6427
7081
7525
7752
7762
7560
7159
6575
5832
4955
3973
2916
1815
703
-392
-1442
-2423
-3311
-4091
-4748
-5273
-5659
-5907
-6019
-5999
-5857
-5602
-5248
-4808
-4296
-3725
-3109
-2462
-1795
-1120
-444
221
872
1500
2101
2669
3201
3690
4133
4525
4860
5131
5334
5461
5506
5463
5324
5087
4747
4303
3755
3107
2365
1537
637
-320
-1318
-2333
-3343
-4323
-5246
-6086
-6817
-7415
-7857
-8124
-8200
-8077
-7747
-7212
-6477
-5556
-4468
-3235
-1889
-461
1008
2482
3919
5277
6516
7600
8494
9171
9606
9786
9701
9351
8743
7894
6826
5569
4159
2638
1050
-557
-2137
-3642
-5027
-6250
-7277
-8077
-8628
-8916
-8936
-8690
-8190
-7455
-6515
-5401
-4155
-2819
-1440
-64
1262
2495
3594
4526
5261
5779
6067
6121
5945
5554
4967
4212
3324
2341
1306
262
-746
-1678
-2494
-3160
-3648
-3939
-4018
-3882
-3536
-2993
-2275
-1411
-437
606
1675
2722
3702
4569
5281
5802
6102
6158
5957
5495
4778
3822
2652
1302
-185
-1762
-3374
-4967
-6481
-7861
-9052
-10006
-10680
-11041
-11063
-10735
-10052
-9025
-7676
-6036
-4148
-2065
154
2445
4738
6962
9048
10929
12543
13836
14761
15286
15386
15050
14283
13099
11528
9611
7398
4950
2337
-368
-3090
-5749
-8271
-10583
-12618
-14319
-15638
-16537
-16992
-16991
-16536
-15641
-14333
-12652
-10647
-8376
-5904
-3301
-640
2005
4564
6967
9151
11063
12655
13892
14747
15207
15269
14942
14246
13209
11870
10273
8471
6516
4468
2382
315
-1678
-3551
-5260
-6769
-8047
-9075
-9839
-10336
-10567
-10544
-10283
-9807
-9143
-8321
-7374
-6335
-5236
-4110
-2986
-1890
-844
131
1025
1826
2529
3133
3641
4058
4391
4649
4842
4981
5075
5132
5158
5157
5133
5085
5009
4902
4757
4566
4321
4013
3635
3180
2643
2023
1319
537
-314
-1226
-2181
-3161
-4144
-5106
-6019
-6858
-7594
-8202
-8657
-8936
-9022
-8901
-8565
-8012
-7244
-6272
-5113
-3788
-2327
-762
869
2525
4163
5740
7212
8537
9676
10594
11263
11659
11766
11576
11089
10314
9266
7970
6458
4767
2941
1027
-923
-2859
-4729
-6482
-8069
-9449
-10583
-11439
-11996
-12236
-12155
-11753
-11044
-10045
-8786
-7301
-5632
-3825
-1929
2
1916
3761
5486
7045
8396
9504
10339
10882
11119
11047
10671
10004
9068
7892
6511
4967
3304
1571
-181
-1905
-3550
-5070
-6423
-7572
-8487
-9142
-9522
-9617
-9429
-8965
-8240
-7279
-6110
-4771
-3301
-1744
-147
1442
2978
4414
5709
6824
7728
8392
8799
0
0
0
0
0
0
0
0
0
0
0
0
0
0
0
0
0
0
0
0
0
0
0
0
0
0
0
0
0
0
0
0
0
0
0
0
0
0
0
0
0
0
0
0
0
0
0
0
0
0
0
0
0
0
0
0
0
0
0
0
0
0
0
0
0
0
0
8936
8806
8420
7791
6940
5893
4686
3356
1947
503
-930
-2309
-3591
-4738
-5718
-6504
-7076
-7422
-7538
-7428
-7103
-6582
-5889
-5054
-4110
-3094
-2044
-997
11
949
1786
2500
3072
3492
3753
3859
3816
3640
3348
2965
2515
2028
1530
1050
614
242
-45
-236
-323
-303
-182
30
320
668
1048
1437
1805
2125
2370
2518
2547
2442
2193
1796
1256
583
-206
-1089
-2036
-3012
-3981
-4904
-5740
-6450
-6999
-7354
-7488
-7383
-7027
-6416
-5558
-4468
-3171
-1700
-97
1589
3308
5003
6616
8091
9372
10412
11166
11599
11686
11413
10777
9787
8463
6840
4960
2877
652
-1647
-3949
-6181
-8270
-10147
-11747
-13015
-13904
-14378
-14417
-14009
-13163
-11897
-10244
-8253
-5981
-3495
-872
1806
4458
6999
9347
11426
13169
14518
15426
15863
15809
15264
14241
12769
10892
8666
6160
3450
621
-2238
-5041
-7696
-10122
-12241
-13987
-15304
-16150
-16498
-16337
-15670
-14519
-12919
-10919
-8582
-5981
-3195
-313
2577
5388
8031
10425
12499
14189
15445
16231
16524
16317
15620
14456
12864
10893
8607
6077
3380
599
-2181
-4879
-7413
-9711
-11705
-13341
-14573
-15370
-15714
-15601
-15040
-14053
-12676
-10955
-8946
-6710
-4318
-1841
649
3079
5382
7494
9359
10930
12168
13047
13551
13674
13424
12818
11881
10650
9168
7483
5647
3716
1745
-210
-2097
-3869
-5482
-6898
-8089
-9032
-9713
-10125
-10270
-10157
-9800
-9222
-8449
-7509
-6436
-5264
-4028
-2761
-1497
-266
904
1992
2976
3841
4577
5176
5636
5957
6145
6205
6148
5985
5728
5390
4985
4524
4021
3486
2930
2361
1788
1216
651
98
-440
-961
-1461
-1938
-2389
-2811
-3201
-3555
-3868
-4137
-4355
-4518
-4621
-4660
-4629
-4526
-4349
-4095
-3767
-3365
-2894
-2359
-1769
-1132
-459
236
942
1644
2327
2976
3577
4116
4581
4961
5246
5430
5507
5475
5334
5087
4739
4297
3770
3171
2511
1804
1067
313
-440
-1179
-1890
-2559
-3172
-3720
-4194
-4585
-4889
-5101
-5220
-5245
-5179
-5024
-4785
-4468
-4079
-3625
-3116
-2560
-1967
-1345
-704
-55
592
1231
1849
2440
2993
3500
3954
4348
4673
4925
5099
5189
5193
5109
4937
4676
4330
3902
3397
2824
2191
1507
786
40
-717
-1471
-2206
-2907
-3559
-4148
-4660
-5085
-5410
-5630
-5737
-5728
-5604
-5366
-5019
-4571
-4031
-3413
-2729
-1996
-1231
-451
326
1085
1807
2478
3084
3613
4057
4408
4663
4819
4879
4845
4723
4521
4248
3915
3533
3113
2667
2206
1740
1279
829
397
-13
-399
-759
-1094
-1407
-1698
-1972
-2232
-2482
-2724
-2960
-3191
-3416
-3633
-3838
-4025
-4187
-4316
-4401
-4432
-4399
-4292
-4100
-3815
-3432
-2946
-2356
-1665
-879
-8
934
1932
2963
4005
5030
6012
6921
7728
8404
8923
9262
9399
9319
9012
8472
7702
6709
5509
4124
2580
912
-842
-2640
-4437
-6185
-7837
-9347
-10672
-11769
-12606
-13151
-13385
-13292
-12869
-12117
-11051
-9691
-8068
-6220
-4191
-2031
205
2461
4679
6800
8768
10532
12045
13266
14162
14709
14894
14709
14162
13266
12045
10532
8768
6800
4679
2461
205
-2031
-4191
-6220
-8068
-9691
-11051
-12117
-12869
-13292
-13385
-13151
-12606
-11769
-10672
-9347
-7837
-6185
-4437
-2640
-842
912
2580
4124
5509
6709
7702
8472
9012
9319
9399
9262
8923
8404
7728
6921
6012
5030
4005
2963
1932
934
-8
-879
-1665
-2356
-2946
-3432
-3815
-4100
-4292
-4399
-4432
-4401
-4316
-4187
-4025
-3838
-3633
-3416
-3191
-2960
-2724
-2482
-2232
-1972
-1698
-1407
-1094
-759
-399
-13
397
829
1279
1740
2206
2667
3113
3533
3915
4248
4521
4723
4845
4879
4819
4663
4408
4057
3613
3084
2478
1807
1085
326
-451
-1231
-1996
-2729
-3413
-4031
-4571
-5019
-5366
-5604
-5728
-5737
-5630
-5410
-5085
-4660
-4148
-3559
-2907
-2206
-1471
-717
40
786
1507
2191
2824
3397
3902
4330
4676
4937
5109
5193
5189
5099
4925
4673
4348
3954
3500
2993
2440
1849
1231
592
-55
-704
-1345
-1967
-2560
-3116
-3625
-4079
-4468
-4785
-5024
-5179
-5245
-5220
-5101
-4889
-4585
-4194
-3720
-3172
-2559
-1890
-1179
-440
313
1067
1804
2511
3171
3770
4297
4739
5087
5334
5475
5507
5430
5246
4961
4581
4116
3577
2976
2327
1644
942
236
-459
-1132
-1769
-2359
-2894
-3365
-3767
-4095
-4349
-4526
-4629
-4660
-4621
-4518
-4355
-4137
-3868
-3555
-3201
-2811
-2389
-1938
-1461
-961
-440
98
651
1216
1788
2361
2930
3486
4021
4524
4985
5390
5728
5985
6148
6205
6145
5957
5636
5176
4577
3841
2976
1992
904
-266
-1497
-2761
-4028
-5264
-6436
-7509
-8449
-9222
-9800
-10157
-10270
-10125
-9713
-9032
-8089
-6898
-5482
-3869
-2097
-210
1745
3716
5647
7483
9168
10650
11881
12818
13424
13674
13551
13047
12168
10930
9359
7494
5382
3079
649
-1841
-4318
-6710
-8946
-10955
-12676
-14053
-15040
-15601
-15714
-15370
-14573
-13341
-11705
-9711
-7413
-4879
-2181
599
3380
6077
8607
10893
12864
14456
15620
16317
16524
16231
15445
14189
12499
10425
8031
5388
2577
-313
-3195
-5981
-8582
-10919
-12919
-14519
-15670
-16337
-16498
-16150
-15304
-13987
-12241
-10122
-7696
-5041
-2238
621
3450
6160
8666
10892
12769
14241
15264
15809
15863
15426
14518
13169
11426
9347
6999
4458
1806
-872
-3495
-5981
-8253
-10244
-11897
-13163
-14009
-14417
-14378
-13904
-13015
-11747
-10147
-8270
-6181
-3949
-1647
652
2877
4960
6840
8463
9787
10777
11413
11686
11599
11166
10412
9372
8091
6616
5003
3308
1589
-97
-1700
-3171
-4468
-5558
-6416
-7027
-7383
-7488
-7354
-6999
-6450
-5740
-4904
-3981
-3012
-2036
-1089
-206
583
1256
1796
2193
2442
2547
2518
2370
2125
1805
1437
1048
668
320
30
-182
-303
-323
-236
-45
242
614
1050
1530
2028
2515
2965
3348
3640
3816
3859
3753
3492
3072
2500
1786
949
11
-997
-2044
-3094
-4110
-5054
-5889
-6582
-7103
-7428
-7538
-7422
-7076
-6504
-5718
-4738
-3591
-2309
-930
503
1947
3356
4686
5893
6940
7791
8420
8806
0
0
0
0
0
0
0
0
0
0
0
0
0
0
0
0
0
0
0
0
0
0
0
0
0
0
0
0
0
0
0
0
0
0
0
0
0
0
0
0
0
0
0
0
0
0
0
0
0
0
0
0
0
0
0
0
0
0
0
0
0
0
0
0
0
0
0
-2978
-2981
-2988
-2996
-3001
-2995
-2972
-2922
-2836
-2705
-2521
-2276
-1964
-1581
-1124
-596
-1
655
1362
2107
2873
3644
4398
5113
5768
6340
6806
7147
7344
7381
7247
6933
6436
5759
4907
3895
2738
1461
90
-1342
-2803
-4254
-5657
-6974
-8165
-9196
-10032
-10644
-11008
-11107
-10928
-10468
-9730
-8726
-7474
-6002
-4342
-2535
-625
1337
3303
5219
7030
8688
10143
11353
12280
12895
13176
13111
12697
11940
10858
9477
7832
5966
3929
1778
-428
-2628
-4760
-6762
-8578
-10154
-11445
-12413
-13029
-13276
-13145
-12640
-11776
-10580
-9086
-7339
-5392
-3304
-1137
1042
3168
5178
7010
8609
9926
10924
11572
11853
11760
11299
10487
9351
7930
6271
4430
2468
448
-1561
-3496
-5292
-6892
-8241
-9297
-10026
-10404
-10419
-10072
-9375
-8353
-7041
-5482
-3732
-1848
103
2057
3946
5705
7272
8594
9624
10324
10668
10642
10245
9485
8387
6984
5320
3448
1430
-668
-2779
-4832
-6758
-8494
-9980
-11165
-12007
-12476
-12552
-12229
-11514
-10425
-8994
-7262
-5281
-3111
-818
1527
3854
6090
8167
10020
11593
12837
13713
14195
14267
13927
13185
12063
10596
8825
6805
4594
2258
-134
-2515
-4817
-6973
-8925
-10619
-12011
-13065
-13756
-14070
-14006
-13570
-12782
-11671
-10273
-8634
-6802
-4834
-2784
-711
1329
3283
5102
6743
8168
9349
10263
10898
11248
11318
11117
10665
9984
9102
8053
6870
5591
4250
2884
1526
206
-1049
-2216
-3277
-4218
-5028
-5704
-6243
-6647
-6922
-7074
-7113
-7049
-6892
-6651
-6337
-5957
-5520
-5031
-4495
-3916
-3296
-2637
-1941
-1211
-449
340
1153
1981
2816
3646
4458
5236
5964
6624
7196
7662
8004
8203
8246
8120
7816
7332
6666
5825
4819
3666
2385
1005
-444
-1930
-3414
-4859
-6224
-7472
-8566
-9473
-10164
-10614
-10807
-10732
-10385
-9771
-8902
-7798
-6487
-5001
-3381
-1668
88
1843
3547
5152
6614
7894
8955
9770
10317
10583
10565
10265
9697
8880
7842
6618
5245
3768
2231
681
-835
-2276
-3601
-4773
-5763
-6548
-7112
-7447
-7552
-7435
-7110
-6598
-5925
-5122
-4224
-3265
-2283
-1313
-389
458
1204
1828
2314
2655
2848
2897
2813
2611
2312
1938
1518
1077
645
247
-91
-351
-515
-571
-514
-344
-67
306
758
1267
1808
2354
2874
3340
3722
3995
4135
4125
3953
3610
3099
2426
1605
657
-390
-1507
-2657
-3800
-4898
-5908
-6792
-7514
-8042
-8349
-8416
-8230
-7789
-7095
-6163
-5013
-3676
-2187
-589
1071
2745
4380
5925
7331
8552
9548
10285
10735
10882
10718
10242
9468
8414
7111
5595
3912
2109
242
-1635
-3468
-5200
-6781
-8164
-9310
-10185
-10766
-11036
-10992
-10637
-9984
-9056
-7885
-6507
-4966
-3310
-1590
142
1838
3446
4923
6228
7326
8192
8807
9158
9245
9072
8653
8008
7164
6153
5010
3773
2483
1179
-100
-1321
-2450
-3459
-4326
-5033
-5571
-5933
-6120
-6139
-5999
-5718
-5312
-4802
-4212
-3565
-2882
-2187
-1498
-834
-210
364
879
1331
1717
2039
2301
2507
2664
2780
2863
2918
2953
2972
2978
2972
2953
2918
2863
2780
2664
2507
2301
2039
1717
1331
879
364
-210
-834
-1498
-2187
-2882
-3565
-4212
-4802
-5312
-5718
-5999
-6139
-6120
-5933
-5571
-5033
-4326
-3459
-2450
-1321
-100
1179
2483
3773
5010
6153
7164
8008
8653
9072
9245
9158
8807
8192
7326
6228
4923
3446
1838
142
-1590
-3310
-4966
-6507
-7885
-9056
-9984
-10637
-10992
-11036
-10766
-10185
-9310
-8164
-6781
-5200
-3468
-1635
242
2109
3912
5595
7111
8414
9468
10242
10718
10882
10735
10285
9548
8552
7331
5925
4380
2745
1071
-589
-2187
-3676
-5013
-6163
-7095
-7789
-8230
-8416
-8349
-8042
-7514
-6792
-5908
-4898
-3800
-2657
-1507
-390
657
1605
2426
3099
3610
3953
4125
4135
3995
3722
3340
2874
2354
1808
1267
758
306
-67
-344
-514
-571
-515
-351
-91
247
645
1077
1518
1938
2312
2611
2813
2897
2848
2655
2314
1828
1204
458
-389
-1313
-2283
-3265
-4224
-5122
-5925
-6598
-7110
-7435
-7552
-7447
-7112
-6548
-5763
-4773
-3601
-2276
-835
681
2231
3768
5245
6618
7842
8880
9697
10265
10565
10583
10317
9770
8955
7894
6614
5152
3547
1843
88
-1668
-3381
-5001
-6487
-7798
-8902
-9771
-10385
-10732
-10807
-10614
-10164
-9473
-8566
-7472
-6224
-4859
-3414
-1930
-444
1005
2385
3666
4819
5825
6666
7332
7816
8120
8246
8203
8004
7662
7196
6624
5964
5236
4458
3646
2816
1981
1153
340
-449
-1211
-1941
-2637
-3296
-3916
-4495
-5031
-5520
-5957
-6337
-6651
-6892
-7049
-7113
-7074
-6922
-6647
-6243
-5704
-5028
-4218
-3277
-2216
-1049
206
1526
2884
4250
5591
6870
8053
9102
9984
10665
11117
11318
11248
10898
10263
9349
8168
6743
5102
3283
1329
-711
-2784
-4834
-6802
-8634
-10273
-11671
-12782
-13570
-14006
-14070
-13756
-13065
-12011
-10619
-8925
-6973
-4817
-2515
-134
2258
4594
6805
8825
10596
12063
13185
13927
14267
14195
13713
12837
11593
10020
8167
6090
3854
1527
-818
-3111
-5281
-7262
-8994
-10425
-11514
-12229
-12552
-12476
-12007
-11165
-9980
-8494
-6758
-4832
-2779
-668
1430
3448
5320
6984
8387
9485
10245
10642
10668
10324
9624
8594
7272
5705
3946
2057
103
-1848
-3732
-5482
-7041
-8353
-9375
-10072
-10419
-10404
-10026
-9297
-8241
-6892
-5292
-3496
-1561
448
2468
4430
6271
7930
9351
10487
11299
11760
11853
11572
10924
9926
8609
7010
5178
3168
1042
-1137
-3304
-5392
-7339
-9086
-10580
-11776
-12640
-13145
-13276
-13029
-12413
-11445
-10154
-8578
-6762
-4760
-2628
-428
1778
3929
5966
7832
9477
10858
11940
12697
13111
13176
12895
12280
11353
10143
8688
7030
5219
3303
1337
-625
-2535
-4342
-6002
-7474
-8726
-9730
-10468
-10928
-11107
-11008
-10644
-10032
-9196
-8165
-6974
-5657
-4254
-2803
-1342
90
1461
2738
3895
4907
5759
6436
6933
7247
7381
7344
7147
6806
6340
5768
5113
4398
3644
2873
2107
1362
655
-1
-596
-1124
-1581
-1964
-2276
-2521
-2705
-2836
-2922
-2972
-2995
-3001
-2996
-2988
-2981
0
0
0
0
0
0
0
0
0
0
0
0
0
0
0
0
0
0
0
0
0
0
0
0
0
0
0
0
0
0
0
0
0
0
0
0
0
0
0
0
0
0
0
0
0
0
0
0
0
0
0
0
0
0
0
0
0
0
0
0
0
0
0
0
0
0
0
