0
4278
8485
12550
16402
19973
23203
26035
28419
30314
31684
32507
32766
32456
31581
30156
28203
25758
22860
19561
15917
11991
7852
3573
-771
-5106
-9352
-13436
-17284
-20829
-24006
-26759
-29038
-30801
-32015
-32660
-32720
-32196
-31094
-29434
-27244
-24563
-21439
-17925
-14087
-9991
-5712
-1327
3083
7441
11667
15683
19415
22796
25762
28259
30239
31667
32514
32764
32412
31462
29931
27847
25247
22178
18696
14865
10755
6443
2009
-2465
-6896
-11201
-15299
-19113
-22570
-25606
-28162
-30190
-31650
-32514
-32764
-32394
-31411
-29832
-27686
-25012
-21861
-18292
-14372
-10175
-5781
-1274
3259
7733
12062
16161
19951
23359
26318
28771
30668
31973
32659
32711
32127
30919
29107
26727
23823
20452
16679
12577
8226
3711
-879
-5455
-9926
-14204
-18204
-21846
-25058
-27775
-29942
-31516
-32464
-32766
-32415
-31417
-29790
-27567
-24790
-21514
-17805
-13736
-9388
-4849
-209
4437
8997
13377
17489
21248
24578
27411
29687
31359
32393
32765
32468
31507
29899
27676
24884
21579
17828
13707
9301
4700
0
-4703
-9311
-13729
-17864
-21629
-24947
-27746
-29968
-31566
-32503
-32761
-32332
-31225
-29460
-27076
-24119
-20653
-16748
-12488
-7961
-3263
1506
6246
10856
15238
19298
22949
26112
28719
30713
32051
32702
32651
31900
30461
28366
25658
22395
18646
14492
10022
5332
524
-4298
-9029
-13567
-17811
-21669
-25055
-27896
-30127
-31699
-32577
-32739
-32182
-30916
-28967
-26379
-23206
-19519
-15397
-10932
-6222
-1372
3511
8320
12945
17284
21240
24723
27655
29968
31611
32545
32748
32214
30954
28995
26381
23169
19431
15252
10724
5950
1038
-3899
-8751
-13405
-17757
-21705
-25159
-28038
-30277
-31822
-32637
-32702
-32014
-30588
-28456
-25665
-22280
-18377
-14047
-9388
-4509
477
5455
10308
14924
19194
23018
26305
28979
30974
32243
32756
32498
31476
29711
27244
24133
20449
16280
11722
6884
1880
-3170
-8148
-12935
-17416
-21484
-25041
-28000
-30291
-31856
-32659
-32677
-31909
-30373
-28105
-25157
-21600
-17520
-13013
-8189
-3163
1941
7001
11893
16499
20705
24407
27516
29953
31659
32589
32721
32049
30590
28377
25463
21921
17836
13307
8448
3377
-1780
-6896
-11843
-16499
-20746
-24479
-27603
-30040
-31727
-32621
-32699
-31957
-30413
-28105
-25088
-21439
-17247
-12618
-7668
-2522
2689
7836
12787
17416
21605
25247
28248
30530
32035
32723
32574
31592
29801
27244
23987
20112
15718
10917
5832
595
-4660
-9798
-14685
-19194
-23208
-26622
-29345
-31307
-32455
-32757
-32206
-30813
-28614
-25665
-22043
-17841
-13169
-8148
-2911
2405
7661
12717
17440
21705
25397
28419
30689
32146
32750
32483
31352
29385
26633
23169
19084
14487
9500
4255
-1105
-6439
-11603
-16457
-20870
-24723
-27911
-30346
-31961
-32712
-32578
-31559
-29684
-27001
-23582
-19519
-14922
-9916
-4636
771
6162
11386
16301
20770
24671
27896
30354
31977
32719
32558
31498
29565
26813
23317
19172
14492
9407
4058
-1405
-6833
-12073
-16978
-21411
-25247
-28377
-30713
-32188
-32760
-32410
-31148
-29007
-26047
-22351
-18021
-13179
-7961
-2516
3003
8440
13640
18454
22745
26389
29282
31340
32503
32737
32033
30409
27913
24613
20604
16000
10932
5547
0
-5550
-10942
-16021
-20637
-24657
-27963
-30458
-32068
-32745
-32468
-31244
-29107
-26118
-22364
-17952
-13013
-7689
-2137
3479
8997
14252
19090
23367
26955
29748
31662
32640
32650
31691
29790
27003
23411
19119
14256
8965
3403
-2262
-7862
-13230
-18204
-22633
-26385
-29345
-31423
-32556
-32707
-31871
-30072
-27362
-23823
-19561
-14703
-9397
-3803
1908
7565
12994
18030
22517
26318
29316
31419
32559
32702
31841
30001
27238
23635
19302
14372
8996
3339
-2422
-8112
-13553
-18577
-23026
-26761
-29667
-31650
-32648
-32629
-31591
-29565
-26615
-22829
-18327
-13249
-7752
-2009
3799
9491
14886
19815
24120
27666
30338
32052
32751
32412
31044
28690
25423
21345
16586
11295
5642
-193
-6025
-11667
-16938
-21669
-25706
-28920
-31206
-32489
-32726
-31909
-30063
-27244
-23544
-19081
-13998
-8460
-2644
3259
9060
14569
19606
24006
27626
30346
32075
32756
32366
30916
28451
25051
20827
15917
10480
4696
-1244
-7147
-12817
-18065
-22719
-26622
-29644
-31684
-32674
-32578
-31398
-29173
-25975
-21909
-17110
-11737
-5969
0
5972
11747
17130
21941
26016
29217
31436
32596
32657
31615
29504
26395
22390
17625
12260
6476
470
-5554
-11392
-16845
-21726
-25867
-29127
-31393
-32585
-32662
-31619
-29491
-26349
-22301
-17483
-12062
-6222
-166
5898
11762
17222
22088
26191
29387
31566
32648
32597
31411
29131
25835
21636
16679
11138
5205
-912
-7001
-12847
-18244
-23003
-26955
-29960
-31912
-32739
-32412
-30940
-28374
-24803
-20353
-15179
-9465
-3413
2763
8843
14612
19863
24407
28083
30758
32334
32755
32003
30103
27124
23169
18381
12929
7010
836
-5370
-11386
-16993
-21989
-26191
-29446
-31636
-32680
-32538
-31214
-28754
-25247
-20819
-15630
-9868
-3744
2518
8692
14551
19879
24480
28184
30855
32393
32739
31880
29845
26709
22585
17625
12011
5950
-333
-6607
-12639
-18204
-23094
-27128
-30152
-32055
-32763
-32248
-30528
-27666
-23767
-18976
-13473
-7461
-1167
5173
11322
17047
22132
26385
29644
31785
32724
32427
30901
28203
24435
19738
14288
8294
1981
-4409
-10635
-16457
-21654
-26025
-29402
-31656
-32697
-32485
-31027
-28377
-24634
-19943
-14481
-8460
-2109
4324
10594
16457
21686
26077
29459
31699
32710
32451
30929
28203
24378
19601
14056
7961
1552
-4919
-11201
-17047
-22227
-26537
-29806
-31906
-32751
-32307
-30590
-27666
-23648
-18696
-13002
-6791
-309
6187
12441
18204
23246
27366
30398
32222
32762
31995
29951
26709
22398
17189
11289
4935
-1619
-8112
-14281
-19879
-24678
-28486
-31147
-32552
-32643
-31416
-28917
-25247
-20553
-15023
-8882
-2378
4225
10659
16662
21989
26421
29777
31918
32756
32254
30432
27362
23169
18024
12137
5748
-879
-7473
-13762
-19485
-24407
-28323
-31070
-32533
-32650
-31414
-28875
-25136
-20353
-14721
-8475
-1874
4807
11292
17307
22602
26955
30182
32146
32765
32010
29911
26556
22083
16679
10571
4016
-2711
-9326
-15551
-21121
-25799
-29387
-31732
-32732
-32344
-30582
-27520
-23286
-18060
-12062
-5547
1206
7911
14280
20041
24947
28786
31393
32653
32513
30975
28105
24024
18906
12972
6476
-301
-7069
-13534
-19415
-24458
-28443
-31196
-32596
-32580
-31148
-28360
-24336
-19250
-13322
-6811
0
6813
13332
19269
24364
28393
31178
32594
32578
31129
28309
24241
19103
13120
6555
-301
-7147
-13680
-19609
-24671
-28641
-31340
-32648
-32505
-30916
-27948
-23735
-18460
-12360
-5706
1206
8067
14569
20421
25359
29162
31656
32728
32328
30473
27244
22786
17298
11027
4255
-2711
-9557
-15974
-21669
-26383
-29901
-32062
-32766
-31979
-29736
-26137
-21345
-15577
-9095
-2195
4807
11593
17850
23291
27666
30771
32464
32665
31362
28614
24546
19345
13249
6538
-477
-7473
-14125
-20126
-25196
-29098
-31650
-32732
-32292
-30349
-26991
-22374
-16712
-10266
-3339
3746
10659
17076
22694
27251
30530
32377
32702
31489
28793
24740
19519
13375
6597
-494
-7565
-14281
-20323
-25404
-29282
-31772
-32753
-32178
-30072
-26533
-21729
-15887
-9285
-2238
4919
11843
18204
23695
28052
31066
32589
32548
30942
27847
23411
17845
11416
4435
-2763
-9830
-16425
-22227
-26955
-30378
-32330
-32713
-31507
-28769
-24631
-19293
-13013
-6096
1120
8285
15047
21076
26077
29802
32068
32763
31850
29372
25451
20276
14101
7230
0
-7232
-14111
-20295
-25478
-29402
-31872
-32764
-32033
-29711
-25913
-20827
-14703
-7845
-595
6688
13640
19914
25196
29220
31785
32759
32093
29819
26047
20967
14832
7950
664
-6656
-13645
-19948
-25247
-29273
-31822
-32763
-32046
-29706
-25861
-20703
-14492
-7543
-209
7138
14125
20396
25629
29557
31977
32766
31880
29363
25342
20022
13674
6622
-771
-8129
-15071
-21240
-26318
-30042
-32219
-32734
-31559
-28754
-24461
-18901
-12360
-5177
2276
9615
16457
22447
27271
30678
32489
32608
31026
27825
23169
17302
10527
3199
-4298
-11573
-18244
-23960
-28419
-31387
-32705
-32302
-30198
-26501
-21406
-15179
-8148
-684
6817
13962
20369
25700
29668
32064
32757
31710
28975
24698
19103
12488
5205
-2358
-9798
-16717
-22745
-27557
-30894
-32577
-32513
-30703
-27244
-22319
-16192
-9191
-1693
5898
13175
19743
25247
29388
31941
32765
31816
29141
24884
19276
12618
5272
-2362
-9871
-16845
-22903
-27714
-31014
-32621
-32445
-30495
-26875
-21781
-15492
-8351
-749
6896
14165
20658
26016
29942
32220
32721
31417
28377
23767
17841
10926
3403
-4310
-11787
-18613
-24407
-28847
-31684
-32759
-32010
-29476
-25298
-19707
-13013
-5590
2148
9769
16845
22980
27828
31116
32659
32366
30254
26438
21133
14635
7310
-430
-8148
-15409
-21801
-26962
-30598
-32502
-32563
-30778
-27244
-22162
-15818
-8572
-836
6950
14343
20920
26305
30190
32350
32661
31103
27762
22829
16586
9388
1649
-6187
-13670
-20369
-25898
-29936
-32249
-32702
-31267
-28024
-23161
-16955
-9766
-2009
5867
13405
20168
25762
29860
32222
32709
31291
28049
23169
16936
9711
1916
-5992
-13553
-20323
-25904
-29968
-32275
-32687
-31179
-27837
-22855
-16527
-9222
-1372
6562
14111
20829
26318
30252
32397
32623
30916
27374
22206
15718
8294
373
-7571
-15067
-21669
-26980
-30683
-32556
-32483
-30469
-26631
-21197
-14492
-6916
1077
9009
16402
22811
27851
31216
32702
32218
29790
25564
19793
12824
5078
-2978
-10856
-18080
-24210
-28873
-31785
-32766
-31757
-28816
-24119
-17952
-10689
-2772
5316
13083
20053
25799
29968
32304
32662
31017
27469
22233
15630
8064
0
-8067
-15639
-22251
-27492
-31038
-32669
-32282
-29899
-25665
-19840
-12785
-4935
3223
11185
18454
24578
29176
31960
32754
31507
28295
23317
16881
9388
1306
-6859
-14599
-21426
-26913
-30713
-32587
-32415
-30206
-26096
-20343
-13307
-5431
2789
10837
18204
24423
29100
31937
32755
31498
28244
23199
16679
9099
938
-7285
-15047
-21854
-27271
-30951
-32659
-32282
-29844
-25497
-19519
-12290
-4271
4023
12062
19330
25359
29762
32252
32670
30984
27303
21861
15008
7184
-1105
-9326
-16947
-23474
-28484
-31650
-32766
-31757
-28687
-23753
-17274
-9670
-1435
6896
14781
21705
27215
30951
32666
32248
29720
25247
19119
11737
3583
-4807
-12886
-20121
-26035
-30239
-32455
-32534
-30469
-26395
-20578
-13400
-5336
3083
11302
18775
25007
29584
32200
32681
30992
27244
21684
14679
6695
-1736
-10055
-17706
-24178
-29038
-31959
-32744
-31340
-27837
-22468
-15592
-7668
771
9163
16942
23583
28641
31772
32764
31548
28203
22955
16155
8261
-193
-8637
-16499
-23246
-28419
-31667
-32766
-31641
-28366
-23161
-16378
-8479
0
8482
16388
23178
28387
31659
32766
31633
28334
23092
16267
8323
-193
-8699
-16610
-23382
-28547
-31748
-32764
-31521
-28105
-22748
-15818
-7793
771
9287
17161
23850
28887
31923
32744
31292
27666
22114
15023
6884
-1736
-10238
-18030
-24565
-29387
-32158
-32681
-30919
-26991
-21173
-13868
-5590
3083
11543
19194
25499
30012
32414
32534
30361
26047
19895
12336
3903
-4807
-13181
-20625
-26610
-30711
-32637
-32248
-29569
-24790
-18247
-10405
-1820
6896
15124
22277
27843
31423
32760
31757
28483
23169
16196
8060
-655
-9326
-17331
-24094
-29127
-32068
-32703
-30984
-27033
-21133
-13707
-5289
3511
12062
19743
25999
30374
32552
32371
29844
25150
18630
10754
2094
-6719
-15047
-22282
-27896
-31478
-32765
-31661
-28244
-22763
-15616
-7324
1506
10228
18204
24847
29668
32313
32585
30461
26096
19809
12062
3423
-5469
-13962
-21426
-27310
-31178
-32740
-31881
-28661
-23317
-16242
-7961
912
9721
17811
24578
29519
32265
32608
30520
26157
19840
12041
3339
-5613
-14150
-21629
-27492
-31296
-32755
-31758
-28377
-22863
-15630
-7219
1736
10564
18599
25234
29968
32443
32468
30041
25342
18725
10689
1842
-7147
-15598
-22868
-28404
-31785
-32751
-31227
-27327
-21345
-13736
-5078
3969
12717
20496
26712
30887
32702
32014
28875
23522
16364
7950
-1077
-10024
-18204
-24986
-29848
-32414
-32483
-30050
-25298
-18593
-10451
-1499
7571
16058
23305
28750
31969
32711
30916
26720
20449
12587
3744
-5391
-14111
-21734
-27666
-31442
-32766
-31533
-27837
-21964
-14372
-5653
3510
12401
20323
26654
30894
32710
31957
28692
23169
15822
7226
-1941
-10958
-19113
-25762
-30378
-32596
-32237
-29328
-24096
-16955
-8469
691
9799
18132
25028
29936
32465
32412
29778
24772
17791
9388
234
-8940
-17404
-24479
-29598
-32350
-32513
-30072
-25219
-18342
-9991
-836
8388
16942
24135
29387
32275
32563
30226
25451
18620
10283
1113
-8148
-16754
-24006
-29316
-32252
-32574
-30254
-25477
-18630
-10266
-1066
8222
16845
24098
29390
32286
32549
30156
25298
18372
9941
695
-8610
-17213
-24407
-29603
-32371
-32482
-29925
-24908
-17841
-9305
0
9307
17850
24924
29942
32491
32356
29546
24293
17028
8351
-1019
-10308
-18745
-25629
-30386
-32621
-32145
-28995
-23432
-15917
-7073
2362
11603
19879
26497
30903
32728
31816
28241
22301
14491
5464
-4023
-13175
-21224
-27492
-31451
-32766
-31324
-27244
-20868
-12732
-3519
5992
15001
22745
28568
31977
32682
30619
25962
19103
10622
1238
-8253
-17047
-24394
-29668
-32420
-32412
-29643
-24347
-16973
-8148
1373
10781
19269
26112
30723
32705
31886
28334
22351
14449
5304
-4298
-13534
-21608
-27826
-31650
-32749
-31026
-26627
-19930
-11510
-2094
7504
16457
23989
29446
32355
32460
29752
24461
17046
8148
-1459
-10942
-19477
-26318
-30870
-32732
-31742
-27983
-21780
-13674
-4371
5316
14541
22496
28484
31977
32669
30495
25645
18541
9807
209
-9410
-18204
-25397
-30356
-32640
-32046
-28625
-22675
-14721
-5464
4278
13645
21806
28038
31787
32719
30748
26047
19032
10324
695
-8997
-17892
-25196
-30256
-32621
-32077
-28669
-22701
-14703
-5389
4409
13816
21989
28193
31872
32694
30582
25725
18555
9715
0
-9718
-18563
-25739
-30598
-32699
-31850
-28126
-21861
-13619
-4144
5708
15047
23026
28920
32194
32549
29951
24631
17073
7961
-1876
-11547
-20168
-26955
-31287
-32766
-31257
-26894
-20073
-11416
-1713
8148
17267
24807
30076
32589
32113
28690
22632
14492
5018
-4919
-14407
-22570
-28657
-32104
-32591
-30072
-24775
-17189
-8012
1907
11653
20323
27113
31393
32763
31094
26539
19519
10683
852
-9060
-18132
-25519
-30530
-32697
-31816
-27965
-21503
-13031
-3339
6667
16052
23938
29584
32459
32292
29097
23169
15065
5543
-4501
-14125
-22423
-28612
-32108
-32578
-29977
-24546
-16798
-7461
2582
12385
21019
27666
31694
32721
30647
25665
18247
9095
-923
-10856
-19760
-26786
-31264
-32766
-31146
-26556
-19431
-10451
-470
9557
18675
26008
30855
32749
31507
27244
20368
11537
1595
-8501
-17784
-25359
-30497
-32702
-31758
-27754
-21074
-12360
-2451
7696
17103
24860
30215
32648
31922
28105
21563
12929
3039
-7147
-16643
-24525
-30025
-32607
-32016
-28309
-21844
-13249
-3359
6859
16412
24364
29939
32588
32050
28377
21924
13322
3413
-6833
-16412
-24382
-29960
-32596
-32028
-28309
-21804
-13150
-3199
7069
16643
24578
30089
32630
31946
28105
21482
12732
2719
-7565
-17103
-24947
-30318
-32680
-31797
-27754
-20951
-12062
-1970
8320
17784
25478
30633
32732
31565
27244
20200
11134
952
-9326
-18675
-26154
-31014
-32765
-31228
-26556
-19215
-9941
333
10578
19760
26955
31436
32749
30759
25665
17979
8475
-1887
-12062
-21019
-27851
-31864
-32650
-30126
-24546
-16475
-6728
3703
13762
22423
28806
32258
32427
29291
23169
14683
4696
-5772
-15653
-23938
-29777
-32571
-32033
-28214
-21503
-12587
-2378
8077
17706
25519
30711
32748
31416
26850
19519
10175
-219
-10594
-19879
-27113
-31549
-32726
-30520
-25157
-17189
-7439
3083
13289
22119
28657
32222
32441
29289
23092
14492
4381
-6187
-16114
-24364
-30076
-32652
-31820
-27666
-20619
-11416
-1017
9491
19008
26537
31287
32757
30792
25595
17709
7961
-2625
-12939
-21894
-28547
-32194
-32451
-29286
-23032
-14346
-4144
6498
16457
24678
30291
32699
31644
27238
19943
10531
0
-10533
-19951
-27251
-31656
-32694
-30254
-24592
-16309
-6286
4409
14637
23305
29487
32519
32077
28203
21312
12137
1660
-8997
-18692
-26385
-31248
-32757
-30748
-25434
-17383
-7461
3266
13645
22556
29038
32390
32248
28625
21909
12824
2351
-8378
-18204
-26061
-31098
-32765
-30880
-25645
-17625
-7689
3083
13524
22496
29023
32393
32235
28565
21780
12618
2077
-8692
-18516
-26318
-31245
-32755
-30681
-25247
-17046
-6975
3863
14280
23132
29446
32527
32033
28015
20915
11510
836
-9932
-19609
-27125
-31650
-32682
-30103
-24198
-15616
-5304
5596
15880
24407
30232
32705
31550
26894
19250
9465
-1373
-12062
-21411
-28379
-32188
-32412
-29022
-22395
-13267
-2656
8253
18244
26197
31222
32754
30619
25054
16679
6433
-4537
-15001
-23783
-29895
-32648
-31731
-27244
-19690
-9916
976
11762
21224
28293
32170
32415
28997
22301
13080
2378
-8595
-18599
-26497
-31393
-32729
-30352
-24528
-15917
-5494
5554
15974
24578
30386
32734
31352
26395
18425
8351
-2679
-13405
-22602
-29217
-32491
-32046
-27932
-20616
-10936
0
10939
20625
27944
32055
32482
29173
22507
13249
2462
-8610
-18692
-26622
-31481
-32707
-30156
-24119
-15293
-4696
6446
16845
25296
30817
32766
30916
25477
17079
6695
-4468
-15115
-24006
-30106
-32702
-31489
-26606
-18620
-8460
2689
13528
22788
29387
32552
31909
27532
19930
9991
-1120
-12103
-21669
-28693
-32350
-32208
-28280
-21025
-11295
-234
10856
20671
28052
32127
32412
28871
21921
12379
1372
-9799
-19815
-27487
-31906
-32545
-29328
-22632
-13249
-2291
8940
19113
27016
31708
32629
29666
23169
13911
2992
-8285
-18577
-26654
-31549
-32677
-29899
-23544
-14372
-3477
7836
18214
26411
31442
32702
30037
23764
14635
3744
-7598
-18030
-26293
-31393
-32711
-30086
-23833
-14703
-3796
7571
18026
26305
31405
32707
30050
23753
14577
3632
-7754
-18204
-26446
-31479
-32688
-29925
-23522
-14256
-3253
8148
18560
26712
31608
32650
29706
23135
13736
2656
-8751
-19090
-27095
-31785
-32581
-29385
-22585
-13013
-1842
9557
19786
27585
31994
32468
28947
21861
12081
809
-10564
-20637
-28166
-32219
-32293
-28377
-20951
-10932
440
11762
21629
28819
32437
32033
27653
19840
9561
-1907
-13142
-22745
-29519
-32621
-31661
-26755
-18514
-7961
3586
14689
23960
30239
32740
31148
25658
16955
6128
-5469
-16384
-25247
-30944
-32759
-30461
-24336
-15151
-4058
7546
18204
26572
31595
32638
29565
22763
13087
1756
-9798
-20118
-27896
-32148
-32332
-28424
-20915
-10754
771
12203
22088
29171
32552
31797
27001
18769
8148
-3511
-14727
-24069
-30346
-32754
-30984
-25260
-16309
-5272
6439
17331
26008
31359
32696
29845
23169
13521
2137
-9523
-19964
-27843
-32146
-32318
-28334
-20703
-10405
1234
12717
22564
29503
32637
31559
26407
17841
6968
-4807
-15965
-25058
-30909
-32757
-30361
-24028
-14577
-3233
8533
19194
27364
31977
32433
28669
21173
10917
-762
-12345
-22321
-29387
-32619
-31592
-26438
-17828
-6884
4961
16161
25247
31028
32744
30168
23635
13998
2522
-9287
-19879
-27860
-32179
-32265
-28105
-20242
-9711
2101
13640
23382
30040
32733
31103
25362
16267
5018
-6896
-17901
-26537
-31659
-32585
-29190
-21921
-11741
0
11743
21929
29201
32589
31641
26480
17791
6728
-5233
-16499
-25566
-31222
-32709
-29826
-22955
-13013
-1327
10537
20994
28641
32450
31909
27088
18630
7668
-4324
-15739
-25041
-30976
-32744
-30105
-23411
-13561
-1880
10055
20637
28436
32397
31982
27244
18822
7852
-4182
-15653
-25007
-30974
-32743
-30072
-23319
-13400
-1660
10308
20879
28612
32455
31881
26966
18377
7282
-4807
-16245
-25468
-31216
-32702
-29720
-22675
-12528
-664
11292
21705
29147
32596
31576
26225
17274
5950
-6193
-17489
-26383
-31650
-32564
-28995
-21433
-10917
1105
12978
23064
29968
32737
30984
24950
15465
3839
-8320
-19330
-27666
-32170
-32217
-27796
-19519
-8531
3643
15314
24860
30951
32739
29972
23032
12884
938
-11141
-21669
-29176
-32613
-31498
-25982
-16835
-5332
6918
18204
26944
31912
32410
28366
20343
9465
-2743
-14569
-24351
-30713
-32759
-30198
-23387
-13283
-1306
10856
21492
29100
32604
31507
25962
16748
5166
-7147
-18454
-27152
-32008
-32332
-28076
-19840
-8789
3510
15314
24947
31038
32720
29752
22551
12140
0
-12143
-22559
-29762
-32723
-31017
-24884
-15198
-3339
8998
20053
28242
32393
31908
26854
17952
6476
-5930
-17489
-26541
-31785
-32465
-28481
-20402
-9388
2978
14918
24714
30951
32730
29790
22554
12062
-172
-12385
-22811
-29942
-32746
-30813
-24421
-14492
-2462
9926
20879
28806
32556
31581
26021
16679
4912
-7571
-18956
-27585
-32200
-32127
-27374
-18630
-7167
5342
17076
26318
31719
32485
28504
20353
9222
-3259
-15267
-25041
-31147
-32687
-29434
-21861
-11077
1334
13553
23783
30517
32764
30189
23169
12736
423
-11953
-22570
-29860
-32743
-30792
-24293
-14202
-2009
10483
21426
29201
32652
31267
25247
15482
3419
-9153
-20369
-28563
-32514
-31633
-26047
-16586
-4654
7973
19415
27967
32350
31910
26709
17520
5712
-6950
-18577
-27428
-32179
-32116
-27244
-18292
-6597
6088
17864
26962
32015
32263
27666
18910
7310
-5391
-17284
-26579
-31872
-32366
-27983
-19380
-7852
4862
16845
26287
31760
32433
28203
19707
8226
-4501
-16550
-26094
-31684
-32472
-28334
-19895
-8434
4310
16402
26003
31651
32486
28377
19946
8475
-4288
-16402
-26016
-31662
-32478
-28334
-19861
-8351
4437
16550
26133
31717
32445
28203
19638
8060
-4756
-16845
-26351
-31812
-32386
-27983
-19276
-7602
5243
17284
26666
31941
32293
27666
18769
6975
-5898
-17864
-27071
-32095
-32157
-27244
-18113
-6176
6719
18577
27557
32265
31968
26709
17302
5205
-7702
-19415
-28111
-32434
-31710
-26047
-16326
-4058
8843
20369
28719
32588
31368
25247
15179
2736
-10137
-21426
-29364
-32705
-30922
-24293
-13853
-1238
11573
22570
30025
32764
30353
23169
12339
-434
-13142
-23783
-30678
-32739
-29638
-21861
-10632
2276
14829
25041
31296
32604
28754
20353
8727
-4282
-16616
-26318
-31849
-32328
-27676
-18630
-6622
6439
18480
27585
32302
31880
26381
16679
4318
-8734
-20396
-28806
-32620
-31227
-24845
-14492
-1820
11144
22329
29942
32763
30335
23047
12062
-859
-13645
-24243
-30951
-32688
-29173
-20967
-9388
3703
16202
26094
31785
32354
27709
18593
6476
-6688
-18775
-27832
-32393
-31718
-25913
-15915
-3339
9779
21317
29402
32723
30737
23764
12933
0
-12935
-23772
-30745
-32720
-29372
-21243
-9654
3510
16105
26077
31798
32332
27590
18342
6096
-7147
-19226
-28162
-32493
-31507
-25362
-15061
-2291
10856
22227
29953
32765
30198
22670
11416
-1716
-14569
-25028
-31370
-32548
-28366
-19509
-7435
5867
18204
27539
32330
31782
25982
15887
3163
-10086
-21669
-29667
-32753
-30413
-23032
-11831
1334
14281
24860
31312
32563
28403
19519
7387
-5976
-18347
-27666
-32377
-31693
-25725
-15465
-2622
10659
22164
29968
32766
30086
22374
10917
-2369
-15261
-25599
-31650
-32396
-27709
-18372
-5950
7473
19643
28516
32596
31195
24546
13765
664
-12550
-23653
-30771
-32702
-29116
-20616
-8634
4807
17440
27128
32230
31881
26137
15968
3092
-10308
-21966
-29901
-32766
-30072
-22272
-10689
2711
15653
25937
31812
32275
27244
17574
4908
-8595
-20637
-29162
-32712
-30681
-23411
-12140
1206
14349
25041
31451
32480
27948
18630
6117
-7445
-19735
-28641
-32634
-31026
-24089
-13013
301
13567
24501
31222
32570
28309
19172
6728
-6876
-19298
-28393
-32589
-31159
-24347
-13326
0
13328
24354
31166
32585
28360
19220
6748
-6896
-19347
-28443
-32604
-31103
-24198
-13087
301
13640
24608
31294
32533
28105
18778
6176
-7504
-19879
-28786
-32669
-30847
-23635
-12290
1206
14493
25247
31583
32389
27520
17828
5008
-8692
-20870
-29387
-32745
-30352
-22624
-10917
2711
15865
26229
31977
32094
26556
16335
3233
-10442
-22277
-30182
-32757
-29546
-21112
-8944
4807
17712
27483
32390
31559
25136
14256
845
-12717
-24026
-31070
-32598
-28334
-19032
-6345
7473
19964
28903
32697
30666
23169
11540
-2148
-15456
-26008
-31918
-32127
-26596
-16309
-3103
10659
22517
30346
32741
29270
20553
8148
-5719
-18563
-28078
-32552
-31179
-24202
-12874
771
14281
25223
31625
32332
27214
17189
4062
-9798
-21894
-30040
-32762
-29565
-21025
-8682
5233
18204
27882
32514
31257
24336
13002
-691
-14262
-25247
-31650
-32307
-27094
-16955
-3732
10171
22227
30239
32747
29289
20494
7961
-6025
-18915
-28356
-32621
-30929
-23586
-11931
1907
15400
26077
31982
32033
26215
15592
2109
-11762
-23479
-30889
-32629
-28377
-18910
-5966
8077
20637
29402
32756
30080
21861
9613
-4409
-17621
-27585
-32459
-31342
-24435
-13013
816
14497
25499
31785
32188
26631
16140
2656
-11322
-23203
-30782
-32650
-28456
-18976
-5969
8148
20755
29503
32763
29925
21514
9095
-5021
-18204
-27995
-32564
-31058
-23753
-12011
1977
15598
26305
32095
31880
25698
14703
952
-12978
-24480
-31393
-32418
-27360
-17165
-3744
10381
22559
30497
32702
28754
19394
6380
-7836
-20580
-29446
-32762
-29899
-21393
-8847
5370
18577
28275
32630
30814
23169
11138
-3003
-16579
-27016
-32334
-31523
-24733
-13249
751
14612
25700
31906
32048
26096
15179
1372
-12698
-24354
-31371
-32412
-27273
-16932
-3359
10856
23003
30758
32638
28280
18514
5205
-9101
-21669
-30089
-32747
-29131
-19930
-6905
7445
20371
29387
32762
29844
21189
8460
-5898
-19125
-28673
-32702
-30433
-22301
-9868
4468
17946
27963
32585
30916
23274
11134
-3159
-16845
-27275
-32428
-31305
-24119
-12260
1977
15833
26622
32247
31615
24845
13249
-923
-14918
-26016
-32055
-31858
-25461
-14105
0
14107
25468
31864
32046
25975
14832
792
-13405
-24986
-31684
-32188
-26395
-15435
-1452
12817
24578
31525
32292
26727
15917
1981
-12345
-24250
-31393
-32366
-26976
-16280
-2378
11993
24006
31293
32415
27148
16527
2644
-11762
-23850
-31230
-32442
-27244
-16660
-2779
11653
23783
31206
32451
27267
16679
2783
-11667
-23806
-31222
-32441
-27217
-16586
-2656
11803
23919
31277
32412
27094
16378
2398
-12062
-24120
-31370
-32361
-26894
-16056
-2009
12441
24407
31496
32285
26615
15616
1488
-12939
-24777
-31650
-32178
-26251
-15055
-836
13553
25223
31826
32033
25797
14372
52
-14280
-25739
-32015
-31841
-25247
-13561
863
15115
26318
32208
31592
24592
12618
-1908
-16052
-26950
-32393
-31276
-23823
-11540
3083
17085
27622
32556
30880
22932
10324
-4384
-18204
-28323
-32682
-30389
-21909
-8965
5807
19399
29038
32755
29790
20744
7461
-7347
-20658
-29748
-32757
-29067
-19428
-5811
8997
21966
30436
32669
28203
17952
4016
-10746
-23305
-31079
-32468
-27184
-16309
-2077
12583
24657
31656
32135
25992
14491
0
-14493
-25999
-32139
-31644
-24613
-12494
2208
16457
27304
32503
30975
23032
10317
-4537
-18454
-28547
-32719
-30103
-21238
-7961
6971
20458
29694
32757
29007
19220
5431
-9491
-22439
-30713
-32587
-27666
-16973
-2736
12073
24364
31568
32177
26060
14492
-108
-14689
-26197
-32222
-31498
-24174
-11781
3083
17304
27896
32634
30520
21996
8847
-6162
-19879
-29416
-32766
-29219
-19519
-5706
9311
22368
30711
32578
27570
16743
2378
-12491
-24723
-31732
-32033
-25558
-13674
1105
15653
26888
32428
31095
23169
10328
-4707
-18745
-28806
-32750
-29736
-20402
-6728
8378
21705
30414
32650
27932
17262
2911
-12062
-24465
-31651
-32083
-25665
-13765
1077
15692
26955
32455
31012
22932
9941
-5180
-19194
-29098
-32765
-29406
-19738
-5832
9326
22486
30817
32526
27244
16102
1495
-13436
-25478
-32035
-31693
-24521
-12062
2999
17416
28078
32680
30226
21243
7668
-7565
-21167
-30192
-32685
-28105
-17438
-2992
12103
24578
31727
31995
25321
13150
-1876
-16499
-27539
-32596
-30567
-21889
-8448
6833
20630
29936
32722
28377
17845
3419
-11753
-24364
-31659
-32040
-25423
-13249
1823
16499
27568
32607
30508
21729
8189
-7147
-20920
-30108
-32693
-28105
-17347
-2779
12401
24860
31856
31850
24838
12360
-2839
-17416
-28160
-32702
-30037
-20749
-6884
8501
22013
30668
32552
27244
15915
1066
-14020
-26008
-32243
-31342
-23500
-10451
4915
19194
29220
32766
29042
18871
4509
-10856
-23813
-31479
-32147
-25665
-13473
1720
16533
27666
32637
30335
21271
7461
-8015
-21705
-30552
-32578
-27327
-15968
-1038
14125
26133
32294
31228
23169
9920
-5554
-19786
-29584
-32748
-28565
-17970
-3339
12043
24723
31849
31816
24627
11897
-3511
-18132
-28673
-32755
-29458
-19519
-5177
10334
23516
31393
32182
25702
13414
-1907
-16800
-27896
-32682
-30072
-20653
-6555
9029
22570
30997
32395
26445
14492
-751
-15827
-27310
-32589
-30461
-21406
-7481
8148
21926
30713
32507
26894
15151
-48
-15238
-26955
-32522
-30664
-21804
-7961
7702
21608
30575
32549
27076
15403
202
-15047
-26852
-32503
-30703
-21861
-8002
7696
21629
30598
32538
27001
15255
0
-15257
-27007
-32541
-30582
-21579
-7602
8129
21989
30779
32468
26664
14703
-655
-15865
-27411
-32621
-30288
-20948
-6758
8997
22672
31098
32318
26047
13736
-1763
-16855
-28038
-32713
-29790
-19946
-5464
10289
23653
31516
32046
25116
12336
-3319
-18204
-28847
-32766
-29042
-18541
-3711
11987
24889
31977
31593
23823
10480
-5316
-19871
-29777
-32711
-27983
-16697
-1495
14059
26318
32404
30885
22114
8148
-7733
-21801
-30745
-32460
-26539
-14372
1180
16457
27860
32699
29832
19930
5325
-10537
-23916
-31650
-31910
-24631
-11530
4298
19113
29409
32747
28334
17210
2009
-13670
-26112
-32365
-30942
-22178
-8148
7817
21929
30833
32412
26285
13907
-1780
-17047
-28259
-32743
-29429
-19103
-4222
11667
24777
31977
31548
23586
9991
-5992
-20546
-30192
-32619
-27244
-15350
219
15739
27492
32660
30001
20149
5464
-10533
-24006
-31719
-31816
-24270
-10892
5106
19879
29873
32681
27625
15917
373
-15261
-27221
-32621
-30156
-20416
-5748
10308
23879
31684
31836
24293
10875
-5173
-19973
-29942
-32665
-27477
-15633
0
15636
27483
32666
29925
19920
5078
-10999
-24407
-31886
-31615
-23656
-9941
6193
20824
30386
32549
26782
14487
-1341
-16845
-28242
-32749
-29262
-18630
-3445
12583
25539
32252
31078
22301
8064
-8148
-22368
-31111
-32231
-25451
-12429
3643
18824
29387
32737
28047
16465
836
-15001
-27152
-32625
-30072
-20115
-5205
10989
24479
31937
31523
23335
9388
-6876
-21447
-30723
-32412
-26092
-13322
2743
18132
29038
32759
28371
16955
1338
-14612
-26944
-32596
-30164
-20247
-5304
10958
24501
31960
31477
23169
9099
-7236
-21774
-30894
-32323
-25702
-12676
3510
18824
29446
32724
27837
16000
166
-15711
-27666
-32707
-29572
-19041
-3744
12491
25602
32304
30916
21780
7184
-9215
-23305
-31551
-31880
-24205
-10451
5930
20824
30486
32483
26311
13518
-2679
-18204
-29147
-32749
-28098
-16364
-502
15488
27574
32702
29574
18976
3583
-12717
-25806
-32371
-30748
-21345
-6538
9926
23879
31785
31636
23467
9346
-7147
-21830
-30974
-32254
-25342
-11991
4409
19692
29968
32623
26976
14462
-1736
-17495
-28798
-32764
-28377
-16752
-852
15267
27492
32699
29554
18857
3339
-13034
-26077
-32450
-30520
-20777
-5712
10817
24578
32042
31291
22515
7961
-8637
-23021
-31496
-31881
-24075
-10079
6509
21426
30833
32307
25463
12062
-4448
-19815
-30076
-32585
-26689
-13907
2465
18204
29244
32732
27762
15616
-569
-16610
-28356
-32765
-28692
-17189
-1231
15047
27428
32699
29490
18630
2932
-13528
-26478
-32552
-30168
-19943
-4530
12062
25519
32337
30737
21133
6022
-10659
-24565
-32068
-31208
-22206
-7407
9326
23628
31760
31593
23169
8686
-8070
-22719
-31423
-31903
-24028
-9858
6896
21846
31070
32147
24790
10926
-5807
-21019
-30711
-32336
-25461
-11891
4807
20244
30356
32478
26047
12755
-3899
-19528
-30012
-32581
-26556
-13521
3083
18877
29687
32654
26991
14192
-2362
-18294
-29387
-32703
-27360
-14769
1736
17784
29119
32734
27666
15255
-1206
-17349
-28887
-32752
-27913
-15652
771
16993
28695
32761
28105
15962
-434
-16717
-28547
-32765
-28244
-16186
193
16523
28443
32766
28334
16326
-48
-16412
-28387
-32766
-28374
-16382
0
0
0
0
0
0
0
0
0
0
0
0
0
0
0
0
0
0
0
0
0
0
0
0
0
0
0
0
0
0
0
0
0
0
0
0
0
0
0
0
0
0
0
0
0
0
0
0
0
0
0
0
0
0
0
0
0
0
0
0
0
0
0
0
0
0
0
0
0
0
0
0
0
0
0
0
0
0
0
0
0
0
0
0
0
0
0
0
0
0
0
0
0
0
0
0
0
0
0
0
0
0
0
0
0
0
0
0
0
0
0
0
0
0
0
0
0
0
0
0
0
0
0
0
0
0
0
0
0
0
0
0
0
0
0
0
0
0
0
0
0
0
0
0
0
0
0
0
0
0
0
0
0
0
0
0
0
0
0
0
0
0
0
0
0
0
0
0
0
0
0
0
0
0
0
0
0
0
0
0
0
0
0
0
0
0
0
0
0
0
0
0
0
0
0
0
0
0
0
0
0
0
0
0
0
0
0
0
0
0
0
0
0
0
0
0
0
0
0
0
0
0
0
0
0
0
0
0
0
0
0
0
0
0
0
0
0
0
0
0
0
0
0
0
0
0
0
0
0
0
0
0
0
0
0
0
0
0
0
0
0
0
0
0
0
0
0
0
0
0
0
0
0
0
0
0
0
0
0
0
0
0
0
0
0
0
0
0
0
0
0
0
0
0
0
0
0
0
0
0
0
0
0
0
0
0
0
0
0
0
0
0
0
0
0
0
0
0
0
0
0
0
0
0
0
0
0
0
0
0
0
0
0
0
0
0
0
0
0
0
0
0
0
0
0
0
0
0
0
0
0
0
0
0
0
0
0
0
0
0
0
0
0
0
0
0
0
0
0
0
0
0
0
0
0
0
0
0
0
0
0
0
0
0
0
0
0
0
0
0
0
0
0
0
0
0
0
0
0
0
0
0
0
0
0
0
0
0
0
0
0
0
0
0
0
0
0
0
0
0
0
0
0
0
0
0
0
0
0
0
0
0
0
0
0
0
0
0
0
0
0
0
0
0
0
0
0
0
0
0
0
0
0
0
0
0
0
0
0
0
0
0
0
0
0
0
0
0
0
0
0
0
0
0
0
0
0
0
0
0
0
0
0
0
0
0
0
0
0
0
0
0
0
0
0
0
0
0
0
0
0
0
0
0
0
0
0
0
0
0
0
0
0
0
0
0
0
0
0
0
0
0
0
0
0
0
0
0
0
0
0
0
0
0
0
0
0
0
0
0
0
0
0
0
0
0
0
0
0
0
0
0
0
0
0
0
0
0
0
0
0
0
0
0
0
0
0
0
0
0
0
0
0
0
0
0
0
0
0
0
0
0
0
0
0
0
0
0
0
0
0
0
0
0
0
0
0
0
0
0
0
0
0
0
0
0
0
0
0
0
0
0
0
0
0
0
0
0
0
0
0
0
0
0
0
0
0
0
0
0
0
0
0
0
0
0
0
0
0
0
0
0
0
0
0
0
0
0
0
0
0
0
0
0
0
0
0
0
0
0
0
0
0
0
0
0
0
0
0
0
0
0
0
0
0
0
0
0
0
0
0
0
0
0
0
0
0
0
0
0
0
0
0
0
0
0
0
0
0
0
0
0
0
0
0
0
0
0
0
0
0
0
0
0
0
0
0
0
0
0
0
0
0
0
0
0
0
0
0
0
0
0
0
0
0
0
0
0
0
0
0
0
0
0
0
0
0
0
0
0
0
0
0
0
0
0
0
0
0
0
0
0
0
0
0
0
0
0
0
0
0
0
0
0
0
0
0
0
0
0
0
0
0
0
0
0
0
0
0
0
0
0
0
0
0
0
0
0
0
0
0
0
0
0
0
0
0
0
0
0
0
0
0
0
0
0
0
0
0
0
0
0
0
0
0
0
0
0
0
0
0
0
0
0
0
0
0
0
0
0
0
0
0
0
0
0
0
0
0
0
0
0
0
0
0
0
0
0
0
0
0
0
0
0
0
0
0
0
0
0
0
0
0
0
0
0
0
0
0
0
0
0
0
0
0
0
0
0
0
0
0
0
0
0
0
0
0
0
0
0
0
0
0
0
0
0
0
0
0
0
0
0
0
0
0
0
0
0
0
0
0
0
0
0
0
0
0
0
0
0
0
0
0
0
0
0
0
0
0
0
0
0
0
0
0
0
0
0
0
0
0
0
0
0
0
0
0
0
0
0
16383
15357
12407
7906
2418
-3364
-8718
-12970
-15590
-16253
-14881
-11651
-6976
-1447
4240
9372
13307
15560
15856
14170
10726
5966
495
-4994
-9817
-13374
-15232
-15174
-13225
-9649
-4911
384
5567
9992
13116
14566
14185
12047
8447
3857
-1131
-5890
-9830
-12475
-13522
-12873
-10646
-7155
-2864
1673
5887
9260
11399
12072
11240
9054
5829
2001
-1934
-5485
-8229
-9857
-10215
-9315
-7325
-4542
-1350
1837
4628
6703
7850
7986
7160
5541
3384
993
-1321
-3285
-4692
-5423
-5461
-4875
-3808
-2449
-999
354
1466
2248
2669
2758
2585
2243
1827
1417
1060
769
521
271
-33
-438
-963
-1588
-2254
-2868
-3310
-3462
-3223
-2539
-1417
66
1765
3475
4964
5997
6379
5983
4780
2848
378
-2349
-4992
-7195
-8631
-9057
-8348
-6524
-3755
-351
3278
6671
9371
10995
11280
10134
7646
4089
-115
-4444
-8341
-11286
-12872
-12856
-11199
-8075
-3856
937
5698
9811
12736
14078
13642
11464
7806
3124
-1985
-6869
-10896
-13547
-14476
-13561
-10922
-6899
-2015
3098
7782
11436
13598
14003
12618
9642
5481
688
-4107
-8286
-11320
-12839
-12679
-10897
-7765
-3723
678
4856
8274
10507
11303
10606
8560
5485
1825
-1912
-5228
-7700
-9035
-9107
-7966
-5826
-3026
15
2872
5159
6592
7019
6440
4996
2945
620
-1624
-3465
-4653
-5050
-4645
-3546
-1964
-174
1528
2874
3661
3783
3242
2148
697
-858
-2256
-3260
-3701
-3500
-2684
-1377
214
1839
3234
4170
4485
4110
3081
1535
-312
-2193
-3832
-4981
-5461
-5184
-4173
-2552
-534
1606
3580
5116
5999
6106
5415
4013
2083
-125
-2325
-4233
-5607
-6276
-6163
-5294
-3787
-1842
293
2356
4097
5316
5885
5759
4977
3655
1967
121
-1670
-3211
-4348
-4979
-5068
-4635
-3754
-2541
-1131
331
1708
2881
3761
4284
4423
4178
3574
2662
1511
207
-1151
-2456
-3595
-4459
-4952
-5000
-4560
-3636
-2277
-587
1283
3148
4799
6035
6678
6609
5779
4228
2089
-424
-3035
-5433
-7312
-8412
-8553
-7665
-5803
-3151
0
3278
6280
8618
9971
10133
9041
6793
3637
-55
-3829
-7208
-9753
-11123
-11118
-9713
-7066
-3494
557
4576
8046
10518
11667
11338
9566
6577
2755
-1406
-5368
-8619
-10740
-11463
-10706
-8580
-5378
-1530
2449
6038
8770
10302
10453
9233
6834
3602
-9
-3509
-6430
-8394
-9164
-8673
-7028
-4494
-1450
1665
4415
6429
7451
7374
6251
4284
1791
-845
-3233
-5027
-5982
-5985
-5066
-3397
-1256
1010
3047
4539
5259
5106
4113
2446
374
-1770
-3645
-4946
-5461
-5095
-3891
-2022
231
2530
4517
5879
6390
5946
4587
2489
-59
-2698
-5042
-6745
-7543
-7297
-6016
-3854
-1093
1894
4700
6935
8283
8545
7669
5757
3053
-90
-3260
-6039
-8058
-9050
-8883
-7579
-5307
-2361
876
3992
6592
8351
9058
8638
7161
4828
1944
-1125
-3999
-6333
-7857
-8411
-7958
-6583
-4481
-1925
768
3282
5334
6710
7284
7030
6016
4391
2364
174
-1939
-3759
-5115
-5896
-6054
-5608
-4633
-3248
-1599
150
1841
3325
4479
5210
5461
5210
4479
3325
1841
150
-1599
-3248
-4633
-5608
-6054
-5896
-5115
-3759
-1939
174
2364
4391
6016
7030
7284
6710
5334
3282
768
-1925
-4481
-6583
-7958
-8411
-7857
-6333
-3999
-1125
1944
4828
7161
8638
9058
8351
6592
3992
876
-2361
-5307
-7579
-8883
-9050
-8058
-6039
-3260
-90
3053
5757
7669
8545
8283
6935
4700
1894
-1093
-3854
-6016
-7297
-7543
-6745
-5042
-2698
-59
2489
4587
5946
6390
5879
4517
2530
231
-2022
-3891
-5095
-5461
-4946
-3645
-1770
374
2446
4113
5106
5259
4539
3047
1010
-1256
-3397
-5066
-5985
-5982
-5027
-3233
-845
1791
4284
6251
7374
7451
6429
4415
1665
-1450
-4494
-7028
-8673
-9164
-8394
-6430
-3509
-9
3602
6834
9233
10453
10302
8770
6038
2449
-1530
-5378
-8580
-10706
-11463
-10740
-8619
-5368
-1406
2755
6577
9566
11338
11667
10518
8046
4576
557
-3494
-7066
-9713
-11118
-11123
-9753
-7208
-3829
-55
3637
6793
9041
10133
9971
8618
6280
3278
0
-3151
-5803
-7665
-8553
-8412
-7312
-5433
-3035
-424
2089
4228
5779
6609
6678
6035
4799
3148
1283
-587
-2277
-3636
-4560
-5000
-4952
-4459
-3595
-2456
-1151
207
1511
2662
3574
4178
4423
4284
3761
2881
1708
331
-1131
-2541
-3754
-4635
-5068
-4979
-4348
-3211
-1670
121
1967
3655
4977
5759
5885
5316
4097
2356
293
-1842
-3787
-5294
-6163
-6276
-5607
-4233
-2325
-125
2083
4013
5415
6106
5999
5116
3580
1606
-534
-2552
-4173
-5184
-5461
-4981
-3832
-2193
-312
1535
3081
4110
4485
4170
3234
1839
214
-1377
-2684
-3500
-3701
-3260
-2256
-858
697
2148
3242
3783
3661
2874
1528
-174
-1964
-3546
-4645
-5050
-4653
-3465
-1624
620
2945
4996
6440
7019
6592
5159
2872
15
-3026
-5826
-7966
-9107
-9035
-7700
-5228
-1912
1825
5485
8560
10606
11303
10507
8274
4856
678
-3723
-7765
-10897
-12679
-12839
-11320
-8286
-4107
688
5481
9642
12618
14003
13598
11436
7782
3098
-2015
-6899
-10922
-13561
-14476
-13547
-10896
-6869
-1985
3124
7806
11464
13642
14078
12736
9811
5698
937
-3856
-8075
-11199
-12856
-12872
-11286
-8341
-4444
-115
4089
7646
10134
11280
10995
9371
6671
3278
-351
-3755
-6524
-8348
-9057
-8631
-7195
-4992
-2349
378
2848
4780
5983
6379
5997
4964
3475
1765
66
-1417
-2539
-3223
-3462
-3310
-2868
-2254
-1588
-963
-438
-33
271
521
769
1060
1417
1827
2243
2585
2758
2669
2248
1466
354
-999
-2449
-3808
-4875
-5461
-5423
-4692
-3285
-1321
993
3384
5541
7160
7986
7850
6703
4628
1837
-1350
-4542
-7325
-9315
-10215
-9857
-8229
-5485
-1934
2001
5829
9054
11240
12072
11399
9260
5887
1673
-2864
-7155
-10646
-12873
-13522
-12475
-9830
-5890
-1131
3857
8447
12047
14185
14566
13116
9992
5567
384
-4911
-9649
-13225
-15174
-15232
-13374
-9817
-4994
495
5966
10726
14170
15856
15560
13307
9372
4240
-1447
-6976
-11651
-14881
-16253
-15590
-12970
-8718
-3364
2418
7906
12407
15357
0
0
0
0
0
0
0
0
0
0
0
0
0
0
0
0
0
0
0
0
0
0
0
0
0
0
0
0
0
0
0
0
0
0
0
0
0
0
0
0
0
0
0
0
0
0
0
0
0
0
0
0
0
0
0
0
0
0
0
0
0
0
0
0
0
0
0
-16383
-15279
-12119
-7331
-1565
4395
9746
13766
15917
15917
13778
9801
4536
-1298
-6910
-11545
-14585
-15636
-14577
-11574
-7054
-1644
3913
8870
12565
14519
14495
12528
8914
4168
-1049
-6029
-10105
-12745
-13623
-12658
-10019
-6097
-1449
3281
7460
10536
12126
12054
10373
7355
3439
-821
-4848
-8107
-10188
-10849
-10048
-7942
-4854
-1231
2425
5629
7973
9180
9135
7896
5676
2811
-295
-3226
-5606
-7154
-7709
-7252
-5896
-3865
-1456
999
3190
4857
5826
6024
5482
4322
2730
933
-840
-2384
-3542
-4220
-4389
-4083
-3384
-2406
-1275
-116
963
1884
2589
3048
3252
3204
2918
2412
1712
849
-130
-1169
-2190
-3099
-3797
-4184
-4175
-3716
-2800
-1475
154
1925
3639
5076
6026
6321
5861
4634
2730
338
-2273
-4782
-6856
-8193
-8570
-7874
-6128
-3497
-273
3155
6352
8887
10396
10635
9514
7122
3717
-294
-4414
-8109
-10882
-12343
-12260
-10598
-7530
-3417
1233
5832
9780
12554
13772
13247
11021
7354
2699
-2354
-7160
-11098
-13652
-14486
-13483
-10762
-6668
-1724
3437
8156
11830
13992
14374
12939
9884
5613
683
-4269
-8616
-11813
-13473
-13413
-11674
-8514
-4363
228
4667
8397
10968
12091
11674
9822
6824
3102
-843
-4508
-7441
-9310
-9935
-9302
-7564
-5005
-1998
1046
3743
5778
6945
7167
6498
5105
3235
1177
-783
-2406
-3520
-4049
-4007
-3489
-2647
-1662
-707
76
602
848
851
698
498
364
382
595
990
1500
2015
2398
2519
2275
1616
563
-788
-2279
-3702
-4831
-5461
-5435
-4680
-3221
-1190
1189
3624
5790
7376
8128
7887
6621
4434
1558
-1670
-4852
-7573
-9464
-10246
-9774
-8062
-5283
-1754
2102
5810
8899
10965
11726
11058
9016
5829
1873
-2372
-6388
-9674
-11818
-12545
-11755
-9534
-6146
-1998
2403
6527
9870
12027
12740
11926
9689
6304
2187
-2165
-6229
-9520
-11655
-12390
-11655
-9554
-6357
-2455
1677
5551
8714
10806
11602
11034
9194
6325
2782
-1006
-4595
-7572
-9608
-10490
-10147
-8649
-6201
-3110
250
3488
6234
8191
9159
9058
7934
5949
3357
474
-2362
-4833
-6671
-7690
-7807
-7043
-5519
-3438
-1058
1337
3479
5135
6141
6413
5957
4859
3277
1415
-498
-2246
-3639
-4541
-4880
-4655
-3931
-2827
-1496
-109
1170
2205
2900
3208
3134
2730
2082
1298
488
-246
-830
-1221
-1408
-1415
-1287
-1084
-866
-681
-557
-499
-489
-487
-447
-322
-80
286
760
1290
1802
2209
2419
2359
1983
1291
328
-813
-2002
-3081
-3892
-4296
-4196
-3554
-2405
-854
928
2730
4317
5468
6003
5814
4880
3279
1180
-1171
-3487
-5467
-6842
-7409
-7063
-5813
-3787
-1219
1579
4257
6466
7910
8387
7811
6236
3842
924
-2151
-4993
-7230
-8568
-8826
-7960
-6074
-3406
-297
2849
5628
7677
8730
8653
7460
5312
2496
-612
-3604
-6085
-7735
-8344
-7846
-6324
-3995
-1186
1718
4327
6292
7360
7405
6442
4628
2230
-405
-2906
-4926
-6194
-6548
-5961
-4538
-2504
-166
2129
4051
5322
5770
5341
4114
2284
132
-2012
-3826
-5036
-5461
-5036
-3826
-2012
132
2284
4114
5341
5770
5322
4051
2129
-166
-2504
-4538
-5961
-6548
-6194
-4926
-2906
-405
2230
4628
6442
7405
7360
6292
4327
1718
-1186
-3995
-6324
-7846
-8344
-7735
-6085
-3604
-612
2496
5312
7460
8653
8730
7677
5628
2849
-297
-3406
-6074
-7960
-8826
-8568
-7230
-4993
-2151
924
3842
6236
7811
8387
7910
6466
4257
1579
-1219
-3787
-5813
-7063
-7409
-6842
-5467
-3487
-1171
1180
3279
4880
5814
6003
5468
4317
2730
928
-854
-2405
-3554
-4196
-4296
-3892
-3081
-2002
-813
328
1291
1983
2359
2419
2209
1802
1290
760
286
-80
-322
-447
-487
-489
-499
-557
-681
-866
-1084
-1287
-1415
-1408
-1221
-830
-246
488
1298
2082
2730
3134
3208
2900
2205
1170
-109
-1496
-2827
-3931
-4655
-4880
-4541
-3639
-2246
-498
1415
3277
4859
5957
6413
6141
5135
3479
1337
-1058
-3438
-5519
-7043
-7807
-7690
-6671
-4833
-2362
474
3357
5949
7934
9058
9159
8191
6234
3488
250
-3110
-6201
-8649
-10147
-10490
-9608
-7572
-4595
-1006
2782
6325
9194
11034
11602
10806
8714
5551
1677
-2455
-6357
-9554
-11655
-12390
-11655
-9520
-6229
-2165
2187
6304
9689
11926
12740
12027
9870
6527
2403
-1998
-6146
-9534
-11755
-12545
-11818
-9674
-6388
-2372
1873
5829
9016
11058
11726
10965
8899
5810
2102
-1754
-5283
-8062
-9774
-10246
-9464
-7573
-4852
-1670
1558
4434
6621
7887
8128
7376
5790
3624
1189
-1190
-3221
-4680
-5435
-5461
-4831
-3702
-2279
-788
563
1616
2275
2519
2398
2015
1500
990
595
382
364
498
698
851
848
602
76
-707
-1662
-2647
-3489
-4007
-4049
-3520
-2406
-783
1177
3235
5105
6498
7167
6945
5778
3743
1046
-1998
-5005
-7564
-9302
-9935
-9310
-7441
-4508
-843
3102
6824
9822
11674
12091
10968
8397
4667
228
-4363
-8514
-11674
-13413
-13473
-11813
-8616
-4269
683
5613
9884
12939
14374
13992
11830
8156
3437
-1724
-6668
-10762
-13483
-14486
-13652
-11098
-7160
-2354
2699
7354
11021
13247
13772
12554
9780
5832
1233
-3417
-7530
-10598
-12260
-12343
-10882
-8109
-4414
-294
3717
7122
9514
10635
10396
8887
6352
3155
-273
-3497
-6128
-7874
-8570
-8193
-6856
-4782
-2273
338
2730
4634
5861
6321
6026
5076
3639
1925
154
-1475
-2800
-3716
-4175
-4184
-3797
-3099
-2190
-1169
-130
849
1712
2412
2918
3204
3252
3048
2589
1884
963
-116
-1275
-2406
-3384
-4083
-4389
-4220
-3542
-2384
-840
933
2730
4322
5482
6024
5826
4857
3190
999
-1456
-3865
-5896
-7252
-7709
-7154
-5606
-3226
-295
2811
5676
7896
9135
9180
7973
5629
2425
-1231
-4854
-7942
-10048
-10849
-10188
-8107
-4848
-821
3439
7355
10373
12054
12126
10536
7460
3281
-1449
-6097
-10019
-12658
-13623
-12745
-10105
-6029
-1049
4168
8914
12528
14495
14519
12565
8870
3913
-1644
-7054
-11574
-14577
-15636
-14585
-11545
-6910
-1298
4536
9801
13778
15917
15917
13766
9746
4395
-1565
-7331
-12119
-15279
0
0
0
0
0
0
0
0
0
0
0
0
0
0
0
0
0
0
0
0
0
0
0
0
0
0
0
0
0
0
0
0
0
0
0
0
0
0
0
0
0
0
0
0
0
0
0
0
0
0
0
0
0
0
0
0
0
0
0
0
0
0
0
0
0
0
0
-10922
-10222
-8213
-5151
-1427
2480
6073
8892
10575
10908
9845
7523
4237
404
-3486
-6939
-9515
-10884
-10872
-9479
-6878
-3400
517
4380
7698
10052
11144
10835
9161
6331
2698
-1283
-5116
-8319
-10492
-11363
-10820
-8928
-5920
-2169
1862
5676
8799
10844
11557
10848
8800
5663
1821
-2256
-6071
-9153
-11125
-11742
-10927
-8774
-5544
-1628
2498
6335
9412
11355
11923
11043
8819
5517
1534
-2646
-6518
-9611
-11546
-12084
-11157
-8873
-5505
-1460
2770
6674
9775
11692
12189
11203
8850
5416
1319
-2941
-6845
-9911
-11764
-12175
-11094
-8653
-5154
-1028
3214
7049
10002
11710
11963
10736
8185
4634
529
-3613
-7276
-10003
-11458
-11468
-10041
-7371
-3804
198
4127
7483
9848
10931
10610
8947
6172
2658
-1131
-4702
-7599
-9457
-10055
-9339
-7428
-4597
-1238
2196
5252
7533
8755
8782
7640
5514
2716
-357
-3283
-5665
-7194
-7685
-7101
-5556
-3292
-650
1988
4249
5823
6506
6227
5053
3181
904
-1431
-3480
-4945
-5622
-5426
-4405
-2730
-667
1461
3330
4654
5235
4988
3955
2300
280
-1790
-3592
-4843
-5346
-5017
-3898
-2154
-45
2107
3977
5273
5788
5431
4243
2387
134
-2186
-4226
-5678
-6314
-6027
-4846
-2929
-550
1946
4197
5868
6706
6578
5493
3598
1162
-1464
-3901
-5791
-6854
-6930
-6001
-4196
-1775
912
3475
5538
6797
7064
6297
4606
2236
-465
-3102
-5282
-6683
-7094
-6450
-4843
-2506
213
2914
5191
6700
7211
6637
5055
2693
-102
-2917
-5328
-6969
-7581
-7058
-5461
-3010
-58
2962
5604
7466
8256
7836
6244
3689
527
-2789
-5780
-8001
-9113
-8931
-7454
-4867
-1521
2121
5546
8259
9864
10112
8944
6500
3102
-788
-4636
-7907
-10137
-11007
-10379
-8326
-5115
-1177
2955
6721
9604
11212
11321
9916
7184
3495
-653
-4705
-8117
-10438
-11367
-10793
-8806
-5689
-1869
2138
5800
8640
10300
10587
9496
7206
4049
465
-3062
-6075
-8196
-9183
-8952
-7587
-5316
-2481
517
3280
5458
6801
7188
6632
5276
3360
1184
-939
-2730
-3980
-4574
-4504
-3860
-2805
-1547
-303
740
1452
1774
1724
1390
902
410
49
-82
51
421
939
1470
1861
1973
1705
1026
-22
-1318
-2677
-3879
-4702
-4958
-4530
-3397
-1646
533
2871
5047
6737
7665
7639
6592
4595
1856
-1299
-4473
-7242
-9215
-10092
-9707
-8056
-5303
-1767
2121
5869
8988
11058
11787
11048
8904
5600
1536
-2785
-6821
-10061
-12088
-12638
-11633
-9192
-5614
-1342
3093
7145
10314
12218
12633
11522
9038
5500
1352
-2894
-6728
-9697
-11464
-11849
-10841
-8595
-5412
-1694
2109
5554
8256
9934
10438
9758
8024
5476
2434
-741
-3701
-6135
-7813
-8599
-8460
-7465
-5762
-3564
-1115
1332
3546
5333
6550
7117
7015
6279
4997
3294
1322
-747
-2742
-4497
-5860
-6711
-6963
-6578
-5568
-4000
-1995
274
2603
4763
6527
7693
8107
7687
6434
4439
1885
-974
-3836
-6380
-8304
-9366
-9409
-8393
-6396
-3616
-351
3033
6146
8619
10147
10532
9708
7750
4873
1403
-2260
-5687
-8474
-10291
-10922
-10291
-8474
-5687
-2260
1403
4873
7750
9708
10532
10147
8619
6146
3033
-351
-3616
-6396
-8393
-9409
-9366
-8304
-6380
-3836
-974
1885
4439
6434
7687
8107
7693
6527
4763
2603
274
-1995
-4000
-5568
-6578
-6963
-6711
-5860
-4497
-2742
-747
1322
3294
4997
6279
7015
7117
6550
5333
3546
1332
-1115
-3564
-5762
-7465
-8460
-8599
-7813
-6135
-3701
-741
2434
5476
8024
9758
10438
9934
8256
5554
2109
-1694
-5412
-8595
-10841
-11849
-11464
-9697
-6728
-2894
1352
5500
9038
11522
12633
12218
10314
7145
3093
-1342
-5614
-9192
-11633
-12638
-12088
-10061
-6821
-2785
1536
5600
8904
11048
11787
11058
8988
5869
2121
-1767
-5303
-8056
-9707
-10092
-9215
-7242
-4473
-1299
1856
4595
6592
7639
7665
6737
5047
2871
533
-1646
-3397
-4530
-4958
-4702
-3879
-2677
-1318
-22
1026
1705
1973
1861
1470
939
421
51
-82
49
410
902
1390
1724
1774
1452
740
-303
-1547
-2805
-3860
-4504
-4574
-3980
-2730
-939
1184
3360
5276
6632
7188
6801
5458
3280
517
-2481
-5316
-7587
-8952
-9183
-8196
-6075
-3062
465
4049
7206
9496
10587
10300
8640
5800
2138
-1869
-5689
-8806
-10793
-11367
-10438
-8117
-4705
-653
3495
7184
9916
11321
11212
9604
6721
2955
-1177
-5115
-8326
-10379
-11007
-10137
-7907
-4636
-788
3102
6500
8944
10112
9864
8259
5546
2121
-1521
-4867
-7454
-8931
-9113
-8001
-5780
-2789
527
3689
6244
7836
8256
7466
5604
2962
-58
-3010
-5461
-7058
-7581
-6969
-5328
-2917
-102
2693
5055
6637
7211
6700
5191
2914
213
-2506
-4843
-6450
-7094
-6683
-5282
-3102
-465
2236
4606
6297
7064
6797
5538
3475
912
-1775
-4196
-6001
-6930
-6854
-5791
-3901
-1464
1162
3598
5493
6578
6706
5868
4197
1946
-550
-2929
-4846
-6027
-6314
-5678
-4226
-2186
134
2387
4243
5431
5788
5273
3977
2107
-45
-2154
-3898
-5017
-5346
-4843
-3592
-1790
280
2300
3955
4988
5235
4654
3330
1461
-667
-2730
-4405
-5426
-5622
-4945
-3480
-1431
904
3181
5053
6227
6506
5823
4249
1988
-650
-3292
-5556
-7101
-7685
-7194
-5665
-3283
-357
2716
5514
7640
8782
8755
7533
5252
2196
-1238
-4597
-7428
-9339
-10055
-9457
-7599
-4702
-1131
2658
6172
8947
10610
10931
9848
7483
4127
198
-3804
-7371
-10041
-11468
-11458
-10003
-7276
-3613
529
4634
8185
10736
11963
11710
10002
7049
3214
-1028
-5154
-8653
-11094
-12175
-11764
-9911
-6845
-2941
1319
5416
8850
11203
12189
11692
9775
6674
2770
-1460
-5505
-8873
-11157
-12084
-11546
-9611
-6518
-2646
1534
5517
8819
11043
11923
11355
9412
6335
2498
-1628
-5544
-8774
-10927
-11742
-11125
-9153
-6071
-2256
1821
5663
8800
10848
11557
10844
8799
5676
1862
-2169
-5920
-8928
-10820
-11363
-10492
-8319
-5116
-1283
2698
6331
9161
10835
11144
10052
7698
4380
517
-3400
-6878
-9479
-10872
-10884
-9515
-6939
-3486
404
4237
7523
9845
10908
10575
8892
6073
2480
-1427
-5151
-8213
-10222
0
0
0
0
0
0
0
0
0
0
0
0
0
0
0
0
0
0
0
0
0
0
0
0
0
0
0
0
0
0
0
0
0
0
0
0
0
0
0
0
0
0
0
0
0
0
0
0
0
0
0
0
0
0
0
0
0
0
0
0
0
0
0
0
0
0
0
10922
10194
8107
4946
1137
-2806
-6354
-9034
-10492
-10545
-9199
-6649
-3250
530
4183
7224
9257
10029
9463
7663
4897
1555
-1902
-5014
-7376
-8698
-8838
-7818
-5814
-3129
-146
2727
5116
6726
7383
7048
5821
3913
1620
-732
-2826
-4404
-5295
-5434
-4865
-3728
-2229
-606
909
2123
2906
3208
3056
2542
1803
993
251
-313
-648
-752
-678
-509
-347
-280
-369
-627
-1017
-1457
-1833
-2024
-1926
-1474
-665
434
1696
2941
3963
4569
4604
3987
2730
945
-1162
-3321
-5225
-6579
-7145
-6778
-5461
-3309
-564
2431
5280
7580
8988
9264
8314
6211
3190
-379
-4037
-7292
-9692
-10887
-10679
-9054
-6193
-2446
1706
5721
9059
11265
12026
11221
8935
5456
1232
-3181
-7203
-10298
-12053
-12234
-10817
-7990
-4133
240
4548
8221
10780
11896
11441
9497
6344
2422
-1731
-5562
-8564
-10358
-10735
-9683
-7386
-4190
-556
3008
6023
8098
8986
8617
7095
4685
1764
-1230
-3872
-5803
-6783
-6722
-5688
-3890
-1643
684
2730
4189
4861
4680
3719
2175
335
-1472
-2931
-3790
-3901
-3246
-1940
-208
1644
3286
4411
4794
4326
3036
1093
-1216
-3532
-5474
-6701
-6966
-6158
-4331
-1696
1401
4524
7210
9035
9682
8989
6980
3870
42
-4003
-7710
-10550
-12090
-12063
-10408
-7286
-3064
1729
6471
10524
13326
14469
13753
11221
7161
2067
-3418
-8587
-12763
-15383
-16081
-14735
-11486
-6726
-1043
4843
10185
14296
16643
16914
15061
11306
6116
140
-5871
-11164
-15074
-17111
-17024
-14829
-10805
-5461
532
6429
11499
15122
16862
16523
14167
10105
4856
-921
-6514
-11241
-14538
-16026
-15552
-13207
-9309
-4358
1025
6184
10498
13467
14760
14261
12068
8486
3975
-900
-5550
-9424
-12080
-13234
-12789
-10842
-7665
-3672
641
4754
8186
10550
11598
11248
9583
6841
3381
-366
-3949
-6949
-9030
-9977
-9714
-8313
-5979
-3018
195
3272
5850
7639
8453
8229
7028
5031
2504
-227
-2826
-4982
-6449
-7071
-6803
-5709
-3955
-1782
523
2669
4391
5487
5840
5430
4339
2730
831
-1099
-2807
-4073
-4743
-4746
-4101
-2915
-1365
325
1918
3195
3982
4179
3766
2813
1461
-91
-1618
-2900
-3751
-4048
-3746
-2884
-1585
-31
1553
2942
3932
4371
4189
3397
2097
460
-1288
-2907
-4167
-4884
-4946
-4330
-3104
-1423
494
2395
4024
5157
5633
5379
4416
2859
904
-1198
-3179
-4779
-5791
-6080
-5604
-4421
-2678
-595
1566
3537
5072
5982
6160
5591
4350
2599
556
-1525
-3398
-4839
-5689
-5859
-5349
-4236
-2667
-838
1031
2730
4072
4923
5209
4924
4126
2924
1467
-80
-1557
-2817
-3749
-4281
-4384
-4072
-3397
-2434
-1282
-44
1174
2277
3178
3808
4118
4080
3688
2962
1946
712
-646
-2016
-3271
-4284
-4937
-5134
-4820
-3985
-2675
-993
904
2826
4559
5891
6643
6689
5976
4538
2500
66
-2499
-4899
-6837
-8060
-8387
-7735
-6141
-3757
-839
2280
5232
7651
9228
9744
9106
7359
4689
1397
-2129
-5466
-8205
-10000
-10619
-9970
-8115
-5266
-1760
1981
5506
8386
10268
10922
10268
8386
5506
1981
-1760
-5266
-8115
-9970
-10619
-10000
-8205
-5466
-2129
1397
4689
7359
9106
9744
9228
7651
5232
2280
-839
-3757
-6141
-7735
-8387
-8060
-6837
-4899
-2499
66
2500
4538
5976
6689
6643
5891
4559
2826
904
-993
-2675
-3985
-4820
-5134
-4937
-4284
-3271
-2016
-646
712
1946
2962
3688
4080
4118
3808
3178
2277
1174
-44
-1282
-2434
-3397
-4072
-4384
-4281
-3749
-2817
-1557
-80
1467
2924
4126
4924
5209
4923
4072
2730
1031
-838
-2667
-4236
-5349
-5859
-5689
-4839
-3398
-1525
556
2599
4350
5591
6160
5982
5072
3537
1566
-595
-2678
-4421
-5604
-6080
-5791
-4779
-3179
-1198
904
2859
4416
5379
5633
5157
4024
2395
494
-1423
-3104
-4330
-4946
-4884
-4167
-2907
-1288
460
2097
3397
4189
4371
3932
2942
1553
-31
-1585
-2884
-3746
-4048
-3751
-2900
-1618
-91
1461
2813
3766
4179
3982
3195
1918
325
-1365
-2915
-4101
-4746
-4743
-4073
-2807
-1099
831
2730
4339
5430
5840
5487
4391
2669
523
-1782
-3955
-5709
-6803
-7071
-6449
-4982
-2826
-227
2504
5031
7028
8229
8453
7639
5850
3272
195
-3018
-5979
-8313
-9714
-9977
-9030
-6949
-3949
-366
3381
6841
9583
11248
11598
10550
8186
4754
641
-3672
-7665
-10842
-12789
-13234
-12080
-9424
-5550
-900
3975
8486
12068
14261
14760
13467
10498
6184
1025
-4358
-9309
-13207
-15552
-16026
-14538
-11241
-6514
-921
4856
10105
14167
16523
16862
15122
11499
6429
532
-5461
-10805
-14829
-17024
-17111
-15074
-11164
-5871
140
6116
11306
15061
16914
16643
14296
10185
4843
-1043
-6726
-11486
-14735
-16081
-15383
-12763
-8587
-3418
2067
7161
11221
13753
14469
13326
10524
6471
1729
-3064
-7286
-10408
-12063
-12090
-10550
-7710
-4003
42
3870
6980
8989
9682
9035
7210
4524
1401
-1696
-4331
-6158
-6966
-6701
-5474
-3532
-1216
1093
3036
4326
4794
4411
3286
1644
-208
-1940
-3246
-3901
-3790
-2931
-1472
335
2175
3719
4680
4861
4189
2730
684
-1643
-3890
-5688
-6722
-6783
-5803
-3872
-1230
1764
4685
7095
8617
8986
8098
6023
3008
-556
-4190
-7386
-9683
-10735
-10358
-8564
-5562
-1731
2422
6344
9497
11441
11896
10780
8221
4548
240
-4133
-7990
-10817
-12234
-12053
-10298
-7203
-3181
1232
5456
8935
11221
12026
11265
9059
5721
1706
-2446
-6193
-9054
-10679
-10887
-9692
-7292
-4037
-379
3190
6211
8314
9264
8988
7580
5280
2431
-564
-3309
-5461
-6778
-7145
-6579
-5225
-3321
-1162
945
2730
3987
4604
4569
3963
2941
1696
434
-665
-1474
-1926
-2024
-1833
-1457
-1017
-627
-369
-280
-347
-509
-678
-752
-648
-313
251
993
1803
2542
3056
3208
2906
2123
909
-606
-2229
-3728
-4865
-5434
-5295
-4404
-2826
-732
1620
3913
5821
7048
7383
6726
5116
2727
-146
-3129
-5814
-7818
-8838
-8698
-7376
-5014
-1902
1555
4897
7663
9463
10029
9257
7224
4183
530
-3250
-6649
-9199
-10545
-10492
-9034
-6354
-2806
1137
4946
8107
10194
0
0
0
0
0
0
0
0
0
0
0
0
0
0
0
0
0
0
0
0
0
0
0
0
0
0
0
0
0
0
0
0
0
0
0
0
0
0
0
0
0
0
0
0
0
0
0
0
0
0
0
0
0
0
0
0
0
0
0
0
0
0
0
0
0
0
0
-10922
-10269
-8389
-5511
-1982
1769
5292
8164
10044
10711
10097
8285
5505
2102
-1508
-4890
-7641
-9438
-10083
-9515
-7827
-5242
-2089
1240
4342
6848
8473
9044
8522
7004
4702
1920
-989
-3671
-5810
-7169
-7615
-7135
-5829
-3895
-1599
759
2891
4548
5557
5835
5398
4349
2864
1160
-531
-2000
-3084
-3681
-3768
-3388
-2646
-1686
-665
267
996
1449
1609
1508
1219
839
470
197
76
122
307
568
817
963
925
656
151
-543
-1340
-2115
-2730
-3055
-2989
-2486
-1561
-297
1159
2620
3877
4733
5031
4683
3685
2125
176
-1922
-3896
-5473
-6418
-6573
-5877
-4385
-2260
239
2797
5077
6768
7628
7521
6435
4490
1924
-934
-3716
-6052
-7627
-8224
-7754
-6270
-3961
-1131
1848
4580
6701
7930
8104
7206
5361
2827
-50
-2878
-5273
-6916
-7592
-7224
-5880
-3762
-1180
1498
3895
5680
6613
6580
5607
3856
1598
-824
-3052
-4761
-5704
-5756
-4925
-3352
-1288
942
2990
4538
5346
5286
4367
2730
629
-1607
-3625
-5100
-5785
-5554
-4419
-2531
-163
2331
4569
6196
6940
6653
5339
3155
395
-2553
-5261
-7323
-8410
-8330
-7050
-4711
-1609
1840
5161
7883
9605
10058
9143
6949
3745
-54
-3944
-7396
-9934
-11197
-10992
-9322
-6391
-2571
1636
5678
9017
11206
11949
11142
8888
5478
1360
-2927
-6826
-9832
-11559
-11796
-10526
-7932
-4365
-298
3735
7222
9725
10948
10767
9242
6607
3231
-433
-3910
-6769
-8673
-9424
-8980
-7457
-5103
-2258
690
3369
5461
6746
7126
6626
5383
3619
1605
-385
-2107
-3380
-4106
-4272
-3945
-3248
-2340
-1378
-498
206
696
986
1126
1195
1268
1402
1620
1899
2175
2356
2338
2030
1379
384
-885
-2302
-3683
-4819
-5507
-5578
-4936
-3576
-1599
793
3322
5659
7472
8474
8467
7374
5261
2339
-1062
-4526
-7605
-9877
-11006
-10792
-9201
-6380
-2642
1566
5723
9295
11807
12907
12418
10360
6958
2613
-2143
-6719
-10534
-13095
-14064
-13300
-10880
-7092
-2398
2621
7343
11180
13652
14453
13485
10868
6931
2164
-2843
-7475
-11170
-13483
-14147
-13099
-10488
-6651
-2068
2695
7066
10526
12679
13294
12329
9933
6420
2229
-2129
-6144
-9355
-11410
-12103
-11389
-9391
-6373
-2707
1171
4820
7836
9898
10806
10490
9021
6592
3493
80
-3267
-6191
-8385
-9629
-9808
-8923
-7086
-4506
-1466
1702
4663
7102
8759
9459
9126
7795
5604
2787
-352
-3474
-6231
-8314
-9480
-9582
-8593
-6606
-3831
-574
2796
5889
8334
9829
10178
9314
7319
4409
921
-2730
-6101
-8769
-10392
-10748
-9772
-7563
-4378
-605
3286
6803
9492
10996
11107
9793
7207
3670
-366
-4383
-7854
-10318
-11445
-11074
-9244
-6188
-2302
1899
5859
9047
11032
11543
10507
8058
4522
376
-3818
-7493
-10148
-11418
-11130
-9322
-6242
-2311
1927
5892
9036
10924
11297
10105
7514
3886
-271
-4379
-7865
-10242
-11180
-10550
-8442
-5155
-1152
3001
6722
9487
10906
10783
9135
6200
2392
-1746
-5631
-8711
-10551
-10891
-9683
-7101
-3512
573
4574
7924
10145
10922
10145
7924
4574
573
-3512
-7101
-9683
-10891
-10551
-8711
-5631
-1746
2392
6200
9135
10783
10906
9487
6722
3001
-1152
-5155
-8442
-10550
-11180
-10242
-7865
-4379
-271
3886
7514
10105
11297
10924
9036
5892
1927
-2311
-6242
-9322
-11130
-11418
-10148
-7493
-3818
376
4522
8058
10507
11543
11032
9047
5859
1899
-2302
-6188
-9244
-11074
-11445
-10318
-7854
-4383
-366
3670
7207
9793
11107
10996
9492
6803
3286
-605
-4378
-7563
-9772
-10748
-10392
-8769
-6101
-2730
921
4409
7319
9314
10178
9829
8334
5889
2796
-574
-3831
-6606
-8593
-9582
-9480
-8314
-6231
-3474
-352
2787
5604
7795
9126
9459
8759
7102
4663
1702
-1466
-4506
-7086
-8923
-9808
-9629
-8385
-6191
-3267
80
3493
6592
9021
10490
10806
9898
7836
4820
1171
-2707
-6373
-9391
-11389
-12103
-11410
-9355
-6144
-2129
2229
6420
9933
12329
13294
12679
10526
7066
2695
-2068
-6651
-10488
-13099
-14147
-13483
-11170
-7475
-2843
2164
6931
10868
13485
14453
13652
11180
7343
2621
-2398
-7092
-10880
-13300
-14064
-13095
-10534
-6719
-2143
2613
6958
10360
12418
12907
11807
9295
5723
1566
-2642
-6380
-9201
-10792
-11006
-9877
-7605
-4526
-1062
2339
5261
7374
8467
8474
7472
5659
3322
793
-1599
-3576
-4936
-5578
-5507
-4819
-3683
-2302
-885
384
1379
2030
2338
2356
2175
1899
1620
1402
1268
1195
1126
986
696
206
-498
-1378
-2340
-3248
-3945
-4272
-4106
-3380
-2107
-385
1605
3619
5383
6626
7126
6746
5461
3369
690
-2258
-5103
-7457
-8980
-9424
-8673
-6769
-3910
-433
3231
6607
9242
10767
10948
9725
7222
3735
-298
-4365
-7932
-10526
-11796
-11559
-9832
-6826
-2927
1360
5478
8888
11142
11949
11206
9017
5678
1636
-2571
-6391
-9322
-10992
-11197
-9934
-7396
-3944
-54
3745
6949
9143
10058
9605
7883
5161
1840
-1609
-4711
-7050
-8330
-8410
-7323
-5261
-2553
395
3155
5339
6653
6940
6196
4569
2331
-163
-2531
-4419
-5554
-5785
-5100
-3625
-1607
629
2730
4367
5286
5346
4538
2990
942
-1288
-3352
-4925
-5756
-5704
-4761
-3052
-824
1598
3856
5607
6580
6613
5680
3895
1498
-1180
-3762
-5880
-7224
-7592
-6916
-5273
-2878
-50
2827
5361
7206
8104
7930
6701
4580
1848
-1131
-3961
-6270
-7754
-8224
-7627
-6052
-3716
-934
1924
4490
6435
7521
7628
6768
5077
2797
239
-2260
-4385
-5877
-6573
-6418
-5473
-3896
-1922
176
2125
3685
4683
5031
4733
3877
2620
1159
-297
-1561
-2486
-2989
-3055
-2730
-2115
-1340
-543
151
656
925
963
817
568
307
122
76
197
470
839
1219
1508
1609
1449
996
267
-665
-1686
-2646
-3388
-3768
-3681
-3084
-2000
-531
1160
2864
4349
5398
5835
5557
4548
2891
759
-1599
-3895
-5829
-7135
-7615
-7169
-5810
-3671
-989
1920
4702
7004
8522
9044
8473
6848
4342
1240
-2089
-5242
-7827
-9515
-10083
-9438
-7641
-4890
-1508
2102
5505
8285
10097
10711
10044
8164
5292
1769
-1982
-5511
-8389
-10269
0
0
0
0
0
0
0
0
0
0
0
0
0
0
0
0
0
0
0
0
0
0
0
0
0
0
0
0
0
0
0
0
0
0
0
0
0
0
0
0
0
0
0
0
0
0
0
0
0
0
0
0
0
0
0
0
0
0
0
0
0
0
0
0
0
0
0
