52.7956103878293
52.28878523608217
44.68582957662241
50.441213639757365
58.050589718820035
57.136299023414324
47.60604098157829
52.70568227902763
60.41032064466129
62.20766181823208
59.325336238672676
52.79503605558429
62.80547555333883
68.42815628558017
69.48377280944318
50.41543931737627
68.0620164723399
56.544356899329394
56.83135615061267
70.64532315471381
67.73018588760165
63.108783669350466
53.813953387176035
65.76830283563241
59.0221718797966
62.07545077075821
61.662097387296654
53.900133443210684
96.55509330098906
109.19130162647909
108.01294396484343
93.21648961676836
94.4032051907132
62.89940366990983
61.10974943678287
57.942102486940925
59.20128407519836
60.43402096626146
99.72149499914113
102.86870976476807
104.34906549336924
91.23896105150044
94.20922109445019
74.86379281680401
93.96305839176561
94.29934011577436
84.03994110895816
83.2135317317561
49.628718564817625
51.61900687397342
59.94549422844329
53.30914009485291
52.82133557904742
59.84337580377577
46.68825175471464
64.268909788971
105.0390492896662
99.67891470661735
101.29856265959447
101.05516939811723
57.86876393935047
59.974048693534066
66.39975057081242
60.85273794331204
58.281094714975914
65.3163933297928
62.05551300886085
63.34367294300692
50.508466496320025
64.84624343054476
49.78701404477192
74.23726044892146
75.64378732216112
66.19616287606297
70.06221001218745
68.82307048120819
67.13545222792264
54.977691849093226
56.089695096173
69.77600128337991
59.62921158694819
66.72434218557002
49.22054080282806
66.67154795287571
59.542943753924135
49.75699963880754
57.61536373726539
48.43170503495118
60.110232521350085
67.01416676241048
