0
4278
8485
12550
16402
19973
23203
26035
28419
30314
31684
32507
32766
32456
31581
30156
28203
25758
22860
19561
15917
11991
7852
3573
-771
-5106
-9352
-13436
-17284
-20829
-24006
-26759
-29038
-30801
-32015
-32660
-32720
-32196
-31094
-29434
-27244
-24563
-21439
-17925
-14087
-9991
-5712
-1327
3083
7441
11667
15683
19415
22796
25762
28259
30239
31667
32514
32764
32412
31462
29931
27847
25247
22178
18696
14865
10755
6443
2009
-2465
-6896
-11201
-15299
-19113
-22570
-25606
-28162
-30190
-31650
-32514
-32764
-32394
-31411
-29832
-27686
-25012
-21861
-18292
-14372
-10175
-5781
-1274
3259
7733
12062
16161
19951
23359
26318
28771
30668
31973
32659
32711
32127
30919
29107
26727
23823
20452
16679
12577
8226
3711
-879
-5455
-9926
-14204
-18204
-21846
-25058
-27775
-29942
-31516
-32464
-32766
-32415
-31417
-29790
-27567
-24790
-21514
-17805
-13736
-9388
-4849
-209
4437
8997
13377
17489
21248
24578
27411
29687
31359
32393
32765
32468
31507
29899
27676
24884
21579
17828
13707
9301
4700
0
-4703
-9311
-13729
-17864
-21629
-24947
-27746
-29968
-31566
-32503
-32761
-32332
-31225
-29460
-27076
-24119
-20653
-16748
-12488
-7961
-3263
1506
6246
10856
15238
19298
22949
26112
28719
30713
32051
32702
32651
31900
30461
28366
25658
22395
18646
14492
10022
5332
524
-4298
-9029
-13567
-17811
-21669
-25055
-27896
-30127
-31699
-32577
-32739
-32182
-30916
-28967
-26379
-23206
-19519
-15397
-10932
-6222
-1372
3511
8320
12945
17284
21240
24723
27655
29968
31611
32545
32748
32214
30954
28995
26381
23169
19431
15252
10724
5950
1038
-3899
-8751
-13405
-17757
-21705
-25159
-28038
-30277
-31822
-32637
-32702
-32014
-30588
-28456
-25665
-22280
-18377
-14047
-9388
-4509
477
5455
10308
14924
19194
23018
26305
28979
30974
32243
32756
32498
31476
29711
27244
24133
20449
16280
11722
6884
1880
-3170
-8148
-12935
-17416
-21484
-25041
-28000
-30291
-31856
-32659
-32677
-31909
-30373
-28105
-25157
-21600
-17520
-13013
-8189
-3163
1941
7001
11893
16499
20705
24407
27516
29953
31659
32589
32721
32049
30590
28377
25463
21921
17836
13307
8448
3377
-1780
-6896
-11843
-16499
-20746
-24479
-27603
-30040
-31727
-32621
-32699
-31957
-30413
-28105
-25088
-21439
-17247
-12618
-7668
-2522
2689
7836
12787
17416
21605
25247
28248
30530
32035
32723
32574
31592
29801
27244
23987
20112
15718
10917
5832
595
-4660
-9798
-14685
-19194
-23208
-26622
-29345
-31307
-32455
-32757
-32206
-30813
-28614
-25665
-22043
-17841
-13169
-8148
-2911
2405
7661
12717
17440
21705
25397
28419
30689
32146
32750
32483
31352
29385
26633
23169
19084
14487
9500
4255
-1105
-6439
-11603
-16457
-20870
-24723
-27911
-30346
-31961
-32712
-32578
-31559
-29684
-27001
-23582
-19519
-14922
-9916
-4636
771
6162
11386
16301
20770
24671
27896
30354
31977
32719
32558
31498
29565
26813
23317
19172
14492
9407
4058
-1405
-6833
-12073
-16978
-21411
-25247
-28377
-30713
-32188
-32760
-32410
-31148
-29007
-26047
-22351
-18021
-13179
-7961
-2516
3003
8440
13640
18454
22745
26389
29282
31340
32503
32737
32033
30409
27913
24613
20604
16000
10932
5547
0
-5550
-10942
-16021
-20637
-24657
-27963
-30458
-32068
-32745
-32468
-31244
-29107
-26118
-22364
-17952
-13013
-7689
-2137
3479
8997
14252
19090
23367
26955
29748
31662
32640
32650
31691
29790
27003
23411
19119
14256
8965
3403
-2262
-7862
-13230
-18204
-22633
-26385
-29345
-31423
-32556
-32707
-31871
-30072
-27362
-23823
-19561
-14703
-9397
-3803
1908
7565
12994
18030
22517
26318
29316
31419
32559
32702
31841
30001
27238
23635
19302
14372
8996
3339
-2422
-8112
-13553
-18577
-23026
-26761
-29667
-31650
-32648
-32629
-31591
-29565
-26615
-22829
-18327
-13249
-7752
-2009
3799
9491
14886
19815
24120
27666
30338
32052
32751
32412
31044
28690
25423
21345
16586
11295
5642
-193
-6025
-11667
-16938
-21669
-25706
-28920
-31206
-32489
-32726
-31909
-30063
-27244
-23544
-19081
-13998
-8460
-2644
3259
9060
14569
19606
24006
27626
30346
32075
32756
32366
30916
28451
25051
20827
15917
10480
4696
-1244
-7147
-12817
-18065
-22719
-26622
-29644
-31684
-32674
-32578
-31398
-29173
-25975
-21909
-17110
-11737
-5969
0
5972
11747
17130
21941
26016
29217
31436
32596
32657
31615
29504
26395
22390
17625
12260
6476
470
-5554
-11392
-16845
-21726
-25867
-29127
-31393
-32585
-32662
-31619
-29491
-26349
-22301
-17483
-12062
-6222
-166
5898
11762
17222
22088
26191
29387
31566
32648
32597
31411
29131
25835
21636
16679
11138
5205
-912
-7001
-12847
-18244
-23003
-26955
-29960
-31912
-32739
-32412
-30940
-28374
-24803
-20353
-15179
-9465
-3413
2763
8843
14612
19863
24407
28083
30758
32334
32755
32003
30103
27124
23169
18381
12929
7010
836
-5370
-11386
-16993
-21989
-26191
-29446
-31636
-32680
-32538
-31214
-28754
-25247
-20819
-15630
-9868
-3744
2518
8692
14551
19879
24480
28184
30855
32393
32739
31880
29845
26709
22585
17625
12011
5950
-333
-6607
-12639
-18204
-23094
-27128
-30152
-32055
-32763
-32248
-30528
-27666
-23767
-18976
-13473
-7461
-1167
5173
11322
17047
22132
26385
29644
31785
32724
32427
30901
28203
24435
19738
14288
8294
1981
-4409
-10635
-16457
-21654
-26025
-29402
-31656
-32697
-32485
-31027
-28377
-24634
-19943
-14481
-8460
-2109
4324
10594
16457
21686
26077
29459
31699
32710
32451
30929
28203
24378
19601
14056
7961
1552
-4919
-11201
-17047
-22227
-26537
-29806
-31906
-32751
-32307
-30590
-27666
-23648
-18696
-13002
-6791
-309
6187
12441
18204
23246
27366
30398
32222
32762
31995
29951
26709
22398
17189
11289
4935
-1619
-8112
-14281
-19879
-24678
-28486
-31147
-32552
-32643
-31416
-28917
-25247
-20553
-15023
-8882
-2378
4225
10659
16662
21989
26421
29777
31918
32756
32254
30432
27362
23169
18024
12137
5748
-879
-7473
-13762
-19485
-24407
-28323
-31070
-32533
-32650
-31414
-28875
-25136
-20353
-14721
-8475
-1874
4807
11292
17307
22602
26955
30182
32146
32765
32010
29911
26556
22083
16679
10571
4016
-2711
-9326
-15551
-21121
-25799
-29387
-31732
-32732
-32344
-30582
-27520
-23286
-18060
-12062
-5547
1206
7911
14280
20041
24947
28786
31393
32653
32513
30975
28105
24024
18906
12972
6476
-301
-7069
-13534
-19415
-24458
-28443
-31196
-32596
-32580
-31148
-28360
-24336
-19250
-13322
-6811
0
6813
13332
19269
24364
28393
31178
32594
32578
31129
28309
24241
19103
13120
6555
-301
-7147
-13680
-19609
-24671
-28641
-31340
-32648
-32505
-30916
-27948
-23735
-18460
-12360
-5706
1206
8067
14569
20421
25359
29162
31656
32728
32328
30473
27244
22786
17298
11027
4255
-2711
-9557
-15974
-21669
-26383
-29901
-32062
-32766
-31979
-29736
-26137
-21345
-15577
-9095
-2195
4807
11593
17850
23291
27666
30771
32464
32665
31362
28614
24546
19345
13249
6538
-477
-7473
-14125
-20126
-25196
-29098
-31650
-32732
-32292
-30349
-26991
-22374
-16712
-10266
-3339
3746
10659
17076
22694
27251
30530
32377
32702
31489
28793
24740
19519
13375
6597
-494
-7565
-14281
-20323
-25404
-29282
-31772
-32753
-32178
-30072
-26533
-21729
-15887
-9285
-2238
4919
11843
18204
23695
28052
31066
32589
32548
30942
27847
23411
17845
11416
4435
-2763
-9830
-16425
-22227
-26955
-30378
-32330
-32713
-31507
-28769
-24631
-19293
-13013
-6096
1120
8285
15047
21076
26077
29802
32068
32763
31850
29372
25451
20276
14101
7230
0
-7232
-14111
-20295
-25478
-29402
-31872
-32764
-32033
-29711
-25913
-20827
-14703
-7845
-595
6688
13640
19914
25196
29220
31785
32759
32093
29819
26047
20967
14832
7950
664
-6656
-13645
-19948
-25247
-29273
-31822
-32763
-32046
-29706
-25861
-20703
-14492
-7543
-209
7138
14125
20396
25629
29557
31977
32766
31880
29363
25342
20022
13674
6622
-771
-8129
-15071
-21240
-26318
-30042
-32219
-32734
-31559
-28754
-24461
-18901
-12360
-5177
2276
9615
16457
22447
27271
30678
32489
32608
31026
27825
23169
17302
10527
3199
-4298
-11573
-18244
-23960
-28419
-31387
-32705
-32302
-30198
-26501
-21406
-15179
-8148
-684
6817
13962
20369
25700
29668
32064
32757
31710
28975
24698
19103
12488
5205
-2358
-9798
-16717
-22745
-27557
-30894
-32577
-32513
-30703
-27244
-22319
-16192
-9191
-1693
5898
13175
19743
25247
29388
31941
32765
31816
29141
24884
19276
12618
5272
-2362
-9871
-16845
-22903
-27714
-31014
-32621
-32445
-30495
-26875
-21781
-15492
-8351
-749
6896
14165
20658
26016
29942
32220
32721
31417
28377
23767
17841
10926
3403
-4310
-11787
-18613
-24407
-28847
-31684
-32759
-32010
-29476
-25298
-19707
-13013
-5590
2148
9769
16845
22980
27828
31116
32659
32366
30254
26438
21133
14635
7310
-430
-8148
-15409
-21801
-26962
-30598
-32502
-32563
-30778
-27244
-22162
-15818
-8572
-836
6950
14343
20920
26305
30190
32350
32661
31103
27762
22829
16586
9388
1649
-6187
-13670
-20369
-25898
-29936
-32249
-32702
-31267
-28024
-23161
-16955
-9766
-2009
5867
13405
20168
25762
29860
32222
32709
31291
28049
23169
16936
9711
1916
-5992
-13553
-20323
-25904
-29968
-32275
-32687
-31179
-27837
-22855
-16527
-9222
-1372
6562
14111
20829
26318
30252
32397
32623
30916
27374
22206
15718
8294
373
-7571
-15067
-21669
-26980
-30683
-32556
-32483
-30469
-26631
-21197
-14492
-6916
1077
9009
16402
22811
27851
31216
32702
32218
29790
25564
19793
12824
5078
-2978
-10856
-18080
-24210
-28873
-31785
-32766
-31757
-28816
-24119
-17952
-10689
-2772
5316
13083
20053
25799
29968
32304
32662
31017
27469
22233
15630
8064
0
-8067
-15639
-22251
-27492
-31038
-32669
-32282
-29899
-25665
-19840
-12785
-4935
3223
11185
18454
24578
29176
31960
32754
31507
28295
23317
16881
9388
1306
-6859
-14599
-21426
-26913
-30713
-32587
-32415
-30206
-26096
-20343
-13307
-5431
2789
10837
18204
24423
29100
31937
32755
31498
28244
23199
16679
9099
938
-7285
-15047
-21854
-27271
-30951
-32659
-32282
-29844
-25497
-19519
-12290
-4271
4023
12062
19330
25359
29762
32252
32670
30984
27303
21861
15008
7184
-1105
-9326
-16947
-23474
-28484
-31650
-32766
-31757
-28687
-23753
-17274
-9670
-1435
6896
14781
21705
27215
30951
32666
32248
29720
25247
19119
11737
3583
-4807
-12886
-20121
-26035
-30239
-32455
-32534
-30469
-26395
-20578
-13400
-5336
3083
11302
18775
25007
29584
32200
32681
30992
27244
21684
14679
6695
-1736
-10055
-17706
-24178
-29038
-31959
-32744
-31340
-27837
-22468
-15592
-7668
771
9163
16942
23583
28641
31772
32764
31548
28203
22955
16155
8261
-193
-8637
-16499
-23246
-28419
-31667
-32766
-31641
-28366
-23161
-16378
-8479
0
8482
16388
23178
28387
31659
32766
31633
28334
23092
16267
8323
-193
-8699
-16610
-23382
-28547
-31748
-32764
-31521
-28105
-22748
-15818
-7793
771
9287
17161
23850
28887
31923
32744
31292
27666
22114
15023
6884
-1736
-10238
-18030
-24565
-29387
-32158
-32681
-30919
-26991
-21173
-13868
-5590
3083
11543
19194
25499
30012
32414
32534
30361
26047
19895
12336
3903
-4807
-13181
-20625
-26610
-30711
-32637
-32248
-29569
-24790
-18247
-10405
-1820
6896
15124
22277
27843
31423
32760
31757
28483
23169
16196
8060
-655
-9326
-17331
-24094
-29127
-32068
-32703
-30984
-27033
-21133
-13707
-5289
3511
12062
19743
25999
30374
32552
32371
29844
25150
18630
10754
2094
-6719
-15047
-22282
-27896
-31478
-32765
-31661
-28244
-22763
-15616
-7324
1506
10228
18204
24847
29668
32313
32585
30461
26096
19809
12062
3423
-5469
-13962
-21426
-27310
-31178
-32740
-31881
-28661
-23317
-16242
-7961
912
9721
17811
24578
29519
32265
32608
30520
26157
19840
12041
3339
-5613
-14150
-21629
-27492
-31296
-32755
-31758
-28377
-22863
-15630
-7219
1736
10564
18599
25234
29968
32443
32468
30041
25342
18725
10689
1842
-7147
-15598
-22868
-28404
-31785
-32751
-31227
-27327
-21345
-13736
-5078
3969
12717
20496
26712
30887
32702
32014
28875
23522
16364
7950
-1077
-10024
-18204
-24986
-29848
-32414
-32483
-30050
-25298
-18593
-10451
-1499
7571
16058
23305
28750
31969
32711
30916
26720
20449
12587
3744
-5391
-14111
-21734
-27666
-31442
-32766
-31533
-27837
-21964
-14372
-5653
3510
12401
20323
26654
30894
32710
31957
28692
23169
15822
7226
-1941
-10958
-19113
-25762
-30378
-32596
-32237
-29328
-24096
-16955
-8469
691
9799
18132
25028
29936
32465
32412
29778
24772
17791
9388
234
-8940
-17404
-24479
-29598
-32350
-32513
-30072
-25219
-18342
-9991
-836
8388
16942
24135
29387
32275
32563
30226
25451
18620
10283
1113
-8148
-16754
-24006
-29316
-32252
-32574
-30254
-25477
-18630
-10266
-1066
8222
16845
24098
29390
32286
32549
30156
25298
18372
9941
695
-8610
-17213
-24407
-29603
-32371
-32482
-29925
-24908
-17841
-9305
0
9307
17850
24924
29942
32491
32356
29546
24293
17028
8351
-1019
-10308
-18745
-25629
-30386
-32621
-32145
-28995
-23432
-15917
-7073
2362
11603
19879
26497
30903
32728
31816
28241
22301
14491
5464
-4023
-13175
-21224
-27492
-31451
-32766
-31324
-27244
-20868
-12732
-3519
5992
15001
22745
28568
31977
32682
30619
25962
19103
10622
1238
-8253
-17047
-24394
-29668
-32420
-32412
-29643
-24347
-16973
-8148
1373
10781
19269
26112
30723
32705
31886
28334
22351
14449
5304
-4298
-13534
-21608
-27826
-31650
-32749
-31026
-26627
-19930
-11510
-2094
7504
16457
23989
29446
32355
32460
29752
24461
17046
8148
-1459
-10942
-19477
-26318
-30870
-32732
-31742
-27983
-21780
-13674
-4371
5316
14541
22496
28484
31977
32669
30495
25645
18541
9807
209
-9410
-18204
-25397
-30356
-32640
-32046
-28625
-22675
-14721
-5464
4278
13645
21806
28038
31787
32719
30748
26047
19032
10324
695
-8997
-17892
-25196
-30256
-32621
-32077
-28669
-22701
-14703
-5389
4409
13816
21989
28193
31872
32694
30582
25725
18555
9715
0
-9718
-18563
-25739
-30598
-32699
-31850
-28126
-21861
-13619
-4144
5708
15047
23026
28920
32194
32549
29951
24631
17073
7961
-1876
-11547
-20168
-26955
-31287
-32766
-31257
-26894
-20073
-11416
-1713
8148
17267
24807
30076
32589
32113
28690
22632
14492
5018
-4919
-14407
-22570
-28657
-32104
-32591
-30072
-24775
-17189
-8012
1907
11653
20323
27113
31393
32763
31094
26539
19519
10683
852
-9060
-18132
-25519
-30530
-32697
-31816
-27965
-21503
-13031
-3339
6667
16052
23938
29584
32459
32292
29097
23169
15065
5543
-4501
-14125
-22423
-28612
-32108
-32578
-29977
-24546
-16798
-7461
2582
12385
21019
27666
31694
32721
30647
25665
18247
9095
-923
-10856
-19760
-26786
-31264
-32766
-31146
-26556
-19431
-10451
-470
9557
18675
26008
30855
32749
31507
27244
20368
11537
1595
-8501
-17784
-25359
-30497
-32702
-31758
-27754
-21074
-12360
-2451
7696
17103
24860
30215
32648
31922
28105
21563
12929
3039
-7147
-16643
-24525
-30025
-32607
-32016
-28309
-21844
-13249
-3359
6859
16412
24364
29939
32588
32050
28377
21924
13322
3413
-6833
-16412
-24382
-29960
-32596
-32028
-28309
-21804
-13150
-3199
7069
16643
24578
30089
32630
31946
28105
21482
12732
2719
-7565
-17103
-24947
-30318
-32680
-31797
-27754
-20951
-12062
-1970
8320
17784
25478
30633
32732
31565
27244
20200
11134
952
-9326
-18675
-26154
-31014
-32765
-31228
-26556
-19215
-9941
333
10578
19760
26955
31436
32749
30759
25665
17979
8475
-1887
-12062
-21019
-27851
-31864
-32650
-30126
-24546
-16475
-6728
3703
13762
22423
28806
32258
32427
29291
23169
14683
4696
-5772
-15653
-23938
-29777
-32571
-32033
-28214
-21503
-12587
-2378
8077
17706
25519
30711
32748
31416
26850
19519
10175
-219
-10594
-19879
-27113
-31549
-32726
-30520
-25157
-17189
-7439
3083
13289
22119
28657
32222
32441
29289
23092
14492
4381
-6187
-16114
-24364
-30076
-32652
-31820
-27666
-20619
-11416
-1017
9491
19008
26537
31287
32757
30792
25595
17709
7961
-2625
-12939
-21894
-28547
-32194
-32451
-29286
-23032
-14346
-4144
6498
16457
24678
30291
32699
31644
27238
19943
10531
0
-10533
-19951
-27251
-31656
-32694
-30254
-24592
-16309
-6286
4409
14637
23305
29487
32519
32077
28203
21312
12137
1660
-8997
-18692
-26385
-31248
-32757
-30748
-25434
-17383
-7461
3266
13645
22556
29038
32390
32248
28625
21909
12824
2351
-8378
-18204
-26061
-31098
-32765
-30880
-25645
-17625
-7689
3083
13524
22496
29023
32393
32235
28565
21780
12618
2077
-8692
-18516
-26318
-31245
-32755
-30681
-25247
-17046
-6975
3863
14280
23132
29446
32527
32033
28015
20915
11510
836
-9932
-19609
-27125
-31650
-32682
-30103
-24198
-15616
-5304
5596
15880
24407
30232
32705
31550
26894
19250
9465
-1373
-12062
-21411
-28379
-32188
-32412
-29022
-22395
-13267
-2656
8253
18244
26197
31222
32754
30619
25054
16679
6433
-4537
-15001
-23783
-29895
-32648
-31731
-27244
-19690
-9916
976
11762
21224
28293
32170
32415
28997
22301
13080
2378
-8595
-18599
-26497
-31393
-32729
-30352
-24528
-15917
-5494
5554
15974
24578
30386
32734
31352
26395
18425
8351
-2679
-13405
-22602
-29217
-32491
-32046
-27932
-20616
-10936
0
10939
20625
27944
32055
32482
29173
22507
13249
2462
-8610
-18692
-26622
-31481
-32707
-30156
-24119
-15293
-4696
6446
16845
25296
30817
32766
30916
25477
17079
6695
-4468
-15115
-24006
-30106
-32702
-31489
-26606
-18620
-8460
2689
13528
22788
29387
32552
31909
27532
19930
9991
-1120
-12103
-21669
-28693
-32350
-32208
-28280
-21025
-11295
-234
10856
20671
28052
32127
32412
28871
21921
12379
1372
-9799
-19815
-27487
-31906
-32545
-29328
-22632
-13249
-2291
8940
19113
27016
31708
32629
29666
23169
13911
2992
-8285
-18577
-26654
-31549
-32677
-29899
-23544
-14372
-3477
7836
18214
26411
31442
32702
30037
23764
14635
3744
-7598
-18030
-26293
-31393
-32711
-30086
-23833
-14703
-3796
7571
18026
26305
31405
32707
30050
23753
14577
3632
-7754
-18204
-26446
-31479
-32688
-29925
-23522
-14256
-3253
8148
18560
26712
31608
32650
29706
23135
13736
2656
-8751
-19090
-27095
-31785
-32581
-29385
-22585
-13013
-1842
9557
19786
27585
31994
32468
28947
21861
12081
809
-10564
-20637
-28166
-32219
-32293
-28377
-20951
-10932
440
11762
21629
28819
32437
32033
27653
19840
9561
-1907
-13142
-22745
-29519
-32621
-31661
-26755
-18514
-7961
3586
14689
23960
30239
32740
31148
25658
16955
6128
-5469
-16384
-25247
-30944
-32759
-30461
-24336
-15151
-4058
7546
18204
26572
31595
32638
29565
22763
13087
1756
-9798
-20118
-27896
-32148
-32332
-28424
-20915
-10754
771
12203
22088
29171
32552
31797
27001
18769
8148
-3511
-14727
-24069
-30346
-32754
-30984
-25260
-16309
-5272
6439
17331
26008
31359
32696
29845
23169
13521
2137
-9523
-19964
-27843
-32146
-32318
-28334
-20703
-10405
1234
12717
22564
29503
32637
31559
26407
17841
6968
-4807
-15965
-25058
-30909
-32757
-30361
-24028
-14577
-3233
8533
19194
27364
31977
32433
28669
21173
10917
-762
-12345
-22321
-29387
-32619
-31592
-26438
-17828
-6884
4961
16161
25247
31028
32744
30168
23635
13998
2522
-9287
-19879
-27860
-32179
-32265
-28105
-20242
-9711
2101
13640
23382
30040
32733
31103
25362
16267
5018
-6896
-17901
-26537
-31659
-32585
-29190
-21921
-11741
0
11743
21929
29201
32589
31641
26480
17791
6728
-5233
-16499
-25566
-31222
-32709
-29826
-22955
-13013
-1327
10537
20994
28641
32450
31909
27088
18630
7668
-4324
-15739
-25041
-30976
-32744
-30105
-23411
-13561
-1880
10055
20637
28436
32397
31982
27244
18822
7852
-4182
-15653
-25007
-30974
-32743
-30072
-23319
-13400
-1660
10308
20879
28612
32455
31881
26966
18377
7282
-4807
-16245
-25468
-31216
-32702
-29720
-22675
-12528
-664
11292
21705
29147
32596
31576
26225
17274
5950
-6193
-17489
-26383
-31650
-32564
-28995
-21433
-10917
1105
12978
23064
29968
32737
30984
24950
15465
3839
-8320
-19330
-27666
-32170
-32217
-27796
-19519
-8531
3643
15314
24860
30951
32739
29972
23032
12884
938
-11141
-21669
-29176
-32613
-31498
-25982
-16835
-5332
6918
18204
26944
31912
32410
28366
20343
9465
-2743
-14569
-24351
-30713
-32759
-30198
-23387
-13283
-1306
10856
21492
29100
32604
31507
25962
16748
5166
-7147
-18454
-27152
-32008
-32332
-28076
-19840
-8789
3510
15314
24947
31038
32720
29752
22551
12140
0
-12143
-22559
-29762
-32723
-31017
-24884
-15198
-3339
8998
20053
28242
32393
31908
26854
17952
6476
-5930
-17489
-26541
-31785
-32465
-28481
-20402
-9388
2978
14918
24714
30951
32730
29790
22554
12062
-172
-12385
-22811
-29942
-32746
-30813
-24421
-14492
-2462
9926
20879
28806
32556
31581
26021
16679
4912
-7571
-18956
-27585
-32200
-32127
-27374
-18630
-7167
5342
17076
26318
31719
32485
28504
20353
9222
-3259
-15267
-25041
-31147
-32687
-29434
-21861
-11077
1334
13553
23783
30517
32764
30189
23169
12736
423
-11953
-22570
-29860
-32743
-30792
-24293
-14202
-2009
10483
21426
29201
32652
31267
25247
15482
3419
-9153
-20369
-28563
-32514
-31633
-26047
-16586
-4654
7973
19415
27967
32350
31910
26709
17520
5712
-6950
-18577
-27428
-32179
-32116
-27244
-18292
-6597
6088
17864
26962
32015
32263
27666
18910
7310
-5391
-17284
-26579
-31872
-32366
-27983
-19380
-7852
4862
16845
26287
31760
32433
28203
19707
8226
-4501
-16550
-26094
-31684
-32472
-28334
-19895
-8434
4310
16402
26003
31651
32486
28377
19946
8475
-4288
-16402
-26016
-31662
-32478
-28334
-19861
-8351
4437
16550
26133
31717
32445
28203
19638
8060
-4756
-16845
-26351
-31812
-32386
-27983
-19276
-7602
5243
17284
26666
31941
32293
27666
18769
6975
-5898
-17864
-27071
-32095
-32157
-27244
-18113
-6176
6719
18577
27557
32265
31968
26709
17302
5205
-7702
-19415
-28111
-32434
-31710
-26047
-16326
-4058
8843
20369
28719
32588
31368
25247
15179
2736
-10137
-21426
-29364
-32705
-30922
-24293
-13853
-1238
11573
22570
30025
32764
30353
23169
12339
-434
-13142
-23783
-30678
-32739
-29638
-21861
-10632
2276
14829
25041
31296
32604
28754
20353
8727
-4282
-16616
-26318
-31849
-32328
-27676
-18630
-6622
6439
18480
27585
32302
31880
26381
16679
4318
-8734
-20396
-28806
-32620
-31227
-24845
-14492
-1820
11144
22329
29942
32763
30335
23047
12062
-859
-13645
-24243
-30951
-32688
-29173
-20967
-9388
3703
16202
26094
31785
32354
27709
18593
6476
-6688
-18775
-27832
-32393
-31718
-25913
-15915
-3339
9779
21317
29402
32723
30737
23764
12933
0
-12935
-23772
-30745
-32720
-29372
-21243
-9654
3510
16105
26077
31798
32332
27590
18342
6096
-7147
-19226
-28162
-32493
-31507
-25362
-15061
-2291
10856
22227
29953
32765
30198
22670
11416
-1716
-14569
-25028
-31370
-32548
-28366
-19509
-7435
5867
18204
27539
32330
31782
25982
15887
3163
-10086
-21669
-29667
-32753
-30413
-23032
-11831
1334
14281
24860
31312
32563
28403
19519
7387
-5976
-18347
-27666
-32377
-31693
-25725
-15465
-2622
10659
22164
29968
32766
30086
22374
10917
-2369
-15261
-25599
-31650
-32396
-27709
-18372
-5950
7473
19643
28516
32596
31195
24546
13765
664
-12550
-23653
-30771
-32702
-29116
-20616
-8634
4807
17440
27128
32230
31881
26137
15968
3092
-10308
-21966
-29901
-32766
-30072
-22272
-10689
2711
15653
25937
31812
32275
27244
17574
4908
-8595
-20637
-29162
-32712
-30681
-23411
-12140
1206
14349
25041
31451
32480
27948
18630
6117
-7445
-19735
-28641
-32634
-31026
-24089
-13013
301
13567
24501
31222
32570
28309
19172
6728
-6876
-19298
-28393
-32589
-31159
-24347
-13326
0
13328
24354
31166
32585
28360
19220
6748
-6896
-19347
-28443
-32604
-31103
-24198
-13087
301
13640
24608
31294
32533
28105
18778
6176
-7504
-19879
-28786
-32669
-30847
-23635
-12290
1206
14493
25247
31583
32389
27520
17828
5008
-8692
-20870
-29387
-32745
-30352
-22624
-10917
2711
15865
26229
31977
32094
26556
16335
3233
-10442
-22277
-30182
-32757
-29546
-21112
-8944
4807
17712
27483
32390
31559
25136
14256
845
-12717
-24026
-31070
-32598
-28334
-19032
-6345
7473
19964
28903
32697
30666
23169
11540
-2148
-15456
-26008
-31918
-32127
-26596
-16309
-3103
10659
22517
30346
32741
29270
20553
8148
-5719
-18563
-28078
-32552
-31179
-24202
-12874
771
14281
25223
31625
32332
27214
17189
4062
-9798
-21894
-30040
-32762
-29565
-21025
-8682
5233
18204
27882
32514
31257
24336
13002
-691
-14262
-25247
-31650
-32307
-27094
-16955
-3732
10171
22227
30239
32747
29289
20494
7961
-6025
-18915
-28356
-32621
-30929
-23586
-11931
1907
15400
26077
31982
32033
26215
15592
2109
-11762
-23479
-30889
-32629
-28377
-18910
-5966
8077
20637
29402
32756
30080
21861
9613
-4409
-17621
-27585
-32459
-31342
-24435
-13013
816
14497
25499
31785
32188
26631
16140
2656
-11322
-23203
-30782
-32650
-28456
-18976
-5969
8148
20755
29503
32763
29925
21514
9095
-5021
-18204
-27995
-32564
-31058
-23753
-12011
1977
15598
26305
32095
31880
25698
14703
952
-12978
-24480
-31393
-32418
-27360
-17165
-3744
10381
22559
30497
32702
28754
19394
6380
-7836
-20580
-29446
-32762
-29899
-21393
-8847
5370
18577
28275
32630
30814
23169
11138
-3003
-16579
-27016
-32334
-31523
-24733
-13249
751
14612
25700
31906
32048
26096
15179
1372
-12698
-24354
-31371
-32412
-27273
-16932
-3359
10856
23003
30758
32638
28280
18514
5205
-9101
-21669
-30089
-32747
-29131
-19930
-6905
7445
20371
29387
32762
29844
21189
8460
-5898
-19125
-28673
-32702
-30433
-22301
-9868
4468
17946
27963
32585
30916
23274
11134
-3159
-16845
-27275
-32428
-31305
-24119
-12260
1977
15833
26622
32247
31615
24845
13249
-923
-14918
-26016
-32055
-31858
-25461
-14105
0
14107
25468
31864
32046
25975
14832
792
-13405
-24986
-31684
-32188
-26395
-15435
-1452
12817
24578
31525
32292
26727
15917
1981
-12345
-24250
-31393
-32366
-26976
-16280
-2378
11993
24006
31293
32415
27148
16527
2644
-11762
-23850
-31230
-32442
-27244
-16660
-2779
11653
23783
31206
32451
27267
16679
2783
-11667
-23806
-31222
-32441
-27217
-16586
-2656
11803
23919
31277
32412
27094
16378
2398
-12062
-24120
-31370
-32361
-26894
-16056
-2009
12441
24407
31496
32285
26615
15616
1488
-12939
-24777
-31650
-32178
-26251
-15055
-836
13553
25223
31826
32033
25797
14372
52
-14280
-25739
-32015
-31841
-25247
-13561
863
15115
26318
32208
31592
24592
12618
-1908
-16052
-26950
-32393
-31276
-23823
-11540
3083
17085
27622
32556
30880
22932
10324
-4384
-18204
-28323
-32682
-30389
-21909
-8965
5807
19399
29038
32755
29790
20744
7461
-7347
-20658
-29748
-32757
-29067
-19428
-5811
8997
21966
30436
32669
28203
17952
4016
-10746
-23305
-31079
-32468
-27184
-16309
-2077
12583
24657
31656
32135
25992
14491
0
-14493
-25999
-32139
-31644
-24613
-12494
2208
16457
27304
32503
30975
23032
10317
-4537
-18454
-28547
-32719
-30103
-21238
-7961
6971
20458
29694
32757
29007
19220
5431
-9491
-22439
-30713
-32587
-27666
-16973
-2736
12073
24364
31568
32177
26060
14492
-108
-14689
-26197
-32222
-31498
-24174
-11781
3083
17304
27896
32634
30520
21996
8847
-6162
-19879
-29416
-32766
-29219
-19519
-5706
9311
22368
30711
32578
27570
16743
2378
-12491
-24723
-31732
-32033
-25558
-13674
1105
15653
26888
32428
31095
23169
10328
-4707
-18745
-28806
-32750
-29736
-20402
-6728
8378
21705
30414
32650
27932
17262
2911
-12062
-24465
-31651
-32083
-25665
-13765
1077
15692
26955
32455
31012
22932
9941
-5180
-19194
-29098
-32765
-29406
-19738
-5832
9326
22486
30817
32526
27244
16102
1495
-13436
-25478
-32035
-31693
-24521
-12062
2999
17416
28078
32680
30226
21243
7668
-7565
-21167
-30192
-32685
-28105
-17438
-2992
12103
24578
31727
31995
25321
13150
-1876
-16499
-27539
-32596
-30567
-21889
-8448
6833
20630
29936
32722
28377
17845
3419
-11753
-24364
-31659
-32040
-25423
-13249
1823
16499
27568
32607
30508
21729
8189
-7147
-20920
-30108
-32693
-28105
-17347
-2779
12401
24860
31856
31850
24838
12360
-2839
-17416
-28160
-32702
-30037
-20749
-6884
8501
22013
30668
32552
27244
15915
1066
-14020
-26008
-32243
-31342
-23500
-10451
4915
19194
29220
32766
29042
18871
4509
-10856
-23813
-31479
-32147
-25665
-13473
1720
16533
27666
32637
30335
21271
7461
-8015
-21705
-30552
-32578
-27327
-15968
-1038
14125
26133
32294
31228
23169
9920
-5554
-19786
-29584
-32748
-28565
-17970
-3339
12043
24723
31849
31816
24627
11897
-3511
-18132
-28673
-32755
-29458
-19519
-5177
10334
23516
31393
32182
25702
13414
-1907
-16800
-27896
-32682
-30072
-20653
-6555
9029
22570
30997
32395
26445
14492
-751
-15827
-27310
-32589
-30461
-21406
-7481
8148
21926
30713
32507
26894
15151
-48
-15238
-26955
-32522
-30664
-21804
-7961
7702
21608
30575
32549
27076
15403
202
-15047
-26852
-32503
-30703
-21861
-8002
7696
21629
30598
32538
27001
15255
0
-15257
-27007
-32541
-30582
-21579
-7602
8129
21989
30779
32468
26664
14703
-655
-15865
-27411
-32621
-30288
-20948
-6758
8997
22672
31098
32318
26047
13736
-1763
-16855
-28038
-32713
-29790
-19946
-5464
10289
23653
31516
32046
25116
12336
-3319
-18204
-28847
-32766
-29042
-18541
-3711
11987
24889
31977
31593
23823
10480
-5316
-19871
-29777
-32711
-27983
-16697
-1495
14059
26318
32404
30885
22114
8148
-7733
-21801
-30745
-32460
-26539
-14372
1180
16457
27860
32699
29832
19930
5325
-10537
-23916
-31650
-31910
-24631
-11530
4298
19113
29409
32747
28334
17210
2009
-13670
-26112
-32365
-30942
-22178
-8148
7817
21929
30833
32412
26285
13907
-1780
-17047
-28259
-32743
-29429
-19103
-4222
11667
24777
31977
31548
23586
9991
-5992
-20546
-30192
-32619
-27244
-15350
219
15739
27492
32660
30001
20149
5464
-10533
-24006
-31719
-31816
-24270
-10892
5106
19879
29873
32681
27625
15917
373
-15261
-27221
-32621
-30156
-20416
-5748
10308
23879
31684
31836
24293
10875
-5173
-19973
-29942
-32665
-27477
-15633
0
15636
27483
32666
29925
19920
5078
-10999
-24407
-31886
-31615
-23656
-9941
6193
20824
30386
32549
26782
14487
-1341
-16845
-28242
-32749
-29262
-18630
-3445
12583
25539
32252
31078
22301
8064
-8148
-22368
-31111
-32231
-25451
-12429
3643
18824
29387
32737
28047
16465
836
-15001
-27152
-32625
-30072
-20115
-5205
10989
24479
31937
31523
23335
9388
-6876
-21447
-30723
-32412
-26092
-13322
2743
18132
29038
32759
28371
16955
1338
-14612
-26944
-32596
-30164
-20247
-5304
10958
24501
31960
31477
23169
9099
-7236
-21774
-30894
-32323
-25702
-12676
3510
18824
29446
32724
27837
16000
166
-15711
-27666
-32707
-29572
-19041
-3744
12491
25602
32304
30916
21780
7184
-9215
-23305
-31551
-31880
-24205
-10451
5930
20824
30486
32483
26311
13518
-2679
-18204
-29147
-32749
-28098
-16364
-502
15488
27574
32702
29574
18976
3583
-12717
-25806
-32371
-30748
-21345
-6538
9926
23879
31785
31636
23467
9346
-7147
-21830
-30974
-32254
-25342
-11991
4409
19692
29968
32623
26976
14462
-1736
-17495
-28798
-32764
-28377
-16752
-852
15267
27492
32699
29554
18857
3339
-13034
-26077
-32450
-30520
-20777
-5712
10817
24578
32042
31291
22515
7961
-8637
-23021
-31496
-31881
-24075
-10079
6509
21426
30833
32307
25463
12062
-4448
-19815
-30076
-32585
-26689
-13907
2465
18204
29244
32732
27762
15616
-569
-16610
-28356
-32765
-28692
-17189
-1231
15047
27428
32699
29490
18630
2932
-13528
-26478
-32552
-30168
-19943
-4530
12062
25519
32337
30737
21133
6022
-10659
-24565
-32068
-31208
-22206
-7407
9326
23628
31760
31593
23169
8686
-8070
-22719
-31423
-31903
-24028
-9858
6896
21846
31070
32147
24790
10926
-5807
-21019
-30711
-32336
-25461
-11891
4807
20244
30356
32478
26047
12755
-3899
-19528
-30012
-32581
-26556
-13521
3083
18877
29687
32654
26991
14192
-2362
-18294
-29387
-32703
-27360
-14769
1736
17784
29119
32734
27666
15255
-1206
-17349
-28887
-32752
-27913
-15652
771
16993
28695
32761
28105
15962
-434
-16717
-28547
-32765
-28244
-16186
193
16523
28443
32766
28334
16326
-48
-16412
-28387
-32766
-28374
-16382
0
0
0
0
0
0
0
0
0
0
0
0
0
0
0
0
0
0
0
0
0
0
0
0
0
0
0
0
0
0
0
0
0
0
0
0
0
0
0
0
0
0
0
0
0
0
0
0
0
0
0
0
0
0
0
0
0
0
0
0
0
0
0
0
0
0
0
0
0
0
0
0
0
0
0
0
0
0
0
0
0
0
0
0
0
0
0
0
0
0
0
0
0
0
0
0
0
0
0
0
0
0
0
0
0
0
0
0
0
0
0
0
0
0
0
0
0
0
0
0
0
0
0
0
0
0
0
0
0
0
0
0
0
0
0
0
0
0
0
0
0
0
0
0
0
0
0
0
0
0
0
0
0
0
0
0
0
0
0
0
0
0
0
0
0
0
0
0
0
0
0
0
0
0
0
0
0
0
0
0
0
0
0
0
0
0
0
0
0
0
0
0
0
0
0
0
0
0
0
0
0
0
0
0
0
0
0
0
0
0
0
0
0
0
0
0
0
0
0
0
0
0
0
0
0
0
0
0
0
0
0
0
0
0
0
0
0
0
0
0
0
0
0
0
0
0
0
0
0
0
0
0
0
0
0
0
0
0
0
0
0
0
0
0
0
0
0
0
0
0
0
0
0
0
0
0
0
0
0
0
0
0
0
0
0
0
0
0
0
0
0
0
0
0
0
0
0
0
0
0
0
0
0
0
0
0
0
0
0
0
0
0
0
0
0
0
0
0
0
0
0
0
0
0
0
0
0
0
0
0
0
0
0
0
0
0
0
0
0
0
0
0
0
0
0
0
0
0
0
0
0
0
0
0
0
0
0
0
0
0
0
0
0
0
0
0
0
0
0
0
0
0
0
0
0
0
0
0
0
0
0
0
0
0
0
0
0
0
0
0
0
0
0
0
0
0
0
0
0
0
0
0
0
0
0
0
0
0
0
0
0
0
0
0
0
0
0
0
0
0
0
0
0
0
0
0
0
0
0
0
0
0
0
0
0
0
0
0
0
0
0
0
0
0
0
0
0
0
0
0
0
0
0
0
0
0
0
0
0
0
0
0
0
0
0
0
0
0
0
0
0
0
0
0
0
0
0
0
0
0
0
0
0
0
0
0
0
0
0
0
0
0
0
0
0
0
0
0
0
0
0
0
0
0
0
0
0
0
0
0
0
0
0
0
0
0
0
0
0
0
0
0
0
0
0
0
0
0
0
0
0
0
0
0
0
0
0
0
0
0
0
0
0
0
0
0
0
0
0
0
0
0
0
0
0
0
0
0
0
0
0
0
0
0
0
0
0
0
0
0
0
0
0
0
0
0
0
0
0
0
0
0
0
0
0
0
0
0
0
0
0
0
0
0
0
0
0
0
0
0
0
0
0
0
0
0
0
0
0
0
0
0
0
0
0
0
0
0
0
0
0
0
0
0
0
0
0
0
0
0
0
0
0
0
0
0
0
0
0
0
0
0
0
0
0
0
0
0
0
0
0
0
0
0
0
0
0
0
0
0
0
0
0
0
0
0
0
0
0
0
0
0
0
0
0
0
0
0
0
0
0
0
0
0
0
0
0
0
0
0
0
0
0
0
0
0
0
0
0
0
0
0
0
0
0
0
0
0
0
0
0
0
0
0
0
0
0
0
0
0
0
0
0
0
0
0
0
0
0
0
0
0
0
0
0
0
0
0
0
0
0
0
0
0
0
0
0
0
0
0
0
0
0
0
0
0
0
0
0
0
0
0
0
0
0
0
0
0
0
0
0
0
0
0
0
0
0
0
0
0
0
0
0
0
0
0
0
0
0
0
0
0
0
0
0
0
0
0
0
0
0
0
0
0
0
0
0
0
0
0
0
0
0
0
0
0
0
0
0
0
0
0
0
0
0
0
0
0
0
0
0
0
0
0
0
0
0
0
0
0
0
0
0
0
0
0
0
0
0
0
0
0
0
0
0
0
0
0
0
0
0
0
0
0
0
0
0
0
0
0
0
0
0
0
0
0
0
0
0
0
0
0
0
0
0
0
0
0
0
0
0
0
0
0
0
0
0
0
0
0
0
0
0
0
0
0
0
0
0
0
0
0
0
0
0
0
0
0
0
0
0
0
0
0
0
0
0
0
0
0
0
0
0
0
0
0
0
0
0
0
0
0
0
0
0
0
0
0
0
0
0
0
0
0
0
0
0
0
0
0
16383
15443
12731
8558
3405
-2136
-7430
-11869
-14944
-16303
-15793
-13473
-9612
-4655
828
6210
10873
14285
16058
15992
14099
10599
5897
533
-4879
-9722
-13445
-15626
-16023
-14596
-11514
-7134
-1958
3421
8394
12396
14980
15858
14939
12336
8351
3443
-1830
-6871
-11114
-14085
-15458
-15088
-13028
-9520
-4966
114
5151
9581
12914
14785
14998
13542
10592
6489
1696
-3247
-7794
-11444
-13802
-14620
-13821
-11509
-7953
-3555
1193
5769
9673
12485
13910
13806
12202
9288
5394
953
-3547
-7619
-10829
-12840
-13448
-12603
-10414
-7130
-3116
1190
5326
8852
11399
12707
12652
11253
8675
5203
1215
-2863
-6600
-9605
-11571
-12301
-11732
-9935
-7112
-3567
320
4144
7503
10051
11531
11797
10830
8740
5755
2189
-1581
-5165
-8191
-10348
-11417
-11293
-9996
-7665
-4547
-969
2694
6065
8792
10594
11288
10803
9194
6631
3382
-211
-3774
-6935
-9363
-10807
-11116
-10259
-8329
-5528
-2152
1443
4879
7793
9880
10920
10804
9548
7285
4258
790
-2749
-5985
-8573
-10239
-10809
-10225
-8555
-5983
-2786
687
4065
6985
9136
10291
10334
9268
7218
4413
1163
-2176
-5242
-7707
-9310
-9888
-9391
-7889
-5559
-2666
464
3488
6078
7960
8941
8934
7958
6143
3707
931
-1872
-4394
-6367
-7588
-7947
-7431
-6124
-4199
-1888
537
2807
4676
5954
6524
6356
5504
4096
2319
390
-1465
-3043
-4185
-4790
-4825
-4329
-3397
-2172
-818
495
1619
2441
2893
2964
2689
2146
1442
691
2
-537
-875
-995
-922
-709
-432
-171
0
30
-98
-373
-744
-1135
-1457
-1621
-1555
-1218
-609
224
1196
2184
3047
3646
3861
3613
2880
1701
180
-1523
-3210
-4667
-5692
-6120
-5852
-4864
-3225
-1085
1328
3744
5873
7442
8231
8102
7019
5062
2418
-635
-3758
-6586
-8775
-10039
-10194
-9179
-7065
-4061
-483
3270
6771
9603
11417
11974
11172
9067
5868
1918
-2346
-6441
-9888
-12277
-13310
-12842
-10899
-7677
-3524
1094
5658
9640
12575
14112
14059
12403
9317
5141
345
-4527
-8917
-12318
-14335
-14729
-13448
-10633
-6601
-1812
3185
7821
11563
13983
14806
13941
11493
7748
3142
-1793
-6489
-10410
-13111
-14293
-13834
-11804
-8451
-4178
513
5079
8994
11819
13245
13130
11516
8615
4788
496
-3755
-7474
-10241
-11759
-11882
-10632
-8191
-4878
-1104
2673
6013
8536
9973
10190
9206
7181
4397
1214
-1970
-4772
-6872
-8044
-8189
-7336
-5638
-3345
-773
1742
3887
5408
6143
6041
5160
3660
1775
-219
-2045
-3459
-4284
-4433
-3917
-2840
-1385
215
1714
2883
3547
3607
3057
1982
547
-1025
-2491
-3616
-4209
-4157
-3436
-2123
-382
1548
3397
4890
5789
5930
5247
3784
1696
-768
-3300
-5562
-7237
-8073
-7914
-6726
-4611
-1792
1404
4592
7368
9363
10295
10001
8466
5831
2376
-1504
-5353
-8698
-11117
-12284
-12019
-10309
-7316
-3363
1102
5561
9480
12379
13890
13800
12085
8913
4631
-276
-5245
-9688
-13076
-14993
-15192
-13626
-10455
-6028
-850
4483
9351
13181
15519
16079
14784
11774
7388
2129
-3395
-8545
-12722
-15440
-16383
-15440
-12722
-8545
-3395
2129
7388
11774
14784
16079
15519
13181
9351
4483
-850
-6028
-10455
-13626
-15192
-14993
-13076
-9688
-5245
-276
4631
8913
12085
13800
13890
12379
9480
5561
1102
-3363
-7316
-10309
-12019
-12284
-11117
-8698
-5353
-1504
2376
5831
8466
10001
10295
9363
7368
4592
1404
-1792
-4611
-6726
-7914
-8073
-7237
-5562
-3300
-768
1696
3784
5247
5930
5789
4890
3397
1548
-382
-2123
-3436
-4157
-4209
-3616
-2491
-1025
547
1982
3057
3607
3547
2883
1714
215
-1385
-2840
-3917
-4433
-4284
-3459
-2045
-219
1775
3660
5160
6041
6143
5408
3887
1742
-773
-3345
-5638
-7336
-8189
-8044
-6872
-4772
-1970
1214
4397
7181
9206
10190
9973
8536
6013
2673
-1104
-4878
-8191
-10632
-11882
-11759
-10241
-7474
-3755
496
4788
8615
11516
13130
13245
11819
8994
5079
513
-4178
-8451
-11804
-13834
-14293
-13111
-10410
-6489
-1793
3142
7748
11493
13941
14806
13983
11563
7821
3185
-1812
-6601
-10633
-13448
-14729
-14335
-12318
-8917
-4527
345
5141
9317
12403
14059
14112
12575
9640
5658
1094
-3524
-7677
-10899
-12842
-13310
-12277
-9888
-6441
-2346
1918
5868
9067
11172
11974
11417
9603
6771
3270
-483
-4061
-7065
-9179
-10194
-10039
-8775
-6586
-3758
-635
2418
5062
7019
8102
8231
7442
5873
3744
1328
-1085
-3225
-4864
-5852
-6120
-5692
-4667
-3210
-1523
180
1701
2880
3613
3861
3646
3047
2184
1196
224
-609
-1218
-1555
-1621
-1457
-1135
-744
-373
-98
30
0
-171
-432
-709
-922
-995
-875
-537
2
691
1442
2146
2689
2964
2893
2441
1619
495
-818
-2172
-3397
-4329
-4825
-4790
-4185
-3043
-1465
390
2319
4096
5504
6356
6524
5954
4676
2807
537
-1888
-4199
-6124
-7431
-7947
-7588
-6367
-4394
-1872
931
3707
6143
7958
8934
8941
7960
6078
3488
464
-2666
-5559
-7889
-9391
-9888
-9310
-7707
-5242
-2176
1163
4413
7218
9268
10334
10291
9136
6985
4065
687
-2786
-5983
-8555
-10225
-10809
-10239
-8573
-5985
-2749
790
4258
7285
9548
10804
10920
9880
7793
4879
1443
-2152
-5528
-8329
-10259
-11116
-10807
-9363
-6935
-3774
-211
3382
6631
9194
10803
11288
10594
8792
6065
2694
-969
-4547
-7665
-9996
-11293
-11417
-10348
-8191
-5165
-1581
2189
5755
8740
10830
11797
11531
10051
7503
4144
320
-3567
-7112
-9935
-11732
-12301
-11571
-9605
-6600
-2863
1215
5203
8675
11253
12652
12707
11399
8852
5326
1190
-3116
-7130
-10414
-12603
-13448
-12840
-10829
-7619
-3547
953
5394
9288
12202
13806
13910
12485
9673
5769
1193
-3555
-7953
-11509
-13821
-14620
-13802
-11444
-7794
-3247
1696
6489
10592
13542
14998
14785
12914
9581
5151
114
-4966
-9520
-13028
-15088
-15458
-14085
-11114
-6871
-1830
3443
8351
12336
14939
15858
14980
12396
8394
3421
-1958
-7134
-11514
-14596
-16023
-15626
-13445
-9722
-4879
533
5897
10599
14099
15992
16058
14285
10873
6210
828
-4655
-9612
-13473
-15793
-16303
-14944
-11869
-7430
-2136
3405
8558
12731
15443
0
0
0
0
0
0
0
0
0
0
0
0
0
0
0
0
0
0
0
0
0
0
0
0
0
0
0
0
0
0
0
0
0
0
0
0
0
0
0
0
0
0
0
0
0
0
0
0
0
0
0
0
0
0
0
0
0
0
0
0
0
0
0
0
0
0
0
-16383
-15388
-12525
-8141
-2771
2930
8271
12602
15398
16319
15257
12344
7937
2575
-3086
-8360
-12604
-15304
-16136
-15003
-12049
-7638
-2312
3275
8444
12566
15141
15860
14643
11645
7238
1966
-3522
-8558
-12527
-14947
-15529
-14209
-11156
-6750
-1536
3843
8729
12524
14768
15191
13748
10622
6204
1040
-4232
-8966
-12583
-14640
-14891
-13309
-10095
-5647
-515
4667
9264
12713
14591
14671
12946
9631
5136
14
-5105
-9594
-12903
-14627
-14556
-12699
-9285
-4732
402
5490
9910
13123
14737
14554
12595
9100
4493
-666
-5753
-10149
-13321
-14884
-14649
-12642
-9105
-4465
719
5826
10239
13429
15014
14802
12819
9304
4675
-513
-5643
-10106
-13371
-15052
-14951
-13084
-9674
-5126
19
5157
9683
13067
14916
15018
13368
10166
5792
760
-4341
-8919
-12447
-14522
-14913
-13586
-10707
-6618
-1797
3195
7787
11457
13794
14546
13642
11204
7523
3031
-1753
-6289
-10069
-12676
-13836
-13438
-11551
-8406
-4374
82
4463
8285
11136
12719
12885
11642
9154
5717
1725
-2377
-6143
-9175
-11161
-11914
-11381
-9650
-6936
-3550
133
3718
6831
9160
10482
10689
9789
7906
5260
2143
-1115
-4182
-6753
-8586
-9518
-9482
-8509
-6720
-4311
-1534
1334
4016
6258
7857
8675
8651
7804
6228
4081
1572
-1060
-3573
-5734
-7347
-8265
-8405
-7755
-6374
-4387
-1974
642
3222
5522
7323
8448
8778
8267
6948
4930
2392
-429
-3268
-5844
-7899
-9213
-9636
-9103
-7640
-5370
-2501
691
3890
6766
9016
10389
10720
9946
8120
5406
2066
-1563
-5108
-8191
-10475
-11699
-11710
-10480
-8114
-4841
-995
3024
6789
9890
11983
12824
12303
10454
7458
3621
-651
-4906
-8681
-11561
-13224
-13477
-12278
-9745
-6139
-1844
2678
6939
10474
12894
13932
13468
11546
8372
4286
-268
-4798
-8811
-11871
-13647
-13946
-12740
-10162
-6496
-2143
2421
6703
10239
12652
13687
13243
11379
8309
4374
9
-4313
-8127
-11028
-12715
-13023
-11936
-9592
-6259
-2310
1823
5696
8901
11107
12099
11794
10250
7657
4310
580
-3130
-6431
-8986
-10544
-10967
-10239
-8467
-5864
-2723
615
3801
6509
8475
9519
9565
8639
6866
4454
1668
-1198
-3856
-6045
-7565
-8288
-8171
-7256
-5661
-3567
-1195
1216
3433
5252
6512
7116
7028
6280
4966
3224
1229
-827
-2755
-4384
-5573
-6226
-6297
-5792
-4767
-3322
-1594
259
2071
3681
4945
5751
6027
5749
4940
3672
2058
244
-1604
-3315
-4727
-5704
-6146
-6004
-5282
-4040
-2389
-483
1495
3352
4903
5987
6488
6345
5562
4207
2409
344
-1779
-3744
-5347
-6415
-6832
-6545
-5577
-4022
-2037
173
2377
4342
5859
6765
6959
6420
5201
3433
1302
-961
-3117
-4933
-6215
-6827
-6707
-5871
-4415
-2502
-341
1830
3778
5293
6217
6459
6003
4910
3311
1389
-638
-2550
-4139
-5241
-5747
-5620
-4890
-3656
-2070
-317
1405
2909
4037
4682
4792
4379
3513
2312
925
-482
-1756
-2760
-3401
-3629
-3448
-2905
-2090
-1116
-106
820
1565
2060
2272
2208
1905
1431
865
293
-211
-590
-813
-876
-798
-624
-405
-198
-52
0
-52
-198
-405
-624
-798
-876
-813
-590
-211
293
865
1431
1905
2208
2272
2060
1565
820
-106
-1116
-2090
-2905
-3448
-3629
-3401
-2760
-1756
-482
925
2312
3513
4379
4792
4682
4037
2909
1405
-317
-2070
-3656
-4890
-5620
-5747
-5241
-4139
-2550
-638
1389
3311
4910
6003
6459
6217
5293
3778
1830
-341
-2502
-4415
-5871
-6707
-6827
-6215
-4933
-3117
-961
1302
3433
5201
6420
6959
6765
5859
4342
2377
173
-2037
-4022
-5577
-6545
-6832
-6415
-5347
-3744
-1779
344
2409
4207
5562
6345
6488
5987
4903
3352
1495
-483
-2389
-4040
-5282
-6004
-6146
-5704
-4727
-3315
-1604
244
2058
3672
4940
5749
6027
5751
4945
3681
2071
259
-1594
-3322
-4767
-5792
-6297
-6226
-5573
-4384
-2755
-827
1229
3224
4966
6280
7028
7116
6512
5252
3433
1216
-1195
-3567
-5661
-7256
-8171
-8288
-7565
-6045
-3856
-1198
1668
4454
6866
8639
9565
9519
8475
6509
3801
615
-2723
-5864
-8467
-10239
-10967
-10544
-8986
-6431
-3130
580
4310
7657
10250
11794
12099
11107
8901
5696
1823
-2310
-6259
-9592
-11936
-13023
-12715
-11028
-8127
-4313
9
4374
8309
11379
13243
13687
12652
10239
6703
2421
-2143
-6496
-10162
-12740
-13946
-13647
-11871
-8811
-4798
-268
4286
8372
11546
13468
13932
12894
10474
6939
2678
-1844
-6139
-9745
-12278
-13477
-13224
-11561
-8681
-4906
-651
3621
7458
10454
12303
12824
11983
9890
6789
3024
-995
-4841
-8114
-10480
-11710
-11699
-10475
-8191
-5108
-1563
2066
5406
8120
9946
10720
10389
9016
6766
3890
691
-2501
-5370
-7640
-9103
-9636
-9213
-7899
-5844
-3268
-429
2392
4930
6948
8267
8778
8448
7323
5522
3222
642
-1974
-4387
-6374
-7755
-8405
-8265
-7347
-5734
-3573
-1060
1572
4081
6228
7804
8651
8675
7857
6258
4016
1334
-1534
-4311
-6720
-8509
-9482
-9518
-8586
-6753
-4182
-1115
2143
5260
7906
9789
10689
10482
9160
6831
3718
133
-3550
-6936
-9650
-11381
-11914
-11161
-9175
-6143
-2377
1725
5717
9154
11642
12885
12719
11136
8285
4463
82
-4374
-8406
-11551
-13438
-13836
-12676
-10069
-6289
-1753
3031
7523
11204
13642
14546
13794
11457
7787
3195
-1797
-6618
-10707
-13586
-14913
-14522
-12447
-8919
-4341
760
5792
10166
13368
15018
14916
13067
9683
5157
19
-5126
-9674
-13084
-14951
-15052
-13371
-10106
-5643
-513
4675
9304
12819
14802
15014
13429
10239
5826
719
-4465
-9105
-12642
-14649
-14884
-13321
-10149
-5753
-666
4493
9100
12595
14554
14737
13123
9910
5490
402
-4732
-9285
-12699
-14556
-14627
-12903
-9594
-5105
14
5136
9631
12946
14671
14591
12713
9264
4667
-515
-5647
-10095
-13309
-14891
-14640
-12583
-8966
-4232
1040
6204
10622
13748
15191
14768
12524
8729
3843
-1536
-6750
-11156
-14209
-15529
-14947
-12527
-8558
-3522
1966
7238
11645
14643
15860
15141
12566
8444
3275
-2312
-7638
-12049
-15003
-16136
-15304
-12604
-8360
-3086
2575
7937
12344
15257
16319
15398
12602
8271
2930
-2771
-8141
-12525
-15388
0
0
0
0
0
0
0
0
0
0
0
0
0
0
0
0
0
0
0
0
0
0
0
0
0
0
0
0
0
0
0
0
0
0
0
0
0
0
0
0
0
0
0
0
0
0
0
0
0
0
0
0
0
0
0
0
0
0
0
0
0
0
0
0
0
0
0
-16383
-15493
-12923
-8954
-4022
1330
6520
10981
14231
15923
15883
14129
10863
6455
1394
-3765
-8463
-12197
-14575
-15360
-14490
-12083
-8423
-3926
912
5568
9545
12433
13948
13958
12497
9755
6054
1809
-2517
-6470
-9645
-11732
-12549
-12049
-10327
-7602
-4188
-459
3192
6399
8854
10339
10744
10074
8439
6041
3147
60
-2914
-5497
-7462
-8652
-8992
-8490
-7230
-5359
-3071
-585
1872
4093
5894
7140
7744
7673
6951
5648
3881
1795
-438
-2640
-4630
-6245
-7346
-7830
-7643
-6778
-5289
-3282
-912
1621
4097
6284
7964
8954
9123
8415
6854
4550
1697
-1447
-4579
-7377
-9539
-10809
-11015
-10084
-8064
-5120
-1524
2367
6150
9415
11787
12978
12813
11261
8442
4620
181
-4408
-8649
-12063
-14248
-14928
-13984
-11477
-7645
-2880
2310
7358
11697
14825
16368
16118
14070
10417
5540
-33
-5690
-10793
-14760
-17126
-17601
-16106
-12783
-7987
-2241
3812
9492
14151
17249
18423
17522
14634
10073
4348
-1896
-7952
-13126
-16826
-18623
-18306
-15905
-11691
-6143
104
6336
11838
15979
18285
18492
16582
12778
7523
1429
-4799
-10443
-14853
-17526
-18161
-16698
-13318
-8427
-2602
3472
9089
13598
16483
17424
16328
13344
8838
3355
-2452
-7901
-12355
-15302
-16413
-15581
-12927
-8788
-3673
1799
6976
11247
14118
15267
14581
12169
8344
3584
-1525
-6368
-10366
-13051
-14118
-13464
-11193
-7605
-3154
1606
6094
9766
12187
13079
12355
10126
6687
2476
-1979
-6128
-9462
-11580
-12235
-11364
-9091
-5714
-1661
2554
6410
9430
11244
11638
10572
8191
4800
828
-3225
-6856
-9614
-11157
-11299
-10027
-7503
-4046
-86
3881
7364
9931
11263
11197
9739
7071
3521
-471
-4417
-7828
-10285
-11484
-11276
-9685
-6903
-3266
780
4747
8150
10575
11726
11462
9811
6973
3286
-805
-4811
-8249
-10708
-11893
-11661
-10041
-7226
-3551
545
4579
8071
10609
11895
11782
10285
7586
4005
-34
-4056
-7591
-10228
-11664
-11738
-10452
-7963
-4568
-669
3278
6818
9545
11151
11463
10459
8267
5153
1486
-2307
-5792
-8573
-10343
-10914
-10239
-8415
-5667
-2323
1227
4578
7355
9253
10076
9753
8343
6029
3090
-129
-3261
-5958
-7928
-8969
-8988
-8011
-6174
-3704
-893
1935
4468
6435
7636
7963
7408
6062
4099
1758
-692
-2981
-4863
-6149
-6723
-6551
-5681
-4237
-2399
-382
1588
3304
4593
5338
5485
5048
4103
2776
1225
-373
-1851
-3061
-3892
-4279
-4209
-3716
-2876
-1795
-598
587
1644
2475
3014
3228
3117
2715
2080
1289
427
-420
-1177
-1780
-2185
-2371
-2335
-2096
-1687
-1153
-548
73
661
1167
1555
1799
1883
1807
1582
1229
779
270
-255
-752
-1181
-1504
-1693
-1731
-1613
-1349
-961
-482
41
564
1034
1406
1644
1722
1633
1382
996
512
-21
-550
-1020
-1382
-1600
-1653
-1535
-1261
-862
-382
127
612
1021
1312
1457
1444
1281
989
604
173
-256
-637
-931
-1110
-1160
-1084
-897
-628
-312
10
304
538
690
750
722
618
459
273
85
-79
-202
-274
-292
-266
-207
-134
-65
-17
0
-17
-65
-134
-207
-266
-292
-274
-202
-79
85
273
459
618
722
750
690
538
304
10
-312
-628
-897
-1084
-1160
-1110
-931
-637
-256
173
604
989
1281
1444
1457
1312
1021
612
127
-382
-862
-1261
-1535
-1653
-1600
-1382
-1020
-550
-21
512
996
1382
1633
1722
1644
1406
1034
564
41
-482
-961
-1349
-1613
-1731
-1693
-1504
-1181
-752
-255
270
779
1229
1582
1807
1883
1799
1555
1167
661
73
-548
-1153
-1687
-2096
-2335
-2371
-2185
-1780
-1177
-420
427
1289
2080
2715
3117
3228
3014
2475
1644
587
-598
-1795
-2876
-3716
-4209
-4279
-3892
-3061
-1851
-373
1225
2776
4103
5048
5485
5338
4593
3304
1588
-382
-2399
-4237
-5681
-6551
-6723
-6149
-4863
-2981
-692
1758
4099
6062
7408
7963
7636
6435
4468
1935
-893
-3704
-6174
-8011
-8988
-8969
-7928
-5958
-3261
-129
3090
6029
8343
9753
10076
9253
7355
4578
1227
-2323
-5667
-8415
-10239
-10914
-10343
-8573
-5792
-2307
1486
5153
8267
10459
11463
11151
9545
6818
3278
-669
-4568
-7963
-10452
-11738
-11664
-10228
-7591
-4056
-34
4005
7586
10285
11782
11895
10609
8071
4579
545
-3551
-7226
-10041
-11661
-11893
-10708
-8249
-4811
-805
3286
6973
9811
11462
11726
10575
8150
4747
780
-3266
-6903
-9685
-11276
-11484
-10285
-7828
-4417
-471
3521
7071
9739
11197
11263
9931
7364
3881
-86
-4046
-7503
-10027
-11299
-11157
-9614
-6856
-3225
828
4800
8191
10572
11638
11244
9430
6410
2554
-1661
-5714
-9091
-11364
-12235
-11580
-9462
-6128
-1979
2476
6687
10126
12355
13079
12187
9766
6094
1606
-3154
-7605
-11193
-13464
-14118
-13051
-10366
-6368
-1525
3584
8344
12169
14581
15267
14118
11247
6976
1799
-3673
-8788
-12927
-15581
-16413
-15302
-12355
-7901
-2452
3355
8838
13344
16328
17424
16483
13598
9089
3472
-2602
-8427
-13318
-16698
-18161
-17526
-14853
-10443
-4799
1429
7523
12778
16582
18492
18285
15979
11838
6336
104
-6143
-11691
-15905
-18306
-18623
-16826
-13126
-7952
-1896
4348
10073
14634
17522
18423
17249
14151
9492
3812
-2241
-7987
-12783
-16106
-17601
-17126
-14760
-10793
-5690
-33
5540
10417
14070
16118
16368
14825
11697
7358
2310
-2880
-7645
-11477
-13984
-14928
-14248
-12063
-8649
-4408
181
4620
8442
11261
12813
12978
11787
9415
6150
2367
-1524
-5120
-8064
-10084
-11015
-10809
-9539
-7377
-4579
-1447
1697
4550
6854
8415
9123
8954
7964
6284
4097
1621
-912
-3282
-5289
-6778
-7643
-7830
-7346
-6245
-4630
-2640
-438
1795
3881
5648
6951
7673
7744
7140
5894
4093
1872
-585
-3071
-5359
-7230
-8490
-8992
-8652
-7462
-5497
-2914
60
3147
6041
8439
10074
10744
10339
8854
6399
3192
-459
-4188
-7602
-10327
-12049
-12549
-11732
-9645
-6470
-2517
1809
6054
9755
12497
13958
13948
12433
9545
5568
912
-3926
-8423
-12083
-14490
-15360
-14575
-12197
-8463
-3765
1394
6455
10863
14129
15883
15923
14231
10981
6520
1330
-4022
-8954
-12923
-15493
0
0
0
0
0
0
0
0
0
0
0
0
0
0
0
0
0
0
0
0
0
0
0
0
0
0
0
0
0
0
0
0
0
0
0
0
0
0
0
0
0
0
0
0
0
0
0
0
0
0
0
0
0
0
0
0
0
0
0
0
0
0
0
0
0
0
0
-24575
-23234
-19358
-13373
-5937
2136
9961
16684
21571
24094
23985
21264
16239
9470
1702
-6210
-13405
-19100
-22685
-23783
-22290
-18390
-12524
-5348
2348
9722
15976
20441
22650
22387
19706
14924
8585
1393
-5862
-12396
-17511
-20673
-21566
-20126
-16543
-11234
-4797
2056
8583
14085
17990
19903
19655
17310
13158
7676
1475
-4766
-10382
-14785
-17529
-18357
-17219
-14279
-9888
-4543
1167
6629
11271
14620
16352
16324
14580
11346
6998
2021
-3046
-7670
-11379
-13806
-14734
-14103
-12021
-8744
-4644
-170
4202
8025
10916
12603
12946
11945
9743
6600
2864
-1062
-4772
-7892
-10120
-11253
-11206
-10018
-7842
-4927
-1591
1815
4944
7486
9200
9935
9643
8382
6306
3646
688
-2261
-4904
-6982
-8298
-8740
-8286
-7004
-5045
-2624
0
2557
4790
6478
7464
7665
7078
5784
3932
1725
-600
-2804
-4661
-5988
-6663
-6631
-5914
-4603
-2852
-855
1172
3016
4489
5444
5797
5528
4683
3371
1748
-2
-1688
-3129
-4177
-4733
-4754
-4258
-3321
-2065
-641
782
2047
3018
3598
3741
3451
2786
1843
749
-358
-1345
-2100
-2543
-2641
-2403
-1881
-1163
-355
427
1080
1519
1696
1601
1262
744
135
-464
-957
-1263
-1333
-1151
-742
-167
483
1107
1600
1872
1863
1552
961
156
-760
-1665
-2427
-2926
-3069
-2807
-2145
-1139
102
1434
2687
3694
4308
4424
3996
3043
1654
-24
-1801
-3461
-4794
-5618
-5808
-5310
-4151
-2441
-362
1850
3938
5643
6749
7099
6624
5352
3406
995
-1608
-4105
-6195
-7619
-8191
-7821
-6528
-4441
-1786
1135
3988
6436
8182
9009
8801
7566
5430
2630
-516
-3646
-6392
-8428
-9507
-9491
-8371
-6267
-3417
-147
3160
6120
8383
9679
9852
8876
6863
4045
753
-2627
-5700
-8102
-9551
-9877
-9045
-7154
-4432
-1203
2147
5224
7663
9179
9597
8876
7110
4519
1420
-1812
-4790
-7159
-8641
-9067
-8400
-6733
-4280
-1349
1696
4486
6683
8027
8367
7677
6056
3720
969
-1849
-4383
-6322
-7432
-7588
-6786
-5141
-2876
-287
2289
4527
6143
6938
6821
5818
4070
1812
-654
-3006
-4936
-6192
-6614
-6151
-4866
-2933
-610
1793
3958
5595
6484
6503
5643
4013
1824
-636
-3045
-5079
-6463
-7004
-6617
-5339
-3324
-824
1838
4318
6286
7474
7710
6944
5255
2841
0
-2912
-5522
-7488
-8545
-8536
-7441
-5375
-2579
608
3794
6576
8597
9587
9403
8044
5658
2521
-988
-4445
-7418
-9533
-10514
-10223
-8675
-6041
-2629
1154
4851
8010
10237
11250
10912
9248
6448
2840
-1146
-5030
-8341
-10674
-11738
-11398
-9684
-6797
-3079
1025
5023
8431
10837
11948
11628
9914
7010
3266
-866
-4890
-8321
-10745
-11874
-11575
-9888
-7021
-3326
747
4706
8073
10445
11541
11238
9583
6787
3198
-740
-4548
-7763
-10001
-10997
-10646
-9003
-6286
-2838
908
4489
7469
9487
10309
9847
8178
5525
2229
-1288
-4589
-7262
-8985
-9553
-8913
-7163
-4538
-1382
1897
4884
7202
8565
8811
7923
6028
3381
331
-2724
-5391
-7327
-8288
-8157
-6959
-4856
-2129
863
3730
6095
7649
8191
7649
6095
3730
863
-2129
-4856
-6959
-8157
-8288
-7327
-5391
-2724
331
3381
6028
7923
8811
8565
7202
4884
1897
-1382
-4538
-7163
-8913
-9553
-8985
-7262
-4589
-1288
2229
5525
8178
9847
10309
9487
7469
4489
908
-2838
-6286
-9003
-10646
-10997
-10001
-7763
-4548
-740
3198
6787
9583
11238
11541
10445
8073
4706
747
-3326
-7021
-9888
-11575
-11874
-10745
-8321
-4890
-866
3266
7010
9914
11628
11948
10837
8431
5023
1025
-3079
-6797
-9684
-11398
-11738
-10674
-8341
-5030
-1146
2840
6448
9248
10912
11250
10237
8010
4851
1154
-2629
-6041
-8675
-10223
-10514
-9533
-7418
-4445
-988
2521
5658
8044
9403
9587
8597
6576
3794
608
-2579
-5375
-7441
-8536
-8545
-7488
-5522
-2912
0
2841
5255
6944
7710
7474
6286
4318
1838
-824
-3324
-5339
-6617
-7004
-6463
-5079
-3045
-636
1824
4013
5643
6503
6484
5595
3958
1793
-610
-2933
-4866
-6151
-6614
-6192
-4936
-3006
-654
1812
4070
5818
6821
6938
6143
4527
2289
-287
-2876
-5141
-6786
-7588
-7432
-6322
-4383
-1849
969
3720
6056
7677
8367
8027
6683
4486
1696
-1349
-4280
-6733
-8400
-9067
-8641
-7159
-4790
-1812
1420
4519
7110
8876
9597
9179
7663
5224
2147
-1203
-4432
-7154
-9045
-9877
-9551
-8102
-5700
-2627
753
4045
6863
8876
9852
9679
8383
6120
3160
-147
-3417
-6267
-8371
-9491
-9507
-8428
-6392
-3646
-516
2630
5430
7566
8801
9009
8182
6436
3988
1135
-1786
-4441
-6528
-7821
-8191
-7619
-6195
-4105
-1608
995
3406
5352
6624
7099
6749
5643
3938
1850
-362
-2441
-4151
-5310
-5808
-5618
-4794
-3461
-1801
-24
1654
3043
3996
4424
4308
3694
2687
1434
102
-1139
-2145
-2807
-3069
-2926
-2427
-1665
-760
156
961
1552
1863
1872
1600
1107
483
-167
-742
-1151
-1333
-1263
-957
-464
135
744
1262
1601
1696
1519
1080
427
-355
-1163
-1881
-2403
-2641
-2543
-2100
-1345
-358
749
1843
2786
3451
3741
3598
3018
2047
782
-641
-2065
-3321
-4258
-4754
-4733
-4177
-3129
-1688
-2
1748
3371
4683
5528
5797
5444
4489
3016
1172
-855
-2852
-4603
-5914
-6631
-6663
-5988
-4661
-2804
-600
1725
3932
5784
7078
7665
7464
6478
4790
2557
0
-2624
-5045
-7004
-8286
-8740
-8298
-6982
-4904
-2261
688
3646
6306
8382
9643
9935
9200
7486
4944
1815
-1591
-4927
-7842
-10018
-11206
-11253
-10120
-7892
-4772
-1062
2864
6600
9743
11945
12946
12603
10916
8025
4202
-170
-4644
-8744
-12021
-14103
-14734
-13806
-11379
-7670
-3046
2021
6998
11346
14580
16324
16352
14620
11271
6629
1167
-4543
-9888
-14279
-17219
-18357
-17529
-14785
-10382
-4766
1475
7676
13158
17310
19655
19903
17990
14085
8583
2056
-4797
-11234
-16543
-20126
-21566
-20673
-17511
-12396
-5862
1393
8585
14924
19706
22387
22650
20441
15976
9722
2348
-5348
-12524
-18390
-22290
-23783
-22685
-19100
-13405
-6210
1702
9470
16239
21264
23985
24094
21571
16684
9961
2136
-5937
-13373
-19358
-23234
0
0
0
0
0
0
0
0
0
0
0
0
0
0
0
0
0
0
0
0
0
0
0
0
0
0
0
0
0
0
0
0
0
0
0
0
0
0
0
0
0
0
0
0
0
0
0
0
0
0
0
0
0
0
0
0
0
0
0
0
0
0
0
0
0
0
0
0
88
334
681
1044
1328
1443
1317
918
258
-603
-1566
-2497
-3252
-3695
-3719
-3266
-2339
-1007
597
2297
3881
5138
5881
5975
5358
4054
2173
-92
-2493
-4747
-6573
-7729
-8040
-7425
-5912
-3639
-841
2173
5060
7473
9111
9754
9293
7746
5257
2090
-1406
-4836
-7799
-9940
-10992
-10808
-9385
-6862
-3508
302
4141
7566
10177
11664
11842
10675
8285
4933
994
-3083
-6837
-9834
-11731
-12305
-11489
-9373
-6197
-2324
1805
5720
8976
11206
12160
11738
9998
7147
3518
-468
-4357
-7709
-10151
-11418
-11384
-10073
-7656
-4425
-761
2910
6176
8675
10142
10437
9558
7634
4915
1730
-1545
-4537
-6918
-8440
-8962
-8463
-7042
-4898
-2306
419
2963
5045
6453
7063
6851
5888
4332
2399
335
-1611
-3226
-4348
-4886
-4827
-4233
-3224
-1961
-624
617
1621
2294
2593
2534
2180
1630
997
396
-79
-369
-455
-358
-137
127
346
438
346
51
-427
-1026
-1652
-2191
-2528
-2568
-2247
-1556
-537
712
2047
3298
4286
4850
4872
4295
3136
1491
-476
-2546
-4471
-6002
-6925
-7088
-6421
-4956
-2822
-238
2511
5106
7230
8611
9051
8457
6858
4402
1344
-1979
-5188
-7904
-9795
-10615
-10239
-8676
-6077
-2716
1034
4752
8005
10410
11671
11623
10248
7684
4205
200
-3880
-7568
-10436
-12148
-12497
-11431
-9060
-5648
-1577
2690
6669
9905
12026
12791
12111
10064
6884
2935
-1330
-5427
-8892
-11334
-12483
-12218
-10581
-7770
-4115
-40
3988
7515
10147
11600
11729
10540
8191
4971
1259
-2512
-5917
-8579
-10216
-10667
-9913
-8073
-5387
-2183
1160
4260
6775
8442
9103
8723
7386
5285
2691
-80
-2705
-4895
-6421
-7147
-7035
-6147
-4631
-2700
-604
1404
3101
4314
4941
4958
4418
3436
2172
807
-481
-1546
-2282
-2640
-2626
-2300
-1756
-1112
-483
29
359
480
407
196
-74
-311
-430
-369
-100
362
961
1603
2174
2555
2643
2368
1708
700
-563
-1941
-3259
-4331
-4987
-5094
-4581
-3454
-1797
227
2398
4458
6143
7220
7513
6934
5496
3318
617
-2312
-5134
-7506
-9123
-9756
-9281
-7704
-5161
-1908
1701
5261
8351
10592
11693
11483
9942
7206
3552
-623
-4852
-8647
-11557
-13221
-13414
-12075
-9322
-5436
-839
3956
8404
11985
14271
14974
13984
11382
7437
2579
-2651
-7663
-11879
-14807
-16094
-15570
-13271
-9436
-4485
1032
6493
11276
14829
16736
16765
14895
11323
6440
792
-4986
-10239
-14369
-16898
-17532
-16188
-13008
-8343
-2717
3238
8850
13481
16605
17864
17110
14425
10108
4644
-1350
-7199
-12242
-15908
-17783
-17654
-15538
-11671
-6493
-587
5378
10733
14872
17331
17836
16333
12996
8203
2499
-3472
-9038
-13573
-16569
-17693
-16825
-14068
-9738
-4328
1549
7233
12084
15559
17274
17042
14895
11083
6041
339
-5379
-10471
-14368
-16636
-17026
-15502
-12243
-7621
-2160
3522
8790
13051
15831
16823
15922
13236
9072
3902
-1690
-7076
-11651
-14904
-16475
-16190
-14087
-10406
-5564
-108
5350
10196
13889
16014
16337
14822
11643
7159
1874
-3617
-8700
-12801
-15462
-16383
-15462
-12801
-8700
-3617
1874
7159
11643
14822
16337
16014
13889
10196
5350
-108
-5564
-10406
-14087
-16190
-16475
-14904
-11651
-7076
-1690
3902
9072
13236
15922
16823
15831
13051
8790
3522
-2160
-7621
-12243
-15502
-17026
-16636
-14368
-10471
-5379
339
6041
11083
14895
17042
17274
15559
12084
7233
1549
-4328
-9738
-14068
-16825
-17693
-16569
-13573
-9038
-3472
2499
8203
12996
16333
17836
17331
14872
10733
5378
-587
-6493
-11671
-15538
-17654
-17783
-15908
-12242
-7199
-1350
4644
10108
14425
17110
17864
16605
13481
8850
3238
-2717
-8343
-13008
-16188
-17532
-16898
-14369
-10239
-4986
792
6440
11323
14895
16765
16736
14829
11276
6493
1032
-4485
-9436
-13271
-15570
-16094
-14807
-11879
-7663
-2651
2579
7437
11382
13984
14974
14271
11985
8404
3956
-839
-5436
-9322
-12075
-13414
-13221
-11557
-8647
-4852
-623
3552
7206
9942
11483
11693
10592
8351
5261
1701
-1908
-5161
-7704
-9281
-9756
-9123
-7506
-5134
-2312
617
3318
5496
6934
7513
7220
6143
4458
2398
227
-1797
-3454
-4581
-5094
-4987
-4331
-3259
-1941
-563
700
1708
2368
2643
2555
2174
1603
961
362
-100
-369
-430
-311
-74
196
407
480
359
29
-483
-1112
-1756
-2300
-2626
-2640
-2282
-1546
-481
807
2172
3436
4418
4958
4941
4314
3101
1404
-604
-2700
-4631
-6147
-7035
-7147
-6421
-4895
-2705
-80
2691
5285
7386
8723
9103
8442
6775
4260
1160
-2183
-5387
-8073
-9913
-10667
-10216
-8579
-5917
-2512
1259
4971
8191
10540
11729
11600
10147
7515
3988
-40
-4115
-7770
-10581
-12218
-12483
-11334
-8892
-5427
-1330
2935
6884
10064
12111
12791
12026
9905
6669
2690
-1577
-5648
-9060
-11431
-12497
-12148
-10436
-7568
-3880
200
4205
7684
10248
11623
11671
10410
8005
4752
1034
-2716
-6077
-8676
-10239
-10615
-9795
-7904
-5188
-1979
1344
4402
6858
8457
9051
8611
7230
5106
2511
-238
-2822
-4956
-6421
-7088
-6925
-6002
-4471
-2546
-476
1491
3136
4295
4872
4850
4286
3298
2047
712
-537
-1556
-2247
-2568
-2528
-2191
-1652
-1026
-427
51
346
438
346
127
-137
-358
-455
-369
-79
396
997
1630
2180
2534
2593
2294
1621
617
-624
-1961
-3224
-4233
-4827
-4886
-4348
-3226
-1611
335
2399
4332
5888
6851
7063
6453
5045
2963
419
-2306
-4898
-7042
-8463
-8962
-8440
-6918
-4537
-1545
1730
4915
7634
9558
10437
10142
8675
6176
2910
-761
-4425
-7656
-10073
-11384
-11418
-10151
-7709
-4357
-468
3518
7147
9998
11738
12160
11206
8976
5720
1805
-2324
-6197
-9373
-11489
-12305
-11731
-9834
-6837
-3083
994
4933
8285
10675
11842
11664
10177
7566
4141
302
-3508
-6862
-9385
-10808
-10992
-9940
-7799
-4836
-1406
2090
5257
7746
9293
9754
9111
7473
5060
2173
-841
-3639
-5912
-7425
-8040
-7729
-6573
-4747
-2493
-92
2173
4054
5358
5975
5881
5138
3881
2297
597
-1007
-2339
-3266
-3719
-3695
-3252
-2497
-1566
-603
258
918
1317
1443
1328
1044
681
334
88
0
0
0
0
0
0
0
0
0
0
0
0
0
0
0
0
0
0
0
0
0
0
0
0
0
0
0
0
0
0
0
0
0
0
0
0
0
0
0
0
0
0
0
0
0
0
0
0
0
0
0
0
0
0
0
0
0
0
0
0
0
0
0
0
0
0
0
-8191
-7688
-6237
-4016
-1291
1606
4324
6530
7952
8410
7840
6300
3967
1115
-1915
-4761
-7074
-8566
-9043
-8430
-6783
-4280
-1208
2076
5183
7737
9422
10017
9429
7702
5016
1669
-1958
-5443
-8371
-10383
-11222
-10762
-9027
-6190
-2559
1461
5410
8826
11298
12517
12314
10679
7769
3892
-523
-4982
-8968
-12013
-13746
-13939
-12538
-9669
-5633
-867
4095
8693
12392
14751
15477
14455
11771
7699
2678
-2735
-7934
-12323
-15390
-16766
-16267
-13921
-9966
-4825
935
6673
11738
15549
17659
17807
15952
12279
7183
1221
-4942
-10615
-15155
-18037
-18922
-17693
-14469
-9597
-3612
2821
8983
14180
17822
19491
18989
16361
11894
6080
-434
-6920
-12651
-16984
-19430
-19712
-17797
-13898
-8450
-2063
4547
10644
15544
18705
19776
18645
15447
10545
4495
-2022
-8278
-13577
-17334
-19143
-18815
-16405
-12200
-6683
-481
5709
11200
15389
17827
18264
16679
13276
8458
2780
-3113
-8567
-12984
-15895
-17003
-16222
-13674
-9678
-4705
673
5855
10274
13461
15096
15040
13343
10239
6109
1435
-3250
-7436
-10678
-12655
-13193
-12286
-10086
-6882
-3063
929
4656
7724
9829
10790
10556
9214
6963
4095
951
-2116
-4785
-6796
-7978
-8259
-7673
-6343
-4463
-2273
-23
2047
3746
4932
5538
5562
5063
4150
2960
1638
325
-863
-1843
-2566
-3019
-3216
-3191
-2986
-2645
-2203
-1684
-1104
-469
213
934
1669
2379
3010
3494
3760
3740
3384
2671
1619
289
-1214
-2752
-4160
-5268
-5923
-6005
-5452
-4267
-2530
-392
1936
4208
6161
7553
8191
7957
6827
4880
2293
-672
-3696
-6439
-8576
-9838
-10045
-9133
-7163
-4322
-902
2724
6153
8987
10886
11609
11042
9216
6310
2630
-1421
-5391
-8827
-11325
-12587
-12447
-10899
-8099
-4349
-62
4277
8177
11190
12963
13284
12105
9551
5903
1572
-2951
-7154
-10555
-12767
-13535
-12771
-10562
-7162
-2960
1562
5890
9529
12068
13224
12874
11067
8022
4095
-254
-4528
-8239
-10969
-12417
-12437
-11044
-8418
-4880
-848
3207
6822
9590
11210
11519
10511
8328
5249
1648
-2047
-5411
-8063
-9718
-10213
-9524
-7767
-5177
-2081
1145
4123
6517
8068
8628
8169
6786
4677
2121
-562
-3053
-5066
-6384
-6886
-6552
-5466
-3797
-1777
329
2264
3801
4776
5105
4788
3907
2611
1092
-439
-1786
-2787
-3335
-3393
-2990
-2218
-1212
-135
854
1616
2053
2122
1835
1260
504
-297
-1009
-1512
-1722
-1602
-1170
-493
319
1136
1818
2246
2335
2047
1404
481
-601
-1690
-2626
-3262
-3485
-3237
-2523
-1411
-32
1444
2822
3913
4557
4644
4136
3071
1560
-221
-2056
-3711
-4969
-5654
-5659
-4958
-3616
-1780
336
2476
4375
5789
6530
6487
5647
4095
2006
-373
-2757
-4852
-6394
-7183
-7110
-6169
-4460
-2183
391
2954
5188
6818
7635
7531
6509
4683
2270
-439
-3116
-5434
-7105
-7920
-7772
-6675
-4757
-2248
547
3286
5635
7301
8078
7868
6693
4694
2114
-729
-3489
-5824
-7446
-8155
-7860
-6598
-4522
-1887
981
3731
6021
7570
8184
7788
6430
4278
1596
-1282
-4002
-6229
-7685
-8191
-7685
-6229
-4002
-1282
1596
4278
6430
7788
8184
7570
6021
3731
981
-1887
-4522
-6598
-7860
-8155
-7446
-5824
-3489
-729
2114
4694
6693
7868
8078
7301
5635
3286
547
-2248
-4757
-6675
-7772
-7920
-7105
-5434
-3116
-439
2270
4683
6509
7531
7635
6818
5188
2954
391
-2183
-4460
-6169
-7110
-7183
-6394
-4852
-2757
-373
2006
4095
5647
6487
6530
5789
4375
2476
336
-1780
-3616
-4958
-5659
-5654
-4969
-3711
-2056
-221
1560
3071
4136
4644
4557
3913
2822
1444
-32
-1411
-2523
-3237
-3485
-3262
-2626
-1690
-601
481
1404
2047
2335
2246
1818
1136
319
-493
-1170
-1602
-1722
-1512
-1009
-297
504
1260
1835
2122
2053
1616
854
-135
-1212
-2218
-2990
-3393
-3335
-2787
-1786
-439
1092
2611
3907
4788
5105
4776
3801
2264
329
-1777
-3797
-5466
-6552
-6886
-6384
-5066
-3053
-562
2121
4677
6786
8169
8628
8068
6517
4123
1145
-2081
-5177
-7767
-9524
-10213
-9718
-8063
-5411
-2047
1648
5249
8328
10511
11519
11210
9590
6822
3207
-848
-4880
-8418
-11044
-12437
-12417
-10969
-8239
-4528
-254
4095
8022
11067
12874
13224
12068
9529
5890
1562
-2960
-7162
-10562
-12771
-13535
-12767
-10555
-7154
-2951
1572
5903
9551
12105
13284
12963
11190
8177
4277
-62
-4349
-8099
-10899
-12447
-12587
-11325
-8827
-5391
-1421
2630
6310
9216
11042
11609
10886
8987
6153
2724
-902
-4322
-7163
-9133
-10045
-9838
-8576
-6439
-3696
-672
2293
4880
6827
7957
8191
7553
6161
4208
1936
-392
-2530
-4267
-5452
-6005
-5923
-5268
-4160
-2752
-1214
289
1619
2671
3384
3740
3760
3494
3010
2379
1669
934
213
-469
-1104
-1684
-2203
-2645
-2986
-3191
-3216
-3019
-2566
-1843
-863
325
1638
2960
4150
5063
5562
5538
4932
3746
2047
-23
-2273
-4463
-6343
-7673
-8259
-7978
-6796
-4785
-2116
951
4095
6963
9214
10556
10790
9829
7724
4656
929
-3063
-6882
-10086
-12286
-13193
-12655
-10678
-7436
-3250
1435
6109
10239
13343
15040
15096
13461
10274
5855
673
-4705
-9678
-13674
-16222
-17003
-15895
-12984
-8567
-3113
2780
8458
13276
16679
18264
17827
15389
11200
5709
-481
-6683
-12200
-16405
-18815
-19143
-17334
-13577
-8278
-2022
4495
10545
15447
18645
19776
18705
15544
10644
4547
-2063
-8450
-13898
-17797
-19712
-19430
-16984
-12651
-6920
-434
6080
11894
16361
18989
19491
17822
14180
8983
2821
-3612
-9597
-14469
-17693
-18922
-18037
-15155
-10615
-4942
1221
7183
12279
15952
17807
17659
15549
11738
6673
935
-4825
-9966
-13921
-16267
-16766
-15390
-12323
-7934
-2735
2678
7699
11771
14455
15477
14751
12392
8693
4095
-867
-5633
-9669
-12538
-13939
-13746
-12013
-8968
-4982
-523
3892
7769
10679
12314
12517
11298
8826
5410
1461
-2559
-6190
-9027
-10762
-11222
-10383
-8371
-5443
-1958
1669
5016
7702
9429
10017
9422
7737
5183
2076
-1208
-4280
-6783
-8430
-9043
-8566
-7074
-4761
-1915
1115
3967
6300
7840
8410
7952
6530
4324
1606
-1291
-4016
-6237
-7688
0
0
0
0
0
0
0
0
0
0
0
0
0
0
0
0
0
0
0
0
0
0
0
0
0
0
0
0
0
0
0
0
0
0
0
0
0
0
0
0
0
0
0
0
0
0
0
0
0
0
0
0
0
0
0
0
0
0
0
0
0
0
0
0
0
0
0
24575
23197
19221
13096
5515
-2665
-10523
-17175
-21879
-24113
-23640
-20528
-15143
-8106
-218
7626
14550
19785
22761
23167
20989
16499
10231
2910
-4631
-11546
-17071
-20611
-21802
-20554
-17048
-11719
-5198
1765
8385
13932
17811
19631
19238
16733
12447
6906
758
-5295
-10586
-14552
-16794
-17120
-15559
-12349
-7903
-2758
2491
7262
11049
13475
14332
13596
11422
8115
4095
-161
-4178
-7528
-9885
-11049
-10966
-9722
-7529
-4687
-1550
1524
4209
6249
7478
7836
7365
6191
4510
2551
548
-1285
-2783
-3838
-4407
-4506
-4204
-3600
-2809
-1941
-1089
-316
344
890
1338
1715
2047
2348
2611
2808
2893
2810
2503
1935
1095
10
-1249
-2574
-3822
-4837
-5466
-5583
-5110
-4031
-2404
-362
1898
4137
6091
7511
8191
7999
6895
4948
2329
-700
-3813
-6655
-8884
-10213
-10446
-9507
-7452
-4472
-873
2954
6580
9579
11586
12339
11714
9742
6612
2653
-1701
-5963
-9641
-12299
-13613
-13406
-11671
-8582
-4469
212
4935
9159
12394
14256
14518
13131
10239
6159
1348
-3647
-8257
-11952
-14304
-15036
-14059
-11479
-7588
-2828
2254
7079
11093
13835
14995
14440
12241
8654
4095
-905
-5774
-9952
-12963
-14468
-14307
-12510
-9297
-5052
-272
4486
8675
11818
13564
13730
12315
9503
5640
1185
-3335
-7398
-10539
-12409
-12812
-11725
-9300
-5844
-1777
2414
6239
9260
11137
11675
10838
8754
5692
2034
-1776
-5288
-8092
-9875
-10448
-9772
-7957
-5244
-1978
1438
4595
7122
8731
9252
8649
7022
4592
1671
-1375
-4177
-6400
-7787
-8191
-7585
-6066
-3841
-1197
1531
4010
5938
7091
7342
6679
5200
3103
659
-1824
-4039
-5715
-6654
-6749
-6002
-4514
-2481
-161
2156
4185
5677
6452
6420
5593
4077
2063
-197
-2428
-4355
-5745
-6431
-6330
-5458
-3922
-1909
336
2546
4453
5831
6514
6423
5567
4049
2047
-201
-2435
-4390
-5840
-6614
-6623
-5865
-4427
-2475
-232
2044
4095
5687
6638
6840
6272
4995
3154
955
-1356
-3523
-5304
-6503
-6985
-6699
-5674
-4024
-1929
381
2657
4650
6143
6975
7055
6373
5001
3088
835
-1514
-3710
-5519
-6745
-7258
-6999
-5994
-4346
-2228
137
2502
4617
6256
7243
7470
6909
5612
3711
1403
-1073
-3456
-5495
-6971
-7723
-7663
-6790
-5189
-3020
-508
2083
4482
6430
7715
8191
7799
6568
4621
2157
-566
-3261
-5638
-7435
-8453
-8572
-7767
-6113
-3779
-1009
1901
4638
6900
8436
9070
8720
7414
5283
2553
-483
-3496
-6153
-8156
-9279
-9388
-8461
-6591
-3977
-903
2293
5256
7655
9217
9760
9218
7643
5205
2174
-1114
-4290
-6995
-8923
-9852
-9673
-8402
-6180
-3255
40
3335
6253
8461
9706
9846
8863
6870
4095
857
-2471
-5508
-7904
-9384
-9779
-9045
-7271
-4665
-1532
1763
4836
7331
8959
9534
8994
7407
4964
1957
-1257
-4301
-6817
-8511
-9187
-8773
-7324
-5019
-2137
975
3946
6422
8110
8815
8458
7089
4879
2100
-910
-3788
-6186
-7818
-8490
-8126
-6777
-4612
-1898
1032
3820
6126
7671
8269
7850
6468
4295
1600
-1285
-4007
-6232
-7686
-8191
-7686
-6232
-4007
-1285
1600
4295
6468
7850
8269
7671
6126
3820
1032
-1898
-4612
-6777
-8126
-8490
-7818
-6186
-3788
-910
2100
4879
7089
8458
8815
8110
6422
3946
975
-2137
-5019
-7324
-8773
-9187
-8511
-6817
-4301
-1257
1957
4964
7407
8994
9534
8959
7331
4836
1763
-1532
-4665
-7271
-9045
-9779
-9384
-7904
-5508
-2471
857
4095
6870
8863
9846
9706
8461
6253
3335
40
-3255
-6180
-8402
-9673
-9852
-8923
-6995
-4290
-1114
2174
5205
7643
9218
9760
9217
7655
5256
2293
-903
-3977
-6591
-8461
-9388
-9279
-8156
-6153
-3496
-483
2553
5283
7414
8720
9070
8436
6900
4638
1901
-1009
-3779
-6113
-7767
-8572
-8453
-7435
-5638
-3261
-566
2157
4621
6568
7799
8191
7715
6430
4482
2083
-508
-3020
-5189
-6790
-7663
-7723
-6971
-5495
-3456
-1073
1403
3711
5612
6909
7470
7243
6256
4617
2502
137
-2228
-4346
-5994
-6999
-7258
-6745
-5519
-3710
-1514
835
3088
5001
6373
7055
6975
6143
4650
2657
381
-1929
-4024
-5674
-6699
-6985
-6503
-5304
-3523
-1356
955
3154
4995
6272
6840
6638
5687
4095
2044
-232
-2475
-4427
-5865
-6623
-6614
-5840
-4390
-2435
-201
2047
4049
5567
6423
6514
5831
4453
2546
336
-1909
-3922
-5458
-6330
-6431
-5745
-4355
-2428
-197
2063
4077
5593
6420
6452
5677
4185
2156
-161
-2481
-4514
-6002
-6749
-6654
-5715
-4039
-1824
659
3103
5200
6679
7342
7091
5938
4010
1531
-1197
-3841
-6066
-7585
-8191
-7787
-6400
-4177
-1375
1671
4592
7022
8649
9252
8731
7122
4595
1438
-1978
-5244
-7957
-9772
-10448
-9875
-8092
-5288
-1776
2034
5692
8754
10838
11675
11137
9260
6239
2414
-1777
-5844
-9300
-11725
-12812
-12409
-10539
-7398
-3335
1185
5640
9503
12315
13730
13564
11818
8675
4486
-272
-5052
-9297
-12510
-14307
-14468
-12963
-9952
-5774
-905
4095
8654
12241
14440
14995
13835
11093
7079
2254
-2828
-7588
-11479
-14059
-15036
-14304
-11952
-8257
-3647
1348
6159
10239
13131
14518
14256
12394
9159
4935
212
-4469
-8582
-11671
-13406
-13613
-12299
-9641
-5963
-1701
2653
6612
9742
11714
12339
11586
9579
6580
2954
-873
-4472
-7452
-9507
-10446
-10213
-8884
-6655
-3813
-700
2329
4948
6895
7999
8191
7511
6091
4137
1898
-362
-2404
-4031
-5110
-5583
-5466
-4837
-3822
-2574
-1249
10
1095
1935
2503
2810
2893
2808
2611
2348
2047
1715
1338
890
344
-316
-1089
-1941
-2809
-3600
-4204
-4506
-4407
-3838
-2783
-1285
548
2551
4510
6191
7365
7836
7478
6249
4209
1524
-1550
-4687
-7529
-9722
-10966
-11049
-9885
-7528
-4178
-161
4095
8115
11422
13596
14332
13475
11049
7262
2491
-2758
-7903
-12349
-15559
-17120
-16794
-14552
-10586
-5295
758
6906
12447
16733
19238
19631
17811
13932
8385
1765
-5198
-11719
-17048
-20554
-21802
-20611
-17071
-11546
-4631
2910
10231
16499
20989
23167
22761
19785
14550
7626
-218
-8106
-15143
-20528
-23640
-24113
-21879
-17175
-10523
-2665
5515
13096
19221
23197
0
0
0
0
0
0
0
0
0
0
0
0
0
0
0
0
0
0
0
0
0
0
0
0
0
0
0
0
0
0
0
0
0
0
0
0
0
0
0
0
0
0
0
0
0
0
0
0
0
0
0
0
0
0
0
0
0
0
0
0
0
0
0
0
0
0
0
