17269
10860
2323
-6503
-13675
-17624
-17552
-13646
-7044
438
6748
10116
9502
4874
-2766
-11612
-19489
-24393
-24992
-20975
-13146
-3247
6453
13713
16874
15271
9419
894
-8039
-14981
-17991
-16075
-9452
484
11483
20977
26708
27284
22529
13547
2464
-8071
-15531
-18124
-15240
-7608
2863
13539
21694
25174
22923
15258
3804
-8879
-19903
-26744
-27847
-23008
-13430
-1444
10040
18230
21115
17953
9452
-2389
-14751
-24660
-29696
-28562
-21402
-9768
3740
16081
24488
27110
23450
14470
2370
-9933
-19489
-23995
-22337
-14836
-3174
10002
21698
29260
30980
26482
16796
4110
-8737
-18907
-24204
-23562
-17269
-6882
5141
16010
23227
25144
21317
12579
836
-11371
-21439
-27272
-27724
-22829
-13764
-2566
8328
16611
20598
19566
13876
4870
-5444
-14830
-21300
-23513
-21037
-14409
-4991
5321
14505
20812
23111
21086
15278
6950
-2178
-10279
-15767
-17601
-15467
-9822
-1797
7032
14943
20394
22308
20275
14624
6366
-2997
-11743
-18255
-21326
-20385
-15618
-7946
1143
9863
16470
19603
18552
13416
5102
-4831
-14468
-21899
-25605
-24765
-19436
-10561
202
10793
19159
23661
23411
18457
9790
-852
-11321
-19489
-23676
-22989
-17506
-8259
2970
14002
22701
27390
27185
22159
13316
2383
-8538
-17386
-22537
-23111
-19117
-11435
-1619
8414
16757
21866
22839
19557
12675
3479
-6373
-15156
-21389
-24077
-22861
-18059
-10579
-1745
6935
14023
18380
19340
16806
11247
3621
-4785
-12557
-18379
-21238
-20593
-16466
-9452
-634
8577
16669
22278
24419
22671
17266
9070
-547
-9934
-17446
-21735
-21998
-18136
-10784
-1216
8878
17691
23626
25585
23172
16768
7458
-3158
-13264
-21146
-25502
-25659
-21680
-14337
-4956
4831
13373
19282
21658
20214
15302
7819
-962
-9610
-16770
-21364
-22742
-20752
-15744
-8489
-60
8328
15489
20425
22454
21302
17139
10562
2517
-5819
-13200
-18490
-20833
-19793
-15444
-8376
370
9452
17427
22985
25167
23534
18256
10098
306
-9595
-18051
-23738
-25781
-23899
-18445
-10342
-916
8328
15950
20809
22233
20100
14836
7317
-1280
-9676
-16676
-21335
-23071
-21720
-17531
-11107
-3316
4831
12303
18167
21692
22436
20294
15522
8715
749
-7315
-14367
-19391
-21614
-20635
-16499
-9718
-1216
7793
15984
22118
25243
24846
20941
14071
5225
-4317
-13185
-20136
-24233
-24981
-22385
-16923
-9452
-1064
7079
13917
18615
20664
19908
16541
11055
4160
-3299
-10441
-16433
-20571
-22346
-21500
-18059
-12350
-4978
3219
11256
18121
22898
24907
23810
19683
13021
4692
-4186
-12397
-18810
-22546
-23111
-20461
-15010
-7549
873
9116
16108
20992
23227
22631
19380
13947
7025
-575
-8021
-14540
-19489
-22393
-22979
-21192
-17198
-11380
-4318
3252
10500
16581
20738
22403
21287
17441
11278
3530
-4831
-12726
-19119
-23164
-24330
-22475
-17858
-11093
-3053
5263
12871
18928
22826
24245
23158
19803
14624
8203
1193
-5740
-11965
-16925
-20162
-21356
-20348
-17173
-12078
-5526
1827
9185
15695
20553
23111
22980
20099
14756
7561
-632
-8844
-16108
-21593
-24718
-25209
-23119
-18786
-12774
-5772
1491
8328
14156
18525
21131
21815
20554
17456
12759
6829
157
-6661
-12962
-18074
-21393
-22467
-21073
-17269
-11407
-4108
3815
11459
17953
22575
24845
24580
21894
17166
10967
3970
-3141
-9741
-15316
-19489
-22014
-22770
-21741
-19008
-14749
-9242
-2876
3856
10372
16048
20279
22562
22571
20219
15695
9452
2160
-5382
-12349
-18005
-21791
-23390
-22743
-20034
-15633
-10027
-3752
2675
8791
14203
18591
21694
23307
23278
21529
18082
13090
6866
-124
-7279
-13920
-19371
-23050
-24552
-23716
-20646
-15704
-9452
-2566
4252
10371
15295
18702
20448
20539
19094
16300
12377
7562
2112
-3683
-9486
-14901
-19489
-22805
-24451
-24142
-21768
-17438
-11484
-4439
3027
10196
16398
21097
23949
24833
23833
21195
17269
12441
7082
1521
-3964
-9127
-13732
-17535
-20273
-21685
-21548
-19726
-16225
-11226
-5098
1631
8328
14339
19077
22108
23198
22340
19731
15719
10741
5241
-379
-5798
-10778
-15145
-18756
-21466
-23111
-23512
-22505
-19986
-15959
-10586
-4196
2727
9595
15790
20750
24052
25465
24976
22770
19180
14624
9523
4248
-917
-5776
-10197
-14077
-17297
-19700
-21088
-21249
-20007
-17276
-13115
-7755
-1596
4831
10938
16157
20031
22272
22793
21697
19237
15748
11578
7027
2319
-2403
-7049
-11537
-15747
-19489
-22499
-24467
-25085
-24121
-21478
-17245
-11701
-5294
1425
7882
13568
18106
21295
23105
23647
23111
21701
19579
16838
13498
9548
4992
-89
-5505
-10937
-15966
-20131
-23004
-24269
-23789
-21632
-18059
-13479
-8369
-3188
1692
6031
9732
12810
15333
17361
18889
19825
19992
19174
17181
13920
9452
4016
-1983
-8031
-13586
-18168
-21437
-23239
-23614
-22759
-20961
-18517
-15660
-12521
-9114
-5374
-1216
3394
8381
13521
18461
22755
25952
27680
27728
26088
22961
18716
13812
8707
3772
-764
-4831
-8490
-11867
-15078
-18157
-21005
-23396
-25007
-25498
-24600
-22191
-18354
-13373
-7699
-1865
3613
8328
12050
14744
16547
17693
18431
18934
19241
19243
18710
17367
14982
11457
6883
1553
-4073
-9452
-14062
-17506
-19582
-20313
-19919
-18745
-17163
-15467
-13805
-12147
-10313
-8037
-5073
-1287
3267
8328
13456
18116
21785
24065
24768
23951
21896
19028
15815
12647
9751
7146
4666
2023
-1077
-4831
-9250
-14115
-19011
-23395
-26721
-28561
-28704
-27204
-24367
-20675
-16664
-12802
-9378
-6445
-3833
-1216
1772
5409
9781
14721
19828
24540
28256
30482
30944
29657
26921
23245
19226
15398
12111
9452
7239
5094
2565
-728
-4965
-10045
-15584
-20986
-25578
-28767
-30179
-29755
-27760
-24720
-21282
-18059
-15470
-13644
-12393
-11282
-9753
-7294
-3603
1312
7104
13150
18690
23005
25590
26278
25276
23111
20490
18120
16519
15885
16045
16506
16589
15621
13129
8982
3453
-2828
-9013
-14239
-17836
-19489
-19316
-17833
-15814
-14091
-13329
-13846
-15527
-17844
-19995
-21112
-20496
-17815
-13207
-7266
-912
4831
9088
11343
11577
10263
8243
6510
5936
7044
9852
13860
18163
21681
23433
22803
19704
14624
8515
2563
-2101
-4690
-4961
-3277
-517
2150
3571
2915
-95
-5096
-11155
-16996
-21313
-23111
-21957
-18111
-12473
-6364
-1202
1858
2218
0
-3978
-8403
-11804
-12923
-11061
-6263
661
8328
15110
19547
20709
18446
13439
7038
933
-3268
-4451
-2288
2670
9109
15281
19436
20270
-17269
-10860
-2323
6503
13675
17624
17552
13646
7044
-438
-6748
-10116
-9502
-4874
2766
11612
19489
24393
24992
20975
13146
3247
-6453
-13713
-16874
-15271
-9419
-894
8039
14981
17991
16075
9452
-484
-11483
-20977
-26708
-27284
-22529
-13547
-2464
8071
15531
18124
15240
7608
-2863
-13539
-21694
-25174
-22923
-15258
-3804
8879
19903
26744
27847
23008
13430
1444
-10040
-18230
-21115
-17953
-9452
2389
14751
24660
29696
28562
21402
9768
-3740
-16081
-24488
-27110
-23450
-14470
-2370
9933
19489
23995
22337
14836
3174
-10002
-21698
-29260
-30980
-26482
-16796
-4110
8737
18907
24204
23562
17269
6882
-5141
-16010
-23227
-25144
-21317
-12579
-836
11371
21439
27272
27724
22829
13764
2566
-8328
-16611
-20598
-19566
-13876
-4870
5444
14830
21300
23513
21037
14409
4991
-5321
-14505
-20812
-23111
-21086
-15278
-6950
2178
10279
15767
17601
15467
9822
1797
-7032
-14943
-20394
-22308
-20275
-14624
-6366
2997
11743
18255
21326
20385
15618
7946
-1143
-9863
-16470
-19603
-18552
-13416
-5102
4831
14468
21899
25605
24765
19436
10561
-202
-10793
-19159
-23661
-23411
-18457
-9790
852
11321
19489
23676
22989
17506
8259
-2970
-14002
-22701
-27390
-27185
-22159
-13316
-2383
8538
17386
22537
23111
19117
11435
1619
-8414
-16757
-21866
-22839
-19557
-12675
-3479
6373
15156
21389
24077
22861
18059
10579
1745
-6935
-14023
-18380
-19340
-16806
-11247
-3621
4785
12557
18379
21238
20593
16466
9452
634
-8577
-16669
-22278
-24419
-22671
-17266
-9070
547
9934
17446
21735
21998
18136
10784
1216
-8878
-17691
-23626
-25585
-23172
-16768
-7458
3158
13264
21146
25502
25659
21680
14337
4956
-4831
-13373
-19282
-21658
-20214
-15302
-7819
962
9610
16770
21364
22742
20752
15744
8489
60
-8328
-15489
-20425
-22454
-21302
-17139
-10562
-2517
5819
13200
18490
20833
19793
15444
8376
-370
-9452
-17427
-22985
-25167
-23534
-18256
-10098
-306
9595
18051
23738
25781
23899
18445
10342
916
-8328
-15950
-20809
-22233
-20100
-14836
-7317
1280
9676
16676
21335
23071
21720
17531
11107
3316
-4831
-12303
-18167
-21692
-22436
-20294
-15522
-8715
-749
7315
14367
19391
21614
20635
16499
9718
1216
-7793
-15984
-22118
-25243
-24846
-20941
-14071
-5225
4317
13185
20136
24233
24981
22385
16923
9452
1064
-7079
-13917
-18615
-20664
-19908
-16541
-11055
-4160
3299
10441
16433
20571
22346
21500
18059
12350
4978
-3219
-11256
-18121
-22898
-24907
-23810
-19683
-13021
-4692
4186
12397
18810
22546
23111
20461
15010
7549
-873
-9116
-16108
-20992
-23227
-22631
-19380
-13947
-7025
575
8021
14540
19489
22393
22979
21192
17198
11380
4318
-3252
-10500
-16581
-20738
-22403
-21287
-17441
-11278
-3530
4831
12726
19119
23164
24330
22475
17858
11093
3053
-5263
-12871
-18928
-22826
-24245
-23158
-19803
-14624
-8203
-1193
5740
11965
16925
20162
21356
20348
17173
12078
5526
-1827
-9185
-15695
-20553
-23111
-22980
-20099
-14756
-7561
632
8844
16108
21593
24718
25209
23119
18786
12774
5772
-1491
-8328
-14156
-18525
-21131
-21815
-20554
-17456
-12759
-6829
-157
6661
12962
18074
21393
22467
21073
17269
11407
4108
-3815
-11459
-17953
-22575
-24845
-24580
-21894
-17166
-10967
-3970
3141
9741
15316
19489
22014
22770
21741
19008
14749
9242
2876
-3856
-10372
-16048
-20279
-22562
-22571
-20219
-15695
-9452
-2160
5382
12349
18005
21791
23390
22743
20034
15633
10027
3752
-2675
-8791
-14203
-18591
-21694
-23307
-23278
-21529
-18082
-13090
-6866
124
7279
13920
19371
23050
24552
23716
20646
15704
9452
2566
-4252
-10371
-15295
-18702
-20448
-20539
-19094
-16300
-12377
-7562
-2112
3683
9486
14901
19489
22805
24451
24142
21768
17438
11484
4439
-3027
-10196
-16398
-21097
-23949
-24833
-23833
-21195
-17269
-12441
-7082
-1521
3964
9127
13732
17535
20273
21685
21548
19726
16225
11226
5098
-1631
-8328
-14339
-19077
-22108
-23198
-22340
-19731
-15719
-10741
-5241
379
5798
10778
15145
18756
21466
23111
23512
22505
19986
15959
10586
4196
-2727
-9595
-15790
-20750
-24052
-25465
-24976
-22770
-19180
-14624
-9523
-4248
917
5776
10197
14077
17297
19700
21088
21249
20007
17276
13115
7755
1596
-4831
-10938
-16157
-20031
-22272
-22793
-21697
-19237
-15748
-11578
-7027
-2319
2403
7049
11537
15747
19489
22499
24467
25085
24121
21478
17245
11701
5294
-1425
-7882
-13568
-18106
-21295
-23105
-23647
-23111
-21701
-19579
-16838
-13498
-9548
-4992
89
5505
10937
15966
20131
23004
24269
23789
21632
18059
13479
8369
3188
-1692
-6031
-9732
-12810
-15333
-17361
-18889
-19825
-19992
-19174
-17181
-13920
-9452
-4016
1983
8031
13586
18168
21437
23239
23614
22759
20961
18517
15660
12521
9114
5374
1216
-3394
-8381
-13521
-18461
-22755
-25952
-27680
-27728
-26088
-22961
-18716
-13812
-8707
-3772
764
4831
8490
11867
15078
18157
21005
23396
25007
25498
24600
22191
18354
13373
7699
1865
-3613
-8328
-12050
-14744
-16547
-17693
-18431
-18934
-19241
-19243
-18710
-17367
-14982
-11457
-6883
-1553
4073
9452
14062
17506
19582
20313
19919
18745
17163
15467
13805
12147
10313
8037
5073
1287
-3267
-8328
-13456
-18116
-21785
-24065
-24768
-23951
-21896
-19028
-15815
-12647
-9751
-7146
-4666
-2023
1077
4831
9250
14115
19011
23395
26721
28561
28704
27204
24367
20675
16664
12802
9378
6445
3833
1216
-1772
-5409
-9781
-14721
-19828
-24540
-28256
-30482
-30944
-29657
-26921
-23245
-19226
-15398
-12111
-9452
-7239
-5094
-2565
728
4965
10045
15584
20986
25578
28767
30179
29755
27760
24720
21282
18059
15470
13644
12393
11282
9753
7294
3603
-1312
-7104
-13150
-18690
-23005
-25590
-26278
-25276
-23111
-20490
-18120
-16519
-15885
-16045
-16506
-16589
-15621
-13129
-8982
-3453
2828
9013
14239
17836
19489
19316
17833
15814
14091
13329
13846
15527
17844
19995
21112
20496
17815
13207
7266
912
-4831
-9088
-11343
-11577
-10263
-8243
-6510
-5936
-7044
-9852
-13860
-18163
-21681
-23433
-22803
-19704
-14624
-8515
-2563
2101
4690
4961
3277
517
-2150
-3571
-2915
95
5096
11155
16996
21313
23111
21957
18111
12473
6364
1202
-1858
-2218
0
3978
8403
11804
12923
11061
6263
-661
-8328
-15110
-19547
-20709
-18446
-13439
-7038
-933
3268
4451
2288
-2670
-9109
-15281
-19436
-20270
-17269
-10860
-2323
6503
13675
17624
17552
13646
7044
-438
-6748
-10116
-9502
-4874
2766
11612
19489
24393
24992
20975
13146
3247
-6453
-13713
-16874
-15271
-9419
-894
8039
14981
17991
16075
9452
-484
-11483
-20977
-26708
-27284
-22529
-13547
-2464
8071
15531
18124
15240
7608
-2863
-13539
-21694
-25174
-22923
-15258
-3804
8879
19903
26744
27847
23008
13430
1444
-10040
-18230
-21115
-17953
-9452
2389
14751
24660
29696
28562
21402
9768
-3740
-16081
-24488
-27110
-23450
-14470
-2370
9933
19489
23995
22337
14836
3174
-10002
-21698
-29260
-30980
-26482
-16796
-4110
8737
18907
24204
23562
17269
6882
-5141
-16010
-23227
-25144
-21317
-12579
-836
11371
21439
27272
27724
22829
13764
2566
-8328
-16611
-20598
-19566
-13876
-4870
5444
14830
21300
23513
21037
14409
4991
-5321
-14505
-20812
-23111
-21086
-15278
-6950
2178
10279
15767
17601
15467
9822
1797
-7032
-14943
-20394
-22308
-20275
-14624
-6366
2997
11743
18255
21326
20385
15618
7946
-1143
-9863
-16470
-19603
-18552
-13416
-5102
4831
14468
21899
25605
24765
19436
10561
-202
-10793
-19159
-23661
-23411
-18457
-9790
852
11321
19489
23676
22989
17506
8259
-2970
-14002
-22701
-27390
-27185
-22159
-13316
-2383
8538
17386
22537
23111
19117
11435
1619
-8414
-16757
-21866
-22839
-19557
-12675
-3479
6373
15156
21389
24077
22861
18059
10579
1745
-6935
-14023
-18380
-19340
-16806
-11247
-3621
4785
12557
18379
21238
20593
16466
9452
634
-8577
-16669
-22278
-24419
-22671
-17266
-9070
547
9934
17446
21735
21998
18136
10784
1216
-8878
-17691
-23626
-25585
-23172
-16768
-7458
3158
13264
21146
25502
25659
21680
14337
4956
-4831
-13373
-19282
-21658
-20214
-15302
-7819
962
9610
16770
21364
22742
20752
15744
8489
60
-8328
-15489
-20425
-22454
-21302
-17139
-10562
-2517
5819
13200
18490
20833
19793
15444
8376
-370
-9452
-17427
-22985
-25167
-23534
-18256
-10098
-306
9595
18051
23738
25781
23899
18445
10342
916
-8328
-15950
-20809
-22233
-20100
-14836
-7317
1280
9676
16676
21335
23071
21720
17531
11107
3316
-4831
-12303
-18167
-21692
-22436
-20294
-15522
-8715
-749
7315
14367
19391
21614
20635
16499
9718
1216
-7793
-15984
-22118
-25243
-24846
-20941
-14071
-5225
4317
13185
20136
24233
24981
22385
16923
9452
1064
-7079
-13917
-18615
-20664
-19908
-16541
-11055
-4160
3299
10441
16433
20571
22346
21500
18059
12350
4978
-3219
-11256
-18121
-22898
-24907
-23810
-19683
-13021
-4692
4186
12397
18810
22546
23111
20461
15010
7549
-873
-9116
-16108
-20992
-23227
-22631
-19380
-13947
-7025
575
8021
14540
19489
22393
22979
21192
17198
11380
4318
-3252
-10500
-16581
-20738
-22403
-21287
-17441
-11278
-3530
4831
12726
19119
23164
24330
22475
17858
11093
3053
-5263
-12871
-18928
-22826
-24245
-23158
-19803
-14624
-8203
-1193
5740
11965
16925
20162
21356
20348
17173
12078
5526
-1827
-9185
-15695
-20553
-23111
-22980
-20099
-14756
-7561
632
8844
16108
21593
24718
25209
23119
18786
12774
5772
-1491
-8328
-14156
-18525
-21131
-21815
-20554
-17456
-12759
-6829
-157
6661
12962
18074
21393
22467
21073
17269
11407
4108
-3815
-11459
-17953
-22575
-24845
-24580
-21894
-17166
-10967
-3970
3141
9741
15316
19489
22014
22770
21741
19008
14749
9242
2876
-3856
-10372
-16048
-20279
-22562
-22571
-20219
-15695
-9452
-2160
5382
12349
18005
21791
23390
22743
20034
15633
10027
3752
-2675
-8791
-14203
-18591
-21694
-23307
-23278
-21529
-18082
-13090
-6866
124
7279
13920
19371
23050
24552
23716
20646
15704
9452
2566
-4252
-10371
-15295
-18702
-20448
-20539
-19094
-16300
-12377
-7562
-2112
3683
9486
14901
19489
22805
24451
24142
21768
17438
11484
4439
-3027
-10196
-16398
-21097
-23949
-24833
-23833
-21195
-17269
-12441
-7082
-1521
3964
9127
13732
17535
20273
21685
21548
19726
16225
11226
5098
-1631
-8328
-14339
-19077
-22108
-23198
-22340
-19731
-15719
-10741
-5241
379
5798
10778
15145
18756
21466
23111
23512
22505
19986
15959
10586
4196
-2727
-9595
-15790
-20750
-24052
-25465
-24976
-22770
-19180
-14624
-9523
-4248
917
5776
10197
14077
17297
19700
21088
21249
20007
17276
13115
7755
1596
-4831
-10938
-16157
-20031
-22272
-22793
-21697
-19237
-15748
-11578
-7027
-2319
2403
7049
11537
15747
19489
22499
24467
25085
24121
21478
17245
11701
5294
-1425
-7882
-13568
-18106
-21295
-23105
-23647
-23111
-21701
-19579
-16838
-13498
-9548
-4992
89
5505
10937
15966
20131
23004
24269
23789
21632
18059
13479
8369
3188
-1692
-6031
-9732
-12810
-15333
-17361
-18889
-19825
-19992
-19174
-17181
-13920
-9452
-4016
1983
8031
13586
18168
21437
23239
23614
22759
20961
18517
15660
12521
9114
5374
1216
-3394
-8381
-13521
-18461
-22755
-25952
-27680
-27728
-26088
-22961
-18716
-13812
-8707
-3772
764
4831
8490
11867
15078
18157
21005
23396
25007
25498
24600
22191
18354
13373
7699
1865
-3613
-8328
-12050
-14744
-16547
-17693
-18431
-18934
-19241
-19243
-18710
-17367
-14982
-11457
-6883
-1553
4073
9452
14062
17506
19582
20313
19919
18745
17163
15467
13805
12147
10313
8037
5073
1287
-3267
-8328
-13456
-18116
-21785
-24065
-24768
-23951
-21896
-19028
-15815
-12647
-9751
-7146
-4666
-2023
1077
4831
9250
14115
19011
23395
26721
28561
28704
27204
24367
20675
16664
12802
9378
6445
3833
1216
-1772
-5409
-9781
-14721
-19828
-24540
-28256
-30482
-30944
-29657
-26921
-23245
-19226
-15398
-12111
-9452
-7239
-5094
-2565
728
4965
10045
15584
20986
25578
28767
30179
29755
27760
24720
21282
18059
15470
13644
12393
11282
9753
7294
3603
-1312
-7104
-13150
-18690
-23005
-25590
-26278
-25276
-23111
-20490
-18120
-16519
-15885
-16045
-16506
-16589
-15621
-13129
-8982
-3453
2828
9013
14239
17836
19489
19316
17833
15814
14091
13329
13846
15527
17844
19995
21112
20496
17815
13207
7266
912
-4831
-9088
-11343
-11577
-10263
-8243
-6510
-5936
-7044
-9852
-13860
-18163
-21681
-23433
-22803
-19704
-14624
-8515
-2563
2101
4690
4961
3277
517
-2150
-3571
-2915
95
5096
11155
16996
21313
23111
21957
18111
12473
6364
1202
-1858
-2218
0
3978
8403
11804
12923
11061
6263
-661
-8328
-15110
-19547
-20709
-18446
-13439
-7038
-933
3268
4451
2288
-2670
-9109
-15281
-19436
-20270
-17269
-10860
-2323
6503
13675
17624
17552
13646
7044
-438
-6748
-10116
-9502
-4874
2766
11612
19489
24393
24992
20975
13146
3247
-6453
-13713
-16874
-15271
-9419
-894
8039
14981
17991
16075
9452
-484
-11483
-20977
-26708
-27284
-22529
-13547
-2464
8071
15531
18124
15240
7608
-2863
-13539
-21694
-25174
-22923
-15258
-3804
8879
19903
26744
27847
23008
13430
1444
-10040
-18230
-21115
-17953
-9452
2389
14751
24660
29696
28562
21402
9768
-3740
-16081
-24488
-27110
-23450
-14470
-2370
9933
19489
23995
22337
14836
3174
-10002
-21698
-29260
-30980
-26482
-16796
-4110
8737
18907
24204
23562
17269
6882
-5141
-16010
-23227
-25144
-21317
-12579
-836
11371
21439
27272
27724
22829
13764
2566
-8328
-16611
-20598
-19566
-13876
-4870
5444
14830
21300
23513
21037
14409
4991
-5321
-14505
-20812
-23111
-21086
-15278
-6950
2178
10279
15767
17601
15467
9822
1797
-7032
-14943
-20394
-22308
-20275
-14624
-6366
2997
11743
18255
21326
20385
15618
7946
-1143
-9863
-16470
-19603
-18552
-13416
-5102
4831
14468
21899
25605
24765
19436
10561
-202
-10793
-19159
-23661
-23411
-18457
-9790
852
11321
19489
23676
22989
17506
8259
-2970
-14002
-22701
-27390
-27185
-22159
-13316
-2383
8538
17386
22537
23111
19117
11435
1619
-8414
-16757
-21866
-22839
-19557
-12675
-3479
6373
15156
21389
24077
22861
18059
10579
1745
-6935
-14023
-18380
-19340
-16806
-11247
-3621
4785
12557
18379
21238
20593
16466
9452
634
-8577
-16669
-22278
-24419
-22671
-17266
-9070
547
9934
17446
21735
21998
18136
10784
1216
-8878
-17691
-23626
-25585
-23172
-16768
-7458
3158
13264
21146
25502
25659
21680
14337
4956
-4831
-13373
-19282
-21658
-20214
-15302
-7819
962
9610
16770
21364
22742
20752
15744
8489
60
-8328
-15489
-20425
-22454
-21302
-17139
-10562
-2517
5819
13200
18490
20833
19793
15444
8376
-370
-9452
-17427
-22985
-25167
-23534
-18256
-10098
-306
9595
18051
23738
25781
23899
18445
10342
916
-8328
-15950
-20809
-22233
-20100
-14836
-7317
1280
9676
16676
21335
23071
21720
17531
11107
3316
-4831
-12303
-18167
-21692
-22436
-20294
-15522
-8715
-749
7315
14367
19391
21614
20635
16499
9718
1216
-7793
-15984
-22118
-25243
-24846
-20941
-14071
-5225
4317
13185
20136
24233
24981
22385
16923
9452
1064
-7079
-13917
-18615
-20664
-19908
-16541
-11055
-4160
3299
10441
16433
20571
22346
21500
18059
12350
4978
-3219
-11256
-18121
-22898
-24907
-23810
-19683
-13021
-4692
4186
12397
18810
22546
23111
20461
15010
7549
-873
-9116
-16108
-20992
-23227
-22631
-19380
-13947
-7025
575
8021
14540
19489
22393
22979
21192
17198
11380
4318
-3252
-10500
-16581
-20738
-22403
-21287
-17441
-11278
-3530
4831
12726
19119
23164
24330
22475
17858
11093
3053
-5263
-12871
-18928
-22826
-24245
-23158
-19803
-14624
-8203
-1193
5740
11965
16925
20162
21356
20348
17173
12078
5526
-1827
-9185
-15695
-20553
-23111
-22980
-20099
-14756
-7561
632
8844
16108
21593
24718
25209
23119
18786
12774
5772
-1491
-8328
-14156
-18525
-21131
-21815
-20554
-17456
-12759
-6829
-157
6661
12962
18074
21393
22467
21073
17269
11407
4108
-3815
-11459
-17953
-22575
-24845
-24580
-21894
-17166
-10967
-3970
3141
9741
15316
19489
22014
22770
21741
19008
14749
9242
2876
-3856
-10372
-16048
-20279
-22562
-22571
-20219
-15695
-9452
-2160
5382
12349
18005
21791
23390
22743
20034
15633
10027
3752
-2675
-8791
-14203
-18591
-21694
-23307
-23278
-21529
-18082
-13090
-6866
124
7279
13920
19371
23050
24552
23716
20646
15704
9452
2566
-4252
-10371
-15295
-18702
-20448
-20539
-19094
-16300
-12377
-7562
-2112
3683
9486
14901
19489
22805
24451
24142
21768
17438
11484
4439
-3027
-10196
-16398
-21097
-23949
-24833
-23833
-21195
-17269
-12441
-7082
-1521
3964
9127
13732
17535
20273
21685
21548
19726
16225
11226
5098
-1631
-8328
-14339
-19077
-22108
-23198
-22340
-19731
-15719
-10741
-5241
379
5798
10778
15145
18756
21466
23111
23512
22505
19986
15959
10586
4196
-2727
-9595
-15790
-20750
-24052
-25465
-24976
-22770
-19180
-14624
-9523
-4248
917
5776
10197
14077
17297
19700
21088
21249
20007
17276
13115
7755
1596
-4831
-10938
-16157
-20031
-22272
-22793
-21697
-19237
-15748
-11578
-7027
-2319
2403
7049
11537
15747
19489
22499
24467
25085
24121
21478
17245
11701
5294
-1425
-7882
-13568
-18106
-21295
-23105
-23647
-23111
-21701
-19579
-16838
-13498
-9548
-4992
89
5505
10937
15966
20131
23004
24269
23789
21632
18059
13479
8369
3188
-1692
-6031
-9732
-12810
-15333
-17361
-18889
-19825
-19992
-19174
-17181
-13920
-9452
-4016
1983
8031
13586
18168
21437
23239
23614
22759
20961
18517
15660
12521
9114
5374
1216
-3394
-8381
-13521
-18461
-22755
-25952
-27680
-27728
-26088
-22961
-18716
-13812
-8707
-3772
764
4831
8490
11867
15078
18157
21005
23396
25007
25498
24600
22191
18354
13373
7699
1865
-3613
-8328
-12050
-14744
-16547
-17693
-18431
-18934
-19241
-19243
-18710
-17367
-14982
-11457
-6883
-1553
4073
9452
14062
17506
19582
20313
19919
18745
17163
15467
13805
12147
10313
8037
5073
1287
-3267
-8328
-13456
-18116
-21785
-24065
-24768
-23951
-21896
-19028
-15815
-12647
-9751
-7146
-4666
-2023
1077
4831
9250
14115
19011
23395
26721
28561
28704
27204
24367
20675
16664
12802
9378
6445
3833
1216
-1772
-5409
-9781
-14721
-19828
-24540
-28256
-30482
-30944
-29657
-26921
-23245
-19226
-15398
-12111
-9452
-7239
-5094
-2565
728
4965
10045
15584
20986
25578
28767
30179
29755
27760
24720
21282
18059
15470
13644
12393
11282
9753
7294
3603
-1312
-7104
-13150
-18690
-23005
-25590
-26278
-25276
-23111
-20490
-18120
-16519
-15885
-16045
-16506
-16589
-15621
-13129
-8982
-3453
2828
9013
14239
17836
19489
19316
17833
15814
14091
13329
13846
15527
17844
19995
21112
20496
17815
13207
7266
912
-4831
-9088
-11343
-11577
-10263
-8243
-6510
-5936
-7044
-9852
-13860
-18163
-21681
-23433
-22803
-19704
-14624
-8515
-2563
2101
4690
4961
3277
517
-2150
-3571
-2915
95
5096
11155
16996
21313
23111
21957
18111
12473
6364
1202
-1858
-2218
0
3978
8403
11804
12923
11061
6263
-661
-8328
-15110
-19547
-20709
-18446
-13439
-7038
-933
3268
4451
2288
-2670
-9109
-15281
-19436
-20270
-17269
-10860
-2323
6503
13675
17624
17552
13646
7044
-438
-6748
-10116
-9502
-4874
2766
11612
19489
24393
24992
20975
13146
3247
-6453
-13713
-16874
-15271
-9419
-894
8039
14981
17991
16075
9452
-484
-11483
-20977
-26708
-27284
-22529
-13547
-2464
8071
15531
18124
15240
7608
-2863
-13539
-21694
-25174
-22923
-15258
-3804
8879
19903
26744
27847
23008
13430
1444
-10040
-18230
-21115
-17953
-9452
2389
14751
24660
29696
28562
21402
9768
-3740
-16081
-24488
-27110
-23450
-14470
-2370
9933
19489
23995
22337
14836
3174
-10002
-21698
-29260
-30980
-26482
-16796
-4110
8737
18907
24204
23562
17269
6882
-5141
-16010
-23227
-25144
-21317
-12579
-836
11371
21439
27272
27724
22829
13764
2566
-8328
-16611
-20598
-19566
-13876
-4870
5444
14830
21300
23513
21037
14409
4991
-5321
-14505
-20812
-23111
-21086
-15278
-6950
2178
10279
15767
17601
15467
9822
1797
-7032
-14943
-20394
-22308
-20275
-14624
-6366
2997
11743
18255
21326
20385
15618
7946
-1143
-9863
-16470
-19603
-18552
-13416
-5102
4831
14468
21899
25605
24765
19436
10561
-202
-10793
-19159
-23661
-23411
-18457
-9790
852
11321
19489
23676
22989
17506
8259
-2970
-14002
-22701
-27390
-27185
-22159
-13316
-2383
8538
17386
22537
23111
19117
11435
1619
-8414
-16757
-21866
-22839
-19557
-12675
-3479
6373
15156
21389
24077
22861
18059
10579
1745
-6935
-14023
-18380
-19340
-16806
-11247
-3621
4785
12557
18379
21238
20593
16466
9452
634
-8577
-16669
-22278
-24419
-22671
-17266
-9070
547
9934
17446
21735
21998
18136
10784
1216
-8878
-17691
-23626
-25585
-23172
-16768
-7458
3158
13264
21146
25502
25659
21680
14337
4956
-4831
-13373
-19282
-21658
-20214
-15302
-7819
962
9610
16770
21364
22742
20752
15744
8489
60
-8328
-15489
-20425
-22454
-21302
-17139
-10562
-2517
5819
13200
18490
20833
19793
15444
8376
-370
-9452
-17427
-22985
-25167
-23534
-18256
-10098
-306
9595
18051
23738
25781
23899
18445
10342
916
-8328
-15950
-20809
-22233
-20100
-14836
-7317
1280
9676
16676
21335
23071
21720
17531
11107
3316
-4831
-12303
-18167
-21692
-22436
-20294
-15522
-8715
-749
7315
14367
19391
21614
20635
16499
9718
1216
-7793
-15984
-22118
-25243
-24846
-20941
-14071
-5225
4317
13185
20136
24233
24981
22385
16923
9452
1064
-7079
-13917
-18615
-20664
-19908
-16541
-11055
-4160
3299
10441
16433
20571
22346
21500
18059
12350
4978
-3219
-11256
-18121
-22898
-24907
-23810
-19683
-13021
-4692
4186
12397
18810
22546
23111
20461
15010
7549
-873
-9116
-16108
-20992
-23227
-22631
-19380
-13947
-7025
575
8021
14540
19489
22393
22979
21192
17198
11380
4318
-3252
-10500
-16581
-20738
-22403
-21287
-17441
-11278
-3530
4831
12726
19119
23164
24330
22475
17858
11093
3053
-5263
-12871
-18928
-22826
-24245
-23158
-19803
-14624
-8203
-1193
5740
11965
16925
20162
21356
20348
17173
12078
5526
-1827
-9185
-15695
-20553
-23111
-22980
-20099
-14756
-7561
632
8844
16108
21593
24718
25209
23119
18786
12774
5772
-1491
-8328
-14156
-18525
-21131
-21815
-20554
-17456
-12759
-6829
-157
6661
12962
18074
21393
22467
21073
17269
11407
4108
-3815
-11459
-17953
-22575
-24845
-24580
-21894
-17166
-10967
-3970
3141
9741
15316
19489
22014
22770
21741
19008
14749
9242
2876
-3856
-10372
-16048
-20279
-22562
-22571
-20219
-15695
-9452
-2160
5382
12349
18005
21791
23390
22743
20034
15633
10027
3752
-2675
-8791
-14203
-18591
-21694
-23307
-23278
-21529
-18082
-13090
-6866
124
7279
13920
19371
23050
24552
23716
20646
15704
9452
2566
-4252
-10371
-15295
-18702
-20448
-20539
-19094
-16300
-12377
-7562
-2112
3683
9486
14901
19489
22805
24451
24142
21768
17438
11484
4439
-3027
-10196
-16398
-21097
-23949
-24833
-23833
-21195
-17269
-12441
-7082
-1521
3964
9127
13732
17535
20273
21685
21548
19726
16225
11226
5098
-1631
-8328
-14339
-19077
-22108
-23198
-22340
-19731
-15719
-10741
-5241
379
5798
10778
15145
18756
21466
23111
23512
22505
19986
15959
10586
4196
-2727
-9595
-15790
-20750
-24052
-25465
-24976
-22770
-19180
-14624
-9523
-4248
917
5776
10197
14077
17297
19700
21088
21249
20007
17276
13115
7755
1596
-4831
-10938
-16157
-20031
-22272
-22793
-21697
-19237
-15748
-11578
-7027
-2319
2403
7049
11537
15747
19489
22499
24467
25085
24121
21478
17245
11701
5294
-1425
-7882
-13568
-18106
-21295
-23105
-23647
-23111
-21701
-19579
-16838
-13498
-9548
-4992
89
5505
10937
15966
20131
23004
24269
23789
21632
18059
13479
8369
3188
-1692
-6031
-9732
-12810
-15333
-17361
-18889
-19825
-19992
-19174
-17181
-13920
-9452
-4016
1983
8031
13586
18168
21437
23239
23614
22759
20961
18517
15660
12521
9114
5374
1216
-3394
-8381
-13521
-18461
-22755
-25952
-27680
-27728
-26088
-22961
-18716
-13812
-8707
-3772
764
4831
8490
11867
15078
18157
21005
23396
25007
25498
24600
22191
18354
13373
7699
1865
-3613
-8328
-12050
-14744
-16547
-17693
-18431
-18934
-19241
-19243
-18710
-17367
-14982
-11457
-6883
-1553
4073
9452
14062
17506
19582
20313
19919
18745
17163
15467
13805
12147
10313
8037
5073
1287
-3267
-8328
-13456
-18116
-21785
-24065
-24768
-23951
-21896
-19028
-15815
-12647
-9751
-7146
-4666
-2023
1077
4831
9250
14115
19011
23395
26721
28561
28704
27204
24367
20675
16664
12802
9378
6445
3833
1216
-1772
-5409
-9781
-14721
-19828
-24540
-28256
-30482
-30944
-29657
-26921
-23245
-19226
-15398
-12111
-9452
-7239
-5094
-2565
728
4965
10045
15584
20986
25578
28767
30179
29755
27760
24720
21282
18059
15470
13644
12393
11282
9753
7294
3603
-1312
-7104
-13150
-18690
-23005
-25590
-26278
-25276
-23111
-20490
-18120
-16519
-15885
-16045
-16506
-16589
-15621
-13129
-8982
-3453
2828
9013
14239
17836
19489
19316
17833
15814
14091
13329
13846
15527
17844
19995
21112
20496
17815
13207
7266
912
-4831
-9088
-11343
-11577
-10263
-8243
-6510
-5936
-7044
-9852
-13860
-18163
-21681
-23433
-22803
-19704
-14624
-8515
-2563
2101
4690
4961
3277
517
-2150
-3571
-2915
95
5096
11155
16996
21313
23111
21957
18111
12473
6364
1202
-1858
-2218
0
3978
8403
11804
12923
11061
6263
-661
-8328
-15110
-19547
-20709
-18446
-13439
-7038
-933
3268
4451
2288
-2670
-9109
-15281
-19436
-20270
-17269
-10860
-2323
6503
13675
17624
17552
13646
7044
-438
-6748
-10116
-9502
-4874
2766
11612
19489
24393
24992
20975
13146
3247
-6453
-13713
-16874
-15271
-9419
-894
8039
14981
17991
16075
9452
-484
-11483
-20977
-26708
-27284
-22529
-13547
-2464
8071
15531
18124
15240
7608
-2863
-13539
-21694
-25174
-22923
-15258
-3804
8879
19903
26744
27847
23008
13430
1444
-10040
-18230
-21115
-17953
-9452
2389
14751
24660
29696
28562
21402
9768
-3740
-16081
-24488
-27110
-23450
-14470
-2370
9933
19489
23995
22337
14836
3174
-10002
-21698
-29260
-30980
-26482
-16796
-4110
8737
18907
24204
23562
17269
6882
-5141
-16010
-23227
-25144
-21317
-12579
-836
11371
21439
27272
27724
22829
13764
2566
-8328
-16611
-20598
-19566
-13876
-4870
5444
14830
21300
23513
21037
14409
4991
-5321
-14505
-20812
-23111
-21086
-15278
-6950
2178
10279
15767
17601
15467
9822
1797
-7032
-14943
-20394
-22308
-20275
-14624
-6366
2997
11743
18255
21326
20385
15618
7946
-1143
-9863
-16470
-19603
-18552
-13416
-5102
4831
14468
21899
25605
24765
19436
10561
-202
-10793
-19159
-23661
-23411
-18457
-9790
852
11321
19489
23676
22989
17506
8259
-2970
-14002
-22701
-27390
-27185
-22159
-13316
-2383
8538
17386
22537
23111
19117
11435
1619
-8414
-16757
-21866
-22839
-19557
-12675
-3479
6373
15156
21389
24077
22861
18059
10579
1745
-6935
-14023
-18380
-19340
-16806
-11247
-3621
4785
12557
18379
21238
20593
16466
9452
634
-8577
-16669
-22278
-24419
-22671
-17266
-9070
547
9934
17446
21735
21998
18136
10784
1216
-8878
-17691
-23626
-25585
-23172
-16768
-7458
3158
13264
21146
25502
25659
21680
14337
4956
-4831
-13373
-19282
-21658
-20214
-15302
-7819
962
9610
16770
21364
22742
20752
15744
8489
60
-8328
-15489
-20425
-22454
-21302
-17139
-10562
-2517
5819
13200
18490
20833
19793
15444
8376
-370
-9452
-17427
-22985
-25167
-23534
-18256
-10098
-306
9595
18051
23738
25781
23899
18445
10342
916
-8328
-15950
-20809
-22233
-20100
-14836
-7317
1280
9676
16676
21335
23071
21720
17531
11107
3316
-4831
-12303
-18167
-21692
-22436
-20294
-15522
-8715
-749
7315
14367
19391
21614
20635
16499
9718
1216
-7793
-15984
-22118
-25243
-24846
-20941
-14071
-5225
4317
13185
20136
24233
24981
22385
16923
9452
1064
-7079
-13917
-18615
-20664
-19908
-16541
-11055
-4160
3299
10441
16433
20571
22346
21500
18059
12350
4978
-3219
-11256
-18121
-22898
-24907
-23810
-19683
-13021
-4692
4186
12397
18810
22546
23111
20461
15010
7549
-873
-9116
-16108
-20992
-23227
-22631
-19380
-13947
-7025
575
8021
14540
19489
22393
22979
21192
17198
11380
4318
-3252
-10500
-16581
-20738
-22403
-21287
-17441
-11278
-3530
4831
12726
19119
23164
24330
22475
17858
11093
3053
-5263
-12871
-18928
-22826
-24245
-23158
-19803
-14624
-8203
-1193
5740
11965
16925
20162
21356
20348
17173
12078
5526
-1827
-9185
-15695
-20553
-23111
-22980
-20099
-14756
-7561
632
8844
16108
21593
24718
25209
23119
18786
12774
5772
-1491
-8328
-14156
-18525
-21131
-21815
-20554
-17456
-12759
-6829
-157
6661
12962
18074
21393
22467
21073
17269
11407
4108
-3815
-11459
-17953
-22575
-24845
-24580
-21894
-17166
-10967
-3970
3141
9741
15316
19489
22014
22770
21741
19008
14749
9242
2876
-3856
-10372
-16048
-20279
-22562
-22571
-20219
-15695
-9452
-2160
5382
12349
18005
21791
23390
22743
20034
15633
10027
3752
-2675
-8791
-14203
-18591
-21694
-23307
-23278
-21529
-18082
-13090
-6866
124
7279
13920
19371
23050
24552
23716
20646
15704
9452
2566
-4252
-10371
-15295
-18702
-20448
-20539
-19094
-16300
-12377
-7562
-2112
3683
9486
14901
19489
22805
24451
24142
21768
17438
11484
4439
-3027
-10196
-16398
-21097
-23949
-24833
-23833
-21195
-17269
-12441
-7082
-1521
3964
9127
13732
17535
20273
21685
21548
19726
16225
11226
5098
-1631
-8328
-14339
-19077
-22108
-23198
-22340
-19731
-15719
-10741
-5241
379
5798
10778
15145
18756
21466
23111
23512
22505
19986
15959
10586
4196
-2727
-9595
-15790
-20750
-24052
-25465
-24976
-22770
-19180
-14624
-9523
-4248
917
5776
10197
14077
17297
19700
21088
21249
20007
17276
13115
7755
1596
-4831
-10938
-16157
-20031
-22272
-22793
-21697
-19237
-15748
-11578
-7027
-2319
2403
7049
11537
15747
19489
22499
24467
25085
24121
21478
17245
11701
5294
-1425
-7882
-13568
-18106
-21295
-23105
-23647
-23111
-21701
-19579
-16838
-13498
-9548
-4992
89
5505
10937
15966
20131
23004
24269
23789
21632
18059
13479
8369
3188
-1692
-6031
-9732
-12810
-15333
-17361
-18889
-19825
-19992
-19174
-17181
-13920
-9452
-4016
1983
8031
13586
18168
21437
23239
23614
22759
20961
18517
15660
12521
9114
5374
1216
-3394
-8381
-13521
-18461
-22755
-25952
-27680
-27728
-26088
-22961
-18716
-13812
-8707
-3772
764
4831
8490
11867
15078
18157
21005
23396
25007
25498
24600
22191
18354
13373
7699
1865
-3613
-8328
-12050
-14744
-16547
-17693
-18431
-18934
-19241
-19243
-18710
-17367
-14982
-11457
-6883
-1553
4073
9452
14062
17506
19582
20313
19919
18745
17163
15467
13805
12147
10313
8037
5073
1287
-3267
-8328
-13456
-18116
-21785
-24065
-24768
-23951
-21896
-19028
-15815
-12647
-9751
-7146
-4666
-2023
1077
4831
9250
14115
19011
23395
26721
28561
28704
27204
24367
20675
16664
12802
9378
6445
3833
1216
-1772
-5409
-9781
-14721
-19828
-24540
-28256
-30482
-30944
-29657
-26921
-23245
-19226
-15398
-12111
-9452
-7239
-5094
-2565
728
4965
10045
15584
20986
25578
28767
30179
29755
27760
24720
21282
18059
15470
13644
12393
11282
9753
7294
3603
-1312
-7104
-13150
-18690
-23005
-25590
-26278
-25276
-23111
-20490
-18120
-16519
-15885
-16045
-16506
-16589
-15621
-13129
-8982
-3453
2828
9013
14239
17836
19489
19316
17833
15814
14091
13329
13846
15527
17844
19995
21112
20496
17815
13207
7266
912
-4831
-9088
-11343
-11577
-10263
-8243
-6510
-5936
-7044
-9852
-13860
-18163
-21681
-23433
-22803
-19704
-14624
-8515
-2563
2101
4690
4961
3277
517
-2150
-3571
-2915
95
5096
11155
16996
21313
23111
21957
18111
12473
6364
1202
-1858
-2218
0
3978
8403
11804
12923
11061
6263
-661
-8328
-15110
-19547
-20709
-18446
-13439
-7038
-933
3268
4451
2288
-2670
-9109
-15281
-19436
-20270
17269
10860
2323
-6503
-13675
-17624
-17552
-13646
-7044
438
6748
10116
9502
4874
-2766
-11612
-19489
-24393
-24992
-20975
-13146
-3247
6453
13713
16874
15271
9419
894
-8039
-14981
-17991
-16075
-9452
484
11483
20977
26708
27284
22529
13547
2464
-8071
-15531
-18124
-15240
-7608
2863
13539
21694
25174
22923
15258
3804
-8879
-19903
-26744
-27847
-23008
-13430
-1444
10040
18230
21115
17953
9452
-2389
-14751
-24660
-29696
-28562
-21402
-9768
3740
16081
24488
27110
23450
14470
2370
-9933
-19489
-23995
-22337
-14836
-3174
10002
21698
29260
30980
26482
16796
4110
-8737
-18907
-24204
-23562
-17269
-6882
5141
16010
23227
25144
21317
12579
836
-11371
-21439
-27272
-27724
-22829
-13764
-2566
8328
16611
20598
19566
13876
4870
-5444
-14830
-21300
-23513
-21037
-14409
-4991
5321
14505
20812
23111
21086
15278
6950
-2178
-10279
-15767
-17601
-15467
-9822
-1797
7032
14943
20394
22308
20275
14624
6366
-2997
-11743
-18255
-21326
-20385
-15618
-7946
1143
9863
16470
19603
18552
13416
5102
-4831
-14468
-21899
-25605
-24765
-19436
-10561
202
10793
19159
23661
23411
18457
9790
-852
-11321
-19489
-23676
-22989
-17506
-8259
2970
14002
22701
27390
27185
22159
13316
2383
-8538
-17386
-22537
-23111
-19117
-11435
-1619
8414
16757
21866
22839
19557
12675
3479
-6373
-15156
-21389
-24077
-22861
-18059
-10579
-1745
6935
14023
18380
19340
16806
11247
3621
-4785
-12557
-18379
-21238
-20593
-16466
-9452
-634
8577
16669
22278
24419
22671
17266
9070
-547
-9934
-17446
-21735
-21998
-18136
-10784
-1216
8878
17691
23626
25585
23172
16768
7458
-3158
-13264
-21146
-25502
-25659
-21680
-14337
-4956
4831
13373
19282
21658
20214
15302
7819
-962
-9610
-16770
-21364
-22742
-20752
-15744
-8489
-60
8328
15489
20425
22454
21302
17139
10562
2517
-5819
-13200
-18490
-20833
-19793
-15444
-8376
370
9452
17427
22985
25167
23534
18256
10098
306
-9595
-18051
-23738
-25781
-23899
-18445
-10342
-916
8328
15950
20809
22233
20100
14836
7317
-1280
-9676
-16676
-21335
-23071
-21720
-17531
-11107
-3316
4831
12303
18167
21692
22436
20294
15522
8715
749
-7315
-14367
-19391
-21614
-20635
-16499
-9718
-1216
7793
15984
22118
25243
24846
20941
14071
5225
-4317
-13185
-20136
-24233
-24981
-22385
-16923
-9452
-1064
7079
13917
18615
20664
19908
16541
11055
4160
-3299
-10441
-16433
-20571
-22346
-21500
-18059
-12350
-4978
3219
11256
18121
22898
24907
23810
19683
13021
4692
-4186
-12397
-18810
-22546
-23111
-20461
-15010
-7549
873
9116
16108
20992
23227
22631
19380
13947
7025
-575
-8021
-14540
-19489
-22393
-22979
-21192
-17198
-11380
-4318
3252
10500
16581
20738
22403
21287
17441
11278
3530
-4831
-12726
-19119
-23164
-24330
-22475
-17858
-11093
-3053
5263
12871
18928
22826
24245
23158
19803
14624
8203
1193
-5740
-11965
-16925
-20162
-21356
-20348
-17173
-12078
-5526
1827
9185
15695
20553
23111
22980
20099
14756
7561
-632
-8844
-16108
-21593
-24718
-25209
-23119
-18786
-12774
-5772
1491
8328
14156
18525
21131
21815
20554
17456
12759
6829
157
-6661
-12962
-18074
-21393
-22467
-21073
-17269
-11407
-4108
3815
11459
17953
22575
24845
24580
21894
17166
10967
3970
-3141
-9741
-15316
-19489
-22014
-22770
-21741
-19008
-14749
-9242
-2876
3856
10372
16048
20279
22562
22571
20219
15695
9452
2160
-5382
-12349
-18005
-21791
-23390
-22743
-20034
-15633
-10027
-3752
2675
8791
14203
18591
21694
23307
23278
21529
18082
13090
6866
-124
-7279
-13920
-19371
-23050
-24552
-23716
-20646
-15704
-9452
-2566
4252
10371
15295
18702
20448
20539
19094
16300
12377
7562
2112
-3683
-9486
-14901
-19489
-22805
-24451
-24142
-21768
-17438
-11484
-4439
3027
10196
16398
21097
23949
24833
23833
21195
17269
12441
7082
1521
-3964
-9127
-13732
-17535
-20273
-21685
-21548
-19726
-16225
-11226
-5098
1631
8328
14339
19077
22108
23198
22340
19731
15719
10741
5241
-379
-5798
-10778
-15145
-18756
-21466
-23111
-23512
-22505
-19986
-15959
-10586
-4196
2727
9595
15790
20750
24052
25465
24976
22770
19180
14624
9523
4248
-917
-5776
-10197
-14077
-17297
-19700
-21088
-21249
-20007
-17276
-13115
-7755
-1596
4831
10938
16157
20031
22272
22793
21697
19237
15748
11578
7027
2319
-2403
-7049
-11537
-15747
-19489
-22499
-24467
-25085
-24121
-21478
-17245
-11701
-5294
1425
7882
13568
18106
21295
23105
23647
23111
21701
19579
16838
13498
9548
4992
-89
-5505
-10937
-15966
-20131
-23004
-24269
-23789
-21632
-18059
-13479
-8369
-3188
1692
6031
9732
12810
15333
17361
18889
19825
19992
19174
17181
13920
9452
4016
-1983
-8031
-13586
-18168
-21437
-23239
-23614
-22759
-20961
-18517
-15660
-12521
-9114
-5374
-1216
3394
8381
13521
18461
22755
25952
27680
27728
26088
22961
18716
13812
8707
3772
-764
-4831
-8490
-11867
-15078
-18157
-21005
-23396
-25007
-25498
-24600
-22191
-18354
-13373
-7699
-1865
3613
8328
12050
14744
16547
17693
18431
18934
19241
19243
18710
17367
14982
11457
6883
1553
-4073
-9452
-14062
-17506
-19582
-20313
-19919
-18745
-17163
-15467
-13805
-12147
-10313
-8037
-5073
-1287
3267
8328
13456
18116
21785
24065
24768
23951
21896
19028
15815
12647
9751
7146
4666
2023
-1077
-4831
-9250
-14115
-19011
-23395
-26721
-28561
-28704
-27204
-24367
-20675
-16664
-12802
-9378
-6445
-3833
-1216
1772
5409
9781
14721
19828
24540
28256
30482
30944
29657
26921
23245
19226
15398
12111
9452
7239
5094
2565
-728
-4965
-10045
-15584
-20986
-25578
-28767
-30179
-29755
-27760
-24720
-21282
-18059
-15470
-13644
-12393
-11282
-9753
-7294
-3603
1312
7104
13150
18690
23005
25590
26278
25276
23111
20490
18120
16519
15885
16045
16506
16589
15621
13129
8982
3453
-2828
-9013
-14239
-17836
-19489
-19316
-17833
-15814
-14091
-13329
-13846
-15527
-17844
-19995
-21112
-20496
-17815
-13207
-7266
-912
4831
9088
11343
11577
10263
8243
6510
5936
7044
9852
13860
18163
21681
23433
22803
19704
14624
8515
2563
-2101
-4690
-4961
-3277
-517
2150
3571
2915
-95
-5096
-11155
-16996
-21313
-23111
-21957
-18111
-12473
-6364
-1202
1858
2218
0
-3978
-8403
-11804
-12923
-11061
-6263
661
8328
15110
19547
20709
18446
13439
7038
933
-3268
-4451
-2288
2670
9109
15281
19436
20270
-17269
-10860
-2323
6503
13675
17624
17552
13646
7044
-438
-6748
-10116
-9502
-4874
2766
11612
19489
24393
24992
20975
13146
3247
-6453
-13713
-16874
-15271
-9419
-894
8039
14981
17991
16075
9452
-484
-11483
-20977
-26708
-27284
-22529
-13547
-2464
8071
15531
18124
15240
7608
-2863
-13539
-21694
-25174
-22923
-15258
-3804
8879
19903
26744
27847
23008
13430
1444
-10040
-18230
-21115
-17953
-9452
2389
14751
24660
29696
28562
21402
9768
-3740
-16081
-24488
-27110
-23450
-14470
-2370
9933
19489
23995
22337
14836
3174
-10002
-21698
-29260
-30980
-26482
-16796
-4110
8737
18907
24204
23562
17269
6882
-5141
-16010
-23227
-25144
-21317
-12579
-836
11371
21439
27272
27724
22829
13764
2566
-8328
-16611
-20598
-19566
-13876
-4870
5444
14830
21300
23513
21037
14409
4991
-5321
-14505
-20812
-23111
-21086
-15278
-6950
2178
10279
15767
17601
15467
9822
1797
-7032
-14943
-20394
-22308
-20275
-14624
-6366
2997
11743
18255
21326
20385
15618
7946
-1143
-9863
-16470
-19603
-18552
-13416
-5102
4831
14468
21899
25605
24765
19436
10561
-202
-10793
-19159
-23661
-23411
-18457
-9790
852
11321
19489
23676
22989
17506
8259
-2970
-14002
-22701
-27390
-27185
-22159
-13316
-2383
8538
17386
22537
23111
19117
11435
1619
-8414
-16757
-21866
-22839
-19557
-12675
-3479
6373
15156
21389
24077
22861
18059
10579
1745
-6935
-14023
-18380
-19340
-16806
-11247
-3621
4785
12557
18379
21238
20593
16466
9452
634
-8577
-16669
-22278
-24419
-22671
-17266
-9070
547
9934
17446
21735
21998
18136
10784
1216
-8878
-17691
-23626
-25585
-23172
-16768
-7458
3158
13264
21146
25502
25659
21680
14337
4956
-4831
-13373
-19282
-21658
-20214
-15302
-7819
962
9610
16770
21364
22742
20752
15744
8489
60
-8328
-15489
-20425
-22454
-21302
-17139
-10562
-2517
5819
13200
18490
20833
19793
15444
8376
-370
-9452
-17427
-22985
-25167
-23534
-18256
-10098
-306
9595
18051
23738
25781
23899
18445
10342
916
-8328
-15950
-20809
-22233
-20100
-14836
-7317
1280
9676
16676
21335
23071
21720
17531
11107
3316
-4831
-12303
-18167
-21692
-22436
-20294
-15522
-8715
-749
7315
14367
19391
21614
20635
16499
9718
1216
-7793
-15984
-22118
-25243
-24846
-20941
-14071
-5225
4317
13185
20136
24233
24981
22385
16923
9452
1064
-7079
-13917
-18615
-20664
-19908
-16541
-11055
-4160
3299
10441
16433
20571
22346
21500
18059
12350
4978
-3219
-11256
-18121
-22898
-24907
-23810
-19683
-13021
-4692
4186
12397
18810
22546
23111
20461
15010
7549
-873
-9116
-16108
-20992
-23227
-22631
-19380
-13947
-7025
575
8021
14540
19489
22393
22979
21192
17198
11380
4318
-3252
-10500
-16581
-20738
-22403
-21287
-17441
-11278
-3530
4831
12726
19119
23164
24330
22475
17858
11093
3053
-5263
-12871
-18928
-22826
-24245
-23158
-19803
-14624
-8203
-1193
5740
11965
16925
20162
21356
20348
17173
12078
5526
-1827
-9185
-15695
-20553
-23111
-22980
-20099
-14756
-7561
632
8844
16108
21593
24718
25209
23119
18786
12774
5772
-1491
-8328
-14156
-18525
-21131
-21815
-20554
-17456
-12759
-6829
-157
6661
12962
18074
21393
22467
21073
17269
11407
4108
-3815
-11459
-17953
-22575
-24845
-24580
-21894
-17166
-10967
-3970
3141
9741
15316
19489
22014
22770
21741
19008
14749
9242
2876
-3856
-10372
-16048
-20279
-22562
-22571
-20219
-15695
-9452
-2160
5382
12349
18005
21791
23390
22743
20034
15633
10027
3752
-2675
-8791
-14203
-18591
-21694
-23307
-23278
-21529
-18082
-13090
-6866
124
7279
13920
19371
23050
24552
23716
20646
15704
9452
2566
-4252
-10371
-15295
-18702
-20448
-20539
-19094
-16300
-12377
-7562
-2112
3683
9486
14901
19489
22805
24451
24142
21768
17438
11484
4439
-3027
-10196
-16398
-21097
-23949
-24833
-23833
-21195
-17269
-12441
-7082
-1521
3964
9127
13732
17535
20273
21685
21548
19726
16225
11226
5098
-1631
-8328
-14339
-19077
-22108
-23198
-22340
-19731
-15719
-10741
-5241
379
5798
10778
15145
18756
21466
23111
23512
22505
19986
15959
10586
4196
-2727
-9595
-15790
-20750
-24052
-25465
-24976
-22770
-19180
-14624
-9523
-4248
917
5776
10197
14077
17297
19700
21088
21249
20007
17276
13115
7755
1596
-4831
-10938
-16157
-20031
-22272
-22793
-21697
-19237
-15748
-11578
-7027
-2319
2403
7049
11537
15747
19489
22499
24467
25085
24121
21478
17245
11701
5294
-1425
-7882
-13568
-18106
-21295
-23105
-23647
-23111
-21701
-19579
-16838
-13498
-9548
-4992
89
5505
10937
15966
20131
23004
24269
23789
21632
18059
13479
8369
3188
-1692
-6031
-9732
-12810
-15333
-17361
-18889
-19825
-19992
-19174
-17181
-13920
-9452
-4016
1983
8031
13586
18168
21437
23239
23614
22759
20961
18517
15660
12521
9114
5374
1216
-3394
-8381
-13521
-18461
-22755
-25952
-27680
-27728
-26088
-22961
-18716
-13812
-8707
-3772
764
4831
8490
11867
15078
18157
21005
23396
25007
25498
24600
22191
18354
13373
7699
1865
-3613
-8328
-12050
-14744
-16547
-17693
-18431
-18934
-19241
-19243
-18710
-17367
-14982
-11457
-6883
-1553
4073
9452
14062
17506
19582
20313
19919
18745
17163
15467
13805
12147
10313
8037
5073
1287
-3267
-8328
-13456
-18116
-21785
-24065
-24768
-23951
-21896
-19028
-15815
-12647
-9751
-7146
-4666
-2023
1077
4831
9250
14115
19011
23395
26721
28561
28704
27204
24367
20675
16664
12802
9378
6445
3833
1216
-1772
-5409
-9781
-14721
-19828
-24540
-28256
-30482
-30944
-29657
-26921
-23245
-19226
-15398
-12111
-9452
-7239
-5094
-2565
728
4965
10045
15584
20986
25578
28767
30179
29755
27760
24720
21282
18059
15470
13644
12393
11282
9753
7294
3603
-1312
-7104
-13150
-18690
-23005
-25590
-26278
-25276
-23111
-20490
-18120
-16519
-15885
-16045
-16506
-16589
-15621
-13129
-8982
-3453
2828
9013
14239
17836
19489
19316
17833
15814
14091
13329
13846
15527
17844
19995
21112
20496
17815
13207
7266
912
-4831
-9088
-11343
-11577
-10263
-8243
-6510
-5936
-7044
-9852
-13860
-18163
-21681
-23433
-22803
-19704
-14624
-8515
-2563
2101
4690
4961
3277
517
-2150
-3571
-2915
95
5096
11155
16996
21313
23111
21957
18111
12473
6364
1202
-1858
-2218
0
3978
8403
11804
12923
11061
6263
-661
-8328
-15110
-19547
-20709
-18446
-13439
-7038
-933
3268
4451
2288
-2670
-9109
-15281
-19436
-20270
0
0
0
0
0
0
0
0
0
0
0
0
0
0
0
0
0
0
0
0
0
0
0
0
0
0
0
0
0
0
0
0
0
0
0
0
0
0
0
0
0
0
0
0
0
0
0
0
0
0
0
0
0
0
0
0
0
0
0
0
0
0
0
0
0
0
0
0
0
0
0
0
0
0
0
0
0
0
0
0
0
0
0
0
0
0
0
0
0
0
0
0
0
0
0
0
0
0
0
0
0
0
0
0
0
0
0
0
0
0
0
0
0
0
0
0
0
0
0
0
0
0
0
0
0
0
0
0
0
0
0
0
0
0
0
0
0
0
0
0
0
0
0
0
0
0
0
0
0
0
0
0
0
0
0
0
0
0
0
0
0
0
0
0
0
0
0
0
0
0
0
0
0
0
0
0
0
0
0
0
0
0
0
0
0
0
0
0
0
0
0
0
0
0
0
0
0
0
0
0
0
0
0
0
0
0
0
0
0
0
0
0
0
0
0
0
0
0
0
0
0
0
0
0
0
0
0
0
0
0
0
0
0
0
0
0
0
0
0
0
0
0
0
0
0
0
0
0
0
0
0
0
0
0
0
0
0
0
0
0
0
0
0
0
0
0
0
0
0
0
0
0
0
0
0
0
0
0
0
0
0
0
0
0
0
0
0
0
0
0
0
0
0
0
0
0
0
0
0
0
0
0
0
0
0
0
0
0
0
0
0
0
0
0
0
0
0
0
0
0
0
0
0
0
0
0
0
0
0
0
0
0
0
0
0
0
0
0
0
0
0
0
0
0
0
0
0
0
0
0
0
0
0
0
0
0
0
0
0
0
0
0
0
0
0
0
0
0
0
0
0
0
0
0
0
0
0
0
0
0
0
0
0
0
0
0
0
0
0
0
0
0
0
0
0
0
0
0
0
0
0
0
0
0
0
0
0
0
0
0
0
0
0
0
0
0
0
0
0
0
0
0
0
0
0
0
0
0
0
0
0
0
0
0
0
0
0
0
0
0
0
0
0
0
0
0
0
0
0
0
0
0
0
0
0
0
0
0
0
0
0
0
0
0
0
0
0
0
0
0
0
0
0
0
0
0
0
0
0
0
0
0
0
0
0
0
0
0
0
0
0
0
0
0
0
0
0
0
0
0
0
0
0
0
0
0
0
0
0
0
0
0
0
0
0
0
0
0
0
0
0
0
0
0
0
0
0
0
0
0
0
0
0
0
0
0
0
0
0
0
0
0
0
0
0
0
0
0
0
0
0
0
0
0
0
0
0
0
0
0
0
0
0
0
0
0
0
0
0
0
0
0
0
0
0
0
0
0
0
0
0
0
0
0
0
0
0
0
0
0
0
0
0
0
0
0
0
0
0
0
0
0
0
0
0
0
0
0
0
0
0
0
0
0
0
0
0
0
0
0
0
0
0
0
0
0
0
0
0
0
0
0
0
0
0
0
0
0
0
0
0
0
0
0
0
0
0
0
0
0
0
0
0
0
0
0
0
0
0
0
0
0
0
0
0
0
0
0
0
0
0
0
0
0
0
0
0
0
0
0
0
0
0
0
0
0
0
0
0
0
0
0
0
0
0
0
0
0
0
0
0
0
0
0
0
0
0
0
0
0
0
0
0
0
0
0
0
0
0
0
0
0
0
0
0
0
0
0
0
0
0
0
0
0
0
0
0
0
0
0
0
0
0
0
0
0
0
0
0
0
0
0
0
0
0
0
0
0
0
0
0
0
0
0
0
0
0
0
0
0
0
0
0
0
0
0
0
0
0
0
0
0
0
0
0
0
0
0
0
0
0
0
0
0
0
0
0
0
0
0
0
0
0
0
0
0
0
0
0
0
0
0
0
0
0
0
0
0
0
0
0
0
0
0
0
0
0
0
0
0
0
0
0
0
0
0
0
0
0
0
0
0
0
0
0
0
0
0
0
0
0
0
0
0
0
0
0
0
0
0
0
0
0
0
0
0
0
0
0
0
0
0
0
0
0
0
0
0
0
0
0
0
0
0
0
0
0
0
0
0
0
0
0
0
0
0
0
0
0
0
0
0
0
0
0
0
0
0
0
0
0
0
0
0
0
0
0
0
0
0
0
0
0
0
0
0
0
0
0
0
0
0
0
0
0
0
0
0
0
0
0
0
0
0
0
0
0
0
0
0
0
0
0
0
0
0
0
0
0
0
0
6905
13438
19246
24026
27539
29624
30210
29320
27063
23629
19271
14295
9027
3798
-1080
-5337
-8760
-11207
-12614
-12997
-12450
-11132
-9256
-7066
-4822
-2778
-1156
-137
159
-314
-1535
-3406
-5764
-8395
-11047
-13453
-15348
-16493
-16696
-15824
-13820
-10705
-6587
-1648
3861
9638
15347
20643
25193
28700
30921
31689
30920
28624
24900
19939
14002
7412
529
-6269
-12620
-18188
-22693
-25922
-27748
-28132
-27124
-24860
-21548
-17454
-12879
-8143
-3555
601
4093
6748
8467
9232
9098
8191
6698
4847
2886
1068
-373
-1244
-1405
-779
633
2761
5459
8527
11716
14753
17354
19258
20236
20114
18790
16242
12532
7803
2279
-3757
-9978
-16028
-21553
-26220
-29743
-31896
-32535
-31605
-29145
-25284
-20235
-14282
-7758
-1029
5536
11584
16803
20940
23816
25337
25496
24374
22130
18987
15216
11116
6990
3123
-235
-2892
-4720
-5665
-5753
-5080
-3806
-2138
-317
1405
2789
3625
3748
3060
1530
-793
-3793
-7281
-11016
-14723
-18108
-20882
-22783
-23597
-23175
-21443
-18414
-14188
-8946
-2943
3508
10057
16339
21996
26699
30178
32227
32730
31659
29082
25155
20112
14252
7916
1465
-4740
-10369
-15135
-18818
-21275
-22446
-22360
-21126
-18924
-15989
-12595
-9031
-5580
-2499
0
1768
2725
2864
2254
1031
-614
-2454
-4240
-5722
-6673
-6909
-6301
-4790
-2392
798
4618
8838
13186
17359
21049
23964
25849
26506
25810
23718
20278
15624
9973
3608
-3136
-9893
-16292
-21977
-26633
-30004
-31913
-32269
-31076
-28427
-24503
-19557
-13897
-7863
-1811
3917
9017
13234
16383
18358
19141
18791
17446
15304
12610
9636
6658
3934
1689
92
-751
-810
-125
1190
2965
4980
6987
8732
9973
10500
10154
8844
6552
3338
-658
-5229
-10112
-15002
-19579
-23523
-26543
-28395
-28900
-27958
-25559
-21783
-16797
-10846
-4240
2669
9509
15905
21512
26032
29233
30962
31162
29862
27185
23330
18566
13204
7583
2041
-3102
-7572
-11151
-13694
-15135
-15493
-14864
-13408
-11341
-8915
-6395
-4038
-2079
-702
-35
-134
-983
-2494
-4511
-6828
-9200
-11365
-13067
-14070
-14188
-13290
-11319
-8301
-4339
384
5625
11085
16438
21345
25484
28568
30368
30724
29568
26916
22883
17663
11529
4806
-2138
-8930
-15204
-20627
-24923
-27888
-29400
-29429
-28038
-25371
-21649
-17145
-12174
-7063
-2133
2328
6079
8942
10816
11679
11584
10660
9094
7115
4975
2932
1223
48
-443
-173
869
2618
4941
7640
10479
13189
15500
17153
17927
17656
16242
13666
9990
5362
0
-5813
-11754
-17477
-22634
-26902
-30004
-31728
-31941
-30599
-27752
-23541
-18189
-11987
-5276
1574
8191
14222
19356
23341
26006
27261
27109
25638
23018
19482
15311
10813
6301
2069
-1624
-4580
-6664
-7819
-8064
-7496
-6269
-4594
-2711
-871
681
1732
2116
1726
527
-1440
-4065
-7168
-10518
-13846
-16869
-19306
-20906
-21461
-20829
-18944
-15824
-11572
-6369
-474
5804
12120
18112
23429
27755
30826
32451
32521
31024
28037
23729
18345
12191
5617
-1008
-7326
-12997
-17738
-21331
-23634
-24595
-24248
-22709
-20166
-16866
-13090
-9136
-5298
-1841
1016
3116
4371
4768
4372
3314
1781
0
-1781
-3314
-4372
-4768
-4371
-3116
-1016
1841
5298
9136
13090
16866
20166
22709
24248
24595
23634
21331
17738
12997
7326
1008
-5617
-12191
-18345
-23729
-28037
-31024
-32521
-32451
-30826
-27755
-23429
-18112
-12120
-5804
474
6369
11572
15824
18944
20829
21461
20906
19306
16869
13846
10518
7168
4065
1440
-527
-1726
-2116
-1732
-681
871
2711
4594
6269
7496
8064
7819
6664
4580
1624
-2069
-6301
-10813
-15311
-19482
-23018
-25638
-27109
-27261
-26006
-23341
-19356
-14222
-8191
-1574
5276
11987
18189
23541
27752
30599
31941
31728
30004
26902
22634
17477
11754
5813
0
-5362
-9990
-13666
-16242
-17656
-17927
-17153
-15500
-13189
-10479
-7640
-4941
-2618
-869
173
443
-48
-1223
-2932
-4975
-7115
-9094
-10660
-11584
-11679
-10816
-8942
-6079
-2328
2133
7063
12174
17145
21649
25371
28038
29429
29400
27888
24923
20627
15204
8930
2138
-4806
-11529
-17663
-22883
-26916
-29568
-30724
-30368
-28568
-25484
-21345
-16438
-11085
-5625
-384
4339
8301
11319
13290
14188
14070
13067
11365
9200
6828
4511
2494
983
134
35
702
2079
4038
6395
8915
11341
13408
14864
15493
15135
13694
11151
7572
3102
-2041
-7583
-13204
-18566
-23330
-27185
-29862
-31162
-30962
-29233
-26032
-21512
-15905
-9509
-2669
4240
10846
16797
21783
25559
27958
28900
28395
26543
23523
19579
15002
10112
5229
658
-3338
-6552
-8844
-10154
-10500
-9973
-8732
-6987
-4980
-2965
-1190
125
810
751
-92
-1689
-3934
-6658
-9636
-12610
-15304
-17446
-18791
-19141
-18358
-16383
-13234
-9017
-3917
1811
7863
13897
19557
24503
28427
31076
32269
31913
30004
26633
21977
16292
9893
3136
-3608
-9973
-15624
-20278
-23718
-25810
-26506
-25849
-23964
-21049
-17359
-13186
-8838
-4618
-798
2392
4790
6301
6909
6673
5722
4240
2454
614
-1031
-2254
-2864
-2725
-1768
0
2499
5580
9031
12595
15989
18924
21126
22360
22446
21275
18818
15135
10369
4740
-1465
-7916
-14252
-20112
-25155
-29082
-31659
-32730
-32227
-30178
-26699
-21996
-16339
-10057
-3508
2943
8946
14188
18414
21443
23175
23597
22783
20882
18108
14723
11016
7281
3793
793
-1530
-3060
-3748
-3625
-2789
-1405
317
2138
3806
5080
5753
5665
4720
2892
235
-3123
-6990
-11116
-15216
-18987
-22130
-24374
-25496
-25337
-23816
-20940
-16803
-11584
-5536
1029
7758
14282
20235
25284
29145
31605
32535
31896
29743
26220
21553
16028
9978
3757
-2279
-7803
-12532
-16242
-18790
-20114
-20236
-19258
-17354
-14753
-11716
-8527
-5459
-2761
-633
779
1405
1244
373
-1068
-2886
-4847
-6698
-8191
-9098
-9232
-8467
-6748
-4093
-601
3555
8143
12879
17454
21548
24860
27124
28132
27748
25922
22693
18188
12620
6269
-529
-7412
-14002
-19939
-24900
-28624
-30920
-31689
-30921
-28700
-25193
-20643
-15347
-9638
-3861
1648
6587
10705
13820
15824
16696
16493
15348
13453
11047
8395
5764
3406
1535
314
-159
137
1156
2778
4822
7066
9256
11132
12450
12997
12614
11207
8760
5337
1080
-3798
-9027
-14295
-19271
-23629
-27063
-29320
-30210
-29624
-27539
-24026
-19246
-13438
-6905
0
6905
13438
19246
24026
27539
29624
30210
29320
27063
23629
19271
14295
9027
3798
-1080
-5337
-8760
-11207
-12614
-12997
-12450
-11132
-9256
-7066
-4822
-2778
-1156
-137
159
-314
-1535
-3406
-5764
-8395
-11047
-13453
-15348
-16493
-16696
-15824
-13820
-10705
-6587
-1648
3861
9638
15347
20643
25193
28700
30921
31689
30920
28624
24900
19939
14002
7412
529
-6269
-12620
-18188
-22693
-25922
-27748
-28132
-27124
-24860
-21548
-17454
-12879
-8143
-3555
601
4093
6748
8467
9232
9098
8191
6698
4847
2886
1068
-373
-1244
-1405
-779
633
2761
5459
8527
11716
14753
17354
19258
20236
20114
18790
16242
12532
7803
2279
-3757
-9978
-16028
-21553
-26220
-29743
-31896
-32535
-31605
-29145
-25284
-20235
-14282
-7758
-1029
5536
11584
16803
20940
23816
25337
25496
24374
22130
18987
15216
11116
6990
3123
-235
-2892
-4720
-5665
-5753
-5080
-3806
-2138
-317
1405
2789
3625
3748
3060
1530
-793
-3793
-7281
-11016
-14723
-18108
-20882
-22783
-23597
-23175
-21443
-18414
-14188
-8946
-2943
3508
10057
16339
21996
26699
30178
32227
32730
31659
29082
25155
20112
14252
7916
1465
-4740
-10369
-15135
-18818
-21275
-22446
-22360
-21126
-18924
-15989
-12595
-9031
-5580
-2499
0
1768
2725
2864
2254
1031
-614
-2454
-4240
-5722
-6673
-6909
-6301
-4790
-2392
798
4618
8838
13186
17359
21049
23964
25849
26506
25810
23718
20278
15624
9973
3608
-3136
-9893
-16292
-21977
-26633
-30004
-31913
-32269
-31076
-28427
-24503
-19557
-13897
-7863
-1811
3917
9017
13234
16383
18358
19141
18791
17446
15304
12610
9636
6658
3934
1689
92
-751
-810
-125
1190
2965
4980
6987
8732
9973
10500
10154
8844
6552
3338
-658
-5229
-10112
-15002
-19579
-23523
-26543
-28395
-28900
-27958
-25559
-21783
-16797
-10846
-4240
2669
9509
15905
21512
26032
29233
30962
31162
29862
27185
23330
18566
13204
7583
2041
-3102
-7572
-11151
-13694
-15135
-15493
-14864
-13408
-11341
-8915
-6395
-4038
-2079
-702
-35
-134
-983
-2494
-4511
-6828
-9200
-11365
-13067
-14070
-14188
-13290
-11319
-8301
-4339
384
5625
11085
16438
21345
25484
28568
30368
30724
29568
26916
22883
17663
11529
4806
-2138
-8930
-15204
-20627
-24923
-27888
-29400
-29429
-28038
-25371
-21649
-17145
-12174
-7063
-2133
2328
6079
8942
10816
11679
11584
10660
9094
7115
4975
2932
1223
48
-443
-173
869
2618
4941
7640
10479
13189
15500
17153
17927
17656
16242
13666
9990
5362
0
-5813
-11754
-17477
-22634
-26902
-30004
-31728
-31941
-30599
-27752
-23541
-18189
-11987
-5276
1574
8191
14222
19356
23341
26006
27261
27109
25638
23018
19482
15311
10813
6301
2069
-1624
-4580
-6664
-7819
-8064
-7496
-6269
-4594
-2711
-871
681
1732
2116
1726
527
-1440
-4065
-7168
-10518
-13846
-16869
-19306
-20906
-21461
-20829
-18944
-15824
-11572
-6369
-474
5804
12120
18112
23429
27755
30826
32451
32521
31024
28037
23729
18345
12191
5617
-1008
-7326
-12997
-17738
-21331
-23634
-24595
-24248
-22709
-20166
-16866
-13090
-9136
-5298
-1841
1016
3116
4371
4768
4372
3314
1781
0
-1781
-3314
-4372
-4768
-4371
-3116
-1016
1841
5298
9136
13090
16866
20166
22709
24248
24595
23634
21331
17738
12997
7326
1008
-5617
-12191
-18345
-23729
-28037
-31024
-32521
-32451
-30826
-27755
-23429
-18112
-12120
-5804
474
6369
11572
15824
18944
20829
21461
20906
19306
16869
13846
10518
7168
4065
1440
-527
-1726
-2116
-1732
-681
871
2711
4594
6269
7496
8064
7819
6664
4580
1624
-2069
-6301
-10813
-15311
-19482
-23018
-25638
-27109
-27261
-26006
-23341
-19356
-14222
-8191
-1574
5276
11987
18189
23541
27752
30599
31941
31728
30004
26902
22634
17477
11754
5813
0
-5362
-9990
-13666
-16242
-17656
-17927
-17153
-15500
-13189
-10479
-7640
-4941
-2618
-869
173
443
-48
-1223
-2932
-4975
-7115
-9094
-10660
-11584
-11679
-10816
-8942
-6079
-2328
2133
7063
12174
17145
21649
25371
28038
29429
29400
27888
24923
20627
15204
8930
2138
-4806
-11529
-17663
-22883
-26916
-29568
-30724
-30368
-28568
-25484
-21345
-16438
-11085
-5625
-384
4339
8301
11319
13290
14188
14070
13067
11365
9200
6828
4511
2494
983
134
35
702
2079
4038
6395
8915
11341
13408
14864
15493
15135
13694
11151
7572
3102
-2041
-7583
-13204
-18566
-23330
-27185
-29862
-31162
-30962
-29233
-26032
-21512
-15905
-9509
-2669
4240
10846
16797
21783
25559
27958
28900
28395
26543
23523
19579
15002
10112
5229
658
-3338
-6552
-8844
-10154
-10500
-9973
-8732
-6987
-4980
-2965
-1190
125
810
751
-92
-1689
-3934
-6658
-9636
-12610
-15304
-17446
-18791
-19141
-18358
-16383
-13234
-9017
-3917
1811
7863
13897
19557
24503
28427
31076
32269
31913
30004
26633
21977
16292
9893
3136
-3608
-9973
-15624
-20278
-23718
-25810
-26506
-25849
-23964
-21049
-17359
-13186
-8838
-4618
-798
2392
4790
6301
6909
6673
5722
4240
2454
614
-1031
-2254
-2864
-2725
-1768
0
2499
5580
9031
12595
15989
18924
21126
22360
22446
21275
18818
15135
10369
4740
-1465
-7916
-14252
-20112
-25155
-29082
-31659
-32730
-32227
-30178
-26699
-21996
-16339
-10057
-3508
2943
8946
14188
18414
21443
23175
23597
22783
20882
18108
14723
11016
7281
3793
793
-1530
-3060
-3748
-3625
-2789
-1405
317
2138
3806
5080
5753
5665
4720
2892
235
-3123
-6990
-11116
-15216
-18987
-22130
-24374
-25496
-25337
-23816
-20940
-16803
-11584
-5536
1029
7758
14282
20235
25284
29145
31605
32535
31896
29743
26220
21553
16028
9978
3757
-2279
-7803
-12532
-16242
-18790
-20114
-20236
-19258
-17354
-14753
-11716
-8527
-5459
-2761
-633
779
1405
1244
373
-1068
-2886
-4847
-6698
-8191
-9098
-9232
-8467
-6748
-4093
-601
3555
8143
12879
17454
21548
24860
27124
28132
27748
25922
22693
18188
12620
6269
-529
-7412
-14002
-19939
-24900
-28624
-30920
-31689
-30921
-28700
-25193
-20643
-15347
-9638
-3861
1648
6587
10705
13820
15824
16696
16493
15348
13453
11047
8395
5764
3406
1535
314
-159
137
1156
2778
4822
7066
9256
11132
12450
12997
12614
11207
8760
5337
1080
-3798
-9027
-14295
-19271
-23629
-27063
-29320
-30210
-29624
-27539
-24026
-19246
-13438
-6905
0
6905
13438
19246
24026
27539
29624
30210
29320
27063
23629
19271
14295
9027
3798
-1080
-5337
-8760
-11207
-12614
-12997
-12450
-11132
-9256
-7066
-4822
-2778
-1156
-137
159
-314
-1535
-3406
-5764
-8395
-11047
-13453
-15348
-16493
-16696
-15824
-13820
-10705
-6587
-1648
3861
9638
15347
20643
25193
28700
30921
31689
30920
28624
24900
19939
14002
7412
529
-6269
-12620
-18188
-22693
-25922
-27748
-28132
-27124
-24860
-21548
-17454
-12879
-8143
-3555
601
4093
6748
8467
9232
9098
8191
6698
4847
2886
1068
-373
-1244
-1405
-779
633
2761
5459
8527
11716
14753
17354
19258
20236
20114
18790
16242
12532
7803
2279
-3757
-9978
-16028
-21553
-26220
-29743
-31896
-32535
-31605
-29145
-25284
-20235
-14282
-7758
-1029
5536
11584
16803
20940
23816
25337
25496
24374
22130
18987
15216
11116
6990
3123
-235
-2892
-4720
-5665
-5753
-5080
-3806
-2138
-317
1405
2789
3625
3748
3060
1530
-793
-3793
-7281
-11016
-14723
-18108
-20882
-22783
-23597
-23175
-21443
-18414
-14188
-8946
-2943
3508
10057
16339
21996
26699
30178
32227
32730
31659
29082
25155
20112
14252
7916
1465
-4740
-10369
-15135
-18818
-21275
-22446
-22360
-21126
-18924
-15989
-12595
-9031
-5580
-2499
0
1768
2725
2864
2254
1031
-614
-2454
-4240
-5722
-6673
-6909
-6301
-4790
-2392
798
4618
8838
13186
17359
21049
23964
25849
26506
25810
23718
20278
15624
9973
3608
-3136
-9893
-16292
-21977
-26633
-30004
-31913
-32269
-31076
-28427
-24503
-19557
-13897
-7863
-1811
3917
9017
13234
16383
18358
19141
18791
17446
15304
12610
9636
6658
3934
1689
92
-751
-810
-125
1190
2965
4980
6987
8732
9973
10500
10154
8844
6552
3338
-658
-5229
-10112
-15002
-19579
-23523
-26543
-28395
-28900
-27958
-25559
-21783
-16797
-10846
-4240
2669
9509
15905
21512
26032
29233
30962
31162
29862
27185
23330
18566
13204
7583
2041
-3102
-7572
-11151
-13694
-15135
-15493
-14864
-13408
-11341
-8915
-6395
-4038
-2079
-702
-35
-134
-983
-2494
-4511
-6828
-9200
-11365
-13067
-14070
-14188
-13290
-11319
-8301
-4339
384
5625
11085
16438
21345
25484
28568
30368
30724
29568
26916
22883
17663
11529
4806
-2138
-8930
-15204
-20627
-24923
-27888
-29400
-29429
-28038
-25371
-21649
-17145
-12174
-7063
-2133
2328
6079
8942
10816
11679
11584
10660
9094
7115
4975
2932
1223
48
-443
-173
869
2618
4941
7640
10479
13189
15500
17153
17927
17656
16242
13666
9990
5362
0
-5813
-11754
-17477
-22634
-26902
-30004
-31728
-31941
-30599
-27752
-23541
-18189
-11987
-5276
1574
8191
14222
19356
23341
26006
27261
27109
25638
23018
19482
15311
10813
6301
2069
-1624
-4580
-6664
-7819
-8064
-7496
-6269
-4594
-2711
-871
681
1732
2116
1726
527
-1440
-4065
-7168
-10518
-13846
-16869
-19306
-20906
-21461
-20829
-18944
-15824
-11572
-6369
-474
5804
12120
18112
23429
27755
30826
32451
32521
31024
28037
23729
18345
12191
5617
-1008
-7326
-12997
-17738
-21331
-23634
-24595
-24248
-22709
-20166
-16866
-13090
-9136
-5298
-1841
1016
3116
4371
4768
4372
3314
1781
0
-1781
-3314
-4372
-4768
-4371
-3116
-1016
1841
5298
9136
13090
16866
20166
22709
24248
24595
23634
21331
17738
12997
7326
1008
-5617
-12191
-18345
-23729
-28037
-31024
-32521
-32451
-30826
-27755
-23429
-18112
-12120
-5804
474
6369
11572
15824
18944
20829
21461
20906
19306
16869
13846
10518
7168
4065
1440
-527
-1726
-2116
-1732
-681
871
2711
4594
6269
7496
8064
7819
6664
4580
1624
-2069
-6301
-10813
-15311
-19482
-23018
-25638
-27109
-27261
-26006
-23341
-19356
-14222
-8191
-1574
5276
11987
18189
23541
27752
30599
31941
31728
30004
26902
22634
17477
11754
5813
0
-5362
-9990
-13666
-16242
-17656
-17927
-17153
-15500
-13189
-10479
-7640
-4941
-2618
-869
173
443
-48
-1223
-2932
-4975
-7115
-9094
-10660
-11584
-11679
-10816
-8942
-6079
-2328
2133
7063
12174
17145
21649
25371
28038
29429
29400
27888
24923
20627
15204
8930
2138
-4806
-11529
-17663
-22883
-26916
-29568
-30724
-30368
-28568
-25484
-21345
-16438
-11085
-5625
-384
4339
8301
11319
13290
14188
14070
13067
11365
9200
6828
4511
2494
983
134
35
702
2079
4038
6395
8915
11341
13408
14864
15493
15135
13694
11151
7572
3102
-2041
-7583
-13204
-18566
-23330
-27185
-29862
-31162
-30962
-29233
-26032
-21512
-15905
-9509
-2669
4240
10846
16797
21783
25559
27958
28900
28395
26543
23523
19579
15002
10112
5229
658
-3338
-6552
-8844
-10154
-10500
-9973
-8732
-6987
-4980
-2965
-1190
125
810
751
-92
-1689
-3934
-6658
-9636
-12610
-15304
-17446
-18791
-19141
-18358
-16383
-13234
-9017
-3917
1811
7863
13897
19557
24503
28427
31076
32269
31913
30004
26633
21977
16292
9893
3136
-3608
-9973
-15624
-20278
-23718
-25810
-26506
-25849
-23964
-21049
-17359
-13186
-8838
-4618
-798
2392
4790
6301
6909
6673
5722
4240
2454
614
-1031
-2254
-2864
-2725
-1768
0
2499
5580
9031
12595
15989
18924
21126
22360
22446
21275
18818
15135
10369
4740
-1465
-7916
-14252
-20112
-25155
-29082
-31659
-32730
-32227
-30178
-26699
-21996
-16339
-10057
-3508
2943
8946
14188
18414
21443
23175
23597
22783
20882
18108
14723
11016
7281
3793
793
-1530
-3060
-3748
-3625
-2789
-1405
317
2138
3806
5080
5753
5665
4720
2892
235
-3123
-6990
-11116
-15216
-18987
-22130
-24374
-25496
-25337
-23816
-20940
-16803
-11584
-5536
1029
7758
14282
20235
25284
29145
31605
32535
31896
29743
26220
21553
16028
9978
3757
-2279
-7803
-12532
-16242
-18790
-20114
-20236
-19258
-17354
-14753
-11716
-8527
-5459
-2761
-633
779
1405
1244
373
-1068
-2886
-4847
-6698
-8191
-9098
-9232
-8467
-6748
-4093
-601
3555
8143
12879
17454
21548
24860
27124
28132
27748
25922
22693
18188
12620
6269
-529
-7412
-14002
-19939
-24900
-28624
-30920
-31689
-30921
-28700
-25193
-20643
-15347
-9638
-3861
1648
6587
10705
13820
15824
16696
16493
15348
13453
11047
8395
5764
3406
1535
314
-159
137
1156
2778
4822
7066
9256
11132
12450
12997
12614
11207
8760
5337
1080
-3798
-9027
-14295
-19271
-23629
-27063
-29320
-30210
-29624
-27539
-24026
-19246
-13438
-6905
0
6905
13438
19246
24026
27539
29624
30210
29320
27063
23629
19271
14295
9027
3798
-1080
-5337
-8760
-11207
-12614
-12997
-12450
-11132
-9256
-7066
-4822
-2778
-1156
-137
159
-314
-1535
-3406
-5764
-8395
-11047
-13453
-15348
-16493
-16696
-15824
-13820
-10705
-6587
-1648
3861
9638
15347
20643
25193
28700
30921
31689
30920
28624
24900
19939
14002
7412
529
-6269
-12620
-18188
-22693
-25922
-27748
-28132
-27124
-24860
-21548
-17454
-12879
-8143
-3555
601
4093
6748
8467
9232
9098
8191
6698
4847
2886
1068
-373
-1244
-1405
-779
633
2761
5459
8527
11716
14753
17354
19258
20236
20114
18790
16242
12532
7803
2279
-3757
-9978
-16028
-21553
-26220
-29743
-31896
-32535
-31605
-29145
-25284
-20235
-14282
-7758
-1029
5536
11584
16803
20940
23816
25337
25496
24374
22130
18987
15216
11116
6990
3123
-235
-2892
-4720
-5665
-5753
-5080
-3806
-2138
-317
1405
2789
3625
3748
3060
1530
-793
-3793
-7281
-11016
-14723
-18108
-20882
-22783
-23597
-23175
-21443
-18414
-14188
-8946
-2943
3508
10057
16339
21996
26699
30178
32227
32730
31659
29082
25155
20112
14252
7916
1465
-4740
-10369
-15135
-18818
-21275
-22446
-22360
-21126
-18924
-15989
-12595
-9031
-5580
-2499
0
1768
2725
2864
2254
1031
-614
-2454
-4240
-5722
-6673
-6909
-6301
-4790
-2392
798
4618
8838
13186
17359
21049
23964
25849
26506
25810
23718
20278
15624
9973
3608
-3136
-9893
-16292
-21977
-26633
-30004
-31913
-32269
-31076
-28427
-24503
-19557
-13897
-7863
-1811
3917
9017
13234
16383
18358
19141
18791
17446
15304
12610
9636
6658
3934
1689
92
-751
-810
-125
1190
2965
4980
6987
8732
9973
10500
10154
8844
6552
3338
-658
-5229
-10112
-15002
-19579
-23523
-26543
-28395
-28900
-27958
-25559
-21783
-16797
-10846
-4240
2669
9509
15905
21512
26032
29233
30962
31162
29862
27185
23330
18566
13204
7583
2041
-3102
-7572
-11151
-13694
-15135
-15493
-14864
-13408
-11341
-8915
-6395
-4038
-2079
-702
-35
-134
-983
-2494
-4511
-6828
-9200
-11365
-13067
-14070
-14188
-13290
-11319
-8301
-4339
384
5625
11085
16438
21345
25484
28568
30368
30724
29568
26916
22883
17663
11529
4806
-2138
-8930
-15204
-20627
-24923
-27888
-29400
-29429
-28038
-25371
-21649
-17145
-12174
-7063
-2133
2328
6079
8942
10816
11679
11584
10660
9094
7115
4975
2932
1223
48
-443
-173
869
2618
4941
7640
10479
13189
15500
17153
17927
17656
16242
13666
9990
5362
0
-5813
-11754
-17477
-22634
-26902
-30004
-31728
-31941
-30599
-27752
-23541
-18189
-11987
-5276
1574
8191
14222
19356
23341
26006
27261
27109
25638
23018
19482
15311
10813
6301
2069
-1624
-4580
-6664
-7819
-8064
-7496
-6269
-4594
-2711
-871
681
1732
2116
1726
527
-1440
-4065
-7168
-10518
-13846
-16869
-19306
-20906
-21461
-20829
-18944
-15824
-11572
-6369
-474
5804
12120
18112
23429
27755
30826
32451
32521
31024
28037
23729
18345
12191
5617
-1008
-7326
-12997
-17738
-21331
-23634
-24595
-24248
-22709
-20166
-16866
-13090
-9136
-5298
-1841
1016
3116
4371
4768
4372
3314
1781
0
-1781
-3314
-4372
-4768
-4371
-3116
-1016
1841
5298
9136
13090
16866
20166
22709
24248
24595
23634
21331
17738
12997
7326
1008
-5617
-12191
-18345
-23729
-28037
-31024
-32521
-32451
-30826
-27755
-23429
-18112
-12120
-5804
474
6369
11572
15824
18944
20829
21461
20906
19306
16869
13846
10518
7168
4065
1440
-527
-1726
-2116
-1732
-681
871
2711
4594
6269
7496
8064
7819
6664
4580
1624
-2069
-6301
-10813
-15311
-19482
-23018
-25638
-27109
-27261
-26006
-23341
-19356
-14222
-8191
-1574
5276
11987
18189
23541
27752
30599
31941
31728
30004
26902
22634
17477
11754
5813
0
-5362
-9990
-13666
-16242
-17656
-17927
-17153
-15500
-13189
-10479
-7640
-4941
-2618
-869
173
443
-48
-1223
-2932
-4975
-7115
-9094
-10660
-11584
-11679
-10816
-8942
-6079
-2328
2133
7063
12174
17145
21649
25371
28038
29429
29400
27888
24923
20627
15204
8930
2138
-4806
-11529
-17663
-22883
-26916
-29568
-30724
-30368
-28568
-25484
-21345
-16438
-11085
-5625
-384
4339
8301
11319
13290
14188
14070
13067
11365
9200
6828
4511
2494
983
134
35
702
2079
4038
6395
8915
11341
13408
14864
15493
15135
13694
11151
7572
3102
-2041
-7583
-13204
-18566
-23330
-27185
-29862
-31162
-30962
-29233
-26032
-21512
-15905
-9509
-2669
4240
10846
16797
21783
25559
27958
28900
28395
26543
23523
19579
15002
10112
5229
658
-3338
-6552
-8844
-10154
-10500
-9973
-8732
-6987
-4980
-2965
-1190
125
810
751
-92
-1689
-3934
-6658
-9636
-12610
-15304
-17446
-18791
-19141
-18358
-16383
-13234
-9017
-3917
1811
7863
13897
19557
24503
28427
31076
32269
31913
30004
26633
21977
16292
9893
3136
-3608
-9973
-15624
-20278
-23718
-25810
-26506
-25849
-23964
-21049
-17359
-13186
-8838
-4618
-798
2392
4790
6301
6909
6673
5722
4240
2454
614
-1031
-2254
-2864
-2725
-1768
0
2499
5580
9031
12595
15989
18924
21126
22360
22446
21275
18818
15135
10369
4740
-1465
-7916
-14252
-20112
-25155
-29082
-31659
-32730
-32227
-30178
-26699
-21996
-16339
-10057
-3508
2943
8946
14188
18414
21443
23175
23597
22783
20882
18108
14723
11016
7281
3793
793
-1530
-3060
-3748
-3625
-2789
-1405
317
2138
3806
5080
5753
5665
4720
2892
235
-3123
-6990
-11116
-15216
-18987
-22130
-24374
-25496
-25337
-23816
-20940
-16803
-11584
-5536
1029
7758
14282
20235
25284
29145
31605
32535
31896
29743
26220
21553
16028
9978
3757
-2279
-7803
-12532
-16242
-18790
-20114
-20236
-19258
-17354
-14753
-11716
-8527
-5459
-2761
-633
779
1405
1244
373
-1068
-2886
-4847
-6698
-8191
-9098
-9232
-8467
-6748
-4093
-601
3555
8143
12879
17454
21548
24860
27124
28132
27748
25922
22693
18188
12620
6269
-529
-7412
-14002
-19939
-24900
-28624
-30920
-31689
-30921
-28700
-25193
-20643
-15347
-9638
-3861
1648
6587
10705
13820
15824
16696
16493
15348
13453
11047
8395
5764
3406
1535
314
-159
137
1156
2778
4822
7066
9256
11132
12450
12997
12614
11207
8760
5337
1080
-3798
-9027
-14295
-19271
-23629
-27063
-29320
-30210
-29624
-27539
-24026
-19246
-13438
-6905
0
6905
13438
19246
24026
27539
29624
30210
29320
27063
23629
19271
14295
9027
3798
-1080
-5337
-8760
-11207
-12614
-12997
-12450
-11132
-9256
-7066
-4822
-2778
-1156
-137
159
-314
-1535
-3406
-5764
-8395
-11047
-13453
-15348
-16493
-16696
-15824
-13820
-10705
-6587
-1648
3861
9638
15347
20643
25193
28700
30921
31689
30920
28624
24900
19939
14002
7412
529
-6269
-12620
-18188
-22693
-25922
-27748
-28132
-27124
-24860
-21548
-17454
-12879
-8143
-3555
601
4093
6748
8467
9232
9098
8191
6698
4847
2886
1068
-373
-1244
-1405
-779
633
2761
5459
8527
11716
14753
17354
19258
20236
20114
18790
16242
12532
7803
2279
-3757
-9978
-16028
-21553
-26220
-29743
-31896
-32535
-31605
-29145
-25284
-20235
-14282
-7758
-1029
5536
11584
16803
20940
23816
25337
25496
24374
22130
18987
15216
11116
6990
3123
-235
-2892
-4720
-5665
-5753
-5080
-3806
-2138
-317
1405
2789
3625
3748
3060
1530
-793
-3793
-7281
-11016
-14723
-18108
-20882
-22783
-23597
-23175
-21443
-18414
-14188
-8946
-2943
3508
10057
16339
21996
26699
30178
32227
32730
31659
29082
25155
20112
14252
7916
1465
-4740
-10369
-15135
-18818
-21275
-22446
-22360
-21126
-18924
-15989
-12595
-9031
-5580
-2499
0
1768
2725
2864
2254
1031
-614
-2454
-4240
-5722
-6673
-6909
-6301
-4790
-2392
798
4618
8838
13186
17359
21049
23964
25849
26506
25810
23718
20278
15624
9973
3608
-3136
-9893
-16292
-21977
-26633
-30004
-31913
-32269
-31076
-28427
-24503
-19557
-13897
-7863
-1811
3917
9017
13234
16383
18358
19141
18791
17446
15304
12610
9636
6658
3934
1689
92
-751
-810
-125
1190
2965
4980
6987
8732
9973
10500
10154
8844
6552
3338
-658
-5229
-10112
-15002
-19579
-23523
-26543
-28395
-28900
-27958
-25559
-21783
-16797
-10846
-4240
2669
9509
15905
21512
26032
29233
30962
31162
29862
27185
23330
18566
13204
7583
2041
-3102
-7572
-11151
-13694
-15135
-15493
-14864
-13408
-11341
-8915
-6395
-4038
-2079
-702
-35
-134
-983
-2494
-4511
-6828
-9200
-11365
-13067
-14070
-14188
-13290
-11319
-8301
-4339
384
5625
11085
16438
21345
25484
28568
30368
30724
29568
26916
22883
17663
11529
4806
-2138
-8930
-15204
-20627
-24923
-27888
-29400
-29429
-28038
-25371
-21649
-17145
-12174
-7063
-2133
2328
6079
8942
10816
11679
11584
10660
9094
7115
4975
2932
1223
48
-443
-173
869
2618
4941
7640
10479
13189
15500
17153
17927
17656
16242
13666
9990
5362
0
-5813
-11754
-17477
-22634
-26902
-30004
-31728
-31941
-30599
-27752
-23541
-18189
-11987
-5276
1574
8191
14222
19356
23341
26006
27261
27109
25638
23018
19482
15311
10813
6301
2069
-1624
-4580
-6664
-7819
-8064
-7496
-6269
-4594
-2711
-871
681
1732
2116
1726
527
-1440
-4065
-7168
-10518
-13846
-16869
-19306
-20906
-21461
-20829
-18944
-15824
-11572
-6369
-474
5804
12120
18112
23429
27755
30826
32451
32521
31024
28037
23729
18345
12191
5617
-1008
-7326
-12997
-17738
-21331
-23634
-24595
-24248
-22709
-20166
-16866
-13090
-9136
-5298
-1841
1016
3116
4371
4768
4372
3314
1781
0
-1781
-3314
-4372
-4768
-4371
-3116
-1016
1841
5298
9136
13090
16866
20166
22709
24248
24595
23634
21331
17738
12997
7326
1008
-5617
-12191
-18345
-23729
-28037
-31024
-32521
-32451
-30826
-27755
-23429
-18112
-12120
-5804
474
6369
11572
15824
18944
20829
21461
20906
19306
16869
13846
10518
7168
4065
1440
-527
-1726
-2116
-1732
-681
871
2711
4594
6269
7496
8064
7819
6664
4580
1624
-2069
-6301
-10813
-15311
-19482
-23018
-25638
-27109
-27261
-26006
-23341
-19356
-14222
-8191
-1574
5276
11987
18189
23541
27752
30599
31941
31728
30004
26902
22634
17477
11754
5813
0
-5362
-9990
-13666
-16242
-17656
-17927
-17153
-15500
-13189
-10479
-7640
-4941
-2618
-869
173
443
-48
-1223
-2932
-4975
-7115
-9094
-10660
-11584
-11679
-10816
-8942
-6079
-2328
2133
7063
12174
17145
21649
25371
28038
29429
29400
27888
24923
20627
15204
8930
2138
-4806
-11529
-17663
-22883
-26916
-29568
-30724
-30368
-28568
-25484
-21345
-16438
-11085
-5625
-384
4339
8301
11319
13290
14188
14070
13067
11365
9200
6828
4511
2494
983
134
35
702
2079
4038
6395
8915
11341
13408
14864
15493
15135
13694
11151
7572
3102
-2041
-7583
-13204
-18566
-23330
-27185
-29862
-31162
-30962
-29233
-26032
-21512
-15905
-9509
-2669
4240
10846
16797
21783
25559
27958
28900
28395
26543
23523
19579
15002
10112
5229
658
-3338
-6552
-8844
-10154
-10500
-9973
-8732
-6987
-4980
-2965
-1190
125
810
751
-92
-1689
-3934
-6658
-9636
-12610
-15304
-17446
-18791
-19141
-18358
-16383
-13234
-9017
-3917
1811
7863
13897
19557
24503
28427
31076
32269
31913
30004
26633
21977
16292
9893
3136
-3608
-9973
-15624
-20278
-23718
-25810
-26506
-25849
-23964
-21049
-17359
-13186
-8838
-4618
-798
2392
4790
6301
6909
6673
5722
4240
2454
614
-1031
-2254
-2864
-2725
-1768
0
2499
5580
9031
12595
15989
18924
21126
22360
22446
21275
18818
15135
10369
4740
-1465
-7916
-14252
-20112
-25155
-29082
-31659
-32730
-32227
-30178
-26699
-21996
-16339
-10057
-3508
2943
8946
14188
18414
21443
23175
23597
22783
20882
18108
14723
11016
7281
3793
793
-1530
-3060
-3748
-3625
-2789
-1405
317
2138
3806
5080
5753
5665
4720
2892
235
-3123
-6990
-11116
-15216
-18987
-22130
-24374
-25496
-25337
-23816
-20940
-16803
-11584
-5536
1029
7758
14282
20235
25284
29145
31605
32535
31896
29743
26220
21553
16028
9978
3757
-2279
-7803
-12532
-16242
-18790
-20114
-20236
-19258
-17354
-14753
-11716
-8527
-5459
-2761
-633
779
1405
1244
373
-1068
-2886
-4847
-6698
-8191
-9098
-9232
-8467
-6748
-4093
-601
3555
8143
12879
17454
21548
24860
27124
28132
27748
25922
22693
18188
12620
6269
-529
-7412
-14002
-19939
-24900
-28624
-30920
-31689
-30921
-28700
-25193
-20643
-15347
-9638
-3861
1648
6587
10705
13820
15824
16696
16493
15348
13453
11047
8395
5764
3406
1535
314
-159
137
1156
2778
4822
7066
9256
11132
12450
12997
12614
11207
8760
5337
1080
-3798
-9027
-14295
-19271
-23629
-27063
-29320
-30210
-29624
-27539
-24026
-19246
-13438
-6905
