17269
10860
2323
-6503
-13675
-17624
-17552
-13646
-7044
438
6748
10116
9502
4874
-2766
-11612
-19489
-24393
-24992
-20975
-13146
-3247
6453
13713
16874
15271
9419
894
-8039
-14981
-17991
-16075
-9452
484
11483
20977
26708
27284
22529
13547
2464
-8071
-15531
-18124
-15240
-7608
2863
13539
21694
25174
22923
15258
3804
-8879
-19903
-26744
-27847
-23008
-13430
-1444
10040
18230
21115
17953
9452
-2389
-14751
-24660
-29696
-28562
-21402
-9768
3740
16081
24488
27110
23450
14470
2370
-9933
-19489
-23995
-22337
-14836
-3174
10002
21698
29260
30980
26482
16796
4110
-8737
-18907
-24204
-23562
-17269
-6882
5141
16010
23227
25144
21317
12579
836
-11371
-21439
-27272
-27724
-22829
-13764
-2566
8328
16611
20598
19566
13876
4870
-5444
-14830
-21300
-23513
-21037
-14409
-4991
5321
14505
20812
23111
21086
15278
6950
-2178
-10279
-15767
-17601
-15467
-9822
-1797
7032
14943
20394
22308
20275
14624
6366
-2997
-11743
-18255
-21326
-20385
-15618
-7946
1143
9863
16470
19603
18552
13416
5102
-4831
-14468
-21899
-25605
-24765
-19436
-10561
202
10793
19159
23661
23411
18457
9790
-852
-11321
-19489
-23676
-22989
-17506
-8259
2970
14002
22701
27390
27185
22159
13316
2383
-8538
-17386
-22537
-23111
-19117
-11435
-1619
8414
16757
21866
22839
19557
12675
3479
-6373
-15156
-21389
-24077
-22861
-18059
-10579
-1745
6935
14023
18380
19340
16806
11247
3621
-4785
-12557
-18379
-21238
-20593
-16466
-9452
-634
8577
16669
22278
24419
22671
17266
9070
-547
-9934
-17446
-21735
-21998
-18136
-10784
-1216
8878
17691
23626
25585
23172
16768
7458
-3158
-13264
-21146
-25502
-25659
-21680
-14337
-4956
4831
13373
19282
21658
20214
15302
7819
-962
-9610
-16770
-21364
-22742
-20752
-15744
-8489
-60
8328
15489
20425
22454
21302
17139
10562
2517
-5819
-13200
-18490
-20833
-19793
-15444
-8376
370
9452
17427
22985
25167
23534
18256
10098
306
-9595
-18051
-23738
-25781
-23899
-18445
-10342
-916
8328
15950
20809
22233
20100
14836
7317
-1280
-9676
-16676
-21335
-23071
-21720
-17531
-11107
-3316
4831
12303
18167
21692
22436
20294
15522
8715
749
-7315
-14367
-19391
-21614
-20635
-16499
-9718
-1216
7793
15984
22118
25243
24846
20941
14071
5225
-4317
-13185
-20136
-24233
-24981
-22385
-16923
-9452
-1064
7079
13917
18615
20664
19908
16541
11055
4160
-3299
-10441
-16433
-20571
-22346
-21500
-18059
-12350
-4978
3219
11256
18121
22898
24907
23810
19683
13021
4692
-4186
-12397
-18810
-22546
-23111
-20461
-15010
-7549
873
9116
16108
20992
23227
22631
19380
13947
7025
-575
-8021
-14540
-19489
-22393
-22979
-21192
-17198
-11380
-4318
3252
10500
16581
20738
22403
21287
17441
11278
3530
-4831
-12726
-19119
-23164
-24330
-22475
-17858
-11093
-3053
5263
12871
18928
22826
24245
23158
19803
14624
8203
1193
-5740
-11965
-16925
-20162
-21356
-20348
-17173
-12078
-5526
1827
9185
15695
20553
23111
22980
20099
14756
7561
-632
-8844
-16108
-21593
-24718
-25209
-23119
-18786
-12774
-5772
1491
8328
14156
18525
21131
21815
20554
17456
12759
6829
157
-6661
-12962
-18074
-21393
-22467
-21073
-17269
-11407
-4108
3815
11459
17953
22575
24845
24580
21894
17166
10967
3970
-3141
-9741
-15316
-19489
-22014
-22770
-21741
-19008
-14749
-9242
-2876
3856
10372
16048
20279
22562
22571
20219
15695
9452
2160
-5382
-12349
-18005
-21791
-23390
-22743
-20034
-15633
-10027
-3752
2675
8791
14203
18591
21694
23307
23278
21529
18082
13090
6866
-124
-7279
-13920
-19371
-23050
-24552
-23716
-20646
-15704
-9452
-2566
4252
10371
15295
18702
20448
20539
19094
16300
12377
7562
2112
-3683
-9486
-14901
-19489
-22805
-24451
-24142
-21768
-17438
-11484
-4439
3027
10196
16398
21097
23949
24833
23833
21195
17269
12441
7082
1521
-3964
-9127
-13732
-17535
-20273
-21685
-21548
-19726
-16225
-11226
-5098
1631
8328
14339
19077
22108
23198
22340
19731
15719
10741
5241
-379
-5798
-10778
-15145
-18756
-21466
-23111
-23512
-22505
-19986
-15959
-10586
-4196
2727
9595
15790
20750
24052
25465
24976
22770
19180
14624
9523
4248
-917
-5776
-10197
-14077
-17297
-19700
-21088
-21249
-20007
-17276
-13115
-7755
-1596
4831
10938
16157
20031
22272
22793
21697
19237
15748
11578
7027
2319
-2403
-7049
-11537
-15747
-19489
-22499
-24467
-25085
-24121
-21478
-17245
-11701
-5294
1425
7882
13568
18106
21295
23105
23647
23111
21701
19579
16838
13498
9548
4992
-89
-5505
-10937
-15966
-20131
-23004
-24269
-23789
-21632
-18059
-13479
-8369
-3188
1692
6031
9732
12810
15333
17361
18889
19825
19992
19174
17181
13920
9452
4016
-1983
-8031
-13586
-18168
-21437
-23239
-23614
-22759
-20961
-18517
-15660
-12521
-9114
-5374
-1216
3394
8381
13521
18461
22755
25952
27680
27728
26088
22961
18716
13812
8707
3772
-764
-4831
-8490
-11867
-15078
-18157
-21005
-23396
-25007
-25498
-24600
-22191
-18354
-13373
-7699
-1865
3613
8328
12050
14744
16547
17693
18431
18934
19241
19243
18710
17367
14982
11457
6883
1553
-4073
-9452
-14062
-17506
-19582
-20313
-19919
-18745
-17163
-15467
-13805
-12147
-10313
-8037
-5073
-1287
3267
8328
13456
18116
21785
24065
24768
23951
21896
19028
15815
12647
9751
7146
4666
2023
-1077
-4831
-9250
-14115
-19011
-23395
-26721
-28561
-28704
-27204
-24367
-20675
-16664
-12802
-9378
-6445
-3833
-1216
1772
5409
9781
14721
19828
24540
28256
30482
30944
29657
26921
23245
19226
15398
12111
9452
7239
5094
2565
-728
-4965
-10045
-15584
-20986
-25578
-28767
-30179
-29755
-27760
-24720
-21282
-18059
-15470
-13644
-12393
-11282
-9753
-7294
-3603
1312
7104
13150
18690
23005
25590
26278
25276
23111
20490
18120
16519
15885
16045
16506
16589
15621
13129
8982
3453
-2828
-9013
-14239
-17836
-19489
-19316
-17833
-15814
-14091
-13329
-13846
-15527
-17844
-19995
-21112
-20496
-17815
-13207
-7266
-912
4831
9088
11343
11577
10263
8243
6510
5936
7044
9852
13860
18163
21681
23433
22803
19704
14624
8515
2563
-2101
-4690
-4961
-3277
-517
2150
3571
2915
-95
-5096
-11155
-16996
-21313
-23111
-21957
-18111
-12473
-6364
-1202
1858
2218
0
-3978
-8403
-11804
-12923
-11061
-6263
661
8328
15110
19547
20709
18446
13439
7038
933
-3268
-4451
-2288
2670
9109
15281
19436
20270
-17269
-10860
-2323
6503
13675
17624
17552
13646
7044
-438
-6748
-10116
-9502
-4874
2766
11612
19489
24393
24992
20975
13146
3247
-6453
-13713
-16874
-15271
-9419
-894
8039
14981
17991
16075
9452
-484
-11483
-20977
-26708
-27284
-22529
-13547
-2464
8071
15531
18124
15240
7608
-2863
-13539
-21694
-25174
-22923
-15258
-3804
8879
19903
26744
27847
23008
13430
1444
-10040
-18230
-21115
-17953
-9452
2389
14751
24660
29696
28562
21402
9768
-3740
-16081
-24488
-27110
-23450
-14470
-2370
9933
19489
23995
22337
14836
3174
-10002
-21698
-29260
-30980
-26482
-16796
-4110
8737
18907
24204
23562
17269
6882
-5141
-16010
-23227
-25144
-21317
-12579
-836
11371
21439
27272
27724
22829
13764
2566
-8328
-16611
-20598
-19566
-13876
-4870
5444
14830
21300
23513
21037
14409
4991
-5321
-14505
-20812
-23111
-21086
-15278
-6950
2178
10279
15767
17601
15467
9822
1797
-7032
-14943
-20394
-22308
-20275
-14624
-6366
2997
11743
18255
21326
20385
15618
7946
-1143
-9863
-16470
-19603
-18552
-13416
-5102
4831
14468
21899
25605
24765
19436
10561
-202
-10793
-19159
-23661
-23411
-18457
-9790
852
11321
19489
23676
22989
17506
8259
-2970
-14002
-22701
-27390
-27185
-22159
-13316
-2383
8538
17386
22537
23111
19117
11435
1619
-8414
-16757
-21866
-22839
-19557
-12675
-3479
6373
15156
21389
24077
22861
18059
10579
1745
-6935
-14023
-18380
-19340
-16806
-11247
-3621
4785
12557
18379
21238
20593
16466
9452
634
-8577
-16669
-22278
-24419
-22671
-17266
-9070
547
9934
17446
21735
21998
18136
10784
1216
-8878
-17691
-23626
-25585
-23172
-16768
-7458
3158
13264
21146
25502
25659
21680
14337
4956
-4831
-13373
-19282
-21658
-20214
-15302
-7819
962
9610
16770
21364
22742
20752
15744
8489
60
-8328
-15489
-20425
-22454
-21302
-17139
-10562
-2517
5819
13200
18490
20833
19793
15444
8376
-370
-9452
-17427
-22985
-25167
-23534
-18256
-10098
-306
9595
18051
23738
25781
23899
18445
10342
916
-8328
-15950
-20809
-22233
-20100
-14836
-7317
1280
9676
16676
21335
23071
21720
17531
11107
3316
-4831
-12303
-18167
-21692
-22436
-20294
-15522
-8715
-749
7315
14367
19391
21614
20635
16499
9718
1216
-7793
-15984
-22118
-25243
-24846
-20941
-14071
-5225
4317
13185
20136
24233
24981
22385
16923
9452
1064
-7079
-13917
-18615
-20664
-19908
-16541
-11055
-4160
3299
10441
16433
20571
22346
21500
18059
12350
4978
-3219
-11256
-18121
-22898
-24907
-23810
-19683
-13021
-4692
4186
12397
18810
22546
23111
20461
15010
7549
-873
-9116
-16108
-20992
-23227
-22631
-19380
-13947
-7025
575
8021
14540
19489
22393
22979
21192
17198
11380
4318
-3252
-10500
-16581
-20738
-22403
-21287
-17441
-11278
-3530
4831
12726
19119
23164
24330
22475
17858
11093
3053
-5263
-12871
-18928
-22826
-24245
-23158
-19803
-14624
-8203
-1193
5740
11965
16925
20162
21356
20348
17173
12078
5526
-1827
-9185
-15695
-20553
-23111
-22980
-20099
-14756
-7561
632
8844
16108
21593
24718
25209
23119
18786
12774
5772
-1491
-8328
-14156
-18525
-21131
-21815
-20554
-17456
-12759
-6829
-157
6661
12962
18074
21393
22467
21073
17269
11407
4108
-3815
-11459
-17953
-22575
-24845
-24580
-21894
-17166
-10967
-3970
3141
9741
15316
19489
22014
22770
21741
19008
14749
9242
2876
-3856
-10372
-16048
-20279
-22562
-22571
-20219
-15695
-9452
-2160
5382
12349
18005
21791
23390
22743
20034
15633
10027
3752
-2675
-8791
-14203
-18591
-21694
-23307
-23278
-21529
-18082
-13090
-6866
124
7279
13920
19371
23050
24552
23716
20646
15704
9452
2566
-4252
-10371
-15295
-18702
-20448
-20539
-19094
-16300
-12377
-7562
-2112
3683
9486
14901
19489
22805
24451
24142
21768
17438
11484
4439
-3027
-10196
-16398
-21097
-23949
-24833
-23833
-21195
-17269
-12441
-7082
-1521
3964
9127
13732
17535
20273
21685
21548
19726
16225
11226
5098
-1631
-8328
-14339
-19077
-22108
-23198
-22340
-19731
-15719
-10741
-5241
379
5798
10778
15145
18756
21466
23111
23512
22505
19986
15959
10586
4196
-2727
-9595
-15790
-20750
-24052
-25465
-24976
-22770
-19180
-14624
-9523
-4248
917
5776
10197
14077
17297
19700
21088
21249
20007
17276
13115
7755
1596
-4831
-10938
-16157
-20031
-22272
-22793
-21697
-19237
-15748
-11578
-7027
-2319
2403
7049
11537
15747
19489
22499
24467
25085
24121
21478
17245
11701
5294
-1425
-7882
-13568
-18106
-21295
-23105
-23647
-23111
-21701
-19579
-16838
-13498
-9548
-4992
89
5505
10937
15966
20131
23004
24269
23789
21632
18059
13479
8369
3188
-1692
-6031
-9732
-12810
-15333
-17361
-18889
-19825
-19992
-19174
-17181
-13920
-9452
-4016
1983
8031
13586
18168
21437
23239
23614
22759
20961
18517
15660
12521
9114
5374
1216
-3394
-8381
-13521
-18461
-22755
-25952
-27680
-27728
-26088
-22961
-18716
-13812
-8707
-3772
764
4831
8490
11867
15078
18157
21005
23396
25007
25498
24600
22191
18354
13373
7699
1865
-3613
-8328
-12050
-14744
-16547
-17693
-18431
-18934
-19241
-19243
-18710
-17367
-14982
-11457
-6883
-1553
4073
9452
14062
17506
19582
20313
19919
18745
17163
15467
13805
12147
10313
8037
5073
1287
-3267
-8328
-13456
-18116
-21785
-24065
-24768
-23951
-21896
-19028
-15815
-12647
-9751
-7146
-4666
-2023
1077
4831
9250
14115
19011
23395
26721
28561
28704
27204
24367
20675
16664
12802
9378
6445
3833
1216
-1772
-5409
-9781
-14721
-19828
-24540
-28256
-30482
-30944
-29657
-26921
-23245
-19226
-15398
-12111
-9452
-7239
-5094
-2565
728
4965
10045
15584
20986
25578
28767
30179
29755
27760
24720
21282
18059
15470
13644
12393
11282
9753
7294
3603
-1312
-7104
-13150
-18690
-23005
-25590
-26278
-25276
-23111
-20490
-18120
-16519
-15885
-16045
-16506
-16589
-15621
-13129
-8982
-3453
2828
9013
14239
17836
19489
19316
17833
15814
14091
13329
13846
15527
17844
19995
21112
20496
17815
13207
7266
912
-4831
-9088
-11343
-11577
-10263
-8243
-6510
-5936
-7044
-9852
-13860
-18163
-21681
-23433
-22803
-19704
-14624
-8515
-2563
2101
4690
4961
3277
517
-2150
-3571
-2915
95
5096
11155
16996
21313
23111
21957
18111
12473
6364
1202
-1858
-2218
0
3978
8403
11804
12923
11061
6263
-661
-8328
-15110
-19547
-20709
-18446
-13439
-7038
-933
3268
4451
2288
-2670
-9109
-15281
-19436
-20270
-17269
-10860
-2323
6503
13675
17624
17552
13646
7044
-438
-6748
-10116
-9502
-4874
2766
11612
19489
24393
24992
20975
13146
3247
-6453
-13713
-16874
-15271
-9419
-894
8039
14981
17991
16075
9452
-484
-11483
-20977
-26708
-27284
-22529
-13547
-2464
8071
15531
18124
15240
7608
-2863
-13539
-21694
-25174
-22923
-15258
-3804
8879
19903
26744
27847
23008
13430
1444
-10040
-18230
-21115
-17953
-9452
2389
14751
24660
29696
28562
21402
9768
-3740
-16081
-24488
-27110
-23450
-14470
-2370
9933
19489
23995
22337
14836
3174
-10002
-21698
-29260
-30980
-26482
-16796
-4110
8737
18907
24204
23562
17269
6882
-5141
-16010
-23227
-25144
-21317
-12579
-836
11371
21439
27272
27724
22829
13764
2566
-8328
-16611
-20598
-19566
-13876
-4870
5444
14830
21300
23513
21037
14409
4991
-5321
-14505
-20812
-23111
-21086
-15278
-6950
2178
10279
15767
17601
15467
9822
1797
-7032
-14943
-20394
-22308
-20275
-14624
-6366
2997
11743
18255
21326
20385
15618
7946
-1143
-9863
-16470
-19603
-18552
-13416
-5102
4831
14468
21899
25605
24765
19436
10561
-202
-10793
-19159
-23661
-23411
-18457
-9790
852
11321
19489
23676
22989
17506
8259
-2970
-14002
-22701
-27390
-27185
-22159
-13316
-2383
8538
17386
22537
23111
19117
11435
1619
-8414
-16757
-21866
-22839
-19557
-12675
-3479
6373
15156
21389
24077
22861
18059
10579
1745
-6935
-14023
-18380
-19340
-16806
-11247
-3621
4785
12557
18379
21238
20593
16466
9452
634
-8577
-16669
-22278
-24419
-22671
-17266
-9070
547
9934
17446
21735
21998
18136
10784
1216
-8878
-17691
-23626
-25585
-23172
-16768
-7458
3158
13264
21146
25502
25659
21680
14337
4956
-4831
-13373
-19282
-21658
-20214
-15302
-7819
962
9610
16770
21364
22742
20752
15744
8489
60
-8328
-15489
-20425
-22454
-21302
-17139
-10562
-2517
5819
13200
18490
20833
19793
15444
8376
-370
-9452
-17427
-22985
-25167
-23534
-18256
-10098
-306
9595
18051
23738
25781
23899
18445
10342
916
-8328
-15950
-20809
-22233
-20100
-14836
-7317
1280
9676
16676
21335
23071
21720
17531
11107
3316
-4831
-12303
-18167
-21692
-22436
-20294
-15522
-8715
-749
7315
14367
19391
21614
20635
16499
9718
1216
-7793
-15984
-22118
-25243
-24846
-20941
-14071
-5225
4317
13185
20136
24233
24981
22385
16923
9452
1064
-7079
-13917
-18615
-20664
-19908
-16541
-11055
-4160
3299
10441
16433
20571
22346
21500
18059
12350
4978
-3219
-11256
-18121
-22898
-24907
-23810
-19683
-13021
-4692
4186
12397
18810
22546
23111
20461
15010
7549
-873
-9116
-16108
-20992
-23227
-22631
-19380
-13947
-7025
575
8021
14540
19489
22393
22979
21192
17198
11380
4318
-3252
-10500
-16581
-20738
-22403
-21287
-17441
-11278
-3530
4831
12726
19119
23164
24330
22475
17858
11093
3053
-5263
-12871
-18928
-22826
-24245
-23158
-19803
-14624
-8203
-1193
5740
11965
16925
20162
21356
20348
17173
12078
5526
-1827
-9185
-15695
-20553
-23111
-22980
-20099
-14756
-7561
632
8844
16108
21593
24718
25209
23119
18786
12774
5772
-1491
-8328
-14156
-18525
-21131
-21815
-20554
-17456
-12759
-6829
-157
6661
12962
18074
21393
22467
21073
17269
11407
4108
-3815
-11459
-17953
-22575
-24845
-24580
-21894
-17166
-10967
-3970
3141
9741
15316
19489
22014
22770
21741
19008
14749
9242
2876
-3856
-10372
-16048
-20279
-22562
-22571
-20219
-15695
-9452
-2160
5382
12349
18005
21791
23390
22743
20034
15633
10027
3752
-2675
-8791
-14203
-18591
-21694
-23307
-23278
-21529
-18082
-13090
-6866
124
7279
13920
19371
23050
24552
23716
20646
15704
9452
2566
-4252
-10371
-15295
-18702
-20448
-20539
-19094
-16300
-12377
-7562
-2112
3683
9486
14901
19489
22805
24451
24142
21768
17438
11484
4439
-3027
-10196
-16398
-21097
-23949
-24833
-23833
-21195
-17269
-12441
-7082
-1521
3964
9127
13732
17535
20273
21685
21548
19726
16225
11226
5098
-1631
-8328
-14339
-19077
-22108
-23198
-22340
-19731
-15719
-10741
-5241
379
5798
10778
15145
18756
21466
23111
23512
22505
19986
15959
10586
4196
-2727
-9595
-15790
-20750
-24052
-25465
-24976
-22770
-19180
-14624
-9523
-4248
917
5776
10197
14077
17297
19700
21088
21249
20007
17276
13115
7755
1596
-4831
-10938
-16157
-20031
-22272
-22793
-21697
-19237
-15748
-11578
-7027
-2319
2403
7049
11537
15747
19489
22499
24467
25085
24121
21478
17245
11701
5294
-1425
-7882
-13568
-18106
-21295
-23105
-23647
-23111
-21701
-19579
-16838
-13498
-9548
-4992
89
5505
10937
15966
20131
23004
24269
23789
21632
18059
13479
8369
3188
-1692
-6031
-9732
-12810
-15333
-17361
-18889
-19825
-19992
-19174
-17181
-13920
-9452
-4016
1983
8031
13586
18168
21437
23239
23614
22759
20961
18517
15660
12521
9114
5374
1216
-3394
-8381
-13521
-18461
-22755
-25952
-27680
-27728
-26088
-22961
-18716
-13812
-8707
-3772
764
4831
8490
11867
15078
18157
21005
23396
25007
25498
24600
22191
18354
13373
7699
1865
-3613
-8328
-12050
-14744
-16547
-17693
-18431
-18934
-19241
-19243
-18710
-17367
-14982
-11457
-6883
-1553
4073
9452
14062
17506
19582
20313
19919
18745
17163
15467
13805
12147
10313
8037
5073
1287
-3267
-8328
-13456
-18116
-21785
-24065
-24768
-23951
-21896
-19028
-15815
-12647
-9751
-7146
-4666
-2023
1077
4831
9250
14115
19011
23395
26721
28561
28704
27204
24367
20675
16664
12802
9378
6445
3833
1216
-1772
-5409
-9781
-14721
-19828
-24540
-28256
-30482
-30944
-29657
-26921
-23245
-19226
-15398
-12111
-9452
-7239
-5094
-2565
728
4965
10045
15584
20986
25578
28767
30179
29755
27760
24720
21282
18059
15470
13644
12393
11282
9753
7294
3603
-1312
-7104
-13150
-18690
-23005
-25590
-26278
-25276
-23111
-20490
-18120
-16519
-15885
-16045
-16506
-16589
-15621
-13129
-8982
-3453
2828
9013
14239
17836
19489
19316
17833
15814
14091
13329
13846
15527
17844
19995
21112
20496
17815
13207
7266
912
-4831
-9088
-11343
-11577
-10263
-8243
-6510
-5936
-7044
-9852
-13860
-18163
-21681
-23433
-22803
-19704
-14624
-8515
-2563
2101
4690
4961
3277
517
-2150
-3571
-2915
95
5096
11155
16996
21313
23111
21957
18111
12473
6364
1202
-1858
-2218
0
3978
8403
11804
12923
11061
6263
-661
-8328
-15110
-19547
-20709
-18446
-13439
-7038
-933
3268
4451
2288
-2670
-9109
-15281
-19436
-20270
-17269
-10860
-2323
6503
13675
17624
17552
13646
7044
-438
-6748
-10116
-9502
-4874
2766
11612
19489
24393
24992
20975
13146
3247
-6453
-13713
-16874
-15271
-9419
-894
8039
14981
17991
16075
9452
-484
-11483
-20977
-26708
-27284
-22529
-13547
-2464
8071
15531
18124
15240
7608
-2863
-13539
-21694
-25174
-22923
-15258
-3804
8879
19903
26744
27847
23008
13430
1444
-10040
-18230
-21115
-17953
-9452
2389
14751
24660
29696
28562
21402
9768
-3740
-16081
-24488
-27110
-23450
-14470
-2370
9933
19489
23995
22337
14836
3174
-10002
-21698
-29260
-30980
-26482
-16796
-4110
8737
18907
24204
23562
17269
6882
-5141
-16010
-23227
-25144
-21317
-12579
-836
11371
21439
27272
27724
22829
13764
2566
-8328
-16611
-20598
-19566
-13876
-4870
5444
14830
21300
23513
21037
14409
4991
-5321
-14505
-20812
-23111
-21086
-15278
-6950
2178
10279
15767
17601
15467
9822
1797
-7032
-14943
-20394
-22308
-20275
-14624
-6366
2997
11743
18255
21326
20385
15618
7946
-1143
-9863
-16470
-19603
-18552
-13416
-5102
4831
14468
21899
25605
24765
19436
10561
-202
-10793
-19159
-23661
-23411
-18457
-9790
852
11321
19489
23676
22989
17506
8259
-2970
-14002
-22701
-27390
-27185
-22159
-13316
-2383
8538
17386
22537
23111
19117
11435
1619
-8414
-16757
-21866
-22839
-19557
-12675
-3479
6373
15156
21389
24077
22861
18059
10579
1745
-6935
-14023
-18380
-19340
-16806
-11247
-3621
4785
12557
18379
21238
20593
16466
9452
634
-8577
-16669
-22278
-24419
-22671
-17266
-9070
547
9934
17446
21735
21998
18136
10784
1216
-8878
-17691
-23626
-25585
-23172
-16768
-7458
3158
13264
21146
25502
25659
21680
14337
4956
-4831
-13373
-19282
-21658
-20214
-15302
-7819
962
9610
16770
21364
22742
20752
15744
8489
60
-8328
-15489
-20425
-22454
-21302
-17139
-10562
-2517
5819
13200
18490
20833
19793
15444
8376
-370
-9452
-17427
-22985
-25167
-23534
-18256
-10098
-306
9595
18051
23738
25781
23899
18445
10342
916
-8328
-15950
-20809
-22233
-20100
-14836
-7317
1280
9676
16676
21335
23071
21720
17531
11107
3316
-4831
-12303
-18167
-21692
-22436
-20294
-15522
-8715
-749
7315
14367
19391
21614
20635
16499
9718
1216
-7793
-15984
-22118
-25243
-24846
-20941
-14071
-5225
4317
13185
20136
24233
24981
22385
16923
9452
1064
-7079
-13917
-18615
-20664
-19908
-16541
-11055
-4160
3299
10441
16433
20571
22346
21500
18059
12350
4978
-3219
-11256
-18121
-22898
-24907
-23810
-19683
-13021
-4692
4186
12397
18810
22546
23111
20461
15010
7549
-873
-9116
-16108
-20992
-23227
-22631
-19380
-13947
-7025
575
8021
14540
19489
22393
22979
21192
17198
11380
4318
-3252
-10500
-16581
-20738
-22403
-21287
-17441
-11278
-3530
4831
12726
19119
23164
24330
22475
17858
11093
3053
-5263
-12871
-18928
-22826
-24245
-23158
-19803
-14624
-8203
-1193
5740
11965
16925
20162
21356
20348
17173
12078
5526
-1827
-9185
-15695
-20553
-23111
-22980
-20099
-14756
-7561
632
8844
16108
21593
24718
25209
23119
18786
12774
5772
-1491
-8328
-14156
-18525
-21131
-21815
-20554
-17456
-12759
-6829
-157
6661
12962
18074
21393
22467
21073
17269
11407
4108
-3815
-11459
-17953
-22575
-24845
-24580
-21894
-17166
-10967
-3970
3141
9741
15316
19489
22014
22770
21741
19008
14749
9242
2876
-3856
-10372
-16048
-20279
-22562
-22571
-20219
-15695
-9452
-2160
5382
12349
18005
21791
23390
22743
20034
15633
10027
3752
-2675
-8791
-14203
-18591
-21694
-23307
-23278
-21529
-18082
-13090
-6866
124
7279
13920
19371
23050
24552
23716
20646
15704
9452
2566
-4252
-10371
-15295
-18702
-20448
-20539
-19094
-16300
-12377
-7562
-2112
3683
9486
14901
19489
22805
24451
24142
21768
17438
11484
4439
-3027
-10196
-16398
-21097
-23949
-24833
-23833
-21195
-17269
-12441
-7082
-1521
3964
9127
13732
17535
20273
21685
21548
19726
16225
11226
5098
-1631
-8328
-14339
-19077
-22108
-23198
-22340
-19731
-15719
-10741
-5241
379
5798
10778
15145
18756
21466
23111
23512
22505
19986
15959
10586
4196
-2727
-9595
-15790
-20750
-24052
-25465
-24976
-22770
-19180
-14624
-9523
-4248
917
5776
10197
14077
17297
19700
21088
21249
20007
17276
13115
7755
1596
-4831
-10938
-16157
-20031
-22272
-22793
-21697
-19237
-15748
-11578
-7027
-2319
2403
7049
11537
15747
19489
22499
24467
25085
24121
21478
17245
11701
5294
-1425
-7882
-13568
-18106
-21295
-23105
-23647
-23111
-21701
-19579
-16838
-13498
-9548
-4992
89
5505
10937
15966
20131
23004
24269
23789
21632
18059
13479
8369
3188
-1692
-6031
-9732
-12810
-15333
-17361
-18889
-19825
-19992
-19174
-17181
-13920
-9452
-4016
1983
8031
13586
18168
21437
23239
23614
22759
20961
18517
15660
12521
9114
5374
1216
-3394
-8381
-13521
-18461
-22755
-25952
-27680
-27728
-26088
-22961
-18716
-13812
-8707
-3772
764
4831
8490
11867
15078
18157
21005
23396
25007
25498
24600
22191
18354
13373
7699
1865
-3613
-8328
-12050
-14744
-16547
-17693
-18431
-18934
-19241
-19243
-18710
-17367
-14982
-11457
-6883
-1553
4073
9452
14062
17506
19582
20313
19919
18745
17163
15467
13805
12147
10313
8037
5073
1287
-3267
-8328
-13456
-18116
-21785
-24065
-24768
-23951
-21896
-19028
-15815
-12647
-9751
-7146
-4666
-2023
1077
4831
9250
14115
19011
23395
26721
28561
28704
27204
24367
20675
16664
12802
9378
6445
3833
1216
-1772
-5409
-9781
-14721
-19828
-24540
-28256
-30482
-30944
-29657
-26921
-23245
-19226
-15398
-12111
-9452
-7239
-5094
-2565
728
4965
10045
15584
20986
25578
28767
30179
29755
27760
24720
21282
18059
15470
13644
12393
11282
9753
7294
3603
-1312
-7104
-13150
-18690
-23005
-25590
-26278
-25276
-23111
-20490
-18120
-16519
-15885
-16045
-16506
-16589
-15621
-13129
-8982
-3453
2828
9013
14239
17836
19489
19316
17833
15814
14091
13329
13846
15527
17844
19995
21112
20496
17815
13207
7266
912
-4831
-9088
-11343
-11577
-10263
-8243
-6510
-5936
-7044
-9852
-13860
-18163
-21681
-23433
-22803
-19704
-14624
-8515
-2563
2101
4690
4961
3277
517
-2150
-3571
-2915
95
5096
11155
16996
21313
23111
21957
18111
12473
6364
1202
-1858
-2218
0
3978
8403
11804
12923
11061
6263
-661
-8328
-15110
-19547
-20709
-18446
-13439
-7038
-933
3268
4451
2288
-2670
-9109
-15281
-19436
-20270
-17269
-10860
-2323
6503
13675
17624
17552
13646
7044
-438
-6748
-10116
-9502
-4874
2766
11612
19489
24393
24992
20975
13146
3247
-6453
-13713
-16874
-15271
-9419
-894
8039
14981
17991
16075
9452
-484
-11483
-20977
-26708
-27284
-22529
-13547
-2464
8071
15531
18124
15240
7608
-2863
-13539
-21694
-25174
-22923
-15258
-3804
8879
19903
26744
27847
23008
13430
1444
-10040
-18230
-21115
-17953
-9452
2389
14751
24660
29696
28562
21402
9768
-3740
-16081
-24488
-27110
-23450
-14470
-2370
9933
19489
23995
22337
14836
3174
-10002
-21698
-29260
-30980
-26482
-16796
-4110
8737
18907
24204
23562
17269
6882
-5141
-16010
-23227
-25144
-21317
-12579
-836
11371
21439
27272
27724
22829
13764
2566
-8328
-16611
-20598
-19566
-13876
-4870
5444
14830
21300
23513
21037
14409
4991
-5321
-14505
-20812
-23111
-21086
-15278
-6950
2178
10279
15767
17601
15467
9822
1797
-7032
-14943
-20394
-22308
-20275
-14624
-6366
2997
11743
18255
21326
20385
15618
7946
-1143
-9863
-16470
-19603
-18552
-13416
-5102
4831
14468
21899
25605
24765
19436
10561
-202
-10793
-19159
-23661
-23411
-18457
-9790
852
11321
19489
23676
22989
17506
8259
-2970
-14002
-22701
-27390
-27185
-22159
-13316
-2383
8538
17386
22537
23111
19117
11435
1619
-8414
-16757
-21866
-22839
-19557
-12675
-3479
6373
15156
21389
24077
22861
18059
10579
1745
-6935
-14023
-18380
-19340
-16806
-11247
-3621
4785
12557
18379
21238
20593
16466
9452
634
-8577
-16669
-22278
-24419
-22671
-17266
-9070
547
9934
17446
21735
21998
18136
10784
1216
-8878
-17691
-23626
-25585
-23172
-16768
-7458
3158
13264
21146
25502
25659
21680
14337
4956
-4831
-13373
-19282
-21658
-20214
-15302
-7819
962
9610
16770
21364
22742
20752
15744
8489
60
-8328
-15489
-20425
-22454
-21302
-17139
-10562
-2517
5819
13200
18490
20833
19793
15444
8376
-370
-9452
-17427
-22985
-25167
-23534
-18256
-10098
-306
9595
18051
23738
25781
23899
18445
10342
916
-8328
-15950
-20809
-22233
-20100
-14836
-7317
1280
9676
16676
21335
23071
21720
17531
11107
3316
-4831
-12303
-18167
-21692
-22436
-20294
-15522
-8715
-749
7315
14367
19391
21614
20635
16499
9718
1216
-7793
-15984
-22118
-25243
-24846
-20941
-14071
-5225
4317
13185
20136
24233
24981
22385
16923
9452
1064
-7079
-13917
-18615
-20664
-19908
-16541
-11055
-4160
3299
10441
16433
20571
22346
21500
18059
12350
4978
-3219
-11256
-18121
-22898
-24907
-23810
-19683
-13021
-4692
4186
12397
18810
22546
23111
20461
15010
7549
-873
-9116
-16108
-20992
-23227
-22631
-19380
-13947
-7025
575
8021
14540
19489
22393
22979
21192
17198
11380
4318
-3252
-10500
-16581
-20738
-22403
-21287
-17441
-11278
-3530
4831
12726
19119
23164
24330
22475
17858
11093
3053
-5263
-12871
-18928
-22826
-24245
-23158
-19803
-14624
-8203
-1193
5740
11965
16925
20162
21356
20348
17173
12078
5526
-1827
-9185
-15695
-20553
-23111
-22980
-20099
-14756
-7561
632
8844
16108
21593
24718
25209
23119
18786
12774
5772
-1491
-8328
-14156
-18525
-21131
-21815
-20554
-17456
-12759
-6829
-157
6661
12962
18074
21393
22467
21073
17269
11407
4108
-3815
-11459
-17953
-22575
-24845
-24580
-21894
-17166
-10967
-3970
3141
9741
15316
19489
22014
22770
21741
19008
14749
9242
2876
-3856
-10372
-16048
-20279
-22562
-22571
-20219
-15695
-9452
-2160
5382
12349
18005
21791
23390
22743
20034
15633
10027
3752
-2675
-8791
-14203
-18591
-21694
-23307
-23278
-21529
-18082
-13090
-6866
124
7279
13920
19371
23050
24552
23716
20646
15704
9452
2566
-4252
-10371
-15295
-18702
-20448
-20539
-19094
-16300
-12377
-7562
-2112
3683
9486
14901
19489
22805
24451
24142
21768
17438
11484
4439
-3027
-10196
-16398
-21097
-23949
-24833
-23833
-21195
-17269
-12441
-7082
-1521
3964
9127
13732
17535
20273
21685
21548
19726
16225
11226
5098
-1631
-8328
-14339
-19077
-22108
-23198
-22340
-19731
-15719
-10741
-5241
379
5798
10778
15145
18756
21466
23111
23512
22505
19986
15959
10586
4196
-2727
-9595
-15790
-20750
-24052
-25465
-24976
-22770
-19180
-14624
-9523
-4248
917
5776
10197
14077
17297
19700
21088
21249
20007
17276
13115
7755
1596
-4831
-10938
-16157
-20031
-22272
-22793
-21697
-19237
-15748
-11578
-7027
-2319
2403
7049
11537
15747
19489
22499
24467
25085
24121
21478
17245
11701
5294
-1425
-7882
-13568
-18106
-21295
-23105
-23647
-23111
-21701
-19579
-16838
-13498
-9548
-4992
89
5505
10937
15966
20131
23004
24269
23789
21632
18059
13479
8369
3188
-1692
-6031
-9732
-12810
-15333
-17361
-18889
-19825
-19992
-19174
-17181
-13920
-9452
-4016
1983
8031
13586
18168
21437
23239
23614
22759
20961
18517
15660
12521
9114
5374
1216
-3394
-8381
-13521
-18461
-22755
-25952
-27680
-27728
-26088
-22961
-18716
-13812
-8707
-3772
764
4831
8490
11867
15078
18157
21005
23396
25007
25498
24600
22191
18354
13373
7699
1865
-3613
-8328
-12050
-14744
-16547
-17693
-18431
-18934
-19241
-19243
-18710
-17367
-14982
-11457
-6883
-1553
4073
9452
14062
17506
19582
20313
19919
18745
17163
15467
13805
12147
10313
8037
5073
1287
-3267
-8328
-13456
-18116
-21785
-24065
-24768
-23951
-21896
-19028
-15815
-12647
-9751
-7146
-4666
-2023
1077
4831
9250
14115
19011
23395
26721
28561
28704
27204
24367
20675
16664
12802
9378
6445
3833
1216
-1772
-5409
-9781
-14721
-19828
-24540
-28256
-30482
-30944
-29657
-26921
-23245
-19226
-15398
-12111
-9452
-7239
-5094
-2565
728
4965
10045
15584
20986
25578
28767
30179
29755
27760
24720
21282
18059
15470
13644
12393
11282
9753
7294
3603
-1312
-7104
-13150
-18690
-23005
-25590
-26278
-25276
-23111
-20490
-18120
-16519
-15885
-16045
-16506
-16589
-15621
-13129
-8982
-3453
2828
9013
14239
17836
19489
19316
17833
15814
14091
13329
13846
15527
17844
19995
21112
20496
17815
13207
7266
912
-4831
-9088
-11343
-11577
-10263
-8243
-6510
-5936
-7044
-9852
-13860
-18163
-21681
-23433
-22803
-19704
-14624
-8515
-2563
2101
4690
4961
3277
517
-2150
-3571
-2915
95
5096
11155
16996
21313
23111
21957
18111
12473
6364
1202
-1858
-2218
0
3978
8403
11804
12923
11061
6263
-661
-8328
-15110
-19547
-20709
-18446
-13439
-7038
-933
3268
4451
2288
-2670
-9109
-15281
-19436
-20270
-17269
-10860
-2323
6503
13675
17624
17552
13646
7044
-438
-6748
-10116
-9502
-4874
2766
11612
19489
24393
24992
20975
13146
3247
-6453
-13713
-16874
-15271
-9419
-894
8039
14981
17991
16075
9452
-484
-11483
-20977
-26708
-27284
-22529
-13547
-2464
8071
15531
18124
15240
7608
-2863
-13539
-21694
-25174
-22923
-15258
-3804
8879
19903
26744
27847
23008
13430
1444
-10040
-18230
-21115
-17953
-9452
2389
14751
24660
29696
28562
21402
9768
-3740
-16081
-24488
-27110
-23450
-14470
-2370
9933
19489
23995
22337
14836
3174
-10002
-21698
-29260
-30980
-26482
-16796
-4110
8737
18907
24204
23562
17269
6882
-5141
-16010
-23227
-25144
-21317
-12579
-836
11371
21439
27272
27724
22829
13764
2566
-8328
-16611
-20598
-19566
-13876
-4870
5444
14830
21300
23513
21037
14409
4991
-5321
-14505
-20812
-23111
-21086
-15278
-6950
2178
10279
15767
17601
15467
9822
1797
-7032
-14943
-20394
-22308
-20275
-14624
-6366
2997
11743
18255
21326
20385
15618
7946
-1143
-9863
-16470
-19603
-18552
-13416
-5102
4831
14468
21899
25605
24765
19436
10561
-202
-10793
-19159
-23661
-23411
-18457
-9790
852
11321
19489
23676
22989
17506
8259
-2970
-14002
-22701
-27390
-27185
-22159
-13316
-2383
8538
17386
22537
23111
19117
11435
1619
-8414
-16757
-21866
-22839
-19557
-12675
-3479
6373
15156
21389
24077
22861
18059
10579
1745
-6935
-14023
-18380
-19340
-16806
-11247
-3621
4785
12557
18379
21238
20593
16466
9452
634
-8577
-16669
-22278
-24419
-22671
-17266
-9070
547
9934
17446
21735
21998
18136
10784
1216
-8878
-17691
-23626
-25585
-23172
-16768
-7458
3158
13264
21146
25502
25659
21680
14337
4956
-4831
-13373
-19282
-21658
-20214
-15302
-7819
962
9610
16770
21364
22742
20752
15744
8489
60
-8328
-15489
-20425
-22454
-21302
-17139
-10562
-2517
5819
13200
18490
20833
19793
15444
8376
-370
-9452
-17427
-22985
-25167
-23534
-18256
-10098
-306
9595
18051
23738
25781
23899
18445
10342
916
-8328
-15950
-20809
-22233
-20100
-14836
-7317
1280
9676
16676
21335
23071
21720
17531
11107
3316
-4831
-12303
-18167
-21692
-22436
-20294
-15522
-8715
-749
7315
14367
19391
21614
20635
16499
9718
1216
-7793
-15984
-22118
-25243
-24846
-20941
-14071
-5225
4317
13185
20136
24233
24981
22385
16923
9452
1064
-7079
-13917
-18615
-20664
-19908
-16541
-11055
-4160
3299
10441
16433
20571
22346
21500
18059
12350
4978
-3219
-11256
-18121
-22898
-24907
-23810
-19683
-13021
-4692
4186
12397
18810
22546
23111
20461
15010
7549
-873
-9116
-16108
-20992
-23227
-22631
-19380
-13947
-7025
575
8021
14540
19489
22393
22979
21192
17198
11380
4318
-3252
-10500
-16581
-20738
-22403
-21287
-17441
-11278
-3530
4831
12726
19119
23164
24330
22475
17858
11093
3053
-5263
-12871
-18928
-22826
-24245
-23158
-19803
-14624
-8203
-1193
5740
11965
16925
20162
21356
20348
17173
12078
5526
-1827
-9185
-15695
-20553
-23111
-22980
-20099
-14756
-7561
632
8844
16108
21593
24718
25209
23119
18786
12774
5772
-1491
-8328
-14156
-18525
-21131
-21815
-20554
-17456
-12759
-6829
-157
6661
12962
18074
21393
22467
21073
17269
11407
4108
-3815
-11459
-17953
-22575
-24845
-24580
-21894
-17166
-10967
-3970
3141
9741
15316
19489
22014
22770
21741
19008
14749
9242
2876
-3856
-10372
-16048
-20279
-22562
-22571
-20219
-15695
-9452
-2160
5382
12349
18005
21791
23390
22743
20034
15633
10027
3752
-2675
-8791
-14203
-18591
-21694
-23307
-23278
-21529
-18082
-13090
-6866
124
7279
13920
19371
23050
24552
23716
20646
15704
9452
2566
-4252
-10371
-15295
-18702
-20448
-20539
-19094
-16300
-12377
-7562
-2112
3683
9486
14901
19489
22805
24451
24142
21768
17438
11484
4439
-3027
-10196
-16398
-21097
-23949
-24833
-23833
-21195
-17269
-12441
-7082
-1521
3964
9127
13732
17535
20273
21685
21548
19726
16225
11226
5098
-1631
-8328
-14339
-19077
-22108
-23198
-22340
-19731
-15719
-10741
-5241
379
5798
10778
15145
18756
21466
23111
23512
22505
19986
15959
10586
4196
-2727
-9595
-15790
-20750
-24052
-25465
-24976
-22770
-19180
-14624
-9523
-4248
917
5776
10197
14077
17297
19700
21088
21249
20007
17276
13115
7755
1596
-4831
-10938
-16157
-20031
-22272
-22793
-21697
-19237
-15748
-11578
-7027
-2319
2403
7049
11537
15747
19489
22499
24467
25085
24121
21478
17245
11701
5294
-1425
-7882
-13568
-18106
-21295
-23105
-23647
-23111
-21701
-19579
-16838
-13498
-9548
-4992
89
5505
10937
15966
20131
23004
24269
23789
21632
18059
13479
8369
3188
-1692
-6031
-9732
-12810
-15333
-17361
-18889
-19825
-19992
-19174
-17181
-13920
-9452
-4016
1983
8031
13586
18168
21437
23239
23614
22759
20961
18517
15660
12521
9114
5374
1216
-3394
-8381
-13521
-18461
-22755
-25952
-27680
-27728
-26088
-22961
-18716
-13812
-8707
-3772
764
4831
8490
11867
15078
18157
21005
23396
25007
25498
24600
22191
18354
13373
7699
1865
-3613
-8328
-12050
-14744
-16547
-17693
-18431
-18934
-19241
-19243
-18710
-17367
-14982
-11457
-6883
-1553
4073
9452
14062
17506
19582
20313
19919
18745
17163
15467
13805
12147
10313
8037
5073
1287
-3267
-8328
-13456
-18116
-21785
-24065
-24768
-23951
-21896
-19028
-15815
-12647
-9751
-7146
-4666
-2023
1077
4831
9250
14115
19011
23395
26721
28561
28704
27204
24367
20675
16664
12802
9378
6445
3833
1216
-1772
-5409
-9781
-14721
-19828
-24540
-28256
-30482
-30944
-29657
-26921
-23245
-19226
-15398
-12111
-9452
-7239
-5094
-2565
728
4965
10045
15584
20986
25578
28767
30179
29755
27760
24720
21282
18059
15470
13644
12393
11282
9753
7294
3603
-1312
-7104
-13150
-18690
-23005
-25590
-26278
-25276
-23111
-20490
-18120
-16519
-15885
-16045
-16506
-16589
-15621
-13129
-8982
-3453
2828
9013
14239
17836
19489
19316
17833
15814
14091
13329
13846
15527
17844
19995
21112
20496
17815
13207
7266
912
-4831
-9088
-11343
-11577
-10263
-8243
-6510
-5936
-7044
-9852
-13860
-18163
-21681
-23433
-22803
-19704
-14624
-8515
-2563
2101
4690
4961
3277
517
-2150
-3571
-2915
95
5096
11155
16996
21313
23111
21957
18111
12473
6364
1202
-1858
-2218
0
3978
8403
11804
12923
11061
6263
-661
-8328
-15110
-19547
-20709
-18446
-13439
-7038
-933
3268
4451
2288
-2670
-9109
-15281
-19436
-20270
17269
10860
2323
-6503
-13675
-17624
-17552
-13646
-7044
438
6748
10116
9502
4874
-2766
-11612
-19489
-24393
-24992
-20975
-13146
-3247
6453
13713
16874
15271
9419
894
-8039
-14981
-17991
-16075
-9452
484
11483
20977
26708
27284
22529
13547
2464
-8071
-15531
-18124
-15240
-7608
2863
13539
21694
25174
22923
15258
3804
-8879
-19903
-26744
-27847
-23008
-13430
-1444
10040
18230
21115
17953
9452
-2389
-14751
-24660
-29696
-28562
-21402
-9768
3740
16081
24488
27110
23450
14470
2370
-9933
-19489
-23995
-22337
-14836
-3174
10002
21698
29260
30980
26482
16796
4110
-8737
-18907
-24204
-23562
-17269
-6882
5141
16010
23227
25144
21317
12579
836
-11371
-21439
-27272
-27724
-22829
-13764
-2566
8328
16611
20598
19566
13876
4870
-5444
-14830
-21300
-23513
-21037
-14409
-4991
5321
14505
20812
23111
21086
15278
6950
-2178
-10279
-15767
-17601
-15467
-9822
-1797
7032
14943
20394
22308
20275
14624
6366
-2997
-11743
-18255
-21326
-20385
-15618
-7946
1143
9863
16470
19603
18552
13416
5102
-4831
-14468
-21899
-25605
-24765
-19436
-10561
202
10793
19159
23661
23411
18457
9790
-852
-11321
-19489
-23676
-22989
-17506
-8259
2970
14002
22701
27390
27185
22159
13316
2383
-8538
-17386
-22537
-23111
-19117
-11435
-1619
8414
16757
21866
22839
19557
12675
3479
-6373
-15156
-21389
-24077
-22861
-18059
-10579
-1745
6935
14023
18380
19340
16806
11247
3621
-4785
-12557
-18379
-21238
-20593
-16466
-9452
-634
8577
16669
22278
24419
22671
17266
9070
-547
-9934
-17446
-21735
-21998
-18136
-10784
-1216
8878
17691
23626
25585
23172
16768
7458
-3158
-13264
-21146
-25502
-25659
-21680
-14337
-4956
4831
13373
19282
21658
20214
15302
7819
-962
-9610
-16770
-21364
-22742
-20752
-15744
-8489
-60
8328
15489
20425
22454
21302
17139
10562
2517
-5819
-13200
-18490
-20833
-19793
-15444
-8376
370
9452
17427
22985
25167
23534
18256
10098
306
-9595
-18051
-23738
-25781
-23899
-18445
-10342
-916
8328
15950
20809
22233
20100
14836
7317
-1280
-9676
-16676
-21335
-23071
-21720
-17531
-11107
-3316
4831
12303
18167
21692
22436
20294
15522
8715
749
-7315
-14367
-19391
-21614
-20635
-16499
-9718
-1216
7793
15984
22118
25243
24846
20941
14071
5225
-4317
-13185
-20136
-24233
-24981
-22385
-16923
-9452
-1064
7079
13917
18615
20664
19908
16541
11055
4160
-3299
-10441
-16433
-20571
-22346
-21500
-18059
-12350
-4978
3219
11256
18121
22898
24907
23810
19683
13021
4692
-4186
-12397
-18810
-22546
-23111
-20461
-15010
-7549
873
9116
16108
20992
23227
22631
19380
13947
7025
-575
-8021
-14540
-19489
-22393
-22979
-21192
-17198
-11380
-4318
3252
10500
16581
20738
22403
21287
17441
11278
3530
-4831
-12726
-19119
-23164
-24330
-22475
-17858
-11093
-3053
5263
12871
18928
22826
24245
23158
19803
14624
8203
1193
-5740
-11965
-16925
-20162
-21356
-20348
-17173
-12078
-5526
1827
9185
15695
20553
23111
22980
20099
14756
7561
-632
-8844
-16108
-21593
-24718
-25209
-23119
-18786
-12774
-5772
1491
8328
14156
18525
21131
21815
20554
17456
12759
6829
157
-6661
-12962
-18074
-21393
-22467
-21073
-17269
-11407
-4108
3815
11459
17953
22575
24845
24580
21894
17166
10967
3970
-3141
-9741
-15316
-19489
-22014
-22770
-21741
-19008
-14749
-9242
-2876
3856
10372
16048
20279
22562
22571
20219
15695
9452
2160
-5382
-12349
-18005
-21791
-23390
-22743
-20034
-15633
-10027
-3752
2675
8791
14203
18591
21694
23307
23278
21529
18082
13090
6866
-124
-7279
-13920
-19371
-23050
-24552
-23716
-20646
-15704
-9452
-2566
4252
10371
15295
18702
20448
20539
19094
16300
12377
7562
2112
-3683
-9486
-14901
-19489
-22805
-24451
-24142
-21768
-17438
-11484
-4439
3027
10196
16398
21097
23949
24833
23833
21195
17269
12441
7082
1521
-3964
-9127
-13732
-17535
-20273
-21685
-21548
-19726
-16225
-11226
-5098
1631
8328
14339
19077
22108
23198
22340
19731
15719
10741
5241
-379
-5798
-10778
-15145
-18756
-21466
-23111
-23512
-22505
-19986
-15959
-10586
-4196
2727
9595
15790
20750
24052
25465
24976
22770
19180
14624
9523
4248
-917
-5776
-10197
-14077
-17297
-19700
-21088
-21249
-20007
-17276
-13115
-7755
-1596
4831
10938
16157
20031
22272
22793
21697
19237
15748
11578
7027
2319
-2403
-7049
-11537
-15747
-19489
-22499
-24467
-25085
-24121
-21478
-17245
-11701
-5294
1425
7882
13568
18106
21295
23105
23647
23111
21701
19579
16838
13498
9548
4992
-89
-5505
-10937
-15966
-20131
-23004
-24269
-23789
-21632
-18059
-13479
-8369
-3188
1692
6031
9732
12810
15333
17361
18889
19825
19992
19174
17181
13920
9452
4016
-1983
-8031
-13586
-18168
-21437
-23239
-23614
-22759
-20961
-18517
-15660
-12521
-9114
-5374
-1216
3394
8381
13521
18461
22755
25952
27680
27728
26088
22961
18716
13812
8707
3772
-764
-4831
-8490
-11867
-15078
-18157
-21005
-23396
-25007
-25498
-24600
-22191
-18354
-13373
-7699
-1865
3613
8328
12050
14744
16547
17693
18431
18934
19241
19243
18710
17367
14982
11457
6883
1553
-4073
-9452
-14062
-17506
-19582
-20313
-19919
-18745
-17163
-15467
-13805
-12147
-10313
-8037
-5073
-1287
3267
8328
13456
18116
21785
24065
24768
23951
21896
19028
15815
12647
9751
7146
4666
2023
-1077
-4831
-9250
-14115
-19011
-23395
-26721
-28561
-28704
-27204
-24367
-20675
-16664
-12802
-9378
-6445
-3833
-1216
1772
5409
9781
14721
19828
24540
28256
30482
30944
29657
26921
23245
19226
15398
12111
9452
7239
5094
2565
-728
-4965
-10045
-15584
-20986
-25578
-28767
-30179
-29755
-27760
-24720
-21282
-18059
-15470
-13644
-12393
-11282
-9753
-7294
-3603
1312
7104
13150
18690
23005
25590
26278
25276
23111
20490
18120
16519
15885
16045
16506
16589
15621
13129
8982
3453
-2828
-9013
-14239
-17836
-19489
-19316
-17833
-15814
-14091
-13329
-13846
-15527
-17844
-19995
-21112
-20496
-17815
-13207
-7266
-912
4831
9088
11343
11577
10263
8243
6510
5936
7044
9852
13860
18163
21681
23433
22803
19704
14624
8515
2563
-2101
-4690
-4961
-3277
-517
2150
3571
2915
-95
-5096
-11155
-16996
-21313
-23111
-21957
-18111
-12473
-6364
-1202
1858
2218
0
-3978
-8403
-11804
-12923
-11061
-6263
661
8328
15110
19547
20709
18446
13439
7038
933
-3268
-4451
-2288
2670
9109
15281
19436
20270
-17269
-10860
-2323
6503
13675
17624
17552
13646
7044
-438
-6748
-10116
-9502
-4874
2766
11612
19489
24393
24992
20975
13146
3247
-6453
-13713
-16874
-15271
-9419
-894
8039
14981
17991
16075
9452
-484
-11483
-20977
-26708
-27284
-22529
-13547
-2464
8071
15531
18124
15240
7608
-2863
-13539
-21694
-25174
-22923
-15258
-3804
8879
19903
26744
27847
23008
13430
1444
-10040
-18230
-21115
-17953
-9452
2389
14751
24660
29696
28562
21402
9768
-3740
-16081
-24488
-27110
-23450
-14470
-2370
9933
19489
23995
22337
14836
3174
-10002
-21698
-29260
-30980
-26482
-16796
-4110
8737
18907
24204
23562
17269
6882
-5141
-16010
-23227
-25144
-21317
-12579
-836
11371
21439
27272
27724
22829
13764
2566
-8328
-16611
-20598
-19566
-13876
-4870
5444
14830
21300
23513
21037
14409
4991
-5321
-14505
-20812
-23111
-21086
-15278
-6950
2178
10279
15767
17601
15467
9822
1797
-7032
-14943
-20394
-22308
-20275
-14624
-6366
2997
11743
18255
21326
20385
15618
7946
-1143
-9863
-16470
-19603
-18552
-13416
-5102
4831
14468
21899
25605
24765
19436
10561
-202
-10793
-19159
-23661
-23411
-18457
-9790
852
11321
19489
23676
22989
17506
8259
-2970
-14002
-22701
-27390
-27185
-22159
-13316
-2383
8538
17386
22537
23111
19117
11435
1619
-8414
-16757
-21866
-22839
-19557
-12675
-3479
6373
15156
21389
24077
22861
18059
10579
1745
-6935
-14023
-18380
-19340
-16806
-11247
-3621
4785
12557
18379
21238
20593
16466
9452
634
-8577
-16669
-22278
-24419
-22671
-17266
-9070
547
9934
17446
21735
21998
18136
10784
1216
-8878
-17691
-23626
-25585
-23172
-16768
-7458
3158
13264
21146
25502
25659
21680
14337
4956
-4831
-13373
-19282
-21658
-20214
-15302
-7819
962
9610
16770
21364
22742
20752
15744
8489
60
-8328
-15489
-20425
-22454
-21302
-17139
-10562
-2517
5819
13200
18490
20833
19793
15444
8376
-370
-9452
-17427
-22985
-25167
-23534
-18256
-10098
-306
9595
18051
23738
25781
23899
18445
10342
916
-8328
-15950
-20809
-22233
-20100
-14836
-7317
1280
9676
16676
21335
23071
21720
17531
11107
3316
-4831
-12303
-18167
-21692
-22436
-20294
-15522
-8715
-749
7315
14367
19391
21614
20635
16499
9718
1216
-7793
-15984
-22118
-25243
-24846
-20941
-14071
-5225
4317
13185
20136
24233
24981
22385
16923
9452
1064
-7079
-13917
-18615
-20664
-19908
-16541
-11055
-4160
3299
10441
16433
20571
22346
21500
18059
12350
4978
-3219
-11256
-18121
-22898
-24907
-23810
-19683
-13021
-4692
4186
12397
18810
22546
23111
20461
15010
7549
-873
-9116
-16108
-20992
-23227
-22631
-19380
-13947
-7025
575
8021
14540
19489
22393
22979
21192
17198
11380
4318
-3252
-10500
-16581
-20738
-22403
-21287
-17441
-11278
-3530
4831
12726
19119
23164
24330
22475
17858
11093
3053
-5263
-12871
-18928
-22826
-24245
-23158
-19803
-14624
-8203
-1193
5740
11965
16925
20162
21356
20348
17173
12078
5526
-1827
-9185
-15695
-20553
-23111
-22980
-20099
-14756
-7561
632
8844
16108
21593
24718
25209
23119
18786
12774
5772
-1491
-8328
-14156
-18525
-21131
-21815
-20554
-17456
-12759
-6829
-157
6661
12962
18074
21393
22467
21073
17269
11407
4108
-3815
-11459
-17953
-22575
-24845
-24580
-21894
-17166
-10967
-3970
3141
9741
15316
19489
22014
22770
21741
19008
14749
9242
2876
-3856
-10372
-16048
-20279
-22562
-22571
-20219
-15695
-9452
-2160
5382
12349
18005
21791
23390
22743
20034
15633
10027
3752
-2675
-8791
-14203
-18591
-21694
-23307
-23278
-21529
-18082
-13090
-6866
124
7279
13920
19371
23050
24552
23716
20646
15704
9452
2566
-4252
-10371
-15295
-18702
-20448
-20539
-19094
-16300
-12377
-7562
-2112
3683
9486
14901
19489
22805
24451
24142
21768
17438
11484
4439
-3027
-10196
-16398
-21097
-23949
-24833
-23833
-21195
-17269
-12441
-7082
-1521
3964
9127
13732
17535
20273
21685
21548
19726
16225
11226
5098
-1631
-8328
-14339
-19077
-22108
-23198
-22340
-19731
-15719
-10741
-5241
379
5798
10778
15145
18756
21466
23111
23512
22505
19986
15959
10586
4196
-2727
-9595
-15790
-20750
-24052
-25465
-24976
-22770
-19180
-14624
-9523
-4248
917
5776
10197
14077
17297
19700
21088
21249
20007
17276
13115
7755
1596
-4831
-10938
-16157
-20031
-22272
-22793
-21697
-19237
-15748
-11578
-7027
-2319
2403
7049
11537
15747
19489
22499
24467
25085
24121
21478
17245
11701
5294
-1425
-7882
-13568
-18106
-21295
-23105
-23647
-23111
-21701
-19579
-16838
-13498
-9548
-4992
89
5505
10937
15966
20131
23004
24269
23789
21632
18059
13479
8369
3188
-1692
-6031
-9732
-12810
-15333
-17361
-18889
-19825
-19992
-19174
-17181
-13920
-9452
-4016
1983
8031
13586
18168
21437
23239
23614
22759
20961
18517
15660
12521
9114
5374
1216
-3394
-8381
-13521
-18461
-22755
-25952
-27680
-27728
-26088
-22961
-18716
-13812
-8707
-3772
764
4831
8490
11867
15078
18157
21005
23396
25007
25498
24600
22191
18354
13373
7699
1865
-3613
-8328
-12050
-14744
-16547
-17693
-18431
-18934
-19241
-19243
-18710
-17367
-14982
-11457
-6883
-1553
4073
9452
14062
17506
19582
20313
19919
18745
17163
15467
13805
12147
10313
8037
5073
1287
-3267
-8328
-13456
-18116
-21785
-24065
-24768
-23951
-21896
-19028
-15815
-12647
-9751
-7146
-4666
-2023
1077
4831
9250
14115
19011
23395
26721
28561
28704
27204
24367
20675
16664
12802
9378
6445
3833
1216
-1772
-5409
-9781
-14721
-19828
-24540
-28256
-30482
-30944
-29657
-26921
-23245
-19226
-15398
-12111
-9452
-7239
-5094
-2565
728
4965
10045
15584
20986
25578
28767
30179
29755
27760
24720
21282
18059
15470
13644
12393
11282
9753
7294
3603
-1312
-7104
-13150
-18690
-23005
-25590
-26278
-25276
-23111
-20490
-18120
-16519
-15885
-16045
-16506
-16589
-15621
-13129
-8982
-3453
2828
9013
14239
17836
19489
19316
17833
15814
14091
13329
13846
15527
17844
19995
21112
20496
17815
13207
7266
912
-4831
-9088
-11343
-11577
-10263
-8243
-6510
-5936
-7044
-9852
-13860
-18163
-21681
-23433
-22803
-19704
-14624
-8515
-2563
2101
4690
4961
3277
517
-2150
-3571
-2915
95
5096
11155
16996
21313
23111
21957
18111
12473
6364
1202
-1858
-2218
0
3978
8403
11804
12923
11061
6263
-661
-8328
-15110
-19547
-20709
-18446
-13439
-7038
-933
3268
4451
2288
-2670
-9109
-15281
-19436
-20270
0
0
0
0
0
0
0
0
0
0
0
0
0
0
0
0
0
0
0
0
0
0
0
0
0
0
0
0
0
0
0
0
0
0
0
0
0
0
0
0
0
0
0
0
0
0
0
0
0
0
0
0
0
0
0
0
0
0
0
0
0
0
0
0
0
0
0
0
0
0
0
0
0
0
0
0
0
0
0
0
0
0
0
0
0
0
0
0
0
0
0
0
0
0
0
0
0
0
0
0
0
0
0
0
0
0
0
0
0
0
0
0
0
0
0
0
0
0
0
0
0
0
0
0
0
0
0
0
0
0
0
0
0
0
0
0
0
0
0
0
0
0
0
0
0
0
0
0
0
0
0
0
0
0
0
0
0
0
0
0
0
0
0
0
0
0
0
0
0
0
0
0
0
0
0
0
0
0
0
0
0
0
0
0
0
0
0
0
0
0
0
0
0
0
0
0
0
0
0
0
0
0
0
0
0
0
0
0
0
0
0
0
0
0
0
0
0
0
0
0
0
0
0
0
0
0
0
0
0
0
0
0
0
0
0
0
0
0
0
0
0
0
0
0
0
0
0
0
0
0
0
0
0
0
0
0
0
0
0
0
0
0
0
0
0
0
0
0
0
0
0
0
0
0
0
0
0
0
0
0
0
0
0
0
0
0
0
0
0
0
0
0
0
0
0
0
0
0
0
0
0
0
0
0
0
0
0
0
0
0
0
0
0
0
0
0
0
0
0
0
0
0
0
0
0
0
0
0
0
0
0
0
0
0
0
0
0
0
0
0
0
0
0
0
0
0
0
0
0
0
0
0
0
0
0
0
0
0
0
0
0
0
0
0
0
0
0
0
0
0
0
0
0
0
0
0
0
0
0
0
0
0
0
0
0
0
0
0
0
0
0
0
0
0
0
0
0
0
0
0
0
0
0
0
0
0
0
0
0
0
0
0
0
0
0
0
0
0
0
0
0
0
0
0
0
0
0
0
0
0
0
0
0
0
0
0
0
0
0
0
0
0
0
0
0
0
0
0
0
0
0
0
0
0
0
0
0
0
0
0
0
0
0
0
0
0
0
0
0
0
0
0
0
0
0
0
0
0
0
0
0
0
0
0
0
0
0
0
0
0
0
0
0
0
0
0
0
0
0
0
0
0
0
0
0
0
0
0
0
0
0
0
0
0
0
0
0
0
0
0
0
0
0
0
0
0
0
0
0
0
0
0
0
0
0
0
0
0
0
0
0
0
0
0
0
0
0
0
0
0
0
0
0
0
0
0
0
0
0
0
0
0
0
0
0
0
0
0
0
0
0
0
0
0
0
0
0
0
0
0
0
0
0
0
0
0
0
0
0
0
0
0
0
0
0
0
0
0
0
0
0
0
0
0
0
0
0
0
0
0
0
0
0
0
0
0
0
0
0
0
0
0
0
0
0
0
0
0
0
0
0
0
0
0
0
0
0
0
0
0
0
0
0
0
0
0
0
0
0
0
0
0
0
0
0
0
0
0
0
0
0
0
0
0
0
0
0
0
0
0
0
0
0
0
0
0
0
0
0
0
0
0
0
0
0
0
0
0
0
0
0
0
0
0
0
0
0
0
0
0
0
0
0
0
0
0
0
0
0
0
0
0
0
0
0
0
0
0
0
0
0
0
0
0
0
0
0
0
0
0
0
0
0
0
0
0
0
0
0
0
0
0
0
0
0
0
0
0
0
0
0
0
0
0
0
0
0
0
0
0
0
0
0
0
0
0
0
0
0
0
0
0
0
0
0
0
0
0
0
0
0
0
0
0
0
0
0
0
0
0
0
0
0
0
0
0
0
0
0
0
0
0
0
0
0
0
0
0
0
0
0
0
0
0
0
0
0
0
0
0
0
0
0
0
0
0
0
0
0
0
0
0
0
0
0
0
0
0
0
0
0
0
0
0
0
0
0
0
0
0
0
0
0
0
0
0
0
0
0
0
0
0
0
0
0
0
0
0
0
0
0
0
0
0
0
0
0
0
0
0
0
0
0
0
0
0
0
0
0
0
0
0
0
0
0
0
0
0
0
0
0
0
0
0
0
0
0
0
0
0
0
0
0
0
0
0
0
0
0
0
0
0
0
0
0
0
0
0
0
0
0
0
0
0
0
0
0
0
0
0
0
0
0
0
0
0
0
0
0
0
0
0
0
0
0
0
0
0
0
0
0
10832
20431
27702
31823
32338
29202
22796
13869
3456
-7246
-17019
-24764
-29628
-31094
-29047
-23772
-15922
-6432
3589
12997
20739
25976
28176
27165
23144
16652
8498
-344
-8850
-16068
-21226
-23817
-23647
-20847
-15846
-9311
-2054
5064
11242
15824
18378
18730
16974
13442
8660
3263
-2078
-6754
-10270
-12317
-12784
-11767
-9533
-6479
-3066
243
3050
5064
6137
6269
5598
4362
2860
1392
218
-487
-658
-344
306
1071
1699
1955
1668
766
-705
-2583
-4602
-6432
-7730
-8191
-7602
-5884
-3120
445
4425
8334
11648
13869
14604
13621
10893
6613
1194
-4778
-10612
-15580
-19024
-20431
-19510
-16242
-10893
-3992
3711
11340
17988
22827
25211
24764
21436
15513
7602
-1437
-10585
-18777
-25034
-28578
-28931
-25976
-19984
-11584
-1699
8557
18009
25554
30295
31649
29418
23817
15455
5266
-5598
-15898
-24453
-30274
-32687
-31405
-26570
-18730
-8782
2138
12784
21946
28586
31964
31715
27898
20976
11767
1341
-9101
-18378
-25453
-29558
-30274
-27582
-21850
-13790
-4362
5331
14188
21226
25697
27166
25554
21138
14509
6492
-1955
-9860
-16347
-20739
-22626
-21905
-18777
-13714
-7389
-589
5884
11312
15135
17019
16875
14859
11340
6840
1959
-2701
-6613
-9386
-10802
-10832
-9629
-7483
-4778
-1934
661
2701
3992
4480
4240
3456
2382
1296
445
8
67
589
1437
2393
3196
3589
3368
2423
766
-1460
-3996
-6492
-8557
-9817
-9973
-8850
-6439
-2910
1392
5989
10314
13790
15898
16261
14693
11242
6195
62
-6479
-12662
-17719
-20976
-21946
-20394
-16383
-10270
-2688
5531
13442
20103
24682
26570
25453
21366
14693
6137
-3359
-12717
-20847
-26776
-29769
-29418
-25697
-18974
-9973
306
10700
20015
27165
31305
31928
28931
22626
13713
3196
-7730
-17820
-25918
-31094
-32757
-30716
-25211
-16875
-6667
4240
14604
23250
29209
31823
30831
26383
19024
9629
-708
-10802
-19510
-25871
-29209
-29202
-25925
-19821
-11648
-2382
6895
15135
21436
25142
25918
23772
19051
12384
4602
-3368
-10615
-16347
-19984
-21213
-20015
-16652
-11627
-5607
658
6439
11102
14188
15455
14895
12717
9311
5183
887
-3050
-6195
-8254
-9101
-8782
-7490
-5531
-3263
-1050
802
2078
2688
2660
2138
1341
527
-62
-243
78
887
2054
3359
4525
5266
5331
4559
2910
487
-2470
-5607
-8498
-10700
-11823
-11584
-9860
-6718
-2423
2583
7731
12384
15922
17820
17726
15513
11312
5506
-1296
-8334
-14777
-19821
-22796
-23250
-21017
-16242
-9386
-1173
7483
15580
22153
26383
27702
25871
21017
13621
4480
-5388
-14859
-22827
-28340
-30716
-29628
-25142
-17726
-8191
2393
12825
21905
28578
32060
31928
28176
21213
11823
1071
-9817
-19602
-27166
-31649
-32547
-29769
-23647
-14895
-4525
6269
16261
24322
29558
31405
29699
24682
16974
7490
-2660
-12317
-20394
-26012
-28586
-27898
-24105
-17719
-9533
-527
8254
15824
21366
24322
24453
21850
16919
10314
2860
-4559
-11102
-16068
-18974
-19602
-18009
-14509
-9621
-3996
1668
6718
10615
12997
13713
12825
10585
7389
3718
67
-3120
-5506
-6895
-7246
-6667
-5388
-3711
-1959
-427
661
1194
1173
708
0
-708
-1173
-1194
-661
427
1959
3711
5388
6667
7246
6895
5506
3120
-67
-3718
-7389
-10585
-12825
-13713
-12997
-10615
-6718
-1668
3996
9621
14509
18009
19602
18974
16068
11102
4559
-2860
-10314
-16919
-21850
-24453
-24322
-21366
-15824
-8254
527
9533
17719
24105
27898
28586
26012
20394
12317
2660
-7490
-16974
-24682
-29699
-31405
-29558
-24322
-16261
-6269
4525
14895
23647
29769
32547
31649
27166
19602
9817
-1071
-11823
-21213
-28176
-31928
-32060
-28578
-21905
-12825
-2393
8191
17726
25142
29628
30716
28340
22827
14859
5388
-4480
-13621
-21017
-25871
-27702
-26383
-22153
-15581
-7483
1173
9386
16242
21017
23250
22796
19821
14777
8334
1296
-5506
-11312
-15513
-17726
-17820
-15922
-12384
-7731
-2583
2423
6718
9860
11584
11823
10700
8498
5607
2470
-487
-2910
-4559
-5331
-5266
-4525
-3359
-2054
-887
-78
243
62
-527
-1341
-2138
-2660
-2688
-2078
-802
1050
3263
5531
7490
8782
9101
8254
6195
3050
-887
-5183
-9311
-12717
-14895
-15455
-14188
-11102
-6439
-658
5607
11627
16652
20015
21213
19984
16347
10615
3368
-4602
-12384
-19051
-23772
-25918
-25142
-21436
-15135
-6895
2382
11648
19821
25925
29202
29209
25871
19510
10802
708
-9628
-19024
-26383
-30831
-31823
-29209
-23250
-14604
-4240
6667
16875
25211
30716
32757
31094
25918
17820
7730
-3196
-13713
-22626
-28931
-31928
-31305
-27165
-20015
-10700
-306
9973
18974
25697
29418
29769
26776
20847
12717
3359
-6137
-14693
-21366
-25453
-26570
-24682
-20103
-13442
-5531
2688
10270
16383
20394
21946
20976
17719
12662
6479
-62
-6195
-11242
-14693
-16261
-15898
-13790
-10314
-5989
-1392
2910
6439
8850
9973
9817
8557
6492
3996
1460
-766
-2423
-3368
-3589
-3196
-2393
-1437
-589
-67
-8
-445
-1296
-2382
-3456
-4240
-4480
-3992
-2701
-661
1934
4778
7483
9628
10832
10802
9386
6613
2701
-1959
-6840
-11340
-14859
-16875
-17019
-15135
-11312
-5884
589
7389
13714
18777
21905
22626
20739
16347
9860
1955
-6492
-14509
-21138
-25554
-27166
-25697
-21226
-14188
-5331
4362
13790
21850
27582
30274
29558
25453
18378
9101
-1341
-11767
-20976
-27898
-31715
-31964
-28586
-21946
-12784
-2138
8782
18730
26570
31405
32687
30274
24453
15898
5598
-5266
-15455
-23817
-29418
-31649
-30295
-25554
-18009
-8557
1699
11584
19984
25976
28931
28578
25034
18777
10585
1437
-7602
-15513
-21436
-24764
-25211
-22827
-17988
-11340
-3711
3992
10893
16242
19510
20431
19024
15581
10612
4778
-1194
-6613
-10893
-13621
-14604
-13869
-11648
-8334
-4425
-445
3120
5884
7602
8191
7730
6432
4602
2583
705
-766
-1668
-1955
-1699
-1071
-306
344
658
487
-218
-1392
-2860
-4362
-5598
-6269
-6137
-5064
-3050
-243
3066
6479
9533
11767
12784
12317
10270
6754
2078
-3263
-8660
-13442
-16974
-18730
-18378
-15824
-11242
-5064
2054
9311
15846
20847
23647
23817
21226
16068
8850
344
-8498
-16652
-23144
-27165
-28176
-25976
-20739
-12997
-3589
6432
15922
23772
29047
31094
29628
24764
17019
7246
-3456
-13869
-22796
-29202
-32338
-31823
-27702
-20431
-10832
0
10832
20431
27702
31823
32338
29202
22796
13869
3456
-7246
-17019
-24764
-29628
-31094
-29047
-23772
-15922
-6432
3589
12997
20739
25976
28176
27165
23144
16652
8498
-344
-8850
-16068
-21226
-23817
-23647
-20847
-15846
-9311
-2054
5064
11242
15824
18378
18730
16974
13442
8660
3263
-2078
-6754
-10270
-12317
-12784
-11767
-9533
-6479
-3066
243
3050
5064
6137
6269
5598
4362
2860
1392
218
-487
-658
-344
306
1071
1699
1955
1668
766
-705
-2583
-4602
-6432
-7730
-8191
-7602
-5884
-3120
445
4425
8334
11648
13869
14604
13621
10893
6613
1194
-4778
-10612
-15580
-19024
-20431
-19510
-16242
-10893
-3992
3711
11340
17988
22827
25211
24764
21436
15513
7602
-1437
-10585
-18777
-25034
-28578
-28931
-25976
-19984
-11584
-1699
8557
18009
25554
30295
31649
29418
23817
15455
5266
-5598
-15898
-24453
-30274
-32687
-31405
-26570
-18730
-8782
2138
12784
21946
28586
31964
31715
27898
20976
11767
1341
-9101
-18378
-25453
-29558
-30274
-27582
-21850
-13790
-4362
5331
14188
21226
25697
27166
25554
21138
14509
6492
-1955
-9860
-16347
-20739
-22626
-21905
-18777
-13714
-7389
-589
5884
11312
15135
17019
16875
14859
11340
6840
1959
-2701
-6613
-9386
-10802
-10832
-9629
-7483
-4778
-1934
661
2701
3992
4480
4240
3456
2382
1296
445
8
67
589
1437
2393
3196
3589
3368
2423
766
-1460
-3996
-6492
-8557
-9817
-9973
-8850
-6439
-2910
1392
5989
10314
13790
15898
16261
14693
11242
6195
62
-6479
-12662
-17719
-20976
-21946
-20394
-16383
-10270
-2688
5531
13442
20103
24682
26570
25453
21366
14693
6137
-3359
-12717
-20847
-26776
-29769
-29418
-25697
-18974
-9973
306
10700
20015
27165
31305
31928
28931
22626
13713
3196
-7730
-17820
-25918
-31094
-32757
-30716
-25211
-16875
-6667
4240
14604
23250
29209
31823
30831
26383
19024
9629
-708
-10802
-19510
-25871
-29209
-29202
-25925
-19821
-11648
-2382
6895
15135
21436
25142
25918
23772
19051
12384
4602
-3368
-10615
-16347
-19984
-21213
-20015
-16652
-11627
-5607
658
6439
11102
14188
15455
14895
12717
9311
5183
887
-3050
-6195
-8254
-9101
-8782
-7490
-5531
-3263
-1050
802
2078
2688
2660
2138
1341
527
-62
-243
78
887
2054
3359
4525
5266
5331
4559
2910
487
-2470
-5607
-8498
-10700
-11823
-11584
-9860
-6718
-2423
2583
7731
12384
15922
17820
17726
15513
11312
5506
-1296
-8334
-14777
-19821
-22796
-23250
-21017
-16242
-9386
-1173
7483
15580
22153
26383
27702
25871
21017
13621
4480
-5388
-14859
-22827
-28340
-30716
-29628
-25142
-17726
-8191
2393
12825
21905
28578
32060
31928
28176
21213
11823
1071
-9817
-19602
-27166
-31649
-32547
-29769
-23647
-14895
-4525
6269
16261
24322
29558
31405
29699
24682
16974
7490
-2660
-12317
-20394
-26012
-28586
-27898
-24105
-17719
-9533
-527
8254
15824
21366
24322
24453
21850
16919
10314
2860
-4559
-11102
-16068
-18974
-19602
-18009
-14509
-9621
-3996
1668
6718
10615
12997
13713
12825
10585
7389
3718
67
-3120
-5506
-6895
-7246
-6667
-5388
-3711
-1959
-427
661
1194
1173
708
0
-708
-1173
-1194
-661
427
1959
3711
5388
6667
7246
6895
5506
3120
-67
-3718
-7389
-10585
-12825
-13713
-12997
-10615
-6718
-1668
3996
9621
14509
18009
19602
18974
16068
11102
4559
-2860
-10314
-16919
-21850
-24453
-24322
-21366
-15824
-8254
527
9533
17719
24105
27898
28586
26012
20394
12317
2660
-7490
-16974
-24682
-29699
-31405
-29558
-24322
-16261
-6269
4525
14895
23647
29769
32547
31649
27166
19602
9817
-1071
-11823
-21213
-28176
-31928
-32060
-28578
-21905
-12825
-2393
8191
17726
25142
29628
30716
28340
22827
14859
5388
-4480
-13621
-21017
-25871
-27702
-26383
-22153
-15581
-7483
1173
9386
16242
21017
23250
22796
19821
14777
8334
1296
-5506
-11312
-15513
-17726
-17820
-15922
-12384
-7731
-2583
2423
6718
9860
11584
11823
10700
8498
5607
2470
-487
-2910
-4559
-5331
-5266
-4525
-3359
-2054
-887
-78
243
62
-527
-1341
-2138
-2660
-2688
-2078
-802
1050
3263
5531
7490
8782
9101
8254
6195
3050
-887
-5183
-9311
-12717
-14895
-15455
-14188
-11102
-6439
-658
5607
11627
16652
20015
21213
19984
16347
10615
3368
-4602
-12384
-19051
-23772
-25918
-25142
-21436
-15135
-6895
2382
11648
19821
25925
29202
29209
25871
19510
10802
708
-9628
-19024
-26383
-30831
-31823
-29209
-23250
-14604
-4240
6667
16875
25211
30716
32757
31094
25918
17820
7730
-3196
-13713
-22626
-28931
-31928
-31305
-27165
-20015
-10700
-306
9973
18974
25697
29418
29769
26776
20847
12717
3359
-6137
-14693
-21366
-25453
-26570
-24682
-20103
-13442
-5531
2688
10270
16383
20394
21946
20976
17719
12662
6479
-62
-6195
-11242
-14693
-16261
-15898
-13790
-10314
-5989
-1392
2910
6439
8850
9973
9817
8557
6492
3996
1460
-766
-2423
-3368
-3589
-3196
-2393
-1437
-589
-67
-8
-445
-1296
-2382
-3456
-4240
-4480
-3992
-2701
-661
1934
4778
7483
9628
10832
10802
9386
6613
2701
-1959
-6840
-11340
-14859
-16875
-17019
-15135
-11312
-5884
589
7389
13714
18777
21905
22626
20739
16347
9860
1955
-6492
-14509
-21138
-25554
-27166
-25697
-21226
-14188
-5331
4362
13790
21850
27582
30274
29558
25453
18378
9101
-1341
-11767
-20976
-27898
-31715
-31964
-28586
-21946
-12784
-2138
8782
18730
26570
31405
32687
30274
24453
15898
5598
-5266
-15455
-23817
-29418
-31649
-30295
-25554
-18009
-8557
1699
11584
19984
25976
28931
28578
25034
18777
10585
1437
-7602
-15513
-21436
-24764
-25211
-22827
-17988
-11340
-3711
3992
10893
16242
19510
20431
19024
15581
10612
4778
-1194
-6613
-10893
-13621
-14604
-13869
-11648
-8334
-4425
-445
3120
5884
7602
8191
7730
6432
4602
2583
705
-766
-1668
-1955
-1699
-1071
-306
344
658
487
-218
-1392
-2860
-4362
-5598
-6269
-6137
-5064
-3050
-243
3066
6479
9533
11767
12784
12317
10270
6754
2078
-3263
-8660
-13442
-16974
-18730
-18378
-15824
-11242
-5064
2054
9311
15846
20847
23647
23817
21226
16068
8850
344
-8498
-16652
-23144
-27165
-28176
-25976
-20739
-12997
-3589
6432
15922
23772
29047
31094
29628
24764
17019
7246
-3456
-13869
-22796
-29202
-32338
-31823
-27702
-20431
-10832
0
10832
20431
27702
31823
32338
29202
22796
13869
3456
-7246
-17019
-24764
-29628
-31094
-29047
-23772
-15922
-6432
3589
12997
20739
25976
28176
27165
23144
16652
8498
-344
-8850
-16068
-21226
-23817
-23647
-20847
-15846
-9311
-2054
5064
11242
15824
18378
18730
16974
13442
8660
3263
-2078
-6754
-10270
-12317
-12784
-11767
-9533
-6479
-3066
243
3050
5064
6137
6269
5598
4362
2860
1392
218
-487
-658
-344
306
1071
1699
1955
1668
766
-705
-2583
-4602
-6432
-7730
-8191
-7602
-5884
-3120
445
4425
8334
11648
13869
14604
13621
10893
6613
1194
-4778
-10612
-15580
-19024
-20431
-19510
-16242
-10893
-3992
3711
11340
17988
22827
25211
24764
21436
15513
7602
-1437
-10585
-18777
-25034
-28578
-28931
-25976
-19984
-11584
-1699
8557
18009
25554
30295
31649
29418
23817
15455
5266
-5598
-15898
-24453
-30274
-32687
-31405
-26570
-18730
-8782
2138
12784
21946
28586
31964
31715
27898
20976
11767
1341
-9101
-18378
-25453
-29558
-30274
-27582
-21850
-13790
-4362
5331
14188
21226
25697
27166
25554
21138
14509
6492
-1955
-9860
-16347
-20739
-22626
-21905
-18777
-13714
-7389
-589
5884
11312
15135
17019
16875
14859
11340
6840
1959
-2701
-6613
-9386
-10802
-10832
-9629
-7483
-4778
-1934
661
2701
3992
4480
4240
3456
2382
1296
445
8
67
589
1437
2393
3196
3589
3368
2423
766
-1460
-3996
-6492
-8557
-9817
-9973
-8850
-6439
-2910
1392
5989
10314
13790
15898
16261
14693
11242
6195
62
-6479
-12662
-17719
-20976
-21946
-20394
-16383
-10270
-2688
5531
13442
20103
24682
26570
25453
21366
14693
6137
-3359
-12717
-20847
-26776
-29769
-29418
-25697
-18974
-9973
306
10700
20015
27165
31305
31928
28931
22626
13713
3196
-7730
-17820
-25918
-31094
-32757
-30716
-25211
-16875
-6667
4240
14604
23250
29209
31823
30831
26383
19024
9629
-708
-10802
-19510
-25871
-29209
-29202
-25925
-19821
-11648
-2382
6895
15135
21436
25142
25918
23772
19051
12384
4602
-3368
-10615
-16347
-19984
-21213
-20015
-16652
-11627
-5607
658
6439
11102
14188
15455
14895
12717
9311
5183
887
-3050
-6195
-8254
-9101
-8782
-7490
-5531
-3263
-1050
802
2078
2688
2660
2138
1341
527
-62
-243
78
887
2054
3359
4525
5266
5331
4559
2910
487
-2470
-5607
-8498
-10700
-11823
-11584
-9860
-6718
-2423
2583
7731
12384
15922
17820
17726
15513
11312
5506
-1296
-8334
-14777
-19821
-22796
-23250
-21017
-16242
-9386
-1173
7483
15580
22153
26383
27702
25871
21017
13621
4480
-5388
-14859
-22827
-28340
-30716
-29628
-25142
-17726
-8191
2393
12825
21905
28578
32060
31928
28176
21213
11823
1071
-9817
-19602
-27166
-31649
-32547
-29769
-23647
-14895
-4525
6269
16261
24322
29558
31405
29699
24682
16974
7490
-2660
-12317
-20394
-26012
-28586
-27898
-24105
-17719
-9533
-527
8254
15824
21366
24322
24453
21850
16919
10314
2860
-4559
-11102
-16068
-18974
-19602
-18009
-14509
-9621
-3996
1668
6718
10615
12997
13713
12825
10585
7389
3718
67
-3120
-5506
-6895
-7246
-6667
-5388
-3711
-1959
-427
661
1194
1173
708
0
-708
-1173
-1194
-661
427
1959
3711
5388
6667
7246
6895
5506
3120
-67
-3718
-7389
-10585
-12825
-13713
-12997
-10615
-6718
-1668
3996
9621
14509
18009
19602
18974
16068
11102
4559
-2860
-10314
-16919
-21850
-24453
-24322
-21366
-15824
-8254
527
9533
17719
24105
27898
28586
26012
20394
12317
2660
-7490
-16974
-24682
-29699
-31405
-29558
-24322
-16261
-6269
4525
14895
23647
29769
32547
31649
27166
19602
9817
-1071
-11823
-21213
-28176
-31928
-32060
-28578
-21905
-12825
-2393
8191
17726
25142
29628
30716
28340
22827
14859
5388
-4480
-13621
-21017
-25871
-27702
-26383
-22153
-15581
-7483
1173
9386
16242
21017
23250
22796
19821
14777
8334
1296
-5506
-11312
-15513
-17726
-17820
-15922
-12384
-7731
-2583
2423
6718
9860
11584
11823
10700
8498
5607
2470
-487
-2910
-4559
-5331
-5266
-4525
-3359
-2054
-887
-78
243
62
-527
-1341
-2138
-2660
-2688
-2078
-802
1050
3263
5531
7490
8782
9101
8254
6195
3050
-887
-5183
-9311
-12717
-14895
-15455
-14188
-11102
-6439
-658
5607
11627
16652
20015
21213
19984
16347
10615
3368
-4602
-12384
-19051
-23772
-25918
-25142
-21436
-15135
-6895
2382
11648
19821
25925
29202
29209
25871
19510
10802
708
-9628
-19024
-26383
-30831
-31823
-29209
-23250
-14604
-4240
6667
16875
25211
30716
32757
31094
25918
17820
7730
-3196
-13713
-22626
-28931
-31928
-31305
-27165
-20015
-10700
-306
9973
18974
25697
29418
29769
26776
20847
12717
3359
-6137
-14693
-21366
-25453
-26570
-24682
-20103
-13442
-5531
2688
10270
16383
20394
21946
20976
17719
12662
6479
-62
-6195
-11242
-14693
-16261
-15898
-13790
-10314
-5989
-1392
2910
6439
8850
9973
9817
8557
6492
3996
1460
-766
-2423
-3368
-3589
-3196
-2393
-1437
-589
-67
-8
-445
-1296
-2382
-3456
-4240
-4480
-3992
-2701
-661
1934
4778
7483
9628
10832
10802
9386
6613
2701
-1959
-6840
-11340
-14859
-16875
-17019
-15135
-11312
-5884
589
7389
13714
18777
21905
22626
20739
16347
9860
1955
-6492
-14509
-21138
-25554
-27166
-25697
-21226
-14188
-5331
4362
13790
21850
27582
30274
29558
25453
18378
9101
-1341
-11767
-20976
-27898
-31715
-31964
-28586
-21946
-12784
-2138
8782
18730
26570
31405
32687
30274
24453
15898
5598
-5266
-15455
-23817
-29418
-31649
-30295
-25554
-18009
-8557
1699
11584
19984
25976
28931
28578
25034
18777
10585
1437
-7602
-15513
-21436
-24764
-25211
-22827
-17988
-11340
-3711
3992
10893
16242
19510
20431
19024
15581
10612
4778
-1194
-6613
-10893
-13621
-14604
-13869
-11648
-8334
-4425
-445
3120
5884
7602
8191
7730
6432
4602
2583
705
-766
-1668
-1955
-1699
-1071
-306
344
658
487
-218
-1392
-2860
-4362
-5598
-6269
-6137
-5064
-3050
-243
3066
6479
9533
11767
12784
12317
10270
6754
2078
-3263
-8660
-13442
-16974
-18730
-18378
-15824
-11242
-5064
2054
9311
15846
20847
23647
23817
21226
16068
8850
344
-8498
-16652
-23144
-27165
-28176
-25976
-20739
-12997
-3589
6432
15922
23772
29047
31094
29628
24764
17019
7246
-3456
-13869
-22796
-29202
-32338
-31823
-27702
-20431
-10832
0
10832
20431
27702
31823
32338
29202
22796
13869
3456
-7246
-17019
-24764
-29628
-31094
-29047
-23772
-15922
-6432
3589
12997
20739
25976
28176
27165
23144
16652
8498
-344
-8850
-16068
-21226
-23817
-23647
-20847
-15846
-9311
-2054
5064
11242
15824
18378
18730
16974
13442
8660
3263
-2078
-6754
-10270
-12317
-12784
-11767
-9533
-6479
-3066
243
3050
5064
6137
6269
5598
4362
2860
1392
218
-487
-658
-344
306
1071
1699
1955
1668
766
-705
-2583
-4602
-6432
-7730
-8191
-7602
-5884
-3120
445
4425
8334
11648
13869
14604
13621
10893
6613
1194
-4778
-10612
-15580
-19024
-20431
-19510
-16242
-10893
-3992
3711
11340
17988
22827
25211
24764
21436
15513
7602
-1437
-10585
-18777
-25034
-28578
-28931
-25976
-19984
-11584
-1699
8557
18009
25554
30295
31649
29418
23817
15455
5266
-5598
-15898
-24453
-30274
-32687
-31405
-26570
-18730
-8782
2138
12784
21946
28586
31964
31715
27898
20976
11767
1341
-9101
-18378
-25453
-29558
-30274
-27582
-21850
-13790
-4362
5331
14188
21226
25697
27166
25554
21138
14509
6492
-1955
-9860
-16347
-20739
-22626
-21905
-18777
-13714
-7389
-589
5884
11312
15135
17019
16875
14859
11340
6840
1959
-2701
-6613
-9386
-10802
-10832
-9629
-7483
-4778
-1934
661
2701
3992
4480
4240
3456
2382
1296
445
8
67
589
1437
2393
3196
3589
3368
2423
766
-1460
-3996
-6492
-8557
-9817
-9973
-8850
-6439
-2910
1392
5989
10314
13790
15898
16261
14693
11242
6195
62
-6479
-12662
-17719
-20976
-21946
-20394
-16383
-10270
-2688
5531
13442
20103
24682
26570
25453
21366
14693
6137
-3359
-12717
-20847
-26776
-29769
-29418
-25697
-18974
-9973
306
10700
20015
27165
31305
31928
28931
22626
13713
3196
-7730
-17820
-25918
-31094
-32757
-30716
-25211
-16875
-6667
4240
14604
23250
29209
31823
30831
26383
19024
9629
-708
-10802
-19510
-25871
-29209
-29202
-25925
-19821
-11648
-2382
6895
15135
21436
25142
25918
23772
19051
12384
4602
-3368
-10615
-16347
-19984
-21213
-20015
-16652
-11627
-5607
658
6439
11102
14188
15455
14895
12717
9311
5183
887
-3050
-6195
-8254
-9101
-8782
-7490
-5531
-3263
-1050
802
2078
2688
2660
2138
1341
527
-62
-243
78
887
2054
3359
4525
5266
5331
4559
2910
487
-2470
-5607
-8498
-10700
-11823
-11584
-9860
-6718
-2423
2583
7731
12384
15922
17820
17726
15513
11312
5506
-1296
-8334
-14777
-19821
-22796
-23250
-21017
-16242
-9386
-1173
7483
15580
22153
26383
27702
25871
21017
13621
4480
-5388
-14859
-22827
-28340
-30716
-29628
-25142
-17726
-8191
2393
12825
21905
28578
32060
31928
28176
21213
11823
1071
-9817
-19602
-27166
-31649
-32547
-29769
-23647
-14895
-4525
6269
16261
24322
29558
31405
29699
24682
16974
7490
-2660
-12317
-20394
-26012
-28586
-27898
-24105
-17719
-9533
-527
8254
15824
21366
24322
24453
21850
16919
10314
2860
-4559
-11102
-16068
-18974
-19602
-18009
-14509
-9621
-3996
1668
6718
10615
12997
13713
12825
10585
7389
3718
67
-3120
-5506
-6895
-7246
-6667
-5388
-3711
-1959
-427
661
1194
1173
708
0
-708
-1173
-1194
-661
427
1959
3711
5388
6667
7246
6895
5506
3120
-67
-3718
-7389
-10585
-12825
-13713
-12997
-10615
-6718
-1668
3996
9621
14509
18009
19602
18974
16068
11102
4559
-2860
-10314
-16919
-21850
-24453
-24322
-21366
-15824
-8254
527
9533
17719
24105
27898
28586
26012
20394
12317
2660
-7490
-16974
-24682
-29699
-31405
-29558
-24322
-16261
-6269
4525
14895
23647
29769
32547
31649
27166
19602
9817
-1071
-11823
-21213
-28176
-31928
-32060
-28578
-21905
-12825
-2393
8191
17726
25142
29628
30716
28340
22827
14859
5388
-4480
-13621
-21017
-25871
-27702
-26383
-22153
-15581
-7483
1173
9386
16242
21017
23250
22796
19821
14777
8334
1296
-5506
-11312
-15513
-17726
-17820
-15922
-12384
-7731
-2583
2423
6718
9860
11584
11823
10700
8498
5607
2470
-487
-2910
-4559
-5331
-5266
-4525
-3359
-2054
-887
-78
243
62
-527
-1341
-2138
-2660
-2688
-2078
-802
1050
3263
5531
7490
8782
9101
8254
6195
3050
-887
-5183
-9311
-12717
-14895
-15455
-14188
-11102
-6439
-658
5607
11627
16652
20015
21213
19984
16347
10615
3368
-4602
-12384
-19051
-23772
-25918
-25142
-21436
-15135
-6895
2382
11648
19821
25925
29202
29209
25871
19510
10802
708
-9628
-19024
-26383
-30831
-31823
-29209
-23250
-14604
-4240
6667
16875
25211
30716
32757
31094
25918
17820
7730
-3196
-13713
-22626
-28931
-31928
-31305
-27165
-20015
-10700
-306
9973
18974
25697
29418
29769
26776
20847
12717
3359
-6137
-14693
-21366
-25453
-26570
-24682
-20103
-13442
-5531
2688
10270
16383
20394
21946
20976
17719
12662
6479
-62
-6195
-11242
-14693
-16261
-15898
-13790
-10314
-5989
-1392
2910
6439
8850
9973
9817
8557
6492
3996
1460
-766
-2423
-3368
-3589
-3196
-2393
-1437
-589
-67
-8
-445
-1296
-2382
-3456
-4240
-4480
-3992
-2701
-661
1934
4778
7483
9628
10832
10802
9386
6613
2701
-1959
-6840
-11340
-14859
-16875
-17019
-15135
-11312
-5884
589
7389
13714
18777
21905
22626
20739
16347
9860
1955
-6492
-14509
-21138
-25554
-27166
-25697
-21226
-14188
-5331
4362
13790
21850
27582
30274
29558
25453
18378
9101
-1341
-11767
-20976
-27898
-31715
-31964
-28586
-21946
-12784
-2138
8782
18730
26570
31405
32687
30274
24453
15898
5598
-5266
-15455
-23817
-29418
-31649
-30295
-25554
-18009
-8557
1699
11584
19984
25976
28931
28578
25034
18777
10585
1437
-7602
-15513
-21436
-24764
-25211
-22827
-17988
-11340
-3711
3992
10893
16242
19510
20431
19024
15581
10612
4778
-1194
-6613
-10893
-13621
-14604
-13869
-11648
-8334
-4425
-445
3120
5884
7602
8191
7730
6432
4602
2583
705
-766
-1668
-1955
-1699
-1071
-306
344
658
487
-218
-1392
-2860
-4362
-5598
-6269
-6137
-5064
-3050
-243
3066
6479
9533
11767
12784
12317
10270
6754
2078
-3263
-8660
-13442
-16974
-18730
-18378
-15824
-11242
-5064
2054
9311
15846
20847
23647
23817
21226
16068
8850
344
-8498
-16652
-23144
-27165
-28176
-25976
-20739
-12997
-3589
6432
15922
23772
29047
31094
29628
24764
17019
7246
-3456
-13869
-22796
-29202
-32338
-31823
-27702
-20431
-10832
0
10832
20431
27702
31823
32338
29202
22796
13869
3456
-7246
-17019
-24764
-29628
-31094
-29047
-23772
-15922
-6432
3589
12997
20739
25976
28176
27165
23144
16652
8498
-344
-8850
-16068
-21226
-23817
-23647
-20847
-15846
-9311
-2054
5064
11242
15824
18378
18730
16974
13442
8660
3263
-2078
-6754
-10270
-12317
-12784
-11767
-9533
-6479
-3066
243
3050
5064
6137
6269
5598
4362
2860
1392
218
-487
-658
-344
306
1071
1699
1955
1668
766
-705
-2583
-4602
-6432
-7730
-8191
-7602
-5884
-3120
445
4425
8334
11648
13869
14604
13621
10893
6613
1194
-4778
-10612
-15580
-19024
-20431
-19510
-16242
-10893
-3992
3711
11340
17988
22827
25211
24764
21436
15513
7602
-1437
-10585
-18777
-25034
-28578
-28931
-25976
-19984
-11584
-1699
8557
18009
25554
30295
31649
29418
23817
15455
5266
-5598
-15898
-24453
-30274
-32687
-31405
-26570
-18730
-8782
2138
12784
21946
28586
31964
31715
27898
20976
11767
1341
-9101
-18378
-25453
-29558
-30274
-27582
-21850
-13790
-4362
5331
14188
21226
25697
27166
25554
21138
14509
6492
-1955
-9860
-16347
-20739
-22626
-21905
-18777
-13714
-7389
-589
5884
11312
15135
17019
16875
14859
11340
6840
1959
-2701
-6613
-9386
-10802
-10832
-9629
-7483
-4778
-1934
661
2701
3992
4480
4240
3456
2382
1296
445
8
67
589
1437
2393
3196
3589
3368
2423
766
-1460
-3996
-6492
-8557
-9817
-9973
-8850
-6439
-2910
1392
5989
10314
13790
15898
16261
14693
11242
6195
62
-6479
-12662
-17719
-20976
-21946
-20394
-16383
-10270
-2688
5531
13442
20103
24682
26570
25453
21366
14693
6137
-3359
-12717
-20847
-26776
-29769
-29418
-25697
-18974
-9973
306
10700
20015
27165
31305
31928
28931
22626
13713
3196
-7730
-17820
-25918
-31094
-32757
-30716
-25211
-16875
-6667
4240
14604
23250
29209
31823
30831
26383
19024
9629
-708
-10802
-19510
-25871
-29209
-29202
-25925
-19821
-11648
-2382
6895
15135
21436
25142
25918
23772
19051
12384
4602
-3368
-10615
-16347
-19984
-21213
-20015
-16652
-11627
-5607
658
6439
11102
14188
15455
14895
12717
9311
5183
887
-3050
-6195
-8254
-9101
-8782
-7490
-5531
-3263
-1050
802
2078
2688
2660
2138
1341
527
-62
-243
78
887
2054
3359
4525
5266
5331
4559
2910
487
-2470
-5607
-8498
-10700
-11823
-11584
-9860
-6718
-2423
2583
7731
12384
15922
17820
17726
15513
11312
5506
-1296
-8334
-14777
-19821
-22796
-23250
-21017
-16242
-9386
-1173
7483
15580
22153
26383
27702
25871
21017
13621
4480
-5388
-14859
-22827
-28340
-30716
-29628
-25142
-17726
-8191
2393
12825
21905
28578
32060
31928
28176
21213
11823
1071
-9817
-19602
-27166
-31649
-32547
-29769
-23647
-14895
-4525
6269
16261
24322
29558
31405
29699
24682
16974
7490
-2660
-12317
-20394
-26012
-28586
-27898
-24105
-17719
-9533
-527
8254
15824
21366
24322
24453
21850
16919
10314
2860
-4559
-11102
-16068
-18974
-19602
-18009
-14509
-9621
-3996
1668
6718
10615
12997
13713
12825
10585
7389
3718
67
-3120
-5506
-6895
-7246
-6667
-5388
-3711
-1959
-427
661
1194
1173
708
0
-708
-1173
-1194
-661
427
1959
3711
5388
6667
7246
6895
5506
3120
-67
-3718
-7389
-10585
-12825
-13713
-12997
-10615
-6718
-1668
3996
9621
14509
18009
19602
18974
16068
11102
4559
-2860
-10314
-16919
-21850
-24453
-24322
-21366
-15824
-8254
527
9533
17719
24105
27898
28586
26012
20394
12317
2660
-7490
-16974
-24682
-29699
-31405
-29558
-24322
-16261
-6269
4525
14895
23647
29769
32547
31649
27166
19602
9817
-1071
-11823
-21213
-28176
-31928
-32060
-28578
-21905
-12825
-2393
8191
17726
25142
29628
30716
28340
22827
14859
5388
-4480
-13621
-21017
-25871
-27702
-26383
-22153
-15581
-7483
1173
9386
16242
21017
23250
22796
19821
14777
8334
1296
-5506
-11312
-15513
-17726
-17820
-15922
-12384
-7731
-2583
2423
6718
9860
11584
11823
10700
8498
5607
2470
-487
-2910
-4559
-5331
-5266
-4525
-3359
-2054
-887
-78
243
62
-527
-1341
-2138
-2660
-2688
-2078
-802
1050
3263
5531
7490
8782
9101
8254
6195
3050
-887
-5183
-9311
-12717
-14895
-15455
-14188
-11102
-6439
-658
5607
11627
16652
20015
21213
19984
16347
10615
3368
-4602
-12384
-19051
-23772
-25918
-25142
-21436
-15135
-6895
2382
11648
19821
25925
29202
29209
25871
19510
10802
708
-9628
-19024
-26383
-30831
-31823
-29209
-23250
-14604
-4240
6667
16875
25211
30716
32757
31094
25918
17820
7730
-3196
-13713
-22626
-28931
-31928
-31305
-27165
-20015
-10700
-306
9973
18974
25697
29418
29769
26776
20847
12717
3359
-6137
-14693
-21366
-25453
-26570
-24682
-20103
-13442
-5531
2688
10270
16383
20394
21946
20976
17719
12662
6479
-62
-6195
-11242
-14693
-16261
-15898
-13790
-10314
-5989
-1392
2910
6439
8850
9973
9817
8557
6492
3996
1460
-766
-2423
-3368
-3589
-3196
-2393
-1437
-589
-67
-8
-445
-1296
-2382
-3456
-4240
-4480
-3992
-2701
-661
1934
4778
7483
9628
10832
10802
9386
6613
2701
-1959
-6840
-11340
-14859
-16875
-17019
-15135
-11312
-5884
589
7389
13714
18777
21905
22626
20739
16347
9860
1955
-6492
-14509
-21138
-25554
-27166
-25697
-21226
-14188
-5331
4362
13790
21850
27582
30274
29558
25453
18378
9101
-1341
-11767
-20976
-27898
-31715
-31964
-28586
-21946
-12784
-2138
8782
18730
26570
31405
32687
30274
24453
15898
5598
-5266
-15455
-23817
-29418
-31649
-30295
-25554
-18009
-8557
1699
11584
19984
25976
28931
28578
25034
18777
10585
1437
-7602
-15513
-21436
-24764
-25211
-22827
-17988
-11340
-3711
3992
10893
16242
19510
20431
19024
15581
10612
4778
-1194
-6613
-10893
-13621
-14604
-13869
-11648
-8334
-4425
-445
3120
5884
7602
8191
7730
6432
4602
2583
705
-766
-1668
-1955
-1699
-1071
-306
344
658
487
-218
-1392
-2860
-4362
-5598
-6269
-6137
-5064
-3050
-243
3066
6479
9533
11767
12784
12317
10270
6754
2078
-3263
-8660
-13442
-16974
-18730
-18378
-15824
-11242
-5064
2054
9311
15846
20847
23647
23817
21226
16068
8850
344
-8498
-16652
-23144
-27165
-28176
-25976
-20739
-12997
-3589
6432
15922
23772
29047
31094
29628
24764
17019
7246
-3456
-13869
-22796
-29202
-32338
-31823
-27702
-20431
-10832
