17269
10860
2323
-6503
-13675
-17624
-17552
-13646
-7044
438
6748
10116
9502
4874
-2766
-11612
-19489
-24393
-24992
-20975
-13146
-3247
6453
13713
16874
15271
9419
894
-8039
-14981
-17991
-16075
-9452
484
11483
20977
26708
27284
22529
13547
2464
-8071
-15531
-18124
-15240
-7608
2863
13539
21694
25174
22923
15258
3804
-8879
-19903
-26744
-27847
-23008
-13430
-1444
10040
18230
21115
17953
9452
-2389
-14751
-24660
-29696
-28562
-21402
-9768
3740
16081
24488
27110
23450
14470
2370
-9933
-19489
-23995
-22337
-14836
-3174
10002
21698
29260
30980
26482
16796
4110
-8737
-18907
-24204
-23562
-17269
-6882
5141
16010
23227
25144
21317
12579
836
-11371
-21439
-27272
-27724
-22829
-13764
-2566
8328
16611
20598
19566
13876
4870
-5444
-14830
-21300
-23513
-21037
-14409
-4991
5321
14505
20812
23111
21086
15278
6950
-2178
-10279
-15767
-17601
-15467
-9822
-1797
7032
14943
20394
22308
20275
14624
6366
-2997
-11743
-18255
-21326
-20385
-15618
-7946
1143
9863
16470
19603
18552
13416
5102
-4831
-14468
-21899
-25605
-24765
-19436
-10561
202
10793
19159
23661
23411
18457
9790
-852
-11321
-19489
-23676
-22989
-17506
-8259
2970
14002
22701
27390
27185
22159
13316
2383
-8538
-17386
-22537
-23111
-19117
-11435
-1619
8414
16757
21866
22839
19557
12675
3479
-6373
-15156
-21389
-24077
-22861
-18059
-10579
-1745
6935
14023
18380
19340
16806
11247
3621
-4785
-12557
-18379
-21238
-20593
-16466
-9452
-634
8577
16669
22278
24419
22671
17266
9070
-547
-9934
-17446
-21735
-21998
-18136
-10784
-1216
8878
17691
23626
25585
23172
16768
7458
-3158
-13264
-21146
-25502
-25659
-21680
-14337
-4956
4831
13373
19282
21658
20214
15302
7819
-962
-9610
-16770
-21364
-22742
-20752
-15744
-8489
-60
8328
15489
20425
22454
21302
17139
10562
2517
-5819
-13200
-18490
-20833
-19793
-15444
-8376
370
9452
17427
22985
25167
23534
18256
10098
306
-9595
-18051
-23738
-25781
-23899
-18445
-10342
-916
8328
15950
20809
22233
20100
14836
7317
-1280
-9676
-16676
-21335
-23071
-21720
-17531
-11107
-3316
4831
12303
18167
21692
22436
20294
15522
8715
749
-7315
-14367
-19391
-21614
-20635
-16499
-9718
-1216
7793
15984
22118
25243
24846
20941
14071
5225
-4317
-13185
-20136
-24233
-24981
-22385
-16923
-9452
-1064
7079
13917
18615
20664
19908
16541
11055
4160
-3299
-10441
-16433
-20571
-22346
-21500
-18059
-12350
-4978
3219
11256
18121
22898
24907
23810
19683
13021
4692
-4186
-12397
-18810
-22546
-23111
-20461
-15010
-7549
873
9116
16108
20992
23227
22631
19380
13947
7025
-575
-8021
-14540
-19489
-22393
-22979
-21192
-17198
-11380
-4318
3252
10500
16581
20738
22403
21287
17441
11278
3530
-4831
-12726
-19119
-23164
-24330
-22475
-17858
-11093
-3053
5263
12871
18928
22826
24245
23158
19803
14624
8203
1193
-5740
-11965
-16925
-20162
-21356
-20348
-17173
-12078
-5526
1827
9185
15695
20553
23111
22980
20099
14756
7561
-632
-8844
-16108
-21593
-24718
-25209
-23119
-18786
-12774
-5772
1491
8328
14156
18525
21131
21815
20554
17456
12759
6829
157
-6661
-12962
-18074
-21393
-22467
-21073
-17269
-11407
-4108
3815
11459
17953
22575
24845
24580
21894
17166
10967
3970
-3141
-9741
-15316
-19489
-22014
-22770
-21741
-19008
-14749
-9242
-2876
3856
10372
16048
20279
22562
22571
20219
15695
9452
2160
-5382
-12349
-18005
-21791
-23390
-22743
-20034
-15633
-10027
-3752
2675
8791
14203
18591
21694
23307
23278
21529
18082
13090
6866
-124
-7279
-13920
-19371
-23050
-24552
-23716
-20646
-15704
-9452
-2566
4252
10371
15295
18702
20448
20539
19094
16300
12377
7562
2112
-3683
-9486
-14901
-19489
-22805
-24451
-24142
-21768
-17438
-11484
-4439
3027
10196
16398
21097
23949
24833
23833
21195
17269
12441
7082
1521
-3964
-9127
-13732
-17535
-20273
-21685
-21548
-19726
-16225
-11226
-5098
1631
8328
14339
19077
22108
23198
22340
19731
15719
10741
5241
-379
-5798
-10778
-15145
-18756
-21466
-23111
-23512
-22505
-19986
-15959
-10586
-4196
2727
9595
15790
20750
24052
25465
24976
22770
19180
14624
9523
4248
-917
-5776
-10197
-14077
-17297
-19700
-21088
-21249
-20007
-17276
-13115
-7755
-1596
4831
10938
16157
20031
22272
22793
21697
19237
15748
11578
7027
2319
-2403
-7049
-11537
-15747
-19489
-22499
-24467
-25085
-24121
-21478
-17245
-11701
-5294
1425
7882
13568
18106
21295
23105
23647
23111
21701
19579
16838
13498
9548
4992
-89
-5505
-10937
-15966
-20131
-23004
-24269
-23789
-21632
-18059
-13479
-8369
-3188
1692
6031
9732
12810
15333
17361
18889
19825
19992
19174
17181
13920
9452
4016
-1983
-8031
-13586
-18168
-21437
-23239
-23614
-22759
-20961
-18517
-15660
-12521
-9114
-5374
-1216
3394
8381
13521
18461
22755
25952
27680
27728
26088
22961
18716
13812
8707
3772
-764
-4831
-8490
-11867
-15078
-18157
-21005
-23396
-25007
-25498
-24600
-22191
-18354
-13373
-7699
-1865
3613
8328
12050
14744
16547
17693
18431
18934
19241
19243
18710
17367
14982
11457
6883
1553
-4073
-9452
-14062
-17506
-19582
-20313
-19919
-18745
-17163
-15467
-13805
-12147
-10313
-8037
-5073
-1287
3267
8328
13456
18116
21785
24065
24768
23951
21896
19028
15815
12647
9751
7146
4666
2023
-1077
-4831
-9250
-14115
-19011
-23395
-26721
-28561
-28704
-27204
-24367
-20675
-16664
-12802
-9378
-6445
-3833
-1216
1772
5409
9781
14721
19828
24540
28256
30482
30944
29657
26921
23245
19226
15398
12111
9452
7239
5094
2565
-728
-4965
-10045
-15584
-20986
-25578
-28767
-30179
-29755
-27760
-24720
-21282
-18059
-15470
-13644
-12393
-11282
-9753
-7294
-3603
1312
7104
13150
18690
23005
25590
26278
25276
23111
20490
18120
16519
15885
16045
16506
16589
15621
13129
8982
3453
-2828
-9013
-14239
-17836
-19489
-19316
-17833
-15814
-14091
-13329
-13846
-15527
-17844
-19995
-21112
-20496
-17815
-13207
-7266
-912
4831
9088
11343
11577
10263
8243
6510
5936
7044
9852
13860
18163
21681
23433
22803
19704
14624
8515
2563
-2101
-4690
-4961
-3277
-517
2150
3571
2915
-95
-5096
-11155
-16996
-21313
-23111
-21957
-18111
-12473
-6364
-1202
1858
2218
0
-3978
-8403
-11804
-12923
-11061
-6263
661
8328
15110
19547
20709
18446
13439
7038
933
-3268
-4451
-2288
2670
9109
15281
19436
20270
-17269
-10860
-2323
6503
13675
17624
17552
13646
7044
-438
-6748
-10116
-9502
-4874
2766
11612
19489
24393
24992
20975
13146
3247
-6453
-13713
-16874
-15271
-9419
-894
8039
14981
17991
16075
9452
-484
-11483
-20977
-26708
-27284
-22529
-13547
-2464
8071
15531
18124
15240
7608
-2863
-13539
-21694
-25174
-22923
-15258
-3804
8879
19903
26744
27847
23008
13430
1444
-10040
-18230
-21115
-17953
-9452
2389
14751
24660
29696
28562
21402
9768
-3740
-16081
-24488
-27110
-23450
-14470
-2370
9933
19489
23995
22337
14836
3174
-10002
-21698
-29260
-30980
-26482
-16796
-4110
8737
18907
24204
23562
17269
6882
-5141
-16010
-23227
-25144
-21317
-12579
-836
11371
21439
27272
27724
22829
13764
2566
-8328
-16611
-20598
-19566
-13876
-4870
5444
14830
21300
23513
21037
14409
4991
-5321
-14505
-20812
-23111
-21086
-15278
-6950
2178
10279
15767
17601
15467
9822
1797
-7032
-14943
-20394
-22308
-20275
-14624
-6366
2997
11743
18255
21326
20385
15618
7946
-1143
-9863
-16470
-19603
-18552
-13416
-5102
4831
14468
21899
25605
24765
19436
10561
-202
-10793
-19159
-23661
-23411
-18457
-9790
852
11321
19489
23676
22989
17506
8259
-2970
-14002
-22701
-27390
-27185
-22159
-13316
-2383
8538
17386
22537
23111
19117
11435
1619
-8414
-16757
-21866
-22839
-19557
-12675
-3479
6373
15156
21389
24077
22861
18059
10579
1745
-6935
-14023
-18380
-19340
-16806
-11247
-3621
4785
12557
18379
21238
20593
16466
9452
634
-8577
-16669
-22278
-24419
-22671
-17266
-9070
547
9934
17446
21735
21998
18136
10784
1216
-8878
-17691
-23626
-25585
-23172
-16768
-7458
3158
13264
21146
25502
25659
21680
14337
4956
-4831
-13373
-19282
-21658
-20214
-15302
-7819
962
9610
16770
21364
22742
20752
15744
8489
60
-8328
-15489
-20425
-22454
-21302
-17139
-10562
-2517
5819
13200
18490
20833
19793
15444
8376
-370
-9452
-17427
-22985
-25167
-23534
-18256
-10098
-306
9595
18051
23738
25781
23899
18445
10342
916
-8328
-15950
-20809
-22233
-20100
-14836
-7317
1280
9676
16676
21335
23071
21720
17531
11107
3316
-4831
-12303
-18167
-21692
-22436
-20294
-15522
-8715
-749
7315
14367
19391
21614
20635
16499
9718
1216
-7793
-15984
-22118
-25243
-24846
-20941
-14071
-5225
4317
13185
20136
24233
24981
22385
16923
9452
1064
-7079
-13917
-18615
-20664
-19908
-16541
-11055
-4160
3299
10441
16433
20571
22346
21500
18059
12350
4978
-3219
-11256
-18121
-22898
-24907
-23810
-19683
-13021
-4692
4186
12397
18810
22546
23111
20461
15010
7549
-873
-9116
-16108
-20992
-23227
-22631
-19380
-13947
-7025
575
8021
14540
19489
22393
22979
21192
17198
11380
4318
-3252
-10500
-16581
-20738
-22403
-21287
-17441
-11278
-3530
4831
12726
19119
23164
24330
22475
17858
11093
3053
-5263
-12871
-18928
-22826
-24245
-23158
-19803
-14624
-8203
-1193
5740
11965
16925
20162
21356
20348
17173
12078
5526
-1827
-9185
-15695
-20553
-23111
-22980
-20099
-14756
-7561
632
8844
16108
21593
24718
25209
23119
18786
12774
5772
-1491
-8328
-14156
-18525
-21131
-21815
-20554
-17456
-12759
-6829
-157
6661
12962
18074
21393
22467
21073
17269
11407
4108
-3815
-11459
-17953
-22575
-24845
-24580
-21894
-17166
-10967
-3970
3141
9741
15316
19489
22014
22770
21741
19008
14749
9242
2876
-3856
-10372
-16048
-20279
-22562
-22571
-20219
-15695
-9452
-2160
5382
12349
18005
21791
23390
22743
20034
15633
10027
3752
-2675
-8791
-14203
-18591
-21694
-23307
-23278
-21529
-18082
-13090
-6866
124
7279
13920
19371
23050
24552
23716
20646
15704
9452
2566
-4252
-10371
-15295
-18702
-20448
-20539
-19094
-16300
-12377
-7562
-2112
3683
9486
14901
19489
22805
24451
24142
21768
17438
11484
4439
-3027
-10196
-16398
-21097
-23949
-24833
-23833
-21195
-17269
-12441
-7082
-1521
3964
9127
13732
17535
20273
21685
21548
19726
16225
11226
5098
-1631
-8328
-14339
-19077
-22108
-23198
-22340
-19731
-15719
-10741
-5241
379
5798
10778
15145
18756
21466
23111
23512
22505
19986
15959
10586
4196
-2727
-9595
-15790
-20750
-24052
-25465
-24976
-22770
-19180
-14624
-9523
-4248
917
5776
10197
14077
17297
19700
21088
21249
20007
17276
13115
7755
1596
-4831
-10938
-16157
-20031
-22272
-22793
-21697
-19237
-15748
-11578
-7027
-2319
2403
7049
11537
15747
19489
22499
24467
25085
24121
21478
17245
11701
5294
-1425
-7882
-13568
-18106
-21295
-23105
-23647
-23111
-21701
-19579
-16838
-13498
-9548
-4992
89
5505
10937
15966
20131
23004
24269
23789
21632
18059
13479
8369
3188
-1692
-6031
-9732
-12810
-15333
-17361
-18889
-19825
-19992
-19174
-17181
-13920
-9452
-4016
1983
8031
13586
18168
21437
23239
23614
22759
20961
18517
15660
12521
9114
5374
1216
-3394
-8381
-13521
-18461
-22755
-25952
-27680
-27728
-26088
-22961
-18716
-13812
-8707
-3772
764
4831
8490
11867
15078
18157
21005
23396
25007
25498
24600
22191
18354
13373
7699
1865
-3613
-8328
-12050
-14744
-16547
-17693
-18431
-18934
-19241
-19243
-18710
-17367
-14982
-11457
-6883
-1553
4073
9452
14062
17506
19582
20313
19919
18745
17163
15467
13805
12147
10313
8037
5073
1287
-3267
-8328
-13456
-18116
-21785
-24065
-24768
-23951
-21896
-19028
-15815
-12647
-9751
-7146
-4666
-2023
1077
4831
9250
14115
19011
23395
26721
28561
28704
27204
24367
20675
16664
12802
9378
6445
3833
1216
-1772
-5409
-9781
-14721
-19828
-24540
-28256
-30482
-30944
-29657
-26921
-23245
-19226
-15398
-12111
-9452
-7239
-5094
-2565
728
4965
10045
15584
20986
25578
28767
30179
29755
27760
24720
21282
18059
15470
13644
12393
11282
9753
7294
3603
-1312
-7104
-13150
-18690
-23005
-25590
-26278
-25276
-23111
-20490
-18120
-16519
-15885
-16045
-16506
-16589
-15621
-13129
-8982
-3453
2828
9013
14239
17836
19489
19316
17833
15814
14091
13329
13846
15527
17844
19995
21112
20496
17815
13207
7266
912
-4831
-9088
-11343
-11577
-10263
-8243
-6510
-5936
-7044
-9852
-13860
-18163
-21681
-23433
-22803
-19704
-14624
-8515
-2563
2101
4690
4961
3277
517
-2150
-3571
-2915
95
5096
11155
16996
21313
23111
21957
18111
12473
6364
1202
-1858
-2218
0
3978
8403
11804
12923
11061
6263
-661
-8328
-15110
-19547
-20709
-18446
-13439
-7038
-933
3268
4451
2288
-2670
-9109
-15281
-19436
-20270
-17269
-10860
-2323
6503
13675
17624
17552
13646
7044
-438
-6748
-10116
-9502
-4874
2766
11612
19489
24393
24992
20975
13146
3247
-6453
-13713
-16874
-15271
-9419
-894
8039
14981
17991
16075
9452
-484
-11483
-20977
-26708
-27284
-22529
-13547
-2464
8071
15531
18124
15240
7608
-2863
-13539
-21694
-25174
-22923
-15258
-3804
8879
19903
26744
27847
23008
13430
1444
-10040
-18230
-21115
-17953
-9452
2389
14751
24660
29696
28562
21402
9768
-3740
-16081
-24488
-27110
-23450
-14470
-2370
9933
19489
23995
22337
14836
3174
-10002
-21698
-29260
-30980
-26482
-16796
-4110
8737
18907
24204
23562
17269
6882
-5141
-16010
-23227
-25144
-21317
-12579
-836
11371
21439
27272
27724
22829
13764
2566
-8328
-16611
-20598
-19566
-13876
-4870
5444
14830
21300
23513
21037
14409
4991
-5321
-14505
-20812
-23111
-21086
-15278
-6950
2178
10279
15767
17601
15467
9822
1797
-7032
-14943
-20394
-22308
-20275
-14624
-6366
2997
11743
18255
21326
20385
15618
7946
-1143
-9863
-16470
-19603
-18552
-13416
-5102
4831
14468
21899
25605
24765
19436
10561
-202
-10793
-19159
-23661
-23411
-18457
-9790
852
11321
19489
23676
22989
17506
8259
-2970
-14002
-22701
-27390
-27185
-22159
-13316
-2383
8538
17386
22537
23111
19117
11435
1619
-8414
-16757
-21866
-22839
-19557
-12675
-3479
6373
15156
21389
24077
22861
18059
10579
1745
-6935
-14023
-18380
-19340
-16806
-11247
-3621
4785
12557
18379
21238
20593
16466
9452
634
-8577
-16669
-22278
-24419
-22671
-17266
-9070
547
9934
17446
21735
21998
18136
10784
1216
-8878
-17691
-23626
-25585
-23172
-16768
-7458
3158
13264
21146
25502
25659
21680
14337
4956
-4831
-13373
-19282
-21658
-20214
-15302
-7819
962
9610
16770
21364
22742
20752
15744
8489
60
-8328
-15489
-20425
-22454
-21302
-17139
-10562
-2517
5819
13200
18490
20833
19793
15444
8376
-370
-9452
-17427
-22985
-25167
-23534
-18256
-10098
-306
9595
18051
23738
25781
23899
18445
10342
916
-8328
-15950
-20809
-22233
-20100
-14836
-7317
1280
9676
16676
21335
23071
21720
17531
11107
3316
-4831
-12303
-18167
-21692
-22436
-20294
-15522
-8715
-749
7315
14367
19391
21614
20635
16499
9718
1216
-7793
-15984
-22118
-25243
-24846
-20941
-14071
-5225
4317
13185
20136
24233
24981
22385
16923
9452
1064
-7079
-13917
-18615
-20664
-19908
-16541
-11055
-4160
3299
10441
16433
20571
22346
21500
18059
12350
4978
-3219
-11256
-18121
-22898
-24907
-23810
-19683
-13021
-4692
4186
12397
18810
22546
23111
20461
15010
7549
-873
-9116
-16108
-20992
-23227
-22631
-19380
-13947
-7025
575
8021
14540
19489
22393
22979
21192
17198
11380
4318
-3252
-10500
-16581
-20738
-22403
-21287
-17441
-11278
-3530
4831
12726
19119
23164
24330
22475
17858
11093
3053
-5263
-12871
-18928
-22826
-24245
-23158
-19803
-14624
-8203
-1193
5740
11965
16925
20162
21356
20348
17173
12078
5526
-1827
-9185
-15695
-20553
-23111
-22980
-20099
-14756
-7561
632
8844
16108
21593
24718
25209
23119
18786
12774
5772
-1491
-8328
-14156
-18525
-21131
-21815
-20554
-17456
-12759
-6829
-157
6661
12962
18074
21393
22467
21073
17269
11407
4108
-3815
-11459
-17953
-22575
-24845
-24580
-21894
-17166
-10967
-3970
3141
9741
15316
19489
22014
22770
21741
19008
14749
9242
2876
-3856
-10372
-16048
-20279
-22562
-22571
-20219
-15695
-9452
-2160
5382
12349
18005
21791
23390
22743
20034
15633
10027
3752
-2675
-8791
-14203
-18591
-21694
-23307
-23278
-21529
-18082
-13090
-6866
124
7279
13920
19371
23050
24552
23716
20646
15704
9452
2566
-4252
-10371
-15295
-18702
-20448
-20539
-19094
-16300
-12377
-7562
-2112
3683
9486
14901
19489
22805
24451
24142
21768
17438
11484
4439
-3027
-10196
-16398
-21097
-23949
-24833
-23833
-21195
-17269
-12441
-7082
-1521
3964
9127
13732
17535
20273
21685
21548
19726
16225
11226
5098
-1631
-8328
-14339
-19077
-22108
-23198
-22340
-19731
-15719
-10741
-5241
379
5798
10778
15145
18756
21466
23111
23512
22505
19986
15959
10586
4196
-2727
-9595
-15790
-20750
-24052
-25465
-24976
-22770
-19180
-14624
-9523
-4248
917
5776
10197
14077
17297
19700
21088
21249
20007
17276
13115
7755
1596
-4831
-10938
-16157
-20031
-22272
-22793
-21697
-19237
-15748
-11578
-7027
-2319
2403
7049
11537
15747
19489
22499
24467
25085
24121
21478
17245
11701
5294
-1425
-7882
-13568
-18106
-21295
-23105
-23647
-23111
-21701
-19579
-16838
-13498
-9548
-4992
89
5505
10937
15966
20131
23004
24269
23789
21632
18059
13479
8369
3188
-1692
-6031
-9732
-12810
-15333
-17361
-18889
-19825
-19992
-19174
-17181
-13920
-9452
-4016
1983
8031
13586
18168
21437
23239
23614
22759
20961
18517
15660
12521
9114
5374
1216
-3394
-8381
-13521
-18461
-22755
-25952
-27680
-27728
-26088
-22961
-18716
-13812
-8707
-3772
764
4831
8490
11867
15078
18157
21005
23396
25007
25498
24600
22191
18354
13373
7699
1865
-3613
-8328
-12050
-14744
-16547
-17693
-18431
-18934
-19241
-19243
-18710
-17367
-14982
-11457
-6883
-1553
4073
9452
14062
17506
19582
20313
19919
18745
17163
15467
13805
12147
10313
8037
5073
1287
-3267
-8328
-13456
-18116
-21785
-24065
-24768
-23951
-21896
-19028
-15815
-12647
-9751
-7146
-4666
-2023
1077
4831
9250
14115
19011
23395
26721
28561
28704
27204
24367
20675
16664
12802
9378
6445
3833
1216
-1772
-5409
-9781
-14721
-19828
-24540
-28256
-30482
-30944
-29657
-26921
-23245
-19226
-15398
-12111
-9452
-7239
-5094
-2565
728
4965
10045
15584
20986
25578
28767
30179
29755
27760
24720
21282
18059
15470
13644
12393
11282
9753
7294
3603
-1312
-7104
-13150
-18690
-23005
-25590
-26278
-25276
-23111
-20490
-18120
-16519
-15885
-16045
-16506
-16589
-15621
-13129
-8982
-3453
2828
9013
14239
17836
19489
19316
17833
15814
14091
13329
13846
15527
17844
19995
21112
20496
17815
13207
7266
912
-4831
-9088
-11343
-11577
-10263
-8243
-6510
-5936
-7044
-9852
-13860
-18163
-21681
-23433
-22803
-19704
-14624
-8515
-2563
2101
4690
4961
3277
517
-2150
-3571
-2915
95
5096
11155
16996
21313
23111
21957
18111
12473
6364
1202
-1858
-2218
0
3978
8403
11804
12923
11061
6263
-661
-8328
-15110
-19547
-20709
-18446
-13439
-7038
-933
3268
4451
2288
-2670
-9109
-15281
-19436
-20270
-17269
-10860
-2323
6503
13675
17624
17552
13646
7044
-438
-6748
-10116
-9502
-4874
2766
11612
19489
24393
24992
20975
13146
3247
-6453
-13713
-16874
-15271
-9419
-894
8039
14981
17991
16075
9452
-484
-11483
-20977
-26708
-27284
-22529
-13547
-2464
8071
15531
18124
15240
7608
-2863
-13539
-21694
-25174
-22923
-15258
-3804
8879
19903
26744
27847
23008
13430
1444
-10040
-18230
-21115
-17953
-9452
2389
14751
24660
29696
28562
21402
9768
-3740
-16081
-24488
-27110
-23450
-14470
-2370
9933
19489
23995
22337
14836
3174
-10002
-21698
-29260
-30980
-26482
-16796
-4110
8737
18907
24204
23562
17269
6882
-5141
-16010
-23227
-25144
-21317
-12579
-836
11371
21439
27272
27724
22829
13764
2566
-8328
-16611
-20598
-19566
-13876
-4870
5444
14830
21300
23513
21037
14409
4991
-5321
-14505
-20812
-23111
-21086
-15278
-6950
2178
10279
15767
17601
15467
9822
1797
-7032
-14943
-20394
-22308
-20275
-14624
-6366
2997
11743
18255
21326
20385
15618
7946
-1143
-9863
-16470
-19603
-18552
-13416
-5102
4831
14468
21899
25605
24765
19436
10561
-202
-10793
-19159
-23661
-23411
-18457
-9790
852
11321
19489
23676
22989
17506
8259
-2970
-14002
-22701
-27390
-27185
-22159
-13316
-2383
8538
17386
22537
23111
19117
11435
1619
-8414
-16757
-21866
-22839
-19557
-12675
-3479
6373
15156
21389
24077
22861
18059
10579
1745
-6935
-14023
-18380
-19340
-16806
-11247
-3621
4785
12557
18379
21238
20593
16466
9452
634
-8577
-16669
-22278
-24419
-22671
-17266
-9070
547
9934
17446
21735
21998
18136
10784
1216
-8878
-17691
-23626
-25585
-23172
-16768
-7458
3158
13264
21146
25502
25659
21680
14337
4956
-4831
-13373
-19282
-21658
-20214
-15302
-7819
962
9610
16770
21364
22742
20752
15744
8489
60
-8328
-15489
-20425
-22454
-21302
-17139
-10562
-2517
5819
13200
18490
20833
19793
15444
8376
-370
-9452
-17427
-22985
-25167
-23534
-18256
-10098
-306
9595
18051
23738
25781
23899
18445
10342
916
-8328
-15950
-20809
-22233
-20100
-14836
-7317
1280
9676
16676
21335
23071
21720
17531
11107
3316
-4831
-12303
-18167
-21692
-22436
-20294
-15522
-8715
-749
7315
14367
19391
21614
20635
16499
9718
1216
-7793
-15984
-22118
-25243
-24846
-20941
-14071
-5225
4317
13185
20136
24233
24981
22385
16923
9452
1064
-7079
-13917
-18615
-20664
-19908
-16541
-11055
-4160
3299
10441
16433
20571
22346
21500
18059
12350
4978
-3219
-11256
-18121
-22898
-24907
-23810
-19683
-13021
-4692
4186
12397
18810
22546
23111
20461
15010
7549
-873
-9116
-16108
-20992
-23227
-22631
-19380
-13947
-7025
575
8021
14540
19489
22393
22979
21192
17198
11380
4318
-3252
-10500
-16581
-20738
-22403
-21287
-17441
-11278
-3530
4831
12726
19119
23164
24330
22475
17858
11093
3053
-5263
-12871
-18928
-22826
-24245
-23158
-19803
-14624
-8203
-1193
5740
11965
16925
20162
21356
20348
17173
12078
5526
-1827
-9185
-15695
-20553
-23111
-22980
-20099
-14756
-7561
632
8844
16108
21593
24718
25209
23119
18786
12774
5772
-1491
-8328
-14156
-18525
-21131
-21815
-20554
-17456
-12759
-6829
-157
6661
12962
18074
21393
22467
21073
17269
11407
4108
-3815
-11459
-17953
-22575
-24845
-24580
-21894
-17166
-10967
-3970
3141
9741
15316
19489
22014
22770
21741
19008
14749
9242
2876
-3856
-10372
-16048
-20279
-22562
-22571
-20219
-15695
-9452
-2160
5382
12349
18005
21791
23390
22743
20034
15633
10027
3752
-2675
-8791
-14203
-18591
-21694
-23307
-23278
-21529
-18082
-13090
-6866
124
7279
13920
19371
23050
24552
23716
20646
15704
9452
2566
-4252
-10371
-15295
-18702
-20448
-20539
-19094
-16300
-12377
-7562
-2112
3683
9486
14901
19489
22805
24451
24142
21768
17438
11484
4439
-3027
-10196
-16398
-21097
-23949
-24833
-23833
-21195
-17269
-12441
-7082
-1521
3964
9127
13732
17535
20273
21685
21548
19726
16225
11226
5098
-1631
-8328
-14339
-19077
-22108
-23198
-22340
-19731
-15719
-10741
-5241
379
5798
10778
15145
18756
21466
23111
23512
22505
19986
15959
10586
4196
-2727
-9595
-15790
-20750
-24052
-25465
-24976
-22770
-19180
-14624
-9523
-4248
917
5776
10197
14077
17297
19700
21088
21249
20007
17276
13115
7755
1596
-4831
-10938
-16157
-20031
-22272
-22793
-21697
-19237
-15748
-11578
-7027
-2319
2403
7049
11537
15747
19489
22499
24467
25085
24121
21478
17245
11701
5294
-1425
-7882
-13568
-18106
-21295
-23105
-23647
-23111
-21701
-19579
-16838
-13498
-9548
-4992
89
5505
10937
15966
20131
23004
24269
23789
21632
18059
13479
8369
3188
-1692
-6031
-9732
-12810
-15333
-17361
-18889
-19825
-19992
-19174
-17181
-13920
-9452
-4016
1983
8031
13586
18168
21437
23239
23614
22759
20961
18517
15660
12521
9114
5374
1216
-3394
-8381
-13521
-18461
-22755
-25952
-27680
-27728
-26088
-22961
-18716
-13812
-8707
-3772
764
4831
8490
11867
15078
18157
21005
23396
25007
25498
24600
22191
18354
13373
7699
1865
-3613
-8328
-12050
-14744
-16547
-17693
-18431
-18934
-19241
-19243
-18710
-17367
-14982
-11457
-6883
-1553
4073
9452
14062
17506
19582
20313
19919
18745
17163
15467
13805
12147
10313
8037
5073
1287
-3267
-8328
-13456
-18116
-21785
-24065
-24768
-23951
-21896
-19028
-15815
-12647
-9751
-7146
-4666
-2023
1077
4831
9250
14115
19011
23395
26721
28561
28704
27204
24367
20675
16664
12802
9378
6445
3833
1216
-1772
-5409
-9781
-14721
-19828
-24540
-28256
-30482
-30944
-29657
-26921
-23245
-19226
-15398
-12111
-9452
-7239
-5094
-2565
728
4965
10045
15584
20986
25578
28767
30179
29755
27760
24720
21282
18059
15470
13644
12393
11282
9753
7294
3603
-1312
-7104
-13150
-18690
-23005
-25590
-26278
-25276
-23111
-20490
-18120
-16519
-15885
-16045
-16506
-16589
-15621
-13129
-8982
-3453
2828
9013
14239
17836
19489
19316
17833
15814
14091
13329
13846
15527
17844
19995
21112
20496
17815
13207
7266
912
-4831
-9088
-11343
-11577
-10263
-8243
-6510
-5936
-7044
-9852
-13860
-18163
-21681
-23433
-22803
-19704
-14624
-8515
-2563
2101
4690
4961
3277
517
-2150
-3571
-2915
95
5096
11155
16996
21313
23111
21957
18111
12473
6364
1202
-1858
-2218
0
3978
8403
11804
12923
11061
6263
-661
-8328
-15110
-19547
-20709
-18446
-13439
-7038
-933
3268
4451
2288
-2670
-9109
-15281
-19436
-20270
-17269
-10860
-2323
6503
13675
17624
17552
13646
7044
-438
-6748
-10116
-9502
-4874
2766
11612
19489
24393
24992
20975
13146
3247
-6453
-13713
-16874
-15271
-9419
-894
8039
14981
17991
16075
9452
-484
-11483
-20977
-26708
-27284
-22529
-13547
-2464
8071
15531
18124
15240
7608
-2863
-13539
-21694
-25174
-22923
-15258
-3804
8879
19903
26744
27847
23008
13430
1444
-10040
-18230
-21115
-17953
-9452
2389
14751
24660
29696
28562
21402
9768
-3740
-16081
-24488
-27110
-23450
-14470
-2370
9933
19489
23995
22337
14836
3174
-10002
-21698
-29260
-30980
-26482
-16796
-4110
8737
18907
24204
23562
17269
6882
-5141
-16010
-23227
-25144
-21317
-12579
-836
11371
21439
27272
27724
22829
13764
2566
-8328
-16611
-20598
-19566
-13876
-4870
5444
14830
21300
23513
21037
14409
4991
-5321
-14505
-20812
-23111
-21086
-15278
-6950
2178
10279
15767
17601
15467
9822
1797
-7032
-14943
-20394
-22308
-20275
-14624
-6366
2997
11743
18255
21326
20385
15618
7946
-1143
-9863
-16470
-19603
-18552
-13416
-5102
4831
14468
21899
25605
24765
19436
10561
-202
-10793
-19159
-23661
-23411
-18457
-9790
852
11321
19489
23676
22989
17506
8259
-2970
-14002
-22701
-27390
-27185
-22159
-13316
-2383
8538
17386
22537
23111
19117
11435
1619
-8414
-16757
-21866
-22839
-19557
-12675
-3479
6373
15156
21389
24077
22861
18059
10579
1745
-6935
-14023
-18380
-19340
-16806
-11247
-3621
4785
12557
18379
21238
20593
16466
9452
634
-8577
-16669
-22278
-24419
-22671
-17266
-9070
547
9934
17446
21735
21998
18136
10784
1216
-8878
-17691
-23626
-25585
-23172
-16768
-7458
3158
13264
21146
25502
25659
21680
14337
4956
-4831
-13373
-19282
-21658
-20214
-15302
-7819
962
9610
16770
21364
22742
20752
15744
8489
60
-8328
-15489
-20425
-22454
-21302
-17139
-10562
-2517
5819
13200
18490
20833
19793
15444
8376
-370
-9452
-17427
-22985
-25167
-23534
-18256
-10098
-306
9595
18051
23738
25781
23899
18445
10342
916
-8328
-15950
-20809
-22233
-20100
-14836
-7317
1280
9676
16676
21335
23071
21720
17531
11107
3316
-4831
-12303
-18167
-21692
-22436
-20294
-15522
-8715
-749
7315
14367
19391
21614
20635
16499
9718
1216
-7793
-15984
-22118
-25243
-24846
-20941
-14071
-5225
4317
13185
20136
24233
24981
22385
16923
9452
1064
-7079
-13917
-18615
-20664
-19908
-16541
-11055
-4160
3299
10441
16433
20571
22346
21500
18059
12350
4978
-3219
-11256
-18121
-22898
-24907
-23810
-19683
-13021
-4692
4186
12397
18810
22546
23111
20461
15010
7549
-873
-9116
-16108
-20992
-23227
-22631
-19380
-13947
-7025
575
8021
14540
19489
22393
22979
21192
17198
11380
4318
-3252
-10500
-16581
-20738
-22403
-21287
-17441
-11278
-3530
4831
12726
19119
23164
24330
22475
17858
11093
3053
-5263
-12871
-18928
-22826
-24245
-23158
-19803
-14624
-8203
-1193
5740
11965
16925
20162
21356
20348
17173
12078
5526
-1827
-9185
-15695
-20553
-23111
-22980
-20099
-14756
-7561
632
8844
16108
21593
24718
25209
23119
18786
12774
5772
-1491
-8328
-14156
-18525
-21131
-21815
-20554
-17456
-12759
-6829
-157
6661
12962
18074
21393
22467
21073
17269
11407
4108
-3815
-11459
-17953
-22575
-24845
-24580
-21894
-17166
-10967
-3970
3141
9741
15316
19489
22014
22770
21741
19008
14749
9242
2876
-3856
-10372
-16048
-20279
-22562
-22571
-20219
-15695
-9452
-2160
5382
12349
18005
21791
23390
22743
20034
15633
10027
3752
-2675
-8791
-14203
-18591
-21694
-23307
-23278
-21529
-18082
-13090
-6866
124
7279
13920
19371
23050
24552
23716
20646
15704
9452
2566
-4252
-10371
-15295
-18702
-20448
-20539
-19094
-16300
-12377
-7562
-2112
3683
9486
14901
19489
22805
24451
24142
21768
17438
11484
4439
-3027
-10196
-16398
-21097
-23949
-24833
-23833
-21195
-17269
-12441
-7082
-1521
3964
9127
13732
17535
20273
21685
21548
19726
16225
11226
5098
-1631
-8328
-14339
-19077
-22108
-23198
-22340
-19731
-15719
-10741
-5241
379
5798
10778
15145
18756
21466
23111
23512
22505
19986
15959
10586
4196
-2727
-9595
-15790
-20750
-24052
-25465
-24976
-22770
-19180
-14624
-9523
-4248
917
5776
10197
14077
17297
19700
21088
21249
20007
17276
13115
7755
1596
-4831
-10938
-16157
-20031
-22272
-22793
-21697
-19237
-15748
-11578
-7027
-2319
2403
7049
11537
15747
19489
22499
24467
25085
24121
21478
17245
11701
5294
-1425
-7882
-13568
-18106
-21295
-23105
-23647
-23111
-21701
-19579
-16838
-13498
-9548
-4992
89
5505
10937
15966
20131
23004
24269
23789
21632
18059
13479
8369
3188
-1692
-6031
-9732
-12810
-15333
-17361
-18889
-19825
-19992
-19174
-17181
-13920
-9452
-4016
1983
8031
13586
18168
21437
23239
23614
22759
20961
18517
15660
12521
9114
5374
1216
-3394
-8381
-13521
-18461
-22755
-25952
-27680
-27728
-26088
-22961
-18716
-13812
-8707
-3772
764
4831
8490
11867
15078
18157
21005
23396
25007
25498
24600
22191
18354
13373
7699
1865
-3613
-8328
-12050
-14744
-16547
-17693
-18431
-18934
-19241
-19243
-18710
-17367
-14982
-11457
-6883
-1553
4073
9452
14062
17506
19582
20313
19919
18745
17163
15467
13805
12147
10313
8037
5073
1287
-3267
-8328
-13456
-18116
-21785
-24065
-24768
-23951
-21896
-19028
-15815
-12647
-9751
-7146
-4666
-2023
1077
4831
9250
14115
19011
23395
26721
28561
28704
27204
24367
20675
16664
12802
9378
6445
3833
1216
-1772
-5409
-9781
-14721
-19828
-24540
-28256
-30482
-30944
-29657
-26921
-23245
-19226
-15398
-12111
-9452
-7239
-5094
-2565
728
4965
10045
15584
20986
25578
28767
30179
29755
27760
24720
21282
18059
15470
13644
12393
11282
9753
7294
3603
-1312
-7104
-13150
-18690
-23005
-25590
-26278
-25276
-23111
-20490
-18120
-16519
-15885
-16045
-16506
-16589
-15621
-13129
-8982
-3453
2828
9013
14239
17836
19489
19316
17833
15814
14091
13329
13846
15527
17844
19995
21112
20496
17815
13207
7266
912
-4831
-9088
-11343
-11577
-10263
-8243
-6510
-5936
-7044
-9852
-13860
-18163
-21681
-23433
-22803
-19704
-14624
-8515
-2563
2101
4690
4961
3277
517
-2150
-3571
-2915
95
5096
11155
16996
21313
23111
21957
18111
12473
6364
1202
-1858
-2218
0
3978
8403
11804
12923
11061
6263
-661
-8328
-15110
-19547
-20709
-18446
-13439
-7038
-933
3268
4451
2288
-2670
-9109
-15281
-19436
-20270
-17269
-10860
-2323
6503
13675
17624
17552
13646
7044
-438
-6748
-10116
-9502
-4874
2766
11612
19489
24393
24992
20975
13146
3247
-6453
-13713
-16874
-15271
-9419
-894
8039
14981
17991
16075
9452
-484
-11483
-20977
-26708
-27284
-22529
-13547
-2464
8071
15531
18124
15240
7608
-2863
-13539
-21694
-25174
-22923
-15258
-3804
8879
19903
26744
27847
23008
13430
1444
-10040
-18230
-21115
-17953
-9452
2389
14751
24660
29696
28562
21402
9768
-3740
-16081
-24488
-27110
-23450
-14470
-2370
9933
19489
23995
22337
14836
3174
-10002
-21698
-29260
-30980
-26482
-16796
-4110
8737
18907
24204
23562
17269
6882
-5141
-16010
-23227
-25144
-21317
-12579
-836
11371
21439
27272
27724
22829
13764
2566
-8328
-16611
-20598
-19566
-13876
-4870
5444
14830
21300
23513
21037
14409
4991
-5321
-14505
-20812
-23111
-21086
-15278
-6950
2178
10279
15767
17601
15467
9822
1797
-7032
-14943
-20394
-22308
-20275
-14624
-6366
2997
11743
18255
21326
20385
15618
7946
-1143
-9863
-16470
-19603
-18552
-13416
-5102
4831
14468
21899
25605
24765
19436
10561
-202
-10793
-19159
-23661
-23411
-18457
-9790
852
11321
19489
23676
22989
17506
8259
-2970
-14002
-22701
-27390
-27185
-22159
-13316
-2383
8538
17386
22537
23111
19117
11435
1619
-8414
-16757
-21866
-22839
-19557
-12675
-3479
6373
15156
21389
24077
22861
18059
10579
1745
-6935
-14023
-18380
-19340
-16806
-11247
-3621
4785
12557
18379
21238
20593
16466
9452
634
-8577
-16669
-22278
-24419
-22671
-17266
-9070
547
9934
17446
21735
21998
18136
10784
1216
-8878
-17691
-23626
-25585
-23172
-16768
-7458
3158
13264
21146
25502
25659
21680
14337
4956
-4831
-13373
-19282
-21658
-20214
-15302
-7819
962
9610
16770
21364
22742
20752
15744
8489
60
-8328
-15489
-20425
-22454
-21302
-17139
-10562
-2517
5819
13200
18490
20833
19793
15444
8376
-370
-9452
-17427
-22985
-25167
-23534
-18256
-10098
-306
9595
18051
23738
25781
23899
18445
10342
916
-8328
-15950
-20809
-22233
-20100
-14836
-7317
1280
9676
16676
21335
23071
21720
17531
11107
3316
-4831
-12303
-18167
-21692
-22436
-20294
-15522
-8715
-749
7315
14367
19391
21614
20635
16499
9718
1216
-7793
-15984
-22118
-25243
-24846
-20941
-14071
-5225
4317
13185
20136
24233
24981
22385
16923
9452
1064
-7079
-13917
-18615
-20664
-19908
-16541
-11055
-4160
3299
10441
16433
20571
22346
21500
18059
12350
4978
-3219
-11256
-18121
-22898
-24907
-23810
-19683
-13021
-4692
4186
12397
18810
22546
23111
20461
15010
7549
-873
-9116
-16108
-20992
-23227
-22631
-19380
-13947
-7025
575
8021
14540
19489
22393
22979
21192
17198
11380
4318
-3252
-10500
-16581
-20738
-22403
-21287
-17441
-11278
-3530
4831
12726
19119
23164
24330
22475
17858
11093
3053
-5263
-12871
-18928
-22826
-24245
-23158
-19803
-14624
-8203
-1193
5740
11965
16925
20162
21356
20348
17173
12078
5526
-1827
-9185
-15695
-20553
-23111
-22980
-20099
-14756
-7561
632
8844
16108
21593
24718
25209
23119
18786
12774
5772
-1491
-8328
-14156
-18525
-21131
-21815
-20554
-17456
-12759
-6829
-157
6661
12962
18074
21393
22467
21073
17269
11407
4108
-3815
-11459
-17953
-22575
-24845
-24580
-21894
-17166
-10967
-3970
3141
9741
15316
19489
22014
22770
21741
19008
14749
9242
2876
-3856
-10372
-16048
-20279
-22562
-22571
-20219
-15695
-9452
-2160
5382
12349
18005
21791
23390
22743
20034
15633
10027
3752
-2675
-8791
-14203
-18591
-21694
-23307
-23278
-21529
-18082
-13090
-6866
124
7279
13920
19371
23050
24552
23716
20646
15704
9452
2566
-4252
-10371
-15295
-18702
-20448
-20539
-19094
-16300
-12377
-7562
-2112
3683
9486
14901
19489
22805
24451
24142
21768
17438
11484
4439
-3027
-10196
-16398
-21097
-23949
-24833
-23833
-21195
-17269
-12441
-7082
-1521
3964
9127
13732
17535
20273
21685
21548
19726
16225
11226
5098
-1631
-8328
-14339
-19077
-22108
-23198
-22340
-19731
-15719
-10741
-5241
379
5798
10778
15145
18756
21466
23111
23512
22505
19986
15959
10586
4196
-2727
-9595
-15790
-20750
-24052
-25465
-24976
-22770
-19180
-14624
-9523
-4248
917
5776
10197
14077
17297
19700
21088
21249
20007
17276
13115
7755
1596
-4831
-10938
-16157
-20031
-22272
-22793
-21697
-19237
-15748
-11578
-7027
-2319
2403
7049
11537
15747
19489
22499
24467
25085
24121
21478
17245
11701
5294
-1425
-7882
-13568
-18106
-21295
-23105
-23647
-23111
-21701
-19579
-16838
-13498
-9548
-4992
89
5505
10937
15966
20131
23004
24269
23789
21632
18059
13479
8369
3188
-1692
-6031
-9732
-12810
-15333
-17361
-18889
-19825
-19992
-19174
-17181
-13920
-9452
-4016
1983
8031
13586
18168
21437
23239
23614
22759
20961
18517
15660
12521
9114
5374
1216
-3394
-8381
-13521
-18461
-22755
-25952
-27680
-27728
-26088
-22961
-18716
-13812
-8707
-3772
764
4831
8490
11867
15078
18157
21005
23396
25007
25498
24600
22191
18354
13373
7699
1865
-3613
-8328
-12050
-14744
-16547
-17693
-18431
-18934
-19241
-19243
-18710
-17367
-14982
-11457
-6883
-1553
4073
9452
14062
17506
19582
20313
19919
18745
17163
15467
13805
12147
10313
8037
5073
1287
-3267
-8328
-13456
-18116
-21785
-24065
-24768
-23951
-21896
-19028
-15815
-12647
-9751
-7146
-4666
-2023
1077
4831
9250
14115
19011
23395
26721
28561
28704
27204
24367
20675
16664
12802
9378
6445
3833
1216
-1772
-5409
-9781
-14721
-19828
-24540
-28256
-30482
-30944
-29657
-26921
-23245
-19226
-15398
-12111
-9452
-7239
-5094
-2565
728
4965
10045
15584
20986
25578
28767
30179
29755
27760
24720
21282
18059
15470
13644
12393
11282
9753
7294
3603
-1312
-7104
-13150
-18690
-23005
-25590
-26278
-25276
-23111
-20490
-18120
-16519
-15885
-16045
-16506
-16589
-15621
-13129
-8982
-3453
2828
9013
14239
17836
19489
19316
17833
15814
14091
13329
13846
15527
17844
19995
21112
20496
17815
13207
7266
912
-4831
-9088
-11343
-11577
-10263
-8243
-6510
-5936
-7044
-9852
-13860
-18163
-21681
-23433
-22803
-19704
-14624
-8515
-2563
2101
4690
4961
3277
517
-2150
-3571
-2915
95
5096
11155
16996
21313
23111
21957
18111
12473
6364
1202
-1858
-2218
0
3978
8403
11804
12923
11061
6263
-661
-8328
-15110
-19547
-20709
-18446
-13439
-7038
-933
3268
4451
2288
-2670
-9109
-15281
-19436
-20270
17269
10860
2323
-6503
-13675
-17624
-17552
-13646
-7044
438
6748
10116
9502
4874
-2766
-11612
-19489
-24393
-24992
-20975
-13146
-3247
6453
13713
16874
15271
9419
894
-8039
-14981
-17991
-16075
-9452
484
11483
20977
26708
27284
22529
13547
2464
-8071
-15531
-18124
-15240
-7608
2863
13539
21694
25174
22923
15258
3804
-8879
-19903
-26744
-27847
-23008
-13430
-1444
10040
18230
21115
17953
9452
-2389
-14751
-24660
-29696
-28562
-21402
-9768
3740
16081
24488
27110
23450
14470
2370
-9933
-19489
-23995
-22337
-14836
-3174
10002
21698
29260
30980
26482
16796
4110
-8737
-18907
-24204
-23562
-17269
-6882
5141
16010
23227
25144
21317
12579
836
-11371
-21439
-27272
-27724
-22829
-13764
-2566
8328
16611
20598
19566
13876
4870
-5444
-14830
-21300
-23513
-21037
-14409
-4991
5321
14505
20812
23111
21086
15278
6950
-2178
-10279
-15767
-17601
-15467
-9822
-1797
7032
14943
20394
22308
20275
14624
6366
-2997
-11743
-18255
-21326
-20385
-15618
-7946
1143
9863
16470
19603
18552
13416
5102
-4831
-14468
-21899
-25605
-24765
-19436
-10561
202
10793
19159
23661
23411
18457
9790
-852
-11321
-19489
-23676
-22989
-17506
-8259
2970
14002
22701
27390
27185
22159
13316
2383
-8538
-17386
-22537
-23111
-19117
-11435
-1619
8414
16757
21866
22839
19557
12675
3479
-6373
-15156
-21389
-24077
-22861
-18059
-10579
-1745
6935
14023
18380
19340
16806
11247
3621
-4785
-12557
-18379
-21238
-20593
-16466
-9452
-634
8577
16669
22278
24419
22671
17266
9070
-547
-9934
-17446
-21735
-21998
-18136
-10784
-1216
8878
17691
23626
25585
23172
16768
7458
-3158
-13264
-21146
-25502
-25659
-21680
-14337
-4956
4831
13373
19282
21658
20214
15302
7819
-962
-9610
-16770
-21364
-22742
-20752
-15744
-8489
-60
8328
15489
20425
22454
21302
17139
10562
2517
-5819
-13200
-18490
-20833
-19793
-15444
-8376
370
9452
17427
22985
25167
23534
18256
10098
306
-9595
-18051
-23738
-25781
-23899
-18445
-10342
-916
8328
15950
20809
22233
20100
14836
7317
-1280
-9676
-16676
-21335
-23071
-21720
-17531
-11107
-3316
4831
12303
18167
21692
22436
20294
15522
8715
749
-7315
-14367
-19391
-21614
-20635
-16499
-9718
-1216
7793
15984
22118
25243
24846
20941
14071
5225
-4317
-13185
-20136
-24233
-24981
-22385
-16923
-9452
-1064
7079
13917
18615
20664
19908
16541
11055
4160
-3299
-10441
-16433
-20571
-22346
-21500
-18059
-12350
-4978
3219
11256
18121
22898
24907
23810
19683
13021
4692
-4186
-12397
-18810
-22546
-23111
-20461
-15010
-7549
873
9116
16108
20992
23227
22631
19380
13947
7025
-575
-8021
-14540
-19489
-22393
-22979
-21192
-17198
-11380
-4318
3252
10500
16581
20738
22403
21287
17441
11278
3530
-4831
-12726
-19119
-23164
-24330
-22475
-17858
-11093
-3053
5263
12871
18928
22826
24245
23158
19803
14624
8203
1193
-5740
-11965
-16925
-20162
-21356
-20348
-17173
-12078
-5526
1827
9185
15695
20553
23111
22980
20099
14756
7561
-632
-8844
-16108
-21593
-24718
-25209
-23119
-18786
-12774
-5772
1491
8328
14156
18525
21131
21815
20554
17456
12759
6829
157
-6661
-12962
-18074
-21393
-22467
-21073
-17269
-11407
-4108
3815
11459
17953
22575
24845
24580
21894
17166
10967
3970
-3141
-9741
-15316
-19489
-22014
-22770
-21741
-19008
-14749
-9242
-2876
3856
10372
16048
20279
22562
22571
20219
15695
9452
2160
-5382
-12349
-18005
-21791
-23390
-22743
-20034
-15633
-10027
-3752
2675
8791
14203
18591
21694
23307
23278
21529
18082
13090
6866
-124
-7279
-13920
-19371
-23050
-24552
-23716
-20646
-15704
-9452
-2566
4252
10371
15295
18702
20448
20539
19094
16300
12377
7562
2112
-3683
-9486
-14901
-19489
-22805
-24451
-24142
-21768
-17438
-11484
-4439
3027
10196
16398
21097
23949
24833
23833
21195
17269
12441
7082
1521
-3964
-9127
-13732
-17535
-20273
-21685
-21548
-19726
-16225
-11226
-5098
1631
8328
14339
19077
22108
23198
22340
19731
15719
10741
5241
-379
-5798
-10778
-15145
-18756
-21466
-23111
-23512
-22505
-19986
-15959
-10586
-4196
2727
9595
15790
20750
24052
25465
24976
22770
19180
14624
9523
4248
-917
-5776
-10197
-14077
-17297
-19700
-21088
-21249
-20007
-17276
-13115
-7755
-1596
4831
10938
16157
20031
22272
22793
21697
19237
15748
11578
7027
2319
-2403
-7049
-11537
-15747
-19489
-22499
-24467
-25085
-24121
-21478
-17245
-11701
-5294
1425
7882
13568
18106
21295
23105
23647
23111
21701
19579
16838
13498
9548
4992
-89
-5505
-10937
-15966
-20131
-23004
-24269
-23789
-21632
-18059
-13479
-8369
-3188
1692
6031
9732
12810
15333
17361
18889
19825
19992
19174
17181
13920
9452
4016
-1983
-8031
-13586
-18168
-21437
-23239
-23614
-22759
-20961
-18517
-15660
-12521
-9114
-5374
-1216
3394
8381
13521
18461
22755
25952
27680
27728
26088
22961
18716
13812
8707
3772
-764
-4831
-8490
-11867
-15078
-18157
-21005
-23396
-25007
-25498
-24600
-22191
-18354
-13373
-7699
-1865
3613
8328
12050
14744
16547
17693
18431
18934
19241
19243
18710
17367
14982
11457
6883
1553
-4073
-9452
-14062
-17506
-19582
-20313
-19919
-18745
-17163
-15467
-13805
-12147
-10313
-8037
-5073
-1287
3267
8328
13456
18116
21785
24065
24768
23951
21896
19028
15815
12647
9751
7146
4666
2023
-1077
-4831
-9250
-14115
-19011
-23395
-26721
-28561
-28704
-27204
-24367
-20675
-16664
-12802
-9378
-6445
-3833
-1216
1772
5409
9781
14721
19828
24540
28256
30482
30944
29657
26921
23245
19226
15398
12111
9452
7239
5094
2565
-728
-4965
-10045
-15584
-20986
-25578
-28767
-30179
-29755
-27760
-24720
-21282
-18059
-15470
-13644
-12393
-11282
-9753
-7294
-3603
1312
7104
13150
18690
23005
25590
26278
25276
23111
20490
18120
16519
15885
16045
16506
16589
15621
13129
8982
3453
-2828
-9013
-14239
-17836
-19489
-19316
-17833
-15814
-14091
-13329
-13846
-15527
-17844
-19995
-21112
-20496
-17815
-13207
-7266
-912
4831
9088
11343
11577
10263
8243
6510
5936
7044
9852
13860
18163
21681
23433
22803
19704
14624
8515
2563
-2101
-4690
-4961
-3277
-517
2150
3571
2915
-95
-5096
-11155
-16996
-21313
-23111
-21957
-18111
-12473
-6364
-1202
1858
2218
0
-3978
-8403
-11804
-12923
-11061
-6263
661
8328
15110
19547
20709
18446
13439
7038
933
-3268
-4451
-2288
2670
9109
15281
19436
20270
-17269
-10860
-2323
6503
13675
17624
17552
13646
7044
-438
-6748
-10116
-9502
-4874
2766
11612
19489
24393
24992
20975
13146
3247
-6453
-13713
-16874
-15271
-9419
-894
8039
14981
17991
16075
9452
-484
-11483
-20977
-26708
-27284
-22529
-13547
-2464
8071
15531
18124
15240
7608
-2863
-13539
-21694
-25174
-22923
-15258
-3804
8879
19903
26744
27847
23008
13430
1444
-10040
-18230
-21115
-17953
-9452
2389
14751
24660
29696
28562
21402
9768
-3740
-16081
-24488
-27110
-23450
-14470
-2370
9933
19489
23995
22337
14836
3174
-10002
-21698
-29260
-30980
-26482
-16796
-4110
8737
18907
24204
23562
17269
6882
-5141
-16010
-23227
-25144
-21317
-12579
-836
11371
21439
27272
27724
22829
13764
2566
-8328
-16611
-20598
-19566
-13876
-4870
5444
14830
21300
23513
21037
14409
4991
-5321
-14505
-20812
-23111
-21086
-15278
-6950
2178
10279
15767
17601
15467
9822
1797
-7032
-14943
-20394
-22308
-20275
-14624
-6366
2997
11743
18255
21326
20385
15618
7946
-1143
-9863
-16470
-19603
-18552
-13416
-5102
4831
14468
21899
25605
24765
19436
10561
-202
-10793
-19159
-23661
-23411
-18457
-9790
852
11321
19489
23676
22989
17506
8259
-2970
-14002
-22701
-27390
-27185
-22159
-13316
-2383
8538
17386
22537
23111
19117
11435
1619
-8414
-16757
-21866
-22839
-19557
-12675
-3479
6373
15156
21389
24077
22861
18059
10579
1745
-6935
-14023
-18380
-19340
-16806
-11247
-3621
4785
12557
18379
21238
20593
16466
9452
634
-8577
-16669
-22278
-24419
-22671
-17266
-9070
547
9934
17446
21735
21998
18136
10784
1216
-8878
-17691
-23626
-25585
-23172
-16768
-7458
3158
13264
21146
25502
25659
21680
14337
4956
-4831
-13373
-19282
-21658
-20214
-15302
-7819
962
9610
16770
21364
22742
20752
15744
8489
60
-8328
-15489
-20425
-22454
-21302
-17139
-10562
-2517
5819
13200
18490
20833
19793
15444
8376
-370
-9452
-17427
-22985
-25167
-23534
-18256
-10098
-306
9595
18051
23738
25781
23899
18445
10342
916
-8328
-15950
-20809
-22233
-20100
-14836
-7317
1280
9676
16676
21335
23071
21720
17531
11107
3316
-4831
-12303
-18167
-21692
-22436
-20294
-15522
-8715
-749
7315
14367
19391
21614
20635
16499
9718
1216
-7793
-15984
-22118
-25243
-24846
-20941
-14071
-5225
4317
13185
20136
24233
24981
22385
16923
9452
1064
-7079
-13917
-18615
-20664
-19908
-16541
-11055
-4160
3299
10441
16433
20571
22346
21500
18059
12350
4978
-3219
-11256
-18121
-22898
-24907
-23810
-19683
-13021
-4692
4186
12397
18810
22546
23111
20461
15010
7549
-873
-9116
-16108
-20992
-23227
-22631
-19380
-13947
-7025
575
8021
14540
19489
22393
22979
21192
17198
11380
4318
-3252
-10500
-16581
-20738
-22403
-21287
-17441
-11278
-3530
4831
12726
19119
23164
24330
22475
17858
11093
3053
-5263
-12871
-18928
-22826
-24245
-23158
-19803
-14624
-8203
-1193
5740
11965
16925
20162
21356
20348
17173
12078
5526
-1827
-9185
-15695
-20553
-23111
-22980
-20099
-14756
-7561
632
8844
16108
21593
24718
25209
23119
18786
12774
5772
-1491
-8328
-14156
-18525
-21131
-21815
-20554
-17456
-12759
-6829
-157
6661
12962
18074
21393
22467
21073
17269
11407
4108
-3815
-11459
-17953
-22575
-24845
-24580
-21894
-17166
-10967
-3970
3141
9741
15316
19489
22014
22770
21741
19008
14749
9242
2876
-3856
-10372
-16048
-20279
-22562
-22571
-20219
-15695
-9452
-2160
5382
12349
18005
21791
23390
22743
20034
15633
10027
3752
-2675
-8791
-14203
-18591
-21694
-23307
-23278
-21529
-18082
-13090
-6866
124
7279
13920
19371
23050
24552
23716
20646
15704
9452
2566
-4252
-10371
-15295
-18702
-20448
-20539
-19094
-16300
-12377
-7562
-2112
3683
9486
14901
19489
22805
24451
24142
21768
17438
11484
4439
-3027
-10196
-16398
-21097
-23949
-24833
-23833
-21195
-17269
-12441
-7082
-1521
3964
9127
13732
17535
20273
21685
21548
19726
16225
11226
5098
-1631
-8328
-14339
-19077
-22108
-23198
-22340
-19731
-15719
-10741
-5241
379
5798
10778
15145
18756
21466
23111
23512
22505
19986
15959
10586
4196
-2727
-9595
-15790
-20750
-24052
-25465
-24976
-22770
-19180
-14624
-9523
-4248
917
5776
10197
14077
17297
19700
21088
21249
20007
17276
13115
7755
1596
-4831
-10938
-16157
-20031
-22272
-22793
-21697
-19237
-15748
-11578
-7027
-2319
2403
7049
11537
15747
19489
22499
24467
25085
24121
21478
17245
11701
5294
-1425
-7882
-13568
-18106
-21295
-23105
-23647
-23111
-21701
-19579
-16838
-13498
-9548
-4992
89
5505
10937
15966
20131
23004
24269
23789
21632
18059
13479
8369
3188
-1692
-6031
-9732
-12810
-15333
-17361
-18889
-19825
-19992
-19174
-17181
-13920
-9452
-4016
1983
8031
13586
18168
21437
23239
23614
22759
20961
18517
15660
12521
9114
5374
1216
-3394
-8381
-13521
-18461
-22755
-25952
-27680
-27728
-26088
-22961
-18716
-13812
-8707
-3772
764
4831
8490
11867
15078
18157
21005
23396
25007
25498
24600
22191
18354
13373
7699
1865
-3613
-8328
-12050
-14744
-16547
-17693
-18431
-18934
-19241
-19243
-18710
-17367
-14982
-11457
-6883
-1553
4073
9452
14062
17506
19582
20313
19919
18745
17163
15467
13805
12147
10313
8037
5073
1287
-3267
-8328
-13456
-18116
-21785
-24065
-24768
-23951
-21896
-19028
-15815
-12647
-9751
-7146
-4666
-2023
1077
4831
9250
14115
19011
23395
26721
28561
28704
27204
24367
20675
16664
12802
9378
6445
3833
1216
-1772
-5409
-9781
-14721
-19828
-24540
-28256
-30482
-30944
-29657
-26921
-23245
-19226
-15398
-12111
-9452
-7239
-5094
-2565
728
4965
10045
15584
20986
25578
28767
30179
29755
27760
24720
21282
18059
15470
13644
12393
11282
9753
7294
3603
-1312
-7104
-13150
-18690
-23005
-25590
-26278
-25276
-23111
-20490
-18120
-16519
-15885
-16045
-16506
-16589
-15621
-13129
-8982
-3453
2828
9013
14239
17836
19489
19316
17833
15814
14091
13329
13846
15527
17844
19995
21112
20496
17815
13207
7266
912
-4831
-9088
-11343
-11577
-10263
-8243
-6510
-5936
-7044
-9852
-13860
-18163
-21681
-23433
-22803
-19704
-14624
-8515
-2563
2101
4690
4961
3277
517
-2150
-3571
-2915
95
5096
11155
16996
21313
23111
21957
18111
12473
6364
1202
-1858
-2218
0
3978
8403
11804
12923
11061
6263
-661
-8328
-15110
-19547
-20709
-18446
-13439
-7038
-933
3268
4451
2288
-2670
-9109
-15281
-19436
-20270
0
0
0
0
0
0
0
0
0
0
0
0
0
0
0
0
0
0
0
0
0
0
0
0
0
0
0
0
0
0
0
0
0
0
0
0
0
0
0
0
0
0
0
0
0
0
0
0
0
0
0
0
0
0
0
0
0
0
0
0
0
0
0
0
0
0
0
0
0
0
0
0
0
0
0
0
0
0
0
0
0
0
0
0
0
0
0
0
0
0
0
0
0
0
0
0
0
0
0
0
0
0
0
0
0
0
0
0
0
0
0
0
0
0
0
0
0
0
0
0
0
0
0
0
0
0
0
0
0
0
0
0
0
0
0
0
0
0
0
0
0
0
0
0
0
0
0
0
0
0
0
0
0
0
0
0
0
0
0
0
0
0
0
0
0
0
0
0
0
0
0
0
0
0
0
0
0
0
0
0
0
0
0
0
0
0
0
0
0
0
0
0
0
0
0
0
0
0
0
0
0
0
0
0
0
0
0
0
0
0
0
0
0
0
0
0
0
0
0
0
0
0
0
0
0
0
0
0
0
0
0
0
0
0
0
0
0
0
0
0
0
0
0
0
0
0
0
0
0
0
0
0
0
0
0
0
0
0
0
0
0
0
0
0
0
0
0
0
0
0
0
0
0
0
0
0
0
0
0
0
0
0
0
0
0
0
0
0
0
0
0
0
0
0
0
0
0
0
0
0
0
0
0
0
0
0
0
0
0
0
0
0
0
0
0
0
0
0
0
0
0
0
0
0
0
0
0
0
0
0
0
0
0
0
0
0
0
0
0
0
0
0
0
0
0
0
0
0
0
0
0
0
0
0
0
0
0
0
0
0
0
0
0
0
0
0
0
0
0
0
0
0
0
0
0
0
0
0
0
0
0
0
0
0
0
0
0
0
0
0
0
0
0
0
0
0
0
0
0
0
0
0
0
0
0
0
0
0
0
0
0
0
0
0
0
0
0
0
0
0
0
0
0
0
0
0
0
0
0
0
0
0
0
0
0
0
0
0
0
0
0
0
0
0
0
0
0
0
0
0
0
0
0
0
0
0
0
0
0
0
0
0
0
0
0
0
0
0
0
0
0
0
0
0
0
0
0
0
0
0
0
0
0
0
0
0
0
0
0
0
0
0
0
0
0
0
0
0
0
0
0
0
0
0
0
0
0
0
0
0
0
0
0
0
0
0
0
0
0
0
0
0
0
0
0
0
0
0
0
0
0
0
0
0
0
0
0
0
0
0
0
0
0
0
0
0
0
0
0
0
0
0
0
0
0
0
0
0
0
0
0
0
0
0
0
0
0
0
0
0
0
0
0
0
0
0
0
0
0
0
0
0
0
0
0
0
0
0
0
0
0
0
0
0
0
0
0
0
0
0
0
0
0
0
0
0
0
0
0
0
0
0
0
0
0
0
0
0
0
0
0
0
0
0
0
0
0
0
0
0
0
0
0
0
0
0
0
0
0
0
0
0
0
0
0
0
0
0
0
0
0
0
0
0
0
0
0
0
0
0
0
0
0
0
0
0
0
0
0
0
0
0
0
0
0
0
0
0
0
0
0
0
0
0
0
0
0
0
0
0
0
0
0
0
0
0
0
0
0
0
0
0
0
0
0
0
0
0
0
0
0
0
0
0
0
0
0
0
0
0
0
0
0
0
0
0
0
0
0
0
0
0
0
0
0
0
0
0
0
0
0
0
0
0
0
0
0
0
0
0
0
0
0
0
0
0
0
0
0
0
0
0
0
0
0
0
0
0
0
0
0
0
0
0
0
0
0
0
0
0
0
0
0
0
0
0
0
0
0
0
0
0
0
0
0
0
0
0
0
0
0
0
0
0
0
0
0
0
0
0
0
0
0
0
0
0
0
0
0
0
0
0
0
0
0
0
0
0
0
0
0
0
0
0
0
0
0
0
0
0
0
0
0
0
0
0
0
0
0
0
0
0
0
0
0
0
0
0
0
0
0
0
0
0
0
0
0
0
0
0
0
0
0
0
0
0
0
0
0
0
0
0
0
0
0
0
0
0
0
0
0
0
0
0
0
0
0
0
0
0
0
0
0
0
0
0
0
0
0
0
0
0
0
0
0
0
0
0
0
0
0
0
0
0
0
0
0
0
0
0
0
0
0
0
0
0
0
0
0
0
0
0
0
0
0
0
0
0
0
0
0
0
0
0
0
0
0
0
0
0
0
11213
20916
27827
31080
30352
25898
18500
9324
-262
-8922
-15543
-19405
-20272
-18398
-14448
-9360
-4165
211
3103
4215
3658
1907
-316
-2192
-2989
-2214
270
4202
8949
13621
17221
18837
17825
13943
7427
-1009
-10274
-19052
-26008
-30012
-30317
-26701
-19516
-9648
1605
12733
22232
28835
31700
30535
25631
17803
8253
-1624
-10468
-17150
-20948
-21629
-19462
-15135
-9617
-3971
841
4119
5537
5182
3513
1246
-797
-1871
-1461
599
4081
8388
12663
15942
17338
16224
12365
5997
-2179
-11091
-19452
-25961
-29520
-29419
-25469
-18045
-8055
3196
14196
23451
29715
32171
30562
25210
16968
7068
-3064
-12050
-18749
-22439
-22895
-20402
-15677
-9717
-3621
1613
5252
6942
6749
5118
2763
512
-872
-850
772
3804
7682
11584
14574
15789
14617
10825
4646
-3235
-11769
-19699
-25756
-28881
-28395
-24141
-16517
-6449
4754
15585
24561
30459
32490
30430
24638
16001
5783
-4567
-13652
-20325
-23865
-24057
-21211
-16067
-9659
-3119
2519
6491
8418
8344
6707
4221
1724
0
-389
788
3372
6837
10393
13130
14206
13019
9337
3386
-4168
-12301
-19788
-25396
-28100
-27255
-22730
-14948
-4844
6269
16889
25553
31059
32653
30143
23923
14914
4410
-6118
-15259
-21862
-25210
-25105
-21879
-16304
-9444
-2470
3551
7825
9948
9950
8264
5605
2827
733
-80
646
2791
5863
9101
11623
12602
11445
7917
2231
-4967
-12681
-19720
-24885
-27185
-26009
-21251
-13352
-3257
7722
18094
26415
31511
32658
29701
23069
13716
2961
-7704
-16856
-23346
-26463
-26029
-22401
-16383
-9074
-1680
4699
9240
11520
11554
9774
6903
3810
1324
71
348
2066
4767
7721
10069
10996
9911
6577
1191
-5626
-12907
-19494
-24226
-26145
-24669
-19717
-11746
-1703
9101
19190
27140
31809
32506
29110
22086
12418
1451
-9308
-18428
-24761
-27611
-26819
-22771
-16303
-8552
-756
5952
10724
13117
13140
11223
8101
4664
1766
66
-103
1204
3562
6268
8482
9400
8432
5331
276
-6137
-12975
-19114
-23427
-24990
-23249
-18143
-10142
-196
10393
20164
27721
31951
32197
28376
20983
11034
-105
-10914
-19958
-26095
-28643
-27468
-22986
-16067
-7884
291
7297
12261
14724
14691
12596
9188
5379
2053
-96
-703
212
2258
4755
6877
7831
7021
4191
-504
-6497
-12886
-18582
-22494
-23730
-21761
-16545
-8559
1247
11583
21009
28153
31935
31736
27504
19771
9576
-1694
-12509
-21434
-27334
-29549
-27970
-23044
-15676
-7075
1453
8723
13837
16326
16194
13881
10155
5951
2185
-415
-1447
-897
869
3195
5271
6303
5693
3167
-1143
-6702
-12639
-17904
-21438
-22379
-20221
-14938
-7010
2615
12663
21715
28430
31762
31125
26505
18461
8059
-3299
-14076
-22839
-28467
-30321
-28320
-22944
-15134
-6135
2719
10214
15436
17908
17634
15066
10990
6372
2158
-886
-2327
-2116
-593
1604
3678
4832
4461
2269
-1635
-6749
-12239
-17087
-20268
-20949
-18643
-13337
-5511
3894
13620
22276
28551
31433
30372
25387
17066
6496
-4905
-15600
-24161
-29483
-30951
-28514
-22687
-14447
-5071
4076
11757
17043
19454
18996
16137
11687
6639
1975
-1506
-3335
-3432
-2113
0
2113
3432
3335
1506
-1975
-6639
-11687
-16137
-18996
-19454
-17043
-11757
-4076
5071
14447
22687
28514
30951
29483
24161
15600
4905
-6496
-17066
-25387
-30372
-31433
-28551
-22276
-13621
-3894
5511
13337
18643
20949
20268
17087
12239
6749
1635
-2269
-4461
-4832
-3678
-1604
593
2116
2327
886
-2158
-6372
-10990
-15066
-17634
-17908
-15436
-10214
-2719
6135
15134
22944
28320
30321
28467
22839
14076
3299
-8059
-18461
-26505
-31125
-31762
-28430
-21715
-12664
-2615
7010
14938
20221
22379
21438
17904
12639
6702
1143
-3167
-5693
-6303
-5271
-3196
-869
897
1447
415
-2185
-5951
-10155
-13881
-16194
-16326
-13837
-8723
-1453
7075
15677
23044
27970
29549
27334
21434
12509
1694
-9576
-19771
-27504
-31736
-31935
-28153
-21009
-11584
-1247
8559
16545
21761
23730
22494
18582
12886
6497
504
-4191
-7021
-7831
-6877
-4754
-2258
-212
703
96
-2053
-5379
-9188
-12596
-14691
-14724
-12261
-7297
-291
7884
16067
22986
27468
28643
26095
19958
10914
105
-11034
-20983
-28376
-32197
-31951
-27721
-20164
-10392
196
10142
18143
23249
24990
23427
19114
12975
6137
-276
-5331
-8432
-9400
-8482
-6268
-3562
-1204
103
-66
-1766
-4664
-8101
-11223
-13140
-13117
-10724
-5952
756
8552
16304
22771
26819
27611
24761
18428
9308
-1451
-12418
-22086
-29110
-32506
-31809
-27140
-19190
-9101
1703
11746
19717
24669
26145
24226
19494
12907
5626
-1191
-6577
-9911
-10996
-10069
-7721
-4767
-2066
-348
-71
-1324
-3810
-6903
-9774
-11554
-11520
-9240
-4699
1680
9074
16383
22401
26029
26463
23346
16856
7704
-2961
-13716
-23069
-29701
-32658
-31511
-26415
-18094
-7722
3257
13352
21251
26009
27185
24885
19720
12681
4967
-2231
-7917
-11445
-12602
-11623
-9101
-5863
-2791
-646
80
-733
-2827
-5605
-8264
-9950
-9948
-7825
-3551
2470
9444
16303
21879
25105
25210
21862
15259
6118
-4410
-14914
-23923
-30143
-32653
-31059
-25553
-16889
-6268
4844
14948
22730
27255
28100
25396
19788
12301
4168
-3386
-9337
-13019
-14206
-13130
-10393
-6837
-3372
-788
389
0
-1724
-4221
-6707
-8344
-8418
-6491
-2519
3119
9659
16068
21211
24057
23865
20325
13652
4567
-5783
-16001
-24638
-30430
-32490
-30459
-24561
-15585
-4755
6449
16517
24141
28395
28881
25756
19699
11769
3235
-4646
-10825
-14617
-15789
-14574
-11583
-7682
-3804
-772
850
872
-512
-2763
-5118
-6749
-6942
-5252
-1613
3621
9717
15677
20402
22895
22439
18749
12050
3064
-7068
-16968
-25210
-30562
-32171
-29715
-23451
-14196
-3196
8055
18045
25469
29419
29520
25961
19452
11091
2179
-5997
-12365
-16224
-17338
-15942
-12664
-8388
-4081
-599
1461
1871
797
-1246
-3513
-5182
-5537
-4119
-841
3971
9617
15135
19462
21629
20948
17150
10468
1624
-8253
-17803
-25631
-30535
-31700
-28835
-22232
-12733
-1604
9648
19516
26701
30317
30012
26008
19052
10274
1009
-7427
-13943
-17825
-18837
-17221
-13621
-8949
-4202
-270
2214
2989
2192
316
-1907
-3658
-4215
-3103
-211
4165
9360
14447
18398
20272
19405
15543
8922
262
-9324
-18500
-25898
-30352
-31080
-27827
-20916
-11213
0
11213
20916
27827
31080
30352
25898
18500
9324
-262
-8922
-15543
-19405
-20272
-18398
-14447
-9360
-4165
211
3103
4215
3658
1907
-316
-2192
-2989
-2214
270
4202
8949
13620
17221
18837
17825
13943
7427
-1009
-10274
-19052
-26008
-30012
-30317
-26701
-19516
-9648
1605
12733
22232
28835
31700
30535
25631
17803
8253
-1624
-10468
-17150
-20948
-21629
-19462
-15134
-9617
-3971
841
4119
5537
5182
3513
1246
-797
-1871
-1461
599
4081
8388
12663
15942
17338
16224
12365
5997
-2179
-11091
-19452
-25961
-29520
-29419
-25469
-18045
-8055
3196
14196
23451
29715
32171
30562
25210
16968
7068
-3064
-12050
-18749
-22439
-22895
-20402
-15677
-9717
-3621
1613
5252
6942
6749
5118
2763
512
-872
-850
772
3804
7682
11584
14574
15789
14617
10825
4646
-3235
-11769
-19699
-25756
-28881
-28395
-24141
-16517
-6449
4755
15585
24561
30459
32490
30430
24638
16001
5783
-4567
-13652
-20325
-23865
-24057
-21211
-16067
-9659
-3119
2519
6491
8418
8344
6707
4221
1724
0
-389
788
3372
6837
10392
13130
14206
13019
9337
3386
-4168
-12301
-19788
-25396
-28100
-27255
-22730
-14948
-4844
6268
16889
25553
31059
32653
30143
23923
14914
4410
-6118
-15259
-21862
-25210
-25105
-21879
-16303
-9444
-2470
3551
7825
9948
9950
8264
5605
2827
733
-80
646
2791
5863
9100
11623
12602
11445
7917
2231
-4967
-12681
-19720
-24885
-27185
-26009
-21251
-13352
-3257
7721
18094
26415
31511
32658
29701
23069
13716
2961
-7704
-16856
-23346
-26463
-26029
-22401
-16383
-9074
-1680
4699
9240
11520
11554
9774
6903
3810
1324
71
348
2066
4767
7722
10069
10996
9911
6577
1191
-5626
-12907
-19494
-24226
-26145
-24669
-19717
-11746
-1703
9100
19190
27140
31809
32506
29110
22086
12418
1451
-9308
-18428
-24761
-27611
-26819
-22771
-16304
-8552
-756
5952
10724
13117
13140
11223
8101
4664
1766
66
-103
1204
3562
6268
8482
9400
8432
5331
276
-6137
-12975
-19114
-23427
-24990
-23249
-18143
-10142
-196
10393
20164
27721
31951
32197
28376
20983
11034
-105
-10914
-19958
-26095
-28643
-27468
-22986
-16068
-7884
291
7297
12261
14724
14691
12596
9188
5379
2053
-96
-703
212
2258
4754
6877
7831
7021
4191
-504
-6497
-12886
-18582
-22494
-23730
-21761
-16545
-8559
1247
11584
21009
28153
31935
31736
27504
19771
9576
-1694
-12509
-21434
-27334
-29549
-27970
-23044
-15677
-7075
1453
8723
13837
16326
16194
13881
10155
5951
2185
-415
-1447
-897
869
3195
5271
6303
5693
3167
-1143
-6702
-12639
-17904
-21438
-22379
-20221
-14938
-7010
2615
12664
21715
28430
31762
31125
26505
18461
8059
-3299
-14076
-22839
-28467
-30321
-28320
-22944
-15134
-6135
2719
10214
15436
17908
17634
15066
10990
6372
2158
-886
-2327
-2116
-593
1604
3678
4832
4461
2269
-1635
-6749
-12239
-17087
-20268
-20949
-18643
-13337
-5511
3894
13621
22276
28551
31433
30372
25387
17066
6496
-4905
-15600
-24161
-29483
-30951
-28514
-22687
-14447
-5071
4076
11757
17043
19454
18996
16137
11687
6639
1975
-1506
-3335
-3432
-2113
0
2113
3432
3335
1506
-1975
-6639
-11687
-16137
-18996
-19454
-17043
-11757
-4076
5071
14448
22687
28514
30951
29483
24161
15600
4905
-6496
-17066
-25387
-30372
-31433
-28551
-22276
-13620
-3894
5511
13337
18643
20949
20268
17087
12239
6749
1635
-2269
-4461
-4832
-3678
-1604
593
2116
2327
886
-2158
-6372
-10990
-15066
-17634
-17908
-15436
-10214
-2719
6135
15134
22944
28320
30321
28467
22839
14076
3299
-8059
-18461
-26505
-31125
-31762
-28430
-21715
-12664
-2615
7010
14938
20221
22379
21438
17904
12639
6702
1143
-3167
-5693
-6303
-5271
-3195
-869
897
1447
415
-2185
-5951
-10155
-13881
-16194
-16326
-13837
-8723
-1453
7075
15677
23044
27970
29549
27334
21434
12509
1694
-9576
-19771
-27504
-31736
-31935
-28153
-21009
-11584
-1247
8559
16545
21761
23730
22494
18582
12886
6497
504
-4191
-7021
-7831
-6877
-4755
-2258
-212
703
96
-2053
-5379
-9188
-12596
-14691
-14724
-12261
-7297
-291
7884
16068
22986
27468
28643
26095
19958
10914
105
-11034
-20983
-28376
-32197
-31951
-27721
-20164
-10392
196
10142
18143
23249
24990
23427
19114
12975
6137
-276
-5331
-8432
-9400
-8482
-6269
-3562
-1204
103
-66
-1766
-4664
-8101
-11223
-13140
-13117
-10724
-5952
756
8552
16303
22771
26819
27611
24761
18428
9308
-1451
-12418
-22086
-29110
-32506
-31809
-27140
-19190
-9100
1703
11746
19717
24669
26145
24226
19494
12907
5626
-1191
-6577
-9911
-10996
-10069
-7722
-4767
-2066
-348
-71
-1324
-3810
-6903
-9774
-11554
-11520
-9240
-4699
1680
9074
16382
22401
26029
26463
23346
16856
7704
-2961
-13716
-23069
-29701
-32658
-31511
-26415
-18094
-7722
3257
13352
21251
26009
27185
24885
19720
12681
4967
-2231
-7917
-11445
-12602
-11623
-9100
-5863
-2791
-646
80
-733
-2827
-5605
-8264
-9950
-9948
-7825
-3551
2470
9444
16303
21879
25105
25210
21862
15259
6118
-4410
-14914
-23923
-30143
-32653
-31059
-25553
-16889
-6269
4844
14948
22730
27255
28100
25396
19788
12301
4168
-3386
-9337
-13019
-14206
-13130
-10392
-6837
-3372
-788
389
0
-1724
-4221
-6707
-8344
-8418
-6491
-2519
3119
9659
16068
21211
24057
23865
20325
13652
4567
-5783
-16001
-24638
-30430
-32490
-30459
-24561
-15585
-4755
6449
16517
24141
28395
28881
25756
19699
11769
3235
-4646
-10825
-14617
-15789
-14574
-11583
-7682
-3804
-772
850
872
-512
-2763
-5118
-6749
-6942
-5252
-1613
3621
9717
15677
20402
22895
22439
18749
12050
3064
-7068
-16968
-25210
-30562
-32171
-29715
-23451
-14196
-3196
8055
18045
25469
29419
29520
25961
19452
11091
2179
-5997
-12365
-16224
-17338
-15942
-12664
-8388
-4081
-599
1461
1871
797
-1246
-3513
-5182
-5537
-4119
-841
3971
9617
15135
19462
21629
20948
17150
10468
1624
-8253
-17803
-25631
-30535
-31700
-28835
-22232
-12733
-1604
9648
19516
26701
30317
30012
26008
19052
10274
1009
-7427
-13943
-17825
-18837
-17221
-13621
-8949
-4202
-270
2214
2989
2192
316
-1907
-3658
-4215
-3103
-211
4165
9360
14448
18398
20272
19405
15543
8922
262
-9324
-18500
-25898
-30352
-31080
-27827
-20916
-11213
0
11213
20916
27827
31080
30352
25898
18500
9324
-262
-8922
-15543
-19405
-20272
-18398
-14447
-9360
-4165
211
3103
4215
3658
1907
-316
-2192
-2989
-2214
270
4202
8949
13620
17221
18837
17825
13943
7427
-1009
-10274
-19052
-26008
-30012
-30317
-26701
-19516
-9648
1605
12733
22232
28835
31700
30535
25631
17803
8253
-1624
-10468
-17150
-20948
-21629
-19462
-15134
-9617
-3971
841
4119
5537
5182
3513
1246
-797
-1871
-1461
599
4081
8388
12663
15942
17338
16224
12365
5997
-2179
-11091
-19452
-25961
-29520
-29419
-25469
-18045
-8055
3195
14196
23451
29715
32171
30562
25210
16968
7068
-3064
-12050
-18749
-22439
-22895
-20402
-15676
-9717
-3621
1613
5252
6942
6749
5118
2763
512
-872
-850
772
3804
7682
11584
14574
15789
14617
10825
4646
-3235
-11769
-19699
-25756
-28881
-28395
-24141
-16517
-6449
4754
15585
24561
30459
32490
30430
24638
16001
5783
-4567
-13652
-20325
-23865
-24057
-21211
-16068
-9659
-3119
2519
6491
8418
8344
6707
4221
1724
0
-389
788
3372
6837
10393
13130
14206
13019
9337
3386
-4168
-12301
-19788
-25396
-28100
-27255
-22730
-14948
-4844
6269
16889
25553
31059
32653
30143
23923
14914
4410
-6118
-15259
-21862
-25210
-25105
-21879
-16304
-9444
-2470
3551
7825
9948
9950
8264
5605
2827
733
-80
646
2791
5863
9100
11623
12602
11445
7917
2231
-4967
-12681
-19720
-24885
-27185
-26009
-21251
-13352
-3257
7722
18094
26415
31511
32658
29701
23069
13716
2961
-7704
-16856
-23346
-26463
-26029
-22401
-16383
-9074
-1680
4699
9240
11520
11554
9774
6903
3810
1324
71
348
2066
4767
7721
10069
10996
9911
6577
1191
-5626
-12907
-19494
-24226
-26145
-24669
-19717
-11746
-1703
9100
19190
27140
31809
32506
29110
22086
12418
1451
-9308
-18428
-24761
-27611
-26819
-22771
-16303
-8552
-756
5952
10724
13117
13140
11223
8101
4664
1766
66
-103
1204
3562
6268
8482
9400
8432
5331
276
-6137
-12975
-19114
-23427
-24990
-23249
-18143
-10142
-196
10392
20164
27721
31951
32197
28376
20983
11034
-105
-10914
-19958
-26095
-28643
-27468
-22986
-16067
-7884
291
7297
12261
14724
14691
12596
9188
5379
2053
-96
-703
212
2258
4755
6877
7831
7021
4191
-504
-6497
-12886
-18582
-22494
-23730
-21761
-16545
-8559
1247
11583
21009
28153
31935
31736
27504
19771
9576
-1694
-12509
-21434
-27334
-29549
-27970
-23044
-15676
-7075
1453
8723
13837
16326
16194
13881
10155
5951
2185
-415
-1447
-897
869
3196
5271
6303
5693
3167
-1143
-6702
-12639
-17904
-21438
-22379
-20221
-14938
-7010
2615
12663
21715
28430
31762
31125
26505
18461
8059
-3299
-14076
-22839
-28467
-30321
-28320
-22944
-15134
-6135
2719
10214
15436
17908
17634
15066
10990
6372
2158
-886
-2327
-2116
-593
1605
3678
4832
4461
2269
-1635
-6749
-12239
-17087
-20268
-20949
-18643
-13337
-5511
3894
13621
22276
28551
31433
30372
25387
17066
6496
-4905
-15600
-24161
-29483
-30951
-28514
-22687
-14448
-5071
4076
11757
17043
19454
18996
16137
11687
6639
1975
-1506
-3335
-3432
-2113
0
2113
3432
3335
1506
-1975
-6639
-11687
-16137
-18996
-19454
-17043
-11757
-4076
5071
14448
22687
28514
30951
29483
24161
15600
4905
-6496
-17066
-25387
-30372
-31433
-28551
-22276
-13620
-3894
5511
13337
18643
20949
20268
17087
12239
6749
1635
-2269
-4461
-4832
-3678
-1605
593
2116
2327
886
-2158
-6372
-10990
-15066
-17634
-17908
-15436
-10214
-2719
6135
15135
22944
28320
30321
28467
22839
14076
3299
-8059
-18461
-26505
-31125
-31762
-28430
-21715
-12663
-2615
7010
14938
20221
22379
21438
17904
12639
6702
1143
-3167
-5693
-6303
-5271
-3196
-869
897
1447
415
-2185
-5951
-10155
-13881
-16194
-16326
-13837
-8723
-1453
7075
15676
23044
27970
29549
27334
21434
12509
1694
-9576
-19771
-27504
-31736
-31935
-28153
-21009
-11583
-1247
8559
16545
21761
23730
22494
18582
12886
6497
504
-4191
-7021
-7831
-6877
-4754
-2258
-212
703
96
-2053
-5379
-9188
-12596
-14691
-14724
-12261
-7297
-291
7884
16067
22986
27468
28643
26095
19958
10914
105
-11034
-20983
-28376
-32197
-31951
-27721
-20164
-10393
196
10142
18143
23249
24990
23427
19114
12975
6137
-276
-5331
-8432
-9400
-8482
-6268
-3562
-1204
103
-66
-1766
-4664
-8101
-11223
-13140
-13117
-10724
-5952
756
8552
16303
22771
26819
27611
24761
18428
9308
-1451
-12418
-22086
-29110
-32506
-31809
-27140
-19190
-9101
1703
11746
19717
24669
26145
24226
19494
12907
5626
-1191
-6577
-9911
-10996
-10069
-7722
-4767
-2066
-348
-71
-1324
-3810
-6903
-9774
-11554
-11520
-9240
-4699
1680
9074
16383
22401
26029
26463
23346
16856
7704
-2961
-13716
-23069
-29701
-32658
-31511
-26415
-18094
-7722
3257
13352
21251
26009
27185
24885
19720
12681
4967
-2231
-7917
-11445
-12602
-11623
-9101
-5863
-2791
-646
80
-733
-2827
-5605
-8264
-9950
-9948
-7825
-3551
2470
9444
16304
21879
25105
25210
21862
15259
6118
-4410
-14914
-23923
-30143
-32653
-31059
-25553
-16889
-6268
4844
14948
22730
27255
28100
25396
19788
12301
4168
-3386
-9337
-13019
-14206
-13130
-10393
-6837
-3372
-788
389
0
-1724
-4221
-6707
-8344
-8418
-6491
-2519
3119
9659
16068
21211
24057
23865
20325
13652
4567
-5783
-16001
-24638
-30430
-32490
-30459
-24561
-15585
-4754
6449
16517
24141
28395
28881
25756
19699
11769
3235
-4646
-10825
-14617
-15789
-14574
-11584
-7682
-3804
-772
850
872
-512
-2763
-5118
-6749
-6942
-5252
-1613
3621
9717
15677
20402
22895
22439
18749
12050
3064
-7068
-16968
-25210
-30562
-32171
-29715
-23451
-14196
-3195
8055
18045
25469
29419
29520
25961
19452
11091
2179
-5997
-12365
-16224
-17338
-15942
-12663
-8388
-4081
-599
1461
1871
797
-1246
-3513
-5182
-5537
-4119
-841
3971
9617
15134
19462
21629
20948
17150
10468
1624
-8253
-17803
-25631
-30535
-31700
-28835
-22232
-12733
-1604
9648
19516
26701
30317
30012
26008
19052
10274
1009
-7427
-13943
-17825
-18837
-17221
-13620
-8949
-4202
-270
2214
2989
2192
316
-1907
-3658
-4215
-3103
-211
4165
9360
14448
18398
20272
19405
15543
8922
262
-9324
-18500
-25898
-30352
-31080
-27827
-20916
-11213
0
11213
20916
27827
31080
30352
25898
18500
9324
-262
-8922
-15543
-19405
-20272
-18398
-14447
-9360
-4165
211
3103
4215
3658
1907
-316
-2192
-2989
-2214
270
4202
8949
13621
17221
18837
17825
13943
7427
-1009
-10274
-19052
-26008
-30012
-30317
-26701
-19516
-9648
1604
12733
22232
28835
31700
30535
25631
17803
8253
-1624
-10468
-17150
-20948
-21629
-19462
-15135
-9617
-3971
841
4119
5537
5182
3513
1246
-797
-1871
-1461
599
4081
8388
12664
15942
17338
16224
12365
5997
-2179
-11091
-19452
-25961
-29520
-29419
-25469
-18045
-8055
3196
14196
23451
29715
32171
30562
25210
16968
7068
-3064
-12050
-18749
-22439
-22895
-20402
-15677
-9717
-3621
1613
5252
6942
6749
5118
2763
512
-872
-850
772
3804
7682
11583
14574
15789
14617
10825
4646
-3235
-11769
-19699
-25756
-28881
-28395
-24141
-16517
-6449
4754
15585
24561
30459
32490
30430
24638
16001
5783
-4567
-13652
-20325
-23865
-24057
-21211
-16067
-9659
-3119
2519
6491
8418
8344
6707
4221
1724
0
-389
788
3372
6837
10392
13130
14206
13019
9337
3386
-4168
-12301
-19788
-25396
-28100
-27255
-22730
-14948
-4844
6268
16889
25553
31059
32653
30143
23923
14914
4410
-6118
-15259
-21862
-25210
-25105
-21879
-16303
-9444
-2470
3551
7825
9948
9950
8264
5605
2827
733
-80
646
2791
5863
9100
11623
12602
11445
7917
2231
-4967
-12681
-19720
-24885
-27185
-26009
-21251
-13352
-3257
7721
18094
26415
31511
32658
29701
23069
13716
2961
-7704
-16856
-23346
-26463
-26029
-22401
-16382
-9074
-1680
4699
9240
11520
11554
9774
6903
3810
1324
71
348
2066
4767
7722
10069
10996
9911
6577
1191
-5626
-12907
-19494
-24226
-26145
-24669
-19717
-11746
-1703
9100
19190
27140
31809
32506
29110
22086
12418
1451
-9308
-18428
-24761
-27611
-26819
-22771
-16303
-8552
-756
5952
10724
13117
13140
11223
8101
4664
1766
66
-103
1204
3562
6269
8482
9400
8432
5331
276
-6137
-12975
-19114
-23427
-24990
-23249
-18143
-10142
-196
10393
20164
27721
31951
32197
28376
20983
11034
-105
-10914
-19958
-26095
-28643
-27468
-22986
-16067
-7884
291
7297
12261
14724
14691
12596
9188
5379
2053
-96
-703
212
2258
4755
6877
7831
7021
4191
-504
-6497
-12886
-18582
-22494
-23730
-21761
-16545
-8559
1247
11584
21009
28153
31935
31736
27504
19771
9576
-1694
-12509
-21434
-27334
-29549
-27970
-23044
-15677
-7075
1453
8723
13837
16326
16194
13881
10155
5951
2185
-415
-1447
-897
869
3196
5271
6303
5693
3167
-1143
-6702
-12639
-17904
-21438
-22379
-20221
-14938
-7010
2615
12664
21715
28430
31762
31125
26505
18461
8059
-3299
-14076
-22839
-28467
-30321
-28320
-22944
-15134
-6135
2719
10214
15436
17908
17634
15066
10990
6372
2158
-886
-2327
-2116
-593
1604
3678
4832
4461
2269
-1635
-6749
-12239
-17087
-20268
-20949
-18643
-13337
-5511
3894
13621
22276
28551
31433
30372
25387
17066
6496
-4905
-15600
-24161
-29483
-30951
-28514
-22687
-14447
-5071
4076
11757
17043
19454
18996
16137
11687
6639
1975
-1506
-3335
-3432
-2113
0
2113
3432
3335
1506
-1975
-6639
-11687
-16137
-18996
-19454
-17043
-11757
-4076
5071
14447
22687
28514
30951
29483
24161
15600
4905
-6496
-17066
-25387
-30372
-31433
-28551
-22276
-13621
-3894
5511
13337
18643
20949
20268
17087
12239
6749
1635
-2269
-4461
-4832
-3678
-1605
593
2116
2327
886
-2158
-6372
-10990
-15066
-17634
-17908
-15436
-10214
-2719
6135
15134
22944
28320
30321
28467
22839
14076
3299
-8059
-18461
-26505
-31125
-31762
-28430
-21715
-12663
-2615
7010
14938
20221
22379
21438
17904
12639
6702
1143
-3167
-5693
-6303
-5271
-3195
-869
897
1447
415
-2185
-5951
-10155
-13881
-16194
-16326
-13837
-8723
-1453
7075
15677
23044
27970
29549
27334
21434
12509
1694
-9576
-19771
-27504
-31736
-31935
-28153
-21009
-11584
-1247
8559
16545
21761
23730
22494
18582
12886
6497
504
-4191
-7021
-7831
-6877
-4755
-2258
-212
703
96
-2053
-5379
-9188
-12596
-14691
-14724
-12261
-7297
-291
7884
16067
22986
27468
28643
26095
19958
10914
105
-11034
-20983
-28376
-32197
-31951
-27721
-20164
-10392
196
10142
18143
23249
24990
23427
19114
12975
6137
-276
-5331
-8432
-9400
-8482
-6269
-3562
-1204
103
-66
-1766
-4664
-8101
-11223
-13140
-13117
-10724
-5952
756
8552
16304
22771
26819
27611
24761
18428
9308
-1451
-12418
-22086
-29110
-32506
-31809
-27140
-19190
-9100
1703
11746
19717
24669
26145
24226
19494
12907
5626
-1191
-6577
-9911
-10996
-10069
-7722
-4767
-2066
-348
-71
-1324
-3810
-6903
-9774
-11554
-11520
-9240
-4699
1680
9074
16382
22401
26029
26463
23346
16856
7704
-2961
-13716
-23069
-29701
-32658
-31511
-26415
-18094
-7721
3257
13352
21251
26009
27185
24885
19720
12681
4967
-2231
-7917
-11445
-12602
-11623
-9100
-5863
-2791
-646
80
-733
-2827
-5605
-8264
-9950
-9948
-7825
-3551
2470
9444
16303
21879
25105
25210
21862
15259
6118
-4410
-14914
-23923
-30143
-32653
-31059
-25553
-16889
-6269
4844
14948
22730
27255
28100
25396
19788
12301
4168
-3386
-9337
-13019
-14206
-13130
-10392
-6837
-3372
-788
389
0
-1724
-4221
-6707
-8344
-8418
-6491
-2519
3119
9659
16068
21211
24057
23865
20325
13652
4567
-5783
-16001
-24638
-30430
-32490
-30459
-24561
-15585
-4754
6449
16517
24141
28395
28881
25756
19699
11769
3235
-4646
-10825
-14617
-15789
-14574
-11583
-7682
-3804
-772
850
872
-512
-2763
-5118
-6749
-6942
-5252
-1613
3621
9717
15677
20402
22895
22439
18749
12050
3064
-7068
-16968
-25210
-30562
-32171
-29715
-23451
-14196
-3196
8055
18045
25469
29419
29520
25961
19452
11091
2179
-5997
-12365
-16224
-17338
-15942
-12664
-8388
-4081
-599
1461
1871
797
-1246
-3513
-5182
-5537
-4119
-841
3971
9617
15134
19462
21629
20948
17150
10468
1624
-8253
-17803
-25631
-30535
-31700
-28835
-22232
-12733
-1605
9648
19516
26701
30317
30012
26008
19052
10274
1009
-7427
-13943
-17825
-18837
-17221
-13620
-8949
-4202
-270
2214
2989
2192
316
-1907
-3658
-4215
-3103
-211
4165
9360
14448
18398
20272
19405
15543
8922
262
-9324
-18500
-25898
-30352
-31080
-27827
-20916
-11213
0
11213
20916
27827
31080
30352
25898
18500
9324
-262
-8922
-15543
-19405
-20272
-18398
-14447
-9360
-4165
211
3103
4215
3658
1907
-316
-2192
-2989
-2214
270
4202
8949
13620
17221
18837
17825
13943
7427
-1009
-10274
-19052
-26008
-30012
-30317
-26701
-19516
-9648
1604
12733
22232
28835
31700
30535
25631
17803
8253
-1624
-10468
-17150
-20948
-21629
-19462
-15135
-9617
-3971
841
4119
5537
5182
3513
1246
-797
-1871
-1461
599
4081
8388
12663
15942
17338
16224
12365
5997
-2179
-11091
-19452
-25961
-29520
-29419
-25469
-18045
-8055
3196
14196
23451
29715
32171
30562
25210
16968
7068
-3064
-12050
-18749
-22439
-22895
-20402
-15676
-9717
-3621
1613
5252
6942
6749
5118
2763
512
-872
-850
772
3804
7682
11584
14574
15789
14617
10825
4646
-3235
-11769
-19699
-25756
-28881
-28395
-24141
-16517
-6449
4754
15585
24561
30459
32490
30430
24638
16001
5783
-4567
-13652
-20325
-23865
-24057
-21211
-16068
-9659
-3119
2519
6491
8418
8344
6707
4221
1724
0
-389
788
3372
6837
10393
13130
14206
13019
9337
3386
-4168
-12301
-19788
-25396
-28100
-27255
-22730
-14948
-4844
6268
16889
25553
31059
32653
30143
23923
14914
4410
-6118
-15259
-21862
-25210
-25105
-21879
-16304
-9444
-2470
3551
7825
9948
9950
8264
5605
2827
733
-80
646
2791
5863
9101
11623
12602
11445
7917
2231
-4967
-12681
-19720
-24885
-27185
-26009
-21251
-13352
-3257
7722
18094
26415
31511
32658
29701
23069
13716
2961
-7704
-16856
-23346
-26463
-26029
-22401
-16383
-9074
-1680
4699
9240
11520
11554
9774
6903
3810
1324
71
348
2066
4767
7722
10069
10996
9911
6577
1191
-5626
-12907
-19494
-24226
-26145
-24669
-19717
-11746
-1703
9101
19190
27140
31809
32506
29110
22086
12418
1451
-9308
-18428
-24761
-27611
-26819
-22771
-16303
-8552
-756
5952
10724
13117
13140
11223
8101
4664
1766
66
-103
1204
3562
6268
8482
9400
8432
5331
276
-6137
-12975
-19114
-23427
-24990
-23249
-18143
-10142
-196
10392
20164
27721
31951
32197
28376
20983
11034
-105
-10914
-19958
-26095
-28643
-27468
-22986
-16068
-7884
291
7297
12261
14724
14691
12596
9188
5379
2053
-96
-703
212
2258
4755
6877
7831
7021
4191
-504
-6497
-12886
-18582
-22494
-23730
-21761
-16545
-8559
1247
11584
21009
28153
31935
31736
27504
19771
9576
-1694
-12509
-21434
-27334
-29549
-27970
-23044
-15676
-7075
1453
8723
13837
16326
16194
13881
10155
5951
2185
-415
-1447
-897
869
3196
5271
6303
5693
3167
-1143
-6702
-12639
-17904
-21438
-22379
-20221
-14938
-7010
2615
12663
21715
28430
31762
31125
26505
18461
8059
-3299
-14076
-22839
-28467
-30321
-28320
-22944
-15135
-6135
2719
10214
15436
17908
17634
15066
10990
6372
2158
-886
-2327
-2116
-593
1604
3678
4832
4461
2269
-1635
-6749
-12239
-17087
-20268
-20949
-18643
-13337
-5511
3894
13620
22276
28551
31433
30372
25387
17066
6496
-4905
-15600
-24161
-29483
-30951
-28514
-22687
-14447
-5071
4076
11757
17043
19454
18996
16137
11687
6639
1975
-1506
-3335
-3432
-2113
0
2113
3432
3335
1506
-1975
-6639
-11687
-16137
-18996
-19454
-17043
-11757
-4076
5071
14448
22687
28514
30951
29483
24161
15600
4905
-6496
-17066
-25387
-30372
-31433
-28551
-22276
-13621
-3894
5511
13337
18643
20949
20268
17087
12239
6749
1635
-2269
-4461
-4832
-3678
-1605
593
2116
2327
886
-2158
-6372
-10990
-15066
-17634
-17908
-15436
-10214
-2719
6135
15134
22944
28320
30321
28467
22839
14076
3299
-8059
-18461
-26505
-31125
-31762
-28430
-21715
-12663
-2615
7010
14938
20221
22379
21438
17904
12639
6702
1143
-3167
-5693
-6303
-5271
-3196
-869
897
1447
415
-2185
-5951
-10155
-13881
-16194
-16326
-13837
-8723
-1453
7075
15677
23044
27970
29549
27334
21434
12509
1694
-9576
-19771
-27504
-31736
-31935
-28153
-21009
-11583
-1247
8559
16545
21761
23730
22494
18582
12886
6497
504
-4191
-7021
-7831
-6877
-4754
-2258
-212
703
96
-2053
-5379
-9188
-12596
-14691
-14724
-12261
-7297
-291
7884
16067
22986
27468
28643
26095
19958
10914
105
-11034
-20983
-28376
-32197
-31951
-27721
-20164
-10392
196
10142
18143
23249
24990
23427
19114
12975
6137
-276
-5331
-8432
-9400
-8482
-6268
-3562
-1204
103
-66
-1766
-4664
-8101
-11223
-13140
-13117
-10724
-5952
756
8552
16303
22771
26819
27611
24761
18428
9308
-1451
-12418
-22086
-29110
-32506
-31809
-27140
-19190
-9101
1703
11746
19717
24669
26145
24226
19494
12907
5626
-1191
-6577
-9911
-10996
-10069
-7722
-4767
-2066
-348
-71
-1324
-3810
-6903
-9774
-11554
-11520
-9240
-4699
1680
9074
16383
22401
26029
26463
23346
16856
7704
-2961
-13716
-23069
-29701
-32658
-31511
-26415
-18094
-7721
3257
13352
21251
26009
27185
24885
19720
12681
4967
-2231
-7917
-11445
-12602
-11623
-9100
-5863
-2791
-646
80
-733
-2827
-5605
-8264
-9950
-9948
-7825
-3551
2470
9444
16304
21879
25105
25210
21862
15259
6118
-4410
-14914
-23923
-30143
-32653
-31059
-25553
-16889
-6268
4844
14948
22730
27255
28100
25396
19788
12301
4168
-3386
-9337
-13019
-14206
-13130
-10393
-6837
-3372
-788
389
0
-1724
-4221
-6707
-8344
-8418
-6491
-2519
3119
9659
16067
21211
24057
23865
20325
13652
4567
-5783
-16001
-24638
-30430
-32490
-30459
-24561
-15585
-4755
6449
16517
24141
28395
28881
25756
19699
11769
3235
-4646
-10825
-14617
-15789
-14574
-11583
-7682
-3804
-772
850
872
-512
-2763
-5118
-6749
-6942
-5252
-1613
3621
9717
15677
20402
22895
22439
18749
12050
3064
-7068
-16968
-25210
-30562
-32171
-29715
-23451
-14196
-3195
8055
18045
25469
29419
29520
25961
19452
11091
2179
-5997
-12365
-16224
-17338
-15942
-12663
-8388
-4081
-599
1461
1871
797
-1246
-3513
-5182
-5537
-4119
-841
3971
9617
15134
19462
21629
20948
17150
10468
1624
-8253
-17803
-25631
-30535
-31700
-28835
-22232
-12733
-1605
9648
19516
26701
30317
30012
26008
19052
10274
1009
-7427
-13943
-17825
-18837
-17221
-13621
-8949
-4202
-270
2214
2989
2192
316
-1907
-3658
-4215
-3103
-211
4165
9360
14448
18398
20272
19405
15543
8922
262
-9324
-18500
-25898
-30352
-31080
-27827
-20916
-11213
