17269
10860
2323
-6503
-13675
-17624
-17552
-13646
-7044
438
6748
10116
9502
4874
-2766
-11612
-19489
-24393
-24992
-20975
-13146
-3247
6453
13713
16874
15271
9419
894
-8039
-14981
-17991
-16075
-9452
484
11483
20977
26708
27284
22529
13547
2464
-8071
-15531
-18124
-15240
-7608
2863
13539
21694
25174
22923
15258
3804
-8879
-19903
-26744
-27847
-23008
-13430
-1444
10040
18230
21115
17953
9452
-2389
-14751
-24660
-29696
-28562
-21402
-9768
3740
16081
24488
27110
23450
14470
2370
-9933
-19489
-23995
-22337
-14836
-3174
10002
21698
29260
30980
26482
16796
4110
-8737
-18907
-24204
-23562
-17269
-6882
5141
16010
23227
25144
21317
12579
836
-11371
-21439
-27272
-27724
-22829
-13764
-2566
8328
16611
20598
19566
13876
4870
-5444
-14830
-21300
-23513
-21037
-14409
-4991
5321
14505
20812
23111
21086
15278
6950
-2178
-10279
-15767
-17601
-15467
-9822
-1797
7032
14943
20394
22308
20275
14624
6366
-2997
-11743
-18255
-21326
-20385
-15618
-7946
1143
9863
16470
19603
18552
13416
5102
-4831
-14468
-21899
-25605
-24765
-19436
-10561
202
10793
19159
23661
23411
18457
9790
-852
-11321
-19489
-23676
-22989
-17506
-8259
2970
14002
22701
27390
27185
22159
13316
2383
-8538
-17386
-22537
-23111
-19117
-11435
-1619
8414
16757
21866
22839
19557
12675
3479
-6373
-15156
-21389
-24077
-22861
-18059
-10579
-1745
6935
14023
18380
19340
16806
11247
3621
-4785
-12557
-18379
-21238
-20593
-16466
-9452
-634
8577
16669
22278
24419
22671
17266
9070
-547
-9934
-17446
-21735
-21998
-18136
-10784
-1216
8878
17691
23626
25585
23172
16768
7458
-3158
-13264
-21146
-25502
-25659
-21680
-14337
-4956
4831
13373
19282
21658
20214
15302
7819
-962
-9610
-16770
-21364
-22742
-20752
-15744
-8489
-60
8328
15489
20425
22454
21302
17139
10562
2517
-5819
-13200
-18490
-20833
-19793
-15444
-8376
370
9452
17427
22985
25167
23534
18256
10098
306
-9595
-18051
-23738
-25781
-23899
-18445
-10342
-916
8328
15950
20809
22233
20100
14836
7317
-1280
-9676
-16676
-21335
-23071
-21720
-17531
-11107
-3316
4831
12303
18167
21692
22436
20294
15522
8715
749
-7315
-14367
-19391
-21614
-20635
-16499
-9718
-1216
7793
15984
22118
25243
24846
20941
14071
5225
-4317
-13185
-20136
-24233
-24981
-22385
-16923
-9452
-1064
7079
13917
18615
20664
19908
16541
11055
4160
-3299
-10441
-16433
-20571
-22346
-21500
-18059
-12350
-4978
3219
11256
18121
22898
24907
23810
19683
13021
4692
-4186
-12397
-18810
-22546
-23111
-20461
-15010
-7549
873
9116
16108
20992
23227
22631
19380
13947
7025
-575
-8021
-14540
-19489
-22393
-22979
-21192
-17198
-11380
-4318
3252
10500
16581
20738
22403
21287
17441
11278
3530
-4831
-12726
-19119
-23164
-24330
-22475
-17858
-11093
-3053
5263
12871
18928
22826
24245
23158
19803
14624
8203
1193
-5740
-11965
-16925
-20162
-21356
-20348
-17173
-12078
-5526
1827
9185
15695
20553
23111
22980
20099
14756
7561
-632
-8844
-16108
-21593
-24718
-25209
-23119
-18786
-12774
-5772
1491
8328
14156
18525
21131
21815
20554
17456
12759
6829
157
-6661
-12962
-18074
-21393
-22467
-21073
-17269
-11407
-4108
3815
11459
17953
22575
24845
24580
21894
17166
10967
3970
-3141
-9741
-15316
-19489
-22014
-22770
-21741
-19008
-14749
-9242
-2876
3856
10372
16048
20279
22562
22571
20219
15695
9452
2160
-5382
-12349
-18005
-21791
-23390
-22743
-20034
-15633
-10027
-3752
2675
8791
14203
18591
21694
23307
23278
21529
18082
13090
6866
-124
-7279
-13920
-19371
-23050
-24552
-23716
-20646
-15704
-9452
-2566
4252
10371
15295
18702
20448
20539
19094
16300
12377
7562
2112
-3683
-9486
-14901
-19489
-22805
-24451
-24142
-21768
-17438
-11484
-4439
3027
10196
16398
21097
23949
24833
23833
21195
17269
12441
7082
1521
-3964
-9127
-13732
-17535
-20273
-21685
-21548
-19726
-16225
-11226
-5098
1631
8328
14339
19077
22108
23198
22340
19731
15719
10741
5241
-379
-5798
-10778
-15145
-18756
-21466
-23111
-23512
-22505
-19986
-15959
-10586
-4196
2727
9595
15790
20750
24052
25465
24976
22770
19180
14624
9523
4248
-917
-5776
-10197
-14077
-17297
-19700
-21088
-21249
-20007
-17276
-13115
-7755
-1596
4831
10938
16157
20031
22272
22793
21697
19237
15748
11578
7027
2319
-2403
-7049
-11537
-15747
-19489
-22499
-24467
-25085
-24121
-21478
-17245
-11701
-5294
1425
7882
13568
18106
21295
23105
23647
23111
21701
19579
16838
13498
9548
4992
-89
-5505
-10937
-15966
-20131
-23004
-24269
-23789
-21632
-18059
-13479
-8369
-3188
1692
6031
9732
12810
15333
17361
18889
19825
19992
19174
17181
13920
9452
4016
-1983
-8031
-13586
-18168
-21437
-23239
-23614
-22759
-20961
-18517
-15660
-12521
-9114
-5374
-1216
3394
8381
13521
18461
22755
25952
27680
27728
26088
22961
18716
13812
8707
3772
-764
-4831
-8490
-11867
-15078
-18157
-21005
-23396
-25007
-25498
-24600
-22191
-18354
-13373
-7699
-1865
3613
8328
12050
14744
16547
17693
18431
18934
19241
19243
18710
17367
14982
11457
6883
1553
-4073
-9452
-14062
-17506
-19582
-20313
-19919
-18745
-17163
-15467
-13805
-12147
-10313
-8037
-5073
-1287
3267
8328
13456
18116
21785
24065
24768
23951
21896
19028
15815
12647
9751
7146
4666
2023
-1077
-4831
-9250
-14115
-19011
-23395
-26721
-28561
-28704
-27204
-24367
-20675
-16664
-12802
-9378
-6445
-3833
-1216
1772
5409
9781
14721
19828
24540
28256
30482
30944
29657
26921
23245
19226
15398
12111
9452
7239
5094
2565
-728
-4965
-10045
-15584
-20986
-25578
-28767
-30179
-29755
-27760
-24720
-21282
-18059
-15470
-13644
-12393
-11282
-9753
-7294
-3603
1312
7104
13150
18690
23005
25590
26278
25276
23111
20490
18120
16519
15885
16045
16506
16589
15621
13129
8982
3453
-2828
-9013
-14239
-17836
-19489
-19316
-17833
-15814
-14091
-13329
-13846
-15527
-17844
-19995
-21112
-20496
-17815
-13207
-7266
-912
4831
9088
11343
11577
10263
8243
6510
5936
7044
9852
13860
18163
21681
23433
22803
19704
14624
8515
2563
-2101
-4690
-4961
-3277
-517
2150
3571
2915
-95
-5096
-11155
-16996
-21313
-23111
-21957
-18111
-12473
-6364
-1202
1858
2218
0
-3978
-8403
-11804
-12923
-11061
-6263
661
8328
15110
19547
20709
18446
13439
7038
933
-3268
-4451
-2288
2670
9109
15281
19436
20270
-17269
-10860
-2323
6503
13675
17624
17552
13646
7044
-438
-6748
-10116
-9502
-4874
2766
11612
19489
24393
24992
20975
13146
3247
-6453
-13713
-16874
-15271
-9419
-894
8039
14981
17991
16075
9452
-484
-11483
-20977
-26708
-27284
-22529
-13547
-2464
8071
15531
18124
15240
7608
-2863
-13539
-21694
-25174
-22923
-15258
-3804
8879
19903
26744
27847
23008
13430
1444
-10040
-18230
-21115
-17953
-9452
2389
14751
24660
29696
28562
21402
9768
-3740
-16081
-24488
-27110
-23450
-14470
-2370
9933
19489
23995
22337
14836
3174
-10002
-21698
-29260
-30980
-26482
-16796
-4110
8737
18907
24204
23562
17269
6882
-5141
-16010
-23227
-25144
-21317
-12579
-836
11371
21439
27272
27724
22829
13764
2566
-8328
-16611
-20598
-19566
-13876
-4870
5444
14830
21300
23513
21037
14409
4991
-5321
-14505
-20812
-23111
-21086
-15278
-6950
2178
10279
15767
17601
15467
9822
1797
-7032
-14943
-20394
-22308
-20275
-14624
-6366
2997
11743
18255
21326
20385
15618
7946
-1143
-9863
-16470
-19603
-18552
-13416
-5102
4831
14468
21899
25605
24765
19436
10561
-202
-10793
-19159
-23661
-23411
-18457
-9790
852
11321
19489
23676
22989
17506
8259
-2970
-14002
-22701
-27390
-27185
-22159
-13316
-2383
8538
17386
22537
23111
19117
11435
1619
-8414
-16757
-21866
-22839
-19557
-12675
-3479
6373
15156
21389
24077
22861
18059
10579
1745
-6935
-14023
-18380
-19340
-16806
-11247
-3621
4785
12557
18379
21238
20593
16466
9452
634
-8577
-16669
-22278
-24419
-22671
-17266
-9070
547
9934
17446
21735
21998
18136
10784
1216
-8878
-17691
-23626
-25585
-23172
-16768
-7458
3158
13264
21146
25502
25659
21680
14337
4956
-4831
-13373
-19282
-21658
-20214
-15302
-7819
962
9610
16770
21364
22742
20752
15744
8489
60
-8328
-15489
-20425
-22454
-21302
-17139
-10562
-2517
5819
13200
18490
20833
19793
15444
8376
-370
-9452
-17427
-22985
-25167
-23534
-18256
-10098
-306
9595
18051
23738
25781
23899
18445
10342
916
-8328
-15950
-20809
-22233
-20100
-14836
-7317
1280
9676
16676
21335
23071
21720
17531
11107
3316
-4831
-12303
-18167
-21692
-22436
-20294
-15522
-8715
-749
7315
14367
19391
21614
20635
16499
9718
1216
-7793
-15984
-22118
-25243
-24846
-20941
-14071
-5225
4317
13185
20136
24233
24981
22385
16923
9452
1064
-7079
-13917
-18615
-20664
-19908
-16541
-11055
-4160
3299
10441
16433
20571
22346
21500
18059
12350
4978
-3219
-11256
-18121
-22898
-24907
-23810
-19683
-13021
-4692
4186
12397
18810
22546
23111
20461
15010
7549
-873
-9116
-16108
-20992
-23227
-22631
-19380
-13947
-7025
575
8021
14540
19489
22393
22979
21192
17198
11380
4318
-3252
-10500
-16581
-20738
-22403
-21287
-17441
-11278
-3530
4831
12726
19119
23164
24330
22475
17858
11093
3053
-5263
-12871
-18928
-22826
-24245
-23158
-19803
-14624
-8203
-1193
5740
11965
16925
20162
21356
20348
17173
12078
5526
-1827
-9185
-15695
-20553
-23111
-22980
-20099
-14756
-7561
632
8844
16108
21593
24718
25209
23119
18786
12774
5772
-1491
-8328
-14156
-18525
-21131
-21815
-20554
-17456
-12759
-6829
-157
6661
12962
18074
21393
22467
21073
17269
11407
4108
-3815
-11459
-17953
-22575
-24845
-24580
-21894
-17166
-10967
-3970
3141
9741
15316
19489
22014
22770
21741
19008
14749
9242
2876
-3856
-10372
-16048
-20279
-22562
-22571
-20219
-15695
-9452
-2160
5382
12349
18005
21791
23390
22743
20034
15633
10027
3752
-2675
-8791
-14203
-18591
-21694
-23307
-23278
-21529
-18082
-13090
-6866
124
7279
13920
19371
23050
24552
23716
20646
15704
9452
2566
-4252
-10371
-15295
-18702
-20448
-20539
-19094
-16300
-12377
-7562
-2112
3683
9486
14901
19489
22805
24451
24142
21768
17438
11484
4439
-3027
-10196
-16398
-21097
-23949
-24833
-23833
-21195
-17269
-12441
-7082
-1521
3964
9127
13732
17535
20273
21685
21548
19726
16225
11226
5098
-1631
-8328
-14339
-19077
-22108
-23198
-22340
-19731
-15719
-10741
-5241
379
5798
10778
15145
18756
21466
23111
23512
22505
19986
15959
10586
4196
-2727
-9595
-15790
-20750
-24052
-25465
-24976
-22770
-19180
-14624
-9523
-4248
917
5776
10197
14077
17297
19700
21088
21249
20007
17276
13115
7755
1596
-4831
-10938
-16157
-20031
-22272
-22793
-21697
-19237
-15748
-11578
-7027
-2319
2403
7049
11537
15747
19489
22499
24467
25085
24121
21478
17245
11701
5294
-1425
-7882
-13568
-18106
-21295
-23105
-23647
-23111
-21701
-19579
-16838
-13498
-9548
-4992
89
5505
10937
15966
20131
23004
24269
23789
21632
18059
13479
8369
3188
-1692
-6031
-9732
-12810
-15333
-17361
-18889
-19825
-19992
-19174
-17181
-13920
-9452
-4016
1983
8031
13586
18168
21437
23239
23614
22759
20961
18517
15660
12521
9114
5374
1216
-3394
-8381
-13521
-18461
-22755
-25952
-27680
-27728
-26088
-22961
-18716
-13812
-8707
-3772
764
4831
8490
11867
15078
18157
21005
23396
25007
25498
24600
22191
18354
13373
7699
1865
-3613
-8328
-12050
-14744
-16547
-17693
-18431
-18934
-19241
-19243
-18710
-17367
-14982
-11457
-6883
-1553
4073
9452
14062
17506
19582
20313
19919
18745
17163
15467
13805
12147
10313
8037
5073
1287
-3267
-8328
-13456
-18116
-21785
-24065
-24768
-23951
-21896
-19028
-15815
-12647
-9751
-7146
-4666
-2023
1077
4831
9250
14115
19011
23395
26721
28561
28704
27204
24367
20675
16664
12802
9378
6445
3833
1216
-1772
-5409
-9781
-14721
-19828
-24540
-28256
-30482
-30944
-29657
-26921
-23245
-19226
-15398
-12111
-9452
-7239
-5094
-2565
728
4965
10045
15584
20986
25578
28767
30179
29755
27760
24720
21282
18059
15470
13644
12393
11282
9753
7294
3603
-1312
-7104
-13150
-18690
-23005
-25590
-26278
-25276
-23111
-20490
-18120
-16519
-15885
-16045
-16506
-16589
-15621
-13129
-8982
-3453
2828
9013
14239
17836
19489
19316
17833
15814
14091
13329
13846
15527
17844
19995
21112
20496
17815
13207
7266
912
-4831
-9088
-11343
-11577
-10263
-8243
-6510
-5936
-7044
-9852
-13860
-18163
-21681
-23433
-22803
-19704
-14624
-8515
-2563
2101
4690
4961
3277
517
-2150
-3571
-2915
95
5096
11155
16996
21313
23111
21957
18111
12473
6364
1202
-1858
-2218
0
3978
8403
11804
12923
11061
6263
-661
-8328
-15110
-19547
-20709
-18446
-13439
-7038
-933
3268
4451
2288
-2670
-9109
-15281
-19436
-20270
-17269
-10860
-2323
6503
13675
17624
17552
13646
7044
-438
-6748
-10116
-9502
-4874
2766
11612
19489
24393
24992
20975
13146
3247
-6453
-13713
-16874
-15271
-9419
-894
8039
14981
17991
16075
9452
-484
-11483
-20977
-26708
-27284
-22529
-13547
-2464
8071
15531
18124
15240
7608
-2863
-13539
-21694
-25174
-22923
-15258
-3804
8879
19903
26744
27847
23008
13430
1444
-10040
-18230
-21115
-17953
-9452
2389
14751
24660
29696
28562
21402
9768
-3740
-16081
-24488
-27110
-23450
-14470
-2370
9933
19489
23995
22337
14836
3174
-10002
-21698
-29260
-30980
-26482
-16796
-4110
8737
18907
24204
23562
17269
6882
-5141
-16010
-23227
-25144
-21317
-12579
-836
11371
21439
27272
27724
22829
13764
2566
-8328
-16611
-20598
-19566
-13876
-4870
5444
14830
21300
23513
21037
14409
4991
-5321
-14505
-20812
-23111
-21086
-15278
-6950
2178
10279
15767
17601
15467
9822
1797
-7032
-14943
-20394
-22308
-20275
-14624
-6366
2997
11743
18255
21326
20385
15618
7946
-1143
-9863
-16470
-19603
-18552
-13416
-5102
4831
14468
21899
25605
24765
19436
10561
-202
-10793
-19159
-23661
-23411
-18457
-9790
852
11321
19489
23676
22989
17506
8259
-2970
-14002
-22701
-27390
-27185
-22159
-13316
-2383
8538
17386
22537
23111
19117
11435
1619
-8414
-16757
-21866
-22839
-19557
-12675
-3479
6373
15156
21389
24077
22861
18059
10579
1745
-6935
-14023
-18380
-19340
-16806
-11247
-3621
4785
12557
18379
21238
20593
16466
9452
634
-8577
-16669
-22278
-24419
-22671
-17266
-9070
547
9934
17446
21735
21998
18136
10784
1216
-8878
-17691
-23626
-25585
-23172
-16768
-7458
3158
13264
21146
25502
25659
21680
14337
4956
-4831
-13373
-19282
-21658
-20214
-15302
-7819
962
9610
16770
21364
22742
20752
15744
8489
60
-8328
-15489
-20425
-22454
-21302
-17139
-10562
-2517
5819
13200
18490
20833
19793
15444
8376
-370
-9452
-17427
-22985
-25167
-23534
-18256
-10098
-306
9595
18051
23738
25781
23899
18445
10342
916
-8328
-15950
-20809
-22233
-20100
-14836
-7317
1280
9676
16676
21335
23071
21720
17531
11107
3316
-4831
-12303
-18167
-21692
-22436
-20294
-15522
-8715
-749
7315
14367
19391
21614
20635
16499
9718
1216
-7793
-15984
-22118
-25243
-24846
-20941
-14071
-5225
4317
13185
20136
24233
24981
22385
16923
9452
1064
-7079
-13917
-18615
-20664
-19908
-16541
-11055
-4160
3299
10441
16433
20571
22346
21500
18059
12350
4978
-3219
-11256
-18121
-22898
-24907
-23810
-19683
-13021
-4692
4186
12397
18810
22546
23111
20461
15010
7549
-873
-9116
-16108
-20992
-23227
-22631
-19380
-13947
-7025
575
8021
14540
19489
22393
22979
21192
17198
11380
4318
-3252
-10500
-16581
-20738
-22403
-21287
-17441
-11278
-3530
4831
12726
19119
23164
24330
22475
17858
11093
3053
-5263
-12871
-18928
-22826
-24245
-23158
-19803
-14624
-8203
-1193
5740
11965
16925
20162
21356
20348
17173
12078
5526
-1827
-9185
-15695
-20553
-23111
-22980
-20099
-14756
-7561
632
8844
16108
21593
24718
25209
23119
18786
12774
5772
-1491
-8328
-14156
-18525
-21131
-21815
-20554
-17456
-12759
-6829
-157
6661
12962
18074
21393
22467
21073
17269
11407
4108
-3815
-11459
-17953
-22575
-24845
-24580
-21894
-17166
-10967
-3970
3141
9741
15316
19489
22014
22770
21741
19008
14749
9242
2876
-3856
-10372
-16048
-20279
-22562
-22571
-20219
-15695
-9452
-2160
5382
12349
18005
21791
23390
22743
20034
15633
10027
3752
-2675
-8791
-14203
-18591
-21694
-23307
-23278
-21529
-18082
-13090
-6866
124
7279
13920
19371
23050
24552
23716
20646
15704
9452
2566
-4252
-10371
-15295
-18702
-20448
-20539
-19094
-16300
-12377
-7562
-2112
3683
9486
14901
19489
22805
24451
24142
21768
17438
11484
4439
-3027
-10196
-16398
-21097
-23949
-24833
-23833
-21195
-17269
-12441
-7082
-1521
3964
9127
13732
17535
20273
21685
21548
19726
16225
11226
5098
-1631
-8328
-14339
-19077
-22108
-23198
-22340
-19731
-15719
-10741
-5241
379
5798
10778
15145
18756
21466
23111
23512
22505
19986
15959
10586
4196
-2727
-9595
-15790
-20750
-24052
-25465
-24976
-22770
-19180
-14624
-9523
-4248
917
5776
10197
14077
17297
19700
21088
21249
20007
17276
13115
7755
1596
-4831
-10938
-16157
-20031
-22272
-22793
-21697
-19237
-15748
-11578
-7027
-2319
2403
7049
11537
15747
19489
22499
24467
25085
24121
21478
17245
11701
5294
-1425
-7882
-13568
-18106
-21295
-23105
-23647
-23111
-21701
-19579
-16838
-13498
-9548
-4992
89
5505
10937
15966
20131
23004
24269
23789
21632
18059
13479
8369
3188
-1692
-6031
-9732
-12810
-15333
-17361
-18889
-19825
-19992
-19174
-17181
-13920
-9452
-4016
1983
8031
13586
18168
21437
23239
23614
22759
20961
18517
15660
12521
9114
5374
1216
-3394
-8381
-13521
-18461
-22755
-25952
-27680
-27728
-26088
-22961
-18716
-13812
-8707
-3772
764
4831
8490
11867
15078
18157
21005
23396
25007
25498
24600
22191
18354
13373
7699
1865
-3613
-8328
-12050
-14744
-16547
-17693
-18431
-18934
-19241
-19243
-18710
-17367
-14982
-11457
-6883
-1553
4073
9452
14062
17506
19582
20313
19919
18745
17163
15467
13805
12147
10313
8037
5073
1287
-3267
-8328
-13456
-18116
-21785
-24065
-24768
-23951
-21896
-19028
-15815
-12647
-9751
-7146
-4666
-2023
1077
4831
9250
14115
19011
23395
26721
28561
28704
27204
24367
20675
16664
12802
9378
6445
3833
1216
-1772
-5409
-9781
-14721
-19828
-24540
-28256
-30482
-30944
-29657
-26921
-23245
-19226
-15398
-12111
-9452
-7239
-5094
-2565
728
4965
10045
15584
20986
25578
28767
30179
29755
27760
24720
21282
18059
15470
13644
12393
11282
9753
7294
3603
-1312
-7104
-13150
-18690
-23005
-25590
-26278
-25276
-23111
-20490
-18120
-16519
-15885
-16045
-16506
-16589
-15621
-13129
-8982
-3453
2828
9013
14239
17836
19489
19316
17833
15814
14091
13329
13846
15527
17844
19995
21112
20496
17815
13207
7266
912
-4831
-9088
-11343
-11577
-10263
-8243
-6510
-5936
-7044
-9852
-13860
-18163
-21681
-23433
-22803
-19704
-14624
-8515
-2563
2101
4690
4961
3277
517
-2150
-3571
-2915
95
5096
11155
16996
21313
23111
21957
18111
12473
6364
1202
-1858
-2218
0
3978
8403
11804
12923
11061
6263
-661
-8328
-15110
-19547
-20709
-18446
-13439
-7038
-933
3268
4451
2288
-2670
-9109
-15281
-19436
-20270
-17269
-10860
-2323
6503
13675
17624
17552
13646
7044
-438
-6748
-10116
-9502
-4874
2766
11612
19489
24393
24992
20975
13146
3247
-6453
-13713
-16874
-15271
-9419
-894
8039
14981
17991
16075
9452
-484
-11483
-20977
-26708
-27284
-22529
-13547
-2464
8071
15531
18124
15240
7608
-2863
-13539
-21694
-25174
-22923
-15258
-3804
8879
19903
26744
27847
23008
13430
1444
-10040
-18230
-21115
-17953
-9452
2389
14751
24660
29696
28562
21402
9768
-3740
-16081
-24488
-27110
-23450
-14470
-2370
9933
19489
23995
22337
14836
3174
-10002
-21698
-29260
-30980
-26482
-16796
-4110
8737
18907
24204
23562
17269
6882
-5141
-16010
-23227
-25144
-21317
-12579
-836
11371
21439
27272
27724
22829
13764
2566
-8328
-16611
-20598
-19566
-13876
-4870
5444
14830
21300
23513
21037
14409
4991
-5321
-14505
-20812
-23111
-21086
-15278
-6950
2178
10279
15767
17601
15467
9822
1797
-7032
-14943
-20394
-22308
-20275
-14624
-6366
2997
11743
18255
21326
20385
15618
7946
-1143
-9863
-16470
-19603
-18552
-13416
-5102
4831
14468
21899
25605
24765
19436
10561
-202
-10793
-19159
-23661
-23411
-18457
-9790
852
11321
19489
23676
22989
17506
8259
-2970
-14002
-22701
-27390
-27185
-22159
-13316
-2383
8538
17386
22537
23111
19117
11435
1619
-8414
-16757
-21866
-22839
-19557
-12675
-3479
6373
15156
21389
24077
22861
18059
10579
1745
-6935
-14023
-18380
-19340
-16806
-11247
-3621
4785
12557
18379
21238
20593
16466
9452
634
-8577
-16669
-22278
-24419
-22671
-17266
-9070
547
9934
17446
21735
21998
18136
10784
1216
-8878
-17691
-23626
-25585
-23172
-16768
-7458
3158
13264
21146
25502
25659
21680
14337
4956
-4831
-13373
-19282
-21658
-20214
-15302
-7819
962
9610
16770
21364
22742
20752
15744
8489
60
-8328
-15489
-20425
-22454
-21302
-17139
-10562
-2517
5819
13200
18490
20833
19793
15444
8376
-370
-9452
-17427
-22985
-25167
-23534
-18256
-10098
-306
9595
18051
23738
25781
23899
18445
10342
916
-8328
-15950
-20809
-22233
-20100
-14836
-7317
1280
9676
16676
21335
23071
21720
17531
11107
3316
-4831
-12303
-18167
-21692
-22436
-20294
-15522
-8715
-749
7315
14367
19391
21614
20635
16499
9718
1216
-7793
-15984
-22118
-25243
-24846
-20941
-14071
-5225
4317
13185
20136
24233
24981
22385
16923
9452
1064
-7079
-13917
-18615
-20664
-19908
-16541
-11055
-4160
3299
10441
16433
20571
22346
21500
18059
12350
4978
-3219
-11256
-18121
-22898
-24907
-23810
-19683
-13021
-4692
4186
12397
18810
22546
23111
20461
15010
7549
-873
-9116
-16108
-20992
-23227
-22631
-19380
-13947
-7025
575
8021
14540
19489
22393
22979
21192
17198
11380
4318
-3252
-10500
-16581
-20738
-22403
-21287
-17441
-11278
-3530
4831
12726
19119
23164
24330
22475
17858
11093
3053
-5263
-12871
-18928
-22826
-24245
-23158
-19803
-14624
-8203
-1193
5740
11965
16925
20162
21356
20348
17173
12078
5526
-1827
-9185
-15695
-20553
-23111
-22980
-20099
-14756
-7561
632
8844
16108
21593
24718
25209
23119
18786
12774
5772
-1491
-8328
-14156
-18525
-21131
-21815
-20554
-17456
-12759
-6829
-157
6661
12962
18074
21393
22467
21073
17269
11407
4108
-3815
-11459
-17953
-22575
-24845
-24580
-21894
-17166
-10967
-3970
3141
9741
15316
19489
22014
22770
21741
19008
14749
9242
2876
-3856
-10372
-16048
-20279
-22562
-22571
-20219
-15695
-9452
-2160
5382
12349
18005
21791
23390
22743
20034
15633
10027
3752
-2675
-8791
-14203
-18591
-21694
-23307
-23278
-21529
-18082
-13090
-6866
124
7279
13920
19371
23050
24552
23716
20646
15704
9452
2566
-4252
-10371
-15295
-18702
-20448
-20539
-19094
-16300
-12377
-7562
-2112
3683
9486
14901
19489
22805
24451
24142
21768
17438
11484
4439
-3027
-10196
-16398
-21097
-23949
-24833
-23833
-21195
-17269
-12441
-7082
-1521
3964
9127
13732
17535
20273
21685
21548
19726
16225
11226
5098
-1631
-8328
-14339
-19077
-22108
-23198
-22340
-19731
-15719
-10741
-5241
379
5798
10778
15145
18756
21466
23111
23512
22505
19986
15959
10586
4196
-2727
-9595
-15790
-20750
-24052
-25465
-24976
-22770
-19180
-14624
-9523
-4248
917
5776
10197
14077
17297
19700
21088
21249
20007
17276
13115
7755
1596
-4831
-10938
-16157
-20031
-22272
-22793
-21697
-19237
-15748
-11578
-7027
-2319
2403
7049
11537
15747
19489
22499
24467
25085
24121
21478
17245
11701
5294
-1425
-7882
-13568
-18106
-21295
-23105
-23647
-23111
-21701
-19579
-16838
-13498
-9548
-4992
89
5505
10937
15966
20131
23004
24269
23789
21632
18059
13479
8369
3188
-1692
-6031
-9732
-12810
-15333
-17361
-18889
-19825
-19992
-19174
-17181
-13920
-9452
-4016
1983
8031
13586
18168
21437
23239
23614
22759
20961
18517
15660
12521
9114
5374
1216
-3394
-8381
-13521
-18461
-22755
-25952
-27680
-27728
-26088
-22961
-18716
-13812
-8707
-3772
764
4831
8490
11867
15078
18157
21005
23396
25007
25498
24600
22191
18354
13373
7699
1865
-3613
-8328
-12050
-14744
-16547
-17693
-18431
-18934
-19241
-19243
-18710
-17367
-14982
-11457
-6883
-1553
4073
9452
14062
17506
19582
20313
19919
18745
17163
15467
13805
12147
10313
8037
5073
1287
-3267
-8328
-13456
-18116
-21785
-24065
-24768
-23951
-21896
-19028
-15815
-12647
-9751
-7146
-4666
-2023
1077
4831
9250
14115
19011
23395
26721
28561
28704
27204
24367
20675
16664
12802
9378
6445
3833
1216
-1772
-5409
-9781
-14721
-19828
-24540
-28256
-30482
-30944
-29657
-26921
-23245
-19226
-15398
-12111
-9452
-7239
-5094
-2565
728
4965
10045
15584
20986
25578
28767
30179
29755
27760
24720
21282
18059
15470
13644
12393
11282
9753
7294
3603
-1312
-7104
-13150
-18690
-23005
-25590
-26278
-25276
-23111
-20490
-18120
-16519
-15885
-16045
-16506
-16589
-15621
-13129
-8982
-3453
2828
9013
14239
17836
19489
19316
17833
15814
14091
13329
13846
15527
17844
19995
21112
20496
17815
13207
7266
912
-4831
-9088
-11343
-11577
-10263
-8243
-6510
-5936
-7044
-9852
-13860
-18163
-21681
-23433
-22803
-19704
-14624
-8515
-2563
2101
4690
4961
3277
517
-2150
-3571
-2915
95
5096
11155
16996
21313
23111
21957
18111
12473
6364
1202
-1858
-2218
0
3978
8403
11804
12923
11061
6263
-661
-8328
-15110
-19547
-20709
-18446
-13439
-7038
-933
3268
4451
2288
-2670
-9109
-15281
-19436
-20270
-17269
-10860
-2323
6503
13675
17624
17552
13646
7044
-438
-6748
-10116
-9502
-4874
2766
11612
19489
24393
24992
20975
13146
3247
-6453
-13713
-16874
-15271
-9419
-894
8039
14981
17991
16075
9452
-484
-11483
-20977
-26708
-27284
-22529
-13547
-2464
8071
15531
18124
15240
7608
-2863
-13539
-21694
-25174
-22923
-15258
-3804
8879
19903
26744
27847
23008
13430
1444
-10040
-18230
-21115
-17953
-9452
2389
14751
24660
29696
28562
21402
9768
-3740
-16081
-24488
-27110
-23450
-14470
-2370
9933
19489
23995
22337
14836
3174
-10002
-21698
-29260
-30980
-26482
-16796
-4110
8737
18907
24204
23562
17269
6882
-5141
-16010
-23227
-25144
-21317
-12579
-836
11371
21439
27272
27724
22829
13764
2566
-8328
-16611
-20598
-19566
-13876
-4870
5444
14830
21300
23513
21037
14409
4991
-5321
-14505
-20812
-23111
-21086
-15278
-6950
2178
10279
15767
17601
15467
9822
1797
-7032
-14943
-20394
-22308
-20275
-14624
-6366
2997
11743
18255
21326
20385
15618
7946
-1143
-9863
-16470
-19603
-18552
-13416
-5102
4831
14468
21899
25605
24765
19436
10561
-202
-10793
-19159
-23661
-23411
-18457
-9790
852
11321
19489
23676
22989
17506
8259
-2970
-14002
-22701
-27390
-27185
-22159
-13316
-2383
8538
17386
22537
23111
19117
11435
1619
-8414
-16757
-21866
-22839
-19557
-12675
-3479
6373
15156
21389
24077
22861
18059
10579
1745
-6935
-14023
-18380
-19340
-16806
-11247
-3621
4785
12557
18379
21238
20593
16466
9452
634
-8577
-16669
-22278
-24419
-22671
-17266
-9070
547
9934
17446
21735
21998
18136
10784
1216
-8878
-17691
-23626
-25585
-23172
-16768
-7458
3158
13264
21146
25502
25659
21680
14337
4956
-4831
-13373
-19282
-21658
-20214
-15302
-7819
962
9610
16770
21364
22742
20752
15744
8489
60
-8328
-15489
-20425
-22454
-21302
-17139
-10562
-2517
5819
13200
18490
20833
19793
15444
8376
-370
-9452
-17427
-22985
-25167
-23534
-18256
-10098
-306
9595
18051
23738
25781
23899
18445
10342
916
-8328
-15950
-20809
-22233
-20100
-14836
-7317
1280
9676
16676
21335
23071
21720
17531
11107
3316
-4831
-12303
-18167
-21692
-22436
-20294
-15522
-8715
-749
7315
14367
19391
21614
20635
16499
9718
1216
-7793
-15984
-22118
-25243
-24846
-20941
-14071
-5225
4317
13185
20136
24233
24981
22385
16923
9452
1064
-7079
-13917
-18615
-20664
-19908
-16541
-11055
-4160
3299
10441
16433
20571
22346
21500
18059
12350
4978
-3219
-11256
-18121
-22898
-24907
-23810
-19683
-13021
-4692
4186
12397
18810
22546
23111
20461
15010
7549
-873
-9116
-16108
-20992
-23227
-22631
-19380
-13947
-7025
575
8021
14540
19489
22393
22979
21192
17198
11380
4318
-3252
-10500
-16581
-20738
-22403
-21287
-17441
-11278
-3530
4831
12726
19119
23164
24330
22475
17858
11093
3053
-5263
-12871
-18928
-22826
-24245
-23158
-19803
-14624
-8203
-1193
5740
11965
16925
20162
21356
20348
17173
12078
5526
-1827
-9185
-15695
-20553
-23111
-22980
-20099
-14756
-7561
632
8844
16108
21593
24718
25209
23119
18786
12774
5772
-1491
-8328
-14156
-18525
-21131
-21815
-20554
-17456
-12759
-6829
-157
6661
12962
18074
21393
22467
21073
17269
11407
4108
-3815
-11459
-17953
-22575
-24845
-24580
-21894
-17166
-10967
-3970
3141
9741
15316
19489
22014
22770
21741
19008
14749
9242
2876
-3856
-10372
-16048
-20279
-22562
-22571
-20219
-15695
-9452
-2160
5382
12349
18005
21791
23390
22743
20034
15633
10027
3752
-2675
-8791
-14203
-18591
-21694
-23307
-23278
-21529
-18082
-13090
-6866
124
7279
13920
19371
23050
24552
23716
20646
15704
9452
2566
-4252
-10371
-15295
-18702
-20448
-20539
-19094
-16300
-12377
-7562
-2112
3683
9486
14901
19489
22805
24451
24142
21768
17438
11484
4439
-3027
-10196
-16398
-21097
-23949
-24833
-23833
-21195
-17269
-12441
-7082
-1521
3964
9127
13732
17535
20273
21685
21548
19726
16225
11226
5098
-1631
-8328
-14339
-19077
-22108
-23198
-22340
-19731
-15719
-10741
-5241
379
5798
10778
15145
18756
21466
23111
23512
22505
19986
15959
10586
4196
-2727
-9595
-15790
-20750
-24052
-25465
-24976
-22770
-19180
-14624
-9523
-4248
917
5776
10197
14077
17297
19700
21088
21249
20007
17276
13115
7755
1596
-4831
-10938
-16157
-20031
-22272
-22793
-21697
-19237
-15748
-11578
-7027
-2319
2403
7049
11537
15747
19489
22499
24467
25085
24121
21478
17245
11701
5294
-1425
-7882
-13568
-18106
-21295
-23105
-23647
-23111
-21701
-19579
-16838
-13498
-9548
-4992
89
5505
10937
15966
20131
23004
24269
23789
21632
18059
13479
8369
3188
-1692
-6031
-9732
-12810
-15333
-17361
-18889
-19825
-19992
-19174
-17181
-13920
-9452
-4016
1983
8031
13586
18168
21437
23239
23614
22759
20961
18517
15660
12521
9114
5374
1216
-3394
-8381
-13521
-18461
-22755
-25952
-27680
-27728
-26088
-22961
-18716
-13812
-8707
-3772
764
4831
8490
11867
15078
18157
21005
23396
25007
25498
24600
22191
18354
13373
7699
1865
-3613
-8328
-12050
-14744
-16547
-17693
-18431
-18934
-19241
-19243
-18710
-17367
-14982
-11457
-6883
-1553
4073
9452
14062
17506
19582
20313
19919
18745
17163
15467
13805
12147
10313
8037
5073
1287
-3267
-8328
-13456
-18116
-21785
-24065
-24768
-23951
-21896
-19028
-15815
-12647
-9751
-7146
-4666
-2023
1077
4831
9250
14115
19011
23395
26721
28561
28704
27204
24367
20675
16664
12802
9378
6445
3833
1216
-1772
-5409
-9781
-14721
-19828
-24540
-28256
-30482
-30944
-29657
-26921
-23245
-19226
-15398
-12111
-9452
-7239
-5094
-2565
728
4965
10045
15584
20986
25578
28767
30179
29755
27760
24720
21282
18059
15470
13644
12393
11282
9753
7294
3603
-1312
-7104
-13150
-18690
-23005
-25590
-26278
-25276
-23111
-20490
-18120
-16519
-15885
-16045
-16506
-16589
-15621
-13129
-8982
-3453
2828
9013
14239
17836
19489
19316
17833
15814
14091
13329
13846
15527
17844
19995
21112
20496
17815
13207
7266
912
-4831
-9088
-11343
-11577
-10263
-8243
-6510
-5936
-7044
-9852
-13860
-18163
-21681
-23433
-22803
-19704
-14624
-8515
-2563
2101
4690
4961
3277
517
-2150
-3571
-2915
95
5096
11155
16996
21313
23111
21957
18111
12473
6364
1202
-1858
-2218
0
3978
8403
11804
12923
11061
6263
-661
-8328
-15110
-19547
-20709
-18446
-13439
-7038
-933
3268
4451
2288
-2670
-9109
-15281
-19436
-20270
-17269
-10860
-2323
6503
13675
17624
17552
13646
7044
-438
-6748
-10116
-9502
-4874
2766
11612
19489
24393
24992
20975
13146
3247
-6453
-13713
-16874
-15271
-9419
-894
8039
14981
17991
16075
9452
-484
-11483
-20977
-26708
-27284
-22529
-13547
-2464
8071
15531
18124
15240
7608
-2863
-13539
-21694
-25174
-22923
-15258
-3804
8879
19903
26744
27847
23008
13430
1444
-10040
-18230
-21115
-17953
-9452
2389
14751
24660
29696
28562
21402
9768
-3740
-16081
-24488
-27110
-23450
-14470
-2370
9933
19489
23995
22337
14836
3174
-10002
-21698
-29260
-30980
-26482
-16796
-4110
8737
18907
24204
23562
17269
6882
-5141
-16010
-23227
-25144
-21317
-12579
-836
11371
21439
27272
27724
22829
13764
2566
-8328
-16611
-20598
-19566
-13876
-4870
5444
14830
21300
23513
21037
14409
4991
-5321
-14505
-20812
-23111
-21086
-15278
-6950
2178
10279
15767
17601
15467
9822
1797
-7032
-14943
-20394
-22308
-20275
-14624
-6366
2997
11743
18255
21326
20385
15618
7946
-1143
-9863
-16470
-19603
-18552
-13416
-5102
4831
14468
21899
25605
24765
19436
10561
-202
-10793
-19159
-23661
-23411
-18457
-9790
852
11321
19489
23676
22989
17506
8259
-2970
-14002
-22701
-27390
-27185
-22159
-13316
-2383
8538
17386
22537
23111
19117
11435
1619
-8414
-16757
-21866
-22839
-19557
-12675
-3479
6373
15156
21389
24077
22861
18059
10579
1745
-6935
-14023
-18380
-19340
-16806
-11247
-3621
4785
12557
18379
21238
20593
16466
9452
634
-8577
-16669
-22278
-24419
-22671
-17266
-9070
547
9934
17446
21735
21998
18136
10784
1216
-8878
-17691
-23626
-25585
-23172
-16768
-7458
3158
13264
21146
25502
25659
21680
14337
4956
-4831
-13373
-19282
-21658
-20214
-15302
-7819
962
9610
16770
21364
22742
20752
15744
8489
60
-8328
-15489
-20425
-22454
-21302
-17139
-10562
-2517
5819
13200
18490
20833
19793
15444
8376
-370
-9452
-17427
-22985
-25167
-23534
-18256
-10098
-306
9595
18051
23738
25781
23899
18445
10342
916
-8328
-15950
-20809
-22233
-20100
-14836
-7317
1280
9676
16676
21335
23071
21720
17531
11107
3316
-4831
-12303
-18167
-21692
-22436
-20294
-15522
-8715
-749
7315
14367
19391
21614
20635
16499
9718
1216
-7793
-15984
-22118
-25243
-24846
-20941
-14071
-5225
4317
13185
20136
24233
24981
22385
16923
9452
1064
-7079
-13917
-18615
-20664
-19908
-16541
-11055
-4160
3299
10441
16433
20571
22346
21500
18059
12350
4978
-3219
-11256
-18121
-22898
-24907
-23810
-19683
-13021
-4692
4186
12397
18810
22546
23111
20461
15010
7549
-873
-9116
-16108
-20992
-23227
-22631
-19380
-13947
-7025
575
8021
14540
19489
22393
22979
21192
17198
11380
4318
-3252
-10500
-16581
-20738
-22403
-21287
-17441
-11278
-3530
4831
12726
19119
23164
24330
22475
17858
11093
3053
-5263
-12871
-18928
-22826
-24245
-23158
-19803
-14624
-8203
-1193
5740
11965
16925
20162
21356
20348
17173
12078
5526
-1827
-9185
-15695
-20553
-23111
-22980
-20099
-14756
-7561
632
8844
16108
21593
24718
25209
23119
18786
12774
5772
-1491
-8328
-14156
-18525
-21131
-21815
-20554
-17456
-12759
-6829
-157
6661
12962
18074
21393
22467
21073
17269
11407
4108
-3815
-11459
-17953
-22575
-24845
-24580
-21894
-17166
-10967
-3970
3141
9741
15316
19489
22014
22770
21741
19008
14749
9242
2876
-3856
-10372
-16048
-20279
-22562
-22571
-20219
-15695
-9452
-2160
5382
12349
18005
21791
23390
22743
20034
15633
10027
3752
-2675
-8791
-14203
-18591
-21694
-23307
-23278
-21529
-18082
-13090
-6866
124
7279
13920
19371
23050
24552
23716
20646
15704
9452
2566
-4252
-10371
-15295
-18702
-20448
-20539
-19094
-16300
-12377
-7562
-2112
3683
9486
14901
19489
22805
24451
24142
21768
17438
11484
4439
-3027
-10196
-16398
-21097
-23949
-24833
-23833
-21195
-17269
-12441
-7082
-1521
3964
9127
13732
17535
20273
21685
21548
19726
16225
11226
5098
-1631
-8328
-14339
-19077
-22108
-23198
-22340
-19731
-15719
-10741
-5241
379
5798
10778
15145
18756
21466
23111
23512
22505
19986
15959
10586
4196
-2727
-9595
-15790
-20750
-24052
-25465
-24976
-22770
-19180
-14624
-9523
-4248
917
5776
10197
14077
17297
19700
21088
21249
20007
17276
13115
7755
1596
-4831
-10938
-16157
-20031
-22272
-22793
-21697
-19237
-15748
-11578
-7027
-2319
2403
7049
11537
15747
19489
22499
24467
25085
24121
21478
17245
11701
5294
-1425
-7882
-13568
-18106
-21295
-23105
-23647
-23111
-21701
-19579
-16838
-13498
-9548
-4992
89
5505
10937
15966
20131
23004
24269
23789
21632
18059
13479
8369
3188
-1692
-6031
-9732
-12810
-15333
-17361
-18889
-19825
-19992
-19174
-17181
-13920
-9452
-4016
1983
8031
13586
18168
21437
23239
23614
22759
20961
18517
15660
12521
9114
5374
1216
-3394
-8381
-13521
-18461
-22755
-25952
-27680
-27728
-26088
-22961
-18716
-13812
-8707
-3772
764
4831
8490
11867
15078
18157
21005
23396
25007
25498
24600
22191
18354
13373
7699
1865
-3613
-8328
-12050
-14744
-16547
-17693
-18431
-18934
-19241
-19243
-18710
-17367
-14982
-11457
-6883
-1553
4073
9452
14062
17506
19582
20313
19919
18745
17163
15467
13805
12147
10313
8037
5073
1287
-3267
-8328
-13456
-18116
-21785
-24065
-24768
-23951
-21896
-19028
-15815
-12647
-9751
-7146
-4666
-2023
1077
4831
9250
14115
19011
23395
26721
28561
28704
27204
24367
20675
16664
12802
9378
6445
3833
1216
-1772
-5409
-9781
-14721
-19828
-24540
-28256
-30482
-30944
-29657
-26921
-23245
-19226
-15398
-12111
-9452
-7239
-5094
-2565
728
4965
10045
15584
20986
25578
28767
30179
29755
27760
24720
21282
18059
15470
13644
12393
11282
9753
7294
3603
-1312
-7104
-13150
-18690
-23005
-25590
-26278
-25276
-23111
-20490
-18120
-16519
-15885
-16045
-16506
-16589
-15621
-13129
-8982
-3453
2828
9013
14239
17836
19489
19316
17833
15814
14091
13329
13846
15527
17844
19995
21112
20496
17815
13207
7266
912
-4831
-9088
-11343
-11577
-10263
-8243
-6510
-5936
-7044
-9852
-13860
-18163
-21681
-23433
-22803
-19704
-14624
-8515
-2563
2101
4690
4961
3277
517
-2150
-3571
-2915
95
5096
11155
16996
21313
23111
21957
18111
12473
6364
1202
-1858
-2218
0
3978
8403
11804
12923
11061
6263
-661
-8328
-15110
-19547
-20709
-18446
-13439
-7038
-933
3268
4451
2288
-2670
-9109
-15281
-19436
-20270
17269
10860
2323
-6503
-13675
-17624
-17552
-13646
-7044
438
6748
10116
9502
4874
-2766
-11612
-19489
-24393
-24992
-20975
-13146
-3247
6453
13713
16874
15271
9419
894
-8039
-14981
-17991
-16075
-9452
484
11483
20977
26708
27284
22529
13547
2464
-8071
-15531
-18124
-15240
-7608
2863
13539
21694
25174
22923
15258
3804
-8879
-19903
-26744
-27847
-23008
-13430
-1444
10040
18230
21115
17953
9452
-2389
-14751
-24660
-29696
-28562
-21402
-9768
3740
16081
24488
27110
23450
14470
2370
-9933
-19489
-23995
-22337
-14836
-3174
10002
21698
29260
30980
26482
16796
4110
-8737
-18907
-24204
-23562
-17269
-6882
5141
16010
23227
25144
21317
12579
836
-11371
-21439
-27272
-27724
-22829
-13764
-2566
8328
16611
20598
19566
13876
4870
-5444
-14830
-21300
-23513
-21037
-14409
-4991
5321
14505
20812
23111
21086
15278
6950
-2178
-10279
-15767
-17601
-15467
-9822
-1797
7032
14943
20394
22308
20275
14624
6366
-2997
-11743
-18255
-21326
-20385
-15618
-7946
1143
9863
16470
19603
18552
13416
5102
-4831
-14468
-21899
-25605
-24765
-19436
-10561
202
10793
19159
23661
23411
18457
9790
-852
-11321
-19489
-23676
-22989
-17506
-8259
2970
14002
22701
27390
27185
22159
13316
2383
-8538
-17386
-22537
-23111
-19117
-11435
-1619
8414
16757
21866
22839
19557
12675
3479
-6373
-15156
-21389
-24077
-22861
-18059
-10579
-1745
6935
14023
18380
19340
16806
11247
3621
-4785
-12557
-18379
-21238
-20593
-16466
-9452
-634
8577
16669
22278
24419
22671
17266
9070
-547
-9934
-17446
-21735
-21998
-18136
-10784
-1216
8878
17691
23626
25585
23172
16768
7458
-3158
-13264
-21146
-25502
-25659
-21680
-14337
-4956
4831
13373
19282
21658
20214
15302
7819
-962
-9610
-16770
-21364
-22742
-20752
-15744
-8489
-60
8328
15489
20425
22454
21302
17139
10562
2517
-5819
-13200
-18490
-20833
-19793
-15444
-8376
370
9452
17427
22985
25167
23534
18256
10098
306
-9595
-18051
-23738
-25781
-23899
-18445
-10342
-916
8328
15950
20809
22233
20100
14836
7317
-1280
-9676
-16676
-21335
-23071
-21720
-17531
-11107
-3316
4831
12303
18167
21692
22436
20294
15522
8715
749
-7315
-14367
-19391
-21614
-20635
-16499
-9718
-1216
7793
15984
22118
25243
24846
20941
14071
5225
-4317
-13185
-20136
-24233
-24981
-22385
-16923
-9452
-1064
7079
13917
18615
20664
19908
16541
11055
4160
-3299
-10441
-16433
-20571
-22346
-21500
-18059
-12350
-4978
3219
11256
18121
22898
24907
23810
19683
13021
4692
-4186
-12397
-18810
-22546
-23111
-20461
-15010
-7549
873
9116
16108
20992
23227
22631
19380
13947
7025
-575
-8021
-14540
-19489
-22393
-22979
-21192
-17198
-11380
-4318
3252
10500
16581
20738
22403
21287
17441
11278
3530
-4831
-12726
-19119
-23164
-24330
-22475
-17858
-11093
-3053
5263
12871
18928
22826
24245
23158
19803
14624
8203
1193
-5740
-11965
-16925
-20162
-21356
-20348
-17173
-12078
-5526
1827
9185
15695
20553
23111
22980
20099
14756
7561
-632
-8844
-16108
-21593
-24718
-25209
-23119
-18786
-12774
-5772
1491
8328
14156
18525
21131
21815
20554
17456
12759
6829
157
-6661
-12962
-18074
-21393
-22467
-21073
-17269
-11407
-4108
3815
11459
17953
22575
24845
24580
21894
17166
10967
3970
-3141
-9741
-15316
-19489
-22014
-22770
-21741
-19008
-14749
-9242
-2876
3856
10372
16048
20279
22562
22571
20219
15695
9452
2160
-5382
-12349
-18005
-21791
-23390
-22743
-20034
-15633
-10027
-3752
2675
8791
14203
18591
21694
23307
23278
21529
18082
13090
6866
-124
-7279
-13920
-19371
-23050
-24552
-23716
-20646
-15704
-9452
-2566
4252
10371
15295
18702
20448
20539
19094
16300
12377
7562
2112
-3683
-9486
-14901
-19489
-22805
-24451
-24142
-21768
-17438
-11484
-4439
3027
10196
16398
21097
23949
24833
23833
21195
17269
12441
7082
1521
-3964
-9127
-13732
-17535
-20273
-21685
-21548
-19726
-16225
-11226
-5098
1631
8328
14339
19077
22108
23198
22340
19731
15719
10741
5241
-379
-5798
-10778
-15145
-18756
-21466
-23111
-23512
-22505
-19986
-15959
-10586
-4196
2727
9595
15790
20750
24052
25465
24976
22770
19180
14624
9523
4248
-917
-5776
-10197
-14077
-17297
-19700
-21088
-21249
-20007
-17276
-13115
-7755
-1596
4831
10938
16157
20031
22272
22793
21697
19237
15748
11578
7027
2319
-2403
-7049
-11537
-15747
-19489
-22499
-24467
-25085
-24121
-21478
-17245
-11701
-5294
1425
7882
13568
18106
21295
23105
23647
23111
21701
19579
16838
13498
9548
4992
-89
-5505
-10937
-15966
-20131
-23004
-24269
-23789
-21632
-18059
-13479
-8369
-3188
1692
6031
9732
12810
15333
17361
18889
19825
19992
19174
17181
13920
9452
4016
-1983
-8031
-13586
-18168
-21437
-23239
-23614
-22759
-20961
-18517
-15660
-12521
-9114
-5374
-1216
3394
8381
13521
18461
22755
25952
27680
27728
26088
22961
18716
13812
8707
3772
-764
-4831
-8490
-11867
-15078
-18157
-21005
-23396
-25007
-25498
-24600
-22191
-18354
-13373
-7699
-1865
3613
8328
12050
14744
16547
17693
18431
18934
19241
19243
18710
17367
14982
11457
6883
1553
-4073
-9452
-14062
-17506
-19582
-20313
-19919
-18745
-17163
-15467
-13805
-12147
-10313
-8037
-5073
-1287
3267
8328
13456
18116
21785
24065
24768
23951
21896
19028
15815
12647
9751
7146
4666
2023
-1077
-4831
-9250
-14115
-19011
-23395
-26721
-28561
-28704
-27204
-24367
-20675
-16664
-12802
-9378
-6445
-3833
-1216
1772
5409
9781
14721
19828
24540
28256
30482
30944
29657
26921
23245
19226
15398
12111
9452
7239
5094
2565
-728
-4965
-10045
-15584
-20986
-25578
-28767
-30179
-29755
-27760
-24720
-21282
-18059
-15470
-13644
-12393
-11282
-9753
-7294
-3603
1312
7104
13150
18690
23005
25590
26278
25276
23111
20490
18120
16519
15885
16045
16506
16589
15621
13129
8982
3453
-2828
-9013
-14239
-17836
-19489
-19316
-17833
-15814
-14091
-13329
-13846
-15527
-17844
-19995
-21112
-20496
-17815
-13207
-7266
-912
4831
9088
11343
11577
10263
8243
6510
5936
7044
9852
13860
18163
21681
23433
22803
19704
14624
8515
2563
-2101
-4690
-4961
-3277
-517
2150
3571
2915
-95
-5096
-11155
-16996
-21313
-23111
-21957
-18111
-12473
-6364
-1202
1858
2218
0
-3978
-8403
-11804
-12923
-11061
-6263
661
8328
15110
19547
20709
18446
13439
7038
933
-3268
-4451
-2288
2670
9109
15281
19436
20270
-17269
-10860
-2323
6503
13675
17624
17552
13646
7044
-438
-6748
-10116
-9502
-4874
2766
11612
19489
24393
24992
20975
13146
3247
-6453
-13713
-16874
-15271
-9419
-894
8039
14981
17991
16075
9452
-484
-11483
-20977
-26708
-27284
-22529
-13547
-2464
8071
15531
18124
15240
7608
-2863
-13539
-21694
-25174
-22923
-15258
-3804
8879
19903
26744
27847
23008
13430
1444
-10040
-18230
-21115
-17953
-9452
2389
14751
24660
29696
28562
21402
9768
-3740
-16081
-24488
-27110
-23450
-14470
-2370
9933
19489
23995
22337
14836
3174
-10002
-21698
-29260
-30980
-26482
-16796
-4110
8737
18907
24204
23562
17269
6882
-5141
-16010
-23227
-25144
-21317
-12579
-836
11371
21439
27272
27724
22829
13764
2566
-8328
-16611
-20598
-19566
-13876
-4870
5444
14830
21300
23513
21037
14409
4991
-5321
-14505
-20812
-23111
-21086
-15278
-6950
2178
10279
15767
17601
15467
9822
1797
-7032
-14943
-20394
-22308
-20275
-14624
-6366
2997
11743
18255
21326
20385
15618
7946
-1143
-9863
-16470
-19603
-18552
-13416
-5102
4831
14468
21899
25605
24765
19436
10561
-202
-10793
-19159
-23661
-23411
-18457
-9790
852
11321
19489
23676
22989
17506
8259
-2970
-14002
-22701
-27390
-27185
-22159
-13316
-2383
8538
17386
22537
23111
19117
11435
1619
-8414
-16757
-21866
-22839
-19557
-12675
-3479
6373
15156
21389
24077
22861
18059
10579
1745
-6935
-14023
-18380
-19340
-16806
-11247
-3621
4785
12557
18379
21238
20593
16466
9452
634
-8577
-16669
-22278
-24419
-22671
-17266
-9070
547
9934
17446
21735
21998
18136
10784
1216
-8878
-17691
-23626
-25585
-23172
-16768
-7458
3158
13264
21146
25502
25659
21680
14337
4956
-4831
-13373
-19282
-21658
-20214
-15302
-7819
962
9610
16770
21364
22742
20752
15744
8489
60
-8328
-15489
-20425
-22454
-21302
-17139
-10562
-2517
5819
13200
18490
20833
19793
15444
8376
-370
-9452
-17427
-22985
-25167
-23534
-18256
-10098
-306
9595
18051
23738
25781
23899
18445
10342
916
-8328
-15950
-20809
-22233
-20100
-14836
-7317
1280
9676
16676
21335
23071
21720
17531
11107
3316
-4831
-12303
-18167
-21692
-22436
-20294
-15522
-8715
-749
7315
14367
19391
21614
20635
16499
9718
1216
-7793
-15984
-22118
-25243
-24846
-20941
-14071
-5225
4317
13185
20136
24233
24981
22385
16923
9452
1064
-7079
-13917
-18615
-20664
-19908
-16541
-11055
-4160
3299
10441
16433
20571
22346
21500
18059
12350
4978
-3219
-11256
-18121
-22898
-24907
-23810
-19683
-13021
-4692
4186
12397
18810
22546
23111
20461
15010
7549
-873
-9116
-16108
-20992
-23227
-22631
-19380
-13947
-7025
575
8021
14540
19489
22393
22979
21192
17198
11380
4318
-3252
-10500
-16581
-20738
-22403
-21287
-17441
-11278
-3530
4831
12726
19119
23164
24330
22475
17858
11093
3053
-5263
-12871
-18928
-22826
-24245
-23158
-19803
-14624
-8203
-1193
5740
11965
16925
20162
21356
20348
17173
12078
5526
-1827
-9185
-15695
-20553
-23111
-22980
-20099
-14756
-7561
632
8844
16108
21593
24718
25209
23119
18786
12774
5772
-1491
-8328
-14156
-18525
-21131
-21815
-20554
-17456
-12759
-6829
-157
6661
12962
18074
21393
22467
21073
17269
11407
4108
-3815
-11459
-17953
-22575
-24845
-24580
-21894
-17166
-10967
-3970
3141
9741
15316
19489
22014
22770
21741
19008
14749
9242
2876
-3856
-10372
-16048
-20279
-22562
-22571
-20219
-15695
-9452
-2160
5382
12349
18005
21791
23390
22743
20034
15633
10027
3752
-2675
-8791
-14203
-18591
-21694
-23307
-23278
-21529
-18082
-13090
-6866
124
7279
13920
19371
23050
24552
23716
20646
15704
9452
2566
-4252
-10371
-15295
-18702
-20448
-20539
-19094
-16300
-12377
-7562
-2112
3683
9486
14901
19489
22805
24451
24142
21768
17438
11484
4439
-3027
-10196
-16398
-21097
-23949
-24833
-23833
-21195
-17269
-12441
-7082
-1521
3964
9127
13732
17535
20273
21685
21548
19726
16225
11226
5098
-1631
-8328
-14339
-19077
-22108
-23198
-22340
-19731
-15719
-10741
-5241
379
5798
10778
15145
18756
21466
23111
23512
22505
19986
15959
10586
4196
-2727
-9595
-15790
-20750
-24052
-25465
-24976
-22770
-19180
-14624
-9523
-4248
917
5776
10197
14077
17297
19700
21088
21249
20007
17276
13115
7755
1596
-4831
-10938
-16157
-20031
-22272
-22793
-21697
-19237
-15748
-11578
-7027
-2319
2403
7049
11537
15747
19489
22499
24467
25085
24121
21478
17245
11701
5294
-1425
-7882
-13568
-18106
-21295
-23105
-23647
-23111
-21701
-19579
-16838
-13498
-9548
-4992
89
5505
10937
15966
20131
23004
24269
23789
21632
18059
13479
8369
3188
-1692
-6031
-9732
-12810
-15333
-17361
-18889
-19825
-19992
-19174
-17181
-13920
-9452
-4016
1983
8031
13586
18168
21437
23239
23614
22759
20961
18517
15660
12521
9114
5374
1216
-3394
-8381
-13521
-18461
-22755
-25952
-27680
-27728
-26088
-22961
-18716
-13812
-8707
-3772
764
4831
8490
11867
15078
18157
21005
23396
25007
25498
24600
22191
18354
13373
7699
1865
-3613
-8328
-12050
-14744
-16547
-17693
-18431
-18934
-19241
-19243
-18710
-17367
-14982
-11457
-6883
-1553
4073
9452
14062
17506
19582
20313
19919
18745
17163
15467
13805
12147
10313
8037
5073
1287
-3267
-8328
-13456
-18116
-21785
-24065
-24768
-23951
-21896
-19028
-15815
-12647
-9751
-7146
-4666
-2023
1077
4831
9250
14115
19011
23395
26721
28561
28704
27204
24367
20675
16664
12802
9378
6445
3833
1216
-1772
-5409
-9781
-14721
-19828
-24540
-28256
-30482
-30944
-29657
-26921
-23245
-19226
-15398
-12111
-9452
-7239
-5094
-2565
728
4965
10045
15584
20986
25578
28767
30179
29755
27760
24720
21282
18059
15470
13644
12393
11282
9753
7294
3603
-1312
-7104
-13150
-18690
-23005
-25590
-26278
-25276
-23111
-20490
-18120
-16519
-15885
-16045
-16506
-16589
-15621
-13129
-8982
-3453
2828
9013
14239
17836
19489
19316
17833
15814
14091
13329
13846
15527
17844
19995
21112
20496
17815
13207
7266
912
-4831
-9088
-11343
-11577
-10263
-8243
-6510
-5936
-7044
-9852
-13860
-18163
-21681
-23433
-22803
-19704
-14624
-8515
-2563
2101
4690
4961
3277
517
-2150
-3571
-2915
95
5096
11155
16996
21313
23111
21957
18111
12473
6364
1202
-1858
-2218
0
3978
8403
11804
12923
11061
6263
-661
-8328
-15110
-19547
-20709
-18446
-13439
-7038
-933
3268
4451
2288
-2670
-9109
-15281
-19436
-20270
0
0
0
0
0
0
0
0
0
0
0
0
0
0
0
0
0
0
0
0
0
0
0
0
0
0
0
0
0
0
0
0
0
0
0
0
0
0
0
0
0
0
0
0
0
0
0
0
0
0
0
0
0
0
0
0
0
0
0
0
0
0
0
0
0
0
0
0
0
0
0
0
0
0
0
0
0
0
0
0
0
0
0
0
0
0
0
0
0
0
0
0
0
0
0
0
0
0
0
0
0
0
0
0
0
0
0
0
0
0
0
0
0
0
0
0
0
0
0
0
0
0
0
0
0
0
0
0
0
0
0
0
0
0
0
0
0
0
0
0
0
0
0
0
0
0
0
0
0
0
0
0
0
0
0
0
0
0
0
0
0
0
0
0
0
0
0
0
0
0
0
0
0
0
0
0
0
0
0
0
0
0
0
0
0
0
0
0
0
0
0
0
0
0
0
0
0
0
0
0
0
0
0
0
0
0
0
0
0
0
0
0
0
0
0
0
0
0
0
0
0
0
0
0
0
0
0
0
0
0
0
0
0
0
0
0
0
0
0
0
0
0
0
0
0
0
0
0
0
0
0
0
0
0
0
0
0
0
0
0
0
0
0
0
0
0
0
0
0
0
0
0
0
0
0
0
0
0
0
0
0
0
0
0
0
0
0
0
0
0
0
0
0
0
0
0
0
0
0
0
0
0
0
0
0
0
0
0
0
0
0
0
0
0
0
0
0
0
0
0
0
0
0
0
0
0
0
0
0
0
0
0
0
0
0
0
0
0
0
0
0
0
0
0
0
0
0
0
0
0
0
0
0
0
0
0
0
0
0
0
0
0
0
0
0
0
0
0
0
0
0
0
0
0
0
0
0
0
0
0
0
0
0
0
0
0
0
0
0
0
0
0
0
0
0
0
0
0
0
0
0
0
0
0
0
0
0
0
0
0
0
0
0
0
0
0
0
0
0
0
0
0
0
0
0
0
0
0
0
0
0
0
0
0
0
0
0
0
0
0
0
0
0
0
0
0
0
0
0
0
0
0
0
0
0
0
0
0
0
0
0
0
0
0
0
0
0
0
0
0
0
0
0
0
0
0
0
0
0
0
0
0
0
0
0
0
0
0
0
0
0
0
0
0
0
0
0
0
0
0
0
0
0
0
0
0
0
0
0
0
0
0
0
0
0
0
0
0
0
0
0
0
0
0
0
0
0
0
0
0
0
0
0
0
0
0
0
0
0
0
0
0
0
0
0
0
0
0
0
0
0
0
0
0
0
0
0
0
0
0
0
0
0
0
0
0
0
0
0
0
0
0
0
0
0
0
0
0
0
0
0
0
0
0
0
0
0
0
0
0
0
0
0
0
0
0
0
0
0
0
0
0
0
0
0
0
0
0
0
0
0
0
0
0
0
0
0
0
0
0
0
0
0
0
0
0
0
0
0
0
0
0
0
0
0
0
0
0
0
0
0
0
0
0
0
0
0
0
0
0
0
0
0
0
0
0
0
0
0
0
0
0
0
0
0
0
0
0
0
0
0
0
0
0
0
0
0
0
0
0
0
0
0
0
0
0
0
0
0
0
0
0
0
0
0
0
0
0
0
0
0
0
0
0
0
0
0
0
0
0
0
0
0
0
0
0
0
0
0
0
0
0
0
0
0
0
0
0
0
0
0
0
0
0
0
0
0
0
0
0
0
0
0
0
0
0
0
0
0
0
0
0
0
0
0
0
0
0
0
0
0
0
0
0
0
0
0
0
0
0
0
0
0
0
0
0
0
0
0
0
0
0
0
0
0
0
0
0
0
0
0
0
0
0
0
0
0
0
0
0
0
0
0
0
0
0
0
0
0
0
0
0
0
0
0
0
0
0
0
0
0
0
0
0
0
0
0
0
0
0
0
0
0
0
0
0
0
0
0
0
0
0
0
0
0
0
0
0
0
0
0
0
0
0
0
0
0
0
0
0
0
0
0
0
0
0
0
0
0
0
0
0
0
0
0
0
0
0
0
0
0
0
0
0
0
0
0
0
0
0
0
0
0
0
0
0
0
0
0
0
0
0
0
0
0
0
0
0
0
0
0
0
0
0
0
0
0
0
0
0
0
0
0
0
0
0
0
0
0
0
0
0
0
0
0
0
0
0
0
0
0
0
0
0
0
0
0
0
0
0
0
0
0
0
0
0
0
0
0
0
0
11408
21199
28013
30968
29785
24829
17019
7668
-1753
-9869
-15620
-18421
-18240
-15559
-11251
-6394
-2045
962
2180
1611
-300
-2784
-4915
-5817
-4869
-1851
2986
8939
14969
19890
22588
22244
18513
11618
2340
-8076
-18128
-26285
-31257
-32207
-28902
-21759
-11789
-422
10706
20038
26327
28835
27437
22616
15358
6959
-1205
-7925
-12348
-14111
-13372
-10740
-7128
-3550
-910
186
-445
-2544
-5454
-8271
-10035
-9944
-7538
-2818
3711
11118
18181
23612
26285
25460
20931
13100
2930
-8191
-18667
-26955
-31813
-32513
-28953
-21686
-11813
-808
9728
18331
23903
25874
24276
19702
13177
5951
-732
-5857
-8805
-9446
-8126
-5572
-2715
-484
391
-450
-2930
-6530
-10397
-13515
-14910
-13869
-10099
-3826
4214
12880
20801
26618
29224
27967
22789
14254
3483
-8030
-18643
-26833
-31445
-31874
-28157
-20962
-11458
-1122
8522
16144
20823
22176
20392
16163
10526
4657
-361
-3737
-5104
-4567
-2660
-207
1858
2714
1822
-932
-5202
-10231
-14987
-18362
-19391
-17466
-12466
-4829
4495
14187
22762
28827
31314
29682
24014
15027
3957
-7624
-18076
-25937
-30168
-30305
-26524
-19591
-10715
-1332
7145
13558
17189
17853
15896
12093
7472
3105
-113
-1636
-1357
379
2867
5198
6461
5952
3338
-1247
-7202
-13545
-19092
-22669
-23346
-20623
-14557
-5781
4564
15019
24023
30181
32497
30547
24557
15370
4316
-7009
-17001
-24306
-28025
-27851
-24093
-17599
-9585
-1412
5654
10662
13116
13035
10918
7606
4098
1332
-5
377
2319
5247
8293
10485
10953
9128
4885
-1397
-8879
-16382
-22596
-26312
-26649
-23234
-16289
-6635
4442
15372
24560
30648
32735
30527
24383
15255
4525
-6223
-15472
-22002
-25086
-24581
-20926
-15028
-8082
-1342
4111
7554
8729
7865
5603
2831
496
-615
-41
2244
5820
9894
13459
15497
15199
12143
6410
-1390
-10197
-18670
-25405
-29184
-29200
-25210
-17599
-7340
4154
15254
24373
30224
32023
29614
23483
14664
4555
-5315
-13551
-19106
-21443
-20591
-17108
-11942
-6239
-1110
2572
4333
4164
2500
106
-2093
-3228
-2680
-220
3912
9045
14188
18212
20085
19068
14896
7851
-1241
-11136
-20356
-27443
-31203
-30918
-26480
-18426
-7856
3732
14691
23484
28927
30379
27826
21867
13592
4381
-4332
-11313
-15716
-17208
-15997
-12745
-8423
-4096
-711
1093
1103
-440
-2905
-5411
-7024
-6967
-4799
-532
5339
11906
18005
22417
24110
22439
17293
9150
-976
-11684
-21405
-28661
-32311
-31745
-26993
-18726
-8143
3214
13722
21935
26807
27856
25210
19570
12053
3991
-3320
-8837
-11939
-12512
-10933
-7962
-4565
-1710
-150
-278
-2040
-4950
-8190
-10786
-11814
-10603
-6902
-957
6491
14330
21243
25952
27452
25202
19250
10249
-622
-11847
-21803
-29034
-32478
-31651
-26719
-18469
-8169
2638
12397
19788
23935
24525
21834
16645
10077
3376
-2327
-6211
-7898
-7496
-5547
-2894
-480
854
559
-1500
-5006
-9233
-13201
-15862
-16318
-14025
-8918
-1472
7351
16256
23814
28717
30009
27267
20691
11095
-213
-11641
-21557
-28560
-31702
-30634
-25653
-17644
-7910
2044
10773
17120
20401
20487
17793
13168
7708
2542
-1394
-3521
-3715
-2308
0
2308
3715
3521
1394
-2542
-7708
-13168
-17793
-20487
-20401
-17120
-10773
-2044
7910
17644
25653
30634
31702
28560
21557
11641
213
-11095
-20691
-27267
-30009
-28717
-23814
-16256
-7351
1472
8918
14025
16318
15862
13201
9233
5006
1500
-559
-854
480
2894
5547
7496
7898
6211
2327
-3376
-10077
-16645
-21834
-24525
-23935
-19788
-12397
-2638
8169
18469
26719
31651
32478
29034
21803
11847
622
-10249
-19250
-25202
-27452
-25952
-21243
-14330
-6491
957
6902
10603
11814
10786
8190
4950
2040
278
150
1710
4565
7962
10933
12512
11939
8837
3320
-3991
-12053
-19570
-25210
-27856
-26807
-21935
-13722
-3214
8143
18726
26993
31745
32311
28661
21405
11684
976
-9150
-17293
-22439
-24110
-22417
-18005
-11906
-5339
532
4799
6967
7024
5411
2905
440
-1103
-1093
711
4096
8423
12745
15997
17208
15716
11313
4332
-4381
-13592
-21867
-27826
-30379
-28927
-23484
-14691
-3732
7856
18426
26480
30918
31203
27443
20356
11136
1241
-7851
-14896
-19068
-20085
-18212
-14188
-9045
-3912
220
2680
3228
2093
-106
-2500
-4164
-4333
-2572
1110
6239
11942
17108
20591
21443
19106
13551
5315
-4555
-14664
-23483
-29614
-32023
-30224
-24373
-15254
-4154
7340
17599
25210
29200
29184
25405
18670
10197
1390
-6410
-12143
-15199
-15497
-13459
-9894
-5820
-2244
41
615
-496
-2831
-5603
-7865
-8729
-7554
-4111
1342
8082
15028
20926
24581
25086
22002
15472
6223
-4525
-15255
-24383
-30527
-32735
-30648
-24560
-15372
-4442
6635
16289
23234
26649
26312
22596
16382
8879
1397
-4885
-9128
-10953
-10485
-8293
-5247
-2319
-377
5
-1332
-4098
-7606
-10918
-13035
-13116
-10662
-5654
1412
9585
17599
24093
27851
28025
24306
17001
7009
-4316
-15370
-24557
-30547
-32497
-30181
-24023
-15019
-4564
5781
14557
20623
23346
22669
19092
13545
7202
1247
-3338
-5952
-6461
-5198
-2867
-379
1357
1636
113
-3105
-7472
-12093
-15896
-17853
-17189
-13558
-7145
1332
10715
19591
26524
30305
30168
25937
18076
7624
-3957
-15027
-24014
-29682
-31314
-28827
-22762
-14188
-4495
4829
12466
17466
19391
18362
14987
10231
5202
932
-1822
-2714
-1858
207
2660
4567
5104
3737
361
-4657
-10526
-16163
-20392
-22176
-20823
-16144
-8522
1122
11458
20962
28157
31874
31445
26833
18643
8030
-3483
-14254
-22789
-27967
-29224
-26618
-20801
-12880
-4214
3826
10099
13869
14910
13515
10397
6530
2930
450
-391
484
2715
5572
8126
9446
8805
5857
732
-5951
-13177
-19702
-24276
-25874
-23903
-18331
-9728
808
11813
21686
28953
32513
31813
26955
18667
8190
-2930
-13100
-20931
-25460
-26285
-23612
-18181
-11118
-3711
2818
7538
9944
10035
8271
5454
2544
445
-186
910
3550
7128
10740
13372
14111
12348
7925
1205
-6959
-15358
-22616
-27437
-28835
-26327
-20038
-10706
422
11789
21759
28902
32207
31257
26285
18128
8076
-2340
-11618
-18513
-22244
-22588
-19890
-14969
-8939
-2986
1851
4869
5817
4915
2784
300
-1611
-2180
-962
2045
6394
11251
15559
18240
18421
15620
9869
1753
-7668
-17019
-24829
-29785
-30968
-28013
-21199
-11408
0
11408
21199
28013
30968
29785
24829
17019
7668
-1753
-9869
-15620
-18421
-18240
-15559
-11251
-6394
-2045
962
2180
1611
-300
-2784
-4915
-5817
-4869
-1851
2986
8939
14969
19890
22588
22244
18513
11618
2340
-8076
-18128
-26285
-31257
-32207
-28902
-21759
-11789
-422
10706
20038
26327
28835
27437
22616
15358
6959
-1205
-7925
-12348
-14111
-13372
-10740
-7128
-3550
-910
186
-445
-2544
-5454
-8271
-10035
-9944
-7538
-2818
3711
11118
18181
23612
26285
25460
20931
13100
2930
-8191
-18667
-26955
-31813
-32513
-28953
-21686
-11813
-808
9728
18331
23903
25874
24276
19702
13177
5951
-732
-5857
-8805
-9446
-8126
-5572
-2715
-484
391
-450
-2930
-6530
-10397
-13515
-14910
-13869
-10099
-3826
4214
12880
20801
26618
29224
27967
22789
14254
3483
-8030
-18643
-26833
-31445
-31874
-28157
-20962
-11458
-1122
8522
16144
20823
22176
20392
16163
10526
4657
-361
-3737
-5104
-4567
-2660
-207
1858
2714
1822
-932
-5202
-10231
-14987
-18362
-19391
-17466
-12466
-4829
4495
14188
22762
28827
31314
29682
24014
15027
3957
-7624
-18076
-25937
-30168
-30305
-26524
-19591
-10715
-1332
7145
13558
17189
17853
15896
12093
7472
3105
-113
-1636
-1357
379
2867
5198
6461
5952
3338
-1247
-7202
-13545
-19092
-22669
-23346
-20623
-14557
-5781
4564
15019
24023
30181
32497
30547
24557
15370
4316
-7009
-17001
-24306
-28025
-27851
-24093
-17599
-9585
-1412
5654
10662
13116
13035
10918
7606
4098
1332
-5
377
2319
5247
8293
10485
10953
9128
4885
-1397
-8879
-16383
-22596
-26312
-26649
-23234
-16289
-6635
4442
15372
24560
30648
32735
30527
24383
15255
4525
-6223
-15472
-22002
-25086
-24581
-20926
-15028
-8082
-1342
4111
7554
8729
7865
5603
2831
496
-615
-41
2244
5820
9894
13459
15497
15199
12143
6410
-1390
-10197
-18670
-25405
-29184
-29200
-25210
-17599
-7340
4154
15254
24373
30224
32023
29614
23483
14664
4555
-5315
-13551
-19106
-21443
-20591
-17108
-11942
-6239
-1110
2572
4333
4164
2500
106
-2093
-3228
-2680
-220
3912
9045
14188
18212
20085
19068
14896
7851
-1241
-11136
-20356
-27443
-31203
-30918
-26480
-18426
-7856
3732
14691
23484
28927
30379
27826
21867
13592
4381
-4332
-11313
-15716
-17208
-15997
-12745
-8423
-4096
-711
1093
1103
-440
-2905
-5411
-7024
-6967
-4799
-532
5339
11906
18005
22417
24110
22439
17293
9150
-976
-11684
-21405
-28661
-32311
-31745
-26993
-18726
-8143
3214
13722
21935
26807
27856
25210
19570
12053
3991
-3320
-8837
-11939
-12512
-10933
-7962
-4565
-1710
-150
-278
-2040
-4950
-8191
-10786
-11814
-10603
-6902
-957
6491
14330
21243
25952
27452
25202
19250
10249
-622
-11847
-21803
-29034
-32478
-31651
-26719
-18469
-8169
2638
12397
19788
23935
24525
21834
16645
10077
3376
-2327
-6211
-7898
-7496
-5547
-2894
-480
854
559
-1500
-5006
-9233
-13201
-15862
-16318
-14025
-8918
-1472
7351
16256
23814
28717
30009
27267
20691
11095
-213
-11641
-21557
-28560
-31702
-30634
-25653
-17644
-7910
2044
10773
17120
20401
20487
17793
13168
7708
2542
-1394
-3521
-3715
-2308
0
2308
3715
3521
1394
-2542
-7708
-13168
-17793
-20487
-20401
-17120
-10773
-2044
7910
17644
25653
30634
31702
28560
21557
11641
213
-11095
-20691
-27267
-30009
-28717
-23814
-16256
-7351
1472
8918
14025
16318
15862
13201
9233
5006
1500
-559
-854
480
2894
5547
7496
7898
6211
2327
-3376
-10077
-16645
-21834
-24525
-23935
-19788
-12397
-2638
8169
18469
26719
31651
32478
29034
21803
11847
622
-10249
-19250
-25202
-27452
-25952
-21243
-14330
-6491
957
6902
10603
11814
10786
8190
4950
2040
278
150
1710
4565
7962
10933
12512
11939
8837
3320
-3991
-12053
-19570
-25210
-27856
-26807
-21935
-13722
-3214
8143
18726
26993
31745
32311
28661
21405
11684
976
-9150
-17293
-22439
-24110
-22417
-18005
-11906
-5339
532
4799
6967
7024
5411
2905
440
-1103
-1093
711
4096
8423
12745
15997
17208
15716
11313
4332
-4381
-13592
-21867
-27826
-30379
-28927
-23484
-14691
-3732
7856
18426
26480
30918
31203
27443
20356
11136
1241
-7851
-14896
-19068
-20085
-18212
-14187
-9045
-3912
220
2680
3228
2093
-106
-2500
-4164
-4333
-2572
1110
6239
11942
17108
20591
21443
19106
13551
5315
-4555
-14664
-23483
-29614
-32023
-30224
-24373
-15254
-4154
7340
17599
25210
29200
29184
25405
18670
10197
1390
-6410
-12143
-15199
-15497
-13459
-9894
-5820
-2244
41
615
-496
-2831
-5603
-7865
-8729
-7554
-4111
1342
8082
15028
20926
24581
25086
22002
15472
6223
-4525
-15255
-24383
-30527
-32735
-30648
-24560
-15372
-4442
6635
16289
23234
26649
26312
22596
16382
8879
1397
-4885
-9128
-10953
-10485
-8293
-5247
-2319
-377
5
-1332
-4098
-7606
-10918
-13035
-13116
-10662
-5654
1412
9585
17599
24093
27851
28025
24306
17001
7009
-4316
-15370
-24557
-30547
-32497
-30181
-24023
-15019
-4564
5781
14557
20623
23346
22669
19092
13545
7202
1247
-3338
-5952
-6461
-5198
-2867
-379
1357
1636
113
-3105
-7472
-12093
-15896
-17853
-17189
-13558
-7145
1332
10715
19591
26524
30305
30168
25937
18076
7624
-3957
-15027
-24014
-29682
-31314
-28827
-22762
-14187
-4495
4829
12466
17466
19391
18362
14987
10231
5202
932
-1822
-2714
-1858
207
2660
4567
5104
3737
361
-4657
-10526
-16163
-20392
-22176
-20823
-16144
-8522
1122
11458
20962
28157
31874
31445
26833
18643
8030
-3483
-14254
-22789
-27967
-29224
-26618
-20801
-12880
-4214
3826
10099
13869
14910
13515
10397
6530
2930
450
-391
484
2715
5572
8126
9446
8805
5857
732
-5951
-13177
-19702
-24276
-25874
-23903
-18331
-9728
808
11813
21686
28953
32513
31813
26955
18667
8190
-2930
-13100
-20931
-25460
-26285
-23612
-18181
-11118
-3711
2818
7538
9944
10035
8271
5454
2544
445
-186
910
3550
7128
10740
13372
14111
12348
7925
1205
-6959
-15358
-22616
-27437
-28835
-26327
-20038
-10706
422
11789
21759
28902
32207
31257
26285
18128
8076
-2340
-11618
-18513
-22244
-22588
-19890
-14969
-8939
-2986
1851
4869
5817
4915
2784
300
-1611
-2180
-962
2045
6394
11251
15559
18240
18421
15620
9869
1753
-7668
-17019
-24829
-29785
-30968
-28013
-21199
-11408
0
11408
21199
28013
30968
29785
24829
17019
7668
-1753
-9869
-15620
-18421
-18240
-15559
-11251
-6394
-2045
962
2180
1611
-300
-2784
-4915
-5817
-4869
-1851
2986
8939
14969
19890
22588
22244
18513
11618
2340
-8076
-18128
-26285
-31257
-32207
-28902
-21759
-11789
-422
10706
20038
26327
28835
27437
22616
15358
6959
-1205
-7925
-12348
-14111
-13372
-10740
-7128
-3550
-910
186
-445
-2544
-5454
-8271
-10035
-9944
-7538
-2818
3711
11118
18181
23612
26285
25460
20931
13100
2930
-8191
-18667
-26955
-31813
-32513
-28953
-21686
-11813
-808
9728
18331
23903
25874
24276
19702
13177
5951
-732
-5857
-8805
-9446
-8126
-5572
-2715
-484
391
-450
-2930
-6530
-10397
-13515
-14910
-13869
-10099
-3826
4214
12880
20801
26618
29224
27967
22789
14254
3483
-8030
-18643
-26833
-31445
-31874
-28157
-20962
-11458
-1122
8522
16144
20823
22176
20392
16163
10526
4657
-361
-3737
-5104
-4567
-2660
-207
1858
2714
1822
-932
-5202
-10231
-14987
-18362
-19391
-17466
-12466
-4829
4495
14188
22762
28827
31314
29682
24014
15027
3957
-7624
-18076
-25937
-30168
-30305
-26524
-19591
-10715
-1332
7145
13558
17189
17853
15896
12093
7472
3105
-113
-1636
-1357
379
2867
5198
6461
5952
3338
-1247
-7202
-13545
-19092
-22669
-23346
-20623
-14557
-5781
4564
15019
24023
30181
32497
30547
24557
15370
4316
-7009
-17001
-24306
-28025
-27851
-24093
-17599
-9585
-1412
5654
10662
13116
13035
10918
7606
4098
1332
-5
377
2319
5247
8293
10485
10953
9128
4885
-1397
-8879
-16383
-22596
-26312
-26649
-23234
-16289
-6635
4442
15372
24560
30648
32735
30527
24383
15255
4525
-6223
-15472
-22002
-25086
-24581
-20926
-15028
-8082
-1342
4111
7554
8729
7865
5603
2831
496
-615
-41
2244
5820
9894
13459
15497
15199
12143
6410
-1390
-10197
-18670
-25405
-29184
-29200
-25210
-17599
-7340
4154
15254
24373
30224
32023
29614
23483
14664
4555
-5315
-13551
-19106
-21443
-20591
-17108
-11942
-6239
-1110
2572
4333
4164
2500
106
-2093
-3228
-2680
-220
3912
9045
14188
18212
20085
19068
14896
7851
-1241
-11136
-20356
-27443
-31203
-30918
-26480
-18426
-7856
3732
14691
23484
28927
30379
27826
21867
13592
4381
-4332
-11313
-15716
-17208
-15997
-12745
-8423
-4096
-711
1093
1103
-440
-2905
-5411
-7024
-6967
-4799
-532
5339
11906
18005
22417
24110
22439
17293
9150
-976
-11684
-21405
-28661
-32311
-31745
-26993
-18726
-8143
3214
13722
21935
26807
27856
25210
19570
12053
3991
-3320
-8837
-11939
-12512
-10933
-7962
-4565
-1710
-150
-278
-2040
-4950
-8191
-10786
-11814
-10603
-6902
-957
6491
14330
21243
25952
27452
25202
19250
10249
-622
-11847
-21803
-29034
-32478
-31651
-26719
-18469
-8169
2638
12397
19788
23935
24525
21834
16645
10077
3376
-2327
-6211
-7898
-7496
-5547
-2894
-480
854
559
-1500
-5006
-9233
-13201
-15862
-16318
-14025
-8918
-1472
7351
16256
23814
28717
30009
27267
20691
11095
-213
-11641
-21557
-28560
-31702
-30634
-25653
-17644
-7910
2044
10773
17120
20401
20487
17793
13168
7708
2542
-1394
-3521
-3715
-2308
0
2308
3715
3521
1394
-2542
-7708
-13168
-17793
-20487
-20401
-17120
-10773
-2044
7910
17644
25653
30634
31702
28560
21557
11641
213
-11095
-20691
-27267
-30009
-28717
-23814
-16256
-7351
1472
8918
14025
16318
15862
13201
9233
5006
1500
-559
-854
480
2894
5547
7496
7898
6211
2327
-3376
-10077
-16645
-21834
-24525
-23935
-19788
-12397
-2638
8169
18469
26719
31651
32478
29034
21803
11847
622
-10249
-19250
-25202
-27452
-25952
-21243
-14330
-6491
957
6902
10603
11814
10786
8190
4950
2040
278
150
1710
4565
7962
10933
12512
11939
8837
3320
-3991
-12053
-19570
-25210
-27856
-26807
-21935
-13722
-3214
8143
18726
26993
31745
32311
28661
21405
11684
976
-9150
-17293
-22439
-24110
-22417
-18005
-11906
-5339
532
4799
6967
7024
5411
2905
440
-1103
-1093
711
4096
8423
12745
15997
17208
15716
11313
4332
-4381
-13592
-21867
-27826
-30379
-28927
-23484
-14691
-3732
7856
18426
26480
30918
31203
27443
20356
11136
1241
-7851
-14896
-19068
-20085
-18212
-14187
-9045
-3912
220
2680
3228
2093
-106
-2500
-4164
-4333
-2572
1110
6239
11942
17108
20591
21443
19106
13551
5315
-4555
-14664
-23483
-29614
-32023
-30224
-24373
-15254
-4154
7340
17599
25210
29200
29184
25405
18670
10197
1390
-6410
-12143
-15199
-15497
-13459
-9894
-5820
-2244
41
615
-496
-2831
-5603
-7865
-8729
-7554
-4111
1342
8082
15028
20926
24581
25086
22002
15472
6223
-4525
-15255
-24383
-30527
-32735
-30648
-24560
-15372
-4442
6635
16289
23234
26649
26312
22596
16382
8879
1397
-4885
-9128
-10953
-10485
-8293
-5247
-2319
-377
5
-1332
-4098
-7606
-10918
-13035
-13116
-10662
-5654
1412
9585
17599
24093
27851
28025
24306
17001
7009
-4316
-15370
-24557
-30547
-32497
-30181
-24023
-15019
-4564
5781
14557
20623
23346
22669
19092
13545
7202
1247
-3338
-5952
-6461
-5198
-2867
-379
1357
1636
113
-3105
-7472
-12093
-15896
-17853
-17189
-13558
-7145
1332
10715
19591
26524
30305
30168
25937
18076
7624
-3957
-15027
-24014
-29682
-31314
-28827
-22762
-14187
-4495
4829
12466
17466
19391
18362
14987
10231
5202
932
-1822
-2714
-1858
207
2660
4567
5104
3737
361
-4657
-10526
-16163
-20392
-22176
-20823
-16144
-8522
1122
11458
20962
28157
31874
31445
26833
18643
8030
-3483
-14254
-22789
-27967
-29224
-26618
-20801
-12880
-4214
3826
10099
13869
14910
13515
10397
6530
2930
450
-391
484
2715
5572
8126
9446
8805
5857
732
-5951
-13177
-19702
-24276
-25874
-23903
-18331
-9728
808
11813
21686
28953
32513
31813
26955
18667
8190
-2930
-13100
-20931
-25460
-26285
-23612
-18181
-11118
-3711
2818
7538
9944
10035
8271
5454
2544
445
-186
910
3550
7128
10740
13372
14111
12348
7925
1205
-6959
-15358
-22616
-27437
-28835
-26327
-20038
-10706
422
11789
21759
28902
32207
31257
26285
18128
8076
-2340
-11618
-18513
-22244
-22588
-19890
-14969
-8939
-2986
1851
4869
5817
4915
2784
300
-1611
-2180
-962
2045
6394
11251
15559
18240
18421
15620
9869
1753
-7668
-17019
-24829
-29785
-30968
-28013
-21199
-11408
0
11408
21199
28013
30968
29785
24829
17019
7668
-1753
-9869
-15620
-18421
-18240
-15559
-11251
-6394
-2045
962
2180
1611
-300
-2784
-4915
-5817
-4869
-1851
2986
8939
14969
19890
22588
22244
18513
11618
2340
-8076
-18128
-26285
-31257
-32207
-28902
-21759
-11789
-422
10706
20038
26327
28835
27437
22616
15358
6959
-1205
-7925
-12348
-14111
-13372
-10740
-7128
-3550
-910
186
-445
-2544
-5454
-8271
-10035
-9944
-7538
-2818
3711
11118
18181
23612
26285
25460
20931
13100
2930
-8191
-18667
-26955
-31813
-32513
-28953
-21686
-11813
-808
9728
18331
23903
25874
24276
19702
13177
5951
-732
-5857
-8805
-9446
-8126
-5572
-2715
-484
391
-450
-2930
-6530
-10397
-13515
-14910
-13869
-10099
-3826
4214
12880
20801
26618
29224
27967
22789
14254
3483
-8030
-18643
-26833
-31445
-31874
-28157
-20962
-11458
-1122
8522
16144
20823
22176
20392
16163
10526
4657
-361
-3737
-5104
-4567
-2660
-207
1858
2714
1822
-932
-5202
-10231
-14987
-18362
-19391
-17466
-12466
-4829
4495
14188
22762
28827
31314
29682
24014
15027
3957
-7624
-18076
-25937
-30168
-30305
-26524
-19591
-10715
-1332
7145
13558
17189
17853
15896
12093
7472
3105
-113
-1636
-1357
379
2867
5198
6461
5952
3338
-1247
-7202
-13545
-19092
-22669
-23346
-20623
-14557
-5781
4564
15019
24023
30181
32497
30547
24557
15370
4316
-7009
-17001
-24306
-28025
-27851
-24093
-17599
-9585
-1412
5654
10662
13116
13035
10918
7606
4098
1332
-5
377
2319
5247
8293
10485
10953
9128
4885
-1397
-8879
-16383
-22596
-26312
-26649
-23234
-16289
-6635
4442
15372
24560
30648
32735
30527
24383
15255
4525
-6223
-15472
-22002
-25086
-24581
-20926
-15028
-8082
-1342
4111
7554
8729
7865
5603
2831
496
-615
-41
2244
5820
9894
13459
15497
15199
12143
6410
-1390
-10197
-18670
-25405
-29184
-29200
-25210
-17599
-7340
4154
15254
24373
30224
32023
29614
23483
14664
4555
-5315
-13551
-19106
-21443
-20591
-17108
-11942
-6239
-1110
2572
4333
4164
2500
106
-2093
-3228
-2680
-220
3912
9045
14188
18212
20085
19068
14896
7851
-1241
-11136
-20356
-27443
-31203
-30918
-26480
-18426
-7856
3732
14691
23484
28927
30379
27826
21867
13592
4381
-4332
-11313
-15716
-17208
-15997
-12745
-8423
-4096
-711
1093
1103
-440
-2905
-5411
-7024
-6967
-4799
-532
5339
11906
18005
22417
24110
22439
17293
9150
-976
-11684
-21405
-28661
-32311
-31745
-26993
-18726
-8143
3214
13722
21935
26807
27856
25210
19570
12053
3991
-3320
-8837
-11939
-12512
-10933
-7962
-4565
-1710
-150
-278
-2040
-4950
-8191
-10786
-11814
-10603
-6902
-957
6491
14330
21243
25952
27452
25202
19250
10249
-622
-11847
-21803
-29034
-32478
-31651
-26719
-18469
-8169
2638
12397
19788
23935
24525
21834
16645
10077
3376
-2327
-6211
-7898
-7496
-5547
-2894
-480
854
559
-1500
-5006
-9233
-13201
-15862
-16318
-14025
-8918
-1472
7351
16256
23814
28717
30009
27267
20691
11095
-213
-11641
-21557
-28560
-31702
-30634
-25653
-17644
-7910
2044
10773
17120
20401
20487
17793
13168
7708
2542
-1394
-3521
-3715
-2308
0
2308
3715
3521
1394
-2542
-7708
-13168
-17793
-20487
-20401
-17120
-10773
-2044
7910
17644
25653
30634
31702
28560
21557
11641
213
-11095
-20691
-27267
-30009
-28717
-23814
-16256
-7351
1472
8918
14025
16318
15862
13201
9233
5006
1500
-559
-854
480
2894
5547
7496
7898
6211
2327
-3376
-10077
-16645
-21834
-24525
-23935
-19788
-12397
-2638
8169
18469
26719
31651
32478
29034
21803
11847
622
-10249
-19250
-25202
-27452
-25952
-21243
-14330
-6491
957
6902
10603
11814
10786
8190
4950
2040
278
150
1710
4565
7962
10933
12512
11939
8837
3320
-3991
-12053
-19570
-25210
-27856
-26807
-21935
-13722
-3214
8143
18726
26993
31745
32311
28661
21405
11684
976
-9150
-17293
-22439
-24110
-22417
-18005
-11906
-5339
532
4799
6967
7024
5411
2905
440
-1103
-1093
711
4096
8423
12745
15997
17208
15716
11313
4332
-4381
-13592
-21867
-27826
-30379
-28927
-23484
-14691
-3732
7856
18426
26480
30918
31203
27443
20356
11136
1241
-7851
-14896
-19068
-20085
-18212
-14187
-9045
-3912
220
2680
3228
2093
-106
-2500
-4164
-4333
-2572
1110
6239
11942
17108
20591
21443
19106
13551
5315
-4555
-14664
-23483
-29614
-32023
-30224
-24373
-15254
-4154
7340
17599
25210
29200
29184
25405
18670
10197
1390
-6410
-12143
-15199
-15497
-13459
-9894
-5820
-2244
41
615
-496
-2831
-5603
-7865
-8729
-7554
-4111
1342
8082
15028
20926
24581
25086
22002
15472
6223
-4525
-15255
-24383
-30527
-32735
-30648
-24560
-15372
-4442
6635
16289
23234
26649
26312
22596
16382
8879
1397
-4885
-9128
-10953
-10485
-8293
-5247
-2319
-377
5
-1332
-4098
-7606
-10918
-13035
-13116
-10662
-5654
1412
9585
17599
24093
27851
28025
24306
17001
7009
-4316
-15370
-24557
-30547
-32497
-30181
-24023
-15019
-4564
5781
14557
20623
23346
22669
19092
13545
7202
1247
-3338
-5952
-6461
-5198
-2867
-379
1357
1636
113
-3105
-7472
-12093
-15896
-17853
-17189
-13558
-7145
1332
10715
19591
26524
30305
30168
25937
18076
7624
-3957
-15027
-24014
-29682
-31314
-28827
-22762
-14187
-4495
4829
12466
17466
19391
18362
14987
10231
5202
932
-1822
-2714
-1858
207
2660
4567
5104
3737
361
-4657
-10526
-16163
-20392
-22176
-20823
-16144
-8522
1122
11458
20962
28157
31874
31445
26833
18643
8030
-3483
-14254
-22789
-27967
-29224
-26618
-20801
-12880
-4214
3826
10099
13869
14910
13515
10397
6530
2930
450
-391
484
2715
5572
8126
9446
8805
5857
732
-5951
-13177
-19702
-24276
-25874
-23903
-18331
-9728
808
11813
21686
28953
32513
31813
26955
18667
8190
-2930
-13100
-20931
-25460
-26285
-23612
-18181
-11118
-3711
2818
7538
9944
10035
8271
5454
2544
445
-186
910
3550
7128
10740
13372
14111
12348
7925
1205
-6959
-15358
-22616
-27437
-28835
-26327
-20038
-10706
422
11789
21759
28902
32207
31257
26285
18128
8076
-2340
-11618
-18513
-22244
-22588
-19890
-14969
-8939
-2986
1851
4869
5817
4915
2784
300
-1611
-2180
-962
2045
6394
11251
15559
18240
18421
15620
9869
1753
-7668
-17019
-24829
-29785
-30968
-28013
-21199
-11408
0
11408
21199
28013
30968
29785
24829
17019
7668
-1753
-9869
-15620
-18421
-18240
-15559
-11251
-6394
-2045
962
2180
1611
-300
-2784
-4915
-5817
-4869
-1851
2986
8939
14969
19890
22588
22244
18513
11618
2340
-8076
-18128
-26285
-31257
-32207
-28902
-21759
-11789
-422
10706
20038
26327
28835
27437
22616
15358
6959
-1205
-7925
-12348
-14111
-13372
-10740
-7128
-3550
-910
186
-445
-2544
-5454
-8271
-10035
-9944
-7538
-2818
3711
11118
18181
23612
26285
25460
20931
13100
2930
-8191
-18667
-26955
-31813
-32513
-28953
-21686
-11813
-808
9728
18331
23903
25874
24276
19702
13177
5951
-732
-5857
-8805
-9446
-8126
-5572
-2715
-484
391
-450
-2930
-6530
-10397
-13515
-14910
-13869
-10099
-3826
4214
12880
20801
26618
29224
27967
22789
14254
3483
-8030
-18643
-26833
-31445
-31874
-28157
-20962
-11458
-1122
8522
16144
20823
22176
20392
16163
10526
4657
-361
-3737
-5104
-4567
-2660
-207
1858
2714
1822
-932
-5202
-10231
-14987
-18362
-19391
-17466
-12466
-4829
4495
14187
22762
28827
31314
29682
24014
15027
3957
-7624
-18076
-25937
-30168
-30305
-26524
-19591
-10715
-1332
7145
13558
17189
17853
15896
12093
7472
3105
-113
-1636
-1357
379
2867
5198
6461
5952
3338
-1247
-7202
-13545
-19092
-22669
-23346
-20623
-14557
-5781
4564
15019
24023
30181
32497
30547
24557
15370
4316
-7009
-17001
-24306
-28025
-27851
-24093
-17599
-9585
-1412
5654
10662
13116
13035
10918
7606
4098
1332
-5
377
2319
5247
8293
10485
10953
9128
4885
-1397
-8879
-16383
-22596
-26312
-26649
-23234
-16289
-6635
4442
15372
24560
30648
32735
30527
24383
15255
4525
-6223
-15472
-22002
-25086
-24581
-20926
-15028
-8082
-1342
4111
7554
8729
7865
5603
2831
496
-615
-41
2244
5820
9894
13459
15497
15199
12143
6410
-1390
-10197
-18670
-25405
-29184
-29200
-25210
-17599
-7340
4154
15254
24373
30224
32023
29614
23483
14664
4555
-5315
-13551
-19106
-21443
-20591
-17108
-11942
-6239
-1110
2572
4333
4164
2500
106
-2093
-3228
-2680
-220
3912
9045
14188
18212
20085
19068
14896
7851
-1241
-11136
-20356
-27443
-31203
-30918
-26480
-18426
-7856
3732
14691
23484
28927
30379
27826
21867
13592
4381
-4332
-11313
-15716
-17208
-15997
-12745
-8423
-4096
-711
1093
1103
-440
-2905
-5411
-7024
-6967
-4799
-532
5339
11906
18005
22417
24110
22439
17293
9150
-976
-11684
-21405
-28661
-32311
-31745
-26993
-18726
-8143
3214
13722
21935
26807
27856
25210
19570
12053
3991
-3320
-8837
-11939
-12512
-10933
-7962
-4565
-1710
-150
-278
-2040
-4950
-8191
-10786
-11814
-10603
-6902
-957
6491
14330
21243
25952
27452
25202
19250
10249
-622
-11847
-21803
-29034
-32478
-31651
-26719
-18469
-8169
2638
12397
19788
23935
24525
21834
16645
10077
3376
-2327
-6211
-7898
-7496
-5547
-2894
-480
854
559
-1500
-5006
-9233
-13201
-15862
-16318
-14025
-8918
-1472
7351
16256
23814
28717
30009
27267
20691
11095
-213
-11641
-21557
-28560
-31702
-30634
-25653
-17644
-7910
2044
10773
17120
20401
20487
17793
13168
7708
2542
-1394
-3521
-3715
-2308
0
2308
3715
3521
1394
-2542
-7708
-13168
-17793
-20487
-20401
-17120
-10773
-2044
7910
17644
25653
30634
31702
28560
21557
11641
213
-11095
-20691
-27267
-30009
-28717
-23814
-16256
-7351
1472
8918
14025
16318
15862
13201
9233
5006
1500
-559
-854
480
2894
5547
7496
7898
6211
2327
-3376
-10077
-16645
-21834
-24525
-23935
-19788
-12397
-2638
8169
18469
26719
31651
32478
29034
21803
11847
622
-10249
-19250
-25202
-27452
-25952
-21243
-14330
-6491
957
6902
10603
11814
10786
8190
4950
2040
278
150
1710
4565
7962
10933
12512
11939
8837
3320
-3991
-12053
-19570
-25210
-27856
-26807
-21935
-13722
-3214
8143
18726
26993
31745
32311
28661
21405
11684
976
-9150
-17293
-22439
-24110
-22417
-18005
-11906
-5339
532
4799
6967
7024
5411
2905
440
-1103
-1093
711
4096
8423
12745
15997
17208
15716
11313
4332
-4381
-13592
-21867
-27826
-30379
-28927
-23484
-14691
-3732
7856
18426
26480
30918
31203
27443
20356
11136
1241
-7851
-14896
-19068
-20085
-18212
-14187
-9045
-3912
220
2680
3228
2093
-106
-2500
-4164
-4333
-2572
1110
6239
11942
17108
20591
21443
19106
13551
5315
-4555
-14664
-23483
-29614
-32023
-30224
-24373
-15254
-4154
7340
17599
25210
29200
29184
25405
18670
10197
1390
-6410
-12143
-15199
-15497
-13459
-9894
-5820
-2244
41
615
-496
-2831
-5603
-7865
-8729
-7554
-4111
1342
8082
15028
20926
24581
25086
22002
15472
6223
-4525
-15255
-24383
-30527
-32735
-30648
-24560
-15372
-4442
6635
16289
23234
26649
26312
22596
16382
8879
1397
-4885
-9128
-10953
-10485
-8293
-5247
-2319
-377
5
-1332
-4098
-7606
-10918
-13035
-13116
-10662
-5654
1412
9585
17599
24093
27851
28025
24306
17001
7009
-4316
-15370
-24557
-30547
-32497
-30181
-24023
-15019
-4564
5781
14557
20623
23346
22669
19092
13545
7202
1247
-3338
-5952
-6461
-5198
-2867
-379
1357
1636
113
-3105
-7472
-12093
-15896
-17853
-17189
-13558
-7145
1332
10715
19591
26524
30305
30168
25937
18076
7624
-3957
-15027
-24014
-29682
-31314
-28827
-22762
-14187
-4495
4829
12466
17466
19391
18362
14987
10231
5202
932
-1822
-2714
-1858
207
2660
4567
5104
3737
361
-4657
-10526
-16163
-20392
-22176
-20823
-16144
-8522
1122
11458
20962
28157
31874
31445
26833
18643
8030
-3483
-14254
-22789
-27967
-29224
-26618
-20801
-12880
-4214
3826
10099
13869
14910
13515
10397
6530
2930
450
-391
484
2715
5572
8126
9446
8805
5857
732
-5951
-13177
-19702
-24276
-25874
-23903
-18331
-9728
808
11813
21686
28953
32513
31813
26955
18667
8190
-2930
-13100
-20931
-25460
-26285
-23612
-18181
-11118
-3711
2818
7538
9944
10035
8271
5454
2544
445
-186
910
3550
7128
10740
13372
14111
12348
7925
1205
-6959
-15358
-22616
-27437
-28835
-26327
-20038
-10706
422
11789
21759
28902
32207
31257
26285
18128
8076
-2340
-11618
-18513
-22244
-22588
-19890
-14969
-8939
-2986
1851
4869
5817
4915
2784
300
-1611
-2180
-962
2045
6394
11251
15559
18240
18421
15620
9869
1753
-7668
-17019
-24829
-29785
-30968
-28013
-21199
-11408
