17269
10860
2323
-6503
-13675
-17624
-17552
-13646
-7044
438
6748
10116
9502
4874
-2766
-11612
-19489
-24393
-24992
-20975
-13146
-3247
6453
13713
16874
15271
9419
894
-8039
-14981
-17991
-16075
-9452
484
11483
20977
26708
27284
22529
13547
2464
-8071
-15531
-18124
-15240
-7608
2863
13539
21694
25174
22923
15258
3804
-8879
-19903
-26744
-27847
-23008
-13430
-1444
10040
18230
21115
17953
9452
-2389
-14751
-24660
-29696
-28562
-21402
-9768
3740
16081
24488
27110
23450
14470
2370
-9933
-19489
-23995
-22337
-14836
-3174
10002
21698
29260
30980
26482
16796
4110
-8737
-18907
-24204
-23562
-17269
-6882
5141
16010
23227
25144
21317
12579
836
-11371
-21439
-27272
-27724
-22829
-13764
-2566
8328
16611
20598
19566
13876
4870
-5444
-14830
-21300
-23513
-21037
-14409
-4991
5321
14505
20812
23111
21086
15278
6950
-2178
-10279
-15767
-17601
-15467
-9822
-1797
7032
14943
20394
22308
20275
14624
6366
-2997
-11743
-18255
-21326
-20385
-15618
-7946
1143
9863
16470
19603
18552
13416
5102
-4831
-14468
-21899
-25605
-24765
-19436
-10561
202
10793
19159
23661
23411
18457
9790
-852
-11321
-19489
-23676
-22989
-17506
-8259
2970
14002
22701
27390
27185
22159
13316
2383
-8538
-17386
-22537
-23111
-19117
-11435
-1619
8414
16757
21866
22839
19557
12675
3479
-6373
-15156
-21389
-24077
-22861
-18059
-10579
-1745
6935
14023
18380
19340
16806
11247
3621
-4785
-12557
-18379
-21238
-20593
-16466
-9452
-634
8577
16669
22278
24419
22671
17266
9070
-547
-9934
-17446
-21735
-21998
-18136
-10784
-1216
8878
17691
23626
25585
23172
16768
7458
-3158
-13264
-21146
-25502
-25659
-21680
-14337
-4956
4831
13373
19282
21658
20214
15302
7819
-962
-9610
-16770
-21364
-22742
-20752
-15744
-8489
-60
8328
15489
20425
22454
21302
17139
10562
2517
-5819
-13200
-18490
-20833
-19793
-15444
-8376
370
9452
17427
22985
25167
23534
18256
10098
306
-9595
-18051
-23738
-25781
-23899
-18445
-10342
-916
8328
15950
20809
22233
20100
14836
7317
-1280
-9676
-16676
-21335
-23071
-21720
-17531
-11107
-3316
4831
12303
18167
21692
22436
20294
15522
8715
749
-7315
-14367
-19391
-21614
-20635
-16499
-9718
-1216
7793
15984
22118
25243
24846
20941
14071
5225
-4317
-13185
-20136
-24233
-24981
-22385
-16923
-9452
-1064
7079
13917
18615
20664
19908
16541
11055
4160
-3299
-10441
-16433
-20571
-22346
-21500
-18059
-12350
-4978
3219
11256
18121
22898
24907
23810
19683
13021
4692
-4186
-12397
-18810
-22546
-23111
-20461
-15010
-7549
873
9116
16108
20992
23227
22631
19380
13947
7025
-575
-8021
-14540
-19489
-22393
-22979
-21192
-17198
-11380
-4318
3252
10500
16581
20738
22403
21287
17441
11278
3530
-4831
-12726
-19119
-23164
-24330
-22475
-17858
-11093
-3053
5263
12871
18928
22826
24245
23158
19803
14624
8203
1193
-5740
-11965
-16925
-20162
-21356
-20348
-17173
-12078
-5526
1827
9185
15695
20553
23111
22980
20099
14756
7561
-632
-8844
-16108
-21593
-24718
-25209
-23119
-18786
-12774
-5772
1491
8328
14156
18525
21131
21815
20554
17456
12759
6829
157
-6661
-12962
-18074
-21393
-22467
-21073
-17269
-11407
-4108
3815
11459
17953
22575
24845
24580
21894
17166
10967
3970
-3141
-9741
-15316
-19489
-22014
-22770
-21741
-19008
-14749
-9242
-2876
3856
10372
16048
20279
22562
22571
20219
15695
9452
2160
-5382
-12349
-18005
-21791
-23390
-22743
-20034
-15633
-10027
-3752
2675
8791
14203
18591
21694
23307
23278
21529
18082
13090
6866
-124
-7279
-13920
-19371
-23050
-24552
-23716
-20646
-15704
-9452
-2566
4252
10371
15295
18702
20448
20539
19094
16300
12377
7562
2112
-3683
-9486
-14901
-19489
-22805
-24451
-24142
-21768
-17438
-11484
-4439
3027
10196
16398
21097
23949
24833
23833
21195
17269
12441
7082
1521
-3964
-9127
-13732
-17535
-20273
-21685
-21548
-19726
-16225
-11226
-5098
1631
8328
14339
19077
22108
23198
22340
19731
15719
10741
5241
-379
-5798
-10778
-15145
-18756
-21466
-23111
-23512
-22505
-19986
-15959
-10586
-4196
2727
9595
15790
20750
24052
25465
24976
22770
19180
14624
9523
4248
-917
-5776
-10197
-14077
-17297
-19700
-21088
-21249
-20007
-17276
-13115
-7755
-1596
4831
10938
16157
20031
22272
22793
21697
19237
15748
11578
7027
2319
-2403
-7049
-11537
-15747
-19489
-22499
-24467
-25085
-24121
-21478
-17245
-11701
-5294
1425
7882
13568
18106
21295
23105
23647
23111
21701
19579
16838
13498
9548
4992
-89
-5505
-10937
-15966
-20131
-23004
-24269
-23789
-21632
-18059
-13479
-8369
-3188
1692
6031
9732
12810
15333
17361
18889
19825
19992
19174
17181
13920
9452
4016
-1983
-8031
-13586
-18168
-21437
-23239
-23614
-22759
-20961
-18517
-15660
-12521
-9114
-5374
-1216
3394
8381
13521
18461
22755
25952
27680
27728
26088
22961
18716
13812
8707
3772
-764
-4831
-8490
-11867
-15078
-18157
-21005
-23396
-25007
-25498
-24600
-22191
-18354
-13373
-7699
-1865
3613
8328
12050
14744
16547
17693
18431
18934
19241
19243
18710
17367
14982
11457
6883
1553
-4073
-9452
-14062
-17506
-19582
-20313
-19919
-18745
-17163
-15467
-13805
-12147
-10313
-8037
-5073
-1287
3267
8328
13456
18116
21785
24065
24768
23951
21896
19028
15815
12647
9751
7146
4666
2023
-1077
-4831
-9250
-14115
-19011
-23395
-26721
-28561
-28704
-27204
-24367
-20675
-16664
-12802
-9378
-6445
-3833
-1216
1772
5409
9781
14721
19828
24540
28256
30482
30944
29657
26921
23245
19226
15398
12111
9452
7239
5094
2565
-728
-4965
-10045
-15584
-20986
-25578
-28767
-30179
-29755
-27760
-24720
-21282
-18059
-15470
-13644
-12393
-11282
-9753
-7294
-3603
1312
7104
13150
18690
23005
25590
26278
25276
23111
20490
18120
16519
15885
16045
16506
16589
15621
13129
8982
3453
-2828
-9013
-14239
-17836
-19489
-19316
-17833
-15814
-14091
-13329
-13846
-15527
-17844
-19995
-21112
-20496
-17815
-13207
-7266
-912
4831
9088
11343
11577
10263
8243
6510
5936
7044
9852
13860
18163
21681
23433
22803
19704
14624
8515
2563
-2101
-4690
-4961
-3277
-517
2150
3571
2915
-95
-5096
-11155
-16996
-21313
-23111
-21957
-18111
-12473
-6364
-1202
1858
2218
0
-3978
-8403
-11804
-12923
-11061
-6263
661
8328
15110
19547
20709
18446
13439
7038
933
-3268
-4451
-2288
2670
9109
15281
19436
20270
-17269
-10860
-2323
6503
13675
17624
17552
13646
7044
-438
-6748
-10116
-9502
-4874
2766
11612
19489
24393
24992
20975
13146
3247
-6453
-13713
-16874
-15271
-9419
-894
8039
14981
17991
16075
9452
-484
-11483
-20977
-26708
-27284
-22529
-13547
-2464
8071
15531
18124
15240
7608
-2863
-13539
-21694
-25174
-22923
-15258
-3804
8879
19903
26744
27847
23008
13430
1444
-10040
-18230
-21115
-17953
-9452
2389
14751
24660
29696
28562
21402
9768
-3740
-16081
-24488
-27110
-23450
-14470
-2370
9933
19489
23995
22337
14836
3174
-10002
-21698
-29260
-30980
-26482
-16796
-4110
8737
18907
24204
23562
17269
6882
-5141
-16010
-23227
-25144
-21317
-12579
-836
11371
21439
27272
27724
22829
13764
2566
-8328
-16611
-20598
-19566
-13876
-4870
5444
14830
21300
23513
21037
14409
4991
-5321
-14505
-20812
-23111
-21086
-15278
-6950
2178
10279
15767
17601
15467
9822
1797
-7032
-14943
-20394
-22308
-20275
-14624
-6366
2997
11743
18255
21326
20385
15618
7946
-1143
-9863
-16470
-19603
-18552
-13416
-5102
4831
14468
21899
25605
24765
19436
10561
-202
-10793
-19159
-23661
-23411
-18457
-9790
852
11321
19489
23676
22989
17506
8259
-2970
-14002
-22701
-27390
-27185
-22159
-13316
-2383
8538
17386
22537
23111
19117
11435
1619
-8414
-16757
-21866
-22839
-19557
-12675
-3479
6373
15156
21389
24077
22861
18059
10579
1745
-6935
-14023
-18380
-19340
-16806
-11247
-3621
4785
12557
18379
21238
20593
16466
9452
634
-8577
-16669
-22278
-24419
-22671
-17266
-9070
547
9934
17446
21735
21998
18136
10784
1216
-8878
-17691
-23626
-25585
-23172
-16768
-7458
3158
13264
21146
25502
25659
21680
14337
4956
-4831
-13373
-19282
-21658
-20214
-15302
-7819
962
9610
16770
21364
22742
20752
15744
8489
60
-8328
-15489
-20425
-22454
-21302
-17139
-10562
-2517
5819
13200
18490
20833
19793
15444
8376
-370
-9452
-17427
-22985
-25167
-23534
-18256
-10098
-306
9595
18051
23738
25781
23899
18445
10342
916
-8328
-15950
-20809
-22233
-20100
-14836
-7317
1280
9676
16676
21335
23071
21720
17531
11107
3316
-4831
-12303
-18167
-21692
-22436
-20294
-15522
-8715
-749
7315
14367
19391
21614
20635
16499
9718
1216
-7793
-15984
-22118
-25243
-24846
-20941
-14071
-5225
4317
13185
20136
24233
24981
22385
16923
9452
1064
-7079
-13917
-18615
-20664
-19908
-16541
-11055
-4160
3299
10441
16433
20571
22346
21500
18059
12350
4978
-3219
-11256
-18121
-22898
-24907
-23810
-19683
-13021
-4692
4186
12397
18810
22546
23111
20461
15010
7549
-873
-9116
-16108
-20992
-23227
-22631
-19380
-13947
-7025
575
8021
14540
19489
22393
22979
21192
17198
11380
4318
-3252
-10500
-16581
-20738
-22403
-21287
-17441
-11278
-3530
4831
12726
19119
23164
24330
22475
17858
11093
3053
-5263
-12871
-18928
-22826
-24245
-23158
-19803
-14624
-8203
-1193
5740
11965
16925
20162
21356
20348
17173
12078
5526
-1827
-9185
-15695
-20553
-23111
-22980
-20099
-14756
-7561
632
8844
16108
21593
24718
25209
23119
18786
12774
5772
-1491
-8328
-14156
-18525
-21131
-21815
-20554
-17456
-12759
-6829
-157
6661
12962
18074
21393
22467
21073
17269
11407
4108
-3815
-11459
-17953
-22575
-24845
-24580
-21894
-17166
-10967
-3970
3141
9741
15316
19489
22014
22770
21741
19008
14749
9242
2876
-3856
-10372
-16048
-20279
-22562
-22571
-20219
-15695
-9452
-2160
5382
12349
18005
21791
23390
22743
20034
15633
10027
3752
-2675
-8791
-14203
-18591
-21694
-23307
-23278
-21529
-18082
-13090
-6866
124
7279
13920
19371
23050
24552
23716
20646
15704
9452
2566
-4252
-10371
-15295
-18702
-20448
-20539
-19094
-16300
-12377
-7562
-2112
3683
9486
14901
19489
22805
24451
24142
21768
17438
11484
4439
-3027
-10196
-16398
-21097
-23949
-24833
-23833
-21195
-17269
-12441
-7082
-1521
3964
9127
13732
17535
20273
21685
21548
19726
16225
11226
5098
-1631
-8328
-14339
-19077
-22108
-23198
-22340
-19731
-15719
-10741
-5241
379
5798
10778
15145
18756
21466
23111
23512
22505
19986
15959
10586
4196
-2727
-9595
-15790
-20750
-24052
-25465
-24976
-22770
-19180
-14624
-9523
-4248
917
5776
10197
14077
17297
19700
21088
21249
20007
17276
13115
7755
1596
-4831
-10938
-16157
-20031
-22272
-22793
-21697
-19237
-15748
-11578
-7027
-2319
2403
7049
11537
15747
19489
22499
24467
25085
24121
21478
17245
11701
5294
-1425
-7882
-13568
-18106
-21295
-23105
-23647
-23111
-21701
-19579
-16838
-13498
-9548
-4992
89
5505
10937
15966
20131
23004
24269
23789
21632
18059
13479
8369
3188
-1692
-6031
-9732
-12810
-15333
-17361
-18889
-19825
-19992
-19174
-17181
-13920
-9452
-4016
1983
8031
13586
18168
21437
23239
23614
22759
20961
18517
15660
12521
9114
5374
1216
-3394
-8381
-13521
-18461
-22755
-25952
-27680
-27728
-26088
-22961
-18716
-13812
-8707
-3772
764
4831
8490
11867
15078
18157
21005
23396
25007
25498
24600
22191
18354
13373
7699
1865
-3613
-8328
-12050
-14744
-16547
-17693
-18431
-18934
-19241
-19243
-18710
-17367
-14982
-11457
-6883
-1553
4073
9452
14062
17506
19582
20313
19919
18745
17163
15467
13805
12147
10313
8037
5073
1287
-3267
-8328
-13456
-18116
-21785
-24065
-24768
-23951
-21896
-19028
-15815
-12647
-9751
-7146
-4666
-2023
1077
4831
9250
14115
19011
23395
26721
28561
28704
27204
24367
20675
16664
12802
9378
6445
3833
1216
-1772
-5409
-9781
-14721
-19828
-24540
-28256
-30482
-30944
-29657
-26921
-23245
-19226
-15398
-12111
-9452
-7239
-5094
-2565
728
4965
10045
15584
20986
25578
28767
30179
29755
27760
24720
21282
18059
15470
13644
12393
11282
9753
7294
3603
-1312
-7104
-13150
-18690
-23005
-25590
-26278
-25276
-23111
-20490
-18120
-16519
-15885
-16045
-16506
-16589
-15621
-13129
-8982
-3453
2828
9013
14239
17836
19489
19316
17833
15814
14091
13329
13846
15527
17844
19995
21112
20496
17815
13207
7266
912
-4831
-9088
-11343
-11577
-10263
-8243
-6510
-5936
-7044
-9852
-13860
-18163
-21681
-23433
-22803
-19704
-14624
-8515
-2563
2101
4690
4961
3277
517
-2150
-3571
-2915
95
5096
11155
16996
21313
23111
21957
18111
12473
6364
1202
-1858
-2218
0
3978
8403
11804
12923
11061
6263
-661
-8328
-15110
-19547
-20709
-18446
-13439
-7038
-933
3268
4451
2288
-2670
-9109
-15281
-19436
-20270
-17269
-10860
-2323
6503
13675
17624
17552
13646
7044
-438
-6748
-10116
-9502
-4874
2766
11612
19489
24393
24992
20975
13146
3247
-6453
-13713
-16874
-15271
-9419
-894
8039
14981
17991
16075
9452
-484
-11483
-20977
-26708
-27284
-22529
-13547
-2464
8071
15531
18124
15240
7608
-2863
-13539
-21694
-25174
-22923
-15258
-3804
8879
19903
26744
27847
23008
13430
1444
-10040
-18230
-21115
-17953
-9452
2389
14751
24660
29696
28562
21402
9768
-3740
-16081
-24488
-27110
-23450
-14470
-2370
9933
19489
23995
22337
14836
3174
-10002
-21698
-29260
-30980
-26482
-16796
-4110
8737
18907
24204
23562
17269
6882
-5141
-16010
-23227
-25144
-21317
-12579
-836
11371
21439
27272
27724
22829
13764
2566
-8328
-16611
-20598
-19566
-13876
-4870
5444
14830
21300
23513
21037
14409
4991
-5321
-14505
-20812
-23111
-21086
-15278
-6950
2178
10279
15767
17601
15467
9822
1797
-7032
-14943
-20394
-22308
-20275
-14624
-6366
2997
11743
18255
21326
20385
15618
7946
-1143
-9863
-16470
-19603
-18552
-13416
-5102
4831
14468
21899
25605
24765
19436
10561
-202
-10793
-19159
-23661
-23411
-18457
-9790
852
11321
19489
23676
22989
17506
8259
-2970
-14002
-22701
-27390
-27185
-22159
-13316
-2383
8538
17386
22537
23111
19117
11435
1619
-8414
-16757
-21866
-22839
-19557
-12675
-3479
6373
15156
21389
24077
22861
18059
10579
1745
-6935
-14023
-18380
-19340
-16806
-11247
-3621
4785
12557
18379
21238
20593
16466
9452
634
-8577
-16669
-22278
-24419
-22671
-17266
-9070
547
9934
17446
21735
21998
18136
10784
1216
-8878
-17691
-23626
-25585
-23172
-16768
-7458
3158
13264
21146
25502
25659
21680
14337
4956
-4831
-13373
-19282
-21658
-20214
-15302
-7819
962
9610
16770
21364
22742
20752
15744
8489
60
-8328
-15489
-20425
-22454
-21302
-17139
-10562
-2517
5819
13200
18490
20833
19793
15444
8376
-370
-9452
-17427
-22985
-25167
-23534
-18256
-10098
-306
9595
18051
23738
25781
23899
18445
10342
916
-8328
-15950
-20809
-22233
-20100
-14836
-7317
1280
9676
16676
21335
23071
21720
17531
11107
3316
-4831
-12303
-18167
-21692
-22436
-20294
-15522
-8715
-749
7315
14367
19391
21614
20635
16499
9718
1216
-7793
-15984
-22118
-25243
-24846
-20941
-14071
-5225
4317
13185
20136
24233
24981
22385
16923
9452
1064
-7079
-13917
-18615
-20664
-19908
-16541
-11055
-4160
3299
10441
16433
20571
22346
21500
18059
12350
4978
-3219
-11256
-18121
-22898
-24907
-23810
-19683
-13021
-4692
4186
12397
18810
22546
23111
20461
15010
7549
-873
-9116
-16108
-20992
-23227
-22631
-19380
-13947
-7025
575
8021
14540
19489
22393
22979
21192
17198
11380
4318
-3252
-10500
-16581
-20738
-22403
-21287
-17441
-11278
-3530
4831
12726
19119
23164
24330
22475
17858
11093
3053
-5263
-12871
-18928
-22826
-24245
-23158
-19803
-14624
-8203
-1193
5740
11965
16925
20162
21356
20348
17173
12078
5526
-1827
-9185
-15695
-20553
-23111
-22980
-20099
-14756
-7561
632
8844
16108
21593
24718
25209
23119
18786
12774
5772
-1491
-8328
-14156
-18525
-21131
-21815
-20554
-17456
-12759
-6829
-157
6661
12962
18074
21393
22467
21073
17269
11407
4108
-3815
-11459
-17953
-22575
-24845
-24580
-21894
-17166
-10967
-3970
3141
9741
15316
19489
22014
22770
21741
19008
14749
9242
2876
-3856
-10372
-16048
-20279
-22562
-22571
-20219
-15695
-9452
-2160
5382
12349
18005
21791
23390
22743
20034
15633
10027
3752
-2675
-8791
-14203
-18591
-21694
-23307
-23278
-21529
-18082
-13090
-6866
124
7279
13920
19371
23050
24552
23716
20646
15704
9452
2566
-4252
-10371
-15295
-18702
-20448
-20539
-19094
-16300
-12377
-7562
-2112
3683
9486
14901
19489
22805
24451
24142
21768
17438
11484
4439
-3027
-10196
-16398
-21097
-23949
-24833
-23833
-21195
-17269
-12441
-7082
-1521
3964
9127
13732
17535
20273
21685
21548
19726
16225
11226
5098
-1631
-8328
-14339
-19077
-22108
-23198
-22340
-19731
-15719
-10741
-5241
379
5798
10778
15145
18756
21466
23111
23512
22505
19986
15959
10586
4196
-2727
-9595
-15790
-20750
-24052
-25465
-24976
-22770
-19180
-14624
-9523
-4248
917
5776
10197
14077
17297
19700
21088
21249
20007
17276
13115
7755
1596
-4831
-10938
-16157
-20031
-22272
-22793
-21697
-19237
-15748
-11578
-7027
-2319
2403
7049
11537
15747
19489
22499
24467
25085
24121
21478
17245
11701
5294
-1425
-7882
-13568
-18106
-21295
-23105
-23647
-23111
-21701
-19579
-16838
-13498
-9548
-4992
89
5505
10937
15966
20131
23004
24269
23789
21632
18059
13479
8369
3188
-1692
-6031
-9732
-12810
-15333
-17361
-18889
-19825
-19992
-19174
-17181
-13920
-9452
-4016
1983
8031
13586
18168
21437
23239
23614
22759
20961
18517
15660
12521
9114
5374
1216
-3394
-8381
-13521
-18461
-22755
-25952
-27680
-27728
-26088
-22961
-18716
-13812
-8707
-3772
764
4831
8490
11867
15078
18157
21005
23396
25007
25498
24600
22191
18354
13373
7699
1865
-3613
-8328
-12050
-14744
-16547
-17693
-18431
-18934
-19241
-19243
-18710
-17367
-14982
-11457
-6883
-1553
4073
9452
14062
17506
19582
20313
19919
18745
17163
15467
13805
12147
10313
8037
5073
1287
-3267
-8328
-13456
-18116
-21785
-24065
-24768
-23951
-21896
-19028
-15815
-12647
-9751
-7146
-4666
-2023
1077
4831
9250
14115
19011
23395
26721
28561
28704
27204
24367
20675
16664
12802
9378
6445
3833
1216
-1772
-5409
-9781
-14721
-19828
-24540
-28256
-30482
-30944
-29657
-26921
-23245
-19226
-15398
-12111
-9452
-7239
-5094
-2565
728
4965
10045
15584
20986
25578
28767
30179
29755
27760
24720
21282
18059
15470
13644
12393
11282
9753
7294
3603
-1312
-7104
-13150
-18690
-23005
-25590
-26278
-25276
-23111
-20490
-18120
-16519
-15885
-16045
-16506
-16589
-15621
-13129
-8982
-3453
2828
9013
14239
17836
19489
19316
17833
15814
14091
13329
13846
15527
17844
19995
21112
20496
17815
13207
7266
912
-4831
-9088
-11343
-11577
-10263
-8243
-6510
-5936
-7044
-9852
-13860
-18163
-21681
-23433
-22803
-19704
-14624
-8515
-2563
2101
4690
4961
3277
517
-2150
-3571
-2915
95
5096
11155
16996
21313
23111
21957
18111
12473
6364
1202
-1858
-2218
0
3978
8403
11804
12923
11061
6263
-661
-8328
-15110
-19547
-20709
-18446
-13439
-7038
-933
3268
4451
2288
-2670
-9109
-15281
-19436
-20270
-17269
-10860
-2323
6503
13675
17624
17552
13646
7044
-438
-6748
-10116
-9502
-4874
2766
11612
19489
24393
24992
20975
13146
3247
-6453
-13713
-16874
-15271
-9419
-894
8039
14981
17991
16075
9452
-484
-11483
-20977
-26708
-27284
-22529
-13547
-2464
8071
15531
18124
15240
7608
-2863
-13539
-21694
-25174
-22923
-15258
-3804
8879
19903
26744
27847
23008
13430
1444
-10040
-18230
-21115
-17953
-9452
2389
14751
24660
29696
28562
21402
9768
-3740
-16081
-24488
-27110
-23450
-14470
-2370
9933
19489
23995
22337
14836
3174
-10002
-21698
-29260
-30980
-26482
-16796
-4110
8737
18907
24204
23562
17269
6882
-5141
-16010
-23227
-25144
-21317
-12579
-836
11371
21439
27272
27724
22829
13764
2566
-8328
-16611
-20598
-19566
-13876
-4870
5444
14830
21300
23513
21037
14409
4991
-5321
-14505
-20812
-23111
-21086
-15278
-6950
2178
10279
15767
17601
15467
9822
1797
-7032
-14943
-20394
-22308
-20275
-14624
-6366
2997
11743
18255
21326
20385
15618
7946
-1143
-9863
-16470
-19603
-18552
-13416
-5102
4831
14468
21899
25605
24765
19436
10561
-202
-10793
-19159
-23661
-23411
-18457
-9790
852
11321
19489
23676
22989
17506
8259
-2970
-14002
-22701
-27390
-27185
-22159
-13316
-2383
8538
17386
22537
23111
19117
11435
1619
-8414
-16757
-21866
-22839
-19557
-12675
-3479
6373
15156
21389
24077
22861
18059
10579
1745
-6935
-14023
-18380
-19340
-16806
-11247
-3621
4785
12557
18379
21238
20593
16466
9452
634
-8577
-16669
-22278
-24419
-22671
-17266
-9070
547
9934
17446
21735
21998
18136
10784
1216
-8878
-17691
-23626
-25585
-23172
-16768
-7458
3158
13264
21146
25502
25659
21680
14337
4956
-4831
-13373
-19282
-21658
-20214
-15302
-7819
962
9610
16770
21364
22742
20752
15744
8489
60
-8328
-15489
-20425
-22454
-21302
-17139
-10562
-2517
5819
13200
18490
20833
19793
15444
8376
-370
-9452
-17427
-22985
-25167
-23534
-18256
-10098
-306
9595
18051
23738
25781
23899
18445
10342
916
-8328
-15950
-20809
-22233
-20100
-14836
-7317
1280
9676
16676
21335
23071
21720
17531
11107
3316
-4831
-12303
-18167
-21692
-22436
-20294
-15522
-8715
-749
7315
14367
19391
21614
20635
16499
9718
1216
-7793
-15984
-22118
-25243
-24846
-20941
-14071
-5225
4317
13185
20136
24233
24981
22385
16923
9452
1064
-7079
-13917
-18615
-20664
-19908
-16541
-11055
-4160
3299
10441
16433
20571
22346
21500
18059
12350
4978
-3219
-11256
-18121
-22898
-24907
-23810
-19683
-13021
-4692
4186
12397
18810
22546
23111
20461
15010
7549
-873
-9116
-16108
-20992
-23227
-22631
-19380
-13947
-7025
575
8021
14540
19489
22393
22979
21192
17198
11380
4318
-3252
-10500
-16581
-20738
-22403
-21287
-17441
-11278
-3530
4831
12726
19119
23164
24330
22475
17858
11093
3053
-5263
-12871
-18928
-22826
-24245
-23158
-19803
-14624
-8203
-1193
5740
11965
16925
20162
21356
20348
17173
12078
5526
-1827
-9185
-15695
-20553
-23111
-22980
-20099
-14756
-7561
632
8844
16108
21593
24718
25209
23119
18786
12774
5772
-1491
-8328
-14156
-18525
-21131
-21815
-20554
-17456
-12759
-6829
-157
6661
12962
18074
21393
22467
21073
17269
11407
4108
-3815
-11459
-17953
-22575
-24845
-24580
-21894
-17166
-10967
-3970
3141
9741
15316
19489
22014
22770
21741
19008
14749
9242
2876
-3856
-10372
-16048
-20279
-22562
-22571
-20219
-15695
-9452
-2160
5382
12349
18005
21791
23390
22743
20034
15633
10027
3752
-2675
-8791
-14203
-18591
-21694
-23307
-23278
-21529
-18082
-13090
-6866
124
7279
13920
19371
23050
24552
23716
20646
15704
9452
2566
-4252
-10371
-15295
-18702
-20448
-20539
-19094
-16300
-12377
-7562
-2112
3683
9486
14901
19489
22805
24451
24142
21768
17438
11484
4439
-3027
-10196
-16398
-21097
-23949
-24833
-23833
-21195
-17269
-12441
-7082
-1521
3964
9127
13732
17535
20273
21685
21548
19726
16225
11226
5098
-1631
-8328
-14339
-19077
-22108
-23198
-22340
-19731
-15719
-10741
-5241
379
5798
10778
15145
18756
21466
23111
23512
22505
19986
15959
10586
4196
-2727
-9595
-15790
-20750
-24052
-25465
-24976
-22770
-19180
-14624
-9523
-4248
917
5776
10197
14077
17297
19700
21088
21249
20007
17276
13115
7755
1596
-4831
-10938
-16157
-20031
-22272
-22793
-21697
-19237
-15748
-11578
-7027
-2319
2403
7049
11537
15747
19489
22499
24467
25085
24121
21478
17245
11701
5294
-1425
-7882
-13568
-18106
-21295
-23105
-23647
-23111
-21701
-19579
-16838
-13498
-9548
-4992
89
5505
10937
15966
20131
23004
24269
23789
21632
18059
13479
8369
3188
-1692
-6031
-9732
-12810
-15333
-17361
-18889
-19825
-19992
-19174
-17181
-13920
-9452
-4016
1983
8031
13586
18168
21437
23239
23614
22759
20961
18517
15660
12521
9114
5374
1216
-3394
-8381
-13521
-18461
-22755
-25952
-27680
-27728
-26088
-22961
-18716
-13812
-8707
-3772
764
4831
8490
11867
15078
18157
21005
23396
25007
25498
24600
22191
18354
13373
7699
1865
-3613
-8328
-12050
-14744
-16547
-17693
-18431
-18934
-19241
-19243
-18710
-17367
-14982
-11457
-6883
-1553
4073
9452
14062
17506
19582
20313
19919
18745
17163
15467
13805
12147
10313
8037
5073
1287
-3267
-8328
-13456
-18116
-21785
-24065
-24768
-23951
-21896
-19028
-15815
-12647
-9751
-7146
-4666
-2023
1077
4831
9250
14115
19011
23395
26721
28561
28704
27204
24367
20675
16664
12802
9378
6445
3833
1216
-1772
-5409
-9781
-14721
-19828
-24540
-28256
-30482
-30944
-29657
-26921
-23245
-19226
-15398
-12111
-9452
-7239
-5094
-2565
728
4965
10045
15584
20986
25578
28767
30179
29755
27760
24720
21282
18059
15470
13644
12393
11282
9753
7294
3603
-1312
-7104
-13150
-18690
-23005
-25590
-26278
-25276
-23111
-20490
-18120
-16519
-15885
-16045
-16506
-16589
-15621
-13129
-8982
-3453
2828
9013
14239
17836
19489
19316
17833
15814
14091
13329
13846
15527
17844
19995
21112
20496
17815
13207
7266
912
-4831
-9088
-11343
-11577
-10263
-8243
-6510
-5936
-7044
-9852
-13860
-18163
-21681
-23433
-22803
-19704
-14624
-8515
-2563
2101
4690
4961
3277
517
-2150
-3571
-2915
95
5096
11155
16996
21313
23111
21957
18111
12473
6364
1202
-1858
-2218
0
3978
8403
11804
12923
11061
6263
-661
-8328
-15110
-19547
-20709
-18446
-13439
-7038
-933
3268
4451
2288
-2670
-9109
-15281
-19436
-20270
-17269
-10860
-2323
6503
13675
17624
17552
13646
7044
-438
-6748
-10116
-9502
-4874
2766
11612
19489
24393
24992
20975
13146
3247
-6453
-13713
-16874
-15271
-9419
-894
8039
14981
17991
16075
9452
-484
-11483
-20977
-26708
-27284
-22529
-13547
-2464
8071
15531
18124
15240
7608
-2863
-13539
-21694
-25174
-22923
-15258
-3804
8879
19903
26744
27847
23008
13430
1444
-10040
-18230
-21115
-17953
-9452
2389
14751
24660
29696
28562
21402
9768
-3740
-16081
-24488
-27110
-23450
-14470
-2370
9933
19489
23995
22337
14836
3174
-10002
-21698
-29260
-30980
-26482
-16796
-4110
8737
18907
24204
23562
17269
6882
-5141
-16010
-23227
-25144
-21317
-12579
-836
11371
21439
27272
27724
22829
13764
2566
-8328
-16611
-20598
-19566
-13876
-4870
5444
14830
21300
23513
21037
14409
4991
-5321
-14505
-20812
-23111
-21086
-15278
-6950
2178
10279
15767
17601
15467
9822
1797
-7032
-14943
-20394
-22308
-20275
-14624
-6366
2997
11743
18255
21326
20385
15618
7946
-1143
-9863
-16470
-19603
-18552
-13416
-5102
4831
14468
21899
25605
24765
19436
10561
-202
-10793
-19159
-23661
-23411
-18457
-9790
852
11321
19489
23676
22989
17506
8259
-2970
-14002
-22701
-27390
-27185
-22159
-13316
-2383
8538
17386
22537
23111
19117
11435
1619
-8414
-16757
-21866
-22839
-19557
-12675
-3479
6373
15156
21389
24077
22861
18059
10579
1745
-6935
-14023
-18380
-19340
-16806
-11247
-3621
4785
12557
18379
21238
20593
16466
9452
634
-8577
-16669
-22278
-24419
-22671
-17266
-9070
547
9934
17446
21735
21998
18136
10784
1216
-8878
-17691
-23626
-25585
-23172
-16768
-7458
3158
13264
21146
25502
25659
21680
14337
4956
-4831
-13373
-19282
-21658
-20214
-15302
-7819
962
9610
16770
21364
22742
20752
15744
8489
60
-8328
-15489
-20425
-22454
-21302
-17139
-10562
-2517
5819
13200
18490
20833
19793
15444
8376
-370
-9452
-17427
-22985
-25167
-23534
-18256
-10098
-306
9595
18051
23738
25781
23899
18445
10342
916
-8328
-15950
-20809
-22233
-20100
-14836
-7317
1280
9676
16676
21335
23071
21720
17531
11107
3316
-4831
-12303
-18167
-21692
-22436
-20294
-15522
-8715
-749
7315
14367
19391
21614
20635
16499
9718
1216
-7793
-15984
-22118
-25243
-24846
-20941
-14071
-5225
4317
13185
20136
24233
24981
22385
16923
9452
1064
-7079
-13917
-18615
-20664
-19908
-16541
-11055
-4160
3299
10441
16433
20571
22346
21500
18059
12350
4978
-3219
-11256
-18121
-22898
-24907
-23810
-19683
-13021
-4692
4186
12397
18810
22546
23111
20461
15010
7549
-873
-9116
-16108
-20992
-23227
-22631
-19380
-13947
-7025
575
8021
14540
19489
22393
22979
21192
17198
11380
4318
-3252
-10500
-16581
-20738
-22403
-21287
-17441
-11278
-3530
4831
12726
19119
23164
24330
22475
17858
11093
3053
-5263
-12871
-18928
-22826
-24245
-23158
-19803
-14624
-8203
-1193
5740
11965
16925
20162
21356
20348
17173
12078
5526
-1827
-9185
-15695
-20553
-23111
-22980
-20099
-14756
-7561
632
8844
16108
21593
24718
25209
23119
18786
12774
5772
-1491
-8328
-14156
-18525
-21131
-21815
-20554
-17456
-12759
-6829
-157
6661
12962
18074
21393
22467
21073
17269
11407
4108
-3815
-11459
-17953
-22575
-24845
-24580
-21894
-17166
-10967
-3970
3141
9741
15316
19489
22014
22770
21741
19008
14749
9242
2876
-3856
-10372
-16048
-20279
-22562
-22571
-20219
-15695
-9452
-2160
5382
12349
18005
21791
23390
22743
20034
15633
10027
3752
-2675
-8791
-14203
-18591
-21694
-23307
-23278
-21529
-18082
-13090
-6866
124
7279
13920
19371
23050
24552
23716
20646
15704
9452
2566
-4252
-10371
-15295
-18702
-20448
-20539
-19094
-16300
-12377
-7562
-2112
3683
9486
14901
19489
22805
24451
24142
21768
17438
11484
4439
-3027
-10196
-16398
-21097
-23949
-24833
-23833
-21195
-17269
-12441
-7082
-1521
3964
9127
13732
17535
20273
21685
21548
19726
16225
11226
5098
-1631
-8328
-14339
-19077
-22108
-23198
-22340
-19731
-15719
-10741
-5241
379
5798
10778
15145
18756
21466
23111
23512
22505
19986
15959
10586
4196
-2727
-9595
-15790
-20750
-24052
-25465
-24976
-22770
-19180
-14624
-9523
-4248
917
5776
10197
14077
17297
19700
21088
21249
20007
17276
13115
7755
1596
-4831
-10938
-16157
-20031
-22272
-22793
-21697
-19237
-15748
-11578
-7027
-2319
2403
7049
11537
15747
19489
22499
24467
25085
24121
21478
17245
11701
5294
-1425
-7882
-13568
-18106
-21295
-23105
-23647
-23111
-21701
-19579
-16838
-13498
-9548
-4992
89
5505
10937
15966
20131
23004
24269
23789
21632
18059
13479
8369
3188
-1692
-6031
-9732
-12810
-15333
-17361
-18889
-19825
-19992
-19174
-17181
-13920
-9452
-4016
1983
8031
13586
18168
21437
23239
23614
22759
20961
18517
15660
12521
9114
5374
1216
-3394
-8381
-13521
-18461
-22755
-25952
-27680
-27728
-26088
-22961
-18716
-13812
-8707
-3772
764
4831
8490
11867
15078
18157
21005
23396
25007
25498
24600
22191
18354
13373
7699
1865
-3613
-8328
-12050
-14744
-16547
-17693
-18431
-18934
-19241
-19243
-18710
-17367
-14982
-11457
-6883
-1553
4073
9452
14062
17506
19582
20313
19919
18745
17163
15467
13805
12147
10313
8037
5073
1287
-3267
-8328
-13456
-18116
-21785
-24065
-24768
-23951
-21896
-19028
-15815
-12647
-9751
-7146
-4666
-2023
1077
4831
9250
14115
19011
23395
26721
28561
28704
27204
24367
20675
16664
12802
9378
6445
3833
1216
-1772
-5409
-9781
-14721
-19828
-24540
-28256
-30482
-30944
-29657
-26921
-23245
-19226
-15398
-12111
-9452
-7239
-5094
-2565
728
4965
10045
15584
20986
25578
28767
30179
29755
27760
24720
21282
18059
15470
13644
12393
11282
9753
7294
3603
-1312
-7104
-13150
-18690
-23005
-25590
-26278
-25276
-23111
-20490
-18120
-16519
-15885
-16045
-16506
-16589
-15621
-13129
-8982
-3453
2828
9013
14239
17836
19489
19316
17833
15814
14091
13329
13846
15527
17844
19995
21112
20496
17815
13207
7266
912
-4831
-9088
-11343
-11577
-10263
-8243
-6510
-5936
-7044
-9852
-13860
-18163
-21681
-23433
-22803
-19704
-14624
-8515
-2563
2101
4690
4961
3277
517
-2150
-3571
-2915
95
5096
11155
16996
21313
23111
21957
18111
12473
6364
1202
-1858
-2218
0
3978
8403
11804
12923
11061
6263
-661
-8328
-15110
-19547
-20709
-18446
-13439
-7038
-933
3268
4451
2288
-2670
-9109
-15281
-19436
-20270
-17269
-10860
-2323
6503
13675
17624
17552
13646
7044
-438
-6748
-10116
-9502
-4874
2766
11612
19489
24393
24992
20975
13146
3247
-6453
-13713
-16874
-15271
-9419
-894
8039
14981
17991
16075
9452
-484
-11483
-20977
-26708
-27284
-22529
-13547
-2464
8071
15531
18124
15240
7608
-2863
-13539
-21694
-25174
-22923
-15258
-3804
8879
19903
26744
27847
23008
13430
1444
-10040
-18230
-21115
-17953
-9452
2389
14751
24660
29696
28562
21402
9768
-3740
-16081
-24488
-27110
-23450
-14470
-2370
9933
19489
23995
22337
14836
3174
-10002
-21698
-29260
-30980
-26482
-16796
-4110
8737
18907
24204
23562
17269
6882
-5141
-16010
-23227
-25144
-21317
-12579
-836
11371
21439
27272
27724
22829
13764
2566
-8328
-16611
-20598
-19566
-13876
-4870
5444
14830
21300
23513
21037
14409
4991
-5321
-14505
-20812
-23111
-21086
-15278
-6950
2178
10279
15767
17601
15467
9822
1797
-7032
-14943
-20394
-22308
-20275
-14624
-6366
2997
11743
18255
21326
20385
15618
7946
-1143
-9863
-16470
-19603
-18552
-13416
-5102
4831
14468
21899
25605
24765
19436
10561
-202
-10793
-19159
-23661
-23411
-18457
-9790
852
11321
19489
23676
22989
17506
8259
-2970
-14002
-22701
-27390
-27185
-22159
-13316
-2383
8538
17386
22537
23111
19117
11435
1619
-8414
-16757
-21866
-22839
-19557
-12675
-3479
6373
15156
21389
24077
22861
18059
10579
1745
-6935
-14023
-18380
-19340
-16806
-11247
-3621
4785
12557
18379
21238
20593
16466
9452
634
-8577
-16669
-22278
-24419
-22671
-17266
-9070
547
9934
17446
21735
21998
18136
10784
1216
-8878
-17691
-23626
-25585
-23172
-16768
-7458
3158
13264
21146
25502
25659
21680
14337
4956
-4831
-13373
-19282
-21658
-20214
-15302
-7819
962
9610
16770
21364
22742
20752
15744
8489
60
-8328
-15489
-20425
-22454
-21302
-17139
-10562
-2517
5819
13200
18490
20833
19793
15444
8376
-370
-9452
-17427
-22985
-25167
-23534
-18256
-10098
-306
9595
18051
23738
25781
23899
18445
10342
916
-8328
-15950
-20809
-22233
-20100
-14836
-7317
1280
9676
16676
21335
23071
21720
17531
11107
3316
-4831
-12303
-18167
-21692
-22436
-20294
-15522
-8715
-749
7315
14367
19391
21614
20635
16499
9718
1216
-7793
-15984
-22118
-25243
-24846
-20941
-14071
-5225
4317
13185
20136
24233
24981
22385
16923
9452
1064
-7079
-13917
-18615
-20664
-19908
-16541
-11055
-4160
3299
10441
16433
20571
22346
21500
18059
12350
4978
-3219
-11256
-18121
-22898
-24907
-23810
-19683
-13021
-4692
4186
12397
18810
22546
23111
20461
15010
7549
-873
-9116
-16108
-20992
-23227
-22631
-19380
-13947
-7025
575
8021
14540
19489
22393
22979
21192
17198
11380
4318
-3252
-10500
-16581
-20738
-22403
-21287
-17441
-11278
-3530
4831
12726
19119
23164
24330
22475
17858
11093
3053
-5263
-12871
-18928
-22826
-24245
-23158
-19803
-14624
-8203
-1193
5740
11965
16925
20162
21356
20348
17173
12078
5526
-1827
-9185
-15695
-20553
-23111
-22980
-20099
-14756
-7561
632
8844
16108
21593
24718
25209
23119
18786
12774
5772
-1491
-8328
-14156
-18525
-21131
-21815
-20554
-17456
-12759
-6829
-157
6661
12962
18074
21393
22467
21073
17269
11407
4108
-3815
-11459
-17953
-22575
-24845
-24580
-21894
-17166
-10967
-3970
3141
9741
15316
19489
22014
22770
21741
19008
14749
9242
2876
-3856
-10372
-16048
-20279
-22562
-22571
-20219
-15695
-9452
-2160
5382
12349
18005
21791
23390
22743
20034
15633
10027
3752
-2675
-8791
-14203
-18591
-21694
-23307
-23278
-21529
-18082
-13090
-6866
124
7279
13920
19371
23050
24552
23716
20646
15704
9452
2566
-4252
-10371
-15295
-18702
-20448
-20539
-19094
-16300
-12377
-7562
-2112
3683
9486
14901
19489
22805
24451
24142
21768
17438
11484
4439
-3027
-10196
-16398
-21097
-23949
-24833
-23833
-21195
-17269
-12441
-7082
-1521
3964
9127
13732
17535
20273
21685
21548
19726
16225
11226
5098
-1631
-8328
-14339
-19077
-22108
-23198
-22340
-19731
-15719
-10741
-5241
379
5798
10778
15145
18756
21466
23111
23512
22505
19986
15959
10586
4196
-2727
-9595
-15790
-20750
-24052
-25465
-24976
-22770
-19180
-14624
-9523
-4248
917
5776
10197
14077
17297
19700
21088
21249
20007
17276
13115
7755
1596
-4831
-10938
-16157
-20031
-22272
-22793
-21697
-19237
-15748
-11578
-7027
-2319
2403
7049
11537
15747
19489
22499
24467
25085
24121
21478
17245
11701
5294
-1425
-7882
-13568
-18106
-21295
-23105
-23647
-23111
-21701
-19579
-16838
-13498
-9548
-4992
89
5505
10937
15966
20131
23004
24269
23789
21632
18059
13479
8369
3188
-1692
-6031
-9732
-12810
-15333
-17361
-18889
-19825
-19992
-19174
-17181
-13920
-9452
-4016
1983
8031
13586
18168
21437
23239
23614
22759
20961
18517
15660
12521
9114
5374
1216
-3394
-8381
-13521
-18461
-22755
-25952
-27680
-27728
-26088
-22961
-18716
-13812
-8707
-3772
764
4831
8490
11867
15078
18157
21005
23396
25007
25498
24600
22191
18354
13373
7699
1865
-3613
-8328
-12050
-14744
-16547
-17693
-18431
-18934
-19241
-19243
-18710
-17367
-14982
-11457
-6883
-1553
4073
9452
14062
17506
19582
20313
19919
18745
17163
15467
13805
12147
10313
8037
5073
1287
-3267
-8328
-13456
-18116
-21785
-24065
-24768
-23951
-21896
-19028
-15815
-12647
-9751
-7146
-4666
-2023
1077
4831
9250
14115
19011
23395
26721
28561
28704
27204
24367
20675
16664
12802
9378
6445
3833
1216
-1772
-5409
-9781
-14721
-19828
-24540
-28256
-30482
-30944
-29657
-26921
-23245
-19226
-15398
-12111
-9452
-7239
-5094
-2565
728
4965
10045
15584
20986
25578
28767
30179
29755
27760
24720
21282
18059
15470
13644
12393
11282
9753
7294
3603
-1312
-7104
-13150
-18690
-23005
-25590
-26278
-25276
-23111
-20490
-18120
-16519
-15885
-16045
-16506
-16589
-15621
-13129
-8982
-3453
2828
9013
14239
17836
19489
19316
17833
15814
14091
13329
13846
15527
17844
19995
21112
20496
17815
13207
7266
912
-4831
-9088
-11343
-11577
-10263
-8243
-6510
-5936
-7044
-9852
-13860
-18163
-21681
-23433
-22803
-19704
-14624
-8515
-2563
2101
4690
4961
3277
517
-2150
-3571
-2915
95
5096
11155
16996
21313
23111
21957
18111
12473
6364
1202
-1858
-2218
0
3978
8403
11804
12923
11061
6263
-661
-8328
-15110
-19547
-20709
-18446
-13439
-7038
-933
3268
4451
2288
-2670
-9109
-15281
-19436
-20270
17269
10860
2323
-6503
-13675
-17624
-17552
-13646
-7044
438
6748
10116
9502
4874
-2766
-11612
-19489
-24393
-24992
-20975
-13146
-3247
6453
13713
16874
15271
9419
894
-8039
-14981
-17991
-16075
-9452
484
11483
20977
26708
27284
22529
13547
2464
-8071
-15531
-18124
-15240
-7608
2863
13539
21694
25174
22923
15258
3804
-8879
-19903
-26744
-27847
-23008
-13430
-1444
10040
18230
21115
17953
9452
-2389
-14751
-24660
-29696
-28562
-21402
-9768
3740
16081
24488
27110
23450
14470
2370
-9933
-19489
-23995
-22337
-14836
-3174
10002
21698
29260
30980
26482
16796
4110
-8737
-18907
-24204
-23562
-17269
-6882
5141
16010
23227
25144
21317
12579
836
-11371
-21439
-27272
-27724
-22829
-13764
-2566
8328
16611
20598
19566
13876
4870
-5444
-14830
-21300
-23513
-21037
-14409
-4991
5321
14505
20812
23111
21086
15278
6950
-2178
-10279
-15767
-17601
-15467
-9822
-1797
7032
14943
20394
22308
20275
14624
6366
-2997
-11743
-18255
-21326
-20385
-15618
-7946
1143
9863
16470
19603
18552
13416
5102
-4831
-14468
-21899
-25605
-24765
-19436
-10561
202
10793
19159
23661
23411
18457
9790
-852
-11321
-19489
-23676
-22989
-17506
-8259
2970
14002
22701
27390
27185
22159
13316
2383
-8538
-17386
-22537
-23111
-19117
-11435
-1619
8414
16757
21866
22839
19557
12675
3479
-6373
-15156
-21389
-24077
-22861
-18059
-10579
-1745
6935
14023
18380
19340
16806
11247
3621
-4785
-12557
-18379
-21238
-20593
-16466
-9452
-634
8577
16669
22278
24419
22671
17266
9070
-547
-9934
-17446
-21735
-21998
-18136
-10784
-1216
8878
17691
23626
25585
23172
16768
7458
-3158
-13264
-21146
-25502
-25659
-21680
-14337
-4956
4831
13373
19282
21658
20214
15302
7819
-962
-9610
-16770
-21364
-22742
-20752
-15744
-8489
-60
8328
15489
20425
22454
21302
17139
10562
2517
-5819
-13200
-18490
-20833
-19793
-15444
-8376
370
9452
17427
22985
25167
23534
18256
10098
306
-9595
-18051
-23738
-25781
-23899
-18445
-10342
-916
8328
15950
20809
22233
20100
14836
7317
-1280
-9676
-16676
-21335
-23071
-21720
-17531
-11107
-3316
4831
12303
18167
21692
22436
20294
15522
8715
749
-7315
-14367
-19391
-21614
-20635
-16499
-9718
-1216
7793
15984
22118
25243
24846
20941
14071
5225
-4317
-13185
-20136
-24233
-24981
-22385
-16923
-9452
-1064
7079
13917
18615
20664
19908
16541
11055
4160
-3299
-10441
-16433
-20571
-22346
-21500
-18059
-12350
-4978
3219
11256
18121
22898
24907
23810
19683
13021
4692
-4186
-12397
-18810
-22546
-23111
-20461
-15010
-7549
873
9116
16108
20992
23227
22631
19380
13947
7025
-575
-8021
-14540
-19489
-22393
-22979
-21192
-17198
-11380
-4318
3252
10500
16581
20738
22403
21287
17441
11278
3530
-4831
-12726
-19119
-23164
-24330
-22475
-17858
-11093
-3053
5263
12871
18928
22826
24245
23158
19803
14624
8203
1193
-5740
-11965
-16925
-20162
-21356
-20348
-17173
-12078
-5526
1827
9185
15695
20553
23111
22980
20099
14756
7561
-632
-8844
-16108
-21593
-24718
-25209
-23119
-18786
-12774
-5772
1491
8328
14156
18525
21131
21815
20554
17456
12759
6829
157
-6661
-12962
-18074
-21393
-22467
-21073
-17269
-11407
-4108
3815
11459
17953
22575
24845
24580
21894
17166
10967
3970
-3141
-9741
-15316
-19489
-22014
-22770
-21741
-19008
-14749
-9242
-2876
3856
10372
16048
20279
22562
22571
20219
15695
9452
2160
-5382
-12349
-18005
-21791
-23390
-22743
-20034
-15633
-10027
-3752
2675
8791
14203
18591
21694
23307
23278
21529
18082
13090
6866
-124
-7279
-13920
-19371
-23050
-24552
-23716
-20646
-15704
-9452
-2566
4252
10371
15295
18702
20448
20539
19094
16300
12377
7562
2112
-3683
-9486
-14901
-19489
-22805
-24451
-24142
-21768
-17438
-11484
-4439
3027
10196
16398
21097
23949
24833
23833
21195
17269
12441
7082
1521
-3964
-9127
-13732
-17535
-20273
-21685
-21548
-19726
-16225
-11226
-5098
1631
8328
14339
19077
22108
23198
22340
19731
15719
10741
5241
-379
-5798
-10778
-15145
-18756
-21466
-23111
-23512
-22505
-19986
-15959
-10586
-4196
2727
9595
15790
20750
24052
25465
24976
22770
19180
14624
9523
4248
-917
-5776
-10197
-14077
-17297
-19700
-21088
-21249
-20007
-17276
-13115
-7755
-1596
4831
10938
16157
20031
22272
22793
21697
19237
15748
11578
7027
2319
-2403
-7049
-11537
-15747
-19489
-22499
-24467
-25085
-24121
-21478
-17245
-11701
-5294
1425
7882
13568
18106
21295
23105
23647
23111
21701
19579
16838
13498
9548
4992
-89
-5505
-10937
-15966
-20131
-23004
-24269
-23789
-21632
-18059
-13479
-8369
-3188
1692
6031
9732
12810
15333
17361
18889
19825
19992
19174
17181
13920
9452
4016
-1983
-8031
-13586
-18168
-21437
-23239
-23614
-22759
-20961
-18517
-15660
-12521
-9114
-5374
-1216
3394
8381
13521
18461
22755
25952
27680
27728
26088
22961
18716
13812
8707
3772
-764
-4831
-8490
-11867
-15078
-18157
-21005
-23396
-25007
-25498
-24600
-22191
-18354
-13373
-7699
-1865
3613
8328
12050
14744
16547
17693
18431
18934
19241
19243
18710
17367
14982
11457
6883
1553
-4073
-9452
-14062
-17506
-19582
-20313
-19919
-18745
-17163
-15467
-13805
-12147
-10313
-8037
-5073
-1287
3267
8328
13456
18116
21785
24065
24768
23951
21896
19028
15815
12647
9751
7146
4666
2023
-1077
-4831
-9250
-14115
-19011
-23395
-26721
-28561
-28704
-27204
-24367
-20675
-16664
-12802
-9378
-6445
-3833
-1216
1772
5409
9781
14721
19828
24540
28256
30482
30944
29657
26921
23245
19226
15398
12111
9452
7239
5094
2565
-728
-4965
-10045
-15584
-20986
-25578
-28767
-30179
-29755
-27760
-24720
-21282
-18059
-15470
-13644
-12393
-11282
-9753
-7294
-3603
1312
7104
13150
18690
23005
25590
26278
25276
23111
20490
18120
16519
15885
16045
16506
16589
15621
13129
8982
3453
-2828
-9013
-14239
-17836
-19489
-19316
-17833
-15814
-14091
-13329
-13846
-15527
-17844
-19995
-21112
-20496
-17815
-13207
-7266
-912
4831
9088
11343
11577
10263
8243
6510
5936
7044
9852
13860
18163
21681
23433
22803
19704
14624
8515
2563
-2101
-4690
-4961
-3277
-517
2150
3571
2915
-95
-5096
-11155
-16996
-21313
-23111
-21957
-18111
-12473
-6364
-1202
1858
2218
0
-3978
-8403
-11804
-12923
-11061
-6263
661
8328
15110
19547
20709
18446
13439
7038
933
-3268
-4451
-2288
2670
9109
15281
19436
20270
-17269
-10860
-2323
6503
13675
17624
17552
13646
7044
-438
-6748
-10116
-9502
-4874
2766
11612
19489
24393
24992
20975
13146
3247
-6453
-13713
-16874
-15271
-9419
-894
8039
14981
17991
16075
9452
-484
-11483
-20977
-26708
-27284
-22529
-13547
-2464
8071
15531
18124
15240
7608
-2863
-13539
-21694
-25174
-22923
-15258
-3804
8879
19903
26744
27847
23008
13430
1444
-10040
-18230
-21115
-17953
-9452
2389
14751
24660
29696
28562
21402
9768
-3740
-16081
-24488
-27110
-23450
-14470
-2370
9933
19489
23995
22337
14836
3174
-10002
-21698
-29260
-30980
-26482
-16796
-4110
8737
18907
24204
23562
17269
6882
-5141
-16010
-23227
-25144
-21317
-12579
-836
11371
21439
27272
27724
22829
13764
2566
-8328
-16611
-20598
-19566
-13876
-4870
5444
14830
21300
23513
21037
14409
4991
-5321
-14505
-20812
-23111
-21086
-15278
-6950
2178
10279
15767
17601
15467
9822
1797
-7032
-14943
-20394
-22308
-20275
-14624
-6366
2997
11743
18255
21326
20385
15618
7946
-1143
-9863
-16470
-19603
-18552
-13416
-5102
4831
14468
21899
25605
24765
19436
10561
-202
-10793
-19159
-23661
-23411
-18457
-9790
852
11321
19489
23676
22989
17506
8259
-2970
-14002
-22701
-27390
-27185
-22159
-13316
-2383
8538
17386
22537
23111
19117
11435
1619
-8414
-16757
-21866
-22839
-19557
-12675
-3479
6373
15156
21389
24077
22861
18059
10579
1745
-6935
-14023
-18380
-19340
-16806
-11247
-3621
4785
12557
18379
21238
20593
16466
9452
634
-8577
-16669
-22278
-24419
-22671
-17266
-9070
547
9934
17446
21735
21998
18136
10784
1216
-8878
-17691
-23626
-25585
-23172
-16768
-7458
3158
13264
21146
25502
25659
21680
14337
4956
-4831
-13373
-19282
-21658
-20214
-15302
-7819
962
9610
16770
21364
22742
20752
15744
8489
60
-8328
-15489
-20425
-22454
-21302
-17139
-10562
-2517
5819
13200
18490
20833
19793
15444
8376
-370
-9452
-17427
-22985
-25167
-23534
-18256
-10098
-306
9595
18051
23738
25781
23899
18445
10342
916
-8328
-15950
-20809
-22233
-20100
-14836
-7317
1280
9676
16676
21335
23071
21720
17531
11107
3316
-4831
-12303
-18167
-21692
-22436
-20294
-15522
-8715
-749
7315
14367
19391
21614
20635
16499
9718
1216
-7793
-15984
-22118
-25243
-24846
-20941
-14071
-5225
4317
13185
20136
24233
24981
22385
16923
9452
1064
-7079
-13917
-18615
-20664
-19908
-16541
-11055
-4160
3299
10441
16433
20571
22346
21500
18059
12350
4978
-3219
-11256
-18121
-22898
-24907
-23810
-19683
-13021
-4692
4186
12397
18810
22546
23111
20461
15010
7549
-873
-9116
-16108
-20992
-23227
-22631
-19380
-13947
-7025
575
8021
14540
19489
22393
22979
21192
17198
11380
4318
-3252
-10500
-16581
-20738
-22403
-21287
-17441
-11278
-3530
4831
12726
19119
23164
24330
22475
17858
11093
3053
-5263
-12871
-18928
-22826
-24245
-23158
-19803
-14624
-8203
-1193
5740
11965
16925
20162
21356
20348
17173
12078
5526
-1827
-9185
-15695
-20553
-23111
-22980
-20099
-14756
-7561
632
8844
16108
21593
24718
25209
23119
18786
12774
5772
-1491
-8328
-14156
-18525
-21131
-21815
-20554
-17456
-12759
-6829
-157
6661
12962
18074
21393
22467
21073
17269
11407
4108
-3815
-11459
-17953
-22575
-24845
-24580
-21894
-17166
-10967
-3970
3141
9741
15316
19489
22014
22770
21741
19008
14749
9242
2876
-3856
-10372
-16048
-20279
-22562
-22571
-20219
-15695
-9452
-2160
5382
12349
18005
21791
23390
22743
20034
15633
10027
3752
-2675
-8791
-14203
-18591
-21694
-23307
-23278
-21529
-18082
-13090
-6866
124
7279
13920
19371
23050
24552
23716
20646
15704
9452
2566
-4252
-10371
-15295
-18702
-20448
-20539
-19094
-16300
-12377
-7562
-2112
3683
9486
14901
19489
22805
24451
24142
21768
17438
11484
4439
-3027
-10196
-16398
-21097
-23949
-24833
-23833
-21195
-17269
-12441
-7082
-1521
3964
9127
13732
17535
20273
21685
21548
19726
16225
11226
5098
-1631
-8328
-14339
-19077
-22108
-23198
-22340
-19731
-15719
-10741
-5241
379
5798
10778
15145
18756
21466
23111
23512
22505
19986
15959
10586
4196
-2727
-9595
-15790
-20750
-24052
-25465
-24976
-22770
-19180
-14624
-9523
-4248
917
5776
10197
14077
17297
19700
21088
21249
20007
17276
13115
7755
1596
-4831
-10938
-16157
-20031
-22272
-22793
-21697
-19237
-15748
-11578
-7027
-2319
2403
7049
11537
15747
19489
22499
24467
25085
24121
21478
17245
11701
5294
-1425
-7882
-13568
-18106
-21295
-23105
-23647
-23111
-21701
-19579
-16838
-13498
-9548
-4992
89
5505
10937
15966
20131
23004
24269
23789
21632
18059
13479
8369
3188
-1692
-6031
-9732
-12810
-15333
-17361
-18889
-19825
-19992
-19174
-17181
-13920
-9452
-4016
1983
8031
13586
18168
21437
23239
23614
22759
20961
18517
15660
12521
9114
5374
1216
-3394
-8381
-13521
-18461
-22755
-25952
-27680
-27728
-26088
-22961
-18716
-13812
-8707
-3772
764
4831
8490
11867
15078
18157
21005
23396
25007
25498
24600
22191
18354
13373
7699
1865
-3613
-8328
-12050
-14744
-16547
-17693
-18431
-18934
-19241
-19243
-18710
-17367
-14982
-11457
-6883
-1553
4073
9452
14062
17506
19582
20313
19919
18745
17163
15467
13805
12147
10313
8037
5073
1287
-3267
-8328
-13456
-18116
-21785
-24065
-24768
-23951
-21896
-19028
-15815
-12647
-9751
-7146
-4666
-2023
1077
4831
9250
14115
19011
23395
26721
28561
28704
27204
24367
20675
16664
12802
9378
6445
3833
1216
-1772
-5409
-9781
-14721
-19828
-24540
-28256
-30482
-30944
-29657
-26921
-23245
-19226
-15398
-12111
-9452
-7239
-5094
-2565
728
4965
10045
15584
20986
25578
28767
30179
29755
27760
24720
21282
18059
15470
13644
12393
11282
9753
7294
3603
-1312
-7104
-13150
-18690
-23005
-25590
-26278
-25276
-23111
-20490
-18120
-16519
-15885
-16045
-16506
-16589
-15621
-13129
-8982
-3453
2828
9013
14239
17836
19489
19316
17833
15814
14091
13329
13846
15527
17844
19995
21112
20496
17815
13207
7266
912
-4831
-9088
-11343
-11577
-10263
-8243
-6510
-5936
-7044
-9852
-13860
-18163
-21681
-23433
-22803
-19704
-14624
-8515
-2563
2101
4690
4961
3277
517
-2150
-3571
-2915
95
5096
11155
16996
21313
23111
21957
18111
12473
6364
1202
-1858
-2218
0
3978
8403
11804
12923
11061
6263
-661
-8328
-15110
-19547
-20709
-18446
-13439
-7038
-933
3268
4451
2288
-2670
-9109
-15281
-19436
-20270
0
0
0
0
0
0
0
0
0
0
0
0
0
0
0
0
0
0
0
0
0
0
0
0
0
0
0
0
0
0
0
0
0
0
0
0
0
0
0
0
0
0
0
0
0
0
0
0
0
0
0
0
0
0
0
0
0
0
0
0
0
0
0
0
0
0
0
0
0
0
0
0
0
0
0
0
0
0
0
0
0
0
0
0
0
0
0
0
0
0
0
0
0
0
0
0
0
0
0
0
0
0
0
0
0
0
0
0
0
0
0
0
0
0
0
0
0
0
0
0
0
0
0
0
0
0
0
0
0
0
0
0
0
0
0
0
0
0
0
0
0
0
0
0
0
0
0
0
0
0
0
0
0
0
0
0
0
0
0
0
0
0
0
0
0
0
0
0
0
0
0
0
0
0
0
0
0
0
0
0
0
0
0
0
0
0
0
0
0
0
0
0
0
0
0
0
0
0
0
0
0
0
0
0
0
0
0
0
0
0
0
0
0
0
0
0
0
0
0
0
0
0
0
0
0
0
0
0
0
0
0
0
0
0
0
0
0
0
0
0
0
0
0
0
0
0
0
0
0
0
0
0
0
0
0
0
0
0
0
0
0
0
0
0
0
0
0
0
0
0
0
0
0
0
0
0
0
0
0
0
0
0
0
0
0
0
0
0
0
0
0
0
0
0
0
0
0
0
0
0
0
0
0
0
0
0
0
0
0
0
0
0
0
0
0
0
0
0
0
0
0
0
0
0
0
0
0
0
0
0
0
0
0
0
0
0
0
0
0
0
0
0
0
0
0
0
0
0
0
0
0
0
0
0
0
0
0
0
0
0
0
0
0
0
0
0
0
0
0
0
0
0
0
0
0
0
0
0
0
0
0
0
0
0
0
0
0
0
0
0
0
0
0
0
0
0
0
0
0
0
0
0
0
0
0
0
0
0
0
0
0
0
0
0
0
0
0
0
0
0
0
0
0
0
0
0
0
0
0
0
0
0
0
0
0
0
0
0
0
0
0
0
0
0
0
0
0
0
0
0
0
0
0
0
0
0
0
0
0
0
0
0
0
0
0
0
0
0
0
0
0
0
0
0
0
0
0
0
0
0
0
0
0
0
0
0
0
0
0
0
0
0
0
0
0
0
0
0
0
0
0
0
0
0
0
0
0
0
0
0
0
0
0
0
0
0
0
0
0
0
0
0
0
0
0
0
0
0
0
0
0
0
0
0
0
0
0
0
0
0
0
0
0
0
0
0
0
0
0
0
0
0
0
0
0
0
0
0
0
0
0
0
0
0
0
0
0
0
0
0
0
0
0
0
0
0
0
0
0
0
0
0
0
0
0
0
0
0
0
0
0
0
0
0
0
0
0
0
0
0
0
0
0
0
0
0
0
0
0
0
0
0
0
0
0
0
0
0
0
0
0
0
0
0
0
0
0
0
0
0
0
0
0
0
0
0
0
0
0
0
0
0
0
0
0
0
0
0
0
0
0
0
0
0
0
0
0
0
0
0
0
0
0
0
0
0
0
0
0
0
0
0
0
0
0
0
0
0
0
0
0
0
0
0
0
0
0
0
0
0
0
0
0
0
0
0
0
0
0
0
0
0
0
0
0
0
0
0
0
0
0
0
0
0
0
0
0
0
0
0
0
0
0
0
0
0
0
0
0
0
0
0
0
0
0
0
0
0
0
0
0
0
0
0
0
0
0
0
0
0
0
0
0
0
0
0
0
0
0
0
0
0
0
0
0
0
0
0
0
0
0
0
0
0
0
0
0
0
0
0
0
0
0
0
0
0
0
0
0
0
0
0
0
0
0
0
0
0
0
0
0
0
0
0
0
0
0
0
0
0
0
0
0
0
0
0
0
0
0
0
0
0
0
0
0
0
0
0
0
0
0
0
0
0
0
0
0
0
0
0
0
0
0
0
0
0
0
0
0
0
0
0
0
0
0
0
0
0
0
0
0
0
0
0
0
0
0
0
0
0
0
0
0
0
0
0
0
0
0
0
0
0
0
0
0
0
0
0
0
0
0
0
0
0
0
0
0
0
0
0
0
0
0
0
0
0
0
0
0
0
0
0
0
0
0
0
0
0
0
0
0
0
0
0
0
0
0
0
0
0
0
0
0
0
0
0
0
0
0
0
0
0
0
0
0
0
0
0
0
0
0
0
0
0
0
0
0
0
0
0
0
8109
15360
21009
24523
25650
24449
21281
16750
11623
6722
2801
452
13
1529
4741
9125
13961
18442
21782
23326
22648
19610
14384
7437
-532
-8687
-16157
-22159
-26100
-27652
-26795
-23817
-19271
-13898
-8519
-3925
-763
546
-125
-2603
-6431
-10940
-15340
-18830
-20717
-20509
-17990
-13254
-6694
1043
9149
16751
23035
27351
29301
28785
26017
21494
15920
10113
4887
945
-1219
-1393
332
3578
7728
12015
15636
17861
18140
16181
11996
5902
-1513
-9476
-17122
-23614
-28253
-30571
-30391
-27854
-23391
-17668
-11486
-5681
-1000
1993
3005
2037
-605
-4366
-8513
-12245
-14802
-15581
-14216
-10638
-5085
1921
9651
17254
23879
28785
31439
31591
29304
24943
19122
12627
6302
933
-2855
-4685
-4475
-2448
901
4883
8703
11584
12871
12130
9209
4266
-2250
-9658
-17133
-23817
-28933
-31892
-32369
-30351
-26130
-20271
-13529
-6750
-750
3786
6406
6944
5540
2618
-1173
-5062
-8255
-10054
-9959
-7739
-3467
2482
9485
16750
23419
28689
31919
32715
30982
26944
21106
14188
7025
463
-4767
-8141
-9408
-8625
-6146
-2562
1373
4861
7171
7739
6255
2710
-2603
-9125
-16099
-22682
-28051
-31518
-32621
-31194
-27381
-21625
-14602
-7136
-84
5777
9858
11828
11660
9629
6274
2314
-1453
-4266
-5505
-4786
-2012
2603
8569
15180
21609
27022
30690
32093
30987
27442
21829
14780
7092
-369
-6793
-11527
-14166
-14597
-13020
-9910
-5947
-1921
1381
3294
3357
1393
-2470
-7818
-13997
-20207
-25609
-29445
-31137
-30369
-27131
-21726
-14728
-6905
880
7790
13118
16383
17394
16270
13418
9476
5217
1441
-1137
-1993
-867
2202
6874
12558
18486
23829
27799
29769
29351
26462
21327
14460
6590
-1430
-8744
-14597
-18442
-20007
-19331
-16751
-12853
-8387
-4164
-933
717
445
-1793
-5743
-10874
-16467
-21700
-25772
-28006
-27954
-25451
-20648
-13991
-6165
1998
9629
15936
20308
22396
22159
19861
16031
11391
6750
2888
453
-137
1247
4432
8965
14170
19250
23390
25878
26201
24121
19709
13341
5649
-2562
-10422
-17105
-21946
-24523
-24713
-22704
-18968
-14188
-9163
-4703
-1501
-50
-564
-2958
-6850
-11625
-16508
-20685
-23413
-24121
-22497
-18534
-12531
-5062
3102
11098
18078
23326
26352
26954
25243
21625
16740
11376
6353
2414
114
-244
1336
4558
8860
13509
17695
20648
21747
20610
17147
11584
4427
-3596
-11636
-18830
-24421
-27853
-28849
-27442
-23967
-19020
-13361
-7822
-3179
-56
1169
409
-2114
-5913
-10294
-14460
-17623
-19118
-18492
-15581
-10526
-3765
4024
12015
19340
25205
28999
30369
29269
25966
20997
15097
9092
3793
-121
-2195
-2259
-446
2823
6905
11024
14382
16272
16181
13864
9381
3098
-4366
-12217
-19589
-25661
-29769
-31489
-30702
-27596
-22652
-16563
-10153
-4252
409
3307
4183
3089
369
-3388
-7436
-10970
-13254
-13714
-12029
-8179
-2448
4605
12227
19562
25772
30144
32194
31720
28840
23964
17749
10998
4558
-801
-4484
-6154
-5777
-3619
-207
3743
7437
10108
11130
10110
6944
1836
-4725
-12032
-19250
-25528
-30118
-32470
-32313
-29682
-24925
-18646
-11625
-4712
1281
5704
8141
8471
6880
3833
0
-3833
-6880
-8471
-8141
-5704
-1281
4712
11625
18646
24925
29682
32313
32470
30118
25528
19250
12032
4725
-1836
-6944
-10110
-11130
-10108
-7437
-3743
207
3619
5777
6154
4484
801
-4558
-10998
-17749
-23964
-28840
-31720
-32194
-30144
-25772
-19562
-12227
-4605
2448
8179
12029
13714
13254
10970
7436
3388
-369
-3089
-4183
-3307
-409
4252
10153
16563
22652
27596
30702
31489
29769
25661
19589
12217
4366
-3098
-9381
-13864
-16181
-16272
-14382
-11024
-6905
-2823
446
2259
2195
121
-3793
-9092
-15097
-20997
-25966
-29269
-30369
-28999
-25205
-19340
-12015
-4024
3765
10526
15581
18492
19118
17623
14460
10294
5913
2114
-409
-1169
56
3179
7822
13361
19020
23967
27442
28849
27853
24421
18830
11636
3596
-4427
-11584
-17147
-20610
-21747
-20648
-17695
-13509
-8860
-4558
-1336
244
-114
-2414
-6353
-11376
-16740
-21625
-25243
-26954
-26352
-23326
-18078
-11098
-3102
5062
12531
18534
22497
24121
23413
20685
16508
11625
6850
2958
564
50
1501
4703
9163
14187
18968
22704
24713
24523
21946
17105
10422
2562
-5649
-13341
-19709
-24121
-26201
-25878
-23390
-19250
-14170
-8965
-4432
-1247
137
-453
-2888
-6750
-11391
-16031
-19861
-22159
-22396
-20308
-15936
-9629
-1998
6165
13991
20648
25451
27954
28006
25772
21700
16467
10874
5743
1793
-445
-717
933
4164
8387
12853
16751
19331
20007
18442
14597
8744
1430
-6590
-14460
-21327
-26462
-29351
-29769
-27799
-23829
-18486
-12558
-6874
-2202
867
1993
1137
-1441
-5217
-9476
-13418
-16270
-17394
-16383
-13118
-7790
-880
6905
14728
21726
27131
30369
31137
29445
25609
20207
13997
7818
2470
-1393
-3357
-3294
-1381
1921
5947
9910
13020
14597
14166
11527
6793
369
-7092
-14780
-21829
-27442
-30987
-32093
-30690
-27022
-21609
-15180
-8569
-2603
2012
4786
5505
4266
1453
-2314
-6274
-9629
-11660
-11828
-9858
-5777
84
7136
14602
21625
27381
31194
32621
31518
28051
22682
16099
9125
2603
-2710
-6255
-7739
-7171
-4861
-1373
2562
6146
8625
9408
8141
4767
-463
-7025
-14187
-21106
-26944
-30982
-32715
-31919
-28689
-23419
-16750
-9485
-2482
3467
7739
9959
10054
8255
5062
1173
-2618
-5540
-6944
-6406
-3786
750
6750
13529
20271
26130
30351
32369
31892
28933
23817
17133
9658
2250
-4266
-9209
-12130
-12871
-11584
-8703
-4883
-901
2448
4475
4685
2855
-933
-6302
-12627
-19122
-24943
-29304
-31591
-31439
-28785
-23879
-17254
-9651
-1921
5085
10638
14216
15581
14802
12245
8513
4366
605
-2037
-3005
-1993
1000
5681
11486
17668
23391
27854
30391
30571
28253
23614
17122
9476
1513
-5902
-11996
-16181
-18140
-17861
-15636
-12015
-7728
-3578
-332
1393
1219
-945
-4887
-10113
-15920
-21494
-26017
-28785
-29301
-27351
-23035
-16751
-9149
-1043
6694
13254
17990
20509
20717
18830
15340
10940
6431
2603
125
-546
763
3925
8519
13898
19271
23817
26795
27652
26100
22159
16157
8687
532
-7437
-14384
-19610
-22648
-23326
-21782
-18442
-13961
-9125
-4741
-1529
-13
-452
-2801
-6722
-11623
-16750
-21281
-24449
-25650
-24523
-21009
-15360
-8109
0
8109
15360
21009
24523
25650
24449
21281
16750
11623
6722
2801
452
13
1529
4741
9125
13961
18442
21782
23326
22648
19610
14384
7437
-532
-8687
-16157
-22159
-26100
-27652
-26795
-23817
-19271
-13898
-8519
-3925
-763
546
-125
-2603
-6431
-10940
-15340
-18830
-20717
-20509
-17990
-13254
-6694
1043
9149
16751
23035
27351
29301
28785
26017
21494
15920
10113
4887
945
-1219
-1393
332
3578
7728
12015
15636
17861
18140
16181
11996
5902
-1513
-9476
-17122
-23614
-28253
-30571
-30391
-27854
-23391
-17668
-11486
-5681
-1000
1993
3005
2037
-605
-4366
-8513
-12245
-14802
-15581
-14216
-10638
-5085
1921
9651
17254
23879
28785
31439
31591
29304
24943
19122
12627
6302
933
-2855
-4685
-4475
-2448
901
4883
8703
11584
12871
12130
9209
4266
-2250
-9658
-17133
-23817
-28933
-31892
-32369
-30351
-26130
-20271
-13529
-6750
-750
3786
6406
6944
5540
2618
-1173
-5062
-8255
-10054
-9959
-7739
-3467
2482
9485
16750
23419
28689
31919
32715
30982
26944
21106
14188
7025
463
-4767
-8141
-9408
-8625
-6146
-2562
1373
4861
7171
7739
6255
2710
-2603
-9125
-16099
-22682
-28051
-31518
-32621
-31194
-27381
-21625
-14602
-7136
-84
5777
9858
11828
11660
9629
6274
2314
-1453
-4266
-5505
-4786
-2012
2603
8569
15180
21609
27022
30690
32093
30987
27442
21829
14780
7092
-369
-6793
-11527
-14166
-14597
-13020
-9910
-5947
-1921
1381
3294
3357
1393
-2470
-7818
-13997
-20207
-25609
-29445
-31137
-30369
-27131
-21726
-14728
-6905
880
7790
13118
16383
17394
16270
13418
9476
5217
1441
-1137
-1993
-867
2202
6874
12558
18486
23829
27799
29769
29351
26462
21327
14460
6590
-1430
-8744
-14597
-18442
-20007
-19331
-16751
-12853
-8387
-4164
-933
717
445
-1793
-5743
-10874
-16467
-21700
-25772
-28006
-27954
-25451
-20648
-13991
-6165
1998
9629
15936
20308
22396
22159
19861
16031
11391
6750
2888
453
-137
1247
4432
8965
14170
19250
23390
25878
26201
24121
19709
13341
5649
-2562
-10422
-17105
-21946
-24523
-24713
-22704
-18968
-14188
-9163
-4703
-1501
-50
-564
-2958
-6850
-11625
-16508
-20685
-23413
-24121
-22497
-18534
-12531
-5062
3102
11098
18078
23326
26352
26954
25243
21625
16740
11376
6353
2414
114
-244
1336
4558
8860
13509
17695
20648
21747
20610
17147
11584
4427
-3596
-11636
-18830
-24421
-27853
-28849
-27442
-23967
-19020
-13361
-7822
-3179
-56
1169
409
-2114
-5913
-10294
-14460
-17623
-19118
-18492
-15581
-10526
-3765
4024
12015
19340
25205
28999
30369
29269
25966
20997
15097
9092
3793
-121
-2195
-2259
-446
2823
6905
11024
14382
16272
16181
13864
9381
3098
-4366
-12217
-19589
-25661
-29769
-31489
-30702
-27596
-22652
-16563
-10153
-4252
409
3307
4183
3089
369
-3388
-7436
-10970
-13254
-13714
-12029
-8179
-2448
4605
12227
19562
25772
30144
32194
31720
28840
23964
17749
10998
4558
-801
-4484
-6154
-5777
-3619
-207
3743
7437
10108
11130
10110
6944
1836
-4725
-12032
-19250
-25528
-30118
-32470
-32313
-29682
-24925
-18646
-11625
-4712
1281
5704
8141
8471
6880
3833
0
-3833
-6880
-8471
-8141
-5704
-1281
4712
11625
18646
24925
29682
32313
32470
30118
25528
19250
12032
4725
-1836
-6944
-10110
-11130
-10108
-7437
-3743
207
3619
5777
6154
4484
801
-4558
-10998
-17749
-23964
-28840
-31720
-32194
-30144
-25772
-19562
-12227
-4605
2448
8179
12029
13714
13254
10970
7436
3388
-369
-3089
-4183
-3307
-409
4252
10153
16563
22652
27596
30702
31489
29769
25661
19589
12217
4366
-3098
-9381
-13864
-16181
-16272
-14382
-11024
-6905
-2823
446
2259
2195
121
-3793
-9092
-15097
-20997
-25966
-29269
-30369
-28999
-25205
-19340
-12015
-4024
3765
10526
15581
18492
19118
17623
14460
10294
5913
2114
-409
-1169
56
3179
7822
13361
19020
23967
27442
28849
27853
24421
18830
11636
3596
-4427
-11584
-17147
-20610
-21747
-20648
-17695
-13509
-8860
-4558
-1336
244
-114
-2414
-6353
-11376
-16740
-21625
-25243
-26954
-26352
-23326
-18078
-11098
-3102
5062
12531
18534
22497
24121
23413
20685
16508
11625
6850
2958
564
50
1501
4703
9163
14187
18968
22704
24713
24523
21946
17105
10422
2562
-5649
-13341
-19709
-24121
-26201
-25878
-23390
-19250
-14170
-8965
-4432
-1247
137
-453
-2888
-6750
-11391
-16031
-19861
-22159
-22396
-20308
-15936
-9629
-1998
6165
13991
20648
25451
27954
28006
25772
21700
16467
10874
5743
1793
-445
-717
933
4164
8387
12853
16751
19331
20007
18442
14597
8744
1430
-6590
-14460
-21327
-26462
-29351
-29769
-27799
-23829
-18486
-12558
-6874
-2202
867
1993
1137
-1441
-5217
-9476
-13418
-16270
-17394
-16383
-13118
-7790
-880
6905
14728
21726
27131
30369
31137
29445
25609
20207
13997
7818
2470
-1393
-3357
-3294
-1381
1921
5947
9910
13020
14597
14166
11527
6793
369
-7092
-14780
-21829
-27442
-30987
-32093
-30690
-27022
-21609
-15180
-8569
-2603
2012
4786
5505
4266
1453
-2314
-6274
-9629
-11660
-11828
-9858
-5777
84
7136
14602
21625
27381
31194
32621
31518
28051
22682
16099
9125
2603
-2710
-6255
-7739
-7171
-4861
-1373
2562
6146
8625
9408
8141
4767
-463
-7025
-14187
-21106
-26944
-30982
-32715
-31919
-28689
-23419
-16750
-9485
-2482
3467
7739
9959
10054
8255
5062
1173
-2618
-5540
-6944
-6406
-3786
750
6750
13529
20271
26130
30351
32369
31892
28933
23817
17133
9658
2250
-4266
-9209
-12130
-12871
-11584
-8703
-4883
-901
2448
4475
4685
2855
-933
-6302
-12627
-19122
-24943
-29304
-31591
-31439
-28785
-23879
-17254
-9651
-1921
5085
10638
14216
15581
14802
12245
8513
4366
605
-2037
-3005
-1993
1000
5681
11486
17668
23391
27854
30391
30571
28253
23614
17122
9476
1513
-5902
-11996
-16181
-18140
-17861
-15636
-12015
-7728
-3578
-332
1393
1219
-945
-4887
-10113
-15920
-21494
-26017
-28785
-29301
-27351
-23035
-16751
-9149
-1043
6694
13254
17990
20509
20717
18830
15340
10940
6431
2603
125
-546
763
3925
8519
13898
19271
23817
26795
27652
26100
22159
16157
8687
532
-7437
-14384
-19610
-22648
-23326
-21782
-18442
-13961
-9125
-4741
-1529
-13
-452
-2801
-6722
-11623
-16750
-21281
-24449
-25650
-24523
-21009
-15360
-8109
0
8109
15360
21009
24523
25650
24449
21281
16750
11623
6722
2801
452
13
1529
4741
9125
13961
18442
21782
23326
22648
19610
14384
7437
-532
-8687
-16157
-22159
-26100
-27652
-26795
-23817
-19271
-13898
-8519
-3925
-763
546
-125
-2603
-6431
-10940
-15340
-18830
-20717
-20509
-17990
-13254
-6694
1043
9149
16751
23035
27351
29301
28785
26017
21494
15920
10113
4887
945
-1219
-1393
332
3578
7728
12015
15636
17861
18140
16181
11996
5902
-1513
-9476
-17122
-23614
-28253
-30571
-30391
-27854
-23391
-17668
-11486
-5681
-1000
1993
3005
2037
-605
-4366
-8513
-12245
-14802
-15581
-14216
-10638
-5085
1921
9651
17254
23879
28785
31439
31591
29304
24943
19122
12627
6302
933
-2855
-4685
-4475
-2448
901
4883
8703
11584
12871
12130
9209
4266
-2250
-9658
-17133
-23817
-28933
-31892
-32369
-30351
-26130
-20271
-13529
-6750
-750
3786
6406
6944
5540
2618
-1173
-5062
-8255
-10054
-9959
-7739
-3467
2482
9485
16750
23419
28689
31919
32715
30982
26944
21106
14188
7025
463
-4767
-8141
-9408
-8625
-6146
-2562
1373
4861
7171
7739
6255
2710
-2603
-9125
-16099
-22682
-28051
-31518
-32621
-31194
-27381
-21625
-14602
-7136
-84
5777
9858
11828
11660
9629
6274
2314
-1453
-4266
-5505
-4786
-2012
2603
8569
15180
21609
27022
30690
32093
30987
27442
21829
14780
7092
-369
-6793
-11527
-14166
-14597
-13020
-9910
-5947
-1921
1381
3294
3357
1393
-2470
-7818
-13997
-20207
-25609
-29445
-31137
-30369
-27131
-21726
-14728
-6905
880
7790
13118
16383
17394
16270
13418
9476
5217
1441
-1137
-1993
-867
2202
6874
12558
18486
23829
27799
29769
29351
26462
21327
14460
6590
-1430
-8744
-14597
-18442
-20007
-19331
-16751
-12853
-8387
-4164
-933
717
445
-1793
-5743
-10874
-16467
-21700
-25772
-28006
-27954
-25451
-20648
-13991
-6165
1998
9629
15936
20308
22396
22159
19861
16031
11391
6750
2888
453
-137
1247
4432
8965
14170
19250
23390
25878
26201
24121
19709
13341
5649
-2562
-10422
-17105
-21946
-24523
-24713
-22704
-18968
-14188
-9163
-4703
-1501
-50
-564
-2958
-6850
-11625
-16508
-20685
-23413
-24121
-22497
-18534
-12531
-5062
3102
11098
18078
23326
26352
26954
25243
21625
16740
11376
6353
2414
114
-244
1336
4558
8860
13509
17695
20648
21747
20610
17147
11584
4427
-3596
-11636
-18830
-24421
-27853
-28849
-27442
-23967
-19020
-13361
-7822
-3179
-56
1169
409
-2114
-5913
-10294
-14460
-17623
-19118
-18492
-15581
-10526
-3765
4024
12015
19340
25205
28999
30369
29269
25966
20997
15097
9092
3793
-121
-2195
-2259
-446
2823
6905
11024
14382
16272
16181
13864
9381
3098
-4366
-12217
-19589
-25661
-29769
-31489
-30702
-27596
-22652
-16563
-10153
-4252
409
3307
4183
3089
369
-3388
-7436
-10970
-13254
-13714
-12029
-8179
-2448
4605
12227
19562
25772
30144
32194
31720
28840
23964
17749
10998
4558
-801
-4484
-6154
-5777
-3619
-207
3743
7437
10108
11130
10110
6944
1836
-4725
-12032
-19250
-25528
-30118
-32470
-32313
-29682
-24925
-18646
-11625
-4712
1281
5704
8141
8471
6880
3833
0
-3833
-6880
-8471
-8141
-5704
-1281
4712
11625
18646
24925
29682
32313
32470
30118
25528
19250
12032
4725
-1836
-6944
-10110
-11130
-10108
-7437
-3743
207
3619
5777
6154
4484
801
-4558
-10998
-17749
-23964
-28840
-31720
-32194
-30144
-25772
-19562
-12227
-4605
2448
8179
12029
13714
13254
10970
7436
3388
-369
-3089
-4183
-3307
-409
4252
10153
16563
22652
27596
30702
31489
29769
25661
19589
12217
4366
-3098
-9381
-13864
-16181
-16272
-14382
-11024
-6905
-2823
446
2259
2195
121
-3793
-9092
-15097
-20997
-25966
-29269
-30369
-28999
-25205
-19340
-12015
-4024
3765
10526
15581
18492
19118
17623
14460
10294
5913
2114
-409
-1169
56
3179
7822
13361
19020
23967
27442
28849
27853
24421
18830
11636
3596
-4427
-11584
-17147
-20610
-21747
-20648
-17695
-13509
-8860
-4558
-1336
244
-114
-2414
-6353
-11376
-16740
-21625
-25243
-26954
-26352
-23326
-18078
-11098
-3102
5062
12531
18534
22497
24121
23413
20685
16508
11625
6850
2958
564
50
1501
4703
9163
14187
18968
22704
24713
24523
21946
17105
10422
2562
-5649
-13341
-19709
-24121
-26201
-25878
-23390
-19250
-14170
-8965
-4432
-1247
137
-453
-2888
-6750
-11391
-16031
-19861
-22159
-22396
-20308
-15936
-9629
-1998
6165
13991
20648
25451
27954
28006
25772
21700
16467
10874
5743
1793
-445
-717
933
4164
8387
12853
16751
19331
20007
18442
14597
8744
1430
-6590
-14460
-21327
-26462
-29351
-29769
-27799
-23829
-18486
-12558
-6874
-2202
867
1993
1137
-1441
-5217
-9476
-13418
-16270
-17394
-16383
-13118
-7790
-880
6905
14728
21726
27131
30369
31137
29445
25609
20207
13997
7818
2470
-1393
-3357
-3294
-1381
1921
5947
9910
13020
14597
14166
11527
6793
369
-7092
-14780
-21829
-27442
-30987
-32093
-30690
-27022
-21609
-15180
-8569
-2603
2012
4786
5505
4266
1453
-2314
-6274
-9629
-11660
-11828
-9858
-5777
84
7136
14602
21625
27381
31194
32621
31518
28051
22682
16099
9125
2603
-2710
-6255
-7739
-7171
-4861
-1373
2562
6146
8625
9408
8141
4767
-463
-7025
-14187
-21106
-26944
-30982
-32715
-31919
-28689
-23419
-16750
-9485
-2482
3467
7739
9959
10054
8255
5062
1173
-2618
-5540
-6944
-6406
-3786
750
6750
13529
20271
26130
30351
32369
31892
28933
23817
17133
9658
2250
-4266
-9209
-12130
-12871
-11584
-8703
-4883
-901
2448
4475
4685
2855
-933
-6302
-12627
-19122
-24943
-29304
-31591
-31439
-28785
-23879
-17254
-9651
-1921
5085
10638
14216
15581
14802
12245
8513
4366
605
-2037
-3005
-1993
1000
5681
11486
17668
23391
27854
30391
30571
28253
23614
17122
9476
1513
-5902
-11996
-16181
-18140
-17861
-15636
-12015
-7728
-3578
-332
1393
1219
-945
-4887
-10113
-15920
-21494
-26017
-28785
-29301
-27351
-23035
-16751
-9149
-1043
6694
13254
17990
20509
20717
18830
15340
10940
6431
2603
125
-546
763
3925
8519
13898
19271
23817
26795
27652
26100
22159
16157
8687
532
-7437
-14384
-19610
-22648
-23326
-21782
-18442
-13961
-9125
-4741
-1529
-13
-452
-2801
-6722
-11623
-16750
-21281
-24449
-25650
-24523
-21009
-15360
-8109
0
8109
15360
21009
24523
25650
24449
21281
16750
11623
6722
2801
452
13
1529
4741
9125
13961
18442
21782
23326
22648
19610
14384
7437
-532
-8687
-16157
-22159
-26100
-27652
-26795
-23817
-19271
-13898
-8519
-3925
-763
546
-125
-2603
-6431
-10940
-15340
-18830
-20717
-20509
-17990
-13254
-6694
1043
9149
16751
23035
27351
29301
28785
26017
21494
15920
10113
4887
945
-1219
-1393
332
3578
7728
12015
15636
17861
18140
16181
11996
5902
-1513
-9476
-17122
-23614
-28253
-30571
-30391
-27854
-23391
-17668
-11486
-5681
-1000
1993
3005
2037
-605
-4366
-8513
-12245
-14802
-15581
-14216
-10638
-5085
1921
9651
17254
23879
28785
31439
31591
29304
24943
19122
12627
6302
933
-2855
-4685
-4475
-2448
901
4883
8703
11584
12871
12130
9209
4266
-2250
-9658
-17133
-23817
-28933
-31892
-32369
-30351
-26130
-20271
-13529
-6750
-750
3786
6406
6944
5540
2618
-1173
-5062
-8255
-10054
-9959
-7739
-3467
2482
9485
16750
23419
28689
31919
32715
30982
26944
21106
14188
7025
463
-4767
-8141
-9408
-8625
-6146
-2562
1373
4861
7171
7739
6255
2710
-2603
-9125
-16099
-22682
-28051
-31518
-32621
-31194
-27381
-21625
-14602
-7136
-84
5777
9858
11828
11660
9629
6274
2314
-1453
-4266
-5505
-4786
-2012
2603
8569
15180
21609
27022
30690
32093
30987
27442
21829
14780
7092
-369
-6793
-11527
-14166
-14597
-13020
-9910
-5947
-1921
1381
3294
3357
1393
-2470
-7818
-13997
-20207
-25609
-29445
-31137
-30369
-27131
-21726
-14728
-6905
880
7790
13118
16383
17394
16270
13418
9476
5217
1441
-1137
-1993
-867
2202
6874
12558
18486
23829
27799
29769
29351
26462
21327
14460
6590
-1430
-8744
-14597
-18442
-20007
-19331
-16751
-12853
-8387
-4164
-933
717
445
-1793
-5743
-10874
-16467
-21700
-25772
-28006
-27954
-25451
-20648
-13991
-6165
1998
9629
15936
20308
22396
22159
19861
16031
11391
6750
2888
453
-137
1247
4432
8965
14170
19250
23390
25878
26201
24121
19709
13341
5649
-2562
-10422
-17105
-21946
-24523
-24713
-22704
-18968
-14188
-9163
-4703
-1501
-50
-564
-2958
-6850
-11625
-16508
-20685
-23413
-24121
-22497
-18534
-12531
-5062
3102
11098
18078
23326
26352
26954
25243
21625
16740
11376
6353
2414
114
-244
1336
4558
8860
13509
17695
20648
21747
20610
17147
11584
4427
-3596
-11636
-18830
-24421
-27853
-28849
-27442
-23967
-19020
-13361
-7822
-3179
-56
1169
409
-2114
-5913
-10294
-14460
-17623
-19118
-18492
-15581
-10526
-3765
4024
12015
19340
25205
28999
30369
29269
25966
20997
15097
9092
3793
-121
-2195
-2259
-446
2823
6905
11024
14382
16272
16181
13864
9381
3098
-4366
-12217
-19589
-25661
-29769
-31489
-30702
-27596
-22652
-16563
-10153
-4252
409
3307
4183
3089
369
-3388
-7436
-10970
-13254
-13714
-12029
-8179
-2448
4605
12227
19562
25772
30144
32194
31720
28840
23964
17749
10998
4558
-801
-4484
-6154
-5777
-3619
-207
3743
7437
10108
11130
10110
6944
1836
-4725
-12032
-19250
-25528
-30118
-32470
-32313
-29682
-24925
-18646
-11625
-4712
1281
5704
8141
8471
6880
3833
0
-3833
-6880
-8471
-8141
-5704
-1281
4712
11625
18646
24925
29682
32313
32470
30118
25528
19250
12032
4725
-1836
-6944
-10110
-11130
-10108
-7437
-3743
207
3619
5777
6154
4484
801
-4558
-10998
-17749
-23964
-28840
-31720
-32194
-30144
-25772
-19562
-12227
-4605
2448
8179
12029
13714
13254
10970
7436
3388
-369
-3089
-4183
-3307
-409
4252
10153
16563
22652
27596
30702
31489
29769
25661
19589
12217
4366
-3098
-9381
-13864
-16181
-16272
-14382
-11024
-6905
-2823
446
2259
2195
121
-3793
-9092
-15097
-20997
-25966
-29269
-30369
-28999
-25205
-19340
-12015
-4024
3765
10526
15581
18492
19118
17623
14460
10294
5913
2114
-409
-1169
56
3179
7822
13361
19020
23967
27442
28849
27853
24421
18830
11636
3596
-4427
-11584
-17147
-20610
-21747
-20648
-17695
-13509
-8860
-4558
-1336
244
-114
-2414
-6353
-11376
-16740
-21625
-25243
-26954
-26352
-23326
-18078
-11098
-3102
5062
12531
18534
22497
24121
23413
20685
16508
11625
6850
2958
564
50
1501
4703
9163
14188
18968
22704
24713
24523
21946
17105
10422
2562
-5649
-13341
-19709
-24121
-26201
-25878
-23390
-19250
-14170
-8965
-4432
-1247
137
-453
-2888
-6750
-11391
-16031
-19861
-22159
-22396
-20308
-15936
-9629
-1998
6165
13991
20648
25451
27954
28006
25772
21700
16467
10874
5743
1793
-445
-717
933
4164
8387
12853
16751
19331
20007
18442
14597
8744
1430
-6590
-14460
-21327
-26462
-29351
-29769
-27799
-23829
-18486
-12558
-6874
-2202
867
1993
1137
-1441
-5217
-9476
-13418
-16270
-17394
-16383
-13118
-7790
-880
6905
14728
21726
27131
30369
31137
29445
25609
20207
13997
7818
2470
-1393
-3357
-3294
-1381
1921
5947
9910
13020
14597
14166
11527
6793
369
-7092
-14780
-21829
-27442
-30987
-32093
-30690
-27022
-21609
-15180
-8569
-2603
2012
4786
5505
4266
1453
-2314
-6274
-9629
-11660
-11828
-9858
-5777
84
7136
14602
21625
27381
31194
32621
31518
28051
22682
16099
9125
2603
-2710
-6255
-7739
-7171
-4861
-1373
2562
6146
8625
9408
8141
4767
-463
-7025
-14187
-21106
-26944
-30982
-32715
-31919
-28689
-23419
-16750
-9485
-2482
3467
7739
9959
10054
8255
5062
1173
-2618
-5540
-6944
-6406
-3786
750
6750
13529
20271
26130
30351
32369
31892
28933
23817
17133
9658
2250
-4266
-9209
-12130
-12871
-11584
-8703
-4883
-901
2448
4475
4685
2855
-933
-6302
-12627
-19122
-24943
-29304
-31591
-31439
-28785
-23879
-17254
-9651
-1921
5085
10638
14216
15581
14802
12245
8513
4366
605
-2037
-3005
-1993
1000
5681
11486
17668
23391
27854
30391
30571
28253
23614
17122
9476
1513
-5902
-11996
-16181
-18140
-17861
-15636
-12015
-7728
-3578
-332
1393
1219
-945
-4887
-10113
-15920
-21494
-26017
-28785
-29301
-27351
-23035
-16751
-9149
-1043
6694
13254
17990
20509
20717
18830
15340
10940
6431
2603
125
-546
763
3925
8519
13898
19271
23817
26795
27652
26100
22159
16157
8687
532
-7437
-14384
-19610
-22648
-23326
-21782
-18442
-13961
-9125
-4741
-1529
-13
-452
-2801
-6722
-11623
-16750
-21281
-24449
-25650
-24523
-21009
-15360
-8109
0
8109
15360
21009
24523
25650
24449
21281
16750
11623
6722
2801
452
13
1529
4741
9125
13961
18442
21782
23326
22648
19610
14384
7437
-532
-8687
-16157
-22159
-26100
-27652
-26795
-23817
-19271
-13898
-8519
-3925
-763
546
-125
-2603
-6431
-10940
-15340
-18830
-20717
-20509
-17990
-13254
-6694
1043
9149
16751
23035
27351
29301
28785
26017
21494
15920
10113
4887
945
-1219
-1393
332
3578
7728
12015
15636
17861
18140
16181
11996
5902
-1513
-9476
-17122
-23614
-28253
-30571
-30391
-27854
-23391
-17668
-11486
-5681
-1000
1993
3005
2037
-605
-4366
-8513
-12245
-14802
-15581
-14216
-10638
-5085
1921
9651
17254
23879
28785
31439
31591
29304
24943
19122
12627
6302
933
-2855
-4685
-4475
-2448
901
4883
8703
11584
12871
12130
9209
4266
-2250
-9658
-17133
-23817
-28933
-31892
-32369
-30351
-26130
-20271
-13529
-6750
-750
3786
6406
6944
5540
2618
-1173
-5062
-8255
-10054
-9959
-7739
-3467
2482
9485
16750
23419
28689
31919
32715
30982
26944
21106
14188
7025
463
-4767
-8141
-9408
-8625
-6146
-2562
1373
4861
7171
7739
6255
2710
-2603
-9125
-16099
-22682
-28051
-31518
-32621
-31194
-27381
-21625
-14602
-7136
-84
5777
9858
11828
11660
9629
6274
2314
-1453
-4266
-5505
-4786
-2012
2603
8569
15180
21609
27022
30690
32093
30987
27442
21829
14780
7092
-369
-6793
-11527
-14166
-14597
-13020
-9910
-5947
-1921
1381
3294
3357
1393
-2470
-7818
-13997
-20207
-25609
-29445
-31137
-30369
-27131
-21726
-14728
-6905
880
7790
13118
16383
17394
16270
13418
9476
5217
1441
-1137
-1993
-867
2202
6874
12558
18486
23829
27799
29769
29351
26462
21327
14460
6590
-1430
-8744
-14597
-18442
-20007
-19331
-16751
-12853
-8387
-4164
-933
717
445
-1793
-5743
-10874
-16467
-21700
-25772
-28006
-27954
-25451
-20648
-13991
-6165
1998
9629
15936
20308
22396
22159
19861
16031
11391
6750
2888
453
-137
1247
4432
8965
14170
19250
23390
25878
26201
24121
19709
13341
5649
-2562
-10422
-17105
-21946
-24523
-24713
-22704
-18968
-14188
-9163
-4703
-1501
-50
-564
-2958
-6850
-11625
-16508
-20685
-23413
-24121
-22497
-18534
-12531
-5062
3102
11098
18078
23326
26352
26954
25243
21625
16740
11376
6353
2414
114
-244
1336
4558
8860
13509
17695
20648
21747
20610
17147
11584
4427
-3596
-11636
-18830
-24421
-27853
-28849
-27442
-23967
-19020
-13361
-7822
-3179
-56
1169
409
-2114
-5913
-10294
-14460
-17623
-19118
-18492
-15581
-10526
-3765
4024
12015
19340
25205
28999
30369
29269
25966
20997
15097
9092
3793
-121
-2195
-2259
-446
2823
6905
11024
14382
16272
16181
13864
9381
3098
-4366
-12217
-19589
-25661
-29769
-31489
-30702
-27596
-22652
-16563
-10153
-4252
409
3307
4183
3089
369
-3388
-7436
-10970
-13254
-13714
-12029
-8179
-2448
4605
12227
19562
25772
30144
32194
31720
28840
23964
17749
10998
4558
-801
-4484
-6154
-5777
-3619
-207
3743
7437
10108
11130
10110
6944
1836
-4725
-12032
-19250
-25528
-30118
-32470
-32313
-29682
-24925
-18646
-11625
-4712
1281
5704
8141
8471
6880
3833
0
-3833
-6880
-8471
-8141
-5704
-1281
4712
11625
18646
24925
29682
32313
32470
30118
25528
19250
12032
4725
-1836
-6944
-10110
-11130
-10108
-7437
-3743
207
3619
5777
6154
4484
801
-4558
-10998
-17749
-23964
-28840
-31720
-32194
-30144
-25772
-19562
-12227
-4605
2448
8179
12029
13714
13254
10970
7436
3388
-369
-3089
-4183
-3307
-409
4252
10153
16563
22652
27596
30702
31489
29769
25661
19589
12217
4366
-3098
-9381
-13864
-16181
-16272
-14382
-11024
-6905
-2823
446
2259
2195
121
-3793
-9092
-15097
-20997
-25966
-29269
-30369
-28999
-25205
-19340
-12015
-4024
3765
10526
15581
18492
19118
17623
14460
10294
5913
2114
-409
-1169
56
3179
7822
13361
19020
23967
27442
28849
27853
24421
18830
11636
3596
-4427
-11584
-17147
-20610
-21747
-20648
-17695
-13509
-8860
-4558
-1336
244
-114
-2414
-6353
-11376
-16740
-21625
-25243
-26954
-26352
-23326
-18078
-11098
-3102
5062
12531
18534
22497
24121
23413
20685
16508
11625
6850
2958
564
50
1501
4703
9163
14187
18968
22704
24713
24523
21946
17105
10422
2562
-5649
-13341
-19709
-24121
-26201
-25878
-23390
-19250
-14170
-8965
-4432
-1247
137
-453
-2888
-6750
-11391
-16031
-19861
-22159
-22396
-20308
-15936
-9629
-1998
6165
13991
20648
25451
27954
28006
25772
21700
16467
10874
5743
1793
-445
-717
933
4164
8387
12853
16751
19331
20007
18442
14597
8744
1430
-6590
-14460
-21327
-26462
-29351
-29769
-27799
-23829
-18486
-12558
-6874
-2202
867
1993
1137
-1441
-5217
-9476
-13418
-16270
-17394
-16383
-13118
-7790
-880
6905
14728
21726
27131
30369
31137
29445
25609
20207
13997
7818
2470
-1393
-3357
-3294
-1381
1921
5947
9910
13020
14597
14166
11527
6793
369
-7092
-14780
-21829
-27442
-30987
-32093
-30690
-27022
-21609
-15180
-8569
-2603
2012
4786
5505
4266
1453
-2314
-6274
-9629
-11660
-11828
-9858
-5777
84
7136
14602
21625
27381
31194
32621
31518
28051
22682
16099
9125
2603
-2710
-6255
-7739
-7171
-4861
-1373
2562
6146
8625
9408
8141
4767
-463
-7025
-14187
-21106
-26944
-30982
-32715
-31919
-28689
-23419
-16750
-9485
-2482
3467
7739
9959
10054
8255
5062
1173
-2618
-5540
-6944
-6406
-3786
750
6750
13529
20271
26130
30351
32369
31892
28933
23817
17133
9658
2250
-4266
-9209
-12130
-12871
-11584
-8703
-4883
-901
2448
4475
4685
2855
-933
-6302
-12627
-19122
-24943
-29304
-31591
-31439
-28785
-23879
-17254
-9651
-1921
5085
10638
14216
15581
14802
12245
8513
4366
605
-2037
-3005
-1993
1000
5681
11486
17668
23391
27854
30391
30571
28253
23614
17122
9476
1513
-5902
-11996
-16181
-18140
-17861
-15636
-12015
-7728
-3578
-332
1393
1219
-945
-4887
-10113
-15920
-21494
-26017
-28785
-29301
-27351
-23035
-16751
-9149
-1043
6694
13254
17990
20509
20717
18830
15340
10940
6431
2603
125
-546
763
3925
8519
13898
19271
23817
26795
27652
26100
22159
16157
8687
532
-7437
-14384
-19610
-22648
-23326
-21782
-18442
-13961
-9125
-4741
-1529
-13
-452
-2801
-6722
-11623
-16750
-21281
-24449
-25650
-24523
-21009
-15360
-8109
