0
4278
8485
12550
16402
19973
23203
26035
28419
30314
31684
32507
32766
32456
31581
30156
28203
25758
22860
19561
15917
11991
7852
3573
-771
-5106
-9352
-13436
-17284
-20829
-24006
-26759
-29038
-30801
-32015
-32660
-32720
-32196
-31094
-29434
-27244
-24563
-21439
-17925
-14087
-9991
-5712
-1327
3083
7441
11667
15683
19415
22796
25762
28259
30239
31667
32514
32764
32412
31462
29931
27847
25247
22178
18696
14865
10755
6443
2009
-2465
-6896
-11201
-15299
-19113
-22570
-25606
-28162
-30190
-31650
-32514
-32764
-32394
-31411
-29832
-27686
-25012
-21861
-18292
-14372
-10175
-5781
-1274
3259
7733
12062
16161
19951
23359
26318
28771
30668
31973
32659
32711
32127
30919
29107
26727
23823
20452
16679
12577
8226
3711
-879
-5455
-9926
-14204
-18204
-21846
-25058
-27775
-29942
-31516
-32464
-32766
-32415
-31417
-29790
-27567
-24790
-21514
-17805
-13736
-9388
-4849
-209
4437
8997
13377
17489
21248
24578
27411
29687
31359
32393
32765
32468
31507
29899
27676
24884
21579
17828
13707
9301
4700
0
-4703
-9311
-13729
-17864
-21629
-24947
-27746
-29968
-31566
-32503
-32761
-32332
-31225
-29460
-27076
-24119
-20653
-16748
-12488
-7961
-3263
1506
6246
10856
15238
19298
22949
26112
28719
30713
32051
32702
32651
31900
30461
28366
25658
22395
18646
14492
10022
5332
524
-4298
-9029
-13567
-17811
-21669
-25055
-27896
-30127
-31699
-32577
-32739
-32182
-30916
-28967
-26379
-23206
-19519
-15397
-10932
-6222
-1372
3511
8320
12945
17284
21240
24723
27655
29968
31611
32545
32748
32214
30954
28995
26381
23169
19431
15252
10724
5950
1038
-3899
-8751
-13405
-17757
-21705
-25159
-28038
-30277
-31822
-32637
-32702
-32014
-30588
-28456
-25665
-22280
-18377
-14047
-9388
-4509
477
5455
10308
14924
19194
23018
26305
28979
30974
32243
32756
32498
31476
29711
27244
24133
20449
16280
11722
6884
1880
-3170
-8148
-12935
-17416
-21484
-25041
-28000
-30291
-31856
-32659
-32677
-31909
-30373
-28105
-25157
-21600
-17520
-13013
-8189
-3163
1941
7001
11893
16499
20705
24407
27516
29953
31659
32589
32721
32049
30590
28377
25463
21921
17836
13307
8448
3377
-1780
-6896
-11843
-16499
-20746
-24479
-27603
-30040
-31727
-32621
-32699
-31957
-30413
-28105
-25088
-21439
-17247
-12618
-7668
-2522
2689
7836
12787
17416
21605
25247
28248
30530
32035
32723
32574
31592
29801
27244
23987
20112
15718
10917
5832
595
-4660
-9798
-14685
-19194
-23208
-26622
-29345
-31307
-32455
-32757
-32206
-30813
-28614
-25665
-22043
-17841
-13169
-8148
-2911
2405
7661
12717
17440
21705
25397
28419
30689
32146
32750
32483
31352
29385
26633
23169
19084
14487
9500
4255
-1105
-6439
-11603
-16457
-20870
-24723
-27911
-30346
-31961
-32712
-32578
-31559
-29684
-27001
-23582
-19519
-14922
-9916
-4636
771
6162
11386
16301
20770
24671
27896
30354
31977
32719
32558
31498
29565
26813
23317
19172
14492
9407
4058
-1405
-6833
-12073
-16978
-21411
-25247
-28377
-30713
-32188
-32760
-32410
-31148
-29007
-26047
-22351
-18021
-13179
-7961
-2516
3003
8440
13640
18454
22745
26389
29282
31340
32503
32737
32033
30409
27913
24613
20604
16000
10932
5547
0
-5550
-10942
-16021
-20637
-24657
-27963
-30458
-32068
-32745
-32468
-31244
-29107
-26118
-22364
-17952
-13013
-7689
-2137
3479
8997
14252
19090
23367
26955
29748
31662
32640
32650
31691
29790
27003
23411
19119
14256
8965
3403
-2262
-7862
-13230
-18204
-22633
-26385
-29345
-31423
-32556
-32707
-31871
-30072
-27362
-23823
-19561
-14703
-9397
-3803
1908
7565
12994
18030
22517
26318
29316
31419
32559
32702
31841
30001
27238
23635
19302
14372
8996
3339
-2422
-8112
-13553
-18577
-23026
-26761
-29667
-31650
-32648
-32629
-31591
-29565
-26615
-22829
-18327
-13249
-7752
-2009
3799
9491
14886
19815
24120
27666
30338
32052
32751
32412
31044
28690
25423
21345
16586
11295
5642
-193
-6025
-11667
-16938
-21669
-25706
-28920
-31206
-32489
-32726
-31909
-30063
-27244
-23544
-19081
-13998
-8460
-2644
3259
9060
14569
19606
24006
27626
30346
32075
32756
32366
30916
28451
25051
20827
15917
10480
4696
-1244
-7147
-12817
-18065
-22719
-26622
-29644
-31684
-32674
-32578
-31398
-29173
-25975
-21909
-17110
-11737
-5969
0
5972
11747
17130
21941
26016
29217
31436
32596
32657
31615
29504
26395
22390
17625
12260
6476
470
-5554
-11392
-16845
-21726
-25867
-29127
-31393
-32585
-32662
-31619
-29491
-26349
-22301
-17483
-12062
-6222
-166
5898
11762
17222
22088
26191
29387
31566
32648
32597
31411
29131
25835
21636
16679
11138
5205
-912
-7001
-12847
-18244
-23003
-26955
-29960
-31912
-32739
-32412
-30940
-28374
-24803
-20353
-15179
-9465
-3413
2763
8843
14612
19863
24407
28083
30758
32334
32755
32003
30103
27124
23169
18381
12929
7010
836
-5370
-11386
-16993
-21989
-26191
-29446
-31636
-32680
-32538
-31214
-28754
-25247
-20819
-15630
-9868
-3744
2518
8692
14551
19879
24480
28184
30855
32393
32739
31880
29845
26709
22585
17625
12011
5950
-333
-6607
-12639
-18204
-23094
-27128
-30152
-32055
-32763
-32248
-30528
-27666
-23767
-18976
-13473
-7461
-1167
5173
11322
17047
22132
26385
29644
31785
32724
32427
30901
28203
24435
19738
14288
8294
1981
-4409
-10635
-16457
-21654
-26025
-29402
-31656
-32697
-32485
-31027
-28377
-24634
-19943
-14481
-8460
-2109
4324
10594
16457
21686
26077
29459
31699
32710
32451
30929
28203
24378
19601
14056
7961
1552
-4919
-11201
-17047
-22227
-26537
-29806
-31906
-32751
-32307
-30590
-27666
-23648
-18696
-13002
-6791
-309
6187
12441
18204
23246
27366
30398
32222
32762
31995
29951
26709
22398
17189
11289
4935
-1619
-8112
-14281
-19879
-24678
-28486
-31147
-32552
-32643
-31416
-28917
-25247
-20553
-15023
-8882
-2378
4225
10659
16662
21989
26421
29777
31918
32756
32254
30432
27362
23169
18024
12137
5748
-879
-7473
-13762
-19485
-24407
-28323
-31070
-32533
-32650
-31414
-28875
-25136
-20353
-14721
-8475
-1874
4807
11292
17307
22602
26955
30182
32146
32765
32010
29911
26556
22083
16679
10571
4016
-2711
-9326
-15551
-21121
-25799
-29387
-31732
-32732
-32344
-30582
-27520
-23286
-18060
-12062
-5547
1206
7911
14280
20041
24947
28786
31393
32653
32513
30975
28105
24024
18906
12972
6476
-301
-7069
-13534
-19415
-24458
-28443
-31196
-32596
-32580
-31148
-28360
-24336
-19250
-13322
-6811
0
6813
13332
19269
24364
28393
31178
32594
32578
31129
28309
24241
19103
13120
6555
-301
-7147
-13680
-19609
-24671
-28641
-31340
-32648
-32505
-30916
-27948
-23735
-18460
-12360
-5706
1206
8067
14569
20421
25359
29162
31656
32728
32328
30473
27244
22786
17298
11027
4255
-2711
-9557
-15974
-21669
-26383
-29901
-32062
-32766
-31979
-29736
-26137
-21345
-15577
-9095
-2195
4807
11593
17850
23291
27666
30771
32464
32665
31362
28614
24546
19345
13249
6538
-477
-7473
-14125
-20126
-25196
-29098
-31650
-32732
-32292
-30349
-26991
-22374
-16712
-10266
-3339
3746
10659
17076
22694
27251
30530
32377
32702
31489
28793
24740
19519
13375
6597
-494
-7565
-14281
-20323
-25404
-29282
-31772
-32753
-32178
-30072
-26533
-21729
-15887
-9285
-2238
4919
11843
18204
23695
28052
31066
32589
32548
30942
27847
23411
17845
11416
4435
-2763
-9830
-16425
-22227
-26955
-30378
-32330
-32713
-31507
-28769
-24631
-19293
-13013
-6096
1120
8285
15047
21076
26077
29802
32068
32763
31850
29372
25451
20276
14101
7230
0
-7232
-14111
-20295
-25478
-29402
-31872
-32764
-32033
-29711
-25913
-20827
-14703
-7845
-595
6688
13640
19914
25196
29220
31785
32759
32093
29819
26047
20967
14832
7950
664
-6656
-13645
-19948
-25247
-29273
-31822
-32763
-32046
-29706
-25861
-20703
-14492
-7543
-209
7138
14125
20396
25629
29557
31977
32766
31880
29363
25342
20022
13674
6622
-771
-8129
-15071
-21240
-26318
-30042
-32219
-32734
-31559
-28754
-24461
-18901
-12360
-5177
2276
9615
16457
22447
27271
30678
32489
32608
31026
27825
23169
17302
10527
3199
-4298
-11573
-18244
-23960
-28419
-31387
-32705
-32302
-30198
-26501
-21406
-15179
-8148
-684
6817
13962
20369
25700
29668
32064
32757
31710
28975
24698
19103
12488
5205
-2358
-9798
-16717
-22745
-27557
-30894
-32577
-32513
-30703
-27244
-22319
-16192
-9191
-1693
5898
13175
19743
25247
29388
31941
32765
31816
29141
24884
19276
12618
5272
-2362
-9871
-16845
-22903
-27714
-31014
-32621
-32445
-30495
-26875
-21781
-15492
-8351
-749
6896
14165
20658
26016
29942
32220
32721
31417
28377
23767
17841
10926
3403
-4310
-11787
-18613
-24407
-28847
-31684
-32759
-32010
-29476
-25298
-19707
-13013
-5590
2148
9769
16845
22980
27828
31116
32659
32366
30254
26438
21133
14635
7310
-430
-8148
-15409
-21801
-26962
-30598
-32502
-32563
-30778
-27244
-22162
-15818
-8572
-836
6950
14343
20920
26305
30190
32350
32661
31103
27762
22829
16586
9388
1649
-6187
-13670
-20369
-25898
-29936
-32249
-32702
-31267
-28024
-23161
-16955
-9766
-2009
5867
13405
20168
25762
29860
32222
32709
31291
28049
23169
16936
9711
1916
-5992
-13553
-20323
-25904
-29968
-32275
-32687
-31179
-27837
-22855
-16527
-9222
-1372
6562
14111
20829
26318
30252
32397
32623
30916
27374
22206
15718
8294
373
-7571
-15067
-21669
-26980
-30683
-32556
-32483
-30469
-26631
-21197
-14492
-6916
1077
9009
16402
22811
27851
31216
32702
32218
29790
25564
19793
12824
5078
-2978
-10856
-18080
-24210
-28873
-31785
-32766
-31757
-28816
-24119
-17952
-10689
-2772
5316
13083
20053
25799
29968
32304
32662
31017
27469
22233
15630
8064
0
-8067
-15639
-22251
-27492
-31038
-32669
-32282
-29899
-25665
-19840
-12785
-4935
3223
11185
18454
24578
29176
31960
32754
31507
28295
23317
16881
9388
1306
-6859
-14599
-21426
-26913
-30713
-32587
-32415
-30206
-26096
-20343
-13307
-5431
2789
10837
18204
24423
29100
31937
32755
31498
28244
23199
16679
9099
938
-7285
-15047
-21854
-27271
-30951
-32659
-32282
-29844
-25497
-19519
-12290
-4271
4023
12062
19330
25359
29762
32252
32670
30984
27303
21861
15008
7184
-1105
-9326
-16947
-23474
-28484
-31650
-32766
-31757
-28687
-23753
-17274
-9670
-1435
6896
14781
21705
27215
30951
32666
32248
29720
25247
19119
11737
3583
-4807
-12886
-20121
-26035
-30239
-32455
-32534
-30469
-26395
-20578
-13400
-5336
3083
11302
18775
25007
29584
32200
32681
30992
27244
21684
14679
6695
-1736
-10055
-17706
-24178
-29038
-31959
-32744
-31340
-27837
-22468
-15592
-7668
771
9163
16942
23583
28641
31772
32764
31548
28203
22955
16155
8261
-193
-8637
-16499
-23246
-28419
-31667
-32766
-31641
-28366
-23161
-16378
-8479
0
8482
16388
23178
28387
31659
32766
31633
28334
23092
16267
8323
-193
-8699
-16610
-23382
-28547
-31748
-32764
-31521
-28105
-22748
-15818
-7793
771
9287
17161
23850
28887
31923
32744
31292
27666
22114
15023
6884
-1736
-10238
-18030
-24565
-29387
-32158
-32681
-30919
-26991
-21173
-13868
-5590
3083
11543
19194
25499
30012
32414
32534
30361
26047
19895
12336
3903
-4807
-13181
-20625
-26610
-30711
-32637
-32248
-29569
-24790
-18247
-10405
-1820
6896
15124
22277
27843
31423
32760
31757
28483
23169
16196
8060
-655
-9326
-17331
-24094
-29127
-32068
-32703
-30984
-27033
-21133
-13707
-5289
3511
12062
19743
25999
30374
32552
32371
29844
25150
18630
10754
2094
-6719
-15047
-22282
-27896
-31478
-32765
-31661
-28244
-22763
-15616
-7324
1506
10228
18204
24847
29668
32313
32585
30461
26096
19809
12062
3423
-5469
-13962
-21426
-27310
-31178
-32740
-31881
-28661
-23317
-16242
-7961
912
9721
17811
24578
29519
32265
32608
30520
26157
19840
12041
3339
-5613
-14150
-21629
-27492
-31296
-32755
-31758
-28377
-22863
-15630
-7219
1736
10564
18599
25234
29968
32443
32468
30041
25342
18725
10689
1842
-7147
-15598
-22868
-28404
-31785
-32751
-31227
-27327
-21345
-13736
-5078
3969
12717
20496
26712
30887
32702
32014
28875
23522
16364
7950
-1077
-10024
-18204
-24986
-29848
-32414
-32483
-30050
-25298
-18593
-10451
-1499
7571
16058
23305
28750
31969
32711
30916
26720
20449
12587
3744
-5391
-14111
-21734
-27666
-31442
-32766
-31533
-27837
-21964
-14372
-5653
3510
12401
20323
26654
30894
32710
31957
28692
23169
15822
7226
-1941
-10958
-19113
-25762
-30378
-32596
-32237
-29328
-24096
-16955
-8469
691
9799
18132
25028
29936
32465
32412
29778
24772
17791
9388
234
-8940
-17404
-24479
-29598
-32350
-32513
-30072
-25219
-18342
-9991
-836
8388
16942
24135
29387
32275
32563
30226
25451
18620
10283
1113
-8148
-16754
-24006
-29316
-32252
-32574
-30254
-25477
-18630
-10266
-1066
8222
16845
24098
29390
32286
32549
30156
25298
18372
9941
695
-8610
-17213
-24407
-29603
-32371
-32482
-29925
-24908
-17841
-9305
0
9307
17850
24924
29942
32491
32356
29546
24293
17028
8351
-1019
-10308
-18745
-25629
-30386
-32621
-32145
-28995
-23432
-15917
-7073
2362
11603
19879
26497
30903
32728
31816
28241
22301
14491
5464
-4023
-13175
-21224
-27492
-31451
-32766
-31324
-27244
-20868
-12732
-3519
5992
15001
22745
28568
31977
32682
30619
25962
19103
10622
1238
-8253
-17047
-24394
-29668
-32420
-32412
-29643
-24347
-16973
-8148
1373
10781
19269
26112
30723
32705
31886
28334
22351
14449
5304
-4298
-13534
-21608
-27826
-31650
-32749
-31026
-26627
-19930
-11510
-2094
7504
16457
23989
29446
32355
32460
29752
24461
17046
8148
-1459
-10942
-19477
-26318
-30870
-32732
-31742
-27983
-21780
-13674
-4371
5316
14541
22496
28484
31977
32669
30495
25645
18541
9807
209
-9410
-18204
-25397
-30356
-32640
-32046
-28625
-22675
-14721
-5464
4278
13645
21806
28038
31787
32719
30748
26047
19032
10324
695
-8997
-17892
-25196
-30256
-32621
-32077
-28669
-22701
-14703
-5389
4409
13816
21989
28193
31872
32694
30582
25725
18555
9715
0
-9718
-18563
-25739
-30598
-32699
-31850
-28126
-21861
-13619
-4144
5708
15047
23026
28920
32194
32549
29951
24631
17073
7961
-1876
-11547
-20168
-26955
-31287
-32766
-31257
-26894
-20073
-11416
-1713
8148
17267
24807
30076
32589
32113
28690
22632
14492
5018
-4919
-14407
-22570
-28657
-32104
-32591
-30072
-24775
-17189
-8012
1907
11653
20323
27113
31393
32763
31094
26539
19519
10683
852
-9060
-18132
-25519
-30530
-32697
-31816
-27965
-21503
-13031
-3339
6667
16052
23938
29584
32459
32292
29097
23169
15065
5543
-4501
-14125
-22423
-28612
-32108
-32578
-29977
-24546
-16798
-7461
2582
12385
21019
27666
31694
32721
30647
25665
18247
9095
-923
-10856
-19760
-26786
-31264
-32766
-31146
-26556
-19431
-10451
-470
9557
18675
26008
30855
32749
31507
27244
20368
11537
1595
-8501
-17784
-25359
-30497
-32702
-31758
-27754
-21074
-12360
-2451
7696
17103
24860
30215
32648
31922
28105
21563
12929
3039
-7147
-16643
-24525
-30025
-32607
-32016
-28309
-21844
-13249
-3359
6859
16412
24364
29939
32588
32050
28377
21924
13322
3413
-6833
-16412
-24382
-29960
-32596
-32028
-28309
-21804
-13150
-3199
7069
16643
24578
30089
32630
31946
28105
21482
12732
2719
-7565
-17103
-24947
-30318
-32680
-31797
-27754
-20951
-12062
-1970
8320
17784
25478
30633
32732
31565
27244
20200
11134
952
-9326
-18675
-26154
-31014
-32765
-31228
-26556
-19215
-9941
333
10578
19760
26955
31436
32749
30759
25665
17979
8475
-1887
-12062
-21019
-27851
-31864
-32650
-30126
-24546
-16475
-6728
3703
13762
22423
28806
32258
32427
29291
23169
14683
4696
-5772
-15653
-23938
-29777
-32571
-32033
-28214
-21503
-12587
-2378
8077
17706
25519
30711
32748
31416
26850
19519
10175
-219
-10594
-19879
-27113
-31549
-32726
-30520
-25157
-17189
-7439
3083
13289
22119
28657
32222
32441
29289
23092
14492
4381
-6187
-16114
-24364
-30076
-32652
-31820
-27666
-20619
-11416
-1017
9491
19008
26537
31287
32757
30792
25595
17709
7961
-2625
-12939
-21894
-28547
-32194
-32451
-29286
-23032
-14346
-4144
6498
16457
24678
30291
32699
31644
27238
19943
10531
0
-10533
-19951
-27251
-31656
-32694
-30254
-24592
-16309
-6286
4409
14637
23305
29487
32519
32077
28203
21312
12137
1660
-8997
-18692
-26385
-31248
-32757
-30748
-25434
-17383
-7461
3266
13645
22556
29038
32390
32248
28625
21909
12824
2351
-8378
-18204
-26061
-31098
-32765
-30880
-25645
-17625
-7689
3083
13524
22496
29023
32393
32235
28565
21780
12618
2077
-8692
-18516
-26318
-31245
-32755
-30681
-25247
-17046
-6975
3863
14280
23132
29446
32527
32033
28015
20915
11510
836
-9932
-19609
-27125
-31650
-32682
-30103
-24198
-15616
-5304
5596
15880
24407
30232
32705
31550
26894
19250
9465
-1373
-12062
-21411
-28379
-32188
-32412
-29022
-22395
-13267
-2656
8253
18244
26197
31222
32754
30619
25054
16679
6433
-4537
-15001
-23783
-29895
-32648
-31731
-27244
-19690
-9916
976
11762
21224
28293
32170
32415
28997
22301
13080
2378
-8595
-18599
-26497
-31393
-32729
-30352
-24528
-15917
-5494
5554
15974
24578
30386
32734
31352
26395
18425
8351
-2679
-13405
-22602
-29217
-32491
-32046
-27932
-20616
-10936
0
10939
20625
27944
32055
32482
29173
22507
13249
2462
-8610
-18692
-26622
-31481
-32707
-30156
-24119
-15293
-4696
6446
16845
25296
30817
32766
30916
25477
17079
6695
-4468
-15115
-24006
-30106
-32702
-31489
-26606
-18620
-8460
2689
13528
22788
29387
32552
31909
27532
19930
9991
-1120
-12103
-21669
-28693
-32350
-32208
-28280
-21025
-11295
-234
10856
20671
28052
32127
32412
28871
21921
12379
1372
-9799
-19815
-27487
-31906
-32545
-29328
-22632
-13249
-2291
8940
19113
27016
31708
32629
29666
23169
13911
2992
-8285
-18577
-26654
-31549
-32677
-29899
-23544
-14372
-3477
7836
18214
26411
31442
32702
30037
23764
14635
3744
-7598
-18030
-26293
-31393
-32711
-30086
-23833
-14703
-3796
7571
18026
26305
31405
32707
30050
23753
14577
3632
-7754
-18204
-26446
-31479
-32688
-29925
-23522
-14256
-3253
8148
18560
26712
31608
32650
29706
23135
13736
2656
-8751
-19090
-27095
-31785
-32581
-29385
-22585
-13013
-1842
9557
19786
27585
31994
32468
28947
21861
12081
809
-10564
-20637
-28166
-32219
-32293
-28377
-20951
-10932
440
11762
21629
28819
32437
32033
27653
19840
9561
-1907
-13142
-22745
-29519
-32621
-31661
-26755
-18514
-7961
3586
14689
23960
30239
32740
31148
25658
16955
6128
-5469
-16384
-25247
-30944
-32759
-30461
-24336
-15151
-4058
7546
18204
26572
31595
32638
29565
22763
13087
1756
-9798
-20118
-27896
-32148
-32332
-28424
-20915
-10754
771
12203
22088
29171
32552
31797
27001
18769
8148
-3511
-14727
-24069
-30346
-32754
-30984
-25260
-16309
-5272
6439
17331
26008
31359
32696
29845
23169
13521
2137
-9523
-19964
-27843
-32146
-32318
-28334
-20703
-10405
1234
12717
22564
29503
32637
31559
26407
17841
6968
-4807
-15965
-25058
-30909
-32757
-30361
-24028
-14577
-3233
8533
19194
27364
31977
32433
28669
21173
10917
-762
-12345
-22321
-29387
-32619
-31592
-26438
-17828
-6884
4961
16161
25247
31028
32744
30168
23635
13998
2522
-9287
-19879
-27860
-32179
-32265
-28105
-20242
-9711
2101
13640
23382
30040
32733
31103
25362
16267
5018
-6896
-17901
-26537
-31659
-32585
-29190
-21921
-11741
0
11743
21929
29201
32589
31641
26480
17791
6728
-5233
-16499
-25566
-31222
-32709
-29826
-22955
-13013
-1327
10537
20994
28641
32450
31909
27088
18630
7668
-4324
-15739
-25041
-30976
-32744
-30105
-23411
-13561
-1880
10055
20637
28436
32397
31982
27244
18822
7852
-4182
-15653
-25007
-30974
-32743
-30072
-23319
-13400
-1660
10308
20879
28612
32455
31881
26966
18377
7282
-4807
-16245
-25468
-31216
-32702
-29720
-22675
-12528
-664
11292
21705
29147
32596
31576
26225
17274
5950
-6193
-17489
-26383
-31650
-32564
-28995
-21433
-10917
1105
12978
23064
29968
32737
30984
24950
15465
3839
-8320
-19330
-27666
-32170
-32217
-27796
-19519
-8531
3643
15314
24860
30951
32739
29972
23032
12884
938
-11141
-21669
-29176
-32613
-31498
-25982
-16835
-5332
6918
18204
26944
31912
32410
28366
20343
9465
-2743
-14569
-24351
-30713
-32759
-30198
-23387
-13283
-1306
10856
21492
29100
32604
31507
25962
16748
5166
-7147
-18454
-27152
-32008
-32332
-28076
-19840
-8789
3510
15314
24947
31038
32720
29752
22551
12140
0
-12143
-22559
-29762
-32723
-31017
-24884
-15198
-3339
8998
20053
28242
32393
31908
26854
17952
6476
-5930
-17489
-26541
-31785
-32465
-28481
-20402
-9388
2978
14918
24714
30951
32730
29790
22554
12062
-172
-12385
-22811
-29942
-32746
-30813
-24421
-14492
-2462
9926
20879
28806
32556
31581
26021
16679
4912
-7571
-18956
-27585
-32200
-32127
-27374
-18630
-7167
5342
17076
26318
31719
32485
28504
20353
9222
-3259
-15267
-25041
-31147
-32687
-29434
-21861
-11077
1334
13553
23783
30517
32764
30189
23169
12736
423
-11953
-22570
-29860
-32743
-30792
-24293
-14202
-2009
10483
21426
29201
32652
31267
25247
15482
3419
-9153
-20369
-28563
-32514
-31633
-26047
-16586
-4654
7973
19415
27967
32350
31910
26709
17520
5712
-6950
-18577
-27428
-32179
-32116
-27244
-18292
-6597
6088
17864
26962
32015
32263
27666
18910
7310
-5391
-17284
-26579
-31872
-32366
-27983
-19380
-7852
4862
16845
26287
31760
32433
28203
19707
8226
-4501
-16550
-26094
-31684
-32472
-28334
-19895
-8434
4310
16402
26003
31651
32486
28377
19946
8475
-4288
-16402
-26016
-31662
-32478
-28334
-19861
-8351
4437
16550
26133
31717
32445
28203
19638
8060
-4756
-16845
-26351
-31812
-32386
-27983
-19276
-7602
5243
17284
26666
31941
32293
27666
18769
6975
-5898
-17864
-27071
-32095
-32157
-27244
-18113
-6176
6719
18577
27557
32265
31968
26709
17302
5205
-7702
-19415
-28111
-32434
-31710
-26047
-16326
-4058
8843
20369
28719
32588
31368
25247
15179
2736
-10137
-21426
-29364
-32705
-30922
-24293
-13853
-1238
11573
22570
30025
32764
30353
23169
12339
-434
-13142
-23783
-30678
-32739
-29638
-21861
-10632
2276
14829
25041
31296
32604
28754
20353
8727
-4282
-16616
-26318
-31849
-32328
-27676
-18630
-6622
6439
18480
27585
32302
31880
26381
16679
4318
-8734
-20396
-28806
-32620
-31227
-24845
-14492
-1820
11144
22329
29942
32763
30335
23047
12062
-859
-13645
-24243
-30951
-32688
-29173
-20967
-9388
3703
16202
26094
31785
32354
27709
18593
6476
-6688
-18775
-27832
-32393
-31718
-25913
-15915
-3339
9779
21317
29402
32723
30737
23764
12933
0
-12935
-23772
-30745
-32720
-29372
-21243
-9654
3510
16105
26077
31798
32332
27590
18342
6096
-7147
-19226
-28162
-32493
-31507
-25362
-15061
-2291
10856
22227
29953
32765
30198
22670
11416
-1716
-14569
-25028
-31370
-32548
-28366
-19509
-7435
5867
18204
27539
32330
31782
25982
15887
3163
-10086
-21669
-29667
-32753
-30413
-23032
-11831
1334
14281
24860
31312
32563
28403
19519
7387
-5976
-18347
-27666
-32377
-31693
-25725
-15465
-2622
10659
22164
29968
32766
30086
22374
10917
-2369
-15261
-25599
-31650
-32396
-27709
-18372
-5950
7473
19643
28516
32596
31195
24546
13765
664
-12550
-23653
-30771
-32702
-29116
-20616
-8634
4807
17440
27128
32230
31881
26137
15968
3092
-10308
-21966
-29901
-32766
-30072
-22272
-10689
2711
15653
25937
31812
32275
27244
17574
4908
-8595
-20637
-29162
-32712
-30681
-23411
-12140
1206
14349
25041
31451
32480
27948
18630
6117
-7445
-19735
-28641
-32634
-31026
-24089
-13013
301
13567
24501
31222
32570
28309
19172
6728
-6876
-19298
-28393
-32589
-31159
-24347
-13326
0
13328
24354
31166
32585
28360
19220
6748
-6896
-19347
-28443
-32604
-31103
-24198
-13087
301
13640
24608
31294
32533
28105
18778
6176
-7504
-19879
-28786
-32669
-30847
-23635
-12290
1206
14493
25247
31583
32389
27520
17828
5008
-8692
-20870
-29387
-32745
-30352
-22624
-10917
2711
15865
26229
31977
32094
26556
16335
3233
-10442
-22277
-30182
-32757
-29546
-21112
-8944
4807
17712
27483
32390
31559
25136
14256
845
-12717
-24026
-31070
-32598
-28334
-19032
-6345
7473
19964
28903
32697
30666
23169
11540
-2148
-15456
-26008
-31918
-32127
-26596
-16309
-3103
10659
22517
30346
32741
29270
20553
8148
-5719
-18563
-28078
-32552
-31179
-24202
-12874
771
14281
25223
31625
32332
27214
17189
4062
-9798
-21894
-30040
-32762
-29565
-21025
-8682
5233
18204
27882
32514
31257
24336
13002
-691
-14262
-25247
-31650
-32307
-27094
-16955
-3732
10171
22227
30239
32747
29289
20494
7961
-6025
-18915
-28356
-32621
-30929
-23586
-11931
1907
15400
26077
31982
32033
26215
15592
2109
-11762
-23479
-30889
-32629
-28377
-18910
-5966
8077
20637
29402
32756
30080
21861
9613
-4409
-17621
-27585
-32459
-31342
-24435
-13013
816
14497
25499
31785
32188
26631
16140
2656
-11322
-23203
-30782
-32650
-28456
-18976
-5969
8148
20755
29503
32763
29925
21514
9095
-5021
-18204
-27995
-32564
-31058
-23753
-12011
1977
15598
26305
32095
31880
25698
14703
952
-12978
-24480
-31393
-32418
-27360
-17165
-3744
10381
22559
30497
32702
28754
19394
6380
-7836
-20580
-29446
-32762
-29899
-21393
-8847
5370
18577
28275
32630
30814
23169
11138
-3003
-16579
-27016
-32334
-31523
-24733
-13249
751
14612
25700
31906
32048
26096
15179
1372
-12698
-24354
-31371
-32412
-27273
-16932
-3359
10856
23003
30758
32638
28280
18514
5205
-9101
-21669
-30089
-32747
-29131
-19930
-6905
7445
20371
29387
32762
29844
21189
8460
-5898
-19125
-28673
-32702
-30433
-22301
-9868
4468
17946
27963
32585
30916
23274
11134
-3159
-16845
-27275
-32428
-31305
-24119
-12260
1977
15833
26622
32247
31615
24845
13249
-923
-14918
-26016
-32055
-31858
-25461
-14105
0
14107
25468
31864
32046
25975
14832
792
-13405
-24986
-31684
-32188
-26395
-15435
-1452
12817
24578
31525
32292
26727
15917
1981
-12345
-24250
-31393
-32366
-26976
-16280
-2378
11993
24006
31293
32415
27148
16527
2644
-11762
-23850
-31230
-32442
-27244
-16660
-2779
11653
23783
31206
32451
27267
16679
2783
-11667
-23806
-31222
-32441
-27217
-16586
-2656
11803
23919
31277
32412
27094
16378
2398
-12062
-24120
-31370
-32361
-26894
-16056
-2009
12441
24407
31496
32285
26615
15616
1488
-12939
-24777
-31650
-32178
-26251
-15055
-836
13553
25223
31826
32033
25797
14372
52
-14280
-25739
-32015
-31841
-25247
-13561
863
15115
26318
32208
31592
24592
12618
-1908
-16052
-26950
-32393
-31276
-23823
-11540
3083
17085
27622
32556
30880
22932
10324
-4384
-18204
-28323
-32682
-30389
-21909
-8965
5807
19399
29038
32755
29790
20744
7461
-7347
-20658
-29748
-32757
-29067
-19428
-5811
8997
21966
30436
32669
28203
17952
4016
-10746
-23305
-31079
-32468
-27184
-16309
-2077
12583
24657
31656
32135
25992
14491
0
-14493
-25999
-32139
-31644
-24613
-12494
2208
16457
27304
32503
30975
23032
10317
-4537
-18454
-28547
-32719
-30103
-21238
-7961
6971
20458
29694
32757
29007
19220
5431
-9491
-22439
-30713
-32587
-27666
-16973
-2736
12073
24364
31568
32177
26060
14492
-108
-14689
-26197
-32222
-31498
-24174
-11781
3083
17304
27896
32634
30520
21996
8847
-6162
-19879
-29416
-32766
-29219
-19519
-5706
9311
22368
30711
32578
27570
16743
2378
-12491
-24723
-31732
-32033
-25558
-13674
1105
15653
26888
32428
31095
23169
10328
-4707
-18745
-28806
-32750
-29736
-20402
-6728
8378
21705
30414
32650
27932
17262
2911
-12062
-24465
-31651
-32083
-25665
-13765
1077
15692
26955
32455
31012
22932
9941
-5180
-19194
-29098
-32765
-29406
-19738
-5832
9326
22486
30817
32526
27244
16102
1495
-13436
-25478
-32035
-31693
-24521
-12062
2999
17416
28078
32680
30226
21243
7668
-7565
-21167
-30192
-32685
-28105
-17438
-2992
12103
24578
31727
31995
25321
13150
-1876
-16499
-27539
-32596
-30567
-21889
-8448
6833
20630
29936
32722
28377
17845
3419
-11753
-24364
-31659
-32040
-25423
-13249
1823
16499
27568
32607
30508
21729
8189
-7147
-20920
-30108
-32693
-28105
-17347
-2779
12401
24860
31856
31850
24838
12360
-2839
-17416
-28160
-32702
-30037
-20749
-6884
8501
22013
30668
32552
27244
15915
1066
-14020
-26008
-32243
-31342
-23500
-10451
4915
19194
29220
32766
29042
18871
4509
-10856
-23813
-31479
-32147
-25665
-13473
1720
16533
27666
32637
30335
21271
7461
-8015
-21705
-30552
-32578
-27327
-15968
-1038
14125
26133
32294
31228
23169
9920
-5554
-19786
-29584
-32748
-28565
-17970
-3339
12043
24723
31849
31816
24627
11897
-3511
-18132
-28673
-32755
-29458
-19519
-5177
10334
23516
31393
32182
25702
13414
-1907
-16800
-27896
-32682
-30072
-20653
-6555
9029
22570
30997
32395
26445
14492
-751
-15827
-27310
-32589
-30461
-21406
-7481
8148
21926
30713
32507
26894
15151
-48
-15238
-26955
-32522
-30664
-21804
-7961
7702
21608
30575
32549
27076
15403
202
-15047
-26852
-32503
-30703
-21861
-8002
7696
21629
30598
32538
27001
15255
0
-15257
-27007
-32541
-30582
-21579
-7602
8129
21989
30779
32468
26664
14703
-655
-15865
-27411
-32621
-30288
-20948
-6758
8997
22672
31098
32318
26047
13736
-1763
-16855
-28038
-32713
-29790
-19946
-5464
10289
23653
31516
32046
25116
12336
-3319
-18204
-28847
-32766
-29042
-18541
-3711
11987
24889
31977
31593
23823
10480
-5316
-19871
-29777
-32711
-27983
-16697
-1495
14059
26318
32404
30885
22114
8148
-7733
-21801
-30745
-32460
-26539
-14372
1180
16457
27860
32699
29832
19930
5325
-10537
-23916
-31650
-31910
-24631
-11530
4298
19113
29409
32747
28334
17210
2009
-13670
-26112
-32365
-30942
-22178
-8148
7817
21929
30833
32412
26285
13907
-1780
-17047
-28259
-32743
-29429
-19103
-4222
11667
24777
31977
31548
23586
9991
-5992
-20546
-30192
-32619
-27244
-15350
219
15739
27492
32660
30001
20149
5464
-10533
-24006
-31719
-31816
-24270
-10892
5106
19879
29873
32681
27625
15917
373
-15261
-27221
-32621
-30156
-20416
-5748
10308
23879
31684
31836
24293
10875
-5173
-19973
-29942
-32665
-27477
-15633
0
15636
27483
32666
29925
19920
5078
-10999
-24407
-31886
-31615
-23656
-9941
6193
20824
30386
32549
26782
14487
-1341
-16845
-28242
-32749
-29262
-18630
-3445
12583
25539
32252
31078
22301
8064
-8148
-22368
-31111
-32231
-25451
-12429
3643
18824
29387
32737
28047
16465
836
-15001
-27152
-32625
-30072
-20115
-5205
10989
24479
31937
31523
23335
9388
-6876
-21447
-30723
-32412
-26092
-13322
2743
18132
29038
32759
28371
16955
1338
-14612
-26944
-32596
-30164
-20247
-5304
10958
24501
31960
31477
23169
9099
-7236
-21774
-30894
-32323
-25702
-12676
3510
18824
29446
32724
27837
16000
166
-15711
-27666
-32707
-29572
-19041
-3744
12491
25602
32304
30916
21780
7184
-9215
-23305
-31551
-31880
-24205
-10451
5930
20824
30486
32483
26311
13518
-2679
-18204
-29147
-32749
-28098
-16364
-502
15488
27574
32702
29574
18976
3583
-12717
-25806
-32371
-30748
-21345
-6538
9926
23879
31785
31636
23467
9346
-7147
-21830
-30974
-32254
-25342
-11991
4409
19692
29968
32623
26976
14462
-1736
-17495
-28798
-32764
-28377
-16752
-852
15267
27492
32699
29554
18857
3339
-13034
-26077
-32450
-30520
-20777
-5712
10817
24578
32042
31291
22515
7961
-8637
-23021
-31496
-31881
-24075
-10079
6509
21426
30833
32307
25463
12062
-4448
-19815
-30076
-32585
-26689
-13907
2465
18204
29244
32732
27762
15616
-569
-16610
-28356
-32765
-28692
-17189
-1231
15047
27428
32699
29490
18630
2932
-13528
-26478
-32552
-30168
-19943
-4530
12062
25519
32337
30737
21133
6022
-10659
-24565
-32068
-31208
-22206
-7407
9326
23628
31760
31593
23169
8686
-8070
-22719
-31423
-31903
-24028
-9858
6896
21846
31070
32147
24790
10926
-5807
-21019
-30711
-32336
-25461
-11891
4807
20244
30356
32478
26047
12755
-3899
-19528
-30012
-32581
-26556
-13521
3083
18877
29687
32654
26991
14192
-2362
-18294
-29387
-32703
-27360
-14769
1736
17784
29119
32734
27666
15255
-1206
-17349
-28887
-32752
-27913
-15652
771
16993
28695
32761
28105
15962
-434
-16717
-28547
-32765
-28244
-16186
193
16523
28443
32766
28334
16326
-48
-16412
-28387
-32766
-28374
-16382
0
0
0
0
0
0
0
0
0
0
0
0
0
0
0
0
0
0
0
0
0
0
0
0
0
0
0
0
0
0
0
0
0
0
0
0
0
0
0
0
0
0
0
0
0
0
0
0
0
0
0
0
0
0
0
0
0
0
0
0
0
0
0
0
0
0
0
0
0
0
0
0
0
0
0
0
0
0
0
0
0
0
0
0
0
0
0
0
0
0
0
0
0
0
0
0
0
0
0
0
0
0
0
0
0
0
0
0
0
0
0
0
0
0
0
0
0
0
0
0
0
0
0
0
0
0
0
0
0
0
0
0
0
0
0
0
0
0
0
0
0
0
0
0
0
0
0
0
0
0
0
0
0
0
0
0
0
0
0
0
0
0
0
0
0
0
0
0
0
0
0
0
0
0
0
0
0
0
0
0
0
0
0
0
0
0
0
0
0
0
0
0
0
0
0
0
0
0
0
0
0
0
0
0
0
0
0
0
0
0
0
0
0
0
0
0
0
0
0
0
0
0
0
0
0
0
0
0
0
0
0
0
0
0
0
0
0
0
0
0
0
0
0
0
0
0
0
0
0
0
0
0
0
0
0
0
0
0
0
0
0
0
0
0
0
0
0
0
0
0
0
0
0
0
0
0
0
0
0
0
0
0
0
0
0
0
0
0
0
0
0
0
0
0
0
0
0
0
0
0
0
0
0
0
0
0
0
0
0
0
0
0
0
0
0
0
0
0
0
0
0
0
0
0
0
0
0
0
0
0
0
0
0
0
0
0
0
0
0
0
0
0
0
0
0
0
0
0
0
0
0
0
0
0
0
0
0
0
0
0
0
0
0
0
0
0
0
0
0
0
0
0
0
0
0
0
0
0
0
0
0
0
0
0
0
0
0
0
0
0
0
0
0
0
0
0
0
0
0
0
0
0
0
0
0
0
0
0
0
0
0
0
0
0
0
0
0
0
0
0
0
0
0
0
0
0
0
0
0
0
0
0
0
0
0
0
0
0
0
0
0
0
0
0
0
0
0
0
0
0
0
0
0
0
0
0
0
0
0
0
0
0
0
0
0
0
0
0
0
0
0
0
0
0
0
0
0
0
0
0
0
0
0
0
0
0
0
0
0
0
0
0
0
0
0
0
0
0
0
0
0
0
0
0
0
0
0
0
0
0
0
0
0
0
0
0
0
0
0
0
0
0
0
0
0
0
0
0
0
0
0
0
0
0
0
0
0
0
0
0
0
0
0
0
0
0
0
0
0
0
0
0
0
0
0
0
0
0
0
0
0
0
0
0
0
0
0
0
0
0
0
0
0
0
0
0
0
0
0
0
0
0
0
0
0
0
0
0
0
0
0
0
0
0
0
0
0
0
0
0
0
0
0
0
0
0
0
0
0
0
0
0
0
0
0
0
0
0
0
0
0
0
0
0
0
0
0
0
0
0
0
0
0
0
0
0
0
0
0
0
0
0
0
0
0
0
0
0
0
0
0
0
0
0
0
0
0
0
0
0
0
0
0
0
0
0
0
0
0
0
0
0
0
0
0
0
0
0
0
0
0
0
0
0
0
0
0
0
0
0
0
0
0
0
0
0
0
0
0
0
0
0
0
0
0
0
0
0
0
0
0
0
0
0
0
0
0
0
0
0
0
0
0
0
0
0
0
0
0
0
0
0
0
0
0
0
0
0
0
0
0
0
0
0
0
0
0
0
0
0
0
0
0
0
0
0
0
0
0
0
0
0
0
0
0
0
0
0
0
0
0
0
0
0
0
0
0
0
0
0
0
0
0
0
0
0
0
0
0
0
0
0
0
0
0
0
0
0
0
0
0
0
0
0
0
0
0
0
0
0
0
0
0
0
0
0
0
0
0
0
0
0
0
0
0
0
0
0
0
0
0
0
0
0
0
0
0
0
0
0
0
0
0
0
0
0
0
0
0
0
0
0
0
0
0
0
0
0
0
0
0
0
0
0
0
0
0
0
0
0
0
0
0
0
0
0
0
0
0
0
0
0
0
0
0
0
0
0
0
0
0
0
0
0
0
0
0
0
0
0
0
0
0
0
0
0
0
0
0
0
0
0
0
0
0
0
0
0
0
0
0
0
0
0
0
0
0
0
0
0
0
0
0
0
0
0
0
0
0
0
0
0
0
0
0
0
0
0
0
0
0
0
0
0
0
0
0
0
0
0
13106
12198
9604
5694
1024
-3746
-7950
-11008
-12511
-12277
-10374
-7102
-2945
1500
5617
8853
10798
11235
10164
7794
4499
762
-2899
-6006
-8182
-9198
-8994
-7672
-5475
-2740
152
2837
5001
6426
7003
6737
5730
4160
2247
229
-1673
-3276
-4443
-5096
-5211
-4812
-3968
-2774
-1350
170
1653
2963
3981
4608
4775
4454
3662
2466
979
-646
-2236
-3606
-4594
-5071
-4966
-4278
-3075
-1494
279
2029
3540
4626
5150
5048
4336
3106
1517
-229
-1915
-3333
-4315
-4752
-4607
-3917
-2785
-1366
156
1593
2777
3579
3924
3796
3240
2347
1246
79
-1012
-1908
-2520
-2803
-2756
-2418
-1859
-1169
-443
231
786
1181
1404
1469
1411
1276
1109
946
805
682
553
385
138
-213
-678
-1231
-1816
-2347
-2718
-2824
-2578
-1934
-902
438
1946
3423
4647
5395
5490
4828
3411
1355
-1111
-3672
-5962
-7619
-8343
-7946
-6393
-3818
-520
3069
6448
9110
10625
10706
9267
6440
2574
-1812
-6102
-9666
-11959
-12607
-11468
-8661
-4557
270
5131
9313
12198
13348
12584
10006
5987
1118
-3885
-8285
-11440
-12895
-12454
-10211
-6526
-1972
2755
6949
9996
11473
11205
9287
6064
2071
-2058
-5689
-8288
-9501
-9204
-7513
-4757
-1421
1941
4800
6727
7464
6956
5354
2975
252
-2348
-4404
-5601
-5781
-4963
-3331
-1197
1055
3039
4428
5005
4698
3585
1875
-129
-2088
-3677
-4640
-4832
-4234
-2956
-1210
718
2528
3941
4746
4833
4201
2958
1297
-529
-2257
-3641
-4495
-4712
-4280
-3276
-1854
-219
1401
2793
3779
4242
4140
3509
2450
1118
-302
-1624
-2680
-3345
-3553
-3298
-2640
-1688
-585
512
1457
2133
2469
2449
2108
1531
829
125
-468
-870
-1040
-987
-763
-454
-159
31
54
-110
-434
-842
-1223
-1456
-1436
-1093
-421
520
1603
2650
3463
3854
3687
2906
1555
-216
-2174
-4022
-5457
-6210
-6101
-5072
-3209
-735
2013
4637
6734
7960
8087
7050
4955
2076
-1186
-4361
-6981
-8652
-9117
-8296
-6300
-3415
-61
3276
6120
8070
8865
8419
6830
4359
1387
-1649
-4324
-6285
-7302
-7296
-6338
-4629
-2460
-160
1955
3633
4706
5114
4893
4159
3074
1815
542
-618
-1588
-2330
-2839
-3129
-3213
-3095
-2767
-2217
-1437
-446
703
1915
3053
3955
4459
4434
3812
2611
944
-983
-2900
-4511
-5540
-5787
-5163
-3721
-1650
740
3077
4973
6102
6255
5381
3604
1209
-1406
-3795
-5540
-6327
-6005
-4616
-2392
278
2923
5061
6298
6391
5302
3207
468
-2428
-4954
-6639
-7153
-6371
-4400
-1565
1647
4671
6961
8091
7834
6202
3454
45
-3444
-6412
-8342
-8893
-7960
-5695
-2479
1140
4553
7184
8600
8582
7159
4603
1375
-1958
-4829
-6767
-7480
-6903
-5202
-2739
5
2520
4363
5237
5046
3906
2112
76
-1757
-3003
-3413
-2926
-1675
34
1795
3181
3834
3546
2310
324
-2037
-4294
-5952
-6603
-6012
-4176
-1334
2063
5427
8136
9647
9605
7915
4769
628
-3849
-7921
-10883
-12197
-11586
-9095
-5084
-176
4845
9166
12079
13106
12079
9166
4845
-176
-5084
-9095
-11586
-12197
-10883
-7921
-3849
628
4769
7915
9605
9647
8136
5427
2063
-1334
-4176
-6012
-6603
-5952
-4294
-2037
324
2310
3546
3834
3181
1795
34
-1675
-2926
-3413
-3003
-1757
76
2112
3906
5046
5237
4363
2520
5
-2739
-5202
-6903
-7480
-6767
-4829
-1958
1375
4603
7159
8582
8600
7184
4553
1140
-2479
-5695
-7960
-8893
-8342
-6412
-3444
45
3454
6202
7834
8091
6961
4671
1647
-1565
-4400
-6371
-7153
-6639
-4954
-2428
468
3207
5302
6391
6298
5061
2923
278
-2392
-4616
-6005
-6327
-5540
-3795
-1406
1209
3604
5381
6255
6102
4973
3077
740
-1650
-3721
-5163
-5787
-5540
-4511
-2900
-983
944
2611
3812
4434
4459
3955
3053
1915
703
-446
-1437
-2217
-2767
-3095
-3213
-3129
-2839
-2330
-1588
-618
542
1815
3074
4159
4893
5114
4706
3633
1955
-160
-2460
-4629
-6338
-7296
-7302
-6285
-4324
-1649
1387
4359
6830
8419
8865
8070
6120
3276
-61
-3415
-6300
-8296
-9117
-8652
-6981
-4361
-1186
2076
4955
7050
8087
7960
6734
4637
2013
-735
-3209
-5072
-6101
-6210
-5457
-4022
-2174
-216
1555
2906
3687
3854
3463
2650
1603
520
-421
-1093
-1436
-1456
-1223
-842
-434
-110
54
31
-159
-454
-763
-987
-1040
-870
-468
125
829
1531
2108
2449
2469
2133
1457
512
-585
-1688
-2640
-3298
-3553
-3345
-2680
-1624
-302
1118
2450
3509
4140
4242
3779
2793
1401
-219
-1854
-3276
-4280
-4712
-4495
-3641
-2257
-529
1297
2958
4201
4833
4746
3941
2528
718
-1210
-2956
-4234
-4832
-4640
-3677
-2088
-129
1875
3585
4698
5005
4428
3039
1055
-1197
-3331
-4963
-5781
-5601
-4404
-2348
252
2975
5354
6956
7464
6727
4800
1941
-1421
-4757
-7513
-9204
-9501
-8288
-5689
-2058
2071
6064
9287
11205
11473
9996
6949
2755
-1972
-6526
-10211
-12454
-12895
-11440
-8285
-3885
1118
5987
10006
12584
13348
12198
9313
5131
270
-4557
-8661
-11468
-12607
-11959
-9666
-6102
-1812
2574
6440
9267
10706
10625
9110
6448
3069
-520
-3818
-6393
-7946
-8343
-7619
-5962
-3672
-1111
1355
3411
4828
5490
5395
4647
3423
1946
438
-902
-1934
-2578
-2824
-2718
-2347
-1816
-1231
-678
-213
138
385
553
682
805
946
1109
1276
1411
1469
1404
1181
786
231
-443
-1169
-1859
-2418
-2756
-2803
-2520
-1908
-1012
79
1246
2347
3240
3796
3924
3579
2777
1593
156
-1366
-2785
-3917
-4607
-4752
-4315
-3333
-1915
-229
1517
3106
4336
5048
5150
4626
3540
2029
279
-1494
-3075
-4278
-4966
-5071
-4594
-3606
-2236
-646
979
2466
3662
4454
4775
4608
3981
2963
1653
170
-1350
-2774
-3968
-4812
-5211
-5096
-4443
-3276
-1673
229
2247
4160
5730
6737
7003
6426
5001
2837
152
-2740
-5475
-7672
-8994
-9198
-8182
-6006
-2899
762
4499
7794
10164
11235
10798
8853
5617
1500
-2945
-7102
-10374
-12277
-12511
-11008
-7950
-3746
1024
5694
9604
12198
0
0
0
0
0
0
0
0
0
0
0
0
0
0
0
0
0
0
0
0
0
0
0
0
0
0
0
0
0
0
0
0
0
0
0
0
0
0
0
0
0
0
0
0
0
0
0
0
0
0
0
0
0
0
0
0
0
0
0
0
0
0
0
0
0
0
0
-3276
-3190
-2920
-2436
-1708
-724
489
1848
3215
4402
5205
5436
4960
3739
1848
-514
-3046
-5381
-7140
-7998
-7743
-6322
-3863
-672
2810
6064
8576
9919
9830
8257
5380
1593
-2552
-6431
-9439
-11089
-11096
-9425
-6303
-2186
2305
6487
9714
11485
11521
9813
6625
2447
-2075
-6248
-9434
-11155
-11167
-9491
-6410
-2423
1843
5731
8654
10191
10146
8573
5761
2183
-1586
-4965
-7451
-8704
-8587
-7184
-4775
-1782
1302
4001
5920
6815
6616
5431
3518
1231
-1038
-2935
-4191
-4665
-4357
-3397
-2015
-491
895
1918
2438
2424
1946
1162
274
-507
-1012
-1139
-876
-297
446
1168
1679
1826
1528
797
-264
-1476
-2612
-3439
-3761
-3460
-2521
-1041
778
2666
4313
5431
5798
5300
3955
1914
-550
-3087
-5318
-6889
-7535
-7116
-5650
-3309
-402
2667
5462
7570
8672
8584
7294
4960
1894
-1483
-4701
-7309
-8937
-9354
-8496
-6483
-3592
-225
3153
6083
8168
9139
8881
7453
5074
2085
-1097
-4046
-6378
-7810
-8191
-7518
-5927
-3670
-1071
1521
3783
5458
6380
6497
5858
4601
2926
1057
-781
-2399
-3654
-4459
-4786
-4652
-4112
-3243
-2131
-870
448
1733
2889
3825
4450
4684
4470
3784
2650
1148
-586
-2370
-3988
-5222
-5882
-5839
-5048
-3567
-1557
734
3003
4933
6240
6719
6282
4972
2965
545
-1936
-4115
-5672
-6380
-6146
-5023
-3204
-988
1265
3204
4531
5062
4749
3691
2110
311
-1374
-2647
-3294
-3228
-2499
-1284
144
1477
2425
2773
2431
1445
0
-1620
-3079
-4052
-4295
-3687
-2268
-231
2096
4313
6009
6840
6593
5228
2896
-80
-3254
-6123
-8212
-9153
-8749
-7007
-4149
-577
3190
6591
9113
10370
10164
8514
5655
1997
-1934
-5579
-8430
-10101
-10382
-9267
-6946
-3767
-187
3304
6253
8298
9220
8958
7608
5399
2650
-275
-3023
-5286
-6838
-7554
-7408
-6468
-4880
-2839
-573
1685
3715
5325
6365
6736
6400
5383
3777
1736
-530
-2779
-4753
-6210
-6956
-6873
-5942
-4253
-2002
533
3020
5125
6553
7100
6683
5360
3320
861
-1654
-3858
-5432
-6158
-5955
-4888
-3159
-1070
1027
2796
3968
4387
4037
3037
1618
76
-1283
-2209
-2542
-2253
-1439
-309
867
1807
2281
2154
1420
208
-1244
-2631
-3642
-4021
-3626
-2460
-678
1430
3495
5130
6002
5900
4780
2779
198
-2545
-4987
-6700
-7370
-6855
-5214
-2701
272
3215
5634
7122
7434
6524
4561
1893
-1012
-3652
-5576
-6470
-6206
-4868
-2733
-214
2209
4091
5092
5047
3996
2169
-53
-2215
-3876
-4691
-4485
-3282
-1309
1049
3322
5040
5825
5472
3986
1593
-1297
-4164
-6468
-7748
-7713
-6299
-3688
-282
3357
6612
8907
9817
9140
6942
3545
-517
-4595
-8022
-10232
-10856
-9779
-7165
-3428
839
4960
8286
10304
10716
9483
6831
3202
-816
-4593
-7554
-9272
-9530
-8349
-5971
-2814
602
3746
6157
7514
7677
6699
4803
2337
-289
-2677
-4493
-5517
-5669
-5002
-3685
-1966
-124
1574
2912
3746
4015
3741
3010
1954
727
-516
-1636
-2520
-3083
-3276
-3083
-2520
-1636
-516
727
1954
3010
3741
4015
3746
2912
1574
-124
-1966
-3685
-5002
-5669
-5517
-4493
-2677
-289
2337
4803
6699
7677
7514
6157
3746
602
-2814
-5971
-8349
-9530
-9272
-7554
-4593
-816
3202
6831
9483
10716
10304
8286
4960
839
-3428
-7165
-9779
-10856
-10232
-8022
-4595
-517
3545
6942
9140
9817
8907
6612
3357
-282
-3688
-6299
-7713
-7748
-6468
-4164
-1297
1593
3986
5472
5825
5040
3322
1049
-1309
-3282
-4485
-4691
-3876
-2215
-53
2169
3996
5047
5092
4091
2209
-214
-2733
-4868
-6206
-6470
-5576
-3652
-1012
1893
4561
6524
7434
7122
5634
3215
272
-2701
-5214
-6855
-7370
-6700
-4987
-2545
198
2779
4780
5900
6002
5130
3495
1430
-678
-2460
-3626
-4021
-3642
-2631
-1244
208
1420
2154
2281
1807
867
-309
-1439
-2253
-2542
-2209
-1283
76
1618
3037
4037
4387
3968
2796
1027
-1070
-3159
-4888
-5955
-6158
-5432
-3858
-1654
861
3320
5360
6683
7100
6553
5125
3020
533
-2002
-4253
-5942
-6873
-6956
-6210
-4753
-2779
-530
1736
3777
5383
6400
6736
6365
5325
3715
1685
-573
-2839
-4880
-6468
-7408
-7554
-6838
-5286
-3023
-275
2650
5399
7608
8958
9220
8298
6253
3304
-187
-3767
-6946
-9267
-10382
-10101
-8430
-5579
-1934
1997
5655
8514
10164
10370
9113
6591
3190
-577
-4149
-7007
-8749
-9153
-8212
-6123
-3254
-80
2896
5228
6593
6840
6009
4313
2096
-231
-2268
-3687
-4295
-4052
-3079
-1620
0
1445
2431
2773
2425
1477
144
-1284
-2499
-3228
-3294
-2647
-1374
311
2110
3691
4749
5062
4531
3204
1265
-988
-3204
-5023
-6146
-6380
-5672
-4115
-1936
545
2965
4972
6282
6719
6240
4933
3003
734
-1557
-3567
-5048
-5839
-5882
-5222
-3988
-2370
-586
1148
2650
3784
4470
4684
4450
3825
2889
1733
448
-870
-2131
-3243
-4112
-4652
-4786
-4459
-3654
-2399
-781
1057
2926
4601
5858
6497
6380
5458
3783
1521
-1071
-3670
-5927
-7518
-8191
-7810
-6378
-4046
-1097
2085
5074
7453
8881
9139
8168
6083
3153
-225
-3592
-6483
-8496
-9354
-8937
-7309
-4701
-1483
1894
4960
7294
8584
8672
7570
5462
2667
-402
-3309
-5650
-7116
-7535
-6889
-5318
-3087
-550
1914
3955
5300
5798
5431
4313
2666
778
-1041
-2521
-3460
-3761
-3439
-2612
-1476
-264
797
1528
1826
1679
1168
446
-297
-876
-1139
-1012
-507
274
1162
1946
2424
2438
1918
895
-491
-2015
-3397
-4357
-4665
-4191
-2935
-1038
1231
3518
5431
6616
6815
5920
4001
1302
-1782
-4775
-7184
-8587
-8704
-7451
-4965
-1586
2183
5761
8573
10146
10191
8654
5731
1843
-2423
-6410
-9491
-11167
-11155
-9434
-6248
-2075
2447
6625
9813
11521
11485
9714
6487
2305
-2186
-6303
-9425
-11096
-11089
-9439
-6431
-2552
1593
5380
8257
9830
9919
8576
6064
2810
-672
-3863
-6322
-7743
-7998
-7140
-5381
-3046
-514
1848
3739
4960
5436
5205
4402
3215
1848
489
-724
-1708
-2436
-2920
-3190
0
0
0
0
0
0
0
0
0
0
0
0
0
0
0
0
0
0
0
0
0
0
0
0
0
0
0
0
0
0
0
0
0
0
0
0
0
0
0
0
0
0
0
0
0
0
0
0
0
0
0
0
0
0
0
0
0
0
0
0
0
0
0
0
0
0
0
6553
6066
4679
2609
171
-2259
-4319
-5705
-6224
-5820
-4579
-2713
-522
1656
3503
4762
5277
5017
4064
2603
879
-839
-2309
-3343
-3835
-3770
-3217
-2307
-1207
-89
895
1642
2094
2248
2144
1846
1430
965
502
71
-316
-661
-968
-1235
-1448
-1583
-1606
-1486
-1201
-751
-165
501
1169
1747
2147
2300
2168
1754
1105
304
-541
-1319
-1926
-2285
-2360
-2154
-1710
-1101
-413
268
871
1347
1672
1844
1877
1791
1601
1314
927
436
-160
-846
-1580
-2288
-2874
-3224
-3230
-2814
-1948
-674
888
2548
4066
5187
5685
5402
4289
2426
25
-2593
-5042
-6926
-7905
-7758
-6428
-4045
-914
2518
5734
8220
9555
9482
7957
5169
1512
-2465
-6149
-8954
-10423
-10302
-8589
-5534
-1607
2575
6353
9128
10459
10139
8229
5046
1113
-2930
-6431
-8834
-9768
-9111
-7003
-3820
-110
3503
6429
8203
8563
7495
5220
2158
-1149
-4139
-6318
-7346
-7090
-5643
-3295
-481
2301
4578
5982
6309
5551
3886
1638
-780
-2950
-4516
-5245
-5062
-4053
-2441
-541
1306
2796
3707
3940
3522
2594
1374
107
-979
-1725
-2054
-1986
-1620
-1103
-595
-227
-70
-124
-318
-533
-631
-498
-73
625
1498
2377
3057
3340
3079
2219
817
-953
-2829
-4490
-5623
-5976
-5414
-3945
-1736
907
3590
5886
7412
7892
7207
5425
2785
-326
-3447
-6106
-7902
-8567
-8007
-6319
-3767
-743
2302
4933
6793
7655
7455
6289
4386
2064
-327
-2466
-4105
-5097
-5411
-5113
-4344
-3276
-2080
-891
204
1176
2029
2784
3452
4013
4404
4526
4263
3514
2228
437
-1726
-4028
-6155
-7759
-8515
-8183
-6665
-4042
-582
3282
7007
10020
11810
12014
10493
7368
3014
-1978
-6892
-10987
-13620
-14347
-13004
-9742
-5008
514
6011
10658
13755
14837
13745
10653
6043
625
-4771
-9335
-12397
-13533
-12626
-9882
-5785
-1016
3662
7535
10039
10857
9954
7577
4197
422
-3106
-5826
-7344
-7495
-6357
-4230
-1564
1117
3322
4673
4970
4222
2633
562
-1552
-3276
-4261
-4307
-3399
-1709
441
2638
4453
5522
5613
4670
2822
362
-2300
-4717
-6469
-7245
-6892
-5443
-3109
-244
2708
5298
7128
7926
7580
6153
3871
1082
-1802
-4372
-6276
-7276
-7274
-6320
-4593
-2368
29
2278
4104
5312
5809
5602
4785
3518
1991
396
-1096
-2357
-3304
-3897
-4135
-4039
-3642
-2984
-2105
-1048
134
1374
2583
3655
4469
4907
4867
4289
3171
1582
-334
-2375
-4289
-5816
-6721
-6831
-6071
-4480
-2213
463
3212
5663
7469
8352
8152
6853
4595
1654
-1583
-4681
-7207
-8800
-9221
-8390
-6403
-3521
-135
3286
6265
8383
9338
8994
7398
4778
1507
-1947
-5091
-7477
-8769
-8792
-7555
-5253
-2235
1047
4109
6502
7883
8064
7039
4985
2232
-787
-3607
-5798
-7034
-7143
-6129
-4175
-1607
1155
3667
5530
6455
6304
5119
3106
606
-1964
-4179
-5674
-6205
-5689
-4215
-2032
493
2942
4902
6047
6182
5281
3492
1107
-1478
-3837
-5577
-6407
-6186
-4945
-2887
-346
2260
4505
6019
6553
6019
4505
2260
-346
-2887
-4945
-6186
-6407
-5577
-3837
-1478
1107
3492
5281
6182
6047
4902
2942
493
-2032
-4215
-5689
-6205
-5674
-4179
-1964
606
3106
5119
6304
6455
5530
3667
1155
-1607
-4175
-6129
-7143
-7034
-5798
-3607
-787
2232
4985
7039
8064
7883
6502
4109
1047
-2235
-5253
-7555
-8792
-8769
-7477
-5091
-1947
1507
4778
7398
8994
9338
8383
6265
3286
-135
-3521
-6403
-8390
-9221
-8800
-7207
-4681
-1583
1654
4595
6853
8152
8352
7469
5663
3212
463
-2213
-4480
-6071
-6831
-6721
-5816
-4289
-2375
-334
1582
3171
4289
4867
4907
4469
3655
2583
1374
134
-1048
-2105
-2984
-3642
-4039
-4135
-3897
-3304
-2357
-1096
396
1991
3518
4785
5602
5809
5312
4104
2278
29
-2368
-4593
-6320
-7274
-7276
-6276
-4372
-1802
1082
3871
6153
7580
7926
7128
5298
2708
-244
-3109
-5443
-6892
-7245
-6469
-4717
-2300
362
2822
4670
5613
5522
4453
2638
441
-1709
-3399
-4307
-4261
-3276
-1552
562
2633
4222
4970
4673
3322
1117
-1564
-4230
-6357
-7495
-7344
-5826
-3106
422
4197
7577
9954
10857
10039
7535
3662
-1016
-5785
-9882
-12626
-13533
-12397
-9335
-4771
625
6043
10653
13745
14837
13755
10658
6011
514
-5008
-9742
-13004
-14347
-13620
-10987
-6892
-1978
3014
7368
10493
12014
11810
10020
7007
3282
-582
-4042
-6665
-8183
-8515
-7759
-6155
-4028
-1726
437
2228
3514
4263
4526
4404
4013
3452
2784
2029
1176
204
-891
-2080
-3276
-4344
-5113
-5411
-5097
-4105
-2466
-327
2064
4386
6289
7455
7655
6793
4933
2302
-743
-3767
-6319
-8007
-8567
-7902
-6106
-3447
-326
2785
5425
7207
7892
7412
5886
3590
907
-1736
-3945
-5414
-5976
-5623
-4490
-2829
-953
817
2219
3079
3340
3057
2377
1498
625
-73
-498
-631
-533
-318
-124
-70
-227
-595
-1103
-1620
-1986
-2054
-1725
-979
107
1374
2594
3522
3940
3707
2796
1306
-541
-2441
-4053
-5062
-5245
-4516
-2950
-780
1638
3886
5551
6309
5982
4578
2301
-481
-3295
-5643
-7090
-7346
-6318
-4139
-1149
2158
5220
7495
8563
8203
6429
3503
-110
-3820
-7003
-9111
-9768
-8834
-6431
-2930
1113
5046
8229
10139
10459
9128
6353
2575
-1607
-5534
-8589
-10302
-10423
-8954
-6149
-2465
1512
5169
7957
9482
9555
8220
5734
2518
-914
-4045
-6428
-7758
-7905
-6926
-5042
-2593
25
2426
4289
5402
5685
5187
4066
2548
888
-674
-1948
-2814
-3230
-3224
-2874
-2288
-1580
-846
-160
436
927
1314
1601
1791
1877
1844
1672
1347
871
268
-413
-1101
-1710
-2154
-2360
-2285
-1926
-1319
-541
304
1105
1754
2168
2300
2147
1747
1169
501
-165
-751
-1201
-1486
-1606
-1583
-1448
-1235
-968
-661
-316
71
502
965
1430
1846
2144
2248
2094
1642
895
-89
-1207
-2307
-3217
-3770
-3835
-3343
-2309
-839
879
2603
4064
5017
5277
4762
3503
1656
-522
-2713
-4579
-5820
-6224
-5705
-4319
-2259
171
2609
4679
6066
0
0
0
0
0
0
0
0
0
0
0
0
0
0
0
0
0
0
0
0
0
0
0
0
0
0
0
0
0
0
0
0
0
0
0
0
0
0
0
0
0
0
0
0
0
0
0
0
0
0
0
0
0
0
0
0
0
0
0
0
0
0
0
0
0
0
0
6553
6172
5073
3378
1280
-983
-3151
-4969
-6220
-6747
-6473
-5417
-3690
-1485
937
3286
5271
6635
7195
6862
5660
3723
1284
-1351
-3848
-5877
-7169
-7543
-6940
-5429
-3201
-549
2175
4608
6425
7381
7352
6348
4515
2109
-531
-3046
-5093
-6405
-6822
-6314
-4983
-3043
-786
1463
3394
4760
5404
5287
4480
3148
1521
-144
-1613
-2700
-3299
-3389
-3033
-2356
-1515
-669
47
554
828
903
854
776
753
841
1049
1332
1604
1757
1682
1303
599
-383
-1528
-2663
-3590
-4115
-4091
-3448
-2217
-530
1390
3264
4795
5722
5864
5155
3663
1580
-798
-3122
-5041
-6258
-6582
-5960
-4483
-2376
38
2395
4343
5605
6014
5547
4315
2547
545
-1371
-2915
-3884
-4184
-3843
-2995
-1850
-646
395
1113
1434
1378
1053
619
251
94
230
652
1265
1901
2359
2448
2034
1079
-337
-2025
-3703
-5051
-5770
-5639
-4569
-2628
-52
2793
5461
7497
8522
8297
6780
4135
726
-2943
-6307
-8825
-10075
-9830
-8094
-5113
-1336
2657
6246
8873
10135
9850
8082
5134
1496
-2244
-5494
-7759
-8718
-8277
-6576
-3959
-908
2045
4413
5836
6141
5363
3731
1617
-539
-2315
-3389
-3592
-2944
-1638
-1
1573
2714
3140
2723
1518
-246
-2211
-3951
-5067
-5258
-4395
-2548
13
2865
5500
7415
8210
7663
5780
2802
-827
-4532
-7700
-9784
-10402
-9404
-6903
-3261
965
5118
8544
10697
11236
10076
7400
3632
-636
-4744
-8065
-10110
-10600
-9508
-7052
-3657
124
3705
6553
8280
8693
7813
5861
3212
317
-2364
-4450
-5682
-5963
-5356
-4058
-2354
-560
1034
2214
2866
2985
2659
2042
1311
627
106
-202
-314
-299
-253
-267
-404
-676
-1042
-1413
-1675
-1718
-1465
-896
-61
921
1887
2650
3042
2949
2340
1276
-87
-1531
-2802
-3663
-3934
-3532
-2491
-960
816
2539
3903
4652
4627
3796
2267
271
-1869
-3798
-5179
-5758
-5403
-4136
-2130
316
2824
4994
6466
6986
6439
4877
2510
-326
-3215
-5726
-7477
-8191
-7740
-6164
-3664
-578
2671
5632
7889
9119
9134
7912
5596
2476
-1044
-4508
-7456
-9491
-10328
-9833
-8039
-5152
-1521
2400
6109
9119
11017
11524
10535
8137
4605
374
-4015
-7983
-10986
-12594
-12552
-10823
-7598
-3281
1560
6272
10199
12783
13641
12625
9853
5696
728
-4352
-8822
-12043
-13551
-13133
-10857
-7064
-2320
2671
7179
10547
12302
12219
10358
7046
2824
-1638
-5657
-8636
-10163
-10065
-8438
-5613
-2103
1493
4591
6715
7576
7112
5490
3066
320
-2238
-4159
-5131
-5029
-3935
-2114
42
2089
3617
4324
4075
2923
1099
-1033
-3048
-4539
-5193
-4852
-3544
-1480
982
3404
5345
6439
6465
5387
3361
710
-2128
-4685
-6530
-7355
-7018
-5574
-3258
-447
2404
4846
6499
7122
6646
5179
2986
435
-2060
-4120
-5448
-5884
-5415
-4175
-2412
-437
1427
2903
3801
4039
3649
2764
1581
324
-799
-1628
-2074
-2125
-1839
-1323
-707
-117
348
633
729
664
495
287
99
-30
-89
-88
-53
-15
0
-15
-53
-88
-89
-30
99
287
495
664
729
633
348
-117
-707
-1323
-1839
-2125
-2074
-1628
-799
324
1581
2764
3649
4039
3801
2903
1427
-437
-2412
-4175
-5415
-5884
-5448
-4120
-2060
435
2986
5179
6646
7122
6499
4846
2404
-447
-3258
-5574
-7018
-7355
-6530
-4685
-2128
710
3361
5387
6465
6439
5345
3404
982
-1480
-3544
-4852
-5193
-4539
-3048
-1033
1099
2923
4075
4324
3617
2089
42
-2114
-3935
-5029
-5131
-4159
-2238
320
3066
5490
7112
7576
6715
4591
1493
-2103
-5613
-8438
-10065
-10163
-8636
-5657
-1638
2824
7046
10358
12219
12302
10547
7179
2671
-2320
-7064
-10857
-13133
-13551
-12043
-8822
-4352
728
5696
9853
12625
13641
12783
10199
6272
1560
-3281
-7598
-10823
-12552
-12594
-10986
-7983
-4015
374
4605
8137
10535
11524
11017
9119
6109
2400
-1521
-5152
-8039
-9833
-10328
-9491
-7456
-4508
-1044
2476
5596
7912
9134
9119
7889
5632
2671
-578
-3664
-6164
-7740
-8191
-7477
-5726
-3215
-326
2510
4877
6439
6986
6466
4994
2824
316
-2130
-4136
-5403
-5758
-5179
-3798
-1869
271
2267
3796
4627
4652
3903
2539
816
-960
-2491
-3532
-3934
-3663
-2802
-1531
-87
1276
2340
2949
3042
2650
1887
921
-61
-896
-1465
-1718
-1675
-1413
-1042
-676
-404
-267
-253
-299
-314
-202
106
627
1311
2042
2659
2985
2866
2214
1034
-560
-2354
-4058
-5356
-5963
-5682
-4450
-2364
317
3212
5861
7813
8693
8280
6553
3705
124
-3657
-7052
-9508
-10600
-10110
-8065
-4744
-636
3632
7400
10076
11236
10697
8544
5118
965
-3261
-6903
-9404
-10402
-9784
-7700
-4532
-827
2802
5780
7663
8210
7415
5500
2865
13
-2548
-4395
-5258
-5067
-3951
-2211
-246
1518
2723
3140
2714
1573
-1
-1638
-2944
-3592
-3389
-2315
-539
1617
3731
5363
6141
5836
4413
2045
-908
-3959
-6576
-8277
-8718
-7759
-5494
-2244
1496
5134
8082
9850
10135
8873
6246
2657
-1336
-5113
-8094
-9830
-10075
-8825
-6307
-2943
726
4135
6780
8297
8522
7497
5461
2793
-52
-2628
-4569
-5639
-5770
-5051
-3703
-2025
-337
1079
2034
2448
2359
1901
1265
652
230
94
251
619
1053
1378
1434
1113
395
-646
-1850
-2995
-3843
-4184
-3884
-2915
-1371
545
2547
4315
5547
6014
5605
4343
2395
38
-2376
-4483
-5960
-6582
-6258
-5041
-3122
-798
1580
3663
5155
5864
5722
4795
3264
1390
-530
-2217
-3448
-4091
-4115
-3590
-2663
-1528
-383
599
1303
1682
1757
1604
1332
1049
841
753
776
854
903
828
554
47
-669
-1515
-2356
-3033
-3389
-3299
-2700
-1613
-144
1521
3148
4480
5287
5404
4760
3394
1463
-786
-3043
-4983
-6314
-6822
-6405
-5093
-3046
-531
2109
4515
6348
7352
7381
6425
4608
2175
-549
-3201
-5429
-6940
-7543
-7169
-5877
-3848
-1351
1284
3723
5660
6862
7195
6635
5271
3286
937
-1485
-3690
-5417
-6473
-6747
-6220
-4969
-3151
-983
1280
3378
5073
6172
0
0
0
0
0
0
0
0
0
0
0
0
0
0
0
0
0
0
0
0
0
0
0
0
0
0
0
0
0
0
0
0
0
0
0
0
0
0
0
0
0
0
0
0
0
0
0
0
0
0
0
0
0
0
0
0
0
0
0
0
0
0
0
0
0
0
0
