17269
10860
2323
-6503
-13675
-17624
-17552
-13646
-7044
438
6748
10116
9502
4874
-2766
-11612
-19489
-24393
-24992
-20975
-13146
-3247
6453
13713
16874
15271
9419
894
-8039
-14981
-17991
-16075
-9452
484
11483
20977
26708
27284
22529
13547
2464
-8071
-15531
-18124
-15240
-7608
2863
13539
21694
25174
22923
15258
3804
-8879
-19903
-26744
-27847
-23008
-13430
-1444
10040
18230
21115
17953
9452
-2389
-14751
-24660
-29696
-28562
-21402
-9768
3740
16081
24488
27110
23450
14470
2370
-9933
-19489
-23995
-22337
-14836
-3174
10002
21698
29260
30980
26482
16796
4110
-8737
-18907
-24204
-23562
-17269
-6882
5141
16010
23227
25144
21317
12579
836
-11371
-21439
-27272
-27724
-22829
-13764
-2566
8328
16611
20598
19566
13876
4870
-5444
-14830
-21300
-23513
-21037
-14409
-4991
5321
14505
20812
23111
21086
15278
6950
-2178
-10279
-15767
-17601
-15467
-9822
-1797
7032
14943
20394
22308
20275
14624
6366
-2997
-11743
-18255
-21326
-20385
-15618
-7946
1143
9863
16470
19603
18552
13416
5102
-4831
-14468
-21899
-25605
-24765
-19436
-10561
202
10793
19159
23661
23411
18457
9790
-852
-11321
-19489
-23676
-22989
-17506
-8259
2970
14002
22701
27390
27185
22159
13316
2383
-8538
-17386
-22537
-23111
-19117
-11435
-1619
8414
16757
21866
22839
19557
12675
3479
-6373
-15156
-21389
-24077
-22861
-18059
-10579
-1745
6935
14023
18380
19340
16806
11247
3621
-4785
-12557
-18379
-21238
-20593
-16466
-9452
-634
8577
16669
22278
24419
22671
17266
9070
-547
-9934
-17446
-21735
-21998
-18136
-10784
-1216
8878
17691
23626
25585
23172
16768
7458
-3158
-13264
-21146
-25502
-25659
-21680
-14337
-4956
4831
13373
19282
21658
20214
15302
7819
-962
-9610
-16770
-21364
-22742
-20752
-15744
-8489
-60
8328
15489
20425
22454
21302
17139
10562
2517
-5819
-13200
-18490
-20833
-19793
-15444
-8376
370
9452
17427
22985
25167
23534
18256
10098
306
-9595
-18051
-23738
-25781
-23899
-18445
-10342
-916
8328
15950
20809
22233
20100
14836
7317
-1280
-9676
-16676
-21335
-23071
-21720
-17531
-11107
-3316
4831
12303
18167
21692
22436
20294
15522
8715
749
-7315
-14367
-19391
-21614
-20635
-16499
-9718
-1216
7793
15984
22118
25243
24846
20941
14071
5225
-4317
-13185
-20136
-24233
-24981
-22385
-16923
-9452
-1064
7079
13917
18615
20664
19908
16541
11055
4160
-3299
-10441
-16433
-20571
-22346
-21500
-18059
-12350
-4978
3219
11256
18121
22898
24907
23810
19683
13021
4692
-4186
-12397
-18810
-22546
-23111
-20461
-15010
-7549
873
9116
16108
20992
23227
22631
19380
13947
7025
-575
-8021
-14540
-19489
-22393
-22979
-21192
-17198
-11380
-4318
3252
10500
16581
20738
22403
21287
17441
11278
3530
-4831
-12726
-19119
-23164
-24330
-22475
-17858
-11093
-3053
5263
12871
18928
22826
24245
23158
19803
14624
8203
1193
-5740
-11965
-16925
-20162
-21356
-20348
-17173
-12078
-5526
1827
9185
15695
20553
23111
22980
20099
14756
7561
-632
-8844
-16108
-21593
-24718
-25209
-23119
-18786
-12774
-5772
1491
8328
14156
18525
21131
21815
20554
17456
12759
6829
157
-6661
-12962
-18074
-21393
-22467
-21073
-17269
-11407
-4108
3815
11459
17953
22575
24845
24580
21894
17166
10967
3970
-3141
-9741
-15316
-19489
-22014
-22770
-21741
-19008
-14749
-9242
-2876
3856
10372
16048
20279
22562
22571
20219
15695
9452
2160
-5382
-12349
-18005
-21791
-23390
-22743
-20034
-15633
-10027
-3752
2675
8791
14203
18591
21694
23307
23278
21529
18082
13090
6866
-124
-7279
-13920
-19371
-23050
-24552
-23716
-20646
-15704
-9452
-2566
4252
10371
15295
18702
20448
20539
19094
16300
12377
7562
2112
-3683
-9486
-14901
-19489
-22805
-24451
-24142
-21768
-17438
-11484
-4439
3027
10196
16398
21097
23949
24833
23833
21195
17269
12441
7082
1521
-3964
-9127
-13732
-17535
-20273
-21685
-21548
-19726
-16225
-11226
-5098
1631
8328
14339
19077
22108
23198
22340
19731
15719
10741
5241
-379
-5798
-10778
-15145
-18756
-21466
-23111
-23512
-22505
-19986
-15959
-10586
-4196
2727
9595
15790
20750
24052
25465
24976
22770
19180
14624
9523
4248
-917
-5776
-10197
-14077
-17297
-19700
-21088
-21249
-20007
-17276
-13115
-7755
-1596
4831
10938
16157
20031
22272
22793
21697
19237
15748
11578
7027
2319
-2403
-7049
-11537
-15747
-19489
-22499
-24467
-25085
-24121
-21478
-17245
-11701
-5294
1425
7882
13568
18106
21295
23105
23647
23111
21701
19579
16838
13498
9548
4992
-89
-5505
-10937
-15966
-20131
-23004
-24269
-23789
-21632
-18059
-13479
-8369
-3188
1692
6031
9732
12810
15333
17361
18889
19825
19992
19174
17181
13920
9452
4016
-1983
-8031
-13586
-18168
-21437
-23239
-23614
-22759
-20961
-18517
-15660
-12521
-9114
-5374
-1216
3394
8381
13521
18461
22755
25952
27680
27728
26088
22961
18716
13812
8707
3772
-764
-4831
-8490
-11867
-15078
-18157
-21005
-23396
-25007
-25498
-24600
-22191
-18354
-13373
-7699
-1865
3613
8328
12050
14744
16547
17693
18431
18934
19241
19243
18710
17367
14982
11457
6883
1553
-4073
-9452
-14062
-17506
-19582
-20313
-19919
-18745
-17163
-15467
-13805
-12147
-10313
-8037
-5073
-1287
3267
8328
13456
18116
21785
24065
24768
23951
21896
19028
15815
12647
9751
7146
4666
2023
-1077
-4831
-9250
-14115
-19011
-23395
-26721
-28561
-28704
-27204
-24367
-20675
-16664
-12802
-9378
-6445
-3833
-1216
1772
5409
9781
14721
19828
24540
28256
30482
30944
29657
26921
23245
19226
15398
12111
9452
7239
5094
2565
-728
-4965
-10045
-15584
-20986
-25578
-28767
-30179
-29755
-27760
-24720
-21282
-18059
-15470
-13644
-12393
-11282
-9753
-7294
-3603
1312
7104
13150
18690
23005
25590
26278
25276
23111
20490
18120
16519
15885
16045
16506
16589
15621
13129
8982
3453
-2828
-9013
-14239
-17836
-19489
-19316
-17833
-15814
-14091
-13329
-13846
-15527
-17844
-19995
-21112
-20496
-17815
-13207
-7266
-912
4831
9088
11343
11577
10263
8243
6510
5936
7044
9852
13860
18163
21681
23433
22803
19704
14624
8515
2563
-2101
-4690
-4961
-3277
-517
2150
3571
2915
-95
-5096
-11155
-16996
-21313
-23111
-21957
-18111
-12473
-6364
-1202
1858
2218
0
-3978
-8403
-11804
-12923
-11061
-6263
661
8328
15110
19547
20709
18446
13439
7038
933
-3268
-4451
-2288
2670
9109
15281
19436
20270
-17269
-10860
-2323
6503
13675
17624
17552
13646
7044
-438
-6748
-10116
-9502
-4874
2766
11612
19489
24393
24992
20975
13146
3247
-6453
-13713
-16874
-15271
-9419
-894
8039
14981
17991
16075
9452
-484
-11483
-20977
-26708
-27284
-22529
-13547
-2464
8071
15531
18124
15240
7608
-2863
-13539
-21694
-25174
-22923
-15258
-3804
8879
19903
26744
27847
23008
13430
1444
-10040
-18230
-21115
-17953
-9452
2389
14751
24660
29696
28562
21402
9768
-3740
-16081
-24488
-27110
-23450
-14470
-2370
9933
19489
23995
22337
14836
3174
-10002
-21698
-29260
-30980
-26482
-16796
-4110
8737
18907
24204
23562
17269
6882
-5141
-16010
-23227
-25144
-21317
-12579
-836
11371
21439
27272
27724
22829
13764
2566
-8328
-16611
-20598
-19566
-13876
-4870
5444
14830
21300
23513
21037
14409
4991
-5321
-14505
-20812
-23111
-21086
-15278
-6950
2178
10279
15767
17601
15467
9822
1797
-7032
-14943
-20394
-22308
-20275
-14624
-6366
2997
11743
18255
21326
20385
15618
7946
-1143
-9863
-16470
-19603
-18552
-13416
-5102
4831
14468
21899
25605
24765
19436
10561
-202
-10793
-19159
-23661
-23411
-18457
-9790
852
11321
19489
23676
22989
17506
8259
-2970
-14002
-22701
-27390
-27185
-22159
-13316
-2383
8538
17386
22537
23111
19117
11435
1619
-8414
-16757
-21866
-22839
-19557
-12675
-3479
6373
15156
21389
24077
22861
18059
10579
1745
-6935
-14023
-18380
-19340
-16806
-11247
-3621
4785
12557
18379
21238
20593
16466
9452
634
-8577
-16669
-22278
-24419
-22671
-17266
-9070
547
9934
17446
21735
21998
18136
10784
1216
-8878
-17691
-23626
-25585
-23172
-16768
-7458
3158
13264
21146
25502
25659
21680
14337
4956
-4831
-13373
-19282
-21658
-20214
-15302
-7819
962
9610
16770
21364
22742
20752
15744
8489
60
-8328
-15489
-20425
-22454
-21302
-17139
-10562
-2517
5819
13200
18490
20833
19793
15444
8376
-370
-9452
-17427
-22985
-25167
-23534
-18256
-10098
-306
9595
18051
23738
25781
23899
18445
10342
916
-8328
-15950
-20809
-22233
-20100
-14836
-7317
1280
9676
16676
21335
23071
21720
17531
11107
3316
-4831
-12303
-18167
-21692
-22436
-20294
-15522
-8715
-749
7315
14367
19391
21614
20635
16499
9718
1216
-7793
-15984
-22118
-25243
-24846
-20941
-14071
-5225
4317
13185
20136
24233
24981
22385
16923
9452
1064
-7079
-13917
-18615
-20664
-19908
-16541
-11055
-4160
3299
10441
16433
20571
22346
21500
18059
12350
4978
-3219
-11256
-18121
-22898
-24907
-23810
-19683
-13021
-4692
4186
12397
18810
22546
23111
20461
15010
7549
-873
-9116
-16108
-20992
-23227
-22631
-19380
-13947
-7025
575
8021
14540
19489
22393
22979
21192
17198
11380
4318
-3252
-10500
-16581
-20738
-22403
-21287
-17441
-11278
-3530
4831
12726
19119
23164
24330
22475
17858
11093
3053
-5263
-12871
-18928
-22826
-24245
-23158
-19803
-14624
-8203
-1193
5740
11965
16925
20162
21356
20348
17173
12078
5526
-1827
-9185
-15695
-20553
-23111
-22980
-20099
-14756
-7561
632
8844
16108
21593
24718
25209
23119
18786
12774
5772
-1491
-8328
-14156
-18525
-21131
-21815
-20554
-17456
-12759
-6829
-157
6661
12962
18074
21393
22467
21073
17269
11407
4108
-3815
-11459
-17953
-22575
-24845
-24580
-21894
-17166
-10967
-3970
3141
9741
15316
19489
22014
22770
21741
19008
14749
9242
2876
-3856
-10372
-16048
-20279
-22562
-22571
-20219
-15695
-9452
-2160
5382
12349
18005
21791
23390
22743
20034
15633
10027
3752
-2675
-8791
-14203
-18591
-21694
-23307
-23278
-21529
-18082
-13090
-6866
124
7279
13920
19371
23050
24552
23716
20646
15704
9452
2566
-4252
-10371
-15295
-18702
-20448
-20539
-19094
-16300
-12377
-7562
-2112
3683
9486
14901
19489
22805
24451
24142
21768
17438
11484
4439
-3027
-10196
-16398
-21097
-23949
-24833
-23833
-21195
-17269
-12441
-7082
-1521
3964
9127
13732
17535
20273
21685
21548
19726
16225
11226
5098
-1631
-8328
-14339
-19077
-22108
-23198
-22340
-19731
-15719
-10741
-5241
379
5798
10778
15145
18756
21466
23111
23512
22505
19986
15959
10586
4196
-2727
-9595
-15790
-20750
-24052
-25465
-24976
-22770
-19180
-14624
-9523
-4248
917
5776
10197
14077
17297
19700
21088
21249
20007
17276
13115
7755
1596
-4831
-10938
-16157
-20031
-22272
-22793
-21697
-19237
-15748
-11578
-7027
-2319
2403
7049
11537
15747
19489
22499
24467
25085
24121
21478
17245
11701
5294
-1425
-7882
-13568
-18106
-21295
-23105
-23647
-23111
-21701
-19579
-16838
-13498
-9548
-4992
89
5505
10937
15966
20131
23004
24269
23789
21632
18059
13479
8369
3188
-1692
-6031
-9732
-12810
-15333
-17361
-18889
-19825
-19992
-19174
-17181
-13920
-9452
-4016
1983
8031
13586
18168
21437
23239
23614
22759
20961
18517
15660
12521
9114
5374
1216
-3394
-8381
-13521
-18461
-22755
-25952
-27680
-27728
-26088
-22961
-18716
-13812
-8707
-3772
764
4831
8490
11867
15078
18157
21005
23396
25007
25498
24600
22191
18354
13373
7699
1865
-3613
-8328
-12050
-14744
-16547
-17693
-18431
-18934
-19241
-19243
-18710
-17367
-14982
-11457
-6883
-1553
4073
9452
14062
17506
19582
20313
19919
18745
17163
15467
13805
12147
10313
8037
5073
1287
-3267
-8328
-13456
-18116
-21785
-24065
-24768
-23951
-21896
-19028
-15815
-12647
-9751
-7146
-4666
-2023
1077
4831
9250
14115
19011
23395
26721
28561
28704
27204
24367
20675
16664
12802
9378
6445
3833
1216
-1772
-5409
-9781
-14721
-19828
-24540
-28256
-30482
-30944
-29657
-26921
-23245
-19226
-15398
-12111
-9452
-7239
-5094
-2565
728
4965
10045
15584
20986
25578
28767
30179
29755
27760
24720
21282
18059
15470
13644
12393
11282
9753
7294
3603
-1312
-7104
-13150
-18690
-23005
-25590
-26278
-25276
-23111
-20490
-18120
-16519
-15885
-16045
-16506
-16589
-15621
-13129
-8982
-3453
2828
9013
14239
17836
19489
19316
17833
15814
14091
13329
13846
15527
17844
19995
21112
20496
17815
13207
7266
912
-4831
-9088
-11343
-11577
-10263
-8243
-6510
-5936
-7044
-9852
-13860
-18163
-21681
-23433
-22803
-19704
-14624
-8515
-2563
2101
4690
4961
3277
517
-2150
-3571
-2915
95
5096
11155
16996
21313
23111
21957
18111
12473
6364
1202
-1858
-2218
0
3978
8403
11804
12923
11061
6263
-661
-8328
-15110
-19547
-20709
-18446
-13439
-7038
-933
3268
4451
2288
-2670
-9109
-15281
-19436
-20270
-17269
-10860
-2323
6503
13675
17624
17552
13646
7044
-438
-6748
-10116
-9502
-4874
2766
11612
19489
24393
24992
20975
13146
3247
-6453
-13713
-16874
-15271
-9419
-894
8039
14981
17991
16075
9452
-484
-11483
-20977
-26708
-27284
-22529
-13547
-2464
8071
15531
18124
15240
7608
-2863
-13539
-21694
-25174
-22923
-15258
-3804
8879
19903
26744
27847
23008
13430
1444
-10040
-18230
-21115
-17953
-9452
2389
14751
24660
29696
28562
21402
9768
-3740
-16081
-24488
-27110
-23450
-14470
-2370
9933
19489
23995
22337
14836
3174
-10002
-21698
-29260
-30980
-26482
-16796
-4110
8737
18907
24204
23562
17269
6882
-5141
-16010
-23227
-25144
-21317
-12579
-836
11371
21439
27272
27724
22829
13764
2566
-8328
-16611
-20598
-19566
-13876
-4870
5444
14830
21300
23513
21037
14409
4991
-5321
-14505
-20812
-23111
-21086
-15278
-6950
2178
10279
15767
17601
15467
9822
1797
-7032
-14943
-20394
-22308
-20275
-14624
-6366
2997
11743
18255
21326
20385
15618
7946
-1143
-9863
-16470
-19603
-18552
-13416
-5102
4831
14468
21899
25605
24765
19436
10561
-202
-10793
-19159
-23661
-23411
-18457
-9790
852
11321
19489
23676
22989
17506
8259
-2970
-14002
-22701
-27390
-27185
-22159
-13316
-2383
8538
17386
22537
23111
19117
11435
1619
-8414
-16757
-21866
-22839
-19557
-12675
-3479
6373
15156
21389
24077
22861
18059
10579
1745
-6935
-14023
-18380
-19340
-16806
-11247
-3621
4785
12557
18379
21238
20593
16466
9452
634
-8577
-16669
-22278
-24419
-22671
-17266
-9070
547
9934
17446
21735
21998
18136
10784
1216
-8878
-17691
-23626
-25585
-23172
-16768
-7458
3158
13264
21146
25502
25659
21680
14337
4956
-4831
-13373
-19282
-21658
-20214
-15302
-7819
962
9610
16770
21364
22742
20752
15744
8489
60
-8328
-15489
-20425
-22454
-21302
-17139
-10562
-2517
5819
13200
18490
20833
19793
15444
8376
-370
-9452
-17427
-22985
-25167
-23534
-18256
-10098
-306
9595
18051
23738
25781
23899
18445
10342
916
-8328
-15950
-20809
-22233
-20100
-14836
-7317
1280
9676
16676
21335
23071
21720
17531
11107
3316
-4831
-12303
-18167
-21692
-22436
-20294
-15522
-8715
-749
7315
14367
19391
21614
20635
16499
9718
1216
-7793
-15984
-22118
-25243
-24846
-20941
-14071
-5225
4317
13185
20136
24233
24981
22385
16923
9452
1064
-7079
-13917
-18615
-20664
-19908
-16541
-11055
-4160
3299
10441
16433
20571
22346
21500
18059
12350
4978
-3219
-11256
-18121
-22898
-24907
-23810
-19683
-13021
-4692
4186
12397
18810
22546
23111
20461
15010
7549
-873
-9116
-16108
-20992
-23227
-22631
-19380
-13947
-7025
575
8021
14540
19489
22393
22979
21192
17198
11380
4318
-3252
-10500
-16581
-20738
-22403
-21287
-17441
-11278
-3530
4831
12726
19119
23164
24330
22475
17858
11093
3053
-5263
-12871
-18928
-22826
-24245
-23158
-19803
-14624
-8203
-1193
5740
11965
16925
20162
21356
20348
17173
12078
5526
-1827
-9185
-15695
-20553
-23111
-22980
-20099
-14756
-7561
632
8844
16108
21593
24718
25209
23119
18786
12774
5772
-1491
-8328
-14156
-18525
-21131
-21815
-20554
-17456
-12759
-6829
-157
6661
12962
18074
21393
22467
21073
17269
11407
4108
-3815
-11459
-17953
-22575
-24845
-24580
-21894
-17166
-10967
-3970
3141
9741
15316
19489
22014
22770
21741
19008
14749
9242
2876
-3856
-10372
-16048
-20279
-22562
-22571
-20219
-15695
-9452
-2160
5382
12349
18005
21791
23390
22743
20034
15633
10027
3752
-2675
-8791
-14203
-18591
-21694
-23307
-23278
-21529
-18082
-13090
-6866
124
7279
13920
19371
23050
24552
23716
20646
15704
9452
2566
-4252
-10371
-15295
-18702
-20448
-20539
-19094
-16300
-12377
-7562
-2112
3683
9486
14901
19489
22805
24451
24142
21768
17438
11484
4439
-3027
-10196
-16398
-21097
-23949
-24833
-23833
-21195
-17269
-12441
-7082
-1521
3964
9127
13732
17535
20273
21685
21548
19726
16225
11226
5098
-1631
-8328
-14339
-19077
-22108
-23198
-22340
-19731
-15719
-10741
-5241
379
5798
10778
15145
18756
21466
23111
23512
22505
19986
15959
10586
4196
-2727
-9595
-15790
-20750
-24052
-25465
-24976
-22770
-19180
-14624
-9523
-4248
917
5776
10197
14077
17297
19700
21088
21249
20007
17276
13115
7755
1596
-4831
-10938
-16157
-20031
-22272
-22793
-21697
-19237
-15748
-11578
-7027
-2319
2403
7049
11537
15747
19489
22499
24467
25085
24121
21478
17245
11701
5294
-1425
-7882
-13568
-18106
-21295
-23105
-23647
-23111
-21701
-19579
-16838
-13498
-9548
-4992
89
5505
10937
15966
20131
23004
24269
23789
21632
18059
13479
8369
3188
-1692
-6031
-9732
-12810
-15333
-17361
-18889
-19825
-19992
-19174
-17181
-13920
-9452
-4016
1983
8031
13586
18168
21437
23239
23614
22759
20961
18517
15660
12521
9114
5374
1216
-3394
-8381
-13521
-18461
-22755
-25952
-27680
-27728
-26088
-22961
-18716
-13812
-8707
-3772
764
4831
8490
11867
15078
18157
21005
23396
25007
25498
24600
22191
18354
13373
7699
1865
-3613
-8328
-12050
-14744
-16547
-17693
-18431
-18934
-19241
-19243
-18710
-17367
-14982
-11457
-6883
-1553
4073
9452
14062
17506
19582
20313
19919
18745
17163
15467
13805
12147
10313
8037
5073
1287
-3267
-8328
-13456
-18116
-21785
-24065
-24768
-23951
-21896
-19028
-15815
-12647
-9751
-7146
-4666
-2023
1077
4831
9250
14115
19011
23395
26721
28561
28704
27204
24367
20675
16664
12802
9378
6445
3833
1216
-1772
-5409
-9781
-14721
-19828
-24540
-28256
-30482
-30944
-29657
-26921
-23245
-19226
-15398
-12111
-9452
-7239
-5094
-2565
728
4965
10045
15584
20986
25578
28767
30179
29755
27760
24720
21282
18059
15470
13644
12393
11282
9753
7294
3603
-1312
-7104
-13150
-18690
-23005
-25590
-26278
-25276
-23111
-20490
-18120
-16519
-15885
-16045
-16506
-16589
-15621
-13129
-8982
-3453
2828
9013
14239
17836
19489
19316
17833
15814
14091
13329
13846
15527
17844
19995
21112
20496
17815
13207
7266
912
-4831
-9088
-11343
-11577
-10263
-8243
-6510
-5936
-7044
-9852
-13860
-18163
-21681
-23433
-22803
-19704
-14624
-8515
-2563
2101
4690
4961
3277
517
-2150
-3571
-2915
95
5096
11155
16996
21313
23111
21957
18111
12473
6364
1202
-1858
-2218
0
3978
8403
11804
12923
11061
6263
-661
-8328
-15110
-19547
-20709
-18446
-13439
-7038
-933
3268
4451
2288
-2670
-9109
-15281
-19436
-20270
-17269
-10860
-2323
6503
13675
17624
17552
13646
7044
-438
-6748
-10116
-9502
-4874
2766
11612
19489
24393
24992
20975
13146
3247
-6453
-13713
-16874
-15271
-9419
-894
8039
14981
17991
16075
9452
-484
-11483
-20977
-26708
-27284
-22529
-13547
-2464
8071
15531
18124
15240
7608
-2863
-13539
-21694
-25174
-22923
-15258
-3804
8879
19903
26744
27847
23008
13430
1444
-10040
-18230
-21115
-17953
-9452
2389
14751
24660
29696
28562
21402
9768
-3740
-16081
-24488
-27110
-23450
-14470
-2370
9933
19489
23995
22337
14836
3174
-10002
-21698
-29260
-30980
-26482
-16796
-4110
8737
18907
24204
23562
17269
6882
-5141
-16010
-23227
-25144
-21317
-12579
-836
11371
21439
27272
27724
22829
13764
2566
-8328
-16611
-20598
-19566
-13876
-4870
5444
14830
21300
23513
21037
14409
4991
-5321
-14505
-20812
-23111
-21086
-15278
-6950
2178
10279
15767
17601
15467
9822
1797
-7032
-14943
-20394
-22308
-20275
-14624
-6366
2997
11743
18255
21326
20385
15618
7946
-1143
-9863
-16470
-19603
-18552
-13416
-5102
4831
14468
21899
25605
24765
19436
10561
-202
-10793
-19159
-23661
-23411
-18457
-9790
852
11321
19489
23676
22989
17506
8259
-2970
-14002
-22701
-27390
-27185
-22159
-13316
-2383
8538
17386
22537
23111
19117
11435
1619
-8414
-16757
-21866
-22839
-19557
-12675
-3479
6373
15156
21389
24077
22861
18059
10579
1745
-6935
-14023
-18380
-19340
-16806
-11247
-3621
4785
12557
18379
21238
20593
16466
9452
634
-8577
-16669
-22278
-24419
-22671
-17266
-9070
547
9934
17446
21735
21998
18136
10784
1216
-8878
-17691
-23626
-25585
-23172
-16768
-7458
3158
13264
21146
25502
25659
21680
14337
4956
-4831
-13373
-19282
-21658
-20214
-15302
-7819
962
9610
16770
21364
22742
20752
15744
8489
60
-8328
-15489
-20425
-22454
-21302
-17139
-10562
-2517
5819
13200
18490
20833
19793
15444
8376
-370
-9452
-17427
-22985
-25167
-23534
-18256
-10098
-306
9595
18051
23738
25781
23899
18445
10342
916
-8328
-15950
-20809
-22233
-20100
-14836
-7317
1280
9676
16676
21335
23071
21720
17531
11107
3316
-4831
-12303
-18167
-21692
-22436
-20294
-15522
-8715
-749
7315
14367
19391
21614
20635
16499
9718
1216
-7793
-15984
-22118
-25243
-24846
-20941
-14071
-5225
4317
13185
20136
24233
24981
22385
16923
9452
1064
-7079
-13917
-18615
-20664
-19908
-16541
-11055
-4160
3299
10441
16433
20571
22346
21500
18059
12350
4978
-3219
-11256
-18121
-22898
-24907
-23810
-19683
-13021
-4692
4186
12397
18810
22546
23111
20461
15010
7549
-873
-9116
-16108
-20992
-23227
-22631
-19380
-13947
-7025
575
8021
14540
19489
22393
22979
21192
17198
11380
4318
-3252
-10500
-16581
-20738
-22403
-21287
-17441
-11278
-3530
4831
12726
19119
23164
24330
22475
17858
11093
3053
-5263
-12871
-18928
-22826
-24245
-23158
-19803
-14624
-8203
-1193
5740
11965
16925
20162
21356
20348
17173
12078
5526
-1827
-9185
-15695
-20553
-23111
-22980
-20099
-14756
-7561
632
8844
16108
21593
24718
25209
23119
18786
12774
5772
-1491
-8328
-14156
-18525
-21131
-21815
-20554
-17456
-12759
-6829
-157
6661
12962
18074
21393
22467
21073
17269
11407
4108
-3815
-11459
-17953
-22575
-24845
-24580
-21894
-17166
-10967
-3970
3141
9741
15316
19489
22014
22770
21741
19008
14749
9242
2876
-3856
-10372
-16048
-20279
-22562
-22571
-20219
-15695
-9452
-2160
5382
12349
18005
21791
23390
22743
20034
15633
10027
3752
-2675
-8791
-14203
-18591
-21694
-23307
-23278
-21529
-18082
-13090
-6866
124
7279
13920
19371
23050
24552
23716
20646
15704
9452
2566
-4252
-10371
-15295
-18702
-20448
-20539
-19094
-16300
-12377
-7562
-2112
3683
9486
14901
19489
22805
24451
24142
21768
17438
11484
4439
-3027
-10196
-16398
-21097
-23949
-24833
-23833
-21195
-17269
-12441
-7082
-1521
3964
9127
13732
17535
20273
21685
21548
19726
16225
11226
5098
-1631
-8328
-14339
-19077
-22108
-23198
-22340
-19731
-15719
-10741
-5241
379
5798
10778
15145
18756
21466
23111
23512
22505
19986
15959
10586
4196
-2727
-9595
-15790
-20750
-24052
-25465
-24976
-22770
-19180
-14624
-9523
-4248
917
5776
10197
14077
17297
19700
21088
21249
20007
17276
13115
7755
1596
-4831
-10938
-16157
-20031
-22272
-22793
-21697
-19237
-15748
-11578
-7027
-2319
2403
7049
11537
15747
19489
22499
24467
25085
24121
21478
17245
11701
5294
-1425
-7882
-13568
-18106
-21295
-23105
-23647
-23111
-21701
-19579
-16838
-13498
-9548
-4992
89
5505
10937
15966
20131
23004
24269
23789
21632
18059
13479
8369
3188
-1692
-6031
-9732
-12810
-15333
-17361
-18889
-19825
-19992
-19174
-17181
-13920
-9452
-4016
1983
8031
13586
18168
21437
23239
23614
22759
20961
18517
15660
12521
9114
5374
1216
-3394
-8381
-13521
-18461
-22755
-25952
-27680
-27728
-26088
-22961
-18716
-13812
-8707
-3772
764
4831
8490
11867
15078
18157
21005
23396
25007
25498
24600
22191
18354
13373
7699
1865
-3613
-8328
-12050
-14744
-16547
-17693
-18431
-18934
-19241
-19243
-18710
-17367
-14982
-11457
-6883
-1553
4073
9452
14062
17506
19582
20313
19919
18745
17163
15467
13805
12147
10313
8037
5073
1287
-3267
-8328
-13456
-18116
-21785
-24065
-24768
-23951
-21896
-19028
-15815
-12647
-9751
-7146
-4666
-2023
1077
4831
9250
14115
19011
23395
26721
28561
28704
27204
24367
20675
16664
12802
9378
6445
3833
1216
-1772
-5409
-9781
-14721
-19828
-24540
-28256
-30482
-30944
-29657
-26921
-23245
-19226
-15398
-12111
-9452
-7239
-5094
-2565
728
4965
10045
15584
20986
25578
28767
30179
29755
27760
24720
21282
18059
15470
13644
12393
11282
9753
7294
3603
-1312
-7104
-13150
-18690
-23005
-25590
-26278
-25276
-23111
-20490
-18120
-16519
-15885
-16045
-16506
-16589
-15621
-13129
-8982
-3453
2828
9013
14239
17836
19489
19316
17833
15814
14091
13329
13846
15527
17844
19995
21112
20496
17815
13207
7266
912
-4831
-9088
-11343
-11577
-10263
-8243
-6510
-5936
-7044
-9852
-13860
-18163
-21681
-23433
-22803
-19704
-14624
-8515
-2563
2101
4690
4961
3277
517
-2150
-3571
-2915
95
5096
11155
16996
21313
23111
21957
18111
12473
6364
1202
-1858
-2218
0
3978
8403
11804
12923
11061
6263
-661
-8328
-15110
-19547
-20709
-18446
-13439
-7038
-933
3268
4451
2288
-2670
-9109
-15281
-19436
-20270
-17269
-10860
-2323
6503
13675
17624
17552
13646
7044
-438
-6748
-10116
-9502
-4874
2766
11612
19489
24393
24992
20975
13146
3247
-6453
-13713
-16874
-15271
-9419
-894
8039
14981
17991
16075
9452
-484
-11483
-20977
-26708
-27284
-22529
-13547
-2464
8071
15531
18124
15240
7608
-2863
-13539
-21694
-25174
-22923
-15258
-3804
8879
19903
26744
27847
23008
13430
1444
-10040
-18230
-21115
-17953
-9452
2389
14751
24660
29696
28562
21402
9768
-3740
-16081
-24488
-27110
-23450
-14470
-2370
9933
19489
23995
22337
14836
3174
-10002
-21698
-29260
-30980
-26482
-16796
-4110
8737
18907
24204
23562
17269
6882
-5141
-16010
-23227
-25144
-21317
-12579
-836
11371
21439
27272
27724
22829
13764
2566
-8328
-16611
-20598
-19566
-13876
-4870
5444
14830
21300
23513
21037
14409
4991
-5321
-14505
-20812
-23111
-21086
-15278
-6950
2178
10279
15767
17601
15467
9822
1797
-7032
-14943
-20394
-22308
-20275
-14624
-6366
2997
11743
18255
21326
20385
15618
7946
-1143
-9863
-16470
-19603
-18552
-13416
-5102
4831
14468
21899
25605
24765
19436
10561
-202
-10793
-19159
-23661
-23411
-18457
-9790
852
11321
19489
23676
22989
17506
8259
-2970
-14002
-22701
-27390
-27185
-22159
-13316
-2383
8538
17386
22537
23111
19117
11435
1619
-8414
-16757
-21866
-22839
-19557
-12675
-3479
6373
15156
21389
24077
22861
18059
10579
1745
-6935
-14023
-18380
-19340
-16806
-11247
-3621
4785
12557
18379
21238
20593
16466
9452
634
-8577
-16669
-22278
-24419
-22671
-17266
-9070
547
9934
17446
21735
21998
18136
10784
1216
-8878
-17691
-23626
-25585
-23172
-16768
-7458
3158
13264
21146
25502
25659
21680
14337
4956
-4831
-13373
-19282
-21658
-20214
-15302
-7819
962
9610
16770
21364
22742
20752
15744
8489
60
-8328
-15489
-20425
-22454
-21302
-17139
-10562
-2517
5819
13200
18490
20833
19793
15444
8376
-370
-9452
-17427
-22985
-25167
-23534
-18256
-10098
-306
9595
18051
23738
25781
23899
18445
10342
916
-8328
-15950
-20809
-22233
-20100
-14836
-7317
1280
9676
16676
21335
23071
21720
17531
11107
3316
-4831
-12303
-18167
-21692
-22436
-20294
-15522
-8715
-749
7315
14367
19391
21614
20635
16499
9718
1216
-7793
-15984
-22118
-25243
-24846
-20941
-14071
-5225
4317
13185
20136
24233
24981
22385
16923
9452
1064
-7079
-13917
-18615
-20664
-19908
-16541
-11055
-4160
3299
10441
16433
20571
22346
21500
18059
12350
4978
-3219
-11256
-18121
-22898
-24907
-23810
-19683
-13021
-4692
4186
12397
18810
22546
23111
20461
15010
7549
-873
-9116
-16108
-20992
-23227
-22631
-19380
-13947
-7025
575
8021
14540
19489
22393
22979
21192
17198
11380
4318
-3252
-10500
-16581
-20738
-22403
-21287
-17441
-11278
-3530
4831
12726
19119
23164
24330
22475
17858
11093
3053
-5263
-12871
-18928
-22826
-24245
-23158
-19803
-14624
-8203
-1193
5740
11965
16925
20162
21356
20348
17173
12078
5526
-1827
-9185
-15695
-20553
-23111
-22980
-20099
-14756
-7561
632
8844
16108
21593
24718
25209
23119
18786
12774
5772
-1491
-8328
-14156
-18525
-21131
-21815
-20554
-17456
-12759
-6829
-157
6661
12962
18074
21393
22467
21073
17269
11407
4108
-3815
-11459
-17953
-22575
-24845
-24580
-21894
-17166
-10967
-3970
3141
9741
15316
19489
22014
22770
21741
19008
14749
9242
2876
-3856
-10372
-16048
-20279
-22562
-22571
-20219
-15695
-9452
-2160
5382
12349
18005
21791
23390
22743
20034
15633
10027
3752
-2675
-8791
-14203
-18591
-21694
-23307
-23278
-21529
-18082
-13090
-6866
124
7279
13920
19371
23050
24552
23716
20646
15704
9452
2566
-4252
-10371
-15295
-18702
-20448
-20539
-19094
-16300
-12377
-7562
-2112
3683
9486
14901
19489
22805
24451
24142
21768
17438
11484
4439
-3027
-10196
-16398
-21097
-23949
-24833
-23833
-21195
-17269
-12441
-7082
-1521
3964
9127
13732
17535
20273
21685
21548
19726
16225
11226
5098
-1631
-8328
-14339
-19077
-22108
-23198
-22340
-19731
-15719
-10741
-5241
379
5798
10778
15145
18756
21466
23111
23512
22505
19986
15959
10586
4196
-2727
-9595
-15790
-20750
-24052
-25465
-24976
-22770
-19180
-14624
-9523
-4248
917
5776
10197
14077
17297
19700
21088
21249
20007
17276
13115
7755
1596
-4831
-10938
-16157
-20031
-22272
-22793
-21697
-19237
-15748
-11578
-7027
-2319
2403
7049
11537
15747
19489
22499
24467
25085
24121
21478
17245
11701
5294
-1425
-7882
-13568
-18106
-21295
-23105
-23647
-23111
-21701
-19579
-16838
-13498
-9548
-4992
89
5505
10937
15966
20131
23004
24269
23789
21632
18059
13479
8369
3188
-1692
-6031
-9732
-12810
-15333
-17361
-18889
-19825
-19992
-19174
-17181
-13920
-9452
-4016
1983
8031
13586
18168
21437
23239
23614
22759
20961
18517
15660
12521
9114
5374
1216
-3394
-8381
-13521
-18461
-22755
-25952
-27680
-27728
-26088
-22961
-18716
-13812
-8707
-3772
764
4831
8490
11867
15078
18157
21005
23396
25007
25498
24600
22191
18354
13373
7699
1865
-3613
-8328
-12050
-14744
-16547
-17693
-18431
-18934
-19241
-19243
-18710
-17367
-14982
-11457
-6883
-1553
4073
9452
14062
17506
19582
20313
19919
18745
17163
15467
13805
12147
10313
8037
5073
1287
-3267
-8328
-13456
-18116
-21785
-24065
-24768
-23951
-21896
-19028
-15815
-12647
-9751
-7146
-4666
-2023
1077
4831
9250
14115
19011
23395
26721
28561
28704
27204
24367
20675
16664
12802
9378
6445
3833
1216
-1772
-5409
-9781
-14721
-19828
-24540
-28256
-30482
-30944
-29657
-26921
-23245
-19226
-15398
-12111
-9452
-7239
-5094
-2565
728
4965
10045
15584
20986
25578
28767
30179
29755
27760
24720
21282
18059
15470
13644
12393
11282
9753
7294
3603
-1312
-7104
-13150
-18690
-23005
-25590
-26278
-25276
-23111
-20490
-18120
-16519
-15885
-16045
-16506
-16589
-15621
-13129
-8982
-3453
2828
9013
14239
17836
19489
19316
17833
15814
14091
13329
13846
15527
17844
19995
21112
20496
17815
13207
7266
912
-4831
-9088
-11343
-11577
-10263
-8243
-6510
-5936
-7044
-9852
-13860
-18163
-21681
-23433
-22803
-19704
-14624
-8515
-2563
2101
4690
4961
3277
517
-2150
-3571
-2915
95
5096
11155
16996
21313
23111
21957
18111
12473
6364
1202
-1858
-2218
0
3978
8403
11804
12923
11061
6263
-661
-8328
-15110
-19547
-20709
-18446
-13439
-7038
-933
3268
4451
2288
-2670
-9109
-15281
-19436
-20270
-17269
-10860
-2323
6503
13675
17624
17552
13646
7044
-438
-6748
-10116
-9502
-4874
2766
11612
19489
24393
24992
20975
13146
3247
-6453
-13713
-16874
-15271
-9419
-894
8039
14981
17991
16075
9452
-484
-11483
-20977
-26708
-27284
-22529
-13547
-2464
8071
15531
18124
15240
7608
-2863
-13539
-21694
-25174
-22923
-15258
-3804
8879
19903
26744
27847
23008
13430
1444
-10040
-18230
-21115
-17953
-9452
2389
14751
24660
29696
28562
21402
9768
-3740
-16081
-24488
-27110
-23450
-14470
-2370
9933
19489
23995
22337
14836
3174
-10002
-21698
-29260
-30980
-26482
-16796
-4110
8737
18907
24204
23562
17269
6882
-5141
-16010
-23227
-25144
-21317
-12579
-836
11371
21439
27272
27724
22829
13764
2566
-8328
-16611
-20598
-19566
-13876
-4870
5444
14830
21300
23513
21037
14409
4991
-5321
-14505
-20812
-23111
-21086
-15278
-6950
2178
10279
15767
17601
15467
9822
1797
-7032
-14943
-20394
-22308
-20275
-14624
-6366
2997
11743
18255
21326
20385
15618
7946
-1143
-9863
-16470
-19603
-18552
-13416
-5102
4831
14468
21899
25605
24765
19436
10561
-202
-10793
-19159
-23661
-23411
-18457
-9790
852
11321
19489
23676
22989
17506
8259
-2970
-14002
-22701
-27390
-27185
-22159
-13316
-2383
8538
17386
22537
23111
19117
11435
1619
-8414
-16757
-21866
-22839
-19557
-12675
-3479
6373
15156
21389
24077
22861
18059
10579
1745
-6935
-14023
-18380
-19340
-16806
-11247
-3621
4785
12557
18379
21238
20593
16466
9452
634
-8577
-16669
-22278
-24419
-22671
-17266
-9070
547
9934
17446
21735
21998
18136
10784
1216
-8878
-17691
-23626
-25585
-23172
-16768
-7458
3158
13264
21146
25502
25659
21680
14337
4956
-4831
-13373
-19282
-21658
-20214
-15302
-7819
962
9610
16770
21364
22742
20752
15744
8489
60
-8328
-15489
-20425
-22454
-21302
-17139
-10562
-2517
5819
13200
18490
20833
19793
15444
8376
-370
-9452
-17427
-22985
-25167
-23534
-18256
-10098
-306
9595
18051
23738
25781
23899
18445
10342
916
-8328
-15950
-20809
-22233
-20100
-14836
-7317
1280
9676
16676
21335
23071
21720
17531
11107
3316
-4831
-12303
-18167
-21692
-22436
-20294
-15522
-8715
-749
7315
14367
19391
21614
20635
16499
9718
1216
-7793
-15984
-22118
-25243
-24846
-20941
-14071
-5225
4317
13185
20136
24233
24981
22385
16923
9452
1064
-7079
-13917
-18615
-20664
-19908
-16541
-11055
-4160
3299
10441
16433
20571
22346
21500
18059
12350
4978
-3219
-11256
-18121
-22898
-24907
-23810
-19683
-13021
-4692
4186
12397
18810
22546
23111
20461
15010
7549
-873
-9116
-16108
-20992
-23227
-22631
-19380
-13947
-7025
575
8021
14540
19489
22393
22979
21192
17198
11380
4318
-3252
-10500
-16581
-20738
-22403
-21287
-17441
-11278
-3530
4831
12726
19119
23164
24330
22475
17858
11093
3053
-5263
-12871
-18928
-22826
-24245
-23158
-19803
-14624
-8203
-1193
5740
11965
16925
20162
21356
20348
17173
12078
5526
-1827
-9185
-15695
-20553
-23111
-22980
-20099
-14756
-7561
632
8844
16108
21593
24718
25209
23119
18786
12774
5772
-1491
-8328
-14156
-18525
-21131
-21815
-20554
-17456
-12759
-6829
-157
6661
12962
18074
21393
22467
21073
17269
11407
4108
-3815
-11459
-17953
-22575
-24845
-24580
-21894
-17166
-10967
-3970
3141
9741
15316
19489
22014
22770
21741
19008
14749
9242
2876
-3856
-10372
-16048
-20279
-22562
-22571
-20219
-15695
-9452
-2160
5382
12349
18005
21791
23390
22743
20034
15633
10027
3752
-2675
-8791
-14203
-18591
-21694
-23307
-23278
-21529
-18082
-13090
-6866
124
7279
13920
19371
23050
24552
23716
20646
15704
9452
2566
-4252
-10371
-15295
-18702
-20448
-20539
-19094
-16300
-12377
-7562
-2112
3683
9486
14901
19489
22805
24451
24142
21768
17438
11484
4439
-3027
-10196
-16398
-21097
-23949
-24833
-23833
-21195
-17269
-12441
-7082
-1521
3964
9127
13732
17535
20273
21685
21548
19726
16225
11226
5098
-1631
-8328
-14339
-19077
-22108
-23198
-22340
-19731
-15719
-10741
-5241
379
5798
10778
15145
18756
21466
23111
23512
22505
19986
15959
10586
4196
-2727
-9595
-15790
-20750
-24052
-25465
-24976
-22770
-19180
-14624
-9523
-4248
917
5776
10197
14077
17297
19700
21088
21249
20007
17276
13115
7755
1596
-4831
-10938
-16157
-20031
-22272
-22793
-21697
-19237
-15748
-11578
-7027
-2319
2403
7049
11537
15747
19489
22499
24467
25085
24121
21478
17245
11701
5294
-1425
-7882
-13568
-18106
-21295
-23105
-23647
-23111
-21701
-19579
-16838
-13498
-9548
-4992
89
5505
10937
15966
20131
23004
24269
23789
21632
18059
13479
8369
3188
-1692
-6031
-9732
-12810
-15333
-17361
-18889
-19825
-19992
-19174
-17181
-13920
-9452
-4016
1983
8031
13586
18168
21437
23239
23614
22759
20961
18517
15660
12521
9114
5374
1216
-3394
-8381
-13521
-18461
-22755
-25952
-27680
-27728
-26088
-22961
-18716
-13812
-8707
-3772
764
4831
8490
11867
15078
18157
21005
23396
25007
25498
24600
22191
18354
13373
7699
1865
-3613
-8328
-12050
-14744
-16547
-17693
-18431
-18934
-19241
-19243
-18710
-17367
-14982
-11457
-6883
-1553
4073
9452
14062
17506
19582
20313
19919
18745
17163
15467
13805
12147
10313
8037
5073
1287
-3267
-8328
-13456
-18116
-21785
-24065
-24768
-23951
-21896
-19028
-15815
-12647
-9751
-7146
-4666
-2023
1077
4831
9250
14115
19011
23395
26721
28561
28704
27204
24367
20675
16664
12802
9378
6445
3833
1216
-1772
-5409
-9781
-14721
-19828
-24540
-28256
-30482
-30944
-29657
-26921
-23245
-19226
-15398
-12111
-9452
-7239
-5094
-2565
728
4965
10045
15584
20986
25578
28767
30179
29755
27760
24720
21282
18059
15470
13644
12393
11282
9753
7294
3603
-1312
-7104
-13150
-18690
-23005
-25590
-26278
-25276
-23111
-20490
-18120
-16519
-15885
-16045
-16506
-16589
-15621
-13129
-8982
-3453
2828
9013
14239
17836
19489
19316
17833
15814
14091
13329
13846
15527
17844
19995
21112
20496
17815
13207
7266
912
-4831
-9088
-11343
-11577
-10263
-8243
-6510
-5936
-7044
-9852
-13860
-18163
-21681
-23433
-22803
-19704
-14624
-8515
-2563
2101
4690
4961
3277
517
-2150
-3571
-2915
95
5096
11155
16996
21313
23111
21957
18111
12473
6364
1202
-1858
-2218
0
3978
8403
11804
12923
11061
6263
-661
-8328
-15110
-19547
-20709
-18446
-13439
-7038
-933
3268
4451
2288
-2670
-9109
-15281
-19436
-20270
17269
10860
2323
-6503
-13675
-17624
-17552
-13646
-7044
438
6748
10116
9502
4874
-2766
-11612
-19489
-24393
-24992
-20975
-13146
-3247
6453
13713
16874
15271
9419
894
-8039
-14981
-17991
-16075
-9452
484
11483
20977
26708
27284
22529
13547
2464
-8071
-15531
-18124
-15240
-7608
2863
13539
21694
25174
22923
15258
3804
-8879
-19903
-26744
-27847
-23008
-13430
-1444
10040
18230
21115
17953
9452
-2389
-14751
-24660
-29696
-28562
-21402
-9768
3740
16081
24488
27110
23450
14470
2370
-9933
-19489
-23995
-22337
-14836
-3174
10002
21698
29260
30980
26482
16796
4110
-8737
-18907
-24204
-23562
-17269
-6882
5141
16010
23227
25144
21317
12579
836
-11371
-21439
-27272
-27724
-22829
-13764
-2566
8328
16611
20598
19566
13876
4870
-5444
-14830
-21300
-23513
-21037
-14409
-4991
5321
14505
20812
23111
21086
15278
6950
-2178
-10279
-15767
-17601
-15467
-9822
-1797
7032
14943
20394
22308
20275
14624
6366
-2997
-11743
-18255
-21326
-20385
-15618
-7946
1143
9863
16470
19603
18552
13416
5102
-4831
-14468
-21899
-25605
-24765
-19436
-10561
202
10793
19159
23661
23411
18457
9790
-852
-11321
-19489
-23676
-22989
-17506
-8259
2970
14002
22701
27390
27185
22159
13316
2383
-8538
-17386
-22537
-23111
-19117
-11435
-1619
8414
16757
21866
22839
19557
12675
3479
-6373
-15156
-21389
-24077
-22861
-18059
-10579
-1745
6935
14023
18380
19340
16806
11247
3621
-4785
-12557
-18379
-21238
-20593
-16466
-9452
-634
8577
16669
22278
24419
22671
17266
9070
-547
-9934
-17446
-21735
-21998
-18136
-10784
-1216
8878
17691
23626
25585
23172
16768
7458
-3158
-13264
-21146
-25502
-25659
-21680
-14337
-4956
4831
13373
19282
21658
20214
15302
7819
-962
-9610
-16770
-21364
-22742
-20752
-15744
-8489
-60
8328
15489
20425
22454
21302
17139
10562
2517
-5819
-13200
-18490
-20833
-19793
-15444
-8376
370
9452
17427
22985
25167
23534
18256
10098
306
-9595
-18051
-23738
-25781
-23899
-18445
-10342
-916
8328
15950
20809
22233
20100
14836
7317
-1280
-9676
-16676
-21335
-23071
-21720
-17531
-11107
-3316
4831
12303
18167
21692
22436
20294
15522
8715
749
-7315
-14367
-19391
-21614
-20635
-16499
-9718
-1216
7793
15984
22118
25243
24846
20941
14071
5225
-4317
-13185
-20136
-24233
-24981
-22385
-16923
-9452
-1064
7079
13917
18615
20664
19908
16541
11055
4160
-3299
-10441
-16433
-20571
-22346
-21500
-18059
-12350
-4978
3219
11256
18121
22898
24907
23810
19683
13021
4692
-4186
-12397
-18810
-22546
-23111
-20461
-15010
-7549
873
9116
16108
20992
23227
22631
19380
13947
7025
-575
-8021
-14540
-19489
-22393
-22979
-21192
-17198
-11380
-4318
3252
10500
16581
20738
22403
21287
17441
11278
3530
-4831
-12726
-19119
-23164
-24330
-22475
-17858
-11093
-3053
5263
12871
18928
22826
24245
23158
19803
14624
8203
1193
-5740
-11965
-16925
-20162
-21356
-20348
-17173
-12078
-5526
1827
9185
15695
20553
23111
22980
20099
14756
7561
-632
-8844
-16108
-21593
-24718
-25209
-23119
-18786
-12774
-5772
1491
8328
14156
18525
21131
21815
20554
17456
12759
6829
157
-6661
-12962
-18074
-21393
-22467
-21073
-17269
-11407
-4108
3815
11459
17953
22575
24845
24580
21894
17166
10967
3970
-3141
-9741
-15316
-19489
-22014
-22770
-21741
-19008
-14749
-9242
-2876
3856
10372
16048
20279
22562
22571
20219
15695
9452
2160
-5382
-12349
-18005
-21791
-23390
-22743
-20034
-15633
-10027
-3752
2675
8791
14203
18591
21694
23307
23278
21529
18082
13090
6866
-124
-7279
-13920
-19371
-23050
-24552
-23716
-20646
-15704
-9452
-2566
4252
10371
15295
18702
20448
20539
19094
16300
12377
7562
2112
-3683
-9486
-14901
-19489
-22805
-24451
-24142
-21768
-17438
-11484
-4439
3027
10196
16398
21097
23949
24833
23833
21195
17269
12441
7082
1521
-3964
-9127
-13732
-17535
-20273
-21685
-21548
-19726
-16225
-11226
-5098
1631
8328
14339
19077
22108
23198
22340
19731
15719
10741
5241
-379
-5798
-10778
-15145
-18756
-21466
-23111
-23512
-22505
-19986
-15959
-10586
-4196
2727
9595
15790
20750
24052
25465
24976
22770
19180
14624
9523
4248
-917
-5776
-10197
-14077
-17297
-19700
-21088
-21249
-20007
-17276
-13115
-7755
-1596
4831
10938
16157
20031
22272
22793
21697
19237
15748
11578
7027
2319
-2403
-7049
-11537
-15747
-19489
-22499
-24467
-25085
-24121
-21478
-17245
-11701
-5294
1425
7882
13568
18106
21295
23105
23647
23111
21701
19579
16838
13498
9548
4992
-89
-5505
-10937
-15966
-20131
-23004
-24269
-23789
-21632
-18059
-13479
-8369
-3188
1692
6031
9732
12810
15333
17361
18889
19825
19992
19174
17181
13920
9452
4016
-1983
-8031
-13586
-18168
-21437
-23239
-23614
-22759
-20961
-18517
-15660
-12521
-9114
-5374
-1216
3394
8381
13521
18461
22755
25952
27680
27728
26088
22961
18716
13812
8707
3772
-764
-4831
-8490
-11867
-15078
-18157
-21005
-23396
-25007
-25498
-24600
-22191
-18354
-13373
-7699
-1865
3613
8328
12050
14744
16547
17693
18431
18934
19241
19243
18710
17367
14982
11457
6883
1553
-4073
-9452
-14062
-17506
-19582
-20313
-19919
-18745
-17163
-15467
-13805
-12147
-10313
-8037
-5073
-1287
3267
8328
13456
18116
21785
24065
24768
23951
21896
19028
15815
12647
9751
7146
4666
2023
-1077
-4831
-9250
-14115
-19011
-23395
-26721
-28561
-28704
-27204
-24367
-20675
-16664
-12802
-9378
-6445
-3833
-1216
1772
5409
9781
14721
19828
24540
28256
30482
30944
29657
26921
23245
19226
15398
12111
9452
7239
5094
2565
-728
-4965
-10045
-15584
-20986
-25578
-28767
-30179
-29755
-27760
-24720
-21282
-18059
-15470
-13644
-12393
-11282
-9753
-7294
-3603
1312
7104
13150
18690
23005
25590
26278
25276
23111
20490
18120
16519
15885
16045
16506
16589
15621
13129
8982
3453
-2828
-9013
-14239
-17836
-19489
-19316
-17833
-15814
-14091
-13329
-13846
-15527
-17844
-19995
-21112
-20496
-17815
-13207
-7266
-912
4831
9088
11343
11577
10263
8243
6510
5936
7044
9852
13860
18163
21681
23433
22803
19704
14624
8515
2563
-2101
-4690
-4961
-3277
-517
2150
3571
2915
-95
-5096
-11155
-16996
-21313
-23111
-21957
-18111
-12473
-6364
-1202
1858
2218
0
-3978
-8403
-11804
-12923
-11061
-6263
661
8328
15110
19547
20709
18446
13439
7038
933
-3268
-4451
-2288
2670
9109
15281
19436
20270
-17269
-10860
-2323
6503
13675
17624
17552
13646
7044
-438
-6748
-10116
-9502
-4874
2766
11612
19489
24393
24992
20975
13146
3247
-6453
-13713
-16874
-15271
-9419
-894
8039
14981
17991
16075
9452
-484
-11483
-20977
-26708
-27284
-22529
-13547
-2464
8071
15531
18124
15240
7608
-2863
-13539
-21694
-25174
-22923
-15258
-3804
8879
19903
26744
27847
23008
13430
1444
-10040
-18230
-21115
-17953
-9452
2389
14751
24660
29696
28562
21402
9768
-3740
-16081
-24488
-27110
-23450
-14470
-2370
9933
19489
23995
22337
14836
3174
-10002
-21698
-29260
-30980
-26482
-16796
-4110
8737
18907
24204
23562
17269
6882
-5141
-16010
-23227
-25144
-21317
-12579
-836
11371
21439
27272
27724
22829
13764
2566
-8328
-16611
-20598
-19566
-13876
-4870
5444
14830
21300
23513
21037
14409
4991
-5321
-14505
-20812
-23111
-21086
-15278
-6950
2178
10279
15767
17601
15467
9822
1797
-7032
-14943
-20394
-22308
-20275
-14624
-6366
2997
11743
18255
21326
20385
15618
7946
-1143
-9863
-16470
-19603
-18552
-13416
-5102
4831
14468
21899
25605
24765
19436
10561
-202
-10793
-19159
-23661
-23411
-18457
-9790
852
11321
19489
23676
22989
17506
8259
-2970
-14002
-22701
-27390
-27185
-22159
-13316
-2383
8538
17386
22537
23111
19117
11435
1619
-8414
-16757
-21866
-22839
-19557
-12675
-3479
6373
15156
21389
24077
22861
18059
10579
1745
-6935
-14023
-18380
-19340
-16806
-11247
-3621
4785
12557
18379
21238
20593
16466
9452
634
-8577
-16669
-22278
-24419
-22671
-17266
-9070
547
9934
17446
21735
21998
18136
10784
1216
-8878
-17691
-23626
-25585
-23172
-16768
-7458
3158
13264
21146
25502
25659
21680
14337
4956
-4831
-13373
-19282
-21658
-20214
-15302
-7819
962
9610
16770
21364
22742
20752
15744
8489
60
-8328
-15489
-20425
-22454
-21302
-17139
-10562
-2517
5819
13200
18490
20833
19793
15444
8376
-370
-9452
-17427
-22985
-25167
-23534
-18256
-10098
-306
9595
18051
23738
25781
23899
18445
10342
916
-8328
-15950
-20809
-22233
-20100
-14836
-7317
1280
9676
16676
21335
23071
21720
17531
11107
3316
-4831
-12303
-18167
-21692
-22436
-20294
-15522
-8715
-749
7315
14367
19391
21614
20635
16499
9718
1216
-7793
-15984
-22118
-25243
-24846
-20941
-14071
-5225
4317
13185
20136
24233
24981
22385
16923
9452
1064
-7079
-13917
-18615
-20664
-19908
-16541
-11055
-4160
3299
10441
16433
20571
22346
21500
18059
12350
4978
-3219
-11256
-18121
-22898
-24907
-23810
-19683
-13021
-4692
4186
12397
18810
22546
23111
20461
15010
7549
-873
-9116
-16108
-20992
-23227
-22631
-19380
-13947
-7025
575
8021
14540
19489
22393
22979
21192
17198
11380
4318
-3252
-10500
-16581
-20738
-22403
-21287
-17441
-11278
-3530
4831
12726
19119
23164
24330
22475
17858
11093
3053
-5263
-12871
-18928
-22826
-24245
-23158
-19803
-14624
-8203
-1193
5740
11965
16925
20162
21356
20348
17173
12078
5526
-1827
-9185
-15695
-20553
-23111
-22980
-20099
-14756
-7561
632
8844
16108
21593
24718
25209
23119
18786
12774
5772
-1491
-8328
-14156
-18525
-21131
-21815
-20554
-17456
-12759
-6829
-157
6661
12962
18074
21393
22467
21073
17269
11407
4108
-3815
-11459
-17953
-22575
-24845
-24580
-21894
-17166
-10967
-3970
3141
9741
15316
19489
22014
22770
21741
19008
14749
9242
2876
-3856
-10372
-16048
-20279
-22562
-22571
-20219
-15695
-9452
-2160
5382
12349
18005
21791
23390
22743
20034
15633
10027
3752
-2675
-8791
-14203
-18591
-21694
-23307
-23278
-21529
-18082
-13090
-6866
124
7279
13920
19371
23050
24552
23716
20646
15704
9452
2566
-4252
-10371
-15295
-18702
-20448
-20539
-19094
-16300
-12377
-7562
-2112
3683
9486
14901
19489
22805
24451
24142
21768
17438
11484
4439
-3027
-10196
-16398
-21097
-23949
-24833
-23833
-21195
-17269
-12441
-7082
-1521
3964
9127
13732
17535
20273
21685
21548
19726
16225
11226
5098
-1631
-8328
-14339
-19077
-22108
-23198
-22340
-19731
-15719
-10741
-5241
379
5798
10778
15145
18756
21466
23111
23512
22505
19986
15959
10586
4196
-2727
-9595
-15790
-20750
-24052
-25465
-24976
-22770
-19180
-14624
-9523
-4248
917
5776
10197
14077
17297
19700
21088
21249
20007
17276
13115
7755
1596
-4831
-10938
-16157
-20031
-22272
-22793
-21697
-19237
-15748
-11578
-7027
-2319
2403
7049
11537
15747
19489
22499
24467
25085
24121
21478
17245
11701
5294
-1425
-7882
-13568
-18106
-21295
-23105
-23647
-23111
-21701
-19579
-16838
-13498
-9548
-4992
89
5505
10937
15966
20131
23004
24269
23789
21632
18059
13479
8369
3188
-1692
-6031
-9732
-12810
-15333
-17361
-18889
-19825
-19992
-19174
-17181
-13920
-9452
-4016
1983
8031
13586
18168
21437
23239
23614
22759
20961
18517
15660
12521
9114
5374
1216
-3394
-8381
-13521
-18461
-22755
-25952
-27680
-27728
-26088
-22961
-18716
-13812
-8707
-3772
764
4831
8490
11867
15078
18157
21005
23396
25007
25498
24600
22191
18354
13373
7699
1865
-3613
-8328
-12050
-14744
-16547
-17693
-18431
-18934
-19241
-19243
-18710
-17367
-14982
-11457
-6883
-1553
4073
9452
14062
17506
19582
20313
19919
18745
17163
15467
13805
12147
10313
8037
5073
1287
-3267
-8328
-13456
-18116
-21785
-24065
-24768
-23951
-21896
-19028
-15815
-12647
-9751
-7146
-4666
-2023
1077
4831
9250
14115
19011
23395
26721
28561
28704
27204
24367
20675
16664
12802
9378
6445
3833
1216
-1772
-5409
-9781
-14721
-19828
-24540
-28256
-30482
-30944
-29657
-26921
-23245
-19226
-15398
-12111
-9452
-7239
-5094
-2565
728
4965
10045
15584
20986
25578
28767
30179
29755
27760
24720
21282
18059
15470
13644
12393
11282
9753
7294
3603
-1312
-7104
-13150
-18690
-23005
-25590
-26278
-25276
-23111
-20490
-18120
-16519
-15885
-16045
-16506
-16589
-15621
-13129
-8982
-3453
2828
9013
14239
17836
19489
19316
17833
15814
14091
13329
13846
15527
17844
19995
21112
20496
17815
13207
7266
912
-4831
-9088
-11343
-11577
-10263
-8243
-6510
-5936
-7044
-9852
-13860
-18163
-21681
-23433
-22803
-19704
-14624
-8515
-2563
2101
4690
4961
3277
517
-2150
-3571
-2915
95
5096
11155
16996
21313
23111
21957
18111
12473
6364
1202
-1858
-2218
0
3978
8403
11804
12923
11061
6263
-661
-8328
-15110
-19547
-20709
-18446
-13439
-7038
-933
3268
4451
2288
-2670
-9109
-15281
-19436
-20270
0
0
0
0
0
0
0
0
0
0
0
0
0
0
0
0
0
0
0
0
0
0
0
0
0
0
0
0
0
0
0
0
0
0
0
0
0
0
0
0
0
0
0
0
0
0
0
0
0
0
0
0
0
0
0
0
0
0
0
0
0
0
0
0
0
0
0
0
0
0
0
0
0
0
0
0
0
0
0
0
0
0
0
0
0
0
0
0
0
0
0
0
0
0
0
0
0
0
0
0
0
0
0
0
0
0
0
0
0
0
0
0
0
0
0
0
0
0
0
0
0
0
0
0
0
0
0
0
0
0
0
0
0
0
0
0
0
0
0
0
0
0
0
0
0
0
0
0
0
0
0
0
0
0
0
0
0
0
0
0
0
0
0
0
0
0
0
0
0
0
0
0
0
0
0
0
0
0
0
0
0
0
0
0
0
0
0
0
0
0
0
0
0
0
0
0
0
0
0
0
0
0
0
0
0
0
0
0
0
0
0
0
0
0
0
0
0
0
0
0
0
0
0
0
0
0
0
0
0
0
0
0
0
0
0
0
0
0
0
0
0
0
0
0
0
0
0
0
0
0
0
0
0
0
0
0
0
0
0
0
0
0
0
0
0
0
0
0
0
0
0
0
0
0
0
0
0
0
0
0
0
0
0
0
0
0
0
0
0
0
0
0
0
0
0
0
0
0
0
0
0
0
0
0
0
0
0
0
0
0
0
0
0
0
0
0
0
0
0
0
0
0
0
0
0
0
0
0
0
0
0
0
0
0
0
0
0
0
0
0
0
0
0
0
0
0
0
0
0
0
0
0
0
0
0
0
0
0
0
0
0
0
0
0
0
0
0
0
0
0
0
0
0
0
0
0
0
0
0
0
0
0
0
0
0
0
0
0
0
0
0
0
0
0
0
0
0
0
0
0
0
0
0
0
0
0
0
0
0
0
0
0
0
0
0
0
0
0
0
0
0
0
0
0
0
0
0
0
0
0
0
0
0
0
0
0
0
0
0
0
0
0
0
0
0
0
0
0
0
0
0
0
0
0
0
0
0
0
0
0
0
0
0
0
0
0
0
0
0
0
0
0
0
0
0
0
0
0
0
0
0
0
0
0
0
0
0
0
0
0
0
0
0
0
0
0
0
0
0
0
0
0
0
0
0
0
0
0
0
0
0
0
0
0
0
0
0
0
0
0
0
0
0
0
0
0
0
0
0
0
0
0
0
0
0
0
0
0
0
0
0
0
0
0
0
0
0
0
0
0
0
0
0
0
0
0
0
0
0
0
0
0
0
0
0
0
0
0
0
0
0
0
0
0
0
0
0
0
0
0
0
0
0
0
0
0
0
0
0
0
0
0
0
0
0
0
0
0
0
0
0
0
0
0
0
0
0
0
0
0
0
0
0
0
0
0
0
0
0
0
0
0
0
0
0
0
0
0
0
0
0
0
0
0
0
0
0
0
0
0
0
0
0
0
0
0
0
0
0
0
0
0
0
0
0
0
0
0
0
0
0
0
0
0
0
0
0
0
0
0
0
0
0
0
0
0
0
0
0
0
0
0
0
0
0
0
0
0
0
0
0
0
0
0
0
0
0
0
0
0
0
0
0
0
0
0
0
0
0
0
0
0
0
0
0
0
0
0
0
0
0
0
0
0
0
0
0
0
0
0
0
0
0
0
0
0
0
0
0
0
0
0
0
0
0
0
0
0
0
0
0
0
0
0
0
0
0
0
0
0
0
0
0
0
0
0
0
0
0
0
0
0
0
0
0
0
0
0
0
0
0
0
0
0
0
0
0
0
0
0
0
0
0
0
0
0
0
0
0
0
0
0
0
0
0
0
0
0
0
0
0
0
0
0
0
0
0
0
0
0
0
0
0
0
0
0
0
0
0
0
0
0
0
0
0
0
0
0
0
0
0
0
0
0
0
0
0
0
0
0
0
0
0
0
0
0
0
0
0
0
0
0
0
0
0
0
0
0
0
0
0
0
0
0
0
0
0
0
0
0
0
0
0
0
0
0
0
0
0
0
0
0
0
0
0
0
0
0
0
0
0
0
0
0
0
0
0
0
0
0
0
0
0
0
0
0
0
0
0
0
0
0
0
0
0
0
0
0
0
0
0
0
0
0
0
0
0
0
0
0
0
0
0
0
0
0
0
0
0
0
0
0
0
0
0
0
0
0
0
0
0
9203
17664
24703
29753
32406
32450
29881
24905
17927
9506
321
-8886
-17377
-24466
-29583
-32317
-32448
-29967
-25073
-18164
-9795
-641
8558
17066
24196
29373
32184
32401
30010
25205
18375
10069
958
-8221
-16734
-23893
-29124
-32006
-32309
-30012
-25301
-18557
-10327
-1272
7874
16380
23559
28835
31784
32171
29970
25359
18713
10567
1581
-7520
-16006
-23194
-28507
-31518
-31989
-29885
-25379
-18837
-10789
-1884
7160
15615
22800
28141
31209
31762
29757
25362
18933
10991
2178
-6794
-15205
-22379
-27739
-30858
-31489
-29586
-25305
-18997
-11173
-2464
6425
14780
21930
27301
30466
31172
29371
25210
19030
11332
2740
-6053
-14339
-21455
-26829
-30032
-30812
-29112
-25075
-19030
-11469
-3005
5680
13886
20957
26323
29558
30409
28811
24901
18999
11583
3257
-5307
-13421
-20434
-25784
-29046
-29963
-28467
-24687
-18933
-11673
-3497
4936
12945
19890
25215
28495
29475
28080
24433
18833
11737
3721
-4567
-12461
-19326
-24616
-27907
-28945
-27652
-24140
-18700
-11776
-3930
4203
11969
18744
23988
27284
28376
27181
23807
18532
11788
4123
-3843
-11469
-18143
-23333
-26626
-27766
-26670
-23435
-18329
-11773
-4298
3490
10965
17527
22652
25934
27118
26117
23023
18093
11731
4454
-3145
-10457
-16895
-21946
-25210
-26432
-25526
-22573
-17820
-11659
-4592
2809
9948
16251
21218
24455
25711
24895
22084
17513
11559
4709
-2483
-9437
-15596
-20468
-23670
-24954
-24226
-21556
-17171
-11431
-4805
2167
8927
14930
19699
22857
24162
23520
20992
16793
11272
4879
-1864
-8419
-14256
-18910
-22019
-23339
-22777
-20391
-16382
-11084
-4932
1575
7913
13574
18106
21155
22484
22000
19753
15936
10867
4961
-1300
-7413
-12887
-17286
-20267
-21599
-21188
-19080
-15456
-10619
-4967
1040
6918
12196
16452
19357
20685
20344
18372
14942
10341
4948
-797
-6431
-11502
-15609
-18428
-19745
-19467
-17630
-14395
-10034
-4905
570
5952
10808
14753
17479
18779
18561
16856
13816
9696
4838
-360
-5482
-10114
-13889
-16513
-17788
-17625
-16050
-13204
-9328
-4745
170
5022
9421
13019
15533
16777
16662
15213
12561
8932
4626
0
-4576
-8732
-12142
-14539
-15743
-15673
-14347
-11887
-8505
-4483
-150
4141
8048
11262
13533
14691
14658
13452
11184
8050
4313
280
-3721
-7371
-10380
-12517
-13622
-13622
-12530
-10452
-7566
-4118
-388
3316
6700
9498
11493
12537
12564
11583
9692
7056
3896
476
-2926
-6039
-8617
-10462
-11440
-11486
-10612
-8905
-6516
-3649
-541
2554
5387
7739
9427
10329
10389
9617
8093
5951
3376
583
-2198
-4747
-6864
-8388
-9209
-9277
-8602
-7254
-5358
-3077
-602
1862
4121
5997
7349
8080
8149
7566
6394
4741
2754
599
-1545
-3507
-5136
-6309
-6946
-7009
-6512
-5510
-4100
-2406
-572
1248
2909
4284
5272
5806
5858
5442
4606
3434
2033
522
-970
-2327
-3443
-4240
-4664
-4697
-4356
-3682
-2746
-1635
-448
714
1762
2615
3212
3521
3529
3256
2740
2036
1215
352
-480
-1215
-1798
-2192
-2378
-2356
-2146
-1781
-1306
-772
-231
269
687
996
1181
1238
1178
1025
806
556
306
87
-78
-179
-211
-180
-103
0
103
180
211
179
78
-87
-306
-556
-806
-1025
-1178
-1238
-1181
-996
-687
-269
231
772
1306
1781
2146
2356
2378
2192
1798
1215
480
-352
-1215
-2036
-2740
-3256
-3529
-3521
-3212
-2615
-1762
-714
448
1635
2746
3682
4356
4697
4664
4240
3443
2327
970
-522
-2033
-3434
-4606
-5442
-5858
-5806
-5272
-4284
-2909
-1248
572
2406
4100
5510
6512
7009
6946
6309
5136
3507
1545
-599
-2754
-4741
-6394
-7566
-8149
-8080
-7349
-5997
-4121
-1862
602
3077
5358
7254
8602
9277
9209
8388
6864
4747
2198
-583
-3376
-5951
-8093
-9617
-10389
-10329
-9427
-7739
-5387
-2554
541
3649
6516
8905
10612
11486
11440
10462
8617
6039
2926
-476
-3896
-7056
-9692
-11584
-12564
-12537
-11493
-9498
-6700
-3316
388
4118
7566
10452
12530
13622
13622
12517
10380
7371
3721
-280
-4313
-8050
-11184
-13452
-14658
-14691
-13533
-11262
-8048
-4141
150
4483
8505
11887
14347
15673
15743
14539
12142
8732
4576
0
-4626
-8932
-12561
-15213
-16662
-16777
-15533
-13019
-9421
-5022
-170
4745
9328
13204
16050
17625
17788
16513
13889
10114
5482
360
-4838
-9696
-13816
-16856
-18561
-18779
-17479
-14753
-10808
-5952
-570
4905
10034
14395
17630
19467
19745
18428
15609
11502
6431
797
-4948
-10341
-14942
-18372
-20344
-20685
-19357
-16452
-12196
-6918
-1040
4967
10619
15456
19080
21188
21599
20267
17286
12887
7413
1300
-4961
-10867
-15936
-19753
-22000
-22484
-21155
-18106
-13574
-7913
-1575
4932
11084
16383
20391
22777
23339
22019
18910
14256
8419
1864
-4879
-11272
-16793
-20992
-23520
-24162
-22857
-19699
-14930
-8927
-2167
4805
11431
17171
21556
24226
24954
23670
20468
15596
9437
2483
-4709
-11559
-17513
-22084
-24895
-25711
-24455
-21218
-16251
-9948
-2809
4592
11659
17820
22573
25526
26432
25210
21946
16895
10457
3145
-4454
-11731
-18093
-23023
-26117
-27118
-25934
-22652
-17527
-10965
-3490
4298
11773
18329
23435
26670
27766
26626
23333
18143
11469
3843
-4123
-11788
-18532
-23807
-27181
-28376
-27284
-23988
-18744
-11969
-4203
3930
11776
18700
24140
27652
28945
27907
24616
19326
12461
4567
-3721
-11737
-18833
-24433
-28080
-29475
-28495
-25215
-19890
-12945
-4936
3497
11673
18933
24687
28467
29963
29046
25784
20434
13421
5307
-3257
-11584
-18999
-24901
-28811
-30409
-29558
-26323
-20957
-13886
-5680
3005
11469
19030
25075
29112
30812
30032
26829
21455
14339
6053
-2740
-11332
-19030
-25210
-29371
-31172
-30466
-27301
-21930
-14780
-6425
2464
11173
18997
25305
29586
31489
30858
27739
22379
15205
6794
-2178
-10991
-18933
-25362
-29757
-31762
-31209
-28141
-22800
-15615
-7160
1884
10789
18837
25379
29885
31989
31518
28507
23194
16006
7520
-1581
-10567
-18713
-25359
-29970
-32171
-31784
-28835
-23559
-16380
-7874
1272
10327
18557
25301
30012
32309
32006
29124
23893
16734
8221
-958
-10069
-18375
-25205
-30010
-32401
-32184
-29373
-24196
-17066
-8558
641
9795
18164
25073
29967
32448
32317
29583
24466
17377
8886
-321
-9506
-17927
-24905
-29881
-32450
-32406
-29753
-24703
-17664
-9203
0
9203
17664
24703
29753
32406
32450
29881
24905
17927
9506
321
-8886
-17377
-24466
-29583
-32317
-32448
-29967
-25073
-18164
-9795
-641
8558
17066
24196
29373
32184
32401
30010
25205
18375
10069
958
-8221
-16734
-23893
-29124
-32006
-32309
-30012
-25301
-18557
-10327
-1272
7874
16380
23559
28835
31784
32171
29970
25359
18713
10567
1581
-7520
-16006
-23194
-28507
-31518
-31989
-29885
-25379
-18837
-10789
-1884
7160
15615
22800
28141
31209
31762
29757
25362
18933
10991
2178
-6794
-15205
-22379
-27739
-30858
-31489
-29586
-25305
-18997
-11173
-2464
6425
14780
21930
27301
30466
31172
29371
25210
19030
11332
2740
-6053
-14339
-21455
-26829
-30032
-30812
-29112
-25075
-19030
-11469
-3005
5680
13886
20957
26323
29558
30409
28811
24901
18999
11583
3257
-5307
-13421
-20434
-25784
-29046
-29963
-28467
-24687
-18933
-11673
-3497
4936
12945
19890
25215
28495
29475
28080
24433
18833
11737
3721
-4567
-12461
-19326
-24616
-27907
-28945
-27652
-24140
-18700
-11776
-3930
4203
11969
18744
23988
27284
28376
27181
23807
18532
11788
4123
-3843
-11469
-18143
-23333
-26626
-27766
-26670
-23435
-18329
-11773
-4298
3490
10965
17527
22652
25934
27118
26117
23023
18093
11731
4454
-3145
-10457
-16895
-21946
-25210
-26432
-25526
-22573
-17820
-11659
-4592
2809
9948
16251
21218
24455
25711
24895
22084
17513
11559
4709
-2483
-9437
-15596
-20468
-23670
-24954
-24226
-21556
-17171
-11431
-4805
2167
8927
14930
19699
22857
24162
23520
20992
16793
11272
4879
-1864
-8419
-14256
-18910
-22019
-23339
-22777
-20391
-16383
-11084
-4932
1575
7913
13574
18106
21155
22484
22000
19753
15936
10867
4961
-1300
-7413
-12887
-17286
-20267
-21599
-21188
-19080
-15456
-10619
-4967
1040
6918
12196
16452
19357
20685
20344
18372
14942
10341
4948
-797
-6431
-11502
-15609
-18428
-19745
-19467
-17630
-14395
-10034
-4905
570
5952
10808
14753
17479
18779
18561
16856
13816
9696
4838
-360
-5482
-10114
-13889
-16513
-17788
-17625
-16050
-13204
-9328
-4745
170
5022
9421
13019
15533
16777
16662
15213
12561
8932
4626
0
-4576
-8732
-12142
-14539
-15743
-15673
-14347
-11887
-8505
-4483
-150
4141
8048
11262
13533
14691
14658
13452
11184
8050
4313
280
-3721
-7371
-10380
-12517
-13622
-13622
-12530
-10452
-7566
-4118
-388
3316
6700
9498
11493
12537
12564
11583
9692
7056
3896
476
-2926
-6039
-8617
-10462
-11440
-11486
-10612
-8905
-6516
-3649
-541
2554
5387
7739
9427
10329
10389
9617
8093
5951
3376
583
-2198
-4747
-6864
-8388
-9209
-9277
-8602
-7254
-5358
-3077
-602
1862
4121
5997
7349
8080
8149
7566
6394
4741
2754
599
-1545
-3507
-5136
-6309
-6946
-7009
-6512
-5510
-4100
-2406
-572
1248
2909
4284
5272
5806
5858
5442
4606
3434
2033
522
-970
-2327
-3443
-4240
-4664
-4697
-4356
-3682
-2746
-1635
-448
714
1762
2615
3212
3521
3529
3256
2740
2036
1215
352
-480
-1215
-1798
-2192
-2378
-2356
-2146
-1781
-1306
-772
-231
269
687
996
1181
1238
1178
1025
806
556
306
87
-78
-179
-211
-180
-103
0
103
180
211
179
78
-87
-306
-556
-806
-1025
-1178
-1238
-1181
-996
-687
-269
231
772
1306
1781
2146
2356
2378
2192
1798
1215
480
-352
-1215
-2036
-2740
-3256
-3529
-3521
-3212
-2615
-1762
-714
448
1635
2746
3682
4356
4697
4664
4240
3443
2327
970
-522
-2033
-3434
-4606
-5442
-5858
-5806
-5272
-4284
-2909
-1248
572
2406
4100
5510
6512
7009
6946
6309
5136
3507
1545
-599
-2754
-4741
-6394
-7566
-8149
-8080
-7349
-5997
-4121
-1862
602
3077
5358
7254
8602
9277
9209
8388
6864
4747
2198
-583
-3376
-5951
-8093
-9617
-10389
-10329
-9427
-7739
-5387
-2554
541
3649
6516
8905
10612
11486
11440
10462
8617
6039
2926
-476
-3896
-7056
-9692
-11584
-12564
-12537
-11493
-9498
-6700
-3316
388
4118
7566
10452
12530
13622
13622
12517
10380
7371
3721
-280
-4313
-8050
-11184
-13452
-14658
-14691
-13533
-11262
-8048
-4141
150
4483
8505
11887
14347
15673
15743
14539
12142
8732
4576
0
-4626
-8932
-12561
-15213
-16662
-16777
-15533
-13019
-9421
-5022
-170
4745
9328
13204
16050
17625
17788
16513
13889
10114
5482
360
-4838
-9696
-13816
-16856
-18561
-18779
-17479
-14753
-10808
-5952
-570
4905
10034
14395
17630
19467
19745
18428
15609
11502
6431
797
-4948
-10341
-14942
-18372
-20344
-20685
-19357
-16452
-12196
-6918
-1040
4967
10619
15456
19080
21188
21599
20267
17286
12887
7413
1300
-4961
-10867
-15936
-19753
-22000
-22484
-21155
-18106
-13574
-7913
-1575
4932
11084
16383
20391
22777
23339
22019
18910
14256
8419
1864
-4879
-11272
-16793
-20992
-23520
-24162
-22857
-19699
-14930
-8927
-2167
4805
11431
17171
21556
24226
24954
23670
20468
15596
9437
2483
-4709
-11559
-17513
-22084
-24895
-25711
-24455
-21218
-16251
-9948
-2809
4592
11659
17820
22573
25526
26432
25210
21946
16895
10457
3145
-4454
-11731
-18093
-23023
-26117
-27118
-25934
-22652
-17527
-10965
-3490
4298
11773
18329
23435
26670
27766
26626
23333
18143
11469
3843
-4123
-11788
-18532
-23807
-27181
-28376
-27284
-23988
-18744
-11969
-4203
3930
11776
18700
24140
27652
28945
27907
24616
19326
12461
4567
-3721
-11737
-18833
-24433
-28080
-29475
-28495
-25215
-19890
-12945
-4936
3497
11673
18933
24687
28467
29963
29046
25784
20434
13421
5307
-3257
-11584
-18999
-24901
-28811
-30409
-29558
-26323
-20957
-13886
-5680
3005
11469
19030
25075
29112
30812
30032
26829
21455
14339
6053
-2740
-11332
-19030
-25210
-29371
-31172
-30466
-27301
-21930
-14780
-6425
2464
11173
18997
25305
29586
31489
30858
27739
22379
15205
6794
-2178
-10991
-18933
-25362
-29757
-31762
-31209
-28141
-22800
-15615
-7160
1884
10789
18837
25379
29885
31989
31518
28507
23194
16006
7520
-1581
-10567
-18713
-25359
-29970
-32171
-31784
-28835
-23559
-16380
-7874
1272
10327
18557
25301
30012
32309
32006
29124
23893
16734
8221
-958
-10069
-18375
-25205
-30010
-32401
-32184
-29373
-24196
-17066
-8558
641
9795
18164
25073
29967
32448
32317
29583
24466
17377
8886
-321
-9506
-17927
-24905
-29881
-32450
-32406
-29753
-24703
-17664
-9203
0
9203
17664
24703
29753
32406
32450
29881
24905
17927
9506
321
-8886
-17377
-24466
-29583
-32317
-32448
-29967
-25073
-18164
-9795
-641
8558
17066
24196
29373
32184
32401
30010
25205
18375
10069
958
-8221
-16734
-23893
-29124
-32006
-32309
-30012
-25301
-18557
-10327
-1272
7874
16380
23559
28835
31784
32171
29970
25359
18713
10567
1581
-7520
-16006
-23194
-28507
-31518
-31989
-29885
-25379
-18837
-10789
-1884
7160
15615
22800
28141
31209
31762
29757
25362
18933
10991
2178
-6794
-15205
-22379
-27739
-30858
-31489
-29586
-25305
-18997
-11173
-2464
6425
14780
21930
27301
30466
31172
29371
25210
19030
11332
2740
-6053
-14339
-21455
-26829
-30032
-30812
-29112
-25075
-19030
-11469
-3005
5680
13886
20957
26323
29558
30409
28811
24901
18999
11583
3257
-5307
-13421
-20434
-25784
-29046
-29963
-28467
-24687
-18933
-11673
-3497
4936
12945
19890
25215
28495
29475
28080
24433
18833
11737
3721
-4567
-12461
-19326
-24616
-27907
-28945
-27652
-24140
-18700
-11776
-3930
4203
11969
18744
23988
27284
28376
27181
23807
18532
11788
4123
-3843
-11469
-18143
-23333
-26626
-27766
-26670
-23435
-18329
-11773
-4298
3490
10965
17527
22652
25934
27118
26117
23023
18093
11731
4454
-3145
-10457
-16895
-21946
-25210
-26432
-25526
-22573
-17820
-11659
-4592
2809
9948
16251
21218
24455
25711
24895
22084
17513
11559
4709
-2483
-9437
-15596
-20468
-23670
-24954
-24226
-21556
-17171
-11431
-4805
2167
8927
14930
19699
22857
24162
23520
20992
16793
11272
4879
-1864
-8419
-14256
-18910
-22019
-23339
-22777
-20391
-16382
-11084
-4932
1575
7913
13574
18106
21155
22484
22000
19753
15936
10867
4961
-1300
-7413
-12887
-17286
-20267
-21599
-21188
-19080
-15456
-10619
-4967
1040
6918
12196
16452
19357
20685
20344
18372
14942
10341
4948
-797
-6431
-11502
-15609
-18428
-19745
-19467
-17630
-14395
-10034
-4905
570
5952
10808
14753
17479
18779
18561
16856
13816
9696
4838
-360
-5482
-10114
-13889
-16513
-17788
-17625
-16050
-13204
-9328
-4745
170
5022
9421
13019
15533
16777
16662
15213
12561
8932
4626
0
-4576
-8732
-12142
-14539
-15743
-15673
-14347
-11887
-8505
-4483
-150
4141
8048
11262
13533
14691
14658
13452
11184
8050
4313
280
-3721
-7371
-10380
-12517
-13622
-13622
-12530
-10452
-7566
-4118
-388
3316
6700
9498
11493
12537
12564
11583
9692
7056
3896
476
-2926
-6039
-8617
-10462
-11440
-11486
-10612
-8905
-6516
-3649
-541
2554
5387
7739
9427
10329
10389
9617
8093
5951
3376
583
-2198
-4747
-6864
-8388
-9209
-9277
-8602
-7254
-5358
-3077
-602
1862
4121
5997
7349
8080
8149
7566
6394
4741
2754
599
-1545
-3507
-5136
-6309
-6946
-7009
-6512
-5510
-4100
-2406
-572
1248
2909
4284
5272
5806
5858
5442
4606
3434
2033
522
-970
-2327
-3443
-4240
-4664
-4697
-4356
-3682
-2746
-1635
-448
714
1762
2615
3212
3521
3529
3256
2740
2036
1215
352
-480
-1215
-1798
-2192
-2378
-2356
-2146
-1781
-1306
-772
-231
269
687
996
1181
1238
1178
1025
806
556
306
87
-78
-179
-211
-180
-103
0
103
180
211
179
78
-87
-306
-556
-806
-1025
-1178
-1238
-1181
-996
-687
-269
231
772
1306
1781
2146
2356
2378
2192
1798
1215
480
-352
-1215
-2036
-2740
-3256
-3529
-3521
-3212
-2615
-1762
-714
448
1635
2746
3682
4356
4697
4664
4240
3443
2327
970
-522
-2033
-3434
-4606
-5442
-5858
-5806
-5272
-4284
-2909
-1248
572
2406
4100
5510
6512
7009
6946
6309
5136
3507
1545
-599
-2754
-4741
-6394
-7566
-8149
-8080
-7349
-5997
-4121
-1862
602
3077
5358
7254
8602
9277
9209
8388
6864
4747
2198
-583
-3376
-5951
-8093
-9617
-10389
-10329
-9427
-7739
-5387
-2554
541
3649
6516
8905
10612
11486
11440
10462
8617
6039
2926
-476
-3896
-7056
-9692
-11583
-12564
-12537
-11493
-9498
-6700
-3316
388
4118
7566
10452
12530
13622
13622
12517
10380
7371
3721
-280
-4313
-8050
-11184
-13452
-14658
-14691
-13533
-11262
-8048
-4141
150
4483
8505
11887
14347
15673
15743
14539
12142
8732
4576
0
-4626
-8932
-12561
-15213
-16662
-16777
-15533
-13019
-9421
-5022
-170
4745
9328
13204
16050
17625
17788
16513
13889
10114
5482
360
-4838
-9696
-13816
-16856
-18561
-18779
-17479
-14753
-10808
-5952
-570
4905
10034
14395
17630
19467
19745
18428
15609
11502
6431
797
-4948
-10341
-14942
-18372
-20344
-20685
-19357
-16452
-12196
-6918
-1040
4967
10619
15456
19080
21188
21599
20267
17286
12887
7413
1300
-4961
-10867
-15936
-19753
-22000
-22484
-21155
-18106
-13574
-7913
-1575
4932
11084
16382
20391
22777
23339
22019
18910
14256
8419
1864
-4879
-11272
-16793
-20992
-23520
-24162
-22857
-19699
-14930
-8927
-2167
4805
11431
17171
21556
24226
24954
23670
20468
15596
9437
2483
-4709
-11559
-17513
-22084
-24895
-25711
-24455
-21218
-16251
-9948
-2809
4592
11659
17820
22573
25526
26432
25210
21946
16895
10457
3145
-4454
-11731
-18093
-23023
-26117
-27118
-25934
-22652
-17527
-10965
-3490
4298
11773
18329
23435
26670
27766
26626
23333
18143
11469
3843
-4123
-11788
-18532
-23807
-27181
-28376
-27284
-23988
-18744
-11969
-4203
3930
11776
18700
24140
27652
28945
27907
24616
19326
12461
4567
-3721
-11737
-18833
-24433
-28080
-29475
-28495
-25215
-19890
-12945
-4936
3497
11673
18933
24687
28467
29963
29046
25784
20434
13421
5307
-3257
-11583
-18999
-24901
-28811
-30409
-29558
-26323
-20957
-13886
-5680
3005
11469
19030
25075
29112
30812
30032
26829
21455
14339
6053
-2740
-11332
-19030
-25210
-29371
-31172
-30466
-27301
-21930
-14780
-6425
2464
11173
18997
25305
29586
31489
30858
27739
22379
15205
6794
-2178
-10991
-18933
-25362
-29757
-31762
-31209
-28141
-22800
-15615
-7160
1884
10789
18837
25379
29885
31989
31518
28507
23194
16006
7520
-1581
-10567
-18713
-25359
-29970
-32171
-31784
-28835
-23559
-16380
-7874
1272
10327
18557
25301
30012
32309
32006
29124
23893
16734
8221
-958
-10069
-18375
-25205
-30010
-32401
-32184
-29373
-24196
-17066
-8558
641
9795
18164
25073
29967
32448
32317
29583
24466
17377
8886
-321
-9506
-17927
-24905
-29881
-32450
-32406
-29753
-24703
-17664
-9203
0
9203
17664
24703
29753
32406
32450
29881
24905
17927
9506
321
-8886
-17377
-24466
-29583
-32317
-32448
-29967
-25073
-18164
-9795
-641
8558
17066
24196
29373
32184
32401
30010
25205
18375
10069
958
-8221
-16734
-23893
-29124
-32006
-32309
-30012
-25301
-18557
-10327
-1272
7874
16380
23559
28835
31784
32171
29970
25359
18713
10567
1581
-7520
-16006
-23194
-28507
-31518
-31989
-29885
-25379
-18837
-10789
-1884
7160
15615
22800
28141
31209
31762
29757
25362
18933
10991
2178
-6794
-15205
-22379
-27739
-30858
-31489
-29586
-25305
-18997
-11173
-2464
6425
14780
21930
27301
30466
31172
29371
25210
19030
11332
2740
-6053
-14339
-21455
-26829
-30032
-30812
-29112
-25075
-19030
-11469
-3005
5680
13886
20957
26323
29558
30409
28811
24901
18999
11584
3257
-5307
-13421
-20434
-25784
-29046
-29963
-28467
-24687
-18933
-11673
-3497
4936
12945
19890
25215
28495
29475
28080
24433
18833
11737
3721
-4567
-12461
-19326
-24616
-27907
-28945
-27652
-24140
-18700
-11776
-3930
4203
11969
18744
23988
27284
28376
27181
23807
18532
11788
4123
-3843
-11469
-18143
-23333
-26626
-27766
-26670
-23435
-18329
-11773
-4298
3490
10965
17527
22652
25934
27118
26117
23023
18093
11731
4454
-3145
-10457
-16895
-21946
-25210
-26432
-25526
-22573
-17820
-11659
-4592
2809
9948
16251
21218
24455
25711
24895
22084
17513
11559
4709
-2483
-9437
-15596
-20468
-23670
-24954
-24226
-21556
-17171
-11431
-4805
2167
8927
14930
19699
22857
24162
23520
20992
16793
11272
4879
-1864
-8419
-14256
-18910
-22019
-23339
-22777
-20391
-16383
-11084
-4932
1575
7913
13574
18106
21155
22484
22000
19753
15936
10867
4961
-1300
-7413
-12887
-17286
-20267
-21599
-21188
-19080
-15456
-10619
-4967
1040
6918
12196
16452
19357
20685
20344
18372
14942
10341
4948
-797
-6431
-11502
-15609
-18428
-19745
-19467
-17630
-14395
-10034
-4905
570
5952
10808
14753
17479
18779
18561
16856
13816
9696
4838
-360
-5482
-10114
-13889
-16513
-17788
-17625
-16050
-13204
-9328
-4745
170
5022
9421
13019
15533
16777
16662
15213
12561
8932
4626
0
-4576
-8732
-12142
-14539
-15743
-15673
-14347
-11887
-8505
-4483
-150
4141
8048
11262
13533
14691
14658
13452
11184
8050
4313
280
-3721
-7371
-10380
-12517
-13622
-13622
-12530
-10452
-7566
-4118
-388
3316
6700
9498
11493
12537
12564
11584
9692
7056
3896
476
-2926
-6039
-8617
-10462
-11440
-11486
-10612
-8905
-6516
-3649
-541
2554
5387
7739
9427
10329
10389
9617
8093
5951
3376
583
-2198
-4747
-6864
-8388
-9209
-9277
-8602
-7254
-5358
-3077
-602
1862
4121
5997
7349
8080
8149
7566
6394
4741
2754
599
-1545
-3507
-5136
-6309
-6946
-7009
-6512
-5510
-4100
-2406
-572
1248
2909
4284
5272
5806
5858
5442
4606
3434
2033
522
-970
-2327
-3443
-4240
-4664
-4697
-4356
-3682
-2746
-1635
-448
714
1762
2615
3212
3521
3529
3256
2740
2036
1215
352
-480
-1215
-1798
-2192
-2378
-2356
-2146
-1781
-1306
-772
-231
269
687
996
1181
1238
1178
1025
806
556
306
87
-78
-179
-211
-180
-103
0
103
180
211
179
78
-87
-306
-556
-806
-1025
-1178
-1238
-1181
-996
-687
-269
231
772
1306
1781
2146
2356
2378
2192
1798
1215
480
-352
-1215
-2036
-2740
-3256
-3529
-3521
-3212
-2615
-1762
-714
448
1635
2746
3682
4356
4697
4664
4240
3443
2327
970
-522
-2033
-3434
-4606
-5442
-5858
-5806
-5272
-4284
-2909
-1248
572
2406
4100
5510
6512
7009
6946
6309
5136
3507
1545
-599
-2754
-4741
-6394
-7566
-8149
-8080
-7349
-5997
-4121
-1862
602
3077
5358
7254
8602
9277
9209
8388
6864
4747
2198
-583
-3376
-5951
-8093
-9617
-10389
-10329
-9427
-7739
-5387
-2554
541
3649
6516
8905
10612
11486
11440
10462
8617
6039
2926
-476
-3896
-7056
-9692
-11583
-12564
-12537
-11493
-9498
-6700
-3316
388
4118
7566
10452
12530
13622
13622
12517
10380
7371
3721
-280
-4313
-8050
-11184
-13452
-14658
-14691
-13533
-11262
-8048
-4141
150
4483
8505
11887
14347
15673
15743
14539
12142
8732
4576
0
-4626
-8932
-12561
-15213
-16662
-16777
-15533
-13019
-9421
-5022
-170
4745
9328
13204
16050
17625
17788
16513
13889
10114
5482
360
-4838
-9696
-13816
-16856
-18561
-18779
-17479
-14753
-10808
-5952
-570
4905
10034
14395
17630
19467
19745
18428
15609
11502
6431
797
-4948
-10341
-14942
-18372
-20344
-20685
-19357
-16452
-12196
-6918
-1040
4967
10619
15456
19080
21188
21599
20267
17286
12887
7413
1300
-4961
-10867
-15936
-19753
-22000
-22484
-21155
-18106
-13574
-7913
-1575
4932
11084
16382
20391
22777
23339
22019
18910
14256
8419
1864
-4879
-11272
-16793
-20992
-23520
-24162
-22857
-19699
-14930
-8927
-2167
4805
11431
17171
21556
24226
24954
23670
20468
15596
9437
2483
-4709
-11559
-17513
-22084
-24895
-25711
-24455
-21218
-16251
-9948
-2809
4592
11659
17820
22573
25526
26432
25210
21946
16895
10457
3145
-4454
-11731
-18093
-23023
-26117
-27118
-25934
-22652
-17527
-10965
-3490
4298
11773
18329
23435
26670
27766
26626
23333
18143
11469
3843
-4123
-11788
-18532
-23807
-27181
-28376
-27284
-23988
-18744
-11969
-4203
3930
11776
18700
24140
27652
28945
27907
24616
19326
12461
4567
-3721
-11737
-18833
-24433
-28080
-29475
-28495
-25215
-19890
-12945
-4936
3497
11673
18933
24687
28467
29963
29046
25784
20434
13421
5307
-3257
-11583
-18999
-24901
-28811
-30409
-29558
-26323
-20957
-13886
-5680
3005
11469
19030
25075
29112
30812
30032
26829
21455
14339
6053
-2740
-11332
-19030
-25210
-29371
-31172
-30466
-27301
-21930
-14780
-6425
2464
11173
18997
25305
29586
31489
30858
27739
22379
15205
6794
-2178
-10991
-18933
-25362
-29757
-31762
-31209
-28141
-22800
-15615
-7160
1884
10789
18837
25379
29885
31989
31518
28507
23194
16006
7520
-1581
-10567
-18713
-25359
-29970
-32171
-31784
-28835
-23559
-16380
-7874
1272
10327
18557
25301
30012
32309
32006
29124
23893
16734
8221
-958
-10069
-18375
-25205
-30010
-32401
-32184
-29373
-24196
-17066
-8558
641
9795
18164
25073
29967
32448
32317
29583
24466
17377
8886
-321
-9506
-17927
-24905
-29881
-32450
-32406
-29753
-24703
-17664
-9203
0
9203
17664
24703
29753
32406
32450
29881
24905
17927
9506
321
-8886
-17377
-24466
-29583
-32317
-32448
-29967
-25073
-18164
-9795
-641
8558
17066
24196
29373
32184
32401
30010
25205
18375
10069
958
-8221
-16734
-23893
-29124
-32006
-32309
-30012
-25301
-18557
-10327
-1272
7874
16380
23559
28835
31784
32171
29970
25359
18713
10567
1581
-7520
-16006
-23194
-28507
-31518
-31989
-29885
-25379
-18837
-10789
-1884
7160
15615
22800
28141
31209
31762
29757
25362
18933
10991
2178
-6794
-15205
-22379
-27739
-30858
-31489
-29586
-25305
-18997
-11173
-2464
6425
14780
21930
27301
30466
31172
29371
25210
19030
11332
2740
-6053
-14339
-21455
-26829
-30032
-30812
-29112
-25075
-19030
-11469
-3005
5680
13886
20957
26323
29558
30409
28811
24901
18999
11584
3257
-5307
-13421
-20434
-25784
-29046
-29963
-28467
-24687
-18933
-11673
-3497
4936
12945
19890
25215
28495
29475
28080
24433
18833
11737
3721
-4567
-12461
-19326
-24616
-27907
-28945
-27652
-24140
-18700
-11776
-3930
4203
11969
18744
23988
27284
28376
27181
23807
18532
11788
4123
-3843
-11469
-18143
-23333
-26626
-27766
-26670
-23435
-18329
-11773
-4298
3490
10965
17527
22652
25934
27118
26117
23023
18093
11731
4454
-3145
-10457
-16895
-21946
-25210
-26432
-25526
-22573
-17820
-11659
-4592
2809
9948
16251
21218
24455
25711
24895
22084
17513
11559
4709
-2483
-9437
-15596
-20468
-23670
-24954
-24226
-21556
-17171
-11431
-4805
2167
8927
14930
19699
22857
24162
23520
20992
16793
11272
4879
-1864
-8419
-14256
-18910
-22019
-23339
-22777
-20391
-16383
-11084
-4932
1575
7913
13574
18106
21155
22484
22000
19753
15936
10867
4961
-1300
-7413
-12887
-17286
-20267
-21599
-21188
-19080
-15456
-10619
-4967
1040
6918
12196
16452
19357
20685
20344
18372
14942
10341
4948
-797
-6431
-11502
-15609
-18428
-19745
-19467
-17630
-14395
-10034
-4905
570
5952
10808
14753
17479
18779
18561
16856
13816
9696
4838
-360
-5482
-10114
-13889
-16513
-17788
-17625
-16050
-13204
-9328
-4745
170
5022
9421
13019
15533
16777
16662
15213
12561
8932
4626
0
-4576
-8732
-12142
-14539
-15743
-15673
-14347
-11887
-8505
-4483
-150
4141
8048
11262
13533
14691
14658
13452
11184
8050
4313
280
-3721
-7371
-10380
-12517
-13622
-13622
-12530
-10452
-7566
-4118
-388
3316
6700
9498
11493
12537
12564
11583
9692
7056
3896
476
-2926
-6039
-8617
-10462
-11440
-11486
-10612
-8905
-6516
-3649
-541
2554
5387
7739
9427
10329
10389
9617
8093
5951
3376
583
-2198
-4747
-6864
-8388
-9209
-9277
-8602
-7254
-5358
-3077
-602
1862
4121
5997
7349
8080
8149
7566
6394
4741
2754
599
-1545
-3507
-5136
-6309
-6946
-7009
-6512
-5510
-4100
-2406
-572
1248
2909
4284
5272
5806
5858
5442
4606
3434
2033
522
-970
-2327
-3443
-4240
-4664
-4697
-4356
-3682
-2746
-1635
-448
714
1762
2615
3212
3521
3529
3256
2740
2036
1215
352
-480
-1215
-1798
-2192
-2378
-2356
-2146
-1781
-1306
-772
-231
269
687
996
1181
1238
1178
1025
806
556
306
87
-78
-179
-211
-180
-103
0
103
180
211
179
78
-87
-306
-556
-806
-1025
-1178
-1238
-1181
-996
-687
-269
231
772
1306
1781
2146
2356
2378
2192
1798
1215
480
-352
-1215
-2036
-2740
-3256
-3529
-3521
-3212
-2615
-1762
-714
448
1635
2746
3682
4356
4697
4664
4240
3443
2327
970
-522
-2033
-3434
-4606
-5442
-5858
-5806
-5272
-4284
-2909
-1248
572
2406
4100
5510
6512
7009
6946
6309
5136
3507
1545
-599
-2754
-4741
-6394
-7566
-8149
-8080
-7349
-5997
-4121
-1862
602
3077
5358
7254
8602
9277
9209
8388
6864
4747
2198
-583
-3376
-5951
-8093
-9617
-10389
-10329
-9427
-7739
-5387
-2554
541
3649
6516
8905
10612
11486
11440
10462
8617
6039
2926
-476
-3896
-7056
-9692
-11584
-12564
-12537
-11493
-9498
-6700
-3316
388
4118
7566
10452
12530
13622
13622
12517
10380
7371
3721
-280
-4313
-8050
-11184
-13452
-14658
-14691
-13533
-11262
-8048
-4141
150
4483
8505
11887
14347
15673
15743
14539
12142
8732
4576
0
-4626
-8932
-12561
-15213
-16662
-16777
-15533
-13019
-9421
-5022
-170
4745
9328
13204
16050
17625
17788
16513
13889
10114
5482
360
-4838
-9696
-13816
-16856
-18561
-18779
-17479
-14753
-10808
-5952
-570
4905
10034
14395
17630
19467
19745
18428
15609
11502
6431
797
-4948
-10341
-14942
-18372
-20344
-20685
-19357
-16452
-12196
-6918
-1040
4967
10619
15456
19080
21188
21599
20267
17286
12887
7413
1300
-4961
-10867
-15936
-19753
-22000
-22484
-21155
-18106
-13574
-7913
-1575
4932
11084
16383
20391
22777
23339
22019
18910
14256
8419
1864
-4879
-11272
-16793
-20992
-23520
-24162
-22857
-19699
-14930
-8927
-2167
4805
11431
17171
21556
24226
24954
23670
20468
15596
9437
2483
-4709
-11559
-17513
-22084
-24895
-25711
-24455
-21218
-16251
-9948
-2809
4592
11659
17820
22573
25526
26432
25210
21946
16895
10457
3145
-4454
-11731
-18093
-23023
-26117
-27118
-25934
-22652
-17527
-10965
-3490
4298
11773
18329
23435
26670
27766
26626
23333
18143
11469
3843
-4123
-11788
-18532
-23807
-27181
-28376
-27284
-23988
-18744
-11969
-4203
3930
11776
18700
24140
27652
28945
27907
24616
19326
12461
4567
-3721
-11737
-18833
-24433
-28080
-29475
-28495
-25215
-19890
-12945
-4936
3497
11673
18933
24687
28467
29963
29046
25784
20434
13421
5307
-3257
-11584
-18999
-24901
-28811
-30409
-29558
-26323
-20957
-13886
-5680
3005
11469
19030
25075
29112
30812
30032
26829
21455
14339
6053
-2740
-11332
-19030
-25210
-29371
-31172
-30466
-27301
-21930
-14780
-6425
2464
11173
18997
25305
29586
31489
30858
27739
22379
15205
6794
-2178
-10991
-18933
-25362
-29757
-31762
-31209
-28141
-22800
-15615
-7160
1884
10789
18837
25379
29885
31989
31518
28507
23194
16006
7520
-1581
-10567
-18713
-25359
-29970
-32171
-31784
-28835
-23559
-16380
-7874
1272
10327
18557
25301
30012
32309
32006
29124
23893
16734
8221
-958
-10069
-18375
-25205
-30010
-32401
-32184
-29373
-24196
-17066
-8558
641
9795
18164
25073
29967
32448
32317
29583
24466
17377
8886
-321
-9506
-17927
-24905
-29881
-32450
-32406
-29753
-24703
-17664
-9203
