17269
10860
2323
-6503
-13675
-17624
-17552
-13646
-7044
438
6748
10116
9502
4874
-2766
-11612
-19489
-24393
-24992
-20975
-13146
-3247
6453
13713
16874
15271
9419
894
-8039
-14981
-17991
-16075
-9452
484
11483
20977
26708
27284
22529
13547
2464
-8071
-15531
-18124
-15240
-7608
2863
13539
21694
25174
22923
15258
3804
-8879
-19903
-26744
-27847
-23008
-13430
-1444
10040
18230
21115
17953
9452
-2389
-14751
-24660
-29696
-28562
-21402
-9768
3740
16081
24488
27110
23450
14470
2370
-9933
-19489
-23995
-22337
-14836
-3174
10002
21698
29260
30980
26482
16796
4110
-8737
-18907
-24204
-23562
-17269
-6882
5141
16010
23227
25144
21317
12579
836
-11371
-21439
-27272
-27724
-22829
-13764
-2566
8328
16611
20598
19566
13876
4870
-5444
-14830
-21300
-23513
-21037
-14409
-4991
5321
14505
20812
23111
21086
15278
6950
-2178
-10279
-15767
-17601
-15467
-9822
-1797
7032
14943
20394
22308
20275
14624
6366
-2997
-11743
-18255
-21326
-20385
-15618
-7946
1143
9863
16470
19603
18552
13416
5102
-4831
-14468
-21899
-25605
-24765
-19436
-10561
202
10793
19159
23661
23411
18457
9790
-852
-11321
-19489
-23676
-22989
-17506
-8259
2970
14002
22701
27390
27185
22159
13316
2383
-8538
-17386
-22537
-23111
-19117
-11435
-1619
8414
16757
21866
22839
19557
12675
3479
-6373
-15156
-21389
-24077
-22861
-18059
-10579
-1745
6935
14023
18380
19340
16806
11247
3621
-4785
-12557
-18379
-21238
-20593
-16466
-9452
-634
8577
16669
22278
24419
22671
17266
9070
-547
-9934
-17446
-21735
-21998
-18136
-10784
-1216
8878
17691
23626
25585
23172
16768
7458
-3158
-13264
-21146
-25502
-25659
-21680
-14337
-4956
4831
13373
19282
21658
20214
15302
7819
-962
-9610
-16770
-21364
-22742
-20752
-15744
-8489
-60
8328
15489
20425
22454
21302
17139
10562
2517
-5819
-13200
-18490
-20833
-19793
-15444
-8376
370
9452
17427
22985
25167
23534
18256
10098
306
-9595
-18051
-23738
-25781
-23899
-18445
-10342
-916
8328
15950
20809
22233
20100
14836
7317
-1280
-9676
-16676
-21335
-23071
-21720
-17531
-11107
-3316
4831
12303
18167
21692
22436
20294
15522
8715
749
-7315
-14367
-19391
-21614
-20635
-16499
-9718
-1216
7793
15984
22118
25243
24846
20941
14071
5225
-4317
-13185
-20136
-24233
-24981
-22385
-16923
-9452
-1064
7079
13917
18615
20664
19908
16541
11055
4160
-3299
-10441
-16433
-20571
-22346
-21500
-18059
-12350
-4978
3219
11256
18121
22898
24907
23810
19683
13021
4692
-4186
-12397
-18810
-22546
-23111
-20461
-15010
-7549
873
9116
16108
20992
23227
22631
19380
13947
7025
-575
-8021
-14540
-19489
-22393
-22979
-21192
-17198
-11380
-4318
3252
10500
16581
20738
22403
21287
17441
11278
3530
-4831
-12726
-19119
-23164
-24330
-22475
-17858
-11093
-3053
5263
12871
18928
22826
24245
23158
19803
14624
8203
1193
-5740
-11965
-16925
-20162
-21356
-20348
-17173
-12078
-5526
1827
9185
15695
20553
23111
22980
20099
14756
7561
-632
-8844
-16108
-21593
-24718
-25209
-23119
-18786
-12774
-5772
1491
8328
14156
18525
21131
21815
20554
17456
12759
6829
157
-6661
-12962
-18074
-21393
-22467
-21073
-17269
-11407
-4108
3815
11459
17953
22575
24845
24580
21894
17166
10967
3970
-3141
-9741
-15316
-19489
-22014
-22770
-21741
-19008
-14749
-9242
-2876
3856
10372
16048
20279
22562
22571
20219
15695
9452
2160
-5382
-12349
-18005
-21791
-23390
-22743
-20034
-15633
-10027
-3752
2675
8791
14203
18591
21694
23307
23278
21529
18082
13090
6866
-124
-7279
-13920
-19371
-23050
-24552
-23716
-20646
-15704
-9452
-2566
4252
10371
15295
18702
20448
20539
19094
16300
12377
7562
2112
-3683
-9486
-14901
-19489
-22805
-24451
-24142
-21768
-17438
-11484
-4439
3027
10196
16398
21097
23949
24833
23833
21195
17269
12441
7082
1521
-3964
-9127
-13732
-17535
-20273
-21685
-21548
-19726
-16225
-11226
-5098
1631
8328
14339
19077
22108
23198
22340
19731
15719
10741
5241
-379
-5798
-10778
-15145
-18756
-21466
-23111
-23512
-22505
-19986
-15959
-10586
-4196
2727
9595
15790
20750
24052
25465
24976
22770
19180
14624
9523
4248
-917
-5776
-10197
-14077
-17297
-19700
-21088
-21249
-20007
-17276
-13115
-7755
-1596
4831
10938
16157
20031
22272
22793
21697
19237
15748
11578
7027
2319
-2403
-7049
-11537
-15747
-19489
-22499
-24467
-25085
-24121
-21478
-17245
-11701
-5294
1425
7882
13568
18106
21295
23105
23647
23111
21701
19579
16838
13498
9548
4992
-89
-5505
-10937
-15966
-20131
-23004
-24269
-23789
-21632
-18059
-13479
-8369
-3188
1692
6031
9732
12810
15333
17361
18889
19825
19992
19174
17181
13920
9452
4016
-1983
-8031
-13586
-18168
-21437
-23239
-23614
-22759
-20961
-18517
-15660
-12521
-9114
-5374
-1216
3394
8381
13521
18461
22755
25952
27680
27728
26088
22961
18716
13812
8707
3772
-764
-4831
-8490
-11867
-15078
-18157
-21005
-23396
-25007
-25498
-24600
-22191
-18354
-13373
-7699
-1865
3613
8328
12050
14744
16547
17693
18431
18934
19241
19243
18710
17367
14982
11457
6883
1553
-4073
-9452
-14062
-17506
-19582
-20313
-19919
-18745
-17163
-15467
-13805
-12147
-10313
-8037
-5073
-1287
3267
8328
13456
18116
21785
24065
24768
23951
21896
19028
15815
12647
9751
7146
4666
2023
-1077
-4831
-9250
-14115
-19011
-23395
-26721
-28561
-28704
-27204
-24367
-20675
-16664
-12802
-9378
-6445
-3833
-1216
1772
5409
9781
14721
19828
24540
28256
30482
30944
29657
26921
23245
19226
15398
12111
9452
7239
5094
2565
-728
-4965
-10045
-15584
-20986
-25578
-28767
-30179
-29755
-27760
-24720
-21282
-18059
-15470
-13644
-12393
-11282
-9753
-7294
-3603
1312
7104
13150
18690
23005
25590
26278
25276
23111
20490
18120
16519
15885
16045
16506
16589
15621
13129
8982
3453
-2828
-9013
-14239
-17836
-19489
-19316
-17833
-15814
-14091
-13329
-13846
-15527
-17844
-19995
-21112
-20496
-17815
-13207
-7266
-912
4831
9088
11343
11577
10263
8243
6510
5936
7044
9852
13860
18163
21681
23433
22803
19704
14624
8515
2563
-2101
-4690
-4961
-3277
-517
2150
3571
2915
-95
-5096
-11155
-16996
-21313
-23111
-21957
-18111
-12473
-6364
-1202
1858
2218
0
-3978
-8403
-11804
-12923
-11061
-6263
661
8328
15110
19547
20709
18446
13439
7038
933
-3268
-4451
-2288
2670
9109
15281
19436
20270
-17269
-10860
-2323
6503
13675
17624
17552
13646
7044
-438
-6748
-10116
-9502
-4874
2766
11612
19489
24393
24992
20975
13146
3247
-6453
-13713
-16874
-15271
-9419
-894
8039
14981
17991
16075
9452
-484
-11483
-20977
-26708
-27284
-22529
-13547
-2464
8071
15531
18124
15240
7608
-2863
-13539
-21694
-25174
-22923
-15258
-3804
8879
19903
26744
27847
23008
13430
1444
-10040
-18230
-21115
-17953
-9452
2389
14751
24660
29696
28562
21402
9768
-3740
-16081
-24488
-27110
-23450
-14470
-2370
9933
19489
23995
22337
14836
3174
-10002
-21698
-29260
-30980
-26482
-16796
-4110
8737
18907
24204
23562
17269
6882
-5141
-16010
-23227
-25144
-21317
-12579
-836
11371
21439
27272
27724
22829
13764
2566
-8328
-16611
-20598
-19566
-13876
-4870
5444
14830
21300
23513
21037
14409
4991
-5321
-14505
-20812
-23111
-21086
-15278
-6950
2178
10279
15767
17601
15467
9822
1797
-7032
-14943
-20394
-22308
-20275
-14624
-6366
2997
11743
18255
21326
20385
15618
7946
-1143
-9863
-16470
-19603
-18552
-13416
-5102
4831
14468
21899
25605
24765
19436
10561
-202
-10793
-19159
-23661
-23411
-18457
-9790
852
11321
19489
23676
22989
17506
8259
-2970
-14002
-22701
-27390
-27185
-22159
-13316
-2383
8538
17386
22537
23111
19117
11435
1619
-8414
-16757
-21866
-22839
-19557
-12675
-3479
6373
15156
21389
24077
22861
18059
10579
1745
-6935
-14023
-18380
-19340
-16806
-11247
-3621
4785
12557
18379
21238
20593
16466
9452
634
-8577
-16669
-22278
-24419
-22671
-17266
-9070
547
9934
17446
21735
21998
18136
10784
1216
-8878
-17691
-23626
-25585
-23172
-16768
-7458
3158
13264
21146
25502
25659
21680
14337
4956
-4831
-13373
-19282
-21658
-20214
-15302
-7819
962
9610
16770
21364
22742
20752
15744
8489
60
-8328
-15489
-20425
-22454
-21302
-17139
-10562
-2517
5819
13200
18490
20833
19793
15444
8376
-370
-9452
-17427
-22985
-25167
-23534
-18256
-10098
-306
9595
18051
23738
25781
23899
18445
10342
916
-8328
-15950
-20809
-22233
-20100
-14836
-7317
1280
9676
16676
21335
23071
21720
17531
11107
3316
-4831
-12303
-18167
-21692
-22436
-20294
-15522
-8715
-749
7315
14367
19391
21614
20635
16499
9718
1216
-7793
-15984
-22118
-25243
-24846
-20941
-14071
-5225
4317
13185
20136
24233
24981
22385
16923
9452
1064
-7079
-13917
-18615
-20664
-19908
-16541
-11055
-4160
3299
10441
16433
20571
22346
21500
18059
12350
4978
-3219
-11256
-18121
-22898
-24907
-23810
-19683
-13021
-4692
4186
12397
18810
22546
23111
20461
15010
7549
-873
-9116
-16108
-20992
-23227
-22631
-19380
-13947
-7025
575
8021
14540
19489
22393
22979
21192
17198
11380
4318
-3252
-10500
-16581
-20738
-22403
-21287
-17441
-11278
-3530
4831
12726
19119
23164
24330
22475
17858
11093
3053
-5263
-12871
-18928
-22826
-24245
-23158
-19803
-14624
-8203
-1193
5740
11965
16925
20162
21356
20348
17173
12078
5526
-1827
-9185
-15695
-20553
-23111
-22980
-20099
-14756
-7561
632
8844
16108
21593
24718
25209
23119
18786
12774
5772
-1491
-8328
-14156
-18525
-21131
-21815
-20554
-17456
-12759
-6829
-157
6661
12962
18074
21393
22467
21073
17269
11407
4108
-3815
-11459
-17953
-22575
-24845
-24580
-21894
-17166
-10967
-3970
3141
9741
15316
19489
22014
22770
21741
19008
14749
9242
2876
-3856
-10372
-16048
-20279
-22562
-22571
-20219
-15695
-9452
-2160
5382
12349
18005
21791
23390
22743
20034
15633
10027
3752
-2675
-8791
-14203
-18591
-21694
-23307
-23278
-21529
-18082
-13090
-6866
124
7279
13920
19371
23050
24552
23716
20646
15704
9452
2566
-4252
-10371
-15295
-18702
-20448
-20539
-19094
-16300
-12377
-7562
-2112
3683
9486
14901
19489
22805
24451
24142
21768
17438
11484
4439
-3027
-10196
-16398
-21097
-23949
-24833
-23833
-21195
-17269
-12441
-7082
-1521
3964
9127
13732
17535
20273
21685
21548
19726
16225
11226
5098
-1631
-8328
-14339
-19077
-22108
-23198
-22340
-19731
-15719
-10741
-5241
379
5798
10778
15145
18756
21466
23111
23512
22505
19986
15959
10586
4196
-2727
-9595
-15790
-20750
-24052
-25465
-24976
-22770
-19180
-14624
-9523
-4248
917
5776
10197
14077
17297
19700
21088
21249
20007
17276
13115
7755
1596
-4831
-10938
-16157
-20031
-22272
-22793
-21697
-19237
-15748
-11578
-7027
-2319
2403
7049
11537
15747
19489
22499
24467
25085
24121
21478
17245
11701
5294
-1425
-7882
-13568
-18106
-21295
-23105
-23647
-23111
-21701
-19579
-16838
-13498
-9548
-4992
89
5505
10937
15966
20131
23004
24269
23789
21632
18059
13479
8369
3188
-1692
-6031
-9732
-12810
-15333
-17361
-18889
-19825
-19992
-19174
-17181
-13920
-9452
-4016
1983
8031
13586
18168
21437
23239
23614
22759
20961
18517
15660
12521
9114
5374
1216
-3394
-8381
-13521
-18461
-22755
-25952
-27680
-27728
-26088
-22961
-18716
-13812
-8707
-3772
764
4831
8490
11867
15078
18157
21005
23396
25007
25498
24600
22191
18354
13373
7699
1865
-3613
-8328
-12050
-14744
-16547
-17693
-18431
-18934
-19241
-19243
-18710
-17367
-14982
-11457
-6883
-1553
4073
9452
14062
17506
19582
20313
19919
18745
17163
15467
13805
12147
10313
8037
5073
1287
-3267
-8328
-13456
-18116
-21785
-24065
-24768
-23951
-21896
-19028
-15815
-12647
-9751
-7146
-4666
-2023
1077
4831
9250
14115
19011
23395
26721
28561
28704
27204
24367
20675
16664
12802
9378
6445
3833
1216
-1772
-5409
-9781
-14721
-19828
-24540
-28256
-30482
-30944
-29657
-26921
-23245
-19226
-15398
-12111
-9452
-7239
-5094
-2565
728
4965
10045
15584
20986
25578
28767
30179
29755
27760
24720
21282
18059
15470
13644
12393
11282
9753
7294
3603
-1312
-7104
-13150
-18690
-23005
-25590
-26278
-25276
-23111
-20490
-18120
-16519
-15885
-16045
-16506
-16589
-15621
-13129
-8982
-3453
2828
9013
14239
17836
19489
19316
17833
15814
14091
13329
13846
15527
17844
19995
21112
20496
17815
13207
7266
912
-4831
-9088
-11343
-11577
-10263
-8243
-6510
-5936
-7044
-9852
-13860
-18163
-21681
-23433
-22803
-19704
-14624
-8515
-2563
2101
4690
4961
3277
517
-2150
-3571
-2915
95
5096
11155
16996
21313
23111
21957
18111
12473
6364
1202
-1858
-2218
0
3978
8403
11804
12923
11061
6263
-661
-8328
-15110
-19547
-20709
-18446
-13439
-7038
-933
3268
4451
2288
-2670
-9109
-15281
-19436
-20270
-17269
-10860
-2323
6503
13675
17624
17552
13646
7044
-438
-6748
-10116
-9502
-4874
2766
11612
19489
24393
24992
20975
13146
3247
-6453
-13713
-16874
-15271
-9419
-894
8039
14981
17991
16075
9452
-484
-11483
-20977
-26708
-27284
-22529
-13547
-2464
8071
15531
18124
15240
7608
-2863
-13539
-21694
-25174
-22923
-15258
-3804
8879
19903
26744
27847
23008
13430
1444
-10040
-18230
-21115
-17953
-9452
2389
14751
24660
29696
28562
21402
9768
-3740
-16081
-24488
-27110
-23450
-14470
-2370
9933
19489
23995
22337
14836
3174
-10002
-21698
-29260
-30980
-26482
-16796
-4110
8737
18907
24204
23562
17269
6882
-5141
-16010
-23227
-25144
-21317
-12579
-836
11371
21439
27272
27724
22829
13764
2566
-8328
-16611
-20598
-19566
-13876
-4870
5444
14830
21300
23513
21037
14409
4991
-5321
-14505
-20812
-23111
-21086
-15278
-6950
2178
10279
15767
17601
15467
9822
1797
-7032
-14943
-20394
-22308
-20275
-14624
-6366
2997
11743
18255
21326
20385
15618
7946
-1143
-9863
-16470
-19603
-18552
-13416
-5102
4831
14468
21899
25605
24765
19436
10561
-202
-10793
-19159
-23661
-23411
-18457
-9790
852
11321
19489
23676
22989
17506
8259
-2970
-14002
-22701
-27390
-27185
-22159
-13316
-2383
8538
17386
22537
23111
19117
11435
1619
-8414
-16757
-21866
-22839
-19557
-12675
-3479
6373
15156
21389
24077
22861
18059
10579
1745
-6935
-14023
-18380
-19340
-16806
-11247
-3621
4785
12557
18379
21238
20593
16466
9452
634
-8577
-16669
-22278
-24419
-22671
-17266
-9070
547
9934
17446
21735
21998
18136
10784
1216
-8878
-17691
-23626
-25585
-23172
-16768
-7458
3158
13264
21146
25502
25659
21680
14337
4956
-4831
-13373
-19282
-21658
-20214
-15302
-7819
962
9610
16770
21364
22742
20752
15744
8489
60
-8328
-15489
-20425
-22454
-21302
-17139
-10562
-2517
5819
13200
18490
20833
19793
15444
8376
-370
-9452
-17427
-22985
-25167
-23534
-18256
-10098
-306
9595
18051
23738
25781
23899
18445
10342
916
-8328
-15950
-20809
-22233
-20100
-14836
-7317
1280
9676
16676
21335
23071
21720
17531
11107
3316
-4831
-12303
-18167
-21692
-22436
-20294
-15522
-8715
-749
7315
14367
19391
21614
20635
16499
9718
1216
-7793
-15984
-22118
-25243
-24846
-20941
-14071
-5225
4317
13185
20136
24233
24981
22385
16923
9452
1064
-7079
-13917
-18615
-20664
-19908
-16541
-11055
-4160
3299
10441
16433
20571
22346
21500
18059
12350
4978
-3219
-11256
-18121
-22898
-24907
-23810
-19683
-13021
-4692
4186
12397
18810
22546
23111
20461
15010
7549
-873
-9116
-16108
-20992
-23227
-22631
-19380
-13947
-7025
575
8021
14540
19489
22393
22979
21192
17198
11380
4318
-3252
-10500
-16581
-20738
-22403
-21287
-17441
-11278
-3530
4831
12726
19119
23164
24330
22475
17858
11093
3053
-5263
-12871
-18928
-22826
-24245
-23158
-19803
-14624
-8203
-1193
5740
11965
16925
20162
21356
20348
17173
12078
5526
-1827
-9185
-15695
-20553
-23111
-22980
-20099
-14756
-7561
632
8844
16108
21593
24718
25209
23119
18786
12774
5772
-1491
-8328
-14156
-18525
-21131
-21815
-20554
-17456
-12759
-6829
-157
6661
12962
18074
21393
22467
21073
17269
11407
4108
-3815
-11459
-17953
-22575
-24845
-24580
-21894
-17166
-10967
-3970
3141
9741
15316
19489
22014
22770
21741
19008
14749
9242
2876
-3856
-10372
-16048
-20279
-22562
-22571
-20219
-15695
-9452
-2160
5382
12349
18005
21791
23390
22743
20034
15633
10027
3752
-2675
-8791
-14203
-18591
-21694
-23307
-23278
-21529
-18082
-13090
-6866
124
7279
13920
19371
23050
24552
23716
20646
15704
9452
2566
-4252
-10371
-15295
-18702
-20448
-20539
-19094
-16300
-12377
-7562
-2112
3683
9486
14901
19489
22805
24451
24142
21768
17438
11484
4439
-3027
-10196
-16398
-21097
-23949
-24833
-23833
-21195
-17269
-12441
-7082
-1521
3964
9127
13732
17535
20273
21685
21548
19726
16225
11226
5098
-1631
-8328
-14339
-19077
-22108
-23198
-22340
-19731
-15719
-10741
-5241
379
5798
10778
15145
18756
21466
23111
23512
22505
19986
15959
10586
4196
-2727
-9595
-15790
-20750
-24052
-25465
-24976
-22770
-19180
-14624
-9523
-4248
917
5776
10197
14077
17297
19700
21088
21249
20007
17276
13115
7755
1596
-4831
-10938
-16157
-20031
-22272
-22793
-21697
-19237
-15748
-11578
-7027
-2319
2403
7049
11537
15747
19489
22499
24467
25085
24121
21478
17245
11701
5294
-1425
-7882
-13568
-18106
-21295
-23105
-23647
-23111
-21701
-19579
-16838
-13498
-9548
-4992
89
5505
10937
15966
20131
23004
24269
23789
21632
18059
13479
8369
3188
-1692
-6031
-9732
-12810
-15333
-17361
-18889
-19825
-19992
-19174
-17181
-13920
-9452
-4016
1983
8031
13586
18168
21437
23239
23614
22759
20961
18517
15660
12521
9114
5374
1216
-3394
-8381
-13521
-18461
-22755
-25952
-27680
-27728
-26088
-22961
-18716
-13812
-8707
-3772
764
4831
8490
11867
15078
18157
21005
23396
25007
25498
24600
22191
18354
13373
7699
1865
-3613
-8328
-12050
-14744
-16547
-17693
-18431
-18934
-19241
-19243
-18710
-17367
-14982
-11457
-6883
-1553
4073
9452
14062
17506
19582
20313
19919
18745
17163
15467
13805
12147
10313
8037
5073
1287
-3267
-8328
-13456
-18116
-21785
-24065
-24768
-23951
-21896
-19028
-15815
-12647
-9751
-7146
-4666
-2023
1077
4831
9250
14115
19011
23395
26721
28561
28704
27204
24367
20675
16664
12802
9378
6445
3833
1216
-1772
-5409
-9781
-14721
-19828
-24540
-28256
-30482
-30944
-29657
-26921
-23245
-19226
-15398
-12111
-9452
-7239
-5094
-2565
728
4965
10045
15584
20986
25578
28767
30179
29755
27760
24720
21282
18059
15470
13644
12393
11282
9753
7294
3603
-1312
-7104
-13150
-18690
-23005
-25590
-26278
-25276
-23111
-20490
-18120
-16519
-15885
-16045
-16506
-16589
-15621
-13129
-8982
-3453
2828
9013
14239
17836
19489
19316
17833
15814
14091
13329
13846
15527
17844
19995
21112
20496
17815
13207
7266
912
-4831
-9088
-11343
-11577
-10263
-8243
-6510
-5936
-7044
-9852
-13860
-18163
-21681
-23433
-22803
-19704
-14624
-8515
-2563
2101
4690
4961
3277
517
-2150
-3571
-2915
95
5096
11155
16996
21313
23111
21957
18111
12473
6364
1202
-1858
-2218
0
3978
8403
11804
12923
11061
6263
-661
-8328
-15110
-19547
-20709
-18446
-13439
-7038
-933
3268
4451
2288
-2670
-9109
-15281
-19436
-20270
-17269
-10860
-2323
6503
13675
17624
17552
13646
7044
-438
-6748
-10116
-9502
-4874
2766
11612
19489
24393
24992
20975
13146
3247
-6453
-13713
-16874
-15271
-9419
-894
8039
14981
17991
16075
9452
-484
-11483
-20977
-26708
-27284
-22529
-13547
-2464
8071
15531
18124
15240
7608
-2863
-13539
-21694
-25174
-22923
-15258
-3804
8879
19903
26744
27847
23008
13430
1444
-10040
-18230
-21115
-17953
-9452
2389
14751
24660
29696
28562
21402
9768
-3740
-16081
-24488
-27110
-23450
-14470
-2370
9933
19489
23995
22337
14836
3174
-10002
-21698
-29260
-30980
-26482
-16796
-4110
8737
18907
24204
23562
17269
6882
-5141
-16010
-23227
-25144
-21317
-12579
-836
11371
21439
27272
27724
22829
13764
2566
-8328
-16611
-20598
-19566
-13876
-4870
5444
14830
21300
23513
21037
14409
4991
-5321
-14505
-20812
-23111
-21086
-15278
-6950
2178
10279
15767
17601
15467
9822
1797
-7032
-14943
-20394
-22308
-20275
-14624
-6366
2997
11743
18255
21326
20385
15618
7946
-1143
-9863
-16470
-19603
-18552
-13416
-5102
4831
14468
21899
25605
24765
19436
10561
-202
-10793
-19159
-23661
-23411
-18457
-9790
852
11321
19489
23676
22989
17506
8259
-2970
-14002
-22701
-27390
-27185
-22159
-13316
-2383
8538
17386
22537
23111
19117
11435
1619
-8414
-16757
-21866
-22839
-19557
-12675
-3479
6373
15156
21389
24077
22861
18059
10579
1745
-6935
-14023
-18380
-19340
-16806
-11247
-3621
4785
12557
18379
21238
20593
16466
9452
634
-8577
-16669
-22278
-24419
-22671
-17266
-9070
547
9934
17446
21735
21998
18136
10784
1216
-8878
-17691
-23626
-25585
-23172
-16768
-7458
3158
13264
21146
25502
25659
21680
14337
4956
-4831
-13373
-19282
-21658
-20214
-15302
-7819
962
9610
16770
21364
22742
20752
15744
8489
60
-8328
-15489
-20425
-22454
-21302
-17139
-10562
-2517
5819
13200
18490
20833
19793
15444
8376
-370
-9452
-17427
-22985
-25167
-23534
-18256
-10098
-306
9595
18051
23738
25781
23899
18445
10342
916
-8328
-15950
-20809
-22233
-20100
-14836
-7317
1280
9676
16676
21335
23071
21720
17531
11107
3316
-4831
-12303
-18167
-21692
-22436
-20294
-15522
-8715
-749
7315
14367
19391
21614
20635
16499
9718
1216
-7793
-15984
-22118
-25243
-24846
-20941
-14071
-5225
4317
13185
20136
24233
24981
22385
16923
9452
1064
-7079
-13917
-18615
-20664
-19908
-16541
-11055
-4160
3299
10441
16433
20571
22346
21500
18059
12350
4978
-3219
-11256
-18121
-22898
-24907
-23810
-19683
-13021
-4692
4186
12397
18810
22546
23111
20461
15010
7549
-873
-9116
-16108
-20992
-23227
-22631
-19380
-13947
-7025
575
8021
14540
19489
22393
22979
21192
17198
11380
4318
-3252
-10500
-16581
-20738
-22403
-21287
-17441
-11278
-3530
4831
12726
19119
23164
24330
22475
17858
11093
3053
-5263
-12871
-18928
-22826
-24245
-23158
-19803
-14624
-8203
-1193
5740
11965
16925
20162
21356
20348
17173
12078
5526
-1827
-9185
-15695
-20553
-23111
-22980
-20099
-14756
-7561
632
8844
16108
21593
24718
25209
23119
18786
12774
5772
-1491
-8328
-14156
-18525
-21131
-21815
-20554
-17456
-12759
-6829
-157
6661
12962
18074
21393
22467
21073
17269
11407
4108
-3815
-11459
-17953
-22575
-24845
-24580
-21894
-17166
-10967
-3970
3141
9741
15316
19489
22014
22770
21741
19008
14749
9242
2876
-3856
-10372
-16048
-20279
-22562
-22571
-20219
-15695
-9452
-2160
5382
12349
18005
21791
23390
22743
20034
15633
10027
3752
-2675
-8791
-14203
-18591
-21694
-23307
-23278
-21529
-18082
-13090
-6866
124
7279
13920
19371
23050
24552
23716
20646
15704
9452
2566
-4252
-10371
-15295
-18702
-20448
-20539
-19094
-16300
-12377
-7562
-2112
3683
9486
14901
19489
22805
24451
24142
21768
17438
11484
4439
-3027
-10196
-16398
-21097
-23949
-24833
-23833
-21195
-17269
-12441
-7082
-1521
3964
9127
13732
17535
20273
21685
21548
19726
16225
11226
5098
-1631
-8328
-14339
-19077
-22108
-23198
-22340
-19731
-15719
-10741
-5241
379
5798
10778
15145
18756
21466
23111
23512
22505
19986
15959
10586
4196
-2727
-9595
-15790
-20750
-24052
-25465
-24976
-22770
-19180
-14624
-9523
-4248
917
5776
10197
14077
17297
19700
21088
21249
20007
17276
13115
7755
1596
-4831
-10938
-16157
-20031
-22272
-22793
-21697
-19237
-15748
-11578
-7027
-2319
2403
7049
11537
15747
19489
22499
24467
25085
24121
21478
17245
11701
5294
-1425
-7882
-13568
-18106
-21295
-23105
-23647
-23111
-21701
-19579
-16838
-13498
-9548
-4992
89
5505
10937
15966
20131
23004
24269
23789
21632
18059
13479
8369
3188
-1692
-6031
-9732
-12810
-15333
-17361
-18889
-19825
-19992
-19174
-17181
-13920
-9452
-4016
1983
8031
13586
18168
21437
23239
23614
22759
20961
18517
15660
12521
9114
5374
1216
-3394
-8381
-13521
-18461
-22755
-25952
-27680
-27728
-26088
-22961
-18716
-13812
-8707
-3772
764
4831
8490
11867
15078
18157
21005
23396
25007
25498
24600
22191
18354
13373
7699
1865
-3613
-8328
-12050
-14744
-16547
-17693
-18431
-18934
-19241
-19243
-18710
-17367
-14982
-11457
-6883
-1553
4073
9452
14062
17506
19582
20313
19919
18745
17163
15467
13805
12147
10313
8037
5073
1287
-3267
-8328
-13456
-18116
-21785
-24065
-24768
-23951
-21896
-19028
-15815
-12647
-9751
-7146
-4666
-2023
1077
4831
9250
14115
19011
23395
26721
28561
28704
27204
24367
20675
16664
12802
9378
6445
3833
1216
-1772
-5409
-9781
-14721
-19828
-24540
-28256
-30482
-30944
-29657
-26921
-23245
-19226
-15398
-12111
-9452
-7239
-5094
-2565
728
4965
10045
15584
20986
25578
28767
30179
29755
27760
24720
21282
18059
15470
13644
12393
11282
9753
7294
3603
-1312
-7104
-13150
-18690
-23005
-25590
-26278
-25276
-23111
-20490
-18120
-16519
-15885
-16045
-16506
-16589
-15621
-13129
-8982
-3453
2828
9013
14239
17836
19489
19316
17833
15814
14091
13329
13846
15527
17844
19995
21112
20496
17815
13207
7266
912
-4831
-9088
-11343
-11577
-10263
-8243
-6510
-5936
-7044
-9852
-13860
-18163
-21681
-23433
-22803
-19704
-14624
-8515
-2563
2101
4690
4961
3277
517
-2150
-3571
-2915
95
5096
11155
16996
21313
23111
21957
18111
12473
6364
1202
-1858
-2218
0
3978
8403
11804
12923
11061
6263
-661
-8328
-15110
-19547
-20709
-18446
-13439
-7038
-933
3268
4451
2288
-2670
-9109
-15281
-19436
-20270
-17269
-10860
-2323
6503
13675
17624
17552
13646
7044
-438
-6748
-10116
-9502
-4874
2766
11612
19489
24393
24992
20975
13146
3247
-6453
-13713
-16874
-15271
-9419
-894
8039
14981
17991
16075
9452
-484
-11483
-20977
-26708
-27284
-22529
-13547
-2464
8071
15531
18124
15240
7608
-2863
-13539
-21694
-25174
-22923
-15258
-3804
8879
19903
26744
27847
23008
13430
1444
-10040
-18230
-21115
-17953
-9452
2389
14751
24660
29696
28562
21402
9768
-3740
-16081
-24488
-27110
-23450
-14470
-2370
9933
19489
23995
22337
14836
3174
-10002
-21698
-29260
-30980
-26482
-16796
-4110
8737
18907
24204
23562
17269
6882
-5141
-16010
-23227
-25144
-21317
-12579
-836
11371
21439
27272
27724
22829
13764
2566
-8328
-16611
-20598
-19566
-13876
-4870
5444
14830
21300
23513
21037
14409
4991
-5321
-14505
-20812
-23111
-21086
-15278
-6950
2178
10279
15767
17601
15467
9822
1797
-7032
-14943
-20394
-22308
-20275
-14624
-6366
2997
11743
18255
21326
20385
15618
7946
-1143
-9863
-16470
-19603
-18552
-13416
-5102
4831
14468
21899
25605
24765
19436
10561
-202
-10793
-19159
-23661
-23411
-18457
-9790
852
11321
19489
23676
22989
17506
8259
-2970
-14002
-22701
-27390
-27185
-22159
-13316
-2383
8538
17386
22537
23111
19117
11435
1619
-8414
-16757
-21866
-22839
-19557
-12675
-3479
6373
15156
21389
24077
22861
18059
10579
1745
-6935
-14023
-18380
-19340
-16806
-11247
-3621
4785
12557
18379
21238
20593
16466
9452
634
-8577
-16669
-22278
-24419
-22671
-17266
-9070
547
9934
17446
21735
21998
18136
10784
1216
-8878
-17691
-23626
-25585
-23172
-16768
-7458
3158
13264
21146
25502
25659
21680
14337
4956
-4831
-13373
-19282
-21658
-20214
-15302
-7819
962
9610
16770
21364
22742
20752
15744
8489
60
-8328
-15489
-20425
-22454
-21302
-17139
-10562
-2517
5819
13200
18490
20833
19793
15444
8376
-370
-9452
-17427
-22985
-25167
-23534
-18256
-10098
-306
9595
18051
23738
25781
23899
18445
10342
916
-8328
-15950
-20809
-22233
-20100
-14836
-7317
1280
9676
16676
21335
23071
21720
17531
11107
3316
-4831
-12303
-18167
-21692
-22436
-20294
-15522
-8715
-749
7315
14367
19391
21614
20635
16499
9718
1216
-7793
-15984
-22118
-25243
-24846
-20941
-14071
-5225
4317
13185
20136
24233
24981
22385
16923
9452
1064
-7079
-13917
-18615
-20664
-19908
-16541
-11055
-4160
3299
10441
16433
20571
22346
21500
18059
12350
4978
-3219
-11256
-18121
-22898
-24907
-23810
-19683
-13021
-4692
4186
12397
18810
22546
23111
20461
15010
7549
-873
-9116
-16108
-20992
-23227
-22631
-19380
-13947
-7025
575
8021
14540
19489
22393
22979
21192
17198
11380
4318
-3252
-10500
-16581
-20738
-22403
-21287
-17441
-11278
-3530
4831
12726
19119
23164
24330
22475
17858
11093
3053
-5263
-12871
-18928
-22826
-24245
-23158
-19803
-14624
-8203
-1193
5740
11965
16925
20162
21356
20348
17173
12078
5526
-1827
-9185
-15695
-20553
-23111
-22980
-20099
-14756
-7561
632
8844
16108
21593
24718
25209
23119
18786
12774
5772
-1491
-8328
-14156
-18525
-21131
-21815
-20554
-17456
-12759
-6829
-157
6661
12962
18074
21393
22467
21073
17269
11407
4108
-3815
-11459
-17953
-22575
-24845
-24580
-21894
-17166
-10967
-3970
3141
9741
15316
19489
22014
22770
21741
19008
14749
9242
2876
-3856
-10372
-16048
-20279
-22562
-22571
-20219
-15695
-9452
-2160
5382
12349
18005
21791
23390
22743
20034
15633
10027
3752
-2675
-8791
-14203
-18591
-21694
-23307
-23278
-21529
-18082
-13090
-6866
124
7279
13920
19371
23050
24552
23716
20646
15704
9452
2566
-4252
-10371
-15295
-18702
-20448
-20539
-19094
-16300
-12377
-7562
-2112
3683
9486
14901
19489
22805
24451
24142
21768
17438
11484
4439
-3027
-10196
-16398
-21097
-23949
-24833
-23833
-21195
-17269
-12441
-7082
-1521
3964
9127
13732
17535
20273
21685
21548
19726
16225
11226
5098
-1631
-8328
-14339
-19077
-22108
-23198
-22340
-19731
-15719
-10741
-5241
379
5798
10778
15145
18756
21466
23111
23512
22505
19986
15959
10586
4196
-2727
-9595
-15790
-20750
-24052
-25465
-24976
-22770
-19180
-14624
-9523
-4248
917
5776
10197
14077
17297
19700
21088
21249
20007
17276
13115
7755
1596
-4831
-10938
-16157
-20031
-22272
-22793
-21697
-19237
-15748
-11578
-7027
-2319
2403
7049
11537
15747
19489
22499
24467
25085
24121
21478
17245
11701
5294
-1425
-7882
-13568
-18106
-21295
-23105
-23647
-23111
-21701
-19579
-16838
-13498
-9548
-4992
89
5505
10937
15966
20131
23004
24269
23789
21632
18059
13479
8369
3188
-1692
-6031
-9732
-12810
-15333
-17361
-18889
-19825
-19992
-19174
-17181
-13920
-9452
-4016
1983
8031
13586
18168
21437
23239
23614
22759
20961
18517
15660
12521
9114
5374
1216
-3394
-8381
-13521
-18461
-22755
-25952
-27680
-27728
-26088
-22961
-18716
-13812
-8707
-3772
764
4831
8490
11867
15078
18157
21005
23396
25007
25498
24600
22191
18354
13373
7699
1865
-3613
-8328
-12050
-14744
-16547
-17693
-18431
-18934
-19241
-19243
-18710
-17367
-14982
-11457
-6883
-1553
4073
9452
14062
17506
19582
20313
19919
18745
17163
15467
13805
12147
10313
8037
5073
1287
-3267
-8328
-13456
-18116
-21785
-24065
-24768
-23951
-21896
-19028
-15815
-12647
-9751
-7146
-4666
-2023
1077
4831
9250
14115
19011
23395
26721
28561
28704
27204
24367
20675
16664
12802
9378
6445
3833
1216
-1772
-5409
-9781
-14721
-19828
-24540
-28256
-30482
-30944
-29657
-26921
-23245
-19226
-15398
-12111
-9452
-7239
-5094
-2565
728
4965
10045
15584
20986
25578
28767
30179
29755
27760
24720
21282
18059
15470
13644
12393
11282
9753
7294
3603
-1312
-7104
-13150
-18690
-23005
-25590
-26278
-25276
-23111
-20490
-18120
-16519
-15885
-16045
-16506
-16589
-15621
-13129
-8982
-3453
2828
9013
14239
17836
19489
19316
17833
15814
14091
13329
13846
15527
17844
19995
21112
20496
17815
13207
7266
912
-4831
-9088
-11343
-11577
-10263
-8243
-6510
-5936
-7044
-9852
-13860
-18163
-21681
-23433
-22803
-19704
-14624
-8515
-2563
2101
4690
4961
3277
517
-2150
-3571
-2915
95
5096
11155
16996
21313
23111
21957
18111
12473
6364
1202
-1858
-2218
0
3978
8403
11804
12923
11061
6263
-661
-8328
-15110
-19547
-20709
-18446
-13439
-7038
-933
3268
4451
2288
-2670
-9109
-15281
-19436
-20270
-17269
-10860
-2323
6503
13675
17624
17552
13646
7044
-438
-6748
-10116
-9502
-4874
2766
11612
19489
24393
24992
20975
13146
3247
-6453
-13713
-16874
-15271
-9419
-894
8039
14981
17991
16075
9452
-484
-11483
-20977
-26708
-27284
-22529
-13547
-2464
8071
15531
18124
15240
7608
-2863
-13539
-21694
-25174
-22923
-15258
-3804
8879
19903
26744
27847
23008
13430
1444
-10040
-18230
-21115
-17953
-9452
2389
14751
24660
29696
28562
21402
9768
-3740
-16081
-24488
-27110
-23450
-14470
-2370
9933
19489
23995
22337
14836
3174
-10002
-21698
-29260
-30980
-26482
-16796
-4110
8737
18907
24204
23562
17269
6882
-5141
-16010
-23227
-25144
-21317
-12579
-836
11371
21439
27272
27724
22829
13764
2566
-8328
-16611
-20598
-19566
-13876
-4870
5444
14830
21300
23513
21037
14409
4991
-5321
-14505
-20812
-23111
-21086
-15278
-6950
2178
10279
15767
17601
15467
9822
1797
-7032
-14943
-20394
-22308
-20275
-14624
-6366
2997
11743
18255
21326
20385
15618
7946
-1143
-9863
-16470
-19603
-18552
-13416
-5102
4831
14468
21899
25605
24765
19436
10561
-202
-10793
-19159
-23661
-23411
-18457
-9790
852
11321
19489
23676
22989
17506
8259
-2970
-14002
-22701
-27390
-27185
-22159
-13316
-2383
8538
17386
22537
23111
19117
11435
1619
-8414
-16757
-21866
-22839
-19557
-12675
-3479
6373
15156
21389
24077
22861
18059
10579
1745
-6935
-14023
-18380
-19340
-16806
-11247
-3621
4785
12557
18379
21238
20593
16466
9452
634
-8577
-16669
-22278
-24419
-22671
-17266
-9070
547
9934
17446
21735
21998
18136
10784
1216
-8878
-17691
-23626
-25585
-23172
-16768
-7458
3158
13264
21146
25502
25659
21680
14337
4956
-4831
-13373
-19282
-21658
-20214
-15302
-7819
962
9610
16770
21364
22742
20752
15744
8489
60
-8328
-15489
-20425
-22454
-21302
-17139
-10562
-2517
5819
13200
18490
20833
19793
15444
8376
-370
-9452
-17427
-22985
-25167
-23534
-18256
-10098
-306
9595
18051
23738
25781
23899
18445
10342
916
-8328
-15950
-20809
-22233
-20100
-14836
-7317
1280
9676
16676
21335
23071
21720
17531
11107
3316
-4831
-12303
-18167
-21692
-22436
-20294
-15522
-8715
-749
7315
14367
19391
21614
20635
16499
9718
1216
-7793
-15984
-22118
-25243
-24846
-20941
-14071
-5225
4317
13185
20136
24233
24981
22385
16923
9452
1064
-7079
-13917
-18615
-20664
-19908
-16541
-11055
-4160
3299
10441
16433
20571
22346
21500
18059
12350
4978
-3219
-11256
-18121
-22898
-24907
-23810
-19683
-13021
-4692
4186
12397
18810
22546
23111
20461
15010
7549
-873
-9116
-16108
-20992
-23227
-22631
-19380
-13947
-7025
575
8021
14540
19489
22393
22979
21192
17198
11380
4318
-3252
-10500
-16581
-20738
-22403
-21287
-17441
-11278
-3530
4831
12726
19119
23164
24330
22475
17858
11093
3053
-5263
-12871
-18928
-22826
-24245
-23158
-19803
-14624
-8203
-1193
5740
11965
16925
20162
21356
20348
17173
12078
5526
-1827
-9185
-15695
-20553
-23111
-22980
-20099
-14756
-7561
632
8844
16108
21593
24718
25209
23119
18786
12774
5772
-1491
-8328
-14156
-18525
-21131
-21815
-20554
-17456
-12759
-6829
-157
6661
12962
18074
21393
22467
21073
17269
11407
4108
-3815
-11459
-17953
-22575
-24845
-24580
-21894
-17166
-10967
-3970
3141
9741
15316
19489
22014
22770
21741
19008
14749
9242
2876
-3856
-10372
-16048
-20279
-22562
-22571
-20219
-15695
-9452
-2160
5382
12349
18005
21791
23390
22743
20034
15633
10027
3752
-2675
-8791
-14203
-18591
-21694
-23307
-23278
-21529
-18082
-13090
-6866
124
7279
13920
19371
23050
24552
23716
20646
15704
9452
2566
-4252
-10371
-15295
-18702
-20448
-20539
-19094
-16300
-12377
-7562
-2112
3683
9486
14901
19489
22805
24451
24142
21768
17438
11484
4439
-3027
-10196
-16398
-21097
-23949
-24833
-23833
-21195
-17269
-12441
-7082
-1521
3964
9127
13732
17535
20273
21685
21548
19726
16225
11226
5098
-1631
-8328
-14339
-19077
-22108
-23198
-22340
-19731
-15719
-10741
-5241
379
5798
10778
15145
18756
21466
23111
23512
22505
19986
15959
10586
4196
-2727
-9595
-15790
-20750
-24052
-25465
-24976
-22770
-19180
-14624
-9523
-4248
917
5776
10197
14077
17297
19700
21088
21249
20007
17276
13115
7755
1596
-4831
-10938
-16157
-20031
-22272
-22793
-21697
-19237
-15748
-11578
-7027
-2319
2403
7049
11537
15747
19489
22499
24467
25085
24121
21478
17245
11701
5294
-1425
-7882
-13568
-18106
-21295
-23105
-23647
-23111
-21701
-19579
-16838
-13498
-9548
-4992
89
5505
10937
15966
20131
23004
24269
23789
21632
18059
13479
8369
3188
-1692
-6031
-9732
-12810
-15333
-17361
-18889
-19825
-19992
-19174
-17181
-13920
-9452
-4016
1983
8031
13586
18168
21437
23239
23614
22759
20961
18517
15660
12521
9114
5374
1216
-3394
-8381
-13521
-18461
-22755
-25952
-27680
-27728
-26088
-22961
-18716
-13812
-8707
-3772
764
4831
8490
11867
15078
18157
21005
23396
25007
25498
24600
22191
18354
13373
7699
1865
-3613
-8328
-12050
-14744
-16547
-17693
-18431
-18934
-19241
-19243
-18710
-17367
-14982
-11457
-6883
-1553
4073
9452
14062
17506
19582
20313
19919
18745
17163
15467
13805
12147
10313
8037
5073
1287
-3267
-8328
-13456
-18116
-21785
-24065
-24768
-23951
-21896
-19028
-15815
-12647
-9751
-7146
-4666
-2023
1077
4831
9250
14115
19011
23395
26721
28561
28704
27204
24367
20675
16664
12802
9378
6445
3833
1216
-1772
-5409
-9781
-14721
-19828
-24540
-28256
-30482
-30944
-29657
-26921
-23245
-19226
-15398
-12111
-9452
-7239
-5094
-2565
728
4965
10045
15584
20986
25578
28767
30179
29755
27760
24720
21282
18059
15470
13644
12393
11282
9753
7294
3603
-1312
-7104
-13150
-18690
-23005
-25590
-26278
-25276
-23111
-20490
-18120
-16519
-15885
-16045
-16506
-16589
-15621
-13129
-8982
-3453
2828
9013
14239
17836
19489
19316
17833
15814
14091
13329
13846
15527
17844
19995
21112
20496
17815
13207
7266
912
-4831
-9088
-11343
-11577
-10263
-8243
-6510
-5936
-7044
-9852
-13860
-18163
-21681
-23433
-22803
-19704
-14624
-8515
-2563
2101
4690
4961
3277
517
-2150
-3571
-2915
95
5096
11155
16996
21313
23111
21957
18111
12473
6364
1202
-1858
-2218
0
3978
8403
11804
12923
11061
6263
-661
-8328
-15110
-19547
-20709
-18446
-13439
-7038
-933
3268
4451
2288
-2670
-9109
-15281
-19436
-20270
17269
10860
2323
-6503
-13675
-17624
-17552
-13646
-7044
438
6748
10116
9502
4874
-2766
-11612
-19489
-24393
-24992
-20975
-13146
-3247
6453
13713
16874
15271
9419
894
-8039
-14981
-17991
-16075
-9452
484
11483
20977
26708
27284
22529
13547
2464
-8071
-15531
-18124
-15240
-7608
2863
13539
21694
25174
22923
15258
3804
-8879
-19903
-26744
-27847
-23008
-13430
-1444
10040
18230
21115
17953
9452
-2389
-14751
-24660
-29696
-28562
-21402
-9768
3740
16081
24488
27110
23450
14470
2370
-9933
-19489
-23995
-22337
-14836
-3174
10002
21698
29260
30980
26482
16796
4110
-8737
-18907
-24204
-23562
-17269
-6882
5141
16010
23227
25144
21317
12579
836
-11371
-21439
-27272
-27724
-22829
-13764
-2566
8328
16611
20598
19566
13876
4870
-5444
-14830
-21300
-23513
-21037
-14409
-4991
5321
14505
20812
23111
21086
15278
6950
-2178
-10279
-15767
-17601
-15467
-9822
-1797
7032
14943
20394
22308
20275
14624
6366
-2997
-11743
-18255
-21326
-20385
-15618
-7946
1143
9863
16470
19603
18552
13416
5102
-4831
-14468
-21899
-25605
-24765
-19436
-10561
202
10793
19159
23661
23411
18457
9790
-852
-11321
-19489
-23676
-22989
-17506
-8259
2970
14002
22701
27390
27185
22159
13316
2383
-8538
-17386
-22537
-23111
-19117
-11435
-1619
8414
16757
21866
22839
19557
12675
3479
-6373
-15156
-21389
-24077
-22861
-18059
-10579
-1745
6935
14023
18380
19340
16806
11247
3621
-4785
-12557
-18379
-21238
-20593
-16466
-9452
-634
8577
16669
22278
24419
22671
17266
9070
-547
-9934
-17446
-21735
-21998
-18136
-10784
-1216
8878
17691
23626
25585
23172
16768
7458
-3158
-13264
-21146
-25502
-25659
-21680
-14337
-4956
4831
13373
19282
21658
20214
15302
7819
-962
-9610
-16770
-21364
-22742
-20752
-15744
-8489
-60
8328
15489
20425
22454
21302
17139
10562
2517
-5819
-13200
-18490
-20833
-19793
-15444
-8376
370
9452
17427
22985
25167
23534
18256
10098
306
-9595
-18051
-23738
-25781
-23899
-18445
-10342
-916
8328
15950
20809
22233
20100
14836
7317
-1280
-9676
-16676
-21335
-23071
-21720
-17531
-11107
-3316
4831
12303
18167
21692
22436
20294
15522
8715
749
-7315
-14367
-19391
-21614
-20635
-16499
-9718
-1216
7793
15984
22118
25243
24846
20941
14071
5225
-4317
-13185
-20136
-24233
-24981
-22385
-16923
-9452
-1064
7079
13917
18615
20664
19908
16541
11055
4160
-3299
-10441
-16433
-20571
-22346
-21500
-18059
-12350
-4978
3219
11256
18121
22898
24907
23810
19683
13021
4692
-4186
-12397
-18810
-22546
-23111
-20461
-15010
-7549
873
9116
16108
20992
23227
22631
19380
13947
7025
-575
-8021
-14540
-19489
-22393
-22979
-21192
-17198
-11380
-4318
3252
10500
16581
20738
22403
21287
17441
11278
3530
-4831
-12726
-19119
-23164
-24330
-22475
-17858
-11093
-3053
5263
12871
18928
22826
24245
23158
19803
14624
8203
1193
-5740
-11965
-16925
-20162
-21356
-20348
-17173
-12078
-5526
1827
9185
15695
20553
23111
22980
20099
14756
7561
-632
-8844
-16108
-21593
-24718
-25209
-23119
-18786
-12774
-5772
1491
8328
14156
18525
21131
21815
20554
17456
12759
6829
157
-6661
-12962
-18074
-21393
-22467
-21073
-17269
-11407
-4108
3815
11459
17953
22575
24845
24580
21894
17166
10967
3970
-3141
-9741
-15316
-19489
-22014
-22770
-21741
-19008
-14749
-9242
-2876
3856
10372
16048
20279
22562
22571
20219
15695
9452
2160
-5382
-12349
-18005
-21791
-23390
-22743
-20034
-15633
-10027
-3752
2675
8791
14203
18591
21694
23307
23278
21529
18082
13090
6866
-124
-7279
-13920
-19371
-23050
-24552
-23716
-20646
-15704
-9452
-2566
4252
10371
15295
18702
20448
20539
19094
16300
12377
7562
2112
-3683
-9486
-14901
-19489
-22805
-24451
-24142
-21768
-17438
-11484
-4439
3027
10196
16398
21097
23949
24833
23833
21195
17269
12441
7082
1521
-3964
-9127
-13732
-17535
-20273
-21685
-21548
-19726
-16225
-11226
-5098
1631
8328
14339
19077
22108
23198
22340
19731
15719
10741
5241
-379
-5798
-10778
-15145
-18756
-21466
-23111
-23512
-22505
-19986
-15959
-10586
-4196
2727
9595
15790
20750
24052
25465
24976
22770
19180
14624
9523
4248
-917
-5776
-10197
-14077
-17297
-19700
-21088
-21249
-20007
-17276
-13115
-7755
-1596
4831
10938
16157
20031
22272
22793
21697
19237
15748
11578
7027
2319
-2403
-7049
-11537
-15747
-19489
-22499
-24467
-25085
-24121
-21478
-17245
-11701
-5294
1425
7882
13568
18106
21295
23105
23647
23111
21701
19579
16838
13498
9548
4992
-89
-5505
-10937
-15966
-20131
-23004
-24269
-23789
-21632
-18059
-13479
-8369
-3188
1692
6031
9732
12810
15333
17361
18889
19825
19992
19174
17181
13920
9452
4016
-1983
-8031
-13586
-18168
-21437
-23239
-23614
-22759
-20961
-18517
-15660
-12521
-9114
-5374
-1216
3394
8381
13521
18461
22755
25952
27680
27728
26088
22961
18716
13812
8707
3772
-764
-4831
-8490
-11867
-15078
-18157
-21005
-23396
-25007
-25498
-24600
-22191
-18354
-13373
-7699
-1865
3613
8328
12050
14744
16547
17693
18431
18934
19241
19243
18710
17367
14982
11457
6883
1553
-4073
-9452
-14062
-17506
-19582
-20313
-19919
-18745
-17163
-15467
-13805
-12147
-10313
-8037
-5073
-1287
3267
8328
13456
18116
21785
24065
24768
23951
21896
19028
15815
12647
9751
7146
4666
2023
-1077
-4831
-9250
-14115
-19011
-23395
-26721
-28561
-28704
-27204
-24367
-20675
-16664
-12802
-9378
-6445
-3833
-1216
1772
5409
9781
14721
19828
24540
28256
30482
30944
29657
26921
23245
19226
15398
12111
9452
7239
5094
2565
-728
-4965
-10045
-15584
-20986
-25578
-28767
-30179
-29755
-27760
-24720
-21282
-18059
-15470
-13644
-12393
-11282
-9753
-7294
-3603
1312
7104
13150
18690
23005
25590
26278
25276
23111
20490
18120
16519
15885
16045
16506
16589
15621
13129
8982
3453
-2828
-9013
-14239
-17836
-19489
-19316
-17833
-15814
-14091
-13329
-13846
-15527
-17844
-19995
-21112
-20496
-17815
-13207
-7266
-912
4831
9088
11343
11577
10263
8243
6510
5936
7044
9852
13860
18163
21681
23433
22803
19704
14624
8515
2563
-2101
-4690
-4961
-3277
-517
2150
3571
2915
-95
-5096
-11155
-16996
-21313
-23111
-21957
-18111
-12473
-6364
-1202
1858
2218
0
-3978
-8403
-11804
-12923
-11061
-6263
661
8328
15110
19547
20709
18446
13439
7038
933
-3268
-4451
-2288
2670
9109
15281
19436
20270
-17269
-10860
-2323
6503
13675
17624
17552
13646
7044
-438
-6748
-10116
-9502
-4874
2766
11612
19489
24393
24992
20975
13146
3247
-6453
-13713
-16874
-15271
-9419
-894
8039
14981
17991
16075
9452
-484
-11483
-20977
-26708
-27284
-22529
-13547
-2464
8071
15531
18124
15240
7608
-2863
-13539
-21694
-25174
-22923
-15258
-3804
8879
19903
26744
27847
23008
13430
1444
-10040
-18230
-21115
-17953
-9452
2389
14751
24660
29696
28562
21402
9768
-3740
-16081
-24488
-27110
-23450
-14470
-2370
9933
19489
23995
22337
14836
3174
-10002
-21698
-29260
-30980
-26482
-16796
-4110
8737
18907
24204
23562
17269
6882
-5141
-16010
-23227
-25144
-21317
-12579
-836
11371
21439
27272
27724
22829
13764
2566
-8328
-16611
-20598
-19566
-13876
-4870
5444
14830
21300
23513
21037
14409
4991
-5321
-14505
-20812
-23111
-21086
-15278
-6950
2178
10279
15767
17601
15467
9822
1797
-7032
-14943
-20394
-22308
-20275
-14624
-6366
2997
11743
18255
21326
20385
15618
7946
-1143
-9863
-16470
-19603
-18552
-13416
-5102
4831
14468
21899
25605
24765
19436
10561
-202
-10793
-19159
-23661
-23411
-18457
-9790
852
11321
19489
23676
22989
17506
8259
-2970
-14002
-22701
-27390
-27185
-22159
-13316
-2383
8538
17386
22537
23111
19117
11435
1619
-8414
-16757
-21866
-22839
-19557
-12675
-3479
6373
15156
21389
24077
22861
18059
10579
1745
-6935
-14023
-18380
-19340
-16806
-11247
-3621
4785
12557
18379
21238
20593
16466
9452
634
-8577
-16669
-22278
-24419
-22671
-17266
-9070
547
9934
17446
21735
21998
18136
10784
1216
-8878
-17691
-23626
-25585
-23172
-16768
-7458
3158
13264
21146
25502
25659
21680
14337
4956
-4831
-13373
-19282
-21658
-20214
-15302
-7819
962
9610
16770
21364
22742
20752
15744
8489
60
-8328
-15489
-20425
-22454
-21302
-17139
-10562
-2517
5819
13200
18490
20833
19793
15444
8376
-370
-9452
-17427
-22985
-25167
-23534
-18256
-10098
-306
9595
18051
23738
25781
23899
18445
10342
916
-8328
-15950
-20809
-22233
-20100
-14836
-7317
1280
9676
16676
21335
23071
21720
17531
11107
3316
-4831
-12303
-18167
-21692
-22436
-20294
-15522
-8715
-749
7315
14367
19391
21614
20635
16499
9718
1216
-7793
-15984
-22118
-25243
-24846
-20941
-14071
-5225
4317
13185
20136
24233
24981
22385
16923
9452
1064
-7079
-13917
-18615
-20664
-19908
-16541
-11055
-4160
3299
10441
16433
20571
22346
21500
18059
12350
4978
-3219
-11256
-18121
-22898
-24907
-23810
-19683
-13021
-4692
4186
12397
18810
22546
23111
20461
15010
7549
-873
-9116
-16108
-20992
-23227
-22631
-19380
-13947
-7025
575
8021
14540
19489
22393
22979
21192
17198
11380
4318
-3252
-10500
-16581
-20738
-22403
-21287
-17441
-11278
-3530
4831
12726
19119
23164
24330
22475
17858
11093
3053
-5263
-12871
-18928
-22826
-24245
-23158
-19803
-14624
-8203
-1193
5740
11965
16925
20162
21356
20348
17173
12078
5526
-1827
-9185
-15695
-20553
-23111
-22980
-20099
-14756
-7561
632
8844
16108
21593
24718
25209
23119
18786
12774
5772
-1491
-8328
-14156
-18525
-21131
-21815
-20554
-17456
-12759
-6829
-157
6661
12962
18074
21393
22467
21073
17269
11407
4108
-3815
-11459
-17953
-22575
-24845
-24580
-21894
-17166
-10967
-3970
3141
9741
15316
19489
22014
22770
21741
19008
14749
9242
2876
-3856
-10372
-16048
-20279
-22562
-22571
-20219
-15695
-9452
-2160
5382
12349
18005
21791
23390
22743
20034
15633
10027
3752
-2675
-8791
-14203
-18591
-21694
-23307
-23278
-21529
-18082
-13090
-6866
124
7279
13920
19371
23050
24552
23716
20646
15704
9452
2566
-4252
-10371
-15295
-18702
-20448
-20539
-19094
-16300
-12377
-7562
-2112
3683
9486
14901
19489
22805
24451
24142
21768
17438
11484
4439
-3027
-10196
-16398
-21097
-23949
-24833
-23833
-21195
-17269
-12441
-7082
-1521
3964
9127
13732
17535
20273
21685
21548
19726
16225
11226
5098
-1631
-8328
-14339
-19077
-22108
-23198
-22340
-19731
-15719
-10741
-5241
379
5798
10778
15145
18756
21466
23111
23512
22505
19986
15959
10586
4196
-2727
-9595
-15790
-20750
-24052
-25465
-24976
-22770
-19180
-14624
-9523
-4248
917
5776
10197
14077
17297
19700
21088
21249
20007
17276
13115
7755
1596
-4831
-10938
-16157
-20031
-22272
-22793
-21697
-19237
-15748
-11578
-7027
-2319
2403
7049
11537
15747
19489
22499
24467
25085
24121
21478
17245
11701
5294
-1425
-7882
-13568
-18106
-21295
-23105
-23647
-23111
-21701
-19579
-16838
-13498
-9548
-4992
89
5505
10937
15966
20131
23004
24269
23789
21632
18059
13479
8369
3188
-1692
-6031
-9732
-12810
-15333
-17361
-18889
-19825
-19992
-19174
-17181
-13920
-9452
-4016
1983
8031
13586
18168
21437
23239
23614
22759
20961
18517
15660
12521
9114
5374
1216
-3394
-8381
-13521
-18461
-22755
-25952
-27680
-27728
-26088
-22961
-18716
-13812
-8707
-3772
764
4831
8490
11867
15078
18157
21005
23396
25007
25498
24600
22191
18354
13373
7699
1865
-3613
-8328
-12050
-14744
-16547
-17693
-18431
-18934
-19241
-19243
-18710
-17367
-14982
-11457
-6883
-1553
4073
9452
14062
17506
19582
20313
19919
18745
17163
15467
13805
12147
10313
8037
5073
1287
-3267
-8328
-13456
-18116
-21785
-24065
-24768
-23951
-21896
-19028
-15815
-12647
-9751
-7146
-4666
-2023
1077
4831
9250
14115
19011
23395
26721
28561
28704
27204
24367
20675
16664
12802
9378
6445
3833
1216
-1772
-5409
-9781
-14721
-19828
-24540
-28256
-30482
-30944
-29657
-26921
-23245
-19226
-15398
-12111
-9452
-7239
-5094
-2565
728
4965
10045
15584
20986
25578
28767
30179
29755
27760
24720
21282
18059
15470
13644
12393
11282
9753
7294
3603
-1312
-7104
-13150
-18690
-23005
-25590
-26278
-25276
-23111
-20490
-18120
-16519
-15885
-16045
-16506
-16589
-15621
-13129
-8982
-3453
2828
9013
14239
17836
19489
19316
17833
15814
14091
13329
13846
15527
17844
19995
21112
20496
17815
13207
7266
912
-4831
-9088
-11343
-11577
-10263
-8243
-6510
-5936
-7044
-9852
-13860
-18163
-21681
-23433
-22803
-19704
-14624
-8515
-2563
2101
4690
4961
3277
517
-2150
-3571
-2915
95
5096
11155
16996
21313
23111
21957
18111
12473
6364
1202
-1858
-2218
0
3978
8403
11804
12923
11061
6263
-661
-8328
-15110
-19547
-20709
-18446
-13439
-7038
-933
3268
4451
2288
-2670
-9109
-15281
-19436
-20270
0
0
0
0
0
0
0
0
0
0
0
0
0
0
0
0
0
0
0
0
0
0
0
0
0
0
0
0
0
0
0
0
0
0
0
0
0
0
0
0
0
0
0
0
0
0
0
0
0
0
0
0
0
0
0
0
0
0
0
0
0
0
0
0
0
0
0
0
0
0
0
0
0
0
0
0
0
0
0
0
0
0
0
0
0
0
0
0
0
0
0
0
0
0
0
0
0
0
0
0
0
0
0
0
0
0
0
0
0
0
0
0
0
0
0
0
0
0
0
0
0
0
0
0
0
0
0
0
0
0
0
0
0
0
0
0
0
0
0
0
0
0
0
0
0
0
0
0
0
0
0
0
0
0
0
0
0
0
0
0
0
0
0
0
0
0
0
0
0
0
0
0
0
0
0
0
0
0
0
0
0
0
0
0
0
0
0
0
0
0
0
0
0
0
0
0
0
0
0
0
0
0
0
0
0
0
0
0
0
0
0
0
0
0
0
0
0
0
0
0
0
0
0
0
0
0
0
0
0
0
0
0
0
0
0
0
0
0
0
0
0
0
0
0
0
0
0
0
0
0
0
0
0
0
0
0
0
0
0
0
0
0
0
0
0
0
0
0
0
0
0
0
0
0
0
0
0
0
0
0
0
0
0
0
0
0
0
0
0
0
0
0
0
0
0
0
0
0
0
0
0
0
0
0
0
0
0
0
0
0
0
0
0
0
0
0
0
0
0
0
0
0
0
0
0
0
0
0
0
0
0
0
0
0
0
0
0
0
0
0
0
0
0
0
0
0
0
0
0
0
0
0
0
0
0
0
0
0
0
0
0
0
0
0
0
0
0
0
0
0
0
0
0
0
0
0
0
0
0
0
0
0
0
0
0
0
0
0
0
0
0
0
0
0
0
0
0
0
0
0
0
0
0
0
0
0
0
0
0
0
0
0
0
0
0
0
0
0
0
0
0
0
0
0
0
0
0
0
0
0
0
0
0
0
0
0
0
0
0
0
0
0
0
0
0
0
0
0
0
0
0
0
0
0
0
0
0
0
0
0
0
0
0
0
0
0
0
0
0
0
0
0
0
0
0
0
0
0
0
0
0
0
0
0
0
0
0
0
0
0
0
0
0
0
0
0
0
0
0
0
0
0
0
0
0
0
0
0
0
0
0
0
0
0
0
0
0
0
0
0
0
0
0
0
0
0
0
0
0
0
0
0
0
0
0
0
0
0
0
0
0
0
0
0
0
0
0
0
0
0
0
0
0
0
0
0
0
0
0
0
0
0
0
0
0
0
0
0
0
0
0
0
0
0
0
0
0
0
0
0
0
0
0
0
0
0
0
0
0
0
0
0
0
0
0
0
0
0
0
0
0
0
0
0
0
0
0
0
0
0
0
0
0
0
0
0
0
0
0
0
0
0
0
0
0
0
0
0
0
0
0
0
0
0
0
0
0
0
0
0
0
0
0
0
0
0
0
0
0
0
0
0
0
0
0
0
0
0
0
0
0
0
0
0
0
0
0
0
0
0
0
0
0
0
0
0
0
0
0
0
0
0
0
0
0
0
0
0
0
0
0
0
0
0
0
0
0
0
0
0
0
0
0
0
0
0
0
0
0
0
0
0
0
0
0
0
0
0
0
0
0
0
0
0
0
0
0
0
0
0
0
0
0
0
0
0
0
0
0
0
0
0
0
0
0
0
0
0
0
0
0
0
0
0
0
0
0
0
0
0
0
0
0
0
0
0
0
0
0
0
0
0
0
0
0
0
0
0
0
0
0
0
0
0
0
0
0
0
0
0
0
0
0
0
0
0
0
0
0
0
0
0
0
0
0
0
0
0
0
0
0
0
0
0
0
0
0
0
0
0
0
0
0
0
0
0
0
0
0
0
0
0
0
0
0
0
0
0
0
0
0
0
0
0
0
0
0
0
0
0
0
0
0
0
0
0
0
0
0
0
0
0
0
0
0
0
0
0
0
0
0
0
0
0
0
0
0
0
0
0
0
0
0
0
0
0
0
0
0
0
0
0
0
0
0
0
0
0
0
0
0
0
0
0
0
0
0
0
0
0
0
0
0
0
0
0
0
0
0
0
0
0
0
0
0
0
0
0
0
0
0
0
0
0
0
0
0
0
0
0
0
0
0
0
0
0
0
0
0
0
0
0
0
0
0
0
0
0
0
0
0
9613
18380
25529
30429
32651
31998
28527
22546
14580
5334
-4379
-13706
-21824
-28018
-31745
-32676
-30729
-26078
-19135
-10509
-961
8664
17524
24838
29961
32445
32071
28874
23139
15370
6254
-3406
-12760
-20984
-27357
-31316
-32517
-30855
-26478
-19775
-11337
-1910
7675
16579
24014
29329
32058
31964
29056
23594
16063
7126
-2427
-11756
-20039
-26550
-30717
-32176
-30802
-26719
-20292
-12086
-2829
6663
15557
23069
28542
31495
31674
29065
23903
16646
7936
-1457
-10706
-19000
-25609
-29953
-31656
-30571
-26797
-20674
-12743
-3706
5641
14473
22016
27608
30762
31203
28899
24057
17111
8672
-511
-9629
-17881
-24544
-29034
-30959
-30159
-26707
-20915
-13296
-4525
4621
13340
20866
26539
29863
30555
28557
24053
17445
9321
397
-8537
-16697
-23368
-27967
-30094
-29569
-26446
-21006
-13735
-5276
3621
12174
19633
25343
28810
29732
28039
23885
17644
9871
1254
-7443
-15460
-22093
-26763
-29064
-28803
-26012
-20943
-14049
-5945
2653
10990
18331
24036
27608
28742
27345
23550
17697
10313
2047
-6365
-14188
-20734
-25433
-27880
-27866
-25405
-20721
-14233
-6521
1733
9801
16975
22629
26271
27589
26479
23046
17602
10635
2764
-5315
-12893
-19304
-23991
-26550
-26765
-24628
-20336
-14277
-6993
872
8624
15581
21136
24809
26285
25445
22374
17353
10832
3392
-4308
-11591
-17818
-22450
-25086
-25504
-23682
-19789
-14177
-7351
82
7470
14162
19573
23235
24838
24250
21536
16947
10894
3921
-3356
-10297
-16293
-20823
-23498
-24095
-22572
-19078
-13929
-7589
-621
6357
12734
17952
21563
23258
22900
20535
16383
10818
4341
-2472
-9025
-14742
-19126
-21801
-22546
-21306
-18206
-13529
-7697
-1232
5296
11313
16293
19807
21558
21406
19375
15660
10599
4645
-1670
-7791
-13181
-17372
-20008
-20868
-19890
-17176
-12976
-7671
-1737
4300
9912
14608
17983
19752
19775
18063
14782
10233
4824
-957
-6607
-11626
-15581
-18134
-19074
-18334
-15992
-12271
-7507
-2130
3382
8547
12912
16103
17853
18021
16606
13751
9719
4874
-347
-5485
-10091
-13765
-16193
-17177
-16646
-14662
-11414
-7202
-2403
2552
7231
11224
14188
15875
16154
15014
12572
9057
4790
153
-4440
-8592
-11939
-14200
-15191
-14840
-13192
-10410
-6753
-2550
1822
5977
9555
12250
13835
14189
13296
11251
8250
4568
537
-3482
-7141
-10123
-12174
-13131
-12925
-11592
-9263
-6161
-2566
1198
4799
7924
10305
11747
12140
11464
9796
7300
4208
798
-2621
-5753
-8328
-10130
-11013
-10918
-9871
-7980
-5428
-2448
689
3706
6342
8371
9629
10021
9529
8216
6212
3708
932
-1866
-4440
-6572
-8081
-8851
-8831
-8042
-6567
-4556
-2194
302
2711
4823
6462
7496
7849
7507
6521
4992
3070
933
-1225
-3214
-4867
-6047
-6663
-6680
-6115
-5035
-3550
-1805
40
1821
3382
4595
5364
5637
5411
4722
3647
2297
801
-704
-2087
-3228
-4041
-4465
-4481
-4106
-3392
-2417
-1280
-90
1046
2029
2782
3250
3406
3255
2831
2188
1395
536
-309
-1065
-1670
-2080
-2272
-2248
-2028
-1650
-1163
-624
-89
391
776
1038
1168
1169
1057
863
621
368
137
-43
-159
-201
-178
-103
0
103
178
201
159
43
-137
-368
-621
-863
-1057
-1169
-1168
-1038
-776
-391
89
624
1163
1650
2028
2248
2272
2080
1670
1065
309
-536
-1395
-2188
-2831
-3255
-3406
-3250
-2782
-2029
-1046
90
1280
2417
3392
4106
4481
4465
4041
3228
2087
704
-801
-2297
-3647
-4722
-5411
-5637
-5364
-4595
-3382
-1821
-40
1805
3550
5035
6115
6680
6663
6047
4867
3214
1225
-933
-3070
-4992
-6521
-7507
-7849
-7496
-6462
-4823
-2711
-302
2194
4556
6567
8042
8831
8851
8081
6572
4440
1866
-932
-3708
-6212
-8216
-9529
-10021
-9629
-8371
-6342
-3706
-689
2448
5428
7980
9871
10918
11013
10130
8328
5753
2621
-798
-4208
-7300
-9796
-11464
-12140
-11747
-10305
-7924
-4799
-1198
2566
6161
9263
11592
12925
13131
12174
10123
7141
3482
-537
-4568
-8250
-11251
-13296
-14189
-13835
-12250
-9555
-5977
-1822
2550
6753
10410
13192
14840
15191
14200
11939
8592
4440
-153
-4790
-9057
-12572
-15014
-16154
-15875
-14188
-11224
-7231
-2552
2403
7202
11414
14662
16646
17177
16193
13765
10091
5485
347
-4874
-9719
-13751
-16606
-18021
-17853
-16103
-12912
-8547
-3382
2130
7507
12271
15992
18334
19074
18134
15581
11626
6607
957
-4824
-10233
-14782
-18063
-19775
-19752
-17983
-14608
-9912
-4300
1737
7671
12976
17176
19890
20868
20008
17372
13181
7791
1670
-4645
-10599
-15660
-19375
-21406
-21558
-19807
-16293
-11313
-5296
1232
7697
13529
18206
21306
22546
21801
19126
14742
9025
2472
-4341
-10818
-16382
-20535
-22900
-23258
-21563
-17952
-12734
-6357
621
7589
13929
19078
22572
24095
23498
20823
16293
10297
3356
-3921
-10894
-16947
-21536
-24250
-24838
-23235
-19573
-14162
-7470
-82
7351
14177
19789
23682
25504
25086
22450
17818
11591
4308
-3392
-10832
-17353
-22374
-25445
-26285
-24809
-21136
-15581
-8624
-872
6993
14277
20336
24628
26765
26550
23991
19304
12893
5315
-2764
-10635
-17602
-23046
-26479
-27589
-26271
-22629
-16975
-9801
-1733
6521
14233
20721
25405
27866
27880
25433
20734
14188
6365
-2047
-10313
-17697
-23550
-27345
-28742
-27608
-24036
-18331
-10990
-2653
5945
14049
20943
26012
28803
29064
26763
22093
15460
7443
-1254
-9871
-17644
-23885
-28039
-29732
-28810
-25343
-19633
-12174
-3621
5276
13735
21006
26446
29569
30094
27967
23368
16697
8537
-397
-9321
-17445
-24053
-28557
-30555
-29863
-26539
-20866
-13340
-4621
4525
13296
20915
26707
30159
30959
29034
24544
17881
9629
511
-8672
-17111
-24057
-28899
-31203
-30762
-27608
-22016
-14473
-5641
3706
12743
20674
26797
30571
31656
29953
25609
19000
10706
1457
-7936
-16646
-23903
-29065
-31674
-31495
-28542
-23069
-15557
-6663
2829
12086
20292
26719
30802
32176
30717
26550
20039
11756
2427
-7126
-16063
-23594
-29056
-31964
-32058
-29329
-24014
-16579
-7675
1910
11337
19775
26478
30855
32517
31316
27357
20984
12760
3406
-6254
-15370
-23139
-28874
-32071
-32445
-29961
-24838
-17524
-8664
961
10509
19135
26078
30729
32676
31745
28018
21824
13706
4379
-5334
-14580
-22546
-28527
-31998
-32651
-30429
-25529
-18380
-9613
0
9613
18380
25529
30429
32651
31998
28527
22546
14580
5334
-4379
-13706
-21824
-28018
-31745
-32676
-30729
-26078
-19135
-10509
-961
8664
17524
24838
29961
32445
32071
28874
23139
15370
6254
-3406
-12760
-20984
-27357
-31316
-32517
-30855
-26478
-19775
-11337
-1910
7675
16579
24014
29329
32058
31964
29056
23594
16063
7126
-2427
-11756
-20039
-26550
-30717
-32176
-30802
-26719
-20292
-12086
-2829
6663
15557
23069
28542
31495
31674
29065
23903
16646
7936
-1457
-10706
-19000
-25609
-29953
-31656
-30571
-26797
-20674
-12743
-3706
5641
14473
22016
27608
30762
31203
28899
24057
17111
8672
-511
-9629
-17881
-24544
-29034
-30959
-30159
-26707
-20915
-13296
-4525
4621
13340
20866
26539
29863
30555
28557
24053
17445
9321
397
-8537
-16697
-23368
-27967
-30094
-29569
-26446
-21006
-13735
-5276
3621
12174
19633
25343
28810
29732
28039
23885
17644
9871
1254
-7443
-15460
-22093
-26763
-29064
-28803
-26012
-20943
-14049
-5945
2653
10990
18331
24036
27608
28742
27345
23550
17697
10313
2047
-6365
-14188
-20734
-25433
-27880
-27866
-25405
-20721
-14233
-6521
1733
9801
16975
22629
26271
27589
26479
23046
17602
10635
2764
-5315
-12893
-19304
-23991
-26550
-26765
-24628
-20336
-14277
-6993
872
8624
15581
21136
24809
26285
25445
22374
17353
10832
3392
-4308
-11591
-17818
-22450
-25086
-25504
-23682
-19789
-14177
-7351
82
7470
14162
19573
23235
24838
24250
21536
16947
10894
3921
-3356
-10297
-16293
-20823
-23498
-24095
-22572
-19078
-13929
-7589
-621
6357
12734
17952
21563
23258
22900
20535
16383
10818
4341
-2472
-9025
-14742
-19126
-21801
-22546
-21306
-18206
-13529
-7697
-1232
5296
11313
16293
19807
21558
21406
19375
15660
10599
4645
-1670
-7791
-13181
-17372
-20008
-20868
-19890
-17176
-12976
-7671
-1737
4300
9912
14608
17983
19752
19775
18063
14782
10233
4824
-957
-6607
-11626
-15581
-18134
-19074
-18334
-15992
-12271
-7507
-2130
3382
8547
12912
16103
17853
18021
16606
13751
9719
4874
-347
-5485
-10091
-13765
-16193
-17177
-16646
-14662
-11414
-7202
-2403
2552
7231
11224
14188
15875
16154
15014
12572
9057
4790
153
-4440
-8592
-11939
-14200
-15191
-14840
-13192
-10410
-6753
-2550
1822
5977
9555
12250
13835
14189
13296
11251
8250
4568
537
-3482
-7141
-10123
-12174
-13131
-12925
-11592
-9263
-6161
-2566
1198
4799
7924
10305
11747
12140
11464
9796
7300
4208
798
-2621
-5753
-8328
-10130
-11013
-10918
-9871
-7980
-5428
-2448
689
3706
6342
8371
9629
10021
9529
8216
6212
3708
932
-1866
-4440
-6572
-8081
-8851
-8831
-8042
-6567
-4556
-2194
302
2711
4823
6462
7496
7849
7507
6521
4992
3070
933
-1225
-3214
-4867
-6047
-6663
-6680
-6115
-5035
-3550
-1805
40
1821
3382
4595
5364
5637
5411
4722
3647
2297
801
-704
-2087
-3228
-4041
-4465
-4481
-4106
-3392
-2417
-1280
-90
1046
2029
2782
3250
3406
3255
2831
2188
1395
536
-309
-1065
-1670
-2080
-2272
-2248
-2028
-1650
-1163
-624
-89
391
776
1038
1168
1169
1057
863
621
368
137
-43
-159
-201
-178
-103
0
103
178
201
159
43
-137
-368
-621
-863
-1057
-1169
-1168
-1038
-776
-391
89
624
1163
1650
2028
2248
2272
2080
1670
1065
309
-536
-1395
-2188
-2831
-3255
-3406
-3250
-2782
-2029
-1046
90
1280
2417
3392
4106
4481
4465
4041
3228
2087
704
-801
-2297
-3647
-4722
-5411
-5637
-5364
-4595
-3382
-1821
-40
1805
3550
5035
6115
6680
6663
6047
4867
3214
1225
-933
-3070
-4992
-6521
-7507
-7849
-7496
-6462
-4823
-2711
-302
2194
4556
6567
8042
8831
8851
8081
6572
4440
1866
-932
-3708
-6212
-8216
-9529
-10021
-9629
-8371
-6342
-3706
-689
2448
5428
7980
9871
10918
11013
10130
8328
5753
2621
-798
-4208
-7300
-9796
-11464
-12140
-11747
-10305
-7924
-4799
-1198
2566
6161
9263
11592
12925
13131
12174
10123
7141
3482
-537
-4568
-8250
-11251
-13296
-14189
-13835
-12250
-9555
-5977
-1822
2550
6753
10410
13192
14840
15191
14200
11939
8592
4440
-153
-4790
-9057
-12572
-15014
-16154
-15875
-14188
-11224
-7231
-2552
2403
7202
11414
14662
16646
17177
16193
13765
10091
5485
347
-4874
-9719
-13751
-16606
-18021
-17853
-16103
-12912
-8547
-3382
2130
7507
12271
15992
18334
19074
18134
15581
11626
6607
957
-4824
-10233
-14782
-18063
-19775
-19752
-17983
-14608
-9912
-4300
1737
7671
12976
17176
19890
20868
20008
17372
13181
7791
1670
-4645
-10599
-15660
-19375
-21406
-21558
-19807
-16293
-11313
-5296
1232
7697
13529
18206
21306
22546
21801
19126
14742
9025
2472
-4341
-10818
-16382
-20535
-22900
-23258
-21563
-17952
-12734
-6357
621
7589
13929
19078
22572
24095
23498
20823
16293
10297
3356
-3921
-10894
-16947
-21536
-24250
-24838
-23235
-19573
-14162
-7470
-82
7351
14177
19789
23682
25504
25086
22450
17818
11591
4308
-3392
-10832
-17353
-22374
-25445
-26285
-24809
-21136
-15581
-8624
-872
6993
14277
20336
24628
26765
26550
23991
19304
12893
5315
-2764
-10635
-17602
-23046
-26479
-27589
-26271
-22629
-16975
-9801
-1733
6521
14233
20721
25405
27866
27880
25433
20734
14188
6365
-2047
-10313
-17697
-23550
-27345
-28742
-27608
-24036
-18331
-10990
-2653
5945
14049
20943
26012
28803
29064
26763
22093
15460
7443
-1254
-9871
-17644
-23885
-28039
-29732
-28810
-25343
-19633
-12174
-3621
5276
13735
21006
26446
29569
30094
27967
23368
16697
8537
-397
-9321
-17445
-24053
-28557
-30555
-29863
-26539
-20866
-13340
-4621
4525
13296
20915
26707
30159
30959
29034
24544
17881
9629
511
-8672
-17111
-24057
-28899
-31203
-30762
-27608
-22016
-14473
-5641
3706
12743
20674
26797
30571
31656
29953
25609
19000
10706
1457
-7936
-16646
-23903
-29065
-31674
-31495
-28542
-23069
-15557
-6663
2829
12086
20292
26719
30802
32176
30717
26550
20039
11756
2427
-7126
-16063
-23594
-29056
-31964
-32058
-29329
-24014
-16579
-7675
1910
11337
19775
26478
30855
32517
31316
27357
20984
12760
3406
-6254
-15370
-23139
-28874
-32071
-32445
-29961
-24838
-17524
-8664
961
10509
19135
26078
30729
32676
31745
28018
21824
13706
4379
-5334
-14580
-22546
-28527
-31998
-32651
-30429
-25529
-18380
-9613
0
9613
18380
25529
30429
32651
31998
28527
22546
14580
5334
-4379
-13706
-21824
-28018
-31745
-32676
-30729
-26078
-19135
-10509
-961
8664
17524
24838
29961
32445
32071
28874
23139
15370
6254
-3406
-12760
-20984
-27357
-31316
-32517
-30855
-26478
-19775
-11337
-1910
7675
16579
24014
29329
32058
31964
29056
23594
16063
7126
-2427
-11756
-20039
-26550
-30717
-32176
-30802
-26719
-20292
-12086
-2829
6663
15557
23069
28542
31495
31674
29065
23903
16646
7936
-1457
-10706
-19000
-25609
-29953
-31656
-30571
-26797
-20674
-12743
-3706
5641
14473
22016
27608
30762
31203
28899
24057
17111
8672
-511
-9629
-17881
-24544
-29034
-30959
-30159
-26707
-20915
-13296
-4525
4621
13340
20866
26539
29863
30555
28557
24053
17445
9321
397
-8537
-16697
-23368
-27967
-30094
-29569
-26446
-21006
-13735
-5276
3621
12174
19633
25343
28810
29732
28039
23885
17644
9871
1254
-7443
-15460
-22093
-26763
-29064
-28803
-26012
-20943
-14049
-5945
2653
10990
18331
24036
27608
28742
27345
23550
17697
10313
2047
-6365
-14188
-20734
-25433
-27880
-27866
-25405
-20721
-14233
-6521
1733
9801
16975
22629
26271
27589
26479
23046
17602
10635
2764
-5315
-12893
-19304
-23991
-26550
-26765
-24628
-20336
-14277
-6993
872
8624
15581
21136
24809
26285
25445
22374
17353
10832
3392
-4308
-11591
-17818
-22450
-25086
-25504
-23682
-19789
-14177
-7351
82
7470
14162
19573
23235
24838
24250
21536
16947
10894
3921
-3356
-10297
-16293
-20823
-23498
-24095
-22572
-19078
-13929
-7589
-621
6357
12734
17952
21563
23258
22900
20535
16383
10818
4341
-2472
-9025
-14742
-19126
-21801
-22546
-21306
-18206
-13529
-7697
-1232
5296
11313
16293
19807
21558
21406
19375
15660
10599
4645
-1670
-7791
-13181
-17372
-20008
-20868
-19890
-17176
-12976
-7671
-1737
4300
9912
14608
17983
19752
19775
18063
14782
10233
4824
-957
-6607
-11626
-15581
-18134
-19074
-18334
-15992
-12271
-7507
-2130
3382
8547
12912
16103
17853
18021
16606
13751
9719
4874
-347
-5485
-10091
-13765
-16193
-17177
-16646
-14662
-11414
-7202
-2403
2552
7231
11224
14188
15875
16154
15014
12572
9057
4790
153
-4440
-8592
-11939
-14200
-15191
-14840
-13192
-10410
-6753
-2550
1822
5977
9555
12250
13835
14189
13296
11251
8250
4568
537
-3482
-7141
-10123
-12174
-13131
-12925
-11592
-9263
-6161
-2566
1198
4799
7924
10305
11747
12140
11464
9796
7300
4208
798
-2621
-5753
-8328
-10130
-11013
-10918
-9871
-7980
-5428
-2448
689
3706
6342
8371
9629
10021
9529
8216
6212
3708
932
-1866
-4440
-6572
-8081
-8851
-8831
-8042
-6567
-4556
-2194
302
2711
4823
6462
7496
7849
7507
6521
4992
3070
933
-1225
-3214
-4867
-6047
-6663
-6680
-6115
-5035
-3550
-1805
40
1821
3382
4595
5364
5637
5411
4722
3647
2297
801
-704
-2087
-3228
-4041
-4465
-4481
-4106
-3392
-2417
-1280
-90
1046
2029
2782
3250
3406
3255
2831
2188
1395
536
-309
-1065
-1670
-2080
-2272
-2248
-2028
-1650
-1163
-624
-89
391
776
1038
1168
1169
1057
863
621
368
137
-43
-159
-201
-178
-103
0
103
178
201
159
43
-137
-368
-621
-863
-1057
-1169
-1168
-1038
-776
-391
89
624
1163
1650
2028
2248
2272
2080
1670
1065
309
-536
-1395
-2188
-2831
-3255
-3406
-3250
-2782
-2029
-1046
90
1280
2417
3392
4106
4481
4465
4041
3228
2087
704
-801
-2297
-3647
-4722
-5411
-5637
-5364
-4595
-3382
-1821
-40
1805
3550
5035
6115
6680
6663
6047
4867
3214
1225
-933
-3070
-4992
-6521
-7507
-7849
-7496
-6462
-4823
-2711
-302
2194
4556
6567
8042
8831
8851
8081
6572
4440
1866
-932
-3708
-6212
-8216
-9529
-10021
-9629
-8371
-6342
-3706
-689
2448
5428
7980
9871
10918
11013
10130
8328
5753
2621
-798
-4208
-7300
-9796
-11464
-12140
-11747
-10305
-7924
-4799
-1198
2566
6161
9263
11592
12925
13131
12174
10123
7141
3482
-537
-4568
-8250
-11251
-13296
-14189
-13835
-12250
-9555
-5977
-1822
2550
6753
10410
13192
14840
15191
14200
11939
8592
4440
-153
-4790
-9057
-12572
-15014
-16154
-15875
-14188
-11224
-7231
-2552
2403
7202
11414
14662
16646
17177
16193
13765
10091
5485
347
-4874
-9719
-13751
-16606
-18021
-17853
-16103
-12912
-8547
-3382
2130
7507
12271
15992
18334
19074
18134
15581
11626
6607
957
-4824
-10233
-14782
-18063
-19775
-19752
-17983
-14608
-9912
-4300
1737
7671
12976
17176
19890
20868
20008
17372
13181
7791
1670
-4645
-10599
-15660
-19375
-21406
-21558
-19807
-16293
-11313
-5296
1232
7697
13529
18206
21306
22546
21801
19126
14742
9025
2472
-4341
-10818
-16382
-20535
-22900
-23258
-21563
-17952
-12734
-6357
621
7589
13929
19078
22572
24095
23498
20823
16293
10297
3356
-3921
-10894
-16947
-21536
-24250
-24838
-23235
-19573
-14162
-7470
-82
7351
14177
19789
23682
25504
25086
22450
17818
11591
4308
-3392
-10832
-17353
-22374
-25445
-26285
-24809
-21136
-15581
-8624
-872
6993
14277
20336
24628
26765
26550
23991
19304
12893
5315
-2764
-10635
-17602
-23046
-26479
-27589
-26271
-22629
-16975
-9801
-1733
6521
14233
20721
25405
27866
27880
25433
20734
14188
6365
-2047
-10313
-17697
-23550
-27345
-28742
-27608
-24036
-18331
-10990
-2653
5945
14049
20943
26012
28803
29064
26763
22093
15460
7443
-1254
-9871
-17644
-23885
-28039
-29732
-28810
-25343
-19633
-12174
-3621
5276
13735
21006
26446
29569
30094
27967
23368
16697
8537
-397
-9321
-17445
-24053
-28557
-30555
-29863
-26539
-20866
-13340
-4621
4525
13296
20915
26707
30159
30959
29034
24544
17881
9629
511
-8672
-17111
-24057
-28899
-31203
-30762
-27608
-22016
-14473
-5641
3706
12743
20674
26797
30571
31656
29953
25609
19000
10706
1457
-7936
-16646
-23903
-29065
-31674
-31495
-28542
-23069
-15557
-6663
2829
12086
20292
26719
30802
32176
30717
26550
20039
11756
2427
-7126
-16063
-23594
-29056
-31964
-32058
-29329
-24014
-16579
-7675
1910
11337
19775
26478
30855
32517
31316
27357
20984
12760
3406
-6254
-15370
-23139
-28874
-32071
-32445
-29961
-24838
-17524
-8664
961
10509
19135
26078
30729
32676
31745
28018
21824
13706
4379
-5334
-14580
-22546
-28527
-31998
-32651
-30429
-25529
-18380
-9613
0
9613
18380
25529
30429
32651
31998
28527
22546
14580
5334
-4379
-13706
-21824
-28018
-31745
-32676
-30729
-26078
-19135
-10509
-961
8664
17524
24838
29961
32445
32071
28874
23139
15370
6254
-3406
-12760
-20984
-27357
-31316
-32517
-30855
-26478
-19775
-11337
-1910
7675
16579
24014
29329
32058
31964
29056
23594
16063
7126
-2427
-11756
-20039
-26550
-30717
-32176
-30802
-26719
-20292
-12086
-2829
6663
15557
23069
28542
31495
31674
29065
23903
16646
7936
-1457
-10706
-19000
-25609
-29953
-31656
-30571
-26797
-20674
-12743
-3706
5641
14473
22016
27608
30762
31203
28899
24057
17111
8672
-511
-9629
-17881
-24544
-29034
-30959
-30159
-26707
-20915
-13296
-4525
4621
13340
20866
26539
29863
30555
28557
24053
17445
9321
397
-8537
-16697
-23368
-27967
-30094
-29569
-26446
-21006
-13735
-5276
3621
12174
19633
25343
28810
29732
28039
23885
17644
9871
1254
-7443
-15460
-22093
-26763
-29064
-28803
-26012
-20943
-14049
-5945
2653
10990
18331
24036
27608
28742
27345
23550
17697
10313
2047
-6365
-14188
-20734
-25433
-27880
-27866
-25405
-20721
-14233
-6521
1733
9801
16975
22629
26271
27589
26479
23046
17602
10635
2764
-5315
-12893
-19304
-23991
-26550
-26765
-24628
-20336
-14277
-6993
872
8624
15581
21136
24809
26285
25445
22374
17353
10832
3392
-4308
-11591
-17818
-22450
-25086
-25504
-23682
-19789
-14177
-7351
82
7470
14162
19573
23235
24838
24250
21536
16947
10894
3921
-3356
-10297
-16293
-20823
-23498
-24095
-22572
-19078
-13929
-7589
-621
6357
12734
17952
21563
23258
22900
20535
16383
10818
4341
-2472
-9025
-14742
-19126
-21801
-22546
-21306
-18206
-13529
-7697
-1232
5296
11313
16293
19807
21558
21406
19375
15660
10599
4645
-1670
-7791
-13181
-17372
-20008
-20868
-19890
-17176
-12976
-7671
-1737
4300
9912
14608
17983
19752
19775
18063
14782
10233
4824
-957
-6607
-11626
-15581
-18134
-19074
-18334
-15992
-12271
-7507
-2130
3382
8547
12912
16103
17853
18021
16606
13751
9719
4874
-347
-5485
-10091
-13765
-16193
-17177
-16646
-14662
-11414
-7202
-2403
2552
7231
11224
14188
15875
16154
15014
12572
9057
4790
153
-4440
-8592
-11939
-14200
-15191
-14840
-13192
-10410
-6753
-2550
1822
5977
9555
12250
13835
14189
13296
11251
8250
4568
537
-3482
-7141
-10123
-12174
-13131
-12925
-11592
-9263
-6161
-2566
1198
4799
7924
10305
11747
12140
11464
9796
7300
4208
798
-2621
-5753
-8328
-10130
-11013
-10918
-9871
-7980
-5428
-2448
689
3706
6342
8371
9629
10021
9529
8216
6212
3708
932
-1866
-4440
-6572
-8081
-8851
-8831
-8042
-6567
-4556
-2194
302
2711
4823
6462
7496
7849
7507
6521
4992
3070
933
-1225
-3214
-4867
-6047
-6663
-6680
-6115
-5035
-3550
-1805
40
1821
3382
4595
5364
5637
5411
4722
3647
2297
801
-704
-2087
-3228
-4041
-4465
-4481
-4106
-3392
-2417
-1280
-90
1046
2029
2782
3250
3406
3255
2831
2188
1395
536
-309
-1065
-1670
-2080
-2272
-2248
-2028
-1650
-1163
-624
-89
391
776
1038
1168
1169
1057
863
621
368
137
-43
-159
-201
-178
-103
0
103
178
201
159
43
-137
-368
-621
-863
-1057
-1169
-1168
-1038
-776
-391
89
624
1163
1650
2028
2248
2272
2080
1670
1065
309
-536
-1395
-2188
-2831
-3255
-3406
-3250
-2782
-2029
-1046
90
1280
2417
3392
4106
4481
4465
4041
3228
2087
704
-801
-2297
-3647
-4722
-5411
-5637
-5364
-4595
-3382
-1821
-40
1805
3550
5035
6115
6680
6663
6047
4867
3214
1225
-933
-3070
-4992
-6521
-7507
-7849
-7496
-6462
-4823
-2711
-302
2194
4556
6567
8042
8831
8851
8081
6572
4440
1866
-932
-3708
-6212
-8216
-9529
-10021
-9629
-8371
-6342
-3706
-689
2448
5428
7980
9871
10918
11013
10130
8328
5753
2621
-798
-4208
-7300
-9796
-11464
-12140
-11747
-10305
-7924
-4799
-1198
2566
6161
9263
11592
12925
13131
12174
10123
7141
3482
-537
-4568
-8250
-11251
-13296
-14189
-13835
-12250
-9555
-5977
-1822
2550
6753
10410
13192
14840
15191
14200
11939
8592
4440
-153
-4790
-9057
-12572
-15014
-16154
-15875
-14188
-11224
-7231
-2552
2403
7202
11414
14662
16646
17177
16193
13765
10091
5485
347
-4874
-9719
-13751
-16606
-18021
-17853
-16103
-12912
-8547
-3382
2130
7507
12271
15992
18334
19074
18134
15581
11626
6607
957
-4824
-10233
-14782
-18063
-19775
-19752
-17983
-14608
-9912
-4300
1737
7671
12976
17176
19890
20868
20008
17372
13181
7791
1670
-4645
-10599
-15660
-19375
-21406
-21558
-19807
-16293
-11313
-5296
1232
7697
13529
18206
21306
22546
21801
19126
14742
9025
2472
-4341
-10818
-16382
-20535
-22900
-23258
-21563
-17952
-12734
-6357
621
7589
13929
19078
22572
24095
23498
20823
16293
10297
3356
-3921
-10894
-16947
-21536
-24250
-24838
-23235
-19573
-14162
-7470
-82
7351
14177
19789
23682
25504
25086
22450
17818
11591
4308
-3392
-10832
-17353
-22374
-25445
-26285
-24809
-21136
-15581
-8624
-872
6993
14277
20336
24628
26765
26550
23991
19304
12893
5315
-2764
-10635
-17602
-23046
-26479
-27589
-26271
-22629
-16975
-9801
-1733
6521
14233
20721
25405
27866
27880
25433
20734
14188
6365
-2047
-10313
-17697
-23550
-27345
-28742
-27608
-24036
-18331
-10990
-2653
5945
14049
20943
26012
28803
29064
26763
22093
15460
7443
-1254
-9871
-17644
-23885
-28039
-29732
-28810
-25343
-19633
-12174
-3621
5276
13735
21006
26446
29569
30094
27967
23368
16697
8537
-397
-9321
-17445
-24053
-28557
-30555
-29863
-26539
-20866
-13340
-4621
4525
13296
20915
26707
30159
30959
29034
24544
17881
9629
511
-8672
-17111
-24057
-28899
-31203
-30762
-27608
-22016
-14473
-5641
3706
12743
20674
26797
30571
31656
29953
25609
19000
10706
1457
-7936
-16646
-23903
-29065
-31674
-31495
-28542
-23069
-15557
-6663
2829
12086
20292
26719
30802
32176
30717
26550
20039
11756
2427
-7126
-16063
-23594
-29056
-31964
-32058
-29329
-24014
-16579
-7675
1910
11337
19775
26478
30855
32517
31316
27357
20984
12760
3406
-6254
-15370
-23139
-28874
-32071
-32445
-29961
-24838
-17524
-8664
961
10509
19135
26078
30729
32676
31745
28018
21824
13706
4379
-5334
-14580
-22546
-28527
-31998
-32651
-30429
-25529
-18380
-9613
0
9613
18380
25529
30429
32651
31998
28527
22546
14580
5334
-4379
-13706
-21824
-28018
-31745
-32676
-30729
-26078
-19135
-10509
-961
8664
17524
24838
29961
32445
32071
28874
23139
15370
6254
-3406
-12760
-20984
-27357
-31316
-32517
-30855
-26478
-19775
-11337
-1910
7675
16579
24014
29329
32058
31964
29056
23594
16063
7126
-2427
-11756
-20039
-26550
-30717
-32176
-30802
-26719
-20292
-12086
-2829
6663
15557
23069
28542
31495
31674
29065
23903
16646
7936
-1457
-10706
-19000
-25609
-29953
-31656
-30571
-26797
-20674
-12743
-3706
5641
14473
22016
27608
30762
31203
28899
24057
17111
8672
-511
-9629
-17881
-24544
-29034
-30959
-30159
-26707
-20915
-13296
-4525
4621
13340
20866
26539
29863
30555
28557
24053
17445
9321
397
-8537
-16697
-23368
-27967
-30094
-29569
-26446
-21006
-13735
-5276
3621
12174
19633
25343
28810
29732
28039
23885
17644
9871
1254
-7443
-15460
-22093
-26763
-29064
-28803
-26012
-20943
-14049
-5945
2653
10990
18331
24036
27608
28742
27345
23550
17697
10313
2047
-6365
-14188
-20734
-25433
-27880
-27866
-25405
-20721
-14233
-6521
1733
9801
16975
22629
26271
27589
26479
23046
17602
10635
2764
-5315
-12893
-19304
-23991
-26550
-26765
-24628
-20336
-14277
-6993
872
8624
15581
21136
24809
26285
25445
22374
17353
10832
3392
-4308
-11591
-17818
-22450
-25086
-25504
-23682
-19789
-14177
-7351
82
7470
14162
19573
23235
24838
24250
21536
16947
10894
3921
-3356
-10297
-16293
-20823
-23498
-24095
-22572
-19078
-13929
-7589
-621
6357
12734
17952
21563
23258
22900
20535
16383
10818
4341
-2472
-9025
-14742
-19126
-21801
-22546
-21306
-18206
-13529
-7697
-1232
5296
11313
16293
19807
21558
21406
19375
15660
10599
4645
-1670
-7791
-13181
-17372
-20008
-20868
-19890
-17176
-12976
-7671
-1737
4300
9912
14608
17983
19752
19775
18063
14782
10233
4824
-957
-6607
-11626
-15581
-18134
-19074
-18334
-15992
-12271
-7507
-2130
3382
8547
12912
16103
17853
18021
16606
13751
9719
4874
-347
-5485
-10091
-13765
-16193
-17177
-16646
-14662
-11414
-7202
-2403
2552
7231
11224
14188
15875
16154
15014
12572
9057
4790
153
-4440
-8592
-11939
-14200
-15191
-14840
-13192
-10410
-6753
-2550
1822
5977
9555
12250
13835
14189
13296
11251
8250
4568
537
-3482
-7141
-10123
-12174
-13131
-12925
-11592
-9263
-6161
-2566
1198
4799
7924
10305
11747
12140
11464
9796
7300
4208
798
-2621
-5753
-8328
-10130
-11013
-10918
-9871
-7980
-5428
-2448
689
3706
6342
8371
9629
10021
9529
8216
6212
3708
932
-1866
-4440
-6572
-8081
-8851
-8831
-8042
-6567
-4556
-2194
302
2711
4823
6462
7496
7849
7507
6521
4992
3070
933
-1225
-3214
-4867
-6047
-6663
-6680
-6115
-5035
-3550
-1805
40
1821
3382
4595
5364
5637
5411
4722
3647
2297
801
-704
-2087
-3228
-4041
-4465
-4481
-4106
-3392
-2417
-1280
-90
1046
2029
2782
3250
3406
3255
2831
2188
1395
536
-309
-1065
-1670
-2080
-2272
-2248
-2028
-1650
-1163
-624
-89
391
776
1038
1168
1169
1057
863
621
368
137
-43
-159
-201
-178
-103
0
103
178
201
159
43
-137
-368
-621
-863
-1057
-1169
-1168
-1038
-776
-391
89
624
1163
1650
2028
2248
2272
2080
1670
1065
309
-536
-1395
-2188
-2831
-3255
-3406
-3250
-2782
-2029
-1046
90
1280
2417
3392
4106
4481
4465
4041
3228
2087
704
-801
-2297
-3647
-4722
-5411
-5637
-5364
-4595
-3382
-1821
-40
1805
3550
5035
6115
6680
6663
6047
4867
3214
1225
-933
-3070
-4992
-6521
-7507
-7849
-7496
-6462
-4823
-2711
-302
2194
4556
6567
8042
8831
8851
8081
6572
4440
1866
-932
-3708
-6212
-8216
-9529
-10021
-9629
-8371
-6342
-3706
-689
2448
5428
7980
9871
10918
11013
10130
8328
5753
2621
-798
-4208
-7300
-9796
-11464
-12140
-11747
-10305
-7924
-4799
-1198
2566
6161
9263
11592
12925
13131
12174
10123
7141
3482
-537
-4568
-8250
-11251
-13296
-14189
-13835
-12250
-9555
-5977
-1822
2550
6753
10410
13192
14840
15191
14200
11939
8592
4440
-153
-4790
-9057
-12572
-15014
-16154
-15875
-14188
-11224
-7231
-2552
2403
7202
11414
14662
16646
17177
16193
13765
10091
5485
347
-4874
-9719
-13751
-16606
-18021
-17853
-16103
-12912
-8547
-3382
2130
7507
12271
15992
18334
19074
18134
15581
11626
6607
957
-4824
-10233
-14782
-18063
-19775
-19752
-17983
-14608
-9912
-4300
1737
7671
12976
17176
19890
20868
20008
17372
13181
7791
1670
-4645
-10599
-15660
-19375
-21406
-21558
-19807
-16293
-11313
-5296
1232
7697
13529
18206
21306
22546
21801
19126
14742
9025
2472
-4341
-10818
-16382
-20535
-22900
-23258
-21563
-17952
-12734
-6357
621
7589
13929
19078
22572
24095
23498
20823
16293
10297
3356
-3921
-10894
-16947
-21536
-24250
-24838
-23235
-19573
-14162
-7470
-82
7351
14177
19789
23682
25504
25086
22450
17818
11591
4308
-3392
-10832
-17353
-22374
-25445
-26285
-24809
-21136
-15581
-8624
-872
6993
14277
20336
24628
26765
26550
23991
19304
12893
5315
-2764
-10635
-17602
-23046
-26479
-27589
-26271
-22629
-16975
-9801
-1733
6521
14233
20721
25405
27866
27880
25433
20734
14188
6365
-2047
-10313
-17697
-23550
-27345
-28742
-27608
-24036
-18331
-10990
-2653
5945
14049
20943
26012
28803
29064
26763
22093
15460
7443
-1254
-9871
-17644
-23885
-28039
-29732
-28810
-25343
-19633
-12174
-3621
5276
13735
21006
26446
29569
30094
27967
23368
16697
8537
-397
-9321
-17445
-24053
-28557
-30555
-29863
-26539
-20866
-13340
-4621
4525
13296
20915
26707
30159
30959
29034
24544
17881
9629
511
-8672
-17111
-24057
-28899
-31203
-30762
-27608
-22016
-14473
-5641
3706
12743
20674
26797
30571
31656
29953
25609
19000
10706
1457
-7936
-16646
-23903
-29065
-31674
-31495
-28542
-23069
-15557
-6663
2829
12086
20292
26719
30802
32176
30717
26550
20039
11756
2427
-7126
-16063
-23594
-29056
-31964
-32058
-29329
-24014
-16579
-7675
1910
11337
19775
26478
30855
32517
31316
27357
20984
12760
3406
-6254
-15370
-23139
-28874
-32071
-32445
-29961
-24838
-17524
-8664
961
10509
19135
26078
30729
32676
31745
28018
21824
13706
4379
-5334
-14580
-22546
-28527
-31998
-32651
-30429
-25529
-18380
-9613
