0
4278
8485
12550
16402
19973
23203
26035
28419
30314
31684
32507
32766
32456
31581
30156
28203
25758
22860
19561
15917
11991
7852
3573
-771
-5106
-9352
-13436
-17284
-20829
-24006
-26759
-29038
-30801
-32015
-32660
-32720
-32196
-31094
-29434
-27244
-24563
-21439
-17925
-14087
-9991
-5712
-1327
3083
7441
11667
15683
19415
22796
25762
28259
30239
31667
32514
32764
32412
31462
29931
27847
25247
22178
18696
14865
10755
6443
2009
-2465
-6896
-11201
-15299
-19113
-22570
-25606
-28162
-30190
-31650
-32514
-32764
-32394
-31411
-29832
-27686
-25012
-21861
-18292
-14372
-10175
-5781
-1274
3259
7733
12062
16161
19951
23359
26318
28771
30668
31973
32659
32711
32127
30919
29107
26727
23823
20452
16679
12577
8226
3711
-879
-5455
-9926
-14204
-18204
-21846
-25058
-27775
-29942
-31516
-32464
-32766
-32415
-31417
-29790
-27567
-24790
-21514
-17805
-13736
-9388
-4849
-209
4437
8997
13377
17489
21248
24578
27411
29687
31359
32393
32765
32468
31507
29899
27676
24884
21579
17828
13707
9301
4700
0
-4703
-9311
-13729
-17864
-21629
-24947
-27746
-29968
-31566
-32503
-32761
-32332
-31225
-29460
-27076
-24119
-20653
-16748
-12488
-7961
-3263
1506
6246
10856
15238
19298
22949
26112
28719
30713
32051
32702
32651
31900
30461
28366
25658
22395
18646
14492
10022
5332
524
-4298
-9029
-13567
-17811
-21669
-25055
-27896
-30127
-31699
-32577
-32739
-32182
-30916
-28967
-26379
-23206
-19519
-15397
-10932
-6222
-1372
3511
8320
12945
17284
21240
24723
27655
29968
31611
32545
32748
32214
30954
28995
26381
23169
19431
15252
10724
5950
1038
-3899
-8751
-13405
-17757
-21705
-25159
-28038
-30277
-31822
-32637
-32702
-32014
-30588
-28456
-25665
-22280
-18377
-14047
-9388
-4509
477
5455
10308
14924
19194
23018
26305
28979
30974
32243
32756
32498
31476
29711
27244
24133
20449
16280
11722
6884
1880
-3170
-8148
-12935
-17416
-21484
-25041
-28000
-30291
-31856
-32659
-32677
-31909
-30373
-28105
-25157
-21600
-17520
-13013
-8189
-3163
1941
7001
11893
16499
20705
24407
27516
29953
31659
32589
32721
32049
30590
28377
25463
21921
17836
13307
8448
3377
-1780
-6896
-11843
-16499
-20746
-24479
-27603
-30040
-31727
-32621
-32699
-31957
-30413
-28105
-25088
-21439
-17247
-12618
-7668
-2522
2689
7836
12787
17416
21605
25247
28248
30530
32035
32723
32574
31592
29801
27244
23987
20112
15718
10917
5832
595
-4660
-9798
-14685
-19194
-23208
-26622
-29345
-31307
-32455
-32757
-32206
-30813
-28614
-25665
-22043
-17841
-13169
-8148
-2911
2405
7661
12717
17440
21705
25397
28419
30689
32146
32750
32483
31352
29385
26633
23169
19084
14487
9500
4255
-1105
-6439
-11603
-16457
-20870
-24723
-27911
-30346
-31961
-32712
-32578
-31559
-29684
-27001
-23582
-19519
-14922
-9916
-4636
771
6162
11386
16301
20770
24671
27896
30354
31977
32719
32558
31498
29565
26813
23317
19172
14492
9407
4058
-1405
-6833
-12073
-16978
-21411
-25247
-28377
-30713
-32188
-32760
-32410
-31148
-29007
-26047
-22351
-18021
-13179
-7961
-2516
3003
8440
13640
18454
22745
26389
29282
31340
32503
32737
32033
30409
27913
24613
20604
16000
10932
5547
0
-5550
-10942
-16021
-20637
-24657
-27963
-30458
-32068
-32745
-32468
-31244
-29107
-26118
-22364
-17952
-13013
-7689
-2137
3479
8997
14252
19090
23367
26955
29748
31662
32640
32650
31691
29790
27003
23411
19119
14256
8965
3403
-2262
-7862
-13230
-18204
-22633
-26385
-29345
-31423
-32556
-32707
-31871
-30072
-27362
-23823
-19561
-14703
-9397
-3803
1908
7565
12994
18030
22517
26318
29316
31419
32559
32702
31841
30001
27238
23635
19302
14372
8996
3339
-2422
-8112
-13553
-18577
-23026
-26761
-29667
-31650
-32648
-32629
-31591
-29565
-26615
-22829
-18327
-13249
-7752
-2009
3799
9491
14886
19815
24120
27666
30338
32052
32751
32412
31044
28690
25423
21345
16586
11295
5642
-193
-6025
-11667
-16938
-21669
-25706
-28920
-31206
-32489
-32726
-31909
-30063
-27244
-23544
-19081
-13998
-8460
-2644
3259
9060
14569
19606
24006
27626
30346
32075
32756
32366
30916
28451
25051
20827
15917
10480
4696
-1244
-7147
-12817
-18065
-22719
-26622
-29644
-31684
-32674
-32578
-31398
-29173
-25975
-21909
-17110
-11737
-5969
0
5972
11747
17130
21941
26016
29217
31436
32596
32657
31615
29504
26395
22390
17625
12260
6476
470
-5554
-11392
-16845
-21726
-25867
-29127
-31393
-32585
-32662
-31619
-29491
-26349
-22301
-17483
-12062
-6222
-166
5898
11762
17222
22088
26191
29387
31566
32648
32597
31411
29131
25835
21636
16679
11138
5205
-912
-7001
-12847
-18244
-23003
-26955
-29960
-31912
-32739
-32412
-30940
-28374
-24803
-20353
-15179
-9465
-3413
2763
8843
14612
19863
24407
28083
30758
32334
32755
32003
30103
27124
23169
18381
12929
7010
836
-5370
-11386
-16993
-21989
-26191
-29446
-31636
-32680
-32538
-31214
-28754
-25247
-20819
-15630
-9868
-3744
2518
8692
14551
19879
24480
28184
30855
32393
32739
31880
29845
26709
22585
17625
12011
5950
-333
-6607
-12639
-18204
-23094
-27128
-30152
-32055
-32763
-32248
-30528
-27666
-23767
-18976
-13473
-7461
-1167
5173
11322
17047
22132
26385
29644
31785
32724
32427
30901
28203
24435
19738
14288
8294
1981
-4409
-10635
-16457
-21654
-26025
-29402
-31656
-32697
-32485
-31027
-28377
-24634
-19943
-14481
-8460
-2109
4324
10594
16457
21686
26077
29459
31699
32710
32451
30929
28203
24378
19601
14056
7961
1552
-4919
-11201
-17047
-22227
-26537
-29806
-31906
-32751
-32307
-30590
-27666
-23648
-18696
-13002
-6791
-309
6187
12441
18204
23246
27366
30398
32222
32762
31995
29951
26709
22398
17189
11289
4935
-1619
-8112
-14281
-19879
-24678
-28486
-31147
-32552
-32643
-31416
-28917
-25247
-20553
-15023
-8882
-2378
4225
10659
16662
21989
26421
29777
31918
32756
32254
30432
27362
23169
18024
12137
5748
-879
-7473
-13762
-19485
-24407
-28323
-31070
-32533
-32650
-31414
-28875
-25136
-20353
-14721
-8475
-1874
4807
11292
17307
22602
26955
30182
32146
32765
32010
29911
26556
22083
16679
10571
4016
-2711
-9326
-15551
-21121
-25799
-29387
-31732
-32732
-32344
-30582
-27520
-23286
-18060
-12062
-5547
1206
7911
14280
20041
24947
28786
31393
32653
32513
30975
28105
24024
18906
12972
6476
-301
-7069
-13534
-19415
-24458
-28443
-31196
-32596
-32580
-31148
-28360
-24336
-19250
-13322
-6811
0
6813
13332
19269
24364
28393
31178
32594
32578
31129
28309
24241
19103
13120
6555
-301
-7147
-13680
-19609
-24671
-28641
-31340
-32648
-32505
-30916
-27948
-23735
-18460
-12360
-5706
1206
8067
14569
20421
25359
29162
31656
32728
32328
30473
27244
22786
17298
11027
4255
-2711
-9557
-15974
-21669
-26383
-29901
-32062
-32766
-31979
-29736
-26137
-21345
-15577
-9095
-2195
4807
11593
17850
23291
27666
30771
32464
32665
31362
28614
24546
19345
13249
6538
-477
-7473
-14125
-20126
-25196
-29098
-31650
-32732
-32292
-30349
-26991
-22374
-16712
-10266
-3339
3746
10659
17076
22694
27251
30530
32377
32702
31489
28793
24740
19519
13375
6597
-494
-7565
-14281
-20323
-25404
-29282
-31772
-32753
-32178
-30072
-26533
-21729
-15887
-9285
-2238
4919
11843
18204
23695
28052
31066
32589
32548
30942
27847
23411
17845
11416
4435
-2763
-9830
-16425
-22227
-26955
-30378
-32330
-32713
-31507
-28769
-24631
-19293
-13013
-6096
1120
8285
15047
21076
26077
29802
32068
32763
31850
29372
25451
20276
14101
7230
0
-7232
-14111
-20295
-25478
-29402
-31872
-32764
-32033
-29711
-25913
-20827
-14703
-7845
-595
6688
13640
19914
25196
29220
31785
32759
32093
29819
26047
20967
14832
7950
664
-6656
-13645
-19948
-25247
-29273
-31822
-32763
-32046
-29706
-25861
-20703
-14492
-7543
-209
7138
14125
20396
25629
29557
31977
32766
31880
29363
25342
20022
13674
6622
-771
-8129
-15071
-21240
-26318
-30042
-32219
-32734
-31559
-28754
-24461
-18901
-12360
-5177
2276
9615
16457
22447
27271
30678
32489
32608
31026
27825
23169
17302
10527
3199
-4298
-11573
-18244
-23960
-28419
-31387
-32705
-32302
-30198
-26501
-21406
-15179
-8148
-684
6817
13962
20369
25700
29668
32064
32757
31710
28975
24698
19103
12488
5205
-2358
-9798
-16717
-22745
-27557
-30894
-32577
-32513
-30703
-27244
-22319
-16192
-9191
-1693
5898
13175
19743
25247
29388
31941
32765
31816
29141
24884
19276
12618
5272
-2362
-9871
-16845
-22903
-27714
-31014
-32621
-32445
-30495
-26875
-21781
-15492
-8351
-749
6896
14165
20658
26016
29942
32220
32721
31417
28377
23767
17841
10926
3403
-4310
-11787
-18613
-24407
-28847
-31684
-32759
-32010
-29476
-25298
-19707
-13013
-5590
2148
9769
16845
22980
27828
31116
32659
32366
30254
26438
21133
14635
7310
-430
-8148
-15409
-21801
-26962
-30598
-32502
-32563
-30778
-27244
-22162
-15818
-8572
-836
6950
14343
20920
26305
30190
32350
32661
31103
27762
22829
16586
9388
1649
-6187
-13670
-20369
-25898
-29936
-32249
-32702
-31267
-28024
-23161
-16955
-9766
-2009
5867
13405
20168
25762
29860
32222
32709
31291
28049
23169
16936
9711
1916
-5992
-13553
-20323
-25904
-29968
-32275
-32687
-31179
-27837
-22855
-16527
-9222
-1372
6562
14111
20829
26318
30252
32397
32623
30916
27374
22206
15718
8294
373
-7571
-15067
-21669
-26980
-30683
-32556
-32483
-30469
-26631
-21197
-14492
-6916
1077
9009
16402
22811
27851
31216
32702
32218
29790
25564
19793
12824
5078
-2978
-10856
-18080
-24210
-28873
-31785
-32766
-31757
-28816
-24119
-17952
-10689
-2772
5316
13083
20053
25799
29968
32304
32662
31017
27469
22233
15630
8064
0
-8067
-15639
-22251
-27492
-31038
-32669
-32282
-29899
-25665
-19840
-12785
-4935
3223
11185
18454
24578
29176
31960
32754
31507
28295
23317
16881
9388
1306
-6859
-14599
-21426
-26913
-30713
-32587
-32415
-30206
-26096
-20343
-13307
-5431
2789
10837
18204
24423
29100
31937
32755
31498
28244
23199
16679
9099
938
-7285
-15047
-21854
-27271
-30951
-32659
-32282
-29844
-25497
-19519
-12290
-4271
4023
12062
19330
25359
29762
32252
32670
30984
27303
21861
15008
7184
-1105
-9326
-16947
-23474
-28484
-31650
-32766
-31757
-28687
-23753
-17274
-9670
-1435
6896
14781
21705
27215
30951
32666
32248
29720
25247
19119
11737
3583
-4807
-12886
-20121
-26035
-30239
-32455
-32534
-30469
-26395
-20578
-13400
-5336
3083
11302
18775
25007
29584
32200
32681
30992
27244
21684
14679
6695
-1736
-10055
-17706
-24178
-29038
-31959
-32744
-31340
-27837
-22468
-15592
-7668
771
9163
16942
23583
28641
31772
32764
31548
28203
22955
16155
8261
-193
-8637
-16499
-23246
-28419
-31667
-32766
-31641
-28366
-23161
-16378
-8479
0
8482
16388
23178
28387
31659
32766
31633
28334
23092
16267
8323
-193
-8699
-16610
-23382
-28547
-31748
-32764
-31521
-28105
-22748
-15818
-7793
771
9287
17161
23850
28887
31923
32744
31292
27666
22114
15023
6884
-1736
-10238
-18030
-24565
-29387
-32158
-32681
-30919
-26991
-21173
-13868
-5590
3083
11543
19194
25499
30012
32414
32534
30361
26047
19895
12336
3903
-4807
-13181
-20625
-26610
-30711
-32637
-32248
-29569
-24790
-18247
-10405
-1820
6896
15124
22277
27843
31423
32760
31757
28483
23169
16196
8060
-655
-9326
-17331
-24094
-29127
-32068
-32703
-30984
-27033
-21133
-13707
-5289
3511
12062
19743
25999
30374
32552
32371
29844
25150
18630
10754
2094
-6719
-15047
-22282
-27896
-31478
-32765
-31661
-28244
-22763
-15616
-7324
1506
10228
18204
24847
29668
32313
32585
30461
26096
19809
12062
3423
-5469
-13962
-21426
-27310
-31178
-32740
-31881
-28661
-23317
-16242
-7961
912
9721
17811
24578
29519
32265
32608
30520
26157
19840
12041
3339
-5613
-14150
-21629
-27492
-31296
-32755
-31758
-28377
-22863
-15630
-7219
1736
10564
18599
25234
29968
32443
32468
30041
25342
18725
10689
1842
-7147
-15598
-22868
-28404
-31785
-32751
-31227
-27327
-21345
-13736
-5078
3969
12717
20496
26712
30887
32702
32014
28875
23522
16364
7950
-1077
-10024
-18204
-24986
-29848
-32414
-32483
-30050
-25298
-18593
-10451
-1499
7571
16058
23305
28750
31969
32711
30916
26720
20449
12587
3744
-5391
-14111
-21734
-27666
-31442
-32766
-31533
-27837
-21964
-14372
-5653
3510
12401
20323
26654
30894
32710
31957
28692
23169
15822
7226
-1941
-10958
-19113
-25762
-30378
-32596
-32237
-29328
-24096
-16955
-8469
691
9799
18132
25028
29936
32465
32412
29778
24772
17791
9388
234
-8940
-17404
-24479
-29598
-32350
-32513
-30072
-25219
-18342
-9991
-836
8388
16942
24135
29387
32275
32563
30226
25451
18620
10283
1113
-8148
-16754
-24006
-29316
-32252
-32574
-30254
-25477
-18630
-10266
-1066
8222
16845
24098
29390
32286
32549
30156
25298
18372
9941
695
-8610
-17213
-24407
-29603
-32371
-32482
-29925
-24908
-17841
-9305
0
9307
17850
24924
29942
32491
32356
29546
24293
17028
8351
-1019
-10308
-18745
-25629
-30386
-32621
-32145
-28995
-23432
-15917
-7073
2362
11603
19879
26497
30903
32728
31816
28241
22301
14491
5464
-4023
-13175
-21224
-27492
-31451
-32766
-31324
-27244
-20868
-12732
-3519
5992
15001
22745
28568
31977
32682
30619
25962
19103
10622
1238
-8253
-17047
-24394
-29668
-32420
-32412
-29643
-24347
-16973
-8148
1373
10781
19269
26112
30723
32705
31886
28334
22351
14449
5304
-4298
-13534
-21608
-27826
-31650
-32749
-31026
-26627
-19930
-11510
-2094
7504
16457
23989
29446
32355
32460
29752
24461
17046
8148
-1459
-10942
-19477
-26318
-30870
-32732
-31742
-27983
-21780
-13674
-4371
5316
14541
22496
28484
31977
32669
30495
25645
18541
9807
209
-9410
-18204
-25397
-30356
-32640
-32046
-28625
-22675
-14721
-5464
4278
13645
21806
28038
31787
32719
30748
26047
19032
10324
695
-8997
-17892
-25196
-30256
-32621
-32077
-28669
-22701
-14703
-5389
4409
13816
21989
28193
31872
32694
30582
25725
18555
9715
0
-9718
-18563
-25739
-30598
-32699
-31850
-28126
-21861
-13619
-4144
5708
15047
23026
28920
32194
32549
29951
24631
17073
7961
-1876
-11547
-20168
-26955
-31287
-32766
-31257
-26894
-20073
-11416
-1713
8148
17267
24807
30076
32589
32113
28690
22632
14492
5018
-4919
-14407
-22570
-28657
-32104
-32591
-30072
-24775
-17189
-8012
1907
11653
20323
27113
31393
32763
31094
26539
19519
10683
852
-9060
-18132
-25519
-30530
-32697
-31816
-27965
-21503
-13031
-3339
6667
16052
23938
29584
32459
32292
29097
23169
15065
5543
-4501
-14125
-22423
-28612
-32108
-32578
-29977
-24546
-16798
-7461
2582
12385
21019
27666
31694
32721
30647
25665
18247
9095
-923
-10856
-19760
-26786
-31264
-32766
-31146
-26556
-19431
-10451
-470
9557
18675
26008
30855
32749
31507
27244
20368
11537
1595
-8501
-17784
-25359
-30497
-32702
-31758
-27754
-21074
-12360
-2451
7696
17103
24860
30215
32648
31922
28105
21563
12929
3039
-7147
-16643
-24525
-30025
-32607
-32016
-28309
-21844
-13249
-3359
6859
16412
24364
29939
32588
32050
28377
21924
13322
3413
-6833
-16412
-24382
-29960
-32596
-32028
-28309
-21804
-13150
-3199
7069
16643
24578
30089
32630
31946
28105
21482
12732
2719
-7565
-17103
-24947
-30318
-32680
-31797
-27754
-20951
-12062
-1970
8320
17784
25478
30633
32732
31565
27244
20200
11134
952
-9326
-18675
-26154
-31014
-32765
-31228
-26556
-19215
-9941
333
10578
19760
26955
31436
32749
30759
25665
17979
8475
-1887
-12062
-21019
-27851
-31864
-32650
-30126
-24546
-16475
-6728
3703
13762
22423
28806
32258
32427
29291
23169
14683
4696
-5772
-15653
-23938
-29777
-32571
-32033
-28214
-21503
-12587
-2378
8077
17706
25519
30711
32748
31416
26850
19519
10175
-219
-10594
-19879
-27113
-31549
-32726
-30520
-25157
-17189
-7439
3083
13289
22119
28657
32222
32441
29289
23092
14492
4381
-6187
-16114
-24364
-30076
-32652
-31820
-27666
-20619
-11416
-1017
9491
19008
26537
31287
32757
30792
25595
17709
7961
-2625
-12939
-21894
-28547
-32194
-32451
-29286
-23032
-14346
-4144
6498
16457
24678
30291
32699
31644
27238
19943
10531
0
-10533
-19951
-27251
-31656
-32694
-30254
-24592
-16309
-6286
4409
14637
23305
29487
32519
32077
28203
21312
12137
1660
-8997
-18692
-26385
-31248
-32757
-30748
-25434
-17383
-7461
3266
13645
22556
29038
32390
32248
28625
21909
12824
2351
-8378
-18204
-26061
-31098
-32765
-30880
-25645
-17625
-7689
3083
13524
22496
29023
32393
32235
28565
21780
12618
2077
-8692
-18516
-26318
-31245
-32755
-30681
-25247
-17046
-6975
3863
14280
23132
29446
32527
32033
28015
20915
11510
836
-9932
-19609
-27125
-31650
-32682
-30103
-24198
-15616
-5304
5596
15880
24407
30232
32705
31550
26894
19250
9465
-1373
-12062
-21411
-28379
-32188
-32412
-29022
-22395
-13267
-2656
8253
18244
26197
31222
32754
30619
25054
16679
6433
-4537
-15001
-23783
-29895
-32648
-31731
-27244
-19690
-9916
976
11762
21224
28293
32170
32415
28997
22301
13080
2378
-8595
-18599
-26497
-31393
-32729
-30352
-24528
-15917
-5494
5554
15974
24578
30386
32734
31352
26395
18425
8351
-2679
-13405
-22602
-29217
-32491
-32046
-27932
-20616
-10936
0
10939
20625
27944
32055
32482
29173
22507
13249
2462
-8610
-18692
-26622
-31481
-32707
-30156
-24119
-15293
-4696
6446
16845
25296
30817
32766
30916
25477
17079
6695
-4468
-15115
-24006
-30106
-32702
-31489
-26606
-18620
-8460
2689
13528
22788
29387
32552
31909
27532
19930
9991
-1120
-12103
-21669
-28693
-32350
-32208
-28280
-21025
-11295
-234
10856
20671
28052
32127
32412
28871
21921
12379
1372
-9799
-19815
-27487
-31906
-32545
-29328
-22632
-13249
-2291
8940
19113
27016
31708
32629
29666
23169
13911
2992
-8285
-18577
-26654
-31549
-32677
-29899
-23544
-14372
-3477
7836
18214
26411
31442
32702
30037
23764
14635
3744
-7598
-18030
-26293
-31393
-32711
-30086
-23833
-14703
-3796
7571
18026
26305
31405
32707
30050
23753
14577
3632
-7754
-18204
-26446
-31479
-32688
-29925
-23522
-14256
-3253
8148
18560
26712
31608
32650
29706
23135
13736
2656
-8751
-19090
-27095
-31785
-32581
-29385
-22585
-13013
-1842
9557
19786
27585
31994
32468
28947
21861
12081
809
-10564
-20637
-28166
-32219
-32293
-28377
-20951
-10932
440
11762
21629
28819
32437
32033
27653
19840
9561
-1907
-13142
-22745
-29519
-32621
-31661
-26755
-18514
-7961
3586
14689
23960
30239
32740
31148
25658
16955
6128
-5469
-16384
-25247
-30944
-32759
-30461
-24336
-15151
-4058
7546
18204
26572
31595
32638
29565
22763
13087
1756
-9798
-20118
-27896
-32148
-32332
-28424
-20915
-10754
771
12203
22088
29171
32552
31797
27001
18769
8148
-3511
-14727
-24069
-30346
-32754
-30984
-25260
-16309
-5272
6439
17331
26008
31359
32696
29845
23169
13521
2137
-9523
-19964
-27843
-32146
-32318
-28334
-20703
-10405
1234
12717
22564
29503
32637
31559
26407
17841
6968
-4807
-15965
-25058
-30909
-32757
-30361
-24028
-14577
-3233
8533
19194
27364
31977
32433
28669
21173
10917
-762
-12345
-22321
-29387
-32619
-31592
-26438
-17828
-6884
4961
16161
25247
31028
32744
30168
23635
13998
2522
-9287
-19879
-27860
-32179
-32265
-28105
-20242
-9711
2101
13640
23382
30040
32733
31103
25362
16267
5018
-6896
-17901
-26537
-31659
-32585
-29190
-21921
-11741
0
11743
21929
29201
32589
31641
26480
17791
6728
-5233
-16499
-25566
-31222
-32709
-29826
-22955
-13013
-1327
10537
20994
28641
32450
31909
27088
18630
7668
-4324
-15739
-25041
-30976
-32744
-30105
-23411
-13561
-1880
10055
20637
28436
32397
31982
27244
18822
7852
-4182
-15653
-25007
-30974
-32743
-30072
-23319
-13400
-1660
10308
20879
28612
32455
31881
26966
18377
7282
-4807
-16245
-25468
-31216
-32702
-29720
-22675
-12528
-664
11292
21705
29147
32596
31576
26225
17274
5950
-6193
-17489
-26383
-31650
-32564
-28995
-21433
-10917
1105
12978
23064
29968
32737
30984
24950
15465
3839
-8320
-19330
-27666
-32170
-32217
-27796
-19519
-8531
3643
15314
24860
30951
32739
29972
23032
12884
938
-11141
-21669
-29176
-32613
-31498
-25982
-16835
-5332
6918
18204
26944
31912
32410
28366
20343
9465
-2743
-14569
-24351
-30713
-32759
-30198
-23387
-13283
-1306
10856
21492
29100
32604
31507
25962
16748
5166
-7147
-18454
-27152
-32008
-32332
-28076
-19840
-8789
3510
15314
24947
31038
32720
29752
22551
12140
0
-12143
-22559
-29762
-32723
-31017
-24884
-15198
-3339
8998
20053
28242
32393
31908
26854
17952
6476
-5930
-17489
-26541
-31785
-32465
-28481
-20402
-9388
2978
14918
24714
30951
32730
29790
22554
12062
-172
-12385
-22811
-29942
-32746
-30813
-24421
-14492
-2462
9926
20879
28806
32556
31581
26021
16679
4912
-7571
-18956
-27585
-32200
-32127
-27374
-18630
-7167
5342
17076
26318
31719
32485
28504
20353
9222
-3259
-15267
-25041
-31147
-32687
-29434
-21861
-11077
1334
13553
23783
30517
32764
30189
23169
12736
423
-11953
-22570
-29860
-32743
-30792
-24293
-14202
-2009
10483
21426
29201
32652
31267
25247
15482
3419
-9153
-20369
-28563
-32514
-31633
-26047
-16586
-4654
7973
19415
27967
32350
31910
26709
17520
5712
-6950
-18577
-27428
-32179
-32116
-27244
-18292
-6597
6088
17864
26962
32015
32263
27666
18910
7310
-5391
-17284
-26579
-31872
-32366
-27983
-19380
-7852
4862
16845
26287
31760
32433
28203
19707
8226
-4501
-16550
-26094
-31684
-32472
-28334
-19895
-8434
4310
16402
26003
31651
32486
28377
19946
8475
-4288
-16402
-26016
-31662
-32478
-28334
-19861
-8351
4437
16550
26133
31717
32445
28203
19638
8060
-4756
-16845
-26351
-31812
-32386
-27983
-19276
-7602
5243
17284
26666
31941
32293
27666
18769
6975
-5898
-17864
-27071
-32095
-32157
-27244
-18113
-6176
6719
18577
27557
32265
31968
26709
17302
5205
-7702
-19415
-28111
-32434
-31710
-26047
-16326
-4058
8843
20369
28719
32588
31368
25247
15179
2736
-10137
-21426
-29364
-32705
-30922
-24293
-13853
-1238
11573
22570
30025
32764
30353
23169
12339
-434
-13142
-23783
-30678
-32739
-29638
-21861
-10632
2276
14829
25041
31296
32604
28754
20353
8727
-4282
-16616
-26318
-31849
-32328
-27676
-18630
-6622
6439
18480
27585
32302
31880
26381
16679
4318
-8734
-20396
-28806
-32620
-31227
-24845
-14492
-1820
11144
22329
29942
32763
30335
23047
12062
-859
-13645
-24243
-30951
-32688
-29173
-20967
-9388
3703
16202
26094
31785
32354
27709
18593
6476
-6688
-18775
-27832
-32393
-31718
-25913
-15915
-3339
9779
21317
29402
32723
30737
23764
12933
0
-12935
-23772
-30745
-32720
-29372
-21243
-9654
3510
16105
26077
31798
32332
27590
18342
6096
-7147
-19226
-28162
-32493
-31507
-25362
-15061
-2291
10856
22227
29953
32765
30198
22670
11416
-1716
-14569
-25028
-31370
-32548
-28366
-19509
-7435
5867
18204
27539
32330
31782
25982
15887
3163
-10086
-21669
-29667
-32753
-30413
-23032
-11831
1334
14281
24860
31312
32563
28403
19519
7387
-5976
-18347
-27666
-32377
-31693
-25725
-15465
-2622
10659
22164
29968
32766
30086
22374
10917
-2369
-15261
-25599
-31650
-32396
-27709
-18372
-5950
7473
19643
28516
32596
31195
24546
13765
664
-12550
-23653
-30771
-32702
-29116
-20616
-8634
4807
17440
27128
32230
31881
26137
15968
3092
-10308
-21966
-29901
-32766
-30072
-22272
-10689
2711
15653
25937
31812
32275
27244
17574
4908
-8595
-20637
-29162
-32712
-30681
-23411
-12140
1206
14349
25041
31451
32480
27948
18630
6117
-7445
-19735
-28641
-32634
-31026
-24089
-13013
301
13567
24501
31222
32570
28309
19172
6728
-6876
-19298
-28393
-32589
-31159
-24347
-13326
0
13328
24354
31166
32585
28360
19220
6748
-6896
-19347
-28443
-32604
-31103
-24198
-13087
301
13640
24608
31294
32533
28105
18778
6176
-7504
-19879
-28786
-32669
-30847
-23635
-12290
1206
14493
25247
31583
32389
27520
17828
5008
-8692
-20870
-29387
-32745
-30352
-22624
-10917
2711
15865
26229
31977
32094
26556
16335
3233
-10442
-22277
-30182
-32757
-29546
-21112
-8944
4807
17712
27483
32390
31559
25136
14256
845
-12717
-24026
-31070
-32598
-28334
-19032
-6345
7473
19964
28903
32697
30666
23169
11540
-2148
-15456
-26008
-31918
-32127
-26596
-16309
-3103
10659
22517
30346
32741
29270
20553
8148
-5719
-18563
-28078
-32552
-31179
-24202
-12874
771
14281
25223
31625
32332
27214
17189
4062
-9798
-21894
-30040
-32762
-29565
-21025
-8682
5233
18204
27882
32514
31257
24336
13002
-691
-14262
-25247
-31650
-32307
-27094
-16955
-3732
10171
22227
30239
32747
29289
20494
7961
-6025
-18915
-28356
-32621
-30929
-23586
-11931
1907
15400
26077
31982
32033
26215
15592
2109
-11762
-23479
-30889
-32629
-28377
-18910
-5966
8077
20637
29402
32756
30080
21861
9613
-4409
-17621
-27585
-32459
-31342
-24435
-13013
816
14497
25499
31785
32188
26631
16140
2656
-11322
-23203
-30782
-32650
-28456
-18976
-5969
8148
20755
29503
32763
29925
21514
9095
-5021
-18204
-27995
-32564
-31058
-23753
-12011
1977
15598
26305
32095
31880
25698
14703
952
-12978
-24480
-31393
-32418
-27360
-17165
-3744
10381
22559
30497
32702
28754
19394
6380
-7836
-20580
-29446
-32762
-29899
-21393
-8847
5370
18577
28275
32630
30814
23169
11138
-3003
-16579
-27016
-32334
-31523
-24733
-13249
751
14612
25700
31906
32048
26096
15179
1372
-12698
-24354
-31371
-32412
-27273
-16932
-3359
10856
23003
30758
32638
28280
18514
5205
-9101
-21669
-30089
-32747
-29131
-19930
-6905
7445
20371
29387
32762
29844
21189
8460
-5898
-19125
-28673
-32702
-30433
-22301
-9868
4468
17946
27963
32585
30916
23274
11134
-3159
-16845
-27275
-32428
-31305
-24119
-12260
1977
15833
26622
32247
31615
24845
13249
-923
-14918
-26016
-32055
-31858
-25461
-14105
0
14107
25468
31864
32046
25975
14832
792
-13405
-24986
-31684
-32188
-26395
-15435
-1452
12817
24578
31525
32292
26727
15917
1981
-12345
-24250
-31393
-32366
-26976
-16280
-2378
11993
24006
31293
32415
27148
16527
2644
-11762
-23850
-31230
-32442
-27244
-16660
-2779
11653
23783
31206
32451
27267
16679
2783
-11667
-23806
-31222
-32441
-27217
-16586
-2656
11803
23919
31277
32412
27094
16378
2398
-12062
-24120
-31370
-32361
-26894
-16056
-2009
12441
24407
31496
32285
26615
15616
1488
-12939
-24777
-31650
-32178
-26251
-15055
-836
13553
25223
31826
32033
25797
14372
52
-14280
-25739
-32015
-31841
-25247
-13561
863
15115
26318
32208
31592
24592
12618
-1908
-16052
-26950
-32393
-31276
-23823
-11540
3083
17085
27622
32556
30880
22932
10324
-4384
-18204
-28323
-32682
-30389
-21909
-8965
5807
19399
29038
32755
29790
20744
7461
-7347
-20658
-29748
-32757
-29067
-19428
-5811
8997
21966
30436
32669
28203
17952
4016
-10746
-23305
-31079
-32468
-27184
-16309
-2077
12583
24657
31656
32135
25992
14491
0
-14493
-25999
-32139
-31644
-24613
-12494
2208
16457
27304
32503
30975
23032
10317
-4537
-18454
-28547
-32719
-30103
-21238
-7961
6971
20458
29694
32757
29007
19220
5431
-9491
-22439
-30713
-32587
-27666
-16973
-2736
12073
24364
31568
32177
26060
14492
-108
-14689
-26197
-32222
-31498
-24174
-11781
3083
17304
27896
32634
30520
21996
8847
-6162
-19879
-29416
-32766
-29219
-19519
-5706
9311
22368
30711
32578
27570
16743
2378
-12491
-24723
-31732
-32033
-25558
-13674
1105
15653
26888
32428
31095
23169
10328
-4707
-18745
-28806
-32750
-29736
-20402
-6728
8378
21705
30414
32650
27932
17262
2911
-12062
-24465
-31651
-32083
-25665
-13765
1077
15692
26955
32455
31012
22932
9941
-5180
-19194
-29098
-32765
-29406
-19738
-5832
9326
22486
30817
32526
27244
16102
1495
-13436
-25478
-32035
-31693
-24521
-12062
2999
17416
28078
32680
30226
21243
7668
-7565
-21167
-30192
-32685
-28105
-17438
-2992
12103
24578
31727
31995
25321
13150
-1876
-16499
-27539
-32596
-30567
-21889
-8448
6833
20630
29936
32722
28377
17845
3419
-11753
-24364
-31659
-32040
-25423
-13249
1823
16499
27568
32607
30508
21729
8189
-7147
-20920
-30108
-32693
-28105
-17347
-2779
12401
24860
31856
31850
24838
12360
-2839
-17416
-28160
-32702
-30037
-20749
-6884
8501
22013
30668
32552
27244
15915
1066
-14020
-26008
-32243
-31342
-23500
-10451
4915
19194
29220
32766
29042
18871
4509
-10856
-23813
-31479
-32147
-25665
-13473
1720
16533
27666
32637
30335
21271
7461
-8015
-21705
-30552
-32578
-27327
-15968
-1038
14125
26133
32294
31228
23169
9920
-5554
-19786
-29584
-32748
-28565
-17970
-3339
12043
24723
31849
31816
24627
11897
-3511
-18132
-28673
-32755
-29458
-19519
-5177
10334
23516
31393
32182
25702
13414
-1907
-16800
-27896
-32682
-30072
-20653
-6555
9029
22570
30997
32395
26445
14492
-751
-15827
-27310
-32589
-30461
-21406
-7481
8148
21926
30713
32507
26894
15151
-48
-15238
-26955
-32522
-30664
-21804
-7961
7702
21608
30575
32549
27076
15403
202
-15047
-26852
-32503
-30703
-21861
-8002
7696
21629
30598
32538
27001
15255
0
-15257
-27007
-32541
-30582
-21579
-7602
8129
21989
30779
32468
26664
14703
-655
-15865
-27411
-32621
-30288
-20948
-6758
8997
22672
31098
32318
26047
13736
-1763
-16855
-28038
-32713
-29790
-19946
-5464
10289
23653
31516
32046
25116
12336
-3319
-18204
-28847
-32766
-29042
-18541
-3711
11987
24889
31977
31593
23823
10480
-5316
-19871
-29777
-32711
-27983
-16697
-1495
14059
26318
32404
30885
22114
8148
-7733
-21801
-30745
-32460
-26539
-14372
1180
16457
27860
32699
29832
19930
5325
-10537
-23916
-31650
-31910
-24631
-11530
4298
19113
29409
32747
28334
17210
2009
-13670
-26112
-32365
-30942
-22178
-8148
7817
21929
30833
32412
26285
13907
-1780
-17047
-28259
-32743
-29429
-19103
-4222
11667
24777
31977
31548
23586
9991
-5992
-20546
-30192
-32619
-27244
-15350
219
15739
27492
32660
30001
20149
5464
-10533
-24006
-31719
-31816
-24270
-10892
5106
19879
29873
32681
27625
15917
373
-15261
-27221
-32621
-30156
-20416
-5748
10308
23879
31684
31836
24293
10875
-5173
-19973
-29942
-32665
-27477
-15633
0
15636
27483
32666
29925
19920
5078
-10999
-24407
-31886
-31615
-23656
-9941
6193
20824
30386
32549
26782
14487
-1341
-16845
-28242
-32749
-29262
-18630
-3445
12583
25539
32252
31078
22301
8064
-8148
-22368
-31111
-32231
-25451
-12429
3643
18824
29387
32737
28047
16465
836
-15001
-27152
-32625
-30072
-20115
-5205
10989
24479
31937
31523
23335
9388
-6876
-21447
-30723
-32412
-26092
-13322
2743
18132
29038
32759
28371
16955
1338
-14612
-26944
-32596
-30164
-20247
-5304
10958
24501
31960
31477
23169
9099
-7236
-21774
-30894
-32323
-25702
-12676
3510
18824
29446
32724
27837
16000
166
-15711
-27666
-32707
-29572
-19041
-3744
12491
25602
32304
30916
21780
7184
-9215
-23305
-31551
-31880
-24205
-10451
5930
20824
30486
32483
26311
13518
-2679
-18204
-29147
-32749
-28098
-16364
-502
15488
27574
32702
29574
18976
3583
-12717
-25806
-32371
-30748
-21345
-6538
9926
23879
31785
31636
23467
9346
-7147
-21830
-30974
-32254
-25342
-11991
4409
19692
29968
32623
26976
14462
-1736
-17495
-28798
-32764
-28377
-16752
-852
15267
27492
32699
29554
18857
3339
-13034
-26077
-32450
-30520
-20777
-5712
10817
24578
32042
31291
22515
7961
-8637
-23021
-31496
-31881
-24075
-10079
6509
21426
30833
32307
25463
12062
-4448
-19815
-30076
-32585
-26689
-13907
2465
18204
29244
32732
27762
15616
-569
-16610
-28356
-32765
-28692
-17189
-1231
15047
27428
32699
29490
18630
2932
-13528
-26478
-32552
-30168
-19943
-4530
12062
25519
32337
30737
21133
6022
-10659
-24565
-32068
-31208
-22206
-7407
9326
23628
31760
31593
23169
8686
-8070
-22719
-31423
-31903
-24028
-9858
6896
21846
31070
32147
24790
10926
-5807
-21019
-30711
-32336
-25461
-11891
4807
20244
30356
32478
26047
12755
-3899
-19528
-30012
-32581
-26556
-13521
3083
18877
29687
32654
26991
14192
-2362
-18294
-29387
-32703
-27360
-14769
1736
17784
29119
32734
27666
15255
-1206
-17349
-28887
-32752
-27913
-15652
771
16993
28695
32761
28105
15962
-434
-16717
-28547
-32765
-28244
-16186
193
16523
28443
32766
28334
16326
-48
-16412
-28387
-32766
-28374
-16382
0
0
0
0
0
0
0
0
0
0
0
0
0
0
0
0
0
0
0
0
0
0
0
0
0
0
0
0
0
0
0
0
0
0
0
0
0
0
0
0
0
0
0
0
0
0
0
0
0
0
0
0
0
0
0
0
0
0
0
0
0
0
0
0
0
0
0
0
0
0
0
0
0
0
0
0
0
0
0
0
0
0
0
0
0
0
0
0
0
0
0
0
0
0
0
0
0
0
0
0
0
0
0
0
0
0
0
0
0
0
0
0
0
0
0
0
0
0
0
0
0
0
0
0
0
0
0
0
0
0
0
0
0
0
0
0
0
0
0
0
0
0
0
0
0
0
0
0
0
0
0
0
0
0
0
0
0
0
0
0
0
0
0
0
0
0
0
0
0
0
0
0
0
0
0
0
0
0
0
0
0
0
0
0
0
0
0
0
0
0
0
0
0
0
0
0
0
0
0
0
0
0
0
0
0
0
0
0
0
0
0
0
0
0
0
0
0
0
0
0
0
0
0
0
0
0
0
0
0
0
0
0
0
0
0
0
0
0
0
0
0
0
0
0
0
0
0
0
0
0
0
0
0
0
0
0
0
0
0
0
0
0
0
0
0
0
0
0
0
0
0
0
0
0
0
0
0
0
0
0
0
0
0
0
0
0
0
0
0
0
0
0
0
0
0
0
0
0
0
0
0
0
0
0
0
0
0
0
0
0
0
0
0
0
0
0
0
0
0
0
0
0
0
0
0
0
0
0
0
0
0
0
0
0
0
0
0
0
0
0
0
0
0
0
0
0
0
0
0
0
0
0
0
0
0
0
0
0
0
0
0
0
0
0
0
0
0
0
0
0
0
0
0
0
0
0
0
0
0
0
0
0
0
0
0
0
0
0
0
0
0
0
0
0
0
0
0
0
0
0
0
0
0
0
0
0
0
0
0
0
0
0
0
0
0
0
0
0
0
0
0
0
0
0
0
0
0
0
0
0
0
0
0
0
0
0
0
0
0
0
0
0
0
0
0
0
0
0
0
0
0
0
0
0
0
0
0
0
0
0
0
0
0
0
0
0
0
0
0
0
0
0
0
0
0
0
0
0
0
0
0
0
0
0
0
0
0
0
0
0
0
0
0
0
0
0
0
0
0
0
0
0
0
0
0
0
0
0
0
0
0
0
0
0
0
0
0
0
0
0
0
0
0
0
0
0
0
0
0
0
0
0
0
0
0
0
0
0
0
0
0
0
0
0
0
0
0
0
0
0
0
0
0
0
0
0
0
0
0
0
0
0
0
0
0
0
0
0
0
0
0
0
0
0
0
0
0
0
0
0
0
0
0
0
0
0
0
0
0
0
0
0
0
0
0
0
0
0
0
0
0
0
0
0
0
0
0
0
0
0
0
0
0
0
0
0
0
0
0
0
0
0
0
0
0
0
0
0
0
0
0
0
0
0
0
0
0
0
0
0
0
0
0
0
0
0
0
0
0
0
0
0
0
0
0
0
0
0
0
0
0
0
0
0
0
0
0
0
0
0
0
0
0
0
0
0
0
0
0
0
0
0
0
0
0
0
0
0
0
0
0
0
0
0
0
0
0
0
0
0
0
0
0
0
0
0
0
0
0
0
0
0
0
0
0
0
0
0
0
0
0
0
0
0
0
0
0
0
0
0
0
0
0
0
0
0
0
0
0
0
0
0
0
0
0
0
0
0
0
0
0
0
0
0
0
0
0
0
0
0
0
0
0
0
0
0
0
0
0
0
0
0
0
0
0
0
0
0
0
0
0
0
0
0
0
0
0
0
0
0
0
0
0
0
0
0
0
0
0
0
0
0
0
0
0
0
0
0
0
0
0
0
0
0
0
0
0
0
0
0
0
0
0
0
0
0
0
0
0
0
0
0
0
0
0
0
0
0
0
0
0
0
0
0
0
0
0
0
0
0
0
0
0
0
0
0
0
0
0
0
0
0
0
0
0
0
0
0
0
0
0
0
0
0
0
0
0
0
0
0
0
0
0
0
0
0
0
0
0
0
0
0
0
0
0
0
0
0
0
0
0
0
0
0
0
0
0
0
0
0
0
0
0
0
0
0
0
0
0
0
0
0
0
0
0
0
0
0
0
0
0
0
0
0
0
0
0
0
0
0
0
0
0
0
0
0
0
0
0
0
0
0
0
0
0
0
0
0
0
0
8191
7767
6532
4592
2124
-638
-3417
-5910
-7821
-8896
-8958
-7938
-5902
-3049
294
3715
6762
9010
10123
9911
8368
5676
2195
-1596
-5163
-7998
-9698
-10032
-8971
-6697
-3572
-77
3265
5977
7695
8229
7580
5937
3626
1054
-1365
-3287
-4485
-4878
-4534
-3641
-2455
-1244
-235
435
735
734
575
432
461
752
1306
2029
2746
3242
3316
2826
1736
136
-1763
-3662
-5222
-6132
-6167
-5245
-3446
-1009
1699
4253
6233
7305
7280
6150
4095
1446
-1365
-3888
-5726
-6610
-6437
-5288
-3407
-1151
1080
2914
4074
4424
3987
2930
1522
79
-1104
-1813
-1950
-1549
-763
174
1005
1503
1521
1029
114
-1031
-2155
-2995
-3339
-3067
-2180
-803
836
2455
3764
4525
4598
3964
2730
1103
-646
-2240
-3441
-4092
-4144
-3652
-2759
-1655
-539
425
1142
1587
1808
1900
1964
2077
2261
2469
2593
2488
2015
1081
-313
-2061
-3938
-5638
-6817
-7163
-6463
-4662
-1893
1516
5089
8261
10478
11292
10452
7961
4095
-621
-5496
-9772
-12750
-13912
-13011
-10125
-5653
-254
5246
9999
13260
14520
13587
10614
6083
714
-4643
-9160
-12154
-13202
-12202
-9383
-5258
-529
4032
7713
9978
10545
9425
6902
3474
-241
-3620
-6135
-7436
-7404
-6153
-3992
-1365
1241
3384
4734
5130
4588
3291
1536
-325
-1955
-3085
-3565
-3372
-2607
-1461
-174
1017
1920
2418
2479
2155
1557
826
101
-510
-944
-1189
-1275
-1255
-1186
-1108
-1033
-941
-789
-529
-125
426
1086
1771
2363
2730
2758
2375
1574
425
-927
-2285
-3427
-4146
-4292
-3798
-2706
-1155
626
2365
3785
4655
4829
4275
3081
1442
-374
-2074
-3387
-4112
-4153
-3534
-2391
-949
523
1767
2570
2813
2490
1700
632
-474
-1379
-1886
-1883
-1365
-435
711
1827
2661
3001
2726
1828
421
-1272
-2962
-4336
-5115
-5109
-4249
-2612
-409
2039
4357
6169
7161
7139
6056
4033
1338
-1650
-4500
-6789
-8171
-8430
-7514
-5543
-2792
349
3438
6041
7797
8474
7996
6457
4095
1262
-1636
-4202
-6101
-7105
-7129
-6228
-4585
-2475
-218
1869
3527
4577
4950
4679
3888
2758
1493
281
-730
-1462
-1897
-2075
-2072
-1975
-1858
-1758
-1673
-1558
-1346
-967
-373
436
1407
2424
3328
3942
4106
3711
2730
1237
-596
-2518
-4234
-5453
-5940
-5565
-4327
-2373
27
2512
4688
6193
6764
6279
4790
2518
-180
-2866
-5096
-6492
-6810
-5989
-4157
-1620
1192
3798
5746
6693
6469
5104
2828
33
-2795
-5159
-6640
-6968
-6071
-4093
-1365
1647
4425
6489
7477
7210
5725
3266
242
-2841
-5470
-7211
-7781
-7097
-5284
-2654
348
3232
5533
6897
7137
6256
4443
2033
-554
-2891
-4614
-5482
-5413
-4490
-2937
-1071
756
2231
3123
3329
2880
1933
728
-456
-1365
-1812
-1718
-1118
-160
931
1901
2513
2597
2086
1029
-410
-1987
-3413
-4411
-4762
-4351
-3186
-1403
749
2953
4868
6184
6671
6219
4856
2746
168
-2524
-4955
-6778
-7726
-7653
-6552
-4557
-1930
982
3791
6120
7655
8191
7655
6120
3791
982
-1930
-4557
-6552
-7653
-7726
-6778
-4955
-2524
168
2746
4856
6219
6671
6184
4868
2953
749
-1403
-3186
-4351
-4762
-4411
-3413
-1987
-410
1029
2086
2597
2513
1901
931
-160
-1118
-1718
-1812
-1365
-456
728
1933
2880
3329
3123
2231
756
-1071
-2937
-4490
-5413
-5482
-4614
-2891
-554
2033
4443
6256
7137
6897
5533
3232
348
-2654
-5284
-7097
-7781
-7211
-5470
-2841
242
3266
5725
7210
7477
6489
4425
1647
-1365
-4093
-6071
-6968
-6640
-5159
-2795
33
2828
5104
6469
6693
5746
3798
1192
-1620
-4157
-5989
-6810
-6492
-5096
-2866
-180
2518
4790
6279
6764
6193
4688
2512
27
-2373
-4327
-5565
-5940
-5453
-4234
-2518
-596
1237
2730
3711
4106
3942
3328
2424
1407
436
-373
-967
-1346
-1558
-1673
-1758
-1858
-1975
-2072
-2075
-1897
-1462
-730
281
1493
2758
3888
4679
4950
4577
3527
1869
-218
-2475
-4585
-6228
-7129
-7105
-6101
-4202
-1636
1262
4095
6457
7996
8474
7797
6041
3438
349
-2792
-5543
-7514
-8430
-8171
-6789
-4500
-1650
1338
4033
6056
7139
7161
6169
4357
2039
-409
-2612
-4249
-5109
-5115
-4336
-2962
-1272
421
1828
2726
3001
2661
1827
711
-435
-1365
-1883
-1886
-1379
-474
632
1700
2490
2813
2570
1767
523
-949
-2391
-3534
-4153
-4112
-3387
-2074
-374
1442
3081
4275
4829
4655
3785
2365
626
-1155
-2706
-3798
-4292
-4146
-3427
-2285
-927
425
1574
2375
2758
2730
2363
1771
1086
426
-125
-529
-789
-941
-1033
-1108
-1186
-1255
-1275
-1189
-944
-510
101
826
1557
2155
2479
2418
1920
1017
-174
-1461
-2607
-3372
-3565
-3085
-1955
-325
1536
3291
4588
5130
4734
3384
1241
-1365
-3992
-6153
-7404
-7436
-6135
-3620
-241
3474
6902
9425
10545
9978
7713
4032
-529
-5258
-9383
-12202
-13202
-12154
-9160
-4643
714
6083
10614
13587
14520
13260
9999
5246
-254
-5653
-10125
-13011
-13912
-12750
-9772
-5496
-621
4095
7961
10452
11292
10478
8261
5089
1516
-1893
-4662
-6463
-7163
-6817
-5638
-3938
-2061
-313
1081
2015
2488
2593
2469
2261
2077
1964
1900
1808
1587
1142
425
-539
-1655
-2759
-3652
-4144
-4092
-3441
-2240
-646
1103
2730
3964
4598
4525
3764
2455
836
-803
-2180
-3067
-3339
-2995
-2155
-1031
114
1029
1521
1503
1005
174
-763
-1549
-1950
-1813
-1104
79
1522
2930
3987
4424
4074
2914
1080
-1151
-3407
-5288
-6437
-6610
-5726
-3888
-1365
1446
4095
6150
7280
7305
6233
4253
1699
-1009
-3446
-5245
-6167
-6132
-5222
-3662
-1763
136
1736
2826
3316
3242
2746
2029
1306
752
461
432
575
734
735
435
-235
-1244
-2455
-3641
-4534
-4878
-4485
-3287
-1365
1054
3626
5937
7580
8229
7695
5977
3265
-77
-3572
-6697
-8971
-10032
-9698
-7998
-5163
-1596
2195
5676
8368
9911
10123
9010
6762
3715
294
-3049
-5902
-7938
-8958
-8896
-7821
-5910
-3417
-638
2124
4592
6532
7767
0
0
0
0
0
0
0
0
0
0
0
0
0
0
0
0
0
0
0
0
0
0
0
0
0
0
0
0
0
0
0
0
0
0
0
0
0
0
0
0
0
0
0
0
0
0
0
0
0
0
0
0
0
0
0
0
0
0
0
0
0
0
0
0
0
0
0
0
164
611
1208
1769
2094
2020
1455
415
-979
-2513
-3912
-4896
-5229
-4770
-3508
-1571
789
3231
5375
6871
7456
6996
5520
3210
381
-2570
-5223
-7202
-8226
-8156
-7009
-4952
-2277
651
3447
5755
7302
7924
7585
6367
4454
2097
-417
-2808
-4829
-6284
-7051
-7076
-6377
-5034
-3181
-992
1327
3556
5470
6863
7562
7456
6508
4773
2405
-353
-3192
-5762
-7723
-8790
-8778
-7638
-5474
-2538
796
4086
6875
8765
9478
8901
7108
4354
1035
-2364
-5352
-7501
-8516
-8281
-6872
-4549
-1703
1204
3723
5481
6252
5982
4797
2970
871
-1104
-2608
-3399
-3387
-2643
-1382
83
1406
2274
2474
1933
743
-862
-2546
-3931
-4676
-4545
-3458
-1516
1002
3691
6074
7695
8196
7391
5306
2186
-1532
-5286
-8476
-10561
-11153
-10084
-7444
-3576
974
5537
9418
12013
12901
11915
9171
5056
168
-4769
-9025
-11964
-13154
-12425
-9899
-5968
-1232
3591
7786
10740
12041
11537
9354
5871
1656
-2629
-6331
-8911
-10021
-9557
-7664
-4706
-1201
2271
5164
7049
7682
7036
5293
2810
45
-2520
-4467
-5503
-5509
-4550
-2857
-775
1301
3002
4043
4276
3708
2491
888
-783
-2208
-3137
-3428
-3069
-2171
-943
354
1465
2187
2408
2130
1458
577
-292
-945
-1233
-1104
-606
115
856
1395
1549
1216
405
-756
-2042
-3167
-3848
-3858
-3089
-1574
492
2791
4921
6470
7094
6588
4928
2294
-947
-4305
-7229
-9214
-9882
-9054
-6789
-3383
673
4769
8271
10625
11452
10603
8191
4574
292
-4013
-7705
-10247
-11289
-10715
-8655
-5457
-1623
2271
5672
8126
9347
9247
7933
5680
2871
-67
-2736
-4814
-6102
-6531
-6158
-5135
-3672
-1998
-322
1185
2415
3306
3841
4031
3899
3474
2782
1858
750
-470
-1706
-2831
-3707
-4201
-4209
-3685
-2655
-1225
421
2055
3428
4315
4562
4111
3018
1451
-336
-2046
-3386
-4125
-4133
-3409
-2086
-403
1329
2793
3714
3919
3365
2152
503
-1272
-2843
-3906
-4255
-3812
-2644
-954
956
2747
4095
4758
4615
3688
2140
239
-1688
-3319
-4389
-4737
-4335
-3282
-1783
-107
1462
2682
3390
3524
3133
2348
1357
360
-471
-1028
-1277
-1259
-1072
-839
-674
-654
-794
-1047
-1313
-1466
-1386
-994
-279
691
1779
2794
3530
3810
3523
2654
1292
-376
-2099
-3597
-4619
-4984
-4618
-3569
-1998
-152
1677
3207
4213
4564
4243
3346
2058
613
-744
-1815
-2469
-2668
-2461
-1969
-1347
-751
-301
-54
-1
-71
-153
-135
69
491
1092
1767
2364
2720
2694
2210
1275
-6
-1449
-2816
-3861
-4376
-4238
-3432
-2066
-351
1435
2995
4069
4481
4175
3225
1818
219
-1278
-2415
-3011
-2999
-2439
-1496
-408
567
1213
1395
1093
404
-475
-1298
-1819
-1853
-1323
-281
1092
2521
3687
4296
4143
3164
1457
-723
-3009
-4980
-6249
-6532
-5713
-3875
-1292
1615
4349
6427
7471
7278
5863
3462
488
-2538
-5086
-6711
-7135
-6302
-4384
-1751
1098
3633
5389
6054
5528
3940
1623
-955
-3279
-4887
-5461
-4887
-3279
-955
1623
3940
5528
6054
5389
3633
1098
-1751
-4384
-6302
-7135
-6711
-5086
-2538
488
3462
5863
7278
7471
6427
4349
1615
-1292
-3875
-5713
-6532
-6249
-4980
-3009
-723
1457
3164
4143
4296
3687
2521
1092
-281
-1323
-1853
-1819
-1298
-475
404
1093
1395
1213
567
-408
-1496
-2439
-2999
-3011
-2415
-1278
219
1818
3225
4175
4481
4069
2995
1435
-351
-2066
-3432
-4238
-4376
-3861
-2816
-1449
-6
1275
2210
2694
2720
2364
1767
1092
491
69
-135
-153
-71
-1
-54
-301
-751
-1347
-1969
-2461
-2668
-2469
-1815
-744
613
2058
3346
4243
4564
4213
3207
1677
-152
-1998
-3569
-4618
-4984
-4619
-3597
-2099
-376
1292
2654
3523
3810
3530
2794
1779
691
-279
-994
-1386
-1466
-1313
-1047
-794
-654
-674
-839
-1072
-1259
-1277
-1028
-471
360
1357
2348
3133
3524
3390
2682
1462
-107
-1783
-3282
-4335
-4737
-4389
-3319
-1688
239
2140
3688
4615
4758
4095
2747
956
-954
-2644
-3812
-4255
-3906
-2843
-1272
503
2152
3365
3919
3714
2793
1329
-403
-2086
-3409
-4133
-4125
-3386
-2046
-336
1451
3018
4111
4562
4315
3428
2055
421
-1225
-2655
-3685
-4209
-4201
-3707
-2831
-1706
-470
750
1858
2782
3474
3899
4031
3841
3306
2415
1185
-322
-1998
-3672
-5135
-6158
-6531
-6102
-4814
-2736
-67
2871
5680
7933
9247
9347
8126
5672
2271
-1623
-5457
-8655
-10715
-11289
-10247
-7705
-4013
292
4574
8191
10603
11452
10625
8271
4769
673
-3383
-6789
-9054
-9882
-9214
-7229
-4305
-947
2294
4928
6588
7094
6470
4921
2791
492
-1574
-3089
-3858
-3848
-3167
-2042
-756
405
1216
1549
1395
856
115
-606
-1104
-1233
-945
-292
577
1458
2130
2408
2187
1465
354
-943
-2171
-3069
-3428
-3137
-2208
-783
888
2491
3708
4276
4043
3002
1301
-775
-2857
-4550
-5509
-5503
-4467
-2520
45
2810
5293
7036
7682
7049
5164
2271
-1201
-4706
-7664
-9557
-10021
-8911
-6331
-2629
1656
5871
9354
11537
12041
10740
7786
3591
-1232
-5968
-9899
-12425
-13154
-11964
-9025
-4769
168
5056
9171
11915
12901
12013
9418
5537
974
-3576
-7444
-10084
-11153
-10561
-8476
-5286
-1532
2186
5306
7391
8196
7695
6074
3691
1002
-1516
-3458
-4545
-4676
-3931
-2546
-862
743
1933
2474
2274
1406
83
-1382
-2643
-3387
-3399
-2608
-1104
871
2970
4797
5982
6252
5481
3723
1204
-1703
-4549
-6872
-8281
-8516
-7501
-5352
-2364
1035
4354
7108
8901
9478
8765
6875
4086
796
-2538
-5474
-7638
-8778
-8790
-7723
-5762
-3192
-353
2405
4773
6508
7456
7562
6863
5470
3556
1327
-992
-3181
-5034
-6377
-7076
-7051
-6284
-4829
-2808
-417
2097
4454
6367
7585
7924
7302
5755
3447
651
-2277
-4952
-7009
-8156
-8226
-7202
-5223
-2570
381
3210
5520
6996
7456
6871
5375
3231
789
-1571
-3508
-4770
-5229
-4896
-3912
-2513
-979
415
1455
2020
2094
1769
1208
611
164
0
0
0
0
0
0
0
0
0
0
0
0
0
0
0
0
0
0
0
0
0
0
0
0
0
0
0
0
0
0
0
0
0
0
0
0
0
0
0
0
0
0
0
0
0
0
0
0
0
0
0
0
0
0
0
0
0
0
0
0
0
0
0
0
0
0
0
2730
2632
2337
1837
1136
253
-758
-1812
-2786
-3539
-3929
-3845
-3230
-2103
-570
1182
2913
4354
5260
5448
4839
3476
1524
-742
-2990
-4870
-6078
-6406
-5782
-4282
-2120
380
2840
4885
6206
6607
6035
4590
2502
94
-2271
-4251
-5572
-6069
-5707
-4579
-2880
-876
1144
2912
4214
4917
4981
4446
3424
2068
554
-948
-2289
-3350
-4047
-4329
-4178
-3606
-2654
-1393
72
1609
3060
4251
5019
5225
4789
3706
2061
29
-2137
-4142
-5687
-6515
-6460
-5480
-3674
-1275
1379
3897
5891
7044
7165
6222
4354
1849
-899
-3460
-5433
-6517
-6565
-5602
-3821
-1548
819
2882
4312
4908
4627
3588
2041
319
-1230
-2316
-2757
-2512
-1689
-517
705
1670
2133
1958
1156
-119
-1599
-2949
-3843
-4028
-3383
-1948
71
2339
4446
5985
6628
6193
4680
2285
-632
-3609
-6154
-7832
-8344
-7581
-5639
-2812
464
3679
6336
8034
8528
7771
5911
3263
254
-2655
-5043
-6592
-7132
-6660
-5324
-3390
-1188
947
2730
3963
4556
4527
3982
3079
1999
901
-90
-907
-1529
-1971
-2263
-2433
-2490
-2421
-2193
-1770
-1131
-287
704
1742
2685
3379
3683
3501
2806
1657
196
-1367
-2791
-3837
-4318
-4131
-3284
-1896
-184
1571
3078
4076
4388
3952
2833
1218
-620
-2366
-3715
-4429
-4373
-3547
-2080
-213
1745
3464
4650
5096
4711
3541
1755
-375
-2525
-4361
-5598
-6036
-5595
-4322
-2384
-45
2374
4540
6150
6975
6888
5881
4064
1655
-1047
-3703
-5969
-7540
-8191
-7807
-6400
-4113
-1209
1955
4978
7452
9028
9459
8643
6645
3696
169
-3463
-6699
-9073
-10227
-9971
-8316
-5480
-1862
2016
5583
8309
9789
9808
8378
5739
2320
-1327
-4622
-7049
-8243
-8054
-6567
-4084
-1077
1907
4339
5802
6066
5133
3226
754
-1771
-3832
-5005
-5039
-3912
-1834
787
3426
5531
6641
6468
4964
2337
-978
-4400
-7296
-9103
-9432
-8144
-5388
-1573
2687
6687
9747
11331
11147
9196
5776
1433
-3134
-7194
-10101
-11410
-10948
-8836
-5461
-1407
2651
6070
8341
9175
8538
6650
3927
900
-1891
-3992
-5115
-5179
-4312
-2811
-1074
488
1540
1883
1495
528
-728
-1913
-2676
-2754
-2030
-570
1390
3483
5282
6381
6479
5447
3359
487
-2735
-5791
-8161
-9424
-9322
-7819
-5100
-1554
2297
5881
8663
10237
10381
9097
6593
3256
-422
-3923
-6778
-8636
-9309
-8785
-7217
-4883
-2136
653
3154
5111
6366
6867
6650
5821
4522
2912
1143
-646
-2336
-3822
-5002
-5785
-6085
-5835
-5003
-3607
-1731
467
2766
4894
6568
7530
7595
6687
4864
2322
-624
-3580
-6126
-7884
-8579
-8086
-6454
-3908
-814
2371
5178
7188
8111
7824
6396
4071
1230
-1672
-4185
-5933
-6676
-6342
-5041
-3032
-683
1602
3450
4580
4849
4270
3003
1319
-452
-1986
-3017
-3389
-3076
-2180
-910
464
1667
2466
2716
2388
1564
423
-795
-1846
-2517
-2676
-2295
-1451
-312
896
1937
2606
2774
2407
1578
445
-770
-1835
-2545
-2764
-2451
-1668
-566
641
1721
2465
2730
2465
1721
641
-566
-1668
-2451
-2764
-2545
-1835
-770
445
1578
2407
2774
2606
1937
896
-312
-1451
-2295
-2676
-2517
-1846
-795
423
1564
2388
2716
2466
1667
464
-910
-2180
-3076
-3389
-3017
-1986
-452
1319
3003
4270
4849
4580
3450
1602
-683
-3032
-5041
-6342
-6676
-5933
-4185
-1672
1230
4071
6396
7824
8111
7188
5178
2371
-814
-3908
-6454
-8086
-8579
-7884
-6126
-3580
-624
2322
4864
6687
7595
7530
6568
4894
2766
467
-1731
-3607
-5003
-5835
-6085
-5785
-5002
-3822
-2336
-646
1143
2912
4522
5821
6650
6867
6366
5111
3154
653
-2136
-4883
-7217
-8785
-9309
-8636
-6778
-3923
-422
3256
6593
9097
10381
10237
8663
5881
2297
-1554
-5100
-7819
-9322
-9424
-8161
-5791
-2735
487
3359
5447
6479
6381
5282
3483
1390
-570
-2030
-2754
-2676
-1913
-728
528
1495
1883
1540
488
-1074
-2811
-4312
-5179
-5115
-3992
-1891
900
3927
6650
8538
9175
8341
6070
2651
-1407
-5461
-8836
-10948
-11410
-10101
-7194
-3134
1433
5776
9196
11147
11331
9747
6687
2687
-1573
-5388
-8144
-9432
-9103
-7296
-4400
-978
2337
4964
6468
6641
5531
3426
787
-1834
-3912
-5039
-5005
-3832
-1771
754
3226
5133
6066
5802
4339
1907
-1077
-4084
-6567
-8054
-8243
-7049
-4622
-1327
2320
5739
8378
9808
9789
8309
5583
2016
-1862
-5480
-8316
-9971
-10227
-9073
-6699
-3463
169
3696
6645
8643
9459
9028
7452
4978
1955
-1209
-4113
-6400
-7807
-8191
-7540
-5969
-3703
-1047
1655
4064
5881
6888
6975
6150
4540
2374
-45
-2384
-4322
-5595
-6036
-5598
-4361
-2525
-375
1755
3541
4711
5096
4650
3464
1745
-213
-2080
-3547
-4373
-4429
-3715
-2366
-620
1218
2833
3952
4388
4076
3078
1571
-184
-1896
-3284
-4131
-4318
-3837
-2791
-1367
196
1657
2806
3501
3683
3379
2685
1742
704
-287
-1131
-1770
-2193
-2421
-2490
-2433
-2263
-1971
-1529
-907
-90
901
1999
3079
3982
4527
4556
3963
2730
947
-1188
-3390
-5324
-6660
-7132
-6592
-5043
-2655
254
3263
5911
7771
8528
8034
6336
3679
464
-2812
-5639
-7581
-8344
-7832
-6154
-3609
-632
2285
4680
6193
6628
5985
4446
2339
71
-1948
-3383
-4028
-3843
-2949
-1599
-119
1156
1958
2133
1670
705
-517
-1689
-2512
-2757
-2316
-1230
319
2041
3588
4627
4908
4312
2882
819
-1548
-3821
-5602
-6565
-6517
-5433
-3460
-899
1849
4354
6222
7165
7044
5891
3897
1379
-1275
-3674
-5480
-6460
-6515
-5687
-4142
-2137
29
2061
3706
4789
5225
5019
4251
3060
1609
72
-1393
-2654
-3606
-4178
-4329
-4047
-3350
-2289
-948
554
2068
3424
4446
4981
4917
4214
2912
1144
-876
-2880
-4579
-5707
-6069
-5572
-4251
-2271
94
2502
4590
6035
6607
6206
4885
2840
380
-2120
-4282
-5782
-6406
-6078
-4870
-2990
-742
1524
3476
4839
5448
5260
4354
2913
1182
-570
-2103
-3230
-3845
-3929
-3539
-2786
-1812
-758
253
1136
1837
2337
2632
0
0
0
0
0
0
0
0
0
0
0
0
0
0
0
0
0
0
0
0
0
0
0
0
0
0
0
0
0
0
0
0
0
0
0
0
0
0
0
0
0
0
0
0
0
0
0
0
0
0
0
0
0
0
0
0
0
0
0
0
0
0
0
0
0
0
0
2730
2659
2434
2030
1419
591
-428
-1566
-2702
-3674
-4312
-4459
-4017
-2967
-1389
537
2554
4360
5664
6226
5914
4726
2799
397
-2132
-4410
-6087
-6902
-6728
-5591
-3666
-1249
1292
3582
5294
6205
6223
5398
3904
2005
0
-1823
-3238
-4104
-4385
-4137
-3485
-2587
-1600
-650
188
892
1480
1990
2452
2869
3203
3375
3284
2832
1957
662
-963
-2744
-4434
-5753
-6436
-6284
-5212
-3281
-698
2196
4984
7227
8544
8679
7551
5277
2160
-1350
-4729
-7462
-9126
-9462
-8418
-6159
-3040
453
3785
6456
8085
8467
7600
5682
3066
196
-2469
-4539
-5743
-5977
-5306
-3936
-2175
-363
1190
2259
2736
2641
2104
1331
549
-39
-303
-207
185
731
1239
1521
1433
913
0
-1171
-2389
-3409
-4000
-3993
-3316
-2018
-264
1687
3528
4952
5705
5635
4719
3067
911
-1432
-3615
-5307
-6251
-6305
-5459
-3837
-1679
700
2958
4774
5895
6176
5592
4243
2333
140
-2023
-3858
-5116
-5634
-5356
-4336
-2730
-772
1257
3071
4416
5103
5040
4241
2825
1002
-957
-2760
-4133
-4865
-4839
-4053
-2622
-768
1218
3020
4341
4957
4756
3758
2118
99
-1961
-3714
-4853
-5172
-4600
-3223
-1265
937
3004
4565
5337
5170
4080
2250
0
-2269
-4146
-5282
-5461
-4638
-2951
-704
1694
3797
5207
5648
5023
3431
1157
-1378
-3701
-5362
-6031
-5558
-4005
-1639
1111
3735
5735
6715
6464
4994
2546
-450
-3457
-5921
-7376
-7535
-6339
-3980
-862
2466
5412
7444
8191
7511
5515
2555
-847
-4091
-6603
-7946
-7893
-6469
-3945
-785
2439
5152
6882
7342
6482
4491
1762
-1188
-3814
-5642
-6360
-5867
-4291
-1957
674
3099
4865
5653
5336
3997
1910
-514
-2814
-4559
-5429
-5278
-4151
-2272
0
2245
4059
5129
5288
4537
3043
1097
-943
-2724
-3958
-4475
-4244
-3372
-2067
-598
765
1809
2403
2526
2251
1725
1123
607
284
185
263
406
476
342
-73
-770
-1659
-2575
-3306
-3639
-3412
-2554
-1112
740
2730
4526
5795
6273
5810
4412
2249
-371
-3047
-5353
-6911
-7459
-6899
-5312
-2951
-193
2522
4776
6232
6699
6155
4750
2768
572
-1463
-3023
-3903
-4042
-3525
-2550
-1389
-319
433
741
599
121
-490
-990
-1155
-836
0
1252
2699
4037
4939
5124
4422
2818
471
-2297
-5059
-7338
-8703
-8842
-7631
-5161
-1742
2146
5921
8994
10863
11202
9914
7155
3313
-1052
-5296
-8789
-11015
-11654
-10628
-8111
-4500
-345
3731
7141
9411
10258
9619
7659
4729
1310
-2071
-4924
-6867
-7678
-7320
-5938
-3818
-1339
1093
3115
4452
4958
4632
3602
2096
402
-1184
-2407
-3088
-3147
-2611
-1604
-319
1013
2163
2936
3199
2902
2081
851
-608
-2086
-3359
-4231
-4552
-4244
-3312
-1842
0
1993
3883
5413
6355
6544
5900
4447
2312
-275
-3016
-5564
-7578
-8760
-8901
-7915
-5859
-2934
530
4117
7365
9834
11163
11125
9663
6907
3165
-1111
-5386
-9101
-11756
-12976
-12568
-10549
-7150
-2791
1977
6542
10310
12788
13652
12788
10310
6542
1977
-2791
-7150
-10549
-12568
-12976
-11756
-9101
-5386
-1111
3165
6907
9663
11125
11163
9834
7365
4117
530
-2934
-5859
-7915
-8901
-8760
-7578
-5564
-3016
-275
2312
4447
5900
6544
6355
5413
3883
1993
0
-1842
-3312
-4244
-4552
-4231
-3359
-2086
-608
851
2081
2902
3199
2936
2163
1013
-319
-1604
-2611
-3147
-3088
-2407
-1184
402
2096
3602
4632
4958
4452
3115
1093
-1339
-3818
-5938
-7320
-7678
-6867
-4924
-2071
1310
4729
7659
9619
10258
9411
7141
3731
-345
-4500
-8111
-10628
-11654
-11015
-8789
-5296
-1052
3313
7155
9914
11202
10863
8994
5921
2146
-1742
-5161
-7631
-8842
-8703
-7338
-5059
-2297
471
2818
4422
5124
4939
4037
2699
1252
0
-836
-1155
-990
-490
121
599
741
433
-319
-1389
-2550
-3525
-4042
-3903
-3023
-1463
572
2768
4750
6155
6699
6232
4776
2522
-193
-2951
-5312
-6899
-7459
-6911
-5353
-3047
-371
2249
4412
5810
6273
5795
4526
2730
740
-1112
-2554
-3412
-3639
-3306
-2575
-1659
-770
-73
342
476
406
263
185
284
607
1123
1725
2251
2526
2403
1809
765
-598
-2067
-3372
-4244
-4475
-3958
-2724
-943
1097
3043
4537
5288
5129
4059
2245
0
-2272
-4151
-5278
-5429
-4559
-2814
-514
1910
3997
5336
5653
4865
3099
674
-1957
-4291
-5867
-6360
-5642
-3814
-1188
1762
4491
6482
7342
6882
5152
2439
-785
-3945
-6469
-7893
-7946
-6603
-4091
-847
2555
5515
7511
8191
7444
5412
2466
-862
-3980
-6339
-7535
-7376
-5921
-3457
-450
2546
4994
6464
6715
5735
3735
1111
-1639
-4005
-5558
-6031
-5362
-3701
-1378
1157
3431
5023
5648
5207
3797
1694
-704
-2951
-4638
-5461
-5282
-4146
-2269
0
2250
4080
5170
5337
4565
3004
937
-1265
-3223
-4600
-5172
-4853
-3714
-1961
99
2118
3758
4756
4957
4341
3020
1218
-768
-2622
-4053
-4839
-4865
-4133
-2760
-957
1002
2825
4241
5040
5103
4416
3071
1257
-772
-2730
-4336
-5356
-5634
-5116
-3858
-2023
140
2333
4243
5592
6176
5895
4774
2958
700
-1679
-3837
-5459
-6305
-6251
-5307
-3615
-1432
911
3067
4719
5635
5705
4952
3528
1687
-264
-2018
-3316
-3993
-4000
-3409
-2389
-1171
0
913
1433
1521
1239
731
185
-207
-303
-39
549
1331
2104
2641
2736
2259
1190
-363
-2175
-3936
-5306
-5977
-5743
-4539
-2469
196
3066
5682
7600
8467
8085
6456
3785
453
-3040
-6159
-8418
-9462
-9126
-7462
-4729
-1350
2160
5277
7551
8679
8544
7227
4984
2196
-698
-3281
-5212
-6284
-6436
-5753
-4434
-2744
-963
662
1957
2832
3284
3375
3203
2869
2452
1990
1480
892
188
-650
-1600
-2587
-3485
-4137
-4385
-4104
-3238
-1823
0
2005
3904
5398
6223
6205
5294
3582
1292
-1249
-3666
-5591
-6728
-6902
-6087
-4410
-2132
397
2799
4726
5914
6226
5664
4360
2554
537
-1389
-2967
-4017
-4459
-4312
-3674
-2702
-1566
-428
591
1419
2030
2434
2659
0
0
0
0
0
0
0
0
0
0
0
0
0
0
0
0
0
0
0
0
0
0
0
0
0
0
0
0
0
0
0
0
0
0
0
0
0
0
0
0
0
0
0
0
0
0
0
0
0
0
0
0
0
0
0
0
0
0
0
0
0
0
0
0
0
0
0
