0
4278
8485
12550
16402
19973
23203
26035
28419
30314
31684
32507
32766
32456
31581
30156
28203
25758
22860
19561
15917
11991
7852
3573
-771
-5106
-9352
-13436
-17284
-20829
-24006
-26759
-29038
-30801
-32015
-32660
-32720
-32196
-31094
-29434
-27244
-24563
-21439
-17925
-14087
-9991
-5712
-1327
3083
7441
11667
15683
19415
22796
25762
28259
30239
31667
32514
32764
32412
31462
29931
27847
25247
22178
18696
14865
10755
6443
2009
-2465
-6896
-11201
-15299
-19113
-22570
-25606
-28162
-30190
-31650
-32514
-32764
-32394
-31411
-29832
-27686
-25012
-21861
-18292
-14372
-10175
-5781
-1274
3259
7733
12062
16161
19951
23359
26318
28771
30668
31973
32659
32711
32127
30919
29107
26727
23823
20452
16679
12577
8226
3711
-879
-5455
-9926
-14204
-18204
-21846
-25058
-27775
-29942
-31516
-32464
-32766
-32415
-31417
-29790
-27567
-24790
-21514
-17805
-13736
-9388
-4849
-209
4437
8997
13377
17489
21248
24578
27411
29687
31359
32393
32765
32468
31507
29899
27676
24884
21579
17828
13707
9301
4700
0
-4703
-9311
-13729
-17864
-21629
-24947
-27746
-29968
-31566
-32503
-32761
-32332
-31225
-29460
-27076
-24119
-20653
-16748
-12488
-7961
-3263
1506
6246
10856
15238
19298
22949
26112
28719
30713
32051
32702
32651
31900
30461
28366
25658
22395
18646
14492
10022
5332
524
-4298
-9029
-13567
-17811
-21669
-25055
-27896
-30127
-31699
-32577
-32739
-32182
-30916
-28967
-26379
-23206
-19519
-15397
-10932
-6222
-1372
3511
8320
12945
17284
21240
24723
27655
29968
31611
32545
32748
32214
30954
28995
26381
23169
19431
15252
10724
5950
1038
-3899
-8751
-13405
-17757
-21705
-25159
-28038
-30277
-31822
-32637
-32702
-32014
-30588
-28456
-25665
-22280
-18377
-14047
-9388
-4509
477
5455
10308
14924
19194
23018
26305
28979
30974
32243
32756
32498
31476
29711
27244
24133
20449
16280
11722
6884
1880
-3170
-8148
-12935
-17416
-21484
-25041
-28000
-30291
-31856
-32659
-32677
-31909
-30373
-28105
-25157
-21600
-17520
-13013
-8189
-3163
1941
7001
11893
16499
20705
24407
27516
29953
31659
32589
32721
32049
30590
28377
25463
21921
17836
13307
8448
3377
-1780
-6896
-11843
-16499
-20746
-24479
-27603
-30040
-31727
-32621
-32699
-31957
-30413
-28105
-25088
-21439
-17247
-12618
-7668
-2522
2689
7836
12787
17416
21605
25247
28248
30530
32035
32723
32574
31592
29801
27244
23987
20112
15718
10917
5832
595
-4660
-9798
-14685
-19194
-23208
-26622
-29345
-31307
-32455
-32757
-32206
-30813
-28614
-25665
-22043
-17841
-13169
-8148
-2911
2405
7661
12717
17440
21705
25397
28419
30689
32146
32750
32483
31352
29385
26633
23169
19084
14487
9500
4255
-1105
-6439
-11603
-16457
-20870
-24723
-27911
-30346
-31961
-32712
-32578
-31559
-29684
-27001
-23582
-19519
-14922
-9916
-4636
771
6162
11386
16301
20770
24671
27896
30354
31977
32719
32558
31498
29565
26813
23317
19172
14492
9407
4058
-1405
-6833
-12073
-16978
-21411
-25247
-28377
-30713
-32188
-32760
-32410
-31148
-29007
-26047
-22351
-18021
-13179
-7961
-2516
3003
8440
13640
18454
22745
26389
29282
31340
32503
32737
32033
30409
27913
24613
20604
16000
10932
5547
0
-5550
-10942
-16021
-20637
-24657
-27963
-30458
-32068
-32745
-32468
-31244
-29107
-26118
-22364
-17952
-13013
-7689
-2137
3479
8997
14252
19090
23367
26955
29748
31662
32640
32650
31691
29790
27003
23411
19119
14256
8965
3403
-2262
-7862
-13230
-18204
-22633
-26385
-29345
-31423
-32556
-32707
-31871
-30072
-27362
-23823
-19561
-14703
-9397
-3803
1908
7565
12994
18030
22517
26318
29316
31419
32559
32702
31841
30001
27238
23635
19302
14372
8996
3339
-2422
-8112
-13553
-18577
-23026
-26761
-29667
-31650
-32648
-32629
-31591
-29565
-26615
-22829
-18327
-13249
-7752
-2009
3799
9491
14886
19815
24120
27666
30338
32052
32751
32412
31044
28690
25423
21345
16586
11295
5642
-193
-6025
-11667
-16938
-21669
-25706
-28920
-31206
-32489
-32726
-31909
-30063
-27244
-23544
-19081
-13998
-8460
-2644
3259
9060
14569
19606
24006
27626
30346
32075
32756
32366
30916
28451
25051
20827
15917
10480
4696
-1244
-7147
-12817
-18065
-22719
-26622
-29644
-31684
-32674
-32578
-31398
-29173
-25975
-21909
-17110
-11737
-5969
0
5972
11747
17130
21941
26016
29217
31436
32596
32657
31615
29504
26395
22390
17625
12260
6476
470
-5554
-11392
-16845
-21726
-25867
-29127
-31393
-32585
-32662
-31619
-29491
-26349
-22301
-17483
-12062
-6222
-166
5898
11762
17222
22088
26191
29387
31566
32648
32597
31411
29131
25835
21636
16679
11138
5205
-912
-7001
-12847
-18244
-23003
-26955
-29960
-31912
-32739
-32412
-30940
-28374
-24803
-20353
-15179
-9465
-3413
2763
8843
14612
19863
24407
28083
30758
32334
32755
32003
30103
27124
23169
18381
12929
7010
836
-5370
-11386
-16993
-21989
-26191
-29446
-31636
-32680
-32538
-31214
-28754
-25247
-20819
-15630
-9868
-3744
2518
8692
14551
19879
24480
28184
30855
32393
32739
31880
29845
26709
22585
17625
12011
5950
-333
-6607
-12639
-18204
-23094
-27128
-30152
-32055
-32763
-32248
-30528
-27666
-23767
-18976
-13473
-7461
-1167
5173
11322
17047
22132
26385
29644
31785
32724
32427
30901
28203
24435
19738
14288
8294
1981
-4409
-10635
-16457
-21654
-26025
-29402
-31656
-32697
-32485
-31027
-28377
-24634
-19943
-14481
-8460
-2109
4324
10594
16457
21686
26077
29459
31699
32710
32451
30929
28203
24378
19601
14056
7961
1552
-4919
-11201
-17047
-22227
-26537
-29806
-31906
-32751
-32307
-30590
-27666
-23648
-18696
-13002
-6791
-309
6187
12441
18204
23246
27366
30398
32222
32762
31995
29951
26709
22398
17189
11289
4935
-1619
-8112
-14281
-19879
-24678
-28486
-31147
-32552
-32643
-31416
-28917
-25247
-20553
-15023
-8882
-2378
4225
10659
16662
21989
26421
29777
31918
32756
32254
30432
27362
23169
18024
12137
5748
-879
-7473
-13762
-19485
-24407
-28323
-31070
-32533
-32650
-31414
-28875
-25136
-20353
-14721
-8475
-1874
4807
11292
17307
22602
26955
30182
32146
32765
32010
29911
26556
22083
16679
10571
4016
-2711
-9326
-15551
-21121
-25799
-29387
-31732
-32732
-32344
-30582
-27520
-23286
-18060
-12062
-5547
1206
7911
14280
20041
24947
28786
31393
32653
32513
30975
28105
24024
18906
12972
6476
-301
-7069
-13534
-19415
-24458
-28443
-31196
-32596
-32580
-31148
-28360
-24336
-19250
-13322
-6811
0
6813
13332
19269
24364
28393
31178
32594
32578
31129
28309
24241
19103
13120
6555
-301
-7147
-13680
-19609
-24671
-28641
-31340
-32648
-32505
-30916
-27948
-23735
-18460
-12360
-5706
1206
8067
14569
20421
25359
29162
31656
32728
32328
30473
27244
22786
17298
11027
4255
-2711
-9557
-15974
-21669
-26383
-29901
-32062
-32766
-31979
-29736
-26137
-21345
-15577
-9095
-2195
4807
11593
17850
23291
27666
30771
32464
32665
31362
28614
24546
19345
13249
6538
-477
-7473
-14125
-20126
-25196
-29098
-31650
-32732
-32292
-30349
-26991
-22374
-16712
-10266
-3339
3746
10659
17076
22694
27251
30530
32377
32702
31489
28793
24740
19519
13375
6597
-494
-7565
-14281
-20323
-25404
-29282
-31772
-32753
-32178
-30072
-26533
-21729
-15887
-9285
-2238
4919
11843
18204
23695
28052
31066
32589
32548
30942
27847
23411
17845
11416
4435
-2763
-9830
-16425
-22227
-26955
-30378
-32330
-32713
-31507
-28769
-24631
-19293
-13013
-6096
1120
8285
15047
21076
26077
29802
32068
32763
31850
29372
25451
20276
14101
7230
0
-7232
-14111
-20295
-25478
-29402
-31872
-32764
-32033
-29711
-25913
-20827
-14703
-7845
-595
6688
13640
19914
25196
29220
31785
32759
32093
29819
26047
20967
14832
7950
664
-6656
-13645
-19948
-25247
-29273
-31822
-32763
-32046
-29706
-25861
-20703
-14492
-7543
-209
7138
14125
20396
25629
29557
31977
32766
31880
29363
25342
20022
13674
6622
-771
-8129
-15071
-21240
-26318
-30042
-32219
-32734
-31559
-28754
-24461
-18901
-12360
-5177
2276
9615
16457
22447
27271
30678
32489
32608
31026
27825
23169
17302
10527
3199
-4298
-11573
-18244
-23960
-28419
-31387
-32705
-32302
-30198
-26501
-21406
-15179
-8148
-684
6817
13962
20369
25700
29668
32064
32757
31710
28975
24698
19103
12488
5205
-2358
-9798
-16717
-22745
-27557
-30894
-32577
-32513
-30703
-27244
-22319
-16192
-9191
-1693
5898
13175
19743
25247
29388
31941
32765
31816
29141
24884
19276
12618
5272
-2362
-9871
-16845
-22903
-27714
-31014
-32621
-32445
-30495
-26875
-21781
-15492
-8351
-749
6896
14165
20658
26016
29942
32220
32721
31417
28377
23767
17841
10926
3403
-4310
-11787
-18613
-24407
-28847
-31684
-32759
-32010
-29476
-25298
-19707
-13013
-5590
2148
9769
16845
22980
27828
31116
32659
32366
30254
26438
21133
14635
7310
-430
-8148
-15409
-21801
-26962
-30598
-32502
-32563
-30778
-27244
-22162
-15818
-8572
-836
6950
14343
20920
26305
30190
32350
32661
31103
27762
22829
16586
9388
1649
-6187
-13670
-20369
-25898
-29936
-32249
-32702
-31267
-28024
-23161
-16955
-9766
-2009
5867
13405
20168
25762
29860
32222
32709
31291
28049
23169
16936
9711
1916
-5992
-13553
-20323
-25904
-29968
-32275
-32687
-31179
-27837
-22855
-16527
-9222
-1372
6562
14111
20829
26318
30252
32397
32623
30916
27374
22206
15718
8294
373
-7571
-15067
-21669
-26980
-30683
-32556
-32483
-30469
-26631
-21197
-14492
-6916
1077
9009
16402
22811
27851
31216
32702
32218
29790
25564
19793
12824
5078
-2978
-10856
-18080
-24210
-28873
-31785
-32766
-31757
-28816
-24119
-17952
-10689
-2772
5316
13083
20053
25799
29968
32304
32662
31017
27469
22233
15630
8064
0
-8067
-15639
-22251
-27492
-31038
-32669
-32282
-29899
-25665
-19840
-12785
-4935
3223
11185
18454
24578
29176
31960
32754
31507
28295
23317
16881
9388
1306
-6859
-14599
-21426
-26913
-30713
-32587
-32415
-30206
-26096
-20343
-13307
-5431
2789
10837
18204
24423
29100
31937
32755
31498
28244
23199
16679
9099
938
-7285
-15047
-21854
-27271
-30951
-32659
-32282
-29844
-25497
-19519
-12290
-4271
4023
12062
19330
25359
29762
32252
32670
30984
27303
21861
15008
7184
-1105
-9326
-16947
-23474
-28484
-31650
-32766
-31757
-28687
-23753
-17274
-9670
-1435
6896
14781
21705
27215
30951
32666
32248
29720
25247
19119
11737
3583
-4807
-12886
-20121
-26035
-30239
-32455
-32534
-30469
-26395
-20578
-13400
-5336
3083
11302
18775
25007
29584
32200
32681
30992
27244
21684
14679
6695
-1736
-10055
-17706
-24178
-29038
-31959
-32744
-31340
-27837
-22468
-15592
-7668
771
9163
16942
23583
28641
31772
32764
31548
28203
22955
16155
8261
-193
-8637
-16499
-23246
-28419
-31667
-32766
-31641
-28366
-23161
-16378
-8479
0
8482
16388
23178
28387
31659
32766
31633
28334
23092
16267
8323
-193
-8699
-16610
-23382
-28547
-31748
-32764
-31521
-28105
-22748
-15818
-7793
771
9287
17161
23850
28887
31923
32744
31292
27666
22114
15023
6884
-1736
-10238
-18030
-24565
-29387
-32158
-32681
-30919
-26991
-21173
-13868
-5590
3083
11543
19194
25499
30012
32414
32534
30361
26047
19895
12336
3903
-4807
-13181
-20625
-26610
-30711
-32637
-32248
-29569
-24790
-18247
-10405
-1820
6896
15124
22277
27843
31423
32760
31757
28483
23169
16196
8060
-655
-9326
-17331
-24094
-29127
-32068
-32703
-30984
-27033
-21133
-13707
-5289
3511
12062
19743
25999
30374
32552
32371
29844
25150
18630
10754
2094
-6719
-15047
-22282
-27896
-31478
-32765
-31661
-28244
-22763
-15616
-7324
1506
10228
18204
24847
29668
32313
32585
30461
26096
19809
12062
3423
-5469
-13962
-21426
-27310
-31178
-32740
-31881
-28661
-23317
-16242
-7961
912
9721
17811
24578
29519
32265
32608
30520
26157
19840
12041
3339
-5613
-14150
-21629
-27492
-31296
-32755
-31758
-28377
-22863
-15630
-7219
1736
10564
18599
25234
29968
32443
32468
30041
25342
18725
10689
1842
-7147
-15598
-22868
-28404
-31785
-32751
-31227
-27327
-21345
-13736
-5078
3969
12717
20496
26712
30887
32702
32014
28875
23522
16364
7950
-1077
-10024
-18204
-24986
-29848
-32414
-32483
-30050
-25298
-18593
-10451
-1499
7571
16058
23305
28750
31969
32711
30916
26720
20449
12587
3744
-5391
-14111
-21734
-27666
-31442
-32766
-31533
-27837
-21964
-14372
-5653
3510
12401
20323
26654
30894
32710
31957
28692
23169
15822
7226
-1941
-10958
-19113
-25762
-30378
-32596
-32237
-29328
-24096
-16955
-8469
691
9799
18132
25028
29936
32465
32412
29778
24772
17791
9388
234
-8940
-17404
-24479
-29598
-32350
-32513
-30072
-25219
-18342
-9991
-836
8388
16942
24135
29387
32275
32563
30226
25451
18620
10283
1113
-8148
-16754
-24006
-29316
-32252
-32574
-30254
-25477
-18630
-10266
-1066
8222
16845
24098
29390
32286
32549
30156
25298
18372
9941
695
-8610
-17213
-24407
-29603
-32371
-32482
-29925
-24908
-17841
-9305
0
9307
17850
24924
29942
32491
32356
29546
24293
17028
8351
-1019
-10308
-18745
-25629
-30386
-32621
-32145
-28995
-23432
-15917
-7073
2362
11603
19879
26497
30903
32728
31816
28241
22301
14491
5464
-4023
-13175
-21224
-27492
-31451
-32766
-31324
-27244
-20868
-12732
-3519
5992
15001
22745
28568
31977
32682
30619
25962
19103
10622
1238
-8253
-17047
-24394
-29668
-32420
-32412
-29643
-24347
-16973
-8148
1373
10781
19269
26112
30723
32705
31886
28334
22351
14449
5304
-4298
-13534
-21608
-27826
-31650
-32749
-31026
-26627
-19930
-11510
-2094
7504
16457
23989
29446
32355
32460
29752
24461
17046
8148
-1459
-10942
-19477
-26318
-30870
-32732
-31742
-27983
-21780
-13674
-4371
5316
14541
22496
28484
31977
32669
30495
25645
18541
9807
209
-9410
-18204
-25397
-30356
-32640
-32046
-28625
-22675
-14721
-5464
4278
13645
21806
28038
31787
32719
30748
26047
19032
10324
695
-8997
-17892
-25196
-30256
-32621
-32077
-28669
-22701
-14703
-5389
4409
13816
21989
28193
31872
32694
30582
25725
18555
9715
0
-9718
-18563
-25739
-30598
-32699
-31850
-28126
-21861
-13619
-4144
5708
15047
23026
28920
32194
32549
29951
24631
17073
7961
-1876
-11547
-20168
-26955
-31287
-32766
-31257
-26894
-20073
-11416
-1713
8148
17267
24807
30076
32589
32113
28690
22632
14492
5018
-4919
-14407
-22570
-28657
-32104
-32591
-30072
-24775
-17189
-8012
1907
11653
20323
27113
31393
32763
31094
26539
19519
10683
852
-9060
-18132
-25519
-30530
-32697
-31816
-27965
-21503
-13031
-3339
6667
16052
23938
29584
32459
32292
29097
23169
15065
5543
-4501
-14125
-22423
-28612
-32108
-32578
-29977
-24546
-16798
-7461
2582
12385
21019
27666
31694
32721
30647
25665
18247
9095
-923
-10856
-19760
-26786
-31264
-32766
-31146
-26556
-19431
-10451
-470
9557
18675
26008
30855
32749
31507
27244
20368
11537
1595
-8501
-17784
-25359
-30497
-32702
-31758
-27754
-21074
-12360
-2451
7696
17103
24860
30215
32648
31922
28105
21563
12929
3039
-7147
-16643
-24525
-30025
-32607
-32016
-28309
-21844
-13249
-3359
6859
16412
24364
29939
32588
32050
28377
21924
13322
3413
-6833
-16412
-24382
-29960
-32596
-32028
-28309
-21804
-13150
-3199
7069
16643
24578
30089
32630
31946
28105
21482
12732
2719
-7565
-17103
-24947
-30318
-32680
-31797
-27754
-20951
-12062
-1970
8320
17784
25478
30633
32732
31565
27244
20200
11134
952
-9326
-18675
-26154
-31014
-32765
-31228
-26556
-19215
-9941
333
10578
19760
26955
31436
32749
30759
25665
17979
8475
-1887
-12062
-21019
-27851
-31864
-32650
-30126
-24546
-16475
-6728
3703
13762
22423
28806
32258
32427
29291
23169
14683
4696
-5772
-15653
-23938
-29777
-32571
-32033
-28214
-21503
-12587
-2378
8077
17706
25519
30711
32748
31416
26850
19519
10175
-219
-10594
-19879
-27113
-31549
-32726
-30520
-25157
-17189
-7439
3083
13289
22119
28657
32222
32441
29289
23092
14492
4381
-6187
-16114
-24364
-30076
-32652
-31820
-27666
-20619
-11416
-1017
9491
19008
26537
31287
32757
30792
25595
17709
7961
-2625
-12939
-21894
-28547
-32194
-32451
-29286
-23032
-14346
-4144
6498
16457
24678
30291
32699
31644
27238
19943
10531
0
-10533
-19951
-27251
-31656
-32694
-30254
-24592
-16309
-6286
4409
14637
23305
29487
32519
32077
28203
21312
12137
1660
-8997
-18692
-26385
-31248
-32757
-30748
-25434
-17383
-7461
3266
13645
22556
29038
32390
32248
28625
21909
12824
2351
-8378
-18204
-26061
-31098
-32765
-30880
-25645
-17625
-7689
3083
13524
22496
29023
32393
32235
28565
21780
12618
2077
-8692
-18516
-26318
-31245
-32755
-30681
-25247
-17046
-6975
3863
14280
23132
29446
32527
32033
28015
20915
11510
836
-9932
-19609
-27125
-31650
-32682
-30103
-24198
-15616
-5304
5596
15880
24407
30232
32705
31550
26894
19250
9465
-1373
-12062
-21411
-28379
-32188
-32412
-29022
-22395
-13267
-2656
8253
18244
26197
31222
32754
30619
25054
16679
6433
-4537
-15001
-23783
-29895
-32648
-31731
-27244
-19690
-9916
976
11762
21224
28293
32170
32415
28997
22301
13080
2378
-8595
-18599
-26497
-31393
-32729
-30352
-24528
-15917
-5494
5554
15974
24578
30386
32734
31352
26395
18425
8351
-2679
-13405
-22602
-29217
-32491
-32046
-27932
-20616
-10936
0
10939
20625
27944
32055
32482
29173
22507
13249
2462
-8610
-18692
-26622
-31481
-32707
-30156
-24119
-15293
-4696
6446
16845
25296
30817
32766
30916
25477
17079
6695
-4468
-15115
-24006
-30106
-32702
-31489
-26606
-18620
-8460
2689
13528
22788
29387
32552
31909
27532
19930
9991
-1120
-12103
-21669
-28693
-32350
-32208
-28280
-21025
-11295
-234
10856
20671
28052
32127
32412
28871
21921
12379
1372
-9799
-19815
-27487
-31906
-32545
-29328
-22632
-13249
-2291
8940
19113
27016
31708
32629
29666
23169
13911
2992
-8285
-18577
-26654
-31549
-32677
-29899
-23544
-14372
-3477
7836
18214
26411
31442
32702
30037
23764
14635
3744
-7598
-18030
-26293
-31393
-32711
-30086
-23833
-14703
-3796
7571
18026
26305
31405
32707
30050
23753
14577
3632
-7754
-18204
-26446
-31479
-32688
-29925
-23522
-14256
-3253
8148
18560
26712
31608
32650
29706
23135
13736
2656
-8751
-19090
-27095
-31785
-32581
-29385
-22585
-13013
-1842
9557
19786
27585
31994
32468
28947
21861
12081
809
-10564
-20637
-28166
-32219
-32293
-28377
-20951
-10932
440
11762
21629
28819
32437
32033
27653
19840
9561
-1907
-13142
-22745
-29519
-32621
-31661
-26755
-18514
-7961
3586
14689
23960
30239
32740
31148
25658
16955
6128
-5469
-16384
-25247
-30944
-32759
-30461
-24336
-15151
-4058
7546
18204
26572
31595
32638
29565
22763
13087
1756
-9798
-20118
-27896
-32148
-32332
-28424
-20915
-10754
771
12203
22088
29171
32552
31797
27001
18769
8148
-3511
-14727
-24069
-30346
-32754
-30984
-25260
-16309
-5272
6439
17331
26008
31359
32696
29845
23169
13521
2137
-9523
-19964
-27843
-32146
-32318
-28334
-20703
-10405
1234
12717
22564
29503
32637
31559
26407
17841
6968
-4807
-15965
-25058
-30909
-32757
-30361
-24028
-14577
-3233
8533
19194
27364
31977
32433
28669
21173
10917
-762
-12345
-22321
-29387
-32619
-31592
-26438
-17828
-6884
4961
16161
25247
31028
32744
30168
23635
13998
2522
-9287
-19879
-27860
-32179
-32265
-28105
-20242
-9711
2101
13640
23382
30040
32733
31103
25362
16267
5018
-6896
-17901
-26537
-31659
-32585
-29190
-21921
-11741
0
11743
21929
29201
32589
31641
26480
17791
6728
-5233
-16499
-25566
-31222
-32709
-29826
-22955
-13013
-1327
10537
20994
28641
32450
31909
27088
18630
7668
-4324
-15739
-25041
-30976
-32744
-30105
-23411
-13561
-1880
10055
20637
28436
32397
31982
27244
18822
7852
-4182
-15653
-25007
-30974
-32743
-30072
-23319
-13400
-1660
10308
20879
28612
32455
31881
26966
18377
7282
-4807
-16245
-25468
-31216
-32702
-29720
-22675
-12528
-664
11292
21705
29147
32596
31576
26225
17274
5950
-6193
-17489
-26383
-31650
-32564
-28995
-21433
-10917
1105
12978
23064
29968
32737
30984
24950
15465
3839
-8320
-19330
-27666
-32170
-32217
-27796
-19519
-8531
3643
15314
24860
30951
32739
29972
23032
12884
938
-11141
-21669
-29176
-32613
-31498
-25982
-16835
-5332
6918
18204
26944
31912
32410
28366
20343
9465
-2743
-14569
-24351
-30713
-32759
-30198
-23387
-13283
-1306
10856
21492
29100
32604
31507
25962
16748
5166
-7147
-18454
-27152
-32008
-32332
-28076
-19840
-8789
3510
15314
24947
31038
32720
29752
22551
12140
0
-12143
-22559
-29762
-32723
-31017
-24884
-15198
-3339
8998
20053
28242
32393
31908
26854
17952
6476
-5930
-17489
-26541
-31785
-32465
-28481
-20402
-9388
2978
14918
24714
30951
32730
29790
22554
12062
-172
-12385
-22811
-29942
-32746
-30813
-24421
-14492
-2462
9926
20879
28806
32556
31581
26021
16679
4912
-7571
-18956
-27585
-32200
-32127
-27374
-18630
-7167
5342
17076
26318
31719
32485
28504
20353
9222
-3259
-15267
-25041
-31147
-32687
-29434
-21861
-11077
1334
13553
23783
30517
32764
30189
23169
12736
423
-11953
-22570
-29860
-32743
-30792
-24293
-14202
-2009
10483
21426
29201
32652
31267
25247
15482
3419
-9153
-20369
-28563
-32514
-31633
-26047
-16586
-4654
7973
19415
27967
32350
31910
26709
17520
5712
-6950
-18577
-27428
-32179
-32116
-27244
-18292
-6597
6088
17864
26962
32015
32263
27666
18910
7310
-5391
-17284
-26579
-31872
-32366
-27983
-19380
-7852
4862
16845
26287
31760
32433
28203
19707
8226
-4501
-16550
-26094
-31684
-32472
-28334
-19895
-8434
4310
16402
26003
31651
32486
28377
19946
8475
-4288
-16402
-26016
-31662
-32478
-28334
-19861
-8351
4437
16550
26133
31717
32445
28203
19638
8060
-4756
-16845
-26351
-31812
-32386
-27983
-19276
-7602
5243
17284
26666
31941
32293
27666
18769
6975
-5898
-17864
-27071
-32095
-32157
-27244
-18113
-6176
6719
18577
27557
32265
31968
26709
17302
5205
-7702
-19415
-28111
-32434
-31710
-26047
-16326
-4058
8843
20369
28719
32588
31368
25247
15179
2736
-10137
-21426
-29364
-32705
-30922
-24293
-13853
-1238
11573
22570
30025
32764
30353
23169
12339
-434
-13142
-23783
-30678
-32739
-29638
-21861
-10632
2276
14829
25041
31296
32604
28754
20353
8727
-4282
-16616
-26318
-31849
-32328
-27676
-18630
-6622
6439
18480
27585
32302
31880
26381
16679
4318
-8734
-20396
-28806
-32620
-31227
-24845
-14492
-1820
11144
22329
29942
32763
30335
23047
12062
-859
-13645
-24243
-30951
-32688
-29173
-20967
-9388
3703
16202
26094
31785
32354
27709
18593
6476
-6688
-18775
-27832
-32393
-31718
-25913
-15915
-3339
9779
21317
29402
32723
30737
23764
12933
0
-12935
-23772
-30745
-32720
-29372
-21243
-9654
3510
16105
26077
31798
32332
27590
18342
6096
-7147
-19226
-28162
-32493
-31507
-25362
-15061
-2291
10856
22227
29953
32765
30198
22670
11416
-1716
-14569
-25028
-31370
-32548
-28366
-19509
-7435
5867
18204
27539
32330
31782
25982
15887
3163
-10086
-21669
-29667
-32753
-30413
-23032
-11831
1334
14281
24860
31312
32563
28403
19519
7387
-5976
-18347
-27666
-32377
-31693
-25725
-15465
-2622
10659
22164
29968
32766
30086
22374
10917
-2369
-15261
-25599
-31650
-32396
-27709
-18372
-5950
7473
19643
28516
32596
31195
24546
13765
664
-12550
-23653
-30771
-32702
-29116
-20616
-8634
4807
17440
27128
32230
31881
26137
15968
3092
-10308
-21966
-29901
-32766
-30072
-22272
-10689
2711
15653
25937
31812
32275
27244
17574
4908
-8595
-20637
-29162
-32712
-30681
-23411
-12140
1206
14349
25041
31451
32480
27948
18630
6117
-7445
-19735
-28641
-32634
-31026
-24089
-13013
301
13567
24501
31222
32570
28309
19172
6728
-6876
-19298
-28393
-32589
-31159
-24347
-13326
0
13328
24354
31166
32585
28360
19220
6748
-6896
-19347
-28443
-32604
-31103
-24198
-13087
301
13640
24608
31294
32533
28105
18778
6176
-7504
-19879
-28786
-32669
-30847
-23635
-12290
1206
14493
25247
31583
32389
27520
17828
5008
-8692
-20870
-29387
-32745
-30352
-22624
-10917
2711
15865
26229
31977
32094
26556
16335
3233
-10442
-22277
-30182
-32757
-29546
-21112
-8944
4807
17712
27483
32390
31559
25136
14256
845
-12717
-24026
-31070
-32598
-28334
-19032
-6345
7473
19964
28903
32697
30666
23169
11540
-2148
-15456
-26008
-31918
-32127
-26596
-16309
-3103
10659
22517
30346
32741
29270
20553
8148
-5719
-18563
-28078
-32552
-31179
-24202
-12874
771
14281
25223
31625
32332
27214
17189
4062
-9798
-21894
-30040
-32762
-29565
-21025
-8682
5233
18204
27882
32514
31257
24336
13002
-691
-14262
-25247
-31650
-32307
-27094
-16955
-3732
10171
22227
30239
32747
29289
20494
7961
-6025
-18915
-28356
-32621
-30929
-23586
-11931
1907
15400
26077
31982
32033
26215
15592
2109
-11762
-23479
-30889
-32629
-28377
-18910
-5966
8077
20637
29402
32756
30080
21861
9613
-4409
-17621
-27585
-32459
-31342
-24435
-13013
816
14497
25499
31785
32188
26631
16140
2656
-11322
-23203
-30782
-32650
-28456
-18976
-5969
8148
20755
29503
32763
29925
21514
9095
-5021
-18204
-27995
-32564
-31058
-23753
-12011
1977
15598
26305
32095
31880
25698
14703
952
-12978
-24480
-31393
-32418
-27360
-17165
-3744
10381
22559
30497
32702
28754
19394
6380
-7836
-20580
-29446
-32762
-29899
-21393
-8847
5370
18577
28275
32630
30814
23169
11138
-3003
-16579
-27016
-32334
-31523
-24733
-13249
751
14612
25700
31906
32048
26096
15179
1372
-12698
-24354
-31371
-32412
-27273
-16932
-3359
10856
23003
30758
32638
28280
18514
5205
-9101
-21669
-30089
-32747
-29131
-19930
-6905
7445
20371
29387
32762
29844
21189
8460
-5898
-19125
-28673
-32702
-30433
-22301
-9868
4468
17946
27963
32585
30916
23274
11134
-3159
-16845
-27275
-32428
-31305
-24119
-12260
1977
15833
26622
32247
31615
24845
13249
-923
-14918
-26016
-32055
-31858
-25461
-14105
0
14107
25468
31864
32046
25975
14832
792
-13405
-24986
-31684
-32188
-26395
-15435
-1452
12817
24578
31525
32292
26727
15917
1981
-12345
-24250
-31393
-32366
-26976
-16280
-2378
11993
24006
31293
32415
27148
16527
2644
-11762
-23850
-31230
-32442
-27244
-16660
-2779
11653
23783
31206
32451
27267
16679
2783
-11667
-23806
-31222
-32441
-27217
-16586
-2656
11803
23919
31277
32412
27094
16378
2398
-12062
-24120
-31370
-32361
-26894
-16056
-2009
12441
24407
31496
32285
26615
15616
1488
-12939
-24777
-31650
-32178
-26251
-15055
-836
13553
25223
31826
32033
25797
14372
52
-14280
-25739
-32015
-31841
-25247
-13561
863
15115
26318
32208
31592
24592
12618
-1908
-16052
-26950
-32393
-31276
-23823
-11540
3083
17085
27622
32556
30880
22932
10324
-4384
-18204
-28323
-32682
-30389
-21909
-8965
5807
19399
29038
32755
29790
20744
7461
-7347
-20658
-29748
-32757
-29067
-19428
-5811
8997
21966
30436
32669
28203
17952
4016
-10746
-23305
-31079
-32468
-27184
-16309
-2077
12583
24657
31656
32135
25992
14491
0
-14493
-25999
-32139
-31644
-24613
-12494
2208
16457
27304
32503
30975
23032
10317
-4537
-18454
-28547
-32719
-30103
-21238
-7961
6971
20458
29694
32757
29007
19220
5431
-9491
-22439
-30713
-32587
-27666
-16973
-2736
12073
24364
31568
32177
26060
14492
-108
-14689
-26197
-32222
-31498
-24174
-11781
3083
17304
27896
32634
30520
21996
8847
-6162
-19879
-29416
-32766
-29219
-19519
-5706
9311
22368
30711
32578
27570
16743
2378
-12491
-24723
-31732
-32033
-25558
-13674
1105
15653
26888
32428
31095
23169
10328
-4707
-18745
-28806
-32750
-29736
-20402
-6728
8378
21705
30414
32650
27932
17262
2911
-12062
-24465
-31651
-32083
-25665
-13765
1077
15692
26955
32455
31012
22932
9941
-5180
-19194
-29098
-32765
-29406
-19738
-5832
9326
22486
30817
32526
27244
16102
1495
-13436
-25478
-32035
-31693
-24521
-12062
2999
17416
28078
32680
30226
21243
7668
-7565
-21167
-30192
-32685
-28105
-17438
-2992
12103
24578
31727
31995
25321
13150
-1876
-16499
-27539
-32596
-30567
-21889
-8448
6833
20630
29936
32722
28377
17845
3419
-11753
-24364
-31659
-32040
-25423
-13249
1823
16499
27568
32607
30508
21729
8189
-7147
-20920
-30108
-32693
-28105
-17347
-2779
12401
24860
31856
31850
24838
12360
-2839
-17416
-28160
-32702
-30037
-20749
-6884
8501
22013
30668
32552
27244
15915
1066
-14020
-26008
-32243
-31342
-23500
-10451
4915
19194
29220
32766
29042
18871
4509
-10856
-23813
-31479
-32147
-25665
-13473
1720
16533
27666
32637
30335
21271
7461
-8015
-21705
-30552
-32578
-27327
-15968
-1038
14125
26133
32294
31228
23169
9920
-5554
-19786
-29584
-32748
-28565
-17970
-3339
12043
24723
31849
31816
24627
11897
-3511
-18132
-28673
-32755
-29458
-19519
-5177
10334
23516
31393
32182
25702
13414
-1907
-16800
-27896
-32682
-30072
-20653
-6555
9029
22570
30997
32395
26445
14492
-751
-15827
-27310
-32589
-30461
-21406
-7481
8148
21926
30713
32507
26894
15151
-48
-15238
-26955
-32522
-30664
-21804
-7961
7702
21608
30575
32549
27076
15403
202
-15047
-26852
-32503
-30703
-21861
-8002
7696
21629
30598
32538
27001
15255
0
-15257
-27007
-32541
-30582
-21579
-7602
8129
21989
30779
32468
26664
14703
-655
-15865
-27411
-32621
-30288
-20948
-6758
8997
22672
31098
32318
26047
13736
-1763
-16855
-28038
-32713
-29790
-19946
-5464
10289
23653
31516
32046
25116
12336
-3319
-18204
-28847
-32766
-29042
-18541
-3711
11987
24889
31977
31593
23823
10480
-5316
-19871
-29777
-32711
-27983
-16697
-1495
14059
26318
32404
30885
22114
8148
-7733
-21801
-30745
-32460
-26539
-14372
1180
16457
27860
32699
29832
19930
5325
-10537
-23916
-31650
-31910
-24631
-11530
4298
19113
29409
32747
28334
17210
2009
-13670
-26112
-32365
-30942
-22178
-8148
7817
21929
30833
32412
26285
13907
-1780
-17047
-28259
-32743
-29429
-19103
-4222
11667
24777
31977
31548
23586
9991
-5992
-20546
-30192
-32619
-27244
-15350
219
15739
27492
32660
30001
20149
5464
-10533
-24006
-31719
-31816
-24270
-10892
5106
19879
29873
32681
27625
15917
373
-15261
-27221
-32621
-30156
-20416
-5748
10308
23879
31684
31836
24293
10875
-5173
-19973
-29942
-32665
-27477
-15633
0
15636
27483
32666
29925
19920
5078
-10999
-24407
-31886
-31615
-23656
-9941
6193
20824
30386
32549
26782
14487
-1341
-16845
-28242
-32749
-29262
-18630
-3445
12583
25539
32252
31078
22301
8064
-8148
-22368
-31111
-32231
-25451
-12429
3643
18824
29387
32737
28047
16465
836
-15001
-27152
-32625
-30072
-20115
-5205
10989
24479
31937
31523
23335
9388
-6876
-21447
-30723
-32412
-26092
-13322
2743
18132
29038
32759
28371
16955
1338
-14612
-26944
-32596
-30164
-20247
-5304
10958
24501
31960
31477
23169
9099
-7236
-21774
-30894
-32323
-25702
-12676
3510
18824
29446
32724
27837
16000
166
-15711
-27666
-32707
-29572
-19041
-3744
12491
25602
32304
30916
21780
7184
-9215
-23305
-31551
-31880
-24205
-10451
5930
20824
30486
32483
26311
13518
-2679
-18204
-29147
-32749
-28098
-16364
-502
15488
27574
32702
29574
18976
3583
-12717
-25806
-32371
-30748
-21345
-6538
9926
23879
31785
31636
23467
9346
-7147
-21830
-30974
-32254
-25342
-11991
4409
19692
29968
32623
26976
14462
-1736
-17495
-28798
-32764
-28377
-16752
-852
15267
27492
32699
29554
18857
3339
-13034
-26077
-32450
-30520
-20777
-5712
10817
24578
32042
31291
22515
7961
-8637
-23021
-31496
-31881
-24075
-10079
6509
21426
30833
32307
25463
12062
-4448
-19815
-30076
-32585
-26689
-13907
2465
18204
29244
32732
27762
15616
-569
-16610
-28356
-32765
-28692
-17189
-1231
15047
27428
32699
29490
18630
2932
-13528
-26478
-32552
-30168
-19943
-4530
12062
25519
32337
30737
21133
6022
-10659
-24565
-32068
-31208
-22206
-7407
9326
23628
31760
31593
23169
8686
-8070
-22719
-31423
-31903
-24028
-9858
6896
21846
31070
32147
24790
10926
-5807
-21019
-30711
-32336
-25461
-11891
4807
20244
30356
32478
26047
12755
-3899
-19528
-30012
-32581
-26556
-13521
3083
18877
29687
32654
26991
14192
-2362
-18294
-29387
-32703
-27360
-14769
1736
17784
29119
32734
27666
15255
-1206
-17349
-28887
-32752
-27913
-15652
771
16993
28695
32761
28105
15962
-434
-16717
-28547
-32765
-28244
-16186
193
16523
28443
32766
28334
16326
-48
-16412
-28387
-32766
-28374
-16382
0
0
0
0
0
0
0
0
0
0
0
0
0
0
0
0
0
0
0
0
0
0
0
0
0
0
0
0
0
0
0
0
0
0
0
0
0
0
0
0
0
0
0
0
0
0
0
0
0
0
0
0
0
0
0
0
0
0
0
0
0
0
0
0
0
0
0
0
0
0
0
0
0
0
0
0
0
0
0
0
0
0
0
0
0
0
0
0
0
0
0
0
0
0
0
0
0
0
0
0
0
0
0
0
0
0
0
0
0
0
0
0
0
0
0
0
0
0
0
0
0
0
0
0
0
0
0
0
0
0
0
0
0
0
0
0
0
0
0
0
0
0
0
0
0
0
0
0
0
0
0
0
0
0
0
0
0
0
0
0
0
0
0
0
0
0
0
0
0
0
0
0
0
0
0
0
0
0
0
0
0
0
0
0
0
0
0
0
0
0
0
0
0
0
0
0
0
0
0
0
0
0
0
0
0
0
0
0
0
0
0
0
0
0
0
0
0
0
0
0
0
0
0
0
0
0
0
0
0
0
0
0
0
0
0
0
0
0
0
0
0
0
0
0
0
0
0
0
0
0
0
0
0
0
0
0
0
0
0
0
0
0
0
0
0
0
0
0
0
0
0
0
0
0
0
0
0
0
0
0
0
0
0
0
0
0
0
0
0
0
0
0
0
0
0
0
0
0
0
0
0
0
0
0
0
0
0
0
0
0
0
0
0
0
0
0
0
0
0
0
0
0
0
0
0
0
0
0
0
0
0
0
0
0
0
0
0
0
0
0
0
0
0
0
0
0
0
0
0
0
0
0
0
0
0
0
0
0
0
0
0
0
0
0
0
0
0
0
0
0
0
0
0
0
0
0
0
0
0
0
0
0
0
0
0
0
0
0
0
0
0
0
0
0
0
0
0
0
0
0
0
0
0
0
0
0
0
0
0
0
0
0
0
0
0
0
0
0
0
0
0
0
0
0
0
0
0
0
0
0
0
0
0
0
0
0
0
0
0
0
0
0
0
0
0
0
0
0
0
0
0
0
0
0
0
0
0
0
0
0
0
0
0
0
0
0
0
0
0
0
0
0
0
0
0
0
0
0
0
0
0
0
0
0
0
0
0
0
0
0
0
0
0
0
0
0
0
0
0
0
0
0
0
0
0
0
0
0
0
0
0
0
0
0
0
0
0
0
0
0
0
0
0
0
0
0
0
0
0
0
0
0
0
0
0
0
0
0
0
0
0
0
0
0
0
0
0
0
0
0
0
0
0
0
0
0
0
0
0
0
0
0
0
0
0
0
0
0
0
0
0
0
0
0
0
0
0
0
0
0
0
0
0
0
0
0
0
0
0
0
0
0
0
0
0
0
0
0
0
0
0
0
0
0
0
0
0
0
0
0
0
0
0
0
0
0
0
0
0
0
0
0
0
0
0
0
0
0
0
0
0
0
0
0
0
0
0
0
0
0
0
0
0
0
0
0
0
0
0
0
0
0
0
0
0
0
0
0
0
0
0
0
0
0
0
0
0
0
0
0
0
0
0
0
0
0
0
0
0
0
0
0
0
0
0
0
0
0
0
0
0
0
0
0
0
0
0
0
0
0
0
0
0
0
0
0
0
0
0
0
0
0
0
0
0
0
0
0
0
0
0
0
0
0
0
0
0
0
0
0
0
0
0
0
0
0
0
0
0
0
0
0
0
0
0
0
0
0
0
0
0
0
0
0
0
0
0
0
0
0
0
0
0
0
0
0
0
0
0
0
0
0
0
0
0
0
0
0
0
0
0
0
0
0
0
0
0
0
0
0
0
0
0
0
0
0
0
0
0
0
0
0
0
0
0
0
0
0
0
0
0
0
0
0
0
0
0
0
0
0
0
0
0
0
0
0
0
0
0
0
0
0
0
0
0
0
0
0
0
0
0
0
0
0
0
0
0
0
0
0
0
0
0
0
0
0
0
0
0
0
0
0
0
0
0
0
0
0
0
0
0
0
0
0
0
0
0
0
0
0
0
0
0
0
0
0
0
0
0
0
0
0
0
0
0
0
0
0
0
0
0
0
0
0
0
0
0
0
0
0
0
0
0
0
0
0
0
0
0
0
0
0
0
0
0
0
0
0
0
0
0
0
0
0
0
0
0
0
0
0
0
0
0
0
0
0
0
0
0
0
0
0
0
0
0
0
0
0
0
0
14043
13679
12609
10896
8639
5967
3033
2
-2958
-5692
-8056
-9935
-11248
-11945
-12019
-11496
-10437
-8928
-7078
-5008
-2843
-702
1303
3084
4569
5714
6499
6928
7026
6834
6405
5799
5073
4285
3481
2696
1955
1270
640
58
-490
-1021
-1549
-2083
-2627
-3173
-3707
-4203
-4632
-4959
-5147
-5164
-4984
-4590
-3978
-3159
-2157
-1013
222
1491
2726
3862
4836
5593
6093
6307
6225
5855
5222
4365
3337
2198
1013
-153
-1240
-2197
-2984
-3574
-3954
-4128
-4109
-3925
-3607
-3193
-2723
-2233
-1753
-1307
-911
-570
-285
-45
161
351
540
741
964
1210
1477
1755
2028
2276
2478
2614
2663
2613
2458
2198
1843
1409
920
405
-106
-585
-1006
-1347
-1597
-1752
-1818
-1810
-1749
-1662
-1576
-1518
-1510
-1566
-1689
-1870
-2091
-2321
-2519
-2641
-2641
-2475
-2110
-1523
-709
318
1524
2854
4236
5584
6801
7790
8460
8731
8542
7860
6682
5035
2982
617
-1939
-4548
-7057
-9312
-11167
-12493
-13191
-13196
-12482
-11069
-9020
-6438
-3461
-255
2997
6108
8898
11204
12890
13861
14064
13492
12187
10235
7758
4912
1871
-1180
-4065
-6617
-8696
-10195
-11046
-11224
-10747
-9674
-8098
-6139
-3938
-1644
595
2645
4387
5730
6615
7014
6936
6417
5522
4336
2960
1497
52
-1280
-2418
-3301
-3887
-4159
-4123
-3803
-3241
-2493
-1621
-690
236
1102
1857
2466
2905
3160
3234
3136
2884
2504
2021
1466
864
243
-375
-971
-1527
-2031
-2468
-2828
-3101
-3275
-3342
-3292
-3120
-2822
-2399
-1856
-1208
-473
320
1139
1947
2700
3356
3876
4223
4372
4305
4018
3523
2842
2012
1083
109
-848
-1730
-2481
-3052
-3409
-3533
-3423
-3094
-2578
-1923
-1187
-434
269
862
1291
1519
1525
1308
887
301
-394
-1132
-1837
-2434
-2850
-3028
-2926
-2524
-1826
-860
319
1640
3012
4335
5506
6429
7019
7211
6966
6272
5150
3650
1850
-147
-2226
-4259
-6121
-7692
-8873
-9586
-9782
-9446
-8597
-7284
-5586
-3607
-1466
711
2799
4681
6254
7442
8194
8489
8335
7770
6854
5665
4295
2839
1390
31
-1168
-2157
-2907
-3411
-3679
-3742
-3642
-3429
-3154
-2866
-2605
-2400
-2264
-2196
-2178
-2184
-2174
-2109
-1947
-1655
-1208
-598
165
1059
2039
3047
4015
4870
5538
5954
6065
5837
5258
4342
3127
1675
71
-1587
-3193
-4639
-5825
-6664
-7091
-7071
-6595
-5688
-4407
-2835
-1078
745
2507
4085
5365
6256
6693
6642
6105
5117
3749
2098
281
-1570
-3322
-4846
-6030
-6785
-7054
-6812
-6073
-4884
-3327
-1508
445
2400
4219
5776
6963
7699
7935
7655
6879
5664
4094
2278
338
-1592
-3388
-4933
-6130
-6910
-7235
-7097
-6523
-5570
-4319
-2871
-1335
173
1551
2704
3561
4075
4231
4039
3540
2795
1887
908
-45
-882
-1522
-1904
-1991
-1770
-1260
-503
434
1468
2502
3436
4175
4635
4752
4487
3827
2793
1435
-171
-1926
-3715
-5415
-6904
-8069
-8815
-9071
-8799
-7993
-6682
-4929
-2828
-499
1924
4296
6475
8327
9738
10621
10922
10621
9738
8327
6475
4296
1924
-499
-2828
-4929
-6682
-7993
-8799
-9071
-8815
-8069
-6904
-5415
-3715
-1926
-171
1435
2793
3827
4487
4752
4635
4175
3436
2502
1468
434
-503
-1260
-1770
-1991
-1904
-1522
-882
-45
908
1887
2795
3540
4039
4231
4075
3561
2704
1551
173
-1335
-2871
-4319
-5570
-6523
-7097
-7235
-6910
-6130
-4933
-3388
-1592
338
2278
4094
5664
6879
7655
7935
7699
6963
5776
4219
2400
445
-1508
-3327
-4884
-6073
-6812
-7054
-6785
-6030
-4846
-3322
-1570
281
2098
3749
5117
6105
6642
6693
6256
5365
4085
2507
745
-1078
-2835
-4407
-5688
-6595
-7071
-7091
-6664
-5825
-4639
-3193
-1587
71
1675
3127
4342
5258
5837
6065
5954
5538
4870
4015
3047
2039
1059
165
-598
-1208
-1655
-1947
-2109
-2174
-2184
-2178
-2196
-2264
-2400
-2605
-2866
-3154
-3429
-3642
-3742
-3679
-3411
-2907
-2157
-1168
31
1390
2839
4295
5665
6854
7770
8335
8489
8194
7442
6254
4680
2799
711
-1466
-3607
-5586
-7284
-8597
-9446
-9782
-9586
-8873
-7692
-6121
-4259
-2226
-147
1850
3650
5150
6272
6966
7211
7019
6429
5506
4335
3012
1640
319
-860
-1826
-2524
-2926
-3028
-2850
-2434
-1837
-1132
-394
301
887
1308
1525
1519
1291
862
269
-434
-1187
-1923
-2578
-3094
-3423
-3533
-3409
-3052
-2481
-1730
-848
109
1083
2012
2842
3523
4018
4305
4372
4223
3876
3356
2700
1947
1139
320
-473
-1208
-1856
-2399
-2822
-3120
-3292
-3342
-3275
-3101
-2828
-2468
-2031
-1527
-971
-375
243
864
1466
2021
2504
2884
3136
3234
3160
2905
2466
1857
1102
236
-690
-1621
-2493
-3241
-3803
-4123
-4159
-3887
-3301
-2418
-1280
52
1497
2960
4336
5522
6417
6936
7014
6615
5730
4387
2645
595
-1644
-3938
-6139
-8098
-9674
-10747
-11224
-11046
-10195
-8696
-6617
-4065
-1180
1871
4912
7758
10235
12187
13492
14064
13861
12890
11204
8898
6108
2997
-255
-3461
-6438
-9020
-11069
-12482
-13196
-13191
-12493
-11167
-9312
-7057
-4548
-1939
617
2982
5035
6682
7860
8542
8731
8460
7790
6801
5584
4236
2854
1524
318
-709
-1523
-2110
-2475
-2641
-2641
-2519
-2321
-2091
-1870
-1689
-1566
-1510
-1518
-1576
-1662
-1749
-1810
-1818
-1752
-1597
-1347
-1006
-585
-106
405
920
1409
1843
2198
2458
2613
2663
2614
2478
2276
2028
1755
1477
1210
964
741
540
351
161
-45
-285
-570
-911
-1307
-1753
-2233
-2723
-3193
-3607
-3925
-4109
-4128
-3954
-3574
-2984
-2197
-1240
-153
1013
2198
3337
4365
5222
5855
6225
6307
6093
5593
4836
3862
2726
1491
222
-1013
-2157
-3159
-3978
-4590
-4984
-5164
-5147
-4959
-4632
-4203
-3707
-3173
-2627
-2083
-1549
-1021
-490
58
640
1270
1955
2696
3481
4285
5073
5799
6405
6834
7026
6928
6499
5714
4569
3084
1303
-702
-2843
-5008
-7078
-8928
-10437
-11496
-12019
-11945
-11248
-9935
-8056
-5692
-2958
2
3033
5967
8639
10896
12609
13679
0
0
0
0
0
0
0
0
0
0
0
0
0
0
0
0
0
0
0
0
0
0
0
0
0
0
0
0
0
0
0
0
0
0
0
0
0
0
0
0
0
0
0
0
0
0
0
0
0
0
0
0
0
0
0
0
0
0
0
0
0
0
0
0
0
0
0
-4681
-4638
-4510
-4287
-3959
-3514
-2942
-2233
-1390
-420
655
1806
2989
4151
5231
6166
6891
7348
7486
7272
6689
5741
4455
2880
1085
-842
-2802
-4689
-6393
-7814
-8864
-9473
-9595
-9212
-8336
-7007
-5292
-3284
-1092
1162
3354
5360
7069
8388
9245
9598
9433
8768
7648
6146
4353
2376
329
-1670
-3515
-5108
-6372
-7249
-7709
-7745
-7377
-6645
-5609
-4343
-2930
-1456
-4
1347
2535
3508
4231
4687
4877
4815
4531
4062
3455
2756
2014
1273
571
-61
-602
-1040
-1372
-1601
-1738
-1798
-1798
-1758
-1693
-1619
-1545
-1480
-1424
-1377
-1332
-1282
-1218
-1129
-1006
-842
-631
-372
-67
279
658
1059
1466
1864
2235
2562
2827
3015
3111
3104
2986
2752
2401
1938
1371
712
-18
-800
-1606
-2407
-3170
-3862
-4449
-4901
-5188
-5287
-5180
-4858
-4320
-3576
-2644
-1555
-346
935
2237
3503
4674
5696
6515
7087
7378
7366
7040
6408
5488
4315
2936
1409
-202
-1826
-3394
-4834
-6084
-7087
-7801
-8194
-8249
-7967
-7359
-6455
-5296
-3932
-2422
-831
774
2329
3770
5042
6096
6895
7413
7634
7556
7188
6552
5678
4606
3383
2058
688
-673
-1972
-3160
-4190
-5027
-5641
-6013
-6136
-6012
-5654
-5085
-4338
-3451
-2470
-1443
-418
557
1441
2197
2798
3223
3467
3531
3430
3184
2823
2383
1900
1413
955
556
239
18
-103
-129
-75
38
185
334
455
521
508
400
191
-116
-511
-971
-1468
-1967
-2431
-2824
-3113
-3269
-3275
-3120
-2807
-2349
-1769
-1097
-371
368
1081
1731
2286
2723
3030
3203
3249
3184
3031
2816
2568
2312
2068
1851
1664
1501
1348
1183
977
701
328
-165
-792
-1551
-2426
-3386
-4384
-5358
-6238
-6946
-7405
-7546
-7311
-6664
-5590
-4104
-2251
-104
2236
4649
6996
9134
10921
12229
12951
13013
12375
11044
9065
6531
3569
341
-2970
-6174
-9078
-11506
-13308
-14372
-14629
-14063
-12708
-10649
-8017
-4978
-1725
1535
4601
7283
9419
10887
11613
11573
10796
9362
7394
5051
2514
-27
-2389
-4403
-5934
-6885
-7206
-6897
-6007
-4629
-2893
-955
1014
2846
4384
5497
6088
6104
5538
4434
2874
981
-1093
-3185
-5125
-6756
-7940
-8577
-8604
-8006
-6816
-5109
-3002
-641
1806
4169
6280
7990
9182
9772
9726
9051
7801
6072
3990
1708
-613
-2810
-4736
-6262
-7295
-7780
-7702
-7092
-6015
-4571
-2884
-1093
659
2242
3536
4453
4934
4958
4540
3730
2607
1274
-151
-1549
-2802
-3808
-4484
-4777
-4664
-4154
-3288
-2131
-772
688
2141
3483
4617
5466
5973
6107
5865
5267
4359
3206
1885
481
-919
-2236
-3398
-4349
-5051
-5483
-5643
-5543
-5212
-4685
-4007
-3222
-2374
-1500
-633
201
987
1713
2373
2964
3484
3929
4291
4559
4719
4753
4641
4365
3911
3271
2450
1460
330
-897
-2170
-3423
-4584
-5582
-6344
-6811
-6933
-6682
-6050
-5056
-3740
-2170
-430
1375
3139
4748
6095
7089
7657
7755
7367
6510
5233
3615
1757
-220
-2189
-4018
-5586
-6788
-7544
-7801
-7544
-6788
-5586
-4018
-2189
-220
1757
3615
5233
6510
7367
7755
7657
7089
6095
4748
3139
1375
-430
-2170
-3740
-5056
-6050
-6682
-6933
-6811
-6344
-5582
-4584
-3423
-2170
-897
330
1460
2450
3271
3911
4365
4641
4753
4719
4559
4291
3929
3484
2964
2373
1713
987
201
-633
-1500
-2374
-3222
-4007
-4685
-5212
-5543
-5643
-5483
-5051
-4349
-3398
-2236
-919
481
1885
3206
4359
5267
5865
6107
5973
5466
4617
3483
2141
688
-772
-2131
-3288
-4154
-4664
-4777
-4484
-3808
-2802
-1549
-151
1274
2607
3730
4540
4958
4934
4453
3536
2242
659
-1093
-2884
-4571
-6015
-7092
-7702
-7780
-7295
-6262
-4736
-2810
-613
1708
3990
6072
7801
9051
9726
9772
9182
7990
6280
4169
1806
-641
-3002
-5109
-6816
-8006
-8604
-8577
-7940
-6756
-5125
-3185
-1093
981
2874
4434
5538
6104
6088
5497
4384
2846
1014
-955
-2893
-4629
-6007
-6897
-7206
-6885
-5934
-4403
-2389
-27
2514
5051
7394
9361
10796
11573
11613
10887
9419
7283
4601
1535
-1725
-4978
-8017
-10649
-12708
-14063
-14629
-14372
-13308
-11506
-9078
-6174
-2970
341
3569
6531
9065
11044
12375
13013
12951
12229
10921
9134
6996
4649
2236
-104
-2251
-4104
-5590
-6664
-7311
-7546
-7405
-6946
-6238
-5358
-4384
-3386
-2426
-1551
-792
-165
328
701
977
1183
1348
1501
1664
1851
2068
2312
2568
2816
3031
3184
3249
3203
3030
2723
2286
1731
1081
368
-371
-1097
-1769
-2349
-2807
-3120
-3275
-3269
-3113
-2824
-2431
-1967
-1468
-971
-511
-116
191
400
508
521
455
334
185
38
-75
-129
-103
18
239
556
955
1413
1900
2383
2823
3184
3430
3531
3467
3223
2798
2197
1441
557
-418
-1443
-2470
-3451
-4338
-5085
-5654
-6012
-6136
-6013
-5641
-5027
-4190
-3160
-1972
-673
688
2058
3383
4606
5678
6552
7188
7556
7634
7413
6895
6096
5042
3770
2329
774
-831
-2422
-3932
-5296
-6455
-7359
-7967
-8249
-8194
-7801
-7087
-6084
-4834
-3394
-1826
-202
1409
2936
4315
5488
6408
7040
7366
7378
7087
6515
5696
4674
3503
2237
935
-346
-1555
-2644
-3576
-4320
-4858
-5180
-5287
-5188
-4901
-4449
-3862
-3170
-2407
-1606
-800
-18
712
1371
1938
2401
2752
2986
3104
3111
3015
2827
2562
2235
1864
1466
1059
658
279
-67
-372
-631
-842
-1006
-1129
-1218
-1282
-1332
-1377
-1424
-1480
-1545
-1619
-1693
-1758
-1798
-1798
-1738
-1601
-1372
-1040
-602
-61
571
1273
2014
2756
3455
4062
4531
4815
4877
4687
4231
3508
2535
1347
-4
-1456
-2930
-4343
-5609
-6645
-7377
-7745
-7709
-7249
-6372
-5108
-3515
-1670
329
2376
4353
6146
7648
8768
9433
9598
9245
8388
7069
5360
3354
1162
-1092
-3284
-5292
-7007
-8336
-9212
-9595
-9473
-8864
-7814
-6393
-4689
-2802
-842
1085
2880
4455
5741
6689
7272
7486
7348
6891
6166
5231
4151
2989
1806
655
-420
-1390
-2233
-2942
-3514
-3959
-4287
-4510
-4638
0
0
0
0
0
0
0
0
0
0
0
0
0
0
0
0
0
0
0
0
0
0
0
0
0
0
0
0
0
0
0
0
0
0
0
0
0
0
0
0
0
0
0
0
0
0
0
0
0
0
0
0
0
0
0
0
0
0
0
0
0
0
0
0
0
0
0
1560
1582
1643
1729
1814
1869
1863
1764
1548
1198
708
86
-644
-1449
-2283
-3090
-3810
-4385
-4761
-4894
-4755
-4330
-3628
-2674
-1517
-218
1147
2494
3739
4800
5604
6096
6239
6020
5448
4558
3405
2062
616
-839
-2212
-3414
-4372
-5029
-5349
-5323
-4962
-4306
-3411
-2350
-1206
-67
983
1871
2535
2935
3052
2892
2481
1866
1113
294
-510
-1222
-1773
-2107
-2186
-1995
-1541
-855
11
990
2001
2956
3772
4369
4682
4667
4300
3584
2549
1247
-245
-1839
-3431
-4915
-6188
-7158
-7751
-7912
-7616
-6863
-5685
-4140
-2310
-296
1787
3822
5688
7277
8493
9265
9545
9315
8586
7398
5816
3930
1844
-325
-2460
-4444
-6171
-7551
-8514
-9016
-9038
-8588
-7702
-6437
-4870
-3094
-1210
676
2464
4060
5385
6375
6988
7206
7030
6485
5617
4485
3163
1732
276
-1121
-2387
-3455
-4274
-4809
-5044
-4979
-4632
-4039
-3244
-2304
-1281
-240
758
1659
2413
2986
3353
3504
3445
3189
2766
2209
1560
862
158
-511
-1112
-1617
-2007
-2272
-2412
-2433
-2348
-2175
-1935
-1650
-1337
-1016
-698
-391
-98
180
450
717
987
1266
1554
1850
2145
2426
2676
2872
2990
3004
2893
2637
2228
1662
948
107
-830
-1822
-2819
-3766
-4606
-5282
-5745
-5954
-5881
-5514
-4858
-3934
-2782
-1456
-23
1442
2864
4164
5274
6133
6697
6941
6856
6455
5769
4844
3738
2520
1260
25
-1121
-2129
-2961
-3594
-4023
-4257
-4320
-4244
-4068
-3834
-3579
-3334
-3120
-2946
-2807
-2686
-2553
-2372
-2103
-1708
-1154
-420
500
1593
2828
4152
5495
6776
7900
8776
9315
9440
9096
8253
6911
5103
2895
385
-2304
-5031
-7640
-9976
-11893
-13263
-13987
-14001
-13282
-11852
-9776
-7160
-4145
-896
2401
5562
8406
10771
12527
13580
13880
13424
12255
10459
8161
5513
2684
-148
-2814
-5160
-7057
-8413
-9173
-9325
-8898
-7959
-6607
-4964
-3163
-1345
357
1831
2981
3746
4097
4037
3604
2860
1892
798
-314
-1345
-2201
-2810
-3120
-3107
-2773
-2147
-1281
-243
881
2008
3051
3932
4587
4972
5060
4851
4361
3628
2704
1651
536
-572
-1615
-2539
-3304
-3886
-4273
-4469
-4488
-4356
-4102
-3757
-3351
-2910
-2452
-1989
-1522
-1050
-561
-46
506
1104
1749
2433
3141
3845
4510
5096
5557
5847
5925
5758
5324
4618
3651
2452
1066
-445
-2009
-3544
-4968
-6201
-7172
-7824
-8117
-8033
-7574
-6765
-5651
-4296
-2773
-1166
441
1967
3341
4502
5407
6032
6370
6430
6238
5830
5252
4549
3768
2952
2133
1337
579
-135
-809
-1448
-2061
-2656
-3236
-3795
-4323
-4796
-5185
-5453
-5561
-5470
-5147
-4571
-3731
-2639
-1322
168
1766
3386
4932
6305
7406
8148
8460
8295
7637
6500
4935
3021
869
-1389
-3611
-5647
-7356
-8614
-9326
-9428
-8902
-7768
-6094
-3986
-1582
952
3442
5712
7596
8956
9687
9729
9070
7749
5853
3512
890
-1825
-4441
-6767
-8630
-9892
-10457
-10276
-9357
-7761
-5596
-3015
-201
2645
5321
7633
9415
10538
10922
10538
9415
7633
5321
2645
-201
-3015
-5596
-7761
-9357
-10276
-10457
-9892
-8630
-6767
-4441
-1825
890
3512
5853
7749
9070
9729
9687
8956
7596
5712
3442
952
-1582
-3986
-6094
-7768
-8902
-9428
-9326
-8614
-7356
-5647
-3611
-1389
869
3021
4935
6500
7637
8295
8460
8148
7406
6305
4932
3386
1766
168
-1322
-2639
-3731
-4571
-5147
-5470
-5561
-5453
-5185
-4796
-4323
-3795
-3236
-2656
-2061
-1448
-809
-135
579
1337
2133
2952
3768
4549
5252
5830
6238
6430
6370
6032
5407
4502
3341
1967
441
-1166
-2773
-4296
-5651
-6765
-7574
-8033
-8117
-7824
-7172
-6201
-4968
-3544
-2009
-445
1066
2452
3651
4618
5324
5758
5925
5847
5557
5096
4510
3845
3141
2433
1749
1104
506
-46
-561
-1050
-1522
-1989
-2452
-2910
-3351
-3757
-4102
-4356
-4488
-4469
-4273
-3886
-3304
-2539
-1615
-572
536
1651
2704
3628
4361
4851
5060
4972
4587
3932
3051
2008
881
-243
-1281
-2147
-2773
-3107
-3120
-2810
-2201
-1345
-314
798
1892
2860
3604
4037
4097
3746
2981
1831
357
-1345
-3163
-4964
-6607
-7959
-8898
-9325
-9173
-8413
-7057
-5160
-2814
-148
2684
5513
8161
10459
12255
13424
13880
13580
12527
10771
8406
5562
2401
-896
-4145
-7160
-9776
-11852
-13282
-14001
-13987
-13263
-11893
-9976
-7640
-5031
-2304
385
2895
5103
6911
8253
9096
9440
9315
8776
7900
6776
5495
4152
2828
1593
500
-420
-1154
-1708
-2103
-2372
-2553
-2686
-2807
-2946
-3120
-3334
-3579
-3834
-4068
-4244
-4320
-4257
-4023
-3594
-2961
-2129
-1121
25
1260
2520
3738
4844
5769
6455
6856
6941
6697
6133
5274
4164
2864
1442
-23
-1456
-2782
-3934
-4858
-5514
-5881
-5954
-5745
-5282
-4606
-3766
-2819
-1822
-830
107
948
1662
2228
2637
2893
3004
2990
2872
2676
2426
2145
1850
1554
1266
987
717
450
180
-98
-391
-698
-1016
-1337
-1650
-1935
-2175
-2348
-2433
-2412
-2272
-2007
-1617
-1112
-511
158
862
1560
2209
2766
3189
3445
3504
3353
2986
2413
1659
758
-240
-1281
-2304
-3244
-4039
-4632
-4979
-5044
-4809
-4274
-3455
-2387
-1121
276
1732
3163
4485
5617
6485
7030
7206
6988
6375
5385
4060
2464
676
-1210
-3094
-4870
-6437
-7702
-8588
-9038
-9016
-8514
-7551
-6171
-4444
-2460
-325
1844
3930
5816
7398
8586
9315
9545
9265
8493
7277
5688
3822
1787
-296
-2310
-4140
-5685
-6863
-7616
-7912
-7751
-7158
-6188
-4915
-3431
-1839
-245
1247
2549
3584
4300
4667
4682
4369
3772
2956
2001
990
11
-855
-1541
-1995
-2186
-2107
-1773
-1222
-510
294
1113
1866
2481
2892
3052
2935
2535
1871
983
-67
-1206
-2350
-3411
-4306
-4962
-5323
-5349
-5029
-4372
-3414
-2212
-839
616
2062
3405
4558
5448
6020
6239
6096
5604
4800
3739
2494
1147
-218
-1517
-2674
-3628
-4330
-4755
-4894
-4761
-4385
-3810
-3090
-2283
-1449
-644
86
708
1198
1548
1764
1863
1869
1814
1729
1643
1582
0
0
0
0
0
0
0
0
0
0
0
0
0
0
0
0
0
0
0
0
0
0
0
0
0
0
0
0
0
0
0
0
0
0
0
0
0
0
0
0
0
0
0
0
0
0
0
0
0
0
0
0
0
0
0
0
0
0
0
0
0
0
0
0
0
0
0
14043
13652
12505
10671
8260
5417
2314
-867
-3940
-6727
-9072
-10848
-11968
-12383
-12093
-11138
-9601
-7596
-5265
-2762
-250
2118
4205
5896
7109
7799
7958
7613
6828
5692
4314
2814
1315
-69
-1241
-2124
-2670
-2864
-2719
-2278
-1609
-799
57
860
1518
1952
2104
1942
1465
699
-301
-1460
-2680
-3857
-4884
-5661
-6104
-6150
-5768
-4953
-3739
-2186
-385
1552
3500
5329
6912
8137
8912
9177
8903
8099
6807
5107
3102
919
-1303
-3426
-5316
-6855
-7954
-8551
-8621
-8174
-7256
-5944
-4340
-2564
-745
991
2528
3768
4638
5098
5138
4782
4085
3125
2000
819
-309
-1284
-2019
-2450
-2542
-2288
-1713
-871
160
1287
2405
3407
4194
4682
4810
4544
3882
2850
1509
-58
-1749
-3447
-5033
-6392
-7423
-8047
-8210
-7891
-7098
-5876
-4293
-2446
-445
1587
3530
5270
6706
7761
8383
8548
8263
7562
6504
5166
3641
2026
418
-1091
-2428
-3531
-4361
-4902
-5155
-5143
-4904
-4486
-3943
-3332
-2703
-2102
-1560
-1098
-724
-432
-208
-28
133
305
509
764
1078
1449
1865
2305
2739
3134
3453
3663
3734
3646
3389
2964
2386
1681
883
38
-809
-1612
-2327
-2916
-3352
-3620
-3716
-3650
-3440
-3117
-2714
-2267
-1814
-1384
-1002
-682
-429
-235
-85
43
178
348
577
885
1281
1762
2314
2908
3505
4059
4515
4821
4926
4791
4389
3709
2761
1575
200
-1296
-2834
-4324
-5674
-6797
-7612
-8059
-8097
-7708
-6903
-5719
-4217
-2479
-605
1298
3120
4757
6115
7120
7720
7890
7632
6977
5977
4707
3254
1715
185
-1241
-2488
-3491
-4210
-4624
-4737
-4573
-4172
-3591
-2891
-2139
-1394
-713
-136
309
613
779
827
784
689
581
496
465
509
638
847
1117
1420
1718
1967
2126
2155
2025
1720
1238
595
-174
-1025
-1895
-2716
-3420
-3937
-4213
-4203
-3884
-3255
-2339
-1182
148
1569
2984
4293
5398
6208
6653
6683
6272
5429
4187
2610
787
-1175
-3160
-5041
-6700
-8028
-8937
-9362
-9266
-8648
-7534
-5981
-4073
-1915
375
2673
4855
6806
8423
9627
10361
10594
10326
9577
8395
6847
5013
2986
860
-1268
-3308
-5178
-6808
-8142
-9138
-9769
-10022
-9900
-9415
-8591
-7460
-6065
-4452
-2675
-791
1137
3047
4870
6540
7993
9166
10005
10465
10513
10131
9317
8092
6493
4581
2432
141
-2186
-4439
-6503
-8271
-9647
-10555
-10940
-10777
-10071
-8858
-7205
-5204
-2969
-629
1679
3824
5681
7146
8139
8611
8548
7971
6932
5516
3831
1999
153
-1579
-3078
-4246
-5008
-5325
-5187
-4622
-3687
-2467
-1069
389
1788
3011
3957
4549
4734
4495
3847
2834
1532
38
-1535
-3070
-4448
-5563
-6328
-6681
-6588
-6048
-5093
-3783
-2202
-455
1344
3077
4633
5913
6838
7353
7433
7081
6328
5232
3869
2332
720
-866
-2333
-3597
-4594
-5279
-5629
-5644
-5347
-4777
-3989
-3045
-2015
-968
33
935
1694
2280
2677
2883
2907
2770
2497
2121
1673
1187
690
210
-234
-627
-958
-1219
-1408
-1522
-1560
-1522
-1408
-1219
-958
-627
-234
210
690
1187
1673
2121
2497
2770
2907
2883
2677
2280
1694
935
33
-968
-2015
-3045
-3989
-4777
-5347
-5644
-5629
-5279
-4594
-3597
-2333
-866
720
2332
3869
5232
6328
7081
7433
7353
6838
5913
4633
3077
1344
-455
-2202
-3783
-5093
-6048
-6588
-6681
-6328
-5563
-4448
-3070
-1535
38
1532
2834
3847
4495
4734
4549
3957
3011
1788
389
-1069
-2467
-3687
-4622
-5187
-5325
-5008
-4246
-3078
-1579
153
1999
3831
5516
6932
7971
8548
8611
8139
7146
5681
3824
1679
-629
-2969
-5204
-7205
-8858
-10071
-10777
-10940
-10555
-9647
-8271
-6503
-4439
-2186
141
2432
4581
6493
8092
9317
10131
10513
10465
10005
9166
7993
6540
4870
3047
1137
-791
-2675
-4452
-6065
-7460
-8591
-9415
-9900
-10022
-9769
-9138
-8142
-6808
-5178
-3308
-1268
860
2986
5013
6847
8395
9577
10326
10594
10361
9627
8423
6806
4855
2673
375
-1915
-4073
-5981
-7534
-8648
-9266
-9362
-8937
-8028
-6700
-5041
-3160
-1175
787
2610
4187
5429
6272
6683
6653
6208
5398
4293
2984
1569
148
-1182
-2339
-3255
-3884
-4203
-4213
-3937
-3420
-2716
-1895
-1025
-174
595
1238
1720
2025
2155
2126
1967
1718
1420
1117
847
638
509
465
496
581
689
784
827
779
613
309
-136
-713
-1394
-2139
-2891
-3591
-4172
-4573
-4737
-4624
-4210
-3491
-2488
-1241
185
1715
3254
4707
5977
6977
7632
7890
7720
7120
6115
4757
3120
1298
-605
-2479
-4217
-5719
-6903
-7708
-8097
-8059
-7612
-6797
-5674
-4324
-2834
-1296
200
1575
2761
3709
4389
4791
4926
4821
4515
4059
3505
2908
2314
1762
1281
885
577
348
178
43
-85
-235
-429
-682
-1002
-1384
-1814
-2267
-2714
-3117
-3440
-3650
-3716
-3620
-3352
-2916
-2327
-1612
-809
38
883
1681
2386
2964
3389
3646
3734
3663
3453
3134
2739
2305
1865
1449
1078
764
509
305
133
-28
-208
-432
-724
-1098
-1560
-2102
-2703
-3332
-3943
-4486
-4904
-5143
-5155
-4902
-4361
-3531
-2428
-1091
418
2026
3641
5166
6504
7562
8263
8548
8383
7761
6706
5270
3530
1587
-445
-2446
-4293
-5876
-7098
-7891
-8210
-8047
-7423
-6392
-5033
-3447
-1749
-58
1509
2850
3882
4544
4810
4682
4194
3407
2405
1287
160
-871
-1713
-2288
-2542
-2450
-2019
-1284
-309
819
2000
3125
4085
4782
5138
5098
4638
3768
2528
991
-745
-2564
-4340
-5944
-7256
-8174
-8621
-8551
-7954
-6855
-5316
-3426
-1303
919
3102
5107
6807
8099
8903
9177
8912
8137
6912
5329
3500
1552
-385
-2186
-3739
-4953
-5768
-6150
-6104
-5661
-4884
-3857
-2680
-1460
-301
699
1465
1942
2104
1952
1518
860
57
-799
-1609
-2278
-2719
-2864
-2670
-2124
-1241
-69
1315
2814
4314
5692
6828
7613
7958
7799
7109
5896
4205
2118
-250
-2762
-5265
-7596
-9601
-11138
-12093
-12383
-11968
-10848
-9072
-6727
-3940
-867
2314
5417
8260
10671
12505
13652
0
0
0
0
0
0
0
0
0
0
0
0
0
0
0
0
0
0
0
0
0
0
0
0
0
0
0
0
0
0
0
0
0
0
0
0
0
0
0
0
0
0
0
0
0
0
0
0
0
0
0
0
0
0
0
0
0
0
0
0
0
0
0
0
0
0
0
