0
4278
8485
12550
16402
19973
23203
26035
28419
30314
31684
32507
32766
32456
31581
30156
28203
25758
22860
19561
15917
11991
7852
3573
-771
-5106
-9352
-13436
-17284
-20829
-24006
-26759
-29038
-30801
-32015
-32660
-32720
-32196
-31094
-29434
-27244
-24563
-21439
-17925
-14087
-9991
-5712
-1327
3083
7441
11667
15683
19415
22796
25762
28259
30239
31667
32514
32764
32412
31462
29931
27847
25247
22178
18696
14865
10755
6443
2009
-2465
-6896
-11201
-15299
-19113
-22570
-25606
-28162
-30190
-31650
-32514
-32764
-32394
-31411
-29832
-27686
-25012
-21861
-18292
-14372
-10175
-5781
-1274
3259
7733
12062
16161
19951
23359
26318
28771
30668
31973
32659
32711
32127
30919
29107
26727
23823
20452
16679
12577
8226
3711
-879
-5455
-9926
-14204
-18204
-21846
-25058
-27775
-29942
-31516
-32464
-32766
-32415
-31417
-29790
-27567
-24790
-21514
-17805
-13736
-9388
-4849
-209
4437
8997
13377
17489
21248
24578
27411
29687
31359
32393
32765
32468
31507
29899
27676
24884
21579
17828
13707
9301
4700
0
-4703
-9311
-13729
-17864
-21629
-24947
-27746
-29968
-31566
-32503
-32761
-32332
-31225
-29460
-27076
-24119
-20653
-16748
-12488
-7961
-3263
1506
6246
10856
15238
19298
22949
26112
28719
30713
32051
32702
32651
31900
30461
28366
25658
22395
18646
14492
10022
5332
524
-4298
-9029
-13567
-17811
-21669
-25055
-27896
-30127
-31699
-32577
-32739
-32182
-30916
-28967
-26379
-23206
-19519
-15397
-10932
-6222
-1372
3511
8320
12945
17284
21240
24723
27655
29968
31611
32545
32748
32214
30954
28995
26381
23169
19431
15252
10724
5950
1038
-3899
-8751
-13405
-17757
-21705
-25159
-28038
-30277
-31822
-32637
-32702
-32014
-30588
-28456
-25665
-22280
-18377
-14047
-9388
-4509
477
5455
10308
14924
19194
23018
26305
28979
30974
32243
32756
32498
31476
29711
27244
24133
20449
16280
11722
6884
1880
-3170
-8148
-12935
-17416
-21484
-25041
-28000
-30291
-31856
-32659
-32677
-31909
-30373
-28105
-25157
-21600
-17520
-13013
-8189
-3163
1941
7001
11893
16499
20705
24407
27516
29953
31659
32589
32721
32049
30590
28377
25463
21921
17836
13307
8448
3377
-1780
-6896
-11843
-16499
-20746
-24479
-27603
-30040
-31727
-32621
-32699
-31957
-30413
-28105
-25088
-21439
-17247
-12618
-7668
-2522
2689
7836
12787
17416
21605
25247
28248
30530
32035
32723
32574
31592
29801
27244
23987
20112
15718
10917
5832
595
-4660
-9798
-14685
-19194
-23208
-26622
-29345
-31307
-32455
-32757
-32206
-30813
-28614
-25665
-22043
-17841
-13169
-8148
-2911
2405
7661
12717
17440
21705
25397
28419
30689
32146
32750
32483
31352
29385
26633
23169
19084
14487
9500
4255
-1105
-6439
-11603
-16457
-20870
-24723
-27911
-30346
-31961
-32712
-32578
-31559
-29684
-27001
-23582
-19519
-14922
-9916
-4636
771
6162
11386
16301
20770
24671
27896
30354
31977
32719
32558
31498
29565
26813
23317
19172
14492
9407
4058
-1405
-6833
-12073
-16978
-21411
-25247
-28377
-30713
-32188
-32760
-32410
-31148
-29007
-26047
-22351
-18021
-13179
-7961
-2516
3003
8440
13640
18454
22745
26389
29282
31340
32503
32737
32033
30409
27913
24613
20604
16000
10932
5547
0
-5550
-10942
-16021
-20637
-24657
-27963
-30458
-32068
-32745
-32468
-31244
-29107
-26118
-22364
-17952
-13013
-7689
-2137
3479
8997
14252
19090
23367
26955
29748
31662
32640
32650
31691
29790
27003
23411
19119
14256
8965
3403
-2262
-7862
-13230
-18204
-22633
-26385
-29345
-31423
-32556
-32707
-31871
-30072
-27362
-23823
-19561
-14703
-9397
-3803
1908
7565
12994
18030
22517
26318
29316
31419
32559
32702
31841
30001
27238
23635
19302
14372
8996
3339
-2422
-8112
-13553
-18577
-23026
-26761
-29667
-31650
-32648
-32629
-31591
-29565
-26615
-22829
-18327
-13249
-7752
-2009
3799
9491
14886
19815
24120
27666
30338
32052
32751
32412
31044
28690
25423
21345
16586
11295
5642
-193
-6025
-11667
-16938
-21669
-25706
-28920
-31206
-32489
-32726
-31909
-30063
-27244
-23544
-19081
-13998
-8460
-2644
3259
9060
14569
19606
24006
27626
30346
32075
32756
32366
30916
28451
25051
20827
15917
10480
4696
-1244
-7147
-12817
-18065
-22719
-26622
-29644
-31684
-32674
-32578
-31398
-29173
-25975
-21909
-17110
-11737
-5969
0
5972
11747
17130
21941
26016
29217
31436
32596
32657
31615
29504
26395
22390
17625
12260
6476
470
-5554
-11392
-16845
-21726
-25867
-29127
-31393
-32585
-32662
-31619
-29491
-26349
-22301
-17483
-12062
-6222
-166
5898
11762
17222
22088
26191
29387
31566
32648
32597
31411
29131
25835
21636
16679
11138
5205
-912
-7001
-12847
-18244
-23003
-26955
-29960
-31912
-32739
-32412
-30940
-28374
-24803
-20353
-15179
-9465
-3413
2763
8843
14612
19863
24407
28083
30758
32334
32755
32003
30103
27124
23169
18381
12929
7010
836
-5370
-11386
-16993
-21989
-26191
-29446
-31636
-32680
-32538
-31214
-28754
-25247
-20819
-15630
-9868
-3744
2518
8692
14551
19879
24480
28184
30855
32393
32739
31880
29845
26709
22585
17625
12011
5950
-333
-6607
-12639
-18204
-23094
-27128
-30152
-32055
-32763
-32248
-30528
-27666
-23767
-18976
-13473
-7461
-1167
5173
11322
17047
22132
26385
29644
31785
32724
32427
30901
28203
24435
19738
14288
8294
1981
-4409
-10635
-16457
-21654
-26025
-29402
-31656
-32697
-32485
-31027
-28377
-24634
-19943
-14481
-8460
-2109
4324
10594
16457
21686
26077
29459
31699
32710
32451
30929
28203
24378
19601
14056
7961
1552
-4919
-11201
-17047
-22227
-26537
-29806
-31906
-32751
-32307
-30590
-27666
-23648
-18696
-13002
-6791
-309
6187
12441
18204
23246
27366
30398
32222
32762
31995
29951
26709
22398
17189
11289
4935
-1619
-8112
-14281
-19879
-24678
-28486
-31147
-32552
-32643
-31416
-28917
-25247
-20553
-15023
-8882
-2378
4225
10659
16662
21989
26421
29777
31918
32756
32254
30432
27362
23169
18024
12137
5748
-879
-7473
-13762
-19485
-24407
-28323
-31070
-32533
-32650
-31414
-28875
-25136
-20353
-14721
-8475
-1874
4807
11292
17307
22602
26955
30182
32146
32765
32010
29911
26556
22083
16679
10571
4016
-2711
-9326
-15551
-21121
-25799
-29387
-31732
-32732
-32344
-30582
-27520
-23286
-18060
-12062
-5547
1206
7911
14280
20041
24947
28786
31393
32653
32513
30975
28105
24024
18906
12972
6476
-301
-7069
-13534
-19415
-24458
-28443
-31196
-32596
-32580
-31148
-28360
-24336
-19250
-13322
-6811
0
6813
13332
19269
24364
28393
31178
32594
32578
31129
28309
24241
19103
13120
6555
-301
-7147
-13680
-19609
-24671
-28641
-31340
-32648
-32505
-30916
-27948
-23735
-18460
-12360
-5706
1206
8067
14569
20421
25359
29162
31656
32728
32328
30473
27244
22786
17298
11027
4255
-2711
-9557
-15974
-21669
-26383
-29901
-32062
-32766
-31979
-29736
-26137
-21345
-15577
-9095
-2195
4807
11593
17850
23291
27666
30771
32464
32665
31362
28614
24546
19345
13249
6538
-477
-7473
-14125
-20126
-25196
-29098
-31650
-32732
-32292
-30349
-26991
-22374
-16712
-10266
-3339
3746
10659
17076
22694
27251
30530
32377
32702
31489
28793
24740
19519
13375
6597
-494
-7565
-14281
-20323
-25404
-29282
-31772
-32753
-32178
-30072
-26533
-21729
-15887
-9285
-2238
4919
11843
18204
23695
28052
31066
32589
32548
30942
27847
23411
17845
11416
4435
-2763
-9830
-16425
-22227
-26955
-30378
-32330
-32713
-31507
-28769
-24631
-19293
-13013
-6096
1120
8285
15047
21076
26077
29802
32068
32763
31850
29372
25451
20276
14101
7230
0
-7232
-14111
-20295
-25478
-29402
-31872
-32764
-32033
-29711
-25913
-20827
-14703
-7845
-595
6688
13640
19914
25196
29220
31785
32759
32093
29819
26047
20967
14832
7950
664
-6656
-13645
-19948
-25247
-29273
-31822
-32763
-32046
-29706
-25861
-20703
-14492
-7543
-209
7138
14125
20396
25629
29557
31977
32766
31880
29363
25342
20022
13674
6622
-771
-8129
-15071
-21240
-26318
-30042
-32219
-32734
-31559
-28754
-24461
-18901
-12360
-5177
2276
9615
16457
22447
27271
30678
32489
32608
31026
27825
23169
17302
10527
3199
-4298
-11573
-18244
-23960
-28419
-31387
-32705
-32302
-30198
-26501
-21406
-15179
-8148
-684
6817
13962
20369
25700
29668
32064
32757
31710
28975
24698
19103
12488
5205
-2358
-9798
-16717
-22745
-27557
-30894
-32577
-32513
-30703
-27244
-22319
-16192
-9191
-1693
5898
13175
19743
25247
29388
31941
32765
31816
29141
24884
19276
12618
5272
-2362
-9871
-16845
-22903
-27714
-31014
-32621
-32445
-30495
-26875
-21781
-15492
-8351
-749
6896
14165
20658
26016
29942
32220
32721
31417
28377
23767
17841
10926
3403
-4310
-11787
-18613
-24407
-28847
-31684
-32759
-32010
-29476
-25298
-19707
-13013
-5590
2148
9769
16845
22980
27828
31116
32659
32366
30254
26438
21133
14635
7310
-430
-8148
-15409
-21801
-26962
-30598
-32502
-32563
-30778
-27244
-22162
-15818
-8572
-836
6950
14343
20920
26305
30190
32350
32661
31103
27762
22829
16586
9388
1649
-6187
-13670
-20369
-25898
-29936
-32249
-32702
-31267
-28024
-23161
-16955
-9766
-2009
5867
13405
20168
25762
29860
32222
32709
31291
28049
23169
16936
9711
1916
-5992
-13553
-20323
-25904
-29968
-32275
-32687
-31179
-27837
-22855
-16527
-9222
-1372
6562
14111
20829
26318
30252
32397
32623
30916
27374
22206
15718
8294
373
-7571
-15067
-21669
-26980
-30683
-32556
-32483
-30469
-26631
-21197
-14492
-6916
1077
9009
16402
22811
27851
31216
32702
32218
29790
25564
19793
12824
5078
-2978
-10856
-18080
-24210
-28873
-31785
-32766
-31757
-28816
-24119
-17952
-10689
-2772
5316
13083
20053
25799
29968
32304
32662
31017
27469
22233
15630
8064
0
-8067
-15639
-22251
-27492
-31038
-32669
-32282
-29899
-25665
-19840
-12785
-4935
3223
11185
18454
24578
29176
31960
32754
31507
28295
23317
16881
9388
1306
-6859
-14599
-21426
-26913
-30713
-32587
-32415
-30206
-26096
-20343
-13307
-5431
2789
10837
18204
24423
29100
31937
32755
31498
28244
23199
16679
9099
938
-7285
-15047
-21854
-27271
-30951
-32659
-32282
-29844
-25497
-19519
-12290
-4271
4023
12062
19330
25359
29762
32252
32670
30984
27303
21861
15008
7184
-1105
-9326
-16947
-23474
-28484
-31650
-32766
-31757
-28687
-23753
-17274
-9670
-1435
6896
14781
21705
27215
30951
32666
32248
29720
25247
19119
11737
3583
-4807
-12886
-20121
-26035
-30239
-32455
-32534
-30469
-26395
-20578
-13400
-5336
3083
11302
18775
25007
29584
32200
32681
30992
27244
21684
14679
6695
-1736
-10055
-17706
-24178
-29038
-31959
-32744
-31340
-27837
-22468
-15592
-7668
771
9163
16942
23583
28641
31772
32764
31548
28203
22955
16155
8261
-193
-8637
-16499
-23246
-28419
-31667
-32766
-31641
-28366
-23161
-16378
-8479
0
8482
16388
23178
28387
31659
32766
31633
28334
23092
16267
8323
-193
-8699
-16610
-23382
-28547
-31748
-32764
-31521
-28105
-22748
-15818
-7793
771
9287
17161
23850
28887
31923
32744
31292
27666
22114
15023
6884
-1736
-10238
-18030
-24565
-29387
-32158
-32681
-30919
-26991
-21173
-13868
-5590
3083
11543
19194
25499
30012
32414
32534
30361
26047
19895
12336
3903
-4807
-13181
-20625
-26610
-30711
-32637
-32248
-29569
-24790
-18247
-10405
-1820
6896
15124
22277
27843
31423
32760
31757
28483
23169
16196
8060
-655
-9326
-17331
-24094
-29127
-32068
-32703
-30984
-27033
-21133
-13707
-5289
3511
12062
19743
25999
30374
32552
32371
29844
25150
18630
10754
2094
-6719
-15047
-22282
-27896
-31478
-32765
-31661
-28244
-22763
-15616
-7324
1506
10228
18204
24847
29668
32313
32585
30461
26096
19809
12062
3423
-5469
-13962
-21426
-27310
-31178
-32740
-31881
-28661
-23317
-16242
-7961
912
9721
17811
24578
29519
32265
32608
30520
26157
19840
12041
3339
-5613
-14150
-21629
-27492
-31296
-32755
-31758
-28377
-22863
-15630
-7219
1736
10564
18599
25234
29968
32443
32468
30041
25342
18725
10689
1842
-7147
-15598
-22868
-28404
-31785
-32751
-31227
-27327
-21345
-13736
-5078
3969
12717
20496
26712
30887
32702
32014
28875
23522
16364
7950
-1077
-10024
-18204
-24986
-29848
-32414
-32483
-30050
-25298
-18593
-10451
-1499
7571
16058
23305
28750
31969
32711
30916
26720
20449
12587
3744
-5391
-14111
-21734
-27666
-31442
-32766
-31533
-27837
-21964
-14372
-5653
3510
12401
20323
26654
30894
32710
31957
28692
23169
15822
7226
-1941
-10958
-19113
-25762
-30378
-32596
-32237
-29328
-24096
-16955
-8469
691
9799
18132
25028
29936
32465
32412
29778
24772
17791
9388
234
-8940
-17404
-24479
-29598
-32350
-32513
-30072
-25219
-18342
-9991
-836
8388
16942
24135
29387
32275
32563
30226
25451
18620
10283
1113
-8148
-16754
-24006
-29316
-32252
-32574
-30254
-25477
-18630
-10266
-1066
8222
16845
24098
29390
32286
32549
30156
25298
18372
9941
695
-8610
-17213
-24407
-29603
-32371
-32482
-29925
-24908
-17841
-9305
0
9307
17850
24924
29942
32491
32356
29546
24293
17028
8351
-1019
-10308
-18745
-25629
-30386
-32621
-32145
-28995
-23432
-15917
-7073
2362
11603
19879
26497
30903
32728
31816
28241
22301
14491
5464
-4023
-13175
-21224
-27492
-31451
-32766
-31324
-27244
-20868
-12732
-3519
5992
15001
22745
28568
31977
32682
30619
25962
19103
10622
1238
-8253
-17047
-24394
-29668
-32420
-32412
-29643
-24347
-16973
-8148
1373
10781
19269
26112
30723
32705
31886
28334
22351
14449
5304
-4298
-13534
-21608
-27826
-31650
-32749
-31026
-26627
-19930
-11510
-2094
7504
16457
23989
29446
32355
32460
29752
24461
17046
8148
-1459
-10942
-19477
-26318
-30870
-32732
-31742
-27983
-21780
-13674
-4371
5316
14541
22496
28484
31977
32669
30495
25645
18541
9807
209
-9410
-18204
-25397
-30356
-32640
-32046
-28625
-22675
-14721
-5464
4278
13645
21806
28038
31787
32719
30748
26047
19032
10324
695
-8997
-17892
-25196
-30256
-32621
-32077
-28669
-22701
-14703
-5389
4409
13816
21989
28193
31872
32694
30582
25725
18555
9715
0
-9718
-18563
-25739
-30598
-32699
-31850
-28126
-21861
-13619
-4144
5708
15047
23026
28920
32194
32549
29951
24631
17073
7961
-1876
-11547
-20168
-26955
-31287
-32766
-31257
-26894
-20073
-11416
-1713
8148
17267
24807
30076
32589
32113
28690
22632
14492
5018
-4919
-14407
-22570
-28657
-32104
-32591
-30072
-24775
-17189
-8012
1907
11653
20323
27113
31393
32763
31094
26539
19519
10683
852
-9060
-18132
-25519
-30530
-32697
-31816
-27965
-21503
-13031
-3339
6667
16052
23938
29584
32459
32292
29097
23169
15065
5543
-4501
-14125
-22423
-28612
-32108
-32578
-29977
-24546
-16798
-7461
2582
12385
21019
27666
31694
32721
30647
25665
18247
9095
-923
-10856
-19760
-26786
-31264
-32766
-31146
-26556
-19431
-10451
-470
9557
18675
26008
30855
32749
31507
27244
20368
11537
1595
-8501
-17784
-25359
-30497
-32702
-31758
-27754
-21074
-12360
-2451
7696
17103
24860
30215
32648
31922
28105
21563
12929
3039
-7147
-16643
-24525
-30025
-32607
-32016
-28309
-21844
-13249
-3359
6859
16412
24364
29939
32588
32050
28377
21924
13322
3413
-6833
-16412
-24382
-29960
-32596
-32028
-28309
-21804
-13150
-3199
7069
16643
24578
30089
32630
31946
28105
21482
12732
2719
-7565
-17103
-24947
-30318
-32680
-31797
-27754
-20951
-12062
-1970
8320
17784
25478
30633
32732
31565
27244
20200
11134
952
-9326
-18675
-26154
-31014
-32765
-31228
-26556
-19215
-9941
333
10578
19760
26955
31436
32749
30759
25665
17979
8475
-1887
-12062
-21019
-27851
-31864
-32650
-30126
-24546
-16475
-6728
3703
13762
22423
28806
32258
32427
29291
23169
14683
4696
-5772
-15653
-23938
-29777
-32571
-32033
-28214
-21503
-12587
-2378
8077
17706
25519
30711
32748
31416
26850
19519
10175
-219
-10594
-19879
-27113
-31549
-32726
-30520
-25157
-17189
-7439
3083
13289
22119
28657
32222
32441
29289
23092
14492
4381
-6187
-16114
-24364
-30076
-32652
-31820
-27666
-20619
-11416
-1017
9491
19008
26537
31287
32757
30792
25595
17709
7961
-2625
-12939
-21894
-28547
-32194
-32451
-29286
-23032
-14346
-4144
6498
16457
24678
30291
32699
31644
27238
19943
10531
0
-10533
-19951
-27251
-31656
-32694
-30254
-24592
-16309
-6286
4409
14637
23305
29487
32519
32077
28203
21312
12137
1660
-8997
-18692
-26385
-31248
-32757
-30748
-25434
-17383
-7461
3266
13645
22556
29038
32390
32248
28625
21909
12824
2351
-8378
-18204
-26061
-31098
-32765
-30880
-25645
-17625
-7689
3083
13524
22496
29023
32393
32235
28565
21780
12618
2077
-8692
-18516
-26318
-31245
-32755
-30681
-25247
-17046
-6975
3863
14280
23132
29446
32527
32033
28015
20915
11510
836
-9932
-19609
-27125
-31650
-32682
-30103
-24198
-15616
-5304
5596
15880
24407
30232
32705
31550
26894
19250
9465
-1373
-12062
-21411
-28379
-32188
-32412
-29022
-22395
-13267
-2656
8253
18244
26197
31222
32754
30619
25054
16679
6433
-4537
-15001
-23783
-29895
-32648
-31731
-27244
-19690
-9916
976
11762
21224
28293
32170
32415
28997
22301
13080
2378
-8595
-18599
-26497
-31393
-32729
-30352
-24528
-15917
-5494
5554
15974
24578
30386
32734
31352
26395
18425
8351
-2679
-13405
-22602
-29217
-32491
-32046
-27932
-20616
-10936
0
10939
20625
27944
32055
32482
29173
22507
13249
2462
-8610
-18692
-26622
-31481
-32707
-30156
-24119
-15293
-4696
6446
16845
25296
30817
32766
30916
25477
17079
6695
-4468
-15115
-24006
-30106
-32702
-31489
-26606
-18620
-8460
2689
13528
22788
29387
32552
31909
27532
19930
9991
-1120
-12103
-21669
-28693
-32350
-32208
-28280
-21025
-11295
-234
10856
20671
28052
32127
32412
28871
21921
12379
1372
-9799
-19815
-27487
-31906
-32545
-29328
-22632
-13249
-2291
8940
19113
27016
31708
32629
29666
23169
13911
2992
-8285
-18577
-26654
-31549
-32677
-29899
-23544
-14372
-3477
7836
18214
26411
31442
32702
30037
23764
14635
3744
-7598
-18030
-26293
-31393
-32711
-30086
-23833
-14703
-3796
7571
18026
26305
31405
32707
30050
23753
14577
3632
-7754
-18204
-26446
-31479
-32688
-29925
-23522
-14256
-3253
8148
18560
26712
31608
32650
29706
23135
13736
2656
-8751
-19090
-27095
-31785
-32581
-29385
-22585
-13013
-1842
9557
19786
27585
31994
32468
28947
21861
12081
809
-10564
-20637
-28166
-32219
-32293
-28377
-20951
-10932
440
11762
21629
28819
32437
32033
27653
19840
9561
-1907
-13142
-22745
-29519
-32621
-31661
-26755
-18514
-7961
3586
14689
23960
30239
32740
31148
25658
16955
6128
-5469
-16384
-25247
-30944
-32759
-30461
-24336
-15151
-4058
7546
18204
26572
31595
32638
29565
22763
13087
1756
-9798
-20118
-27896
-32148
-32332
-28424
-20915
-10754
771
12203
22088
29171
32552
31797
27001
18769
8148
-3511
-14727
-24069
-30346
-32754
-30984
-25260
-16309
-5272
6439
17331
26008
31359
32696
29845
23169
13521
2137
-9523
-19964
-27843
-32146
-32318
-28334
-20703
-10405
1234
12717
22564
29503
32637
31559
26407
17841
6968
-4807
-15965
-25058
-30909
-32757
-30361
-24028
-14577
-3233
8533
19194
27364
31977
32433
28669
21173
10917
-762
-12345
-22321
-29387
-32619
-31592
-26438
-17828
-6884
4961
16161
25247
31028
32744
30168
23635
13998
2522
-9287
-19879
-27860
-32179
-32265
-28105
-20242
-9711
2101
13640
23382
30040
32733
31103
25362
16267
5018
-6896
-17901
-26537
-31659
-32585
-29190
-21921
-11741
0
11743
21929
29201
32589
31641
26480
17791
6728
-5233
-16499
-25566
-31222
-32709
-29826
-22955
-13013
-1327
10537
20994
28641
32450
31909
27088
18630
7668
-4324
-15739
-25041
-30976
-32744
-30105
-23411
-13561
-1880
10055
20637
28436
32397
31982
27244
18822
7852
-4182
-15653
-25007
-30974
-32743
-30072
-23319
-13400
-1660
10308
20879
28612
32455
31881
26966
18377
7282
-4807
-16245
-25468
-31216
-32702
-29720
-22675
-12528
-664
11292
21705
29147
32596
31576
26225
17274
5950
-6193
-17489
-26383
-31650
-32564
-28995
-21433
-10917
1105
12978
23064
29968
32737
30984
24950
15465
3839
-8320
-19330
-27666
-32170
-32217
-27796
-19519
-8531
3643
15314
24860
30951
32739
29972
23032
12884
938
-11141
-21669
-29176
-32613
-31498
-25982
-16835
-5332
6918
18204
26944
31912
32410
28366
20343
9465
-2743
-14569
-24351
-30713
-32759
-30198
-23387
-13283
-1306
10856
21492
29100
32604
31507
25962
16748
5166
-7147
-18454
-27152
-32008
-32332
-28076
-19840
-8789
3510
15314
24947
31038
32720
29752
22551
12140
0
-12143
-22559
-29762
-32723
-31017
-24884
-15198
-3339
8998
20053
28242
32393
31908
26854
17952
6476
-5930
-17489
-26541
-31785
-32465
-28481
-20402
-9388
2978
14918
24714
30951
32730
29790
22554
12062
-172
-12385
-22811
-29942
-32746
-30813
-24421
-14492
-2462
9926
20879
28806
32556
31581
26021
16679
4912
-7571
-18956
-27585
-32200
-32127
-27374
-18630
-7167
5342
17076
26318
31719
32485
28504
20353
9222
-3259
-15267
-25041
-31147
-32687
-29434
-21861
-11077
1334
13553
23783
30517
32764
30189
23169
12736
423
-11953
-22570
-29860
-32743
-30792
-24293
-14202
-2009
10483
21426
29201
32652
31267
25247
15482
3419
-9153
-20369
-28563
-32514
-31633
-26047
-16586
-4654
7973
19415
27967
32350
31910
26709
17520
5712
-6950
-18577
-27428
-32179
-32116
-27244
-18292
-6597
6088
17864
26962
32015
32263
27666
18910
7310
-5391
-17284
-26579
-31872
-32366
-27983
-19380
-7852
4862
16845
26287
31760
32433
28203
19707
8226
-4501
-16550
-26094
-31684
-32472
-28334
-19895
-8434
4310
16402
26003
31651
32486
28377
19946
8475
-4288
-16402
-26016
-31662
-32478
-28334
-19861
-8351
4437
16550
26133
31717
32445
28203
19638
8060
-4756
-16845
-26351
-31812
-32386
-27983
-19276
-7602
5243
17284
26666
31941
32293
27666
18769
6975
-5898
-17864
-27071
-32095
-32157
-27244
-18113
-6176
6719
18577
27557
32265
31968
26709
17302
5205
-7702
-19415
-28111
-32434
-31710
-26047
-16326
-4058
8843
20369
28719
32588
31368
25247
15179
2736
-10137
-21426
-29364
-32705
-30922
-24293
-13853
-1238
11573
22570
30025
32764
30353
23169
12339
-434
-13142
-23783
-30678
-32739
-29638
-21861
-10632
2276
14829
25041
31296
32604
28754
20353
8727
-4282
-16616
-26318
-31849
-32328
-27676
-18630
-6622
6439
18480
27585
32302
31880
26381
16679
4318
-8734
-20396
-28806
-32620
-31227
-24845
-14492
-1820
11144
22329
29942
32763
30335
23047
12062
-859
-13645
-24243
-30951
-32688
-29173
-20967
-9388
3703
16202
26094
31785
32354
27709
18593
6476
-6688
-18775
-27832
-32393
-31718
-25913
-15915
-3339
9779
21317
29402
32723
30737
23764
12933
0
-12935
-23772
-30745
-32720
-29372
-21243
-9654
3510
16105
26077
31798
32332
27590
18342
6096
-7147
-19226
-28162
-32493
-31507
-25362
-15061
-2291
10856
22227
29953
32765
30198
22670
11416
-1716
-14569
-25028
-31370
-32548
-28366
-19509
-7435
5867
18204
27539
32330
31782
25982
15887
3163
-10086
-21669
-29667
-32753
-30413
-23032
-11831
1334
14281
24860
31312
32563
28403
19519
7387
-5976
-18347
-27666
-32377
-31693
-25725
-15465
-2622
10659
22164
29968
32766
30086
22374
10917
-2369
-15261
-25599
-31650
-32396
-27709
-18372
-5950
7473
19643
28516
32596
31195
24546
13765
664
-12550
-23653
-30771
-32702
-29116
-20616
-8634
4807
17440
27128
32230
31881
26137
15968
3092
-10308
-21966
-29901
-32766
-30072
-22272
-10689
2711
15653
25937
31812
32275
27244
17574
4908
-8595
-20637
-29162
-32712
-30681
-23411
-12140
1206
14349
25041
31451
32480
27948
18630
6117
-7445
-19735
-28641
-32634
-31026
-24089
-13013
301
13567
24501
31222
32570
28309
19172
6728
-6876
-19298
-28393
-32589
-31159
-24347
-13326
0
13328
24354
31166
32585
28360
19220
6748
-6896
-19347
-28443
-32604
-31103
-24198
-13087
301
13640
24608
31294
32533
28105
18778
6176
-7504
-19879
-28786
-32669
-30847
-23635
-12290
1206
14493
25247
31583
32389
27520
17828
5008
-8692
-20870
-29387
-32745
-30352
-22624
-10917
2711
15865
26229
31977
32094
26556
16335
3233
-10442
-22277
-30182
-32757
-29546
-21112
-8944
4807
17712
27483
32390
31559
25136
14256
845
-12717
-24026
-31070
-32598
-28334
-19032
-6345
7473
19964
28903
32697
30666
23169
11540
-2148
-15456
-26008
-31918
-32127
-26596
-16309
-3103
10659
22517
30346
32741
29270
20553
8148
-5719
-18563
-28078
-32552
-31179
-24202
-12874
771
14281
25223
31625
32332
27214
17189
4062
-9798
-21894
-30040
-32762
-29565
-21025
-8682
5233
18204
27882
32514
31257
24336
13002
-691
-14262
-25247
-31650
-32307
-27094
-16955
-3732
10171
22227
30239
32747
29289
20494
7961
-6025
-18915
-28356
-32621
-30929
-23586
-11931
1907
15400
26077
31982
32033
26215
15592
2109
-11762
-23479
-30889
-32629
-28377
-18910
-5966
8077
20637
29402
32756
30080
21861
9613
-4409
-17621
-27585
-32459
-31342
-24435
-13013
816
14497
25499
31785
32188
26631
16140
2656
-11322
-23203
-30782
-32650
-28456
-18976
-5969
8148
20755
29503
32763
29925
21514
9095
-5021
-18204
-27995
-32564
-31058
-23753
-12011
1977
15598
26305
32095
31880
25698
14703
952
-12978
-24480
-31393
-32418
-27360
-17165
-3744
10381
22559
30497
32702
28754
19394
6380
-7836
-20580
-29446
-32762
-29899
-21393
-8847
5370
18577
28275
32630
30814
23169
11138
-3003
-16579
-27016
-32334
-31523
-24733
-13249
751
14612
25700
31906
32048
26096
15179
1372
-12698
-24354
-31371
-32412
-27273
-16932
-3359
10856
23003
30758
32638
28280
18514
5205
-9101
-21669
-30089
-32747
-29131
-19930
-6905
7445
20371
29387
32762
29844
21189
8460
-5898
-19125
-28673
-32702
-30433
-22301
-9868
4468
17946
27963
32585
30916
23274
11134
-3159
-16845
-27275
-32428
-31305
-24119
-12260
1977
15833
26622
32247
31615
24845
13249
-923
-14918
-26016
-32055
-31858
-25461
-14105
0
14107
25468
31864
32046
25975
14832
792
-13405
-24986
-31684
-32188
-26395
-15435
-1452
12817
24578
31525
32292
26727
15917
1981
-12345
-24250
-31393
-32366
-26976
-16280
-2378
11993
24006
31293
32415
27148
16527
2644
-11762
-23850
-31230
-32442
-27244
-16660
-2779
11653
23783
31206
32451
27267
16679
2783
-11667
-23806
-31222
-32441
-27217
-16586
-2656
11803
23919
31277
32412
27094
16378
2398
-12062
-24120
-31370
-32361
-26894
-16056
-2009
12441
24407
31496
32285
26615
15616
1488
-12939
-24777
-31650
-32178
-26251
-15055
-836
13553
25223
31826
32033
25797
14372
52
-14280
-25739
-32015
-31841
-25247
-13561
863
15115
26318
32208
31592
24592
12618
-1908
-16052
-26950
-32393
-31276
-23823
-11540
3083
17085
27622
32556
30880
22932
10324
-4384
-18204
-28323
-32682
-30389
-21909
-8965
5807
19399
29038
32755
29790
20744
7461
-7347
-20658
-29748
-32757
-29067
-19428
-5811
8997
21966
30436
32669
28203
17952
4016
-10746
-23305
-31079
-32468
-27184
-16309
-2077
12583
24657
31656
32135
25992
14491
0
-14493
-25999
-32139
-31644
-24613
-12494
2208
16457
27304
32503
30975
23032
10317
-4537
-18454
-28547
-32719
-30103
-21238
-7961
6971
20458
29694
32757
29007
19220
5431
-9491
-22439
-30713
-32587
-27666
-16973
-2736
12073
24364
31568
32177
26060
14492
-108
-14689
-26197
-32222
-31498
-24174
-11781
3083
17304
27896
32634
30520
21996
8847
-6162
-19879
-29416
-32766
-29219
-19519
-5706
9311
22368
30711
32578
27570
16743
2378
-12491
-24723
-31732
-32033
-25558
-13674
1105
15653
26888
32428
31095
23169
10328
-4707
-18745
-28806
-32750
-29736
-20402
-6728
8378
21705
30414
32650
27932
17262
2911
-12062
-24465
-31651
-32083
-25665
-13765
1077
15692
26955
32455
31012
22932
9941
-5180
-19194
-29098
-32765
-29406
-19738
-5832
9326
22486
30817
32526
27244
16102
1495
-13436
-25478
-32035
-31693
-24521
-12062
2999
17416
28078
32680
30226
21243
7668
-7565
-21167
-30192
-32685
-28105
-17438
-2992
12103
24578
31727
31995
25321
13150
-1876
-16499
-27539
-32596
-30567
-21889
-8448
6833
20630
29936
32722
28377
17845
3419
-11753
-24364
-31659
-32040
-25423
-13249
1823
16499
27568
32607
30508
21729
8189
-7147
-20920
-30108
-32693
-28105
-17347
-2779
12401
24860
31856
31850
24838
12360
-2839
-17416
-28160
-32702
-30037
-20749
-6884
8501
22013
30668
32552
27244
15915
1066
-14020
-26008
-32243
-31342
-23500
-10451
4915
19194
29220
32766
29042
18871
4509
-10856
-23813
-31479
-32147
-25665
-13473
1720
16533
27666
32637
30335
21271
7461
-8015
-21705
-30552
-32578
-27327
-15968
-1038
14125
26133
32294
31228
23169
9920
-5554
-19786
-29584
-32748
-28565
-17970
-3339
12043
24723
31849
31816
24627
11897
-3511
-18132
-28673
-32755
-29458
-19519
-5177
10334
23516
31393
32182
25702
13414
-1907
-16800
-27896
-32682
-30072
-20653
-6555
9029
22570
30997
32395
26445
14492
-751
-15827
-27310
-32589
-30461
-21406
-7481
8148
21926
30713
32507
26894
15151
-48
-15238
-26955
-32522
-30664
-21804
-7961
7702
21608
30575
32549
27076
15403
202
-15047
-26852
-32503
-30703
-21861
-8002
7696
21629
30598
32538
27001
15255
0
-15257
-27007
-32541
-30582
-21579
-7602
8129
21989
30779
32468
26664
14703
-655
-15865
-27411
-32621
-30288
-20948
-6758
8997
22672
31098
32318
26047
13736
-1763
-16855
-28038
-32713
-29790
-19946
-5464
10289
23653
31516
32046
25116
12336
-3319
-18204
-28847
-32766
-29042
-18541
-3711
11987
24889
31977
31593
23823
10480
-5316
-19871
-29777
-32711
-27983
-16697
-1495
14059
26318
32404
30885
22114
8148
-7733
-21801
-30745
-32460
-26539
-14372
1180
16457
27860
32699
29832
19930
5325
-10537
-23916
-31650
-31910
-24631
-11530
4298
19113
29409
32747
28334
17210
2009
-13670
-26112
-32365
-30942
-22178
-8148
7817
21929
30833
32412
26285
13907
-1780
-17047
-28259
-32743
-29429
-19103
-4222
11667
24777
31977
31548
23586
9991
-5992
-20546
-30192
-32619
-27244
-15350
219
15739
27492
32660
30001
20149
5464
-10533
-24006
-31719
-31816
-24270
-10892
5106
19879
29873
32681
27625
15917
373
-15261
-27221
-32621
-30156
-20416
-5748
10308
23879
31684
31836
24293
10875
-5173
-19973
-29942
-32665
-27477
-15633
0
15636
27483
32666
29925
19920
5078
-10999
-24407
-31886
-31615
-23656
-9941
6193
20824
30386
32549
26782
14487
-1341
-16845
-28242
-32749
-29262
-18630
-3445
12583
25539
32252
31078
22301
8064
-8148
-22368
-31111
-32231
-25451
-12429
3643
18824
29387
32737
28047
16465
836
-15001
-27152
-32625
-30072
-20115
-5205
10989
24479
31937
31523
23335
9388
-6876
-21447
-30723
-32412
-26092
-13322
2743
18132
29038
32759
28371
16955
1338
-14612
-26944
-32596
-30164
-20247
-5304
10958
24501
31960
31477
23169
9099
-7236
-21774
-30894
-32323
-25702
-12676
3510
18824
29446
32724
27837
16000
166
-15711
-27666
-32707
-29572
-19041
-3744
12491
25602
32304
30916
21780
7184
-9215
-23305
-31551
-31880
-24205
-10451
5930
20824
30486
32483
26311
13518
-2679
-18204
-29147
-32749
-28098
-16364
-502
15488
27574
32702
29574
18976
3583
-12717
-25806
-32371
-30748
-21345
-6538
9926
23879
31785
31636
23467
9346
-7147
-21830
-30974
-32254
-25342
-11991
4409
19692
29968
32623
26976
14462
-1736
-17495
-28798
-32764
-28377
-16752
-852
15267
27492
32699
29554
18857
3339
-13034
-26077
-32450
-30520
-20777
-5712
10817
24578
32042
31291
22515
7961
-8637
-23021
-31496
-31881
-24075
-10079
6509
21426
30833
32307
25463
12062
-4448
-19815
-30076
-32585
-26689
-13907
2465
18204
29244
32732
27762
15616
-569
-16610
-28356
-32765
-28692
-17189
-1231
15047
27428
32699
29490
18630
2932
-13528
-26478
-32552
-30168
-19943
-4530
12062
25519
32337
30737
21133
6022
-10659
-24565
-32068
-31208
-22206
-7407
9326
23628
31760
31593
23169
8686
-8070
-22719
-31423
-31903
-24028
-9858
6896
21846
31070
32147
24790
10926
-5807
-21019
-30711
-32336
-25461
-11891
4807
20244
30356
32478
26047
12755
-3899
-19528
-30012
-32581
-26556
-13521
3083
18877
29687
32654
26991
14192
-2362
-18294
-29387
-32703
-27360
-14769
1736
17784
29119
32734
27666
15255
-1206
-17349
-28887
-32752
-27913
-15652
771
16993
28695
32761
28105
15962
-434
-16717
-28547
-32765
-28244
-16186
193
16523
28443
32766
28334
16326
-48
-16412
-28387
-32766
-28374
-16382
0
0
0
0
0
0
0
0
0
0
0
0
0
0
0
0
0
0
0
0
0
0
0
0
0
0
0
0
0
0
0
0
0
0
0
0
0
0
0
0
0
0
0
0
0
0
0
0
0
0
0
0
0
0
0
0
0
0
0
0
0
0
0
0
0
0
0
0
0
0
0
0
0
0
0
0
0
0
0
0
0
0
0
0
0
0
0
0
0
0
0
0
0
0
0
0
0
0
0
0
0
0
0
0
0
0
0
0
0
0
0
0
0
0
0
0
0
0
0
0
0
0
0
0
0
0
0
0
0
0
0
0
0
0
0
0
0
0
0
0
0
0
0
0
0
0
0
0
0
0
0
0
0
0
0
0
0
0
0
0
0
0
0
0
0
0
0
0
0
0
0
0
0
0
0
0
0
0
0
0
0
0
0
0
0
0
0
0
0
0
0
0
0
0
0
0
0
0
0
0
0
0
0
0
0
0
0
0
0
0
0
0
0
0
0
0
0
0
0
0
0
0
0
0
0
0
0
0
0
0
0
0
0
0
0
0
0
0
0
0
0
0
0
0
0
0
0
0
0
0
0
0
0
0
0
0
0
0
0
0
0
0
0
0
0
0
0
0
0
0
0
0
0
0
0
0
0
0
0
0
0
0
0
0
0
0
0
0
0
0
0
0
0
0
0
0
0
0
0
0
0
0
0
0
0
0
0
0
0
0
0
0
0
0
0
0
0
0
0
0
0
0
0
0
0
0
0
0
0
0
0
0
0
0
0
0
0
0
0
0
0
0
0
0
0
0
0
0
0
0
0
0
0
0
0
0
0
0
0
0
0
0
0
0
0
0
0
0
0
0
0
0
0
0
0
0
0
0
0
0
0
0
0
0
0
0
0
0
0
0
0
0
0
0
0
0
0
0
0
0
0
0
0
0
0
0
0
0
0
0
0
0
0
0
0
0
0
0
0
0
0
0
0
0
0
0
0
0
0
0
0
0
0
0
0
0
0
0
0
0
0
0
0
0
0
0
0
0
0
0
0
0
0
0
0
0
0
0
0
0
0
0
0
0
0
0
0
0
0
0
0
0
0
0
0
0
0
0
0
0
0
0
0
0
0
0
0
0
0
0
0
0
0
0
0
0
0
0
0
0
0
0
0
0
0
0
0
0
0
0
0
0
0
0
0
0
0
0
0
0
0
0
0
0
0
0
0
0
0
0
0
0
0
0
0
0
0
0
0
0
0
0
0
0
0
0
0
0
0
0
0
0
0
0
0
0
0
0
0
0
0
0
0
0
0
0
0
0
0
0
0
0
0
0
0
0
0
0
0
0
0
0
0
0
0
0
0
0
0
0
0
0
0
0
0
0
0
0
0
0
0
0
0
0
0
0
0
0
0
0
0
0
0
0
0
0
0
0
0
0
0
0
0
0
0
0
0
0
0
0
0
0
0
0
0
0
0
0
0
0
0
0
0
0
0
0
0
0
0
0
0
0
0
0
0
0
0
0
0
0
0
0
0
0
0
0
0
0
0
0
0
0
0
0
0
0
0
0
0
0
0
0
0
0
0
0
0
0
0
0
0
0
0
0
0
0
0
0
0
0
0
0
0
0
0
0
0
0
0
0
0
0
0
0
0
0
0
0
0
0
0
0
0
0
0
0
0
0
0
0
0
0
0
0
0
0
0
0
0
0
0
0
0
0
0
0
0
0
0
0
0
0
0
0
0
0
0
0
0
0
0
0
0
0
0
0
0
0
0
0
0
0
0
0
0
0
0
0
0
0
0
0
0
0
0
0
0
0
0
0
0
0
0
0
0
0
0
0
0
0
0
0
0
0
0
0
0
0
0
0
0
0
0
0
0
0
0
0
0
0
0
0
0
0
0
0
0
0
0
0
0
0
0
0
0
0
0
0
0
0
0
0
0
0
0
0
0
0
0
0
0
0
0
0
0
0
0
0
0
0
0
0
0
0
0
0
0
0
0
0
0
0
0
0
0
0
0
0
0
0
0
0
0
0
0
0
0
0
0
0
0
0
0
0
0
0
0
0
0
0
0
0
0
0
0
0
0
0
0
0
0
0
0
0
0
0
0
0
0
0
0
0
0
0
0
0
0
0
0
0
0
0
0
0
0
0
0
0
0
0
0
0
0
0
0
0
0
0
0
0
0
0
0
0
0
0
0
0
0
0
12072
11312
9129
5800
1748
-2511
-6440
-9542
-11430
-11870
-10815
-8408
-4965
-930
3180
6845
9606
11124
11223
9912
7380
3968
125
-3652
-6889
-9187
-10280
-10060
-8594
-6104
-2937
484
3721
6374
8135
8823
8402
6980
4785
2130
-631
-3155
-5150
-6412
-6844
-6458
-5366
-3756
-1859
81
1847
3263
4218
4665
4619
4147
3343
2319
1184
38
-1041
-1990
-2761
-3318
-3629
-3669
-3419
-2873
-2045
-974
265
1570
2810
3838
4517
4731
4412
3555
2224
554
-1262
-2999
-4425
-5341
-5603
-5157
-4042
-2394
-425
1600
3409
4753
5453
5420
4672
3330
1598
-264
-1992
-3344
-4148
-4323
-3889
-2957
-1714
-380
822
1715
2185
2207
1840
1214
503
-114
-489
-535
-243
309
980
1584
1933
1878
1340
337
-1011
-2497
-3858
-4817
-5136
-4662
-3367
-1358
1121
3726
6058
7722
8399
7898
6198
3463
27
-3645
-7030
-9612
-10972
-10850
-9193
-6174
-2169
2285
6570
10073
12277
12838
11640
8819
4740
-43
-4873
-9079
-12072
-13431
-12966
-10739
-7063
-2449
2460
6989
10520
12581
12911
11494
8556
4530
-9
-4430
-8130
-10626
-11610
-10996
-8919
-5715
-1862
2086
5586
8173
9531
9524
8215
5843
2788
-491
-3526
-5904
-7320
-7625
-6830
-5106
-2748
-129
2355
4350
5585
5913
5327
3957
2044
-96
-2129
-3741
-4696
-4863
-4236
-2929
-1163
774
2575
3950
4682
4652
3862
2430
576
-1412
-3224
-4574
-5241
-5109
-4182
-2586
-550
1622
3608
5104
5875
5794
4860
3199
1047
-1281
-3449
-5135
-6091
-6176
-5380
-3822
-1733
575
2766
4521
5594
5842
5252
3936
2113
72
-1873
-3438
-4404
-4659
-4206
-3162
-1732
-173
1248
2307
2855
2838
2312
1419
365
-620
-1335
-1634
-1462
-862
29
1012
1858
2356
2355
1797
732
-682
-2208
-3563
-4472
-4719
-4185
-2883
-959
1322
3618
5557
6802
7108
6365
4624
2097
-875
-3866
-6432
-8177
-8818
-8230
-6467
-3759
-480
2909
5931
8156
9271
9124
7746
5341
2256
-1072
-4186
-6667
-8203
-8622
-7914
-6225
-3825
-1067
1670
4038
5762
6676
6732
6000
4642
2881
963
-879
-2457
-3637
-4357
-4609
-4436
-3907
-3106
-2115
-1007
152
1300
2375
3302
4003
4393
4393
3950
3050
1734
106
-1669
-3382
-4800
-5706
-5929
-5382
-4085
-2167
135
2513
4626
6153
6844
6566
5329
3292
743
-1938
-4346
-6103
-6929
-6686
-5403
-3281
-654
2054
4405
6014
6616
6113
4589
2301
-365
-2956
-5028
-6224
-6332
-5328
-3374
-802
1947
4399
6123
6807
6315
4711
2250
-661
-3537
-5885
-7301
-7528
-6509
-4395
-1520
1650
4601
6848
8022
7931
6588
4212
1189
-1992
-4826
-6867
-7807
-7523
-6093
-3780
-981
1838
4228
5829
6426
5981
4635
2673
470
-1582
-3142
-3978
-4009
-3308
-2083
-631
722
1690
2079
1831
1027
-124
-1336
-2295
-2734
-2487
-1530
7
1860
3673
5064
5700
5364
4005
1759
-1061
-4018
-6610
-8366
-8922
-8097
-5933
-2696
1158
5047
8359
10549
11232
10249
7702
3942
-483
-4912
-8672
-11188
-12072
-11188
-8672
-4912
-483
3942
7702
10249
11232
10549
8359
5047
1158
-2696
-5933
-8097
-8922
-8366
-6610
-4018
-1061
1759
4005
5364
5700
5064
3673
1860
7
-1530
-2487
-2734
-2295
-1336
-124
1027
1831
2079
1690
722
-631
-2083
-3308
-4009
-3978
-3142
-1582
470
2673
4635
5981
6426
5829
4228
1838
-981
-3780
-6093
-7523
-7807
-6867
-4826
-1992
1189
4212
6588
7931
8022
6848
4601
1650
-1520
-4395
-6509
-7528
-7301
-5885
-3537
-661
2250
4711
6315
6807
6123
4399
1947
-802
-3374
-5328
-6332
-6224
-5028
-2956
-365
2301
4589
6113
6616
6014
4405
2054
-654
-3281
-5403
-6686
-6929
-6103
-4346
-1938
743
3292
5329
6566
6844
6153
4626
2513
135
-2167
-4085
-5382
-5929
-5706
-4800
-3382
-1669
106
1734
3050
3950
4393
4393
4003
3302
2375
1300
152
-1007
-2115
-3106
-3907
-4436
-4609
-4357
-3637
-2457
-879
963
2881
4642
6000
6732
6676
5762
4038
1670
-1067
-3825
-6225
-7914
-8622
-8203
-6667
-4186
-1072
2256
5341
7746
9124
9271
8156
5931
2909
-480
-3759
-6467
-8230
-8818
-8177
-6432
-3866
-875
2097
4624
6365
7108
6802
5557
3618
1322
-959
-2883
-4185
-4719
-4472
-3563
-2208
-682
732
1797
2355
2356
1858
1012
29
-862
-1462
-1634
-1335
-620
365
1419
2312
2838
2855
2307
1248
-173
-1732
-3162
-4206
-4659
-4404
-3438
-1873
72
2113
3936
5252
5842
5594
4521
2766
575
-1733
-3822
-5380
-6176
-6091
-5135
-3449
-1281
1047
3199
4860
5794
5875
5104
3608
1622
-550
-2586
-4182
-5109
-5241
-4574
-3224
-1412
576
2430
3862
4652
4682
3950
2575
774
-1163
-2929
-4236
-4863
-4696
-3741
-2129
-96
2044
3957
5327
5913
5585
4350
2355
-129
-2748
-5106
-6830
-7625
-7320
-5904
-3526
-491
2788
5843
8215
9524
9531
8173
5586
2086
-1862
-5715
-8919
-10996
-11610
-10626
-8130
-4430
-9
4530
8556
11494
12911
12581
10520
6989
2460
-2449
-7063
-10739
-12966
-13431
-12072
-9079
-4873
-43
4740
8819
11640
12838
12277
10073
6570
2285
-2169
-6174
-9193
-10850
-10972
-9612
-7030
-3645
27
3463
6198
7898
8399
7722
6058
3726
1121
-1358
-3367
-4662
-5136
-4817
-3858
-2497
-1011
337
1340
1878
1933
1584
980
309
-243
-535
-489
-114
503
1214
1840
2207
2185
1715
822
-380
-1714
-2957
-3889
-4323
-4148
-3344
-1992
-264
1598
3330
4672
5420
5453
4753
3409
1600
-425
-2394
-4042
-5157
-5603
-5341
-4425
-2999
-1262
554
2224
3555
4412
4731
4517
3838
2810
1570
265
-974
-2045
-2873
-3419
-3669
-3629
-3318
-2761
-1990
-1041
38
1184
2319
3343
4147
4619
4665
4218
3263
1847
81
-1859
-3756
-5366
-6458
-6844
-6412
-5150
-3155
-631
2130
4785
6980
8402
8823
8135
6374
3721
484
-2937
-6104
-8594
-10060
-10280
-9187
-6889
-3652
125
3968
7380
9912
11223
11124
9606
6845
3180
-930
-4965
-8408
-10815
-11870
-11430
-9542
-6440
-2511
1748
5800
9129
11312
0
0
0
0
0
0
0
0
0
0
0
0
0
0
0
0
0
0
0
0
0
0
0
0
0
0
0
0
0
0
0
0
0
0
0
0
0
0
0
0
0
0
0
0
0
0
0
0
0
0
0
0
0
0
0
0
0
0
0
0
0
0
0
0
0
0
0
-12072
-11218
-8782
-5119
-762
3657
7508
10249
11509
11137
9224
6078
2178
-1903
-5586
-8370
-9901
-10020
-8774
-6403
-3292
93
3275
5835
7470
8028
7514
6081
3991
1569
-845
-2953
-4527
-5434
-5643
-5209
-4257
-2952
-1468
29
1406
2560
3426
3963
4155
3998
3501
2684
1589
282
-1138
-2547
-3789
-4704
-5143
-4996
-4215
-2834
-979
1143
3264
5085
6324
6763
6282
4892
2742
104
-2659
-5148
-6983
-7868
-7639
-6296
-4006
-1090
2029
4892
7064
8213
8160
6908
4645
1713
-1439
-4335
-6540
-7731
-7747
-6612
-4532
-1854
989
3555
5456
6427
6365
5335
3561
1374
-840
-2716
-3967
-4432
-4099
-3101
-1682
-151
1182
2067
2353
2025
1196
86
-1024
-1854
-2179
-1881
-977
382
1933
3349
4300
4522
3875
2373
200
-2319
-4762
-6685
-7697
-7537
-6125
-3592
-264
3373
6757
9330
10635
10395
8567
5355
1192
-3324
-7523
-10760
-12521
-12502
-10668
-7253
-2737
2231
6929
10670
12908
13319
11851
8729
4417
-451
-5173
-9081
-11640
-12525
-11663
-9237
-5647
-1444
2757
6372
8931
10144
9929
8416
5908
2828
-352
-3192
-5341
-6582
-6852
-6235
-4934
-3222
-1392
294
1641
2545
2992
3048
2825
2456
2053
1693
1397
1139
857
479
-50
-749
-1580
-2452
-3229
-3758
-3895
-3542
-2670
-1336
317
2078
3695
4919
5540
5433
4577
3065
1096
-1053
-3076
-4675
-5618
-5768
-5114
-3764
-1936
86
1995
3507
4415
4614
4118
3054
1636
126
-1213
-2166
-2600
-2483
-1893
-992
0
852
1370
1429
1006
182
-871
-1921
-2718
-3045
-2762
-1840
-369
1441
3301
4880
5867
6023
5231
3523
1084
-1764
-4614
-7026
-8600
-9039
-8204
-6139
-3076
592
4368
7715
10139
11260
10875
8990
5822
1778
-2603
-6729
-10029
-12039
-12471
-11249
-8526
-4660
-167
4351
8293
11135
12505
12235
10376
7193
3126
-1275
-5428
-8793
-10945
-11635
-10812
-8626
-5407
-1609
2252
5673
8224
9610
9703
8553
6373
3502
354
-2641
-5100
-6735
-7384
-7033
-5805
-3933
-1724
493
2415
3807
4528
4551
3953
2897
1599
290
-820
-1582
-1920
-1841
-1429
-824
-188
319
579
533
190
-368
-1012
-1582
-1923
-1916
-1503
-705
382
1597
2738
3597
3994
3817
3039
1730
54
-1757
-3434
-4714
-5382
-5310
-4475
-2973
-1005
1152
3188
4800
5748
5887
5193
3767
1822
-350
-2430
-4109
-5148
-5408
-4871
-3645
-1943
-43
1748
3158
3982
4116
3579
2497
1087
-388
-1664
-2521
-2819
-2529
-1728
-590
649
1734
2440
2609
2186
1231
-93
-1544
-2843
-3726
-3987
-3528
-2369
-663
1336
3306
4907
5844
5916
5052
3331
975
-1679
-4236
-6295
-7517
-7682
-6722
-4741
-1999
1118
4164
6690
8317
8792
8029
6122
3335
59
-3240
-6095
-8101
-8976
-8602
-7042
-4525
-1414
1845
4799
7040
8271
8343
7271
5233
2537
-428
-3245
-5531
-6987
-7441
-6865
-5372
-3201
-673
1851
4027
5569
6290
6120
5115
3442
1353
-851
-2866
-4421
-5315
-5443
-4807
-3512
-1748
232
2154
3751
4805
5173
4805
3751
2154
232
-1748
-3512
-4807
-5443
-5315
-4421
-2866
-851
1353
3442
5115
6120
6290
5569
4027
1851
-673
-3201
-5372
-6865
-7441
-6987
-5531
-3245
-428
2537
5233
7271
8343
8271
7040
4799
1845
-1414
-4525
-7042
-8602
-8976
-8101
-6095
-3240
59
3335
6122
8029
8792
8317
6690
4164
1118
-1999
-4741
-6722
-7682
-7517
-6295
-4236
-1679
975
3331
5052
5916
5844
4907
3306
1336
-663
-2369
-3528
-3987
-3726
-2843
-1544
-93
1231
2186
2609
2440
1734
649
-590
-1728
-2529
-2819
-2521
-1664
-388
1087
2497
3579
4116
3982
3158
1748
-43
-1943
-3645
-4871
-5408
-5148
-4109
-2430
-350
1822
3767
5193
5887
5748
4800
3188
1152
-1005
-2973
-4475
-5310
-5382
-4714
-3434
-1757
54
1730
3039
3817
3994
3597
2738
1597
382
-705
-1503
-1916
-1923
-1582
-1012
-368
190
533
579
319
-188
-824
-1429
-1841
-1920
-1582
-820
290
1599
2897
3953
4551
4528
3807
2415
493
-1724
-3933
-5805
-7033
-7384
-6735
-5100
-2641
354
3502
6373
8553
9703
9610
8224
5673
2252
-1609
-5407
-8626
-10812
-11635
-10945
-8793
-5428
-1275
3126
7193
10376
12235
12505
11135
8293
4351
-167
-4660
-8526
-11249
-12471
-12039
-10029
-6729
-2603
1778
5822
8990
10875
11260
10139
7715
4368
592
-3076
-6139
-8204
-9039
-8600
-7026
-4614
-1764
1084
3523
5231
6023
5867
4880
3301
1441
-369
-1840
-2762
-3045
-2718
-1921
-871
182
1006
1429
1370
852
0
-992
-1893
-2483
-2600
-2166
-1213
126
1636
3054
4118
4614
4415
3507
1995
86
-1936
-3764
-5114
-5768
-5618
-4675
-3076
-1053
1096
3065
4577
5433
5540
4919
3695
2078
317
-1336
-2670
-3542
-3895
-3758
-3229
-2452
-1580
-749
-50
479
857
1139
1397
1693
2053
2456
2825
3048
2992
2545
1641
294
-1392
-3222
-4934
-6235
-6852
-6582
-5341
-3192
-352
2828
5908
8416
9929
10144
8931
6372
2757
-1444
-5647
-9237
-11663
-12525
-11640
-9081
-5173
-451
4417
8729
11851
13319
12908
10670
6929
2231
-2737
-7253
-10668
-12502
-12521
-10760
-7523
-3324
1192
5355
8567
10395
10635
9330
6757
3373
-264
-3592
-6125
-7537
-7697
-6685
-4762
-2319
200
2373
3875
4522
4300
3349
1933
382
-977
-1881
-2179
-1854
-1024
86
1196
2025
2353
2067
1182
-151
-1682
-3101
-4099
-4432
-3967
-2716
-840
1374
3561
5335
6365
6427
5456
3555
989
-1854
-4532
-6612
-7747
-7731
-6540
-4335
-1439
1713
4645
6908
8160
8213
7064
4892
2029
-1090
-4006
-6296
-7639
-7868
-6983
-5148
-2659
104
2742
4892
6282
6763
6324
5085
3264
1143
-979
-2834
-4215
-4996
-5143
-4704
-3789
-2547
-1138
282
1589
2684
3501
3998
4155
3963
3426
2560
1406
29
-1468
-2952
-4257
-5209
-5643
-5434
-4527
-2953
-845
1569
3991
6081
7514
8028
7470
5835
3275
93
-3292
-6403
-8774
-10020
-9901
-8370
-5586
-1903
2178
6078
9224
11137
11509
10249
7508
3657
-762
-5119
-8782
-11218
0
0
0
0
0
0
0
0
0
0
0
0
0
0
0
0
0
0
0
0
0
0
0
0
0
0
0
0
0
0
0
0
0
0
0
0
0
0
0
0
0
0
0
0
0
0
0
0
0
0
0
0
0
0
0
0
0
0
0
0
0
0
0
0
0
0
0
5173
4850
3920
2498
762
-1070
-2772
-4127
-4965
-5177
-4734
-3690
-2176
-383
1457
3111
4363
5050
5083
4458
3258
1643
-171
-1945
-3442
-4467
-4886
-4654
-3813
-2487
-867
819
2341
3496
4139
4200
3696
2723
1441
46
-1259
-2296
-2936
-3120
-2858
-2231
-1369
-428
437
1102
1485
1565
1378
1008
563
158
-110
-191
-75
188
515
797
924
817
439
-184
-971
-1790
-2481
-2887
-2881
-2398
-1447
-126
1394
2892
4124
4866
4955
4317
2987
1111
-1067
-3245
-5097
-6332
-6732
-6195
-4754
-2577
51
2773
5201
6980
7838
7632
6365
4195
1410
-1607
-4442
-6695
-8052
-8319
-7458
-5586
-2962
49
3035
5589
7367
8137
7809
6444
4246
1526
-1339
-3963
-5999
-7191
-7403
-6634
-5015
-2786
-262
2213
4316
5782
6440
6231
5215
3552
1484
-702
-2717
-4303
-5265
-5498
-4996
-3849
-2227
-359
1500
3103
4243
4777
4646
3881
2594
971
-763
-2369
-3624
-4356
-4464
-3931
-2832
-1320
392
2062
3449
4349
4625
4227
3199
1680
-120
-1945
-3529
-4636
-5093
-4818
-3835
-2270
-336
1693
3528
4900
5602
5523
4661
3128
1134
-1044
-3100
-4745
-5746
-5965
-5371
-4053
-2196
-62
2053
3865
5135
5706
5525
4641
3200
1415
-465
-2194
-3562
-4422
-4705
-4426
-3670
-2574
-1302
-18
1137
2063
2707
3058
3141
3001
2689
2246
1700
1063
335
-477
-1359
-2265
-3123
-3832
-4275
-4334
-3921
-2993
-1576
225
2231
4203
5870
6969
7285
6692
5179
2867
0
-3077
-5964
-8256
-9606
-9774
-8673
-6386
-3167
594
4417
7791
10255
11455
11201
9495
6536
2692
-1543
-5620
-9007
-11261
-12089
-11386
-9249
-5962
-1955
2254
6130
9189
11062
11539
10591
8374
5193
1467
-2331
-5740
-8359
-9900
-10220
-9326
-7371
-4627
-1448
1778
4676
6925
8293
8661
8028
6509
4311
1712
-978
-3450
-5433
-6718
-7186
-6812
-5671
-3923
-1793
451
2542
4234
5337
5740
5423
4457
2997
1255
-525
-2104
-3280
-3915
-3955
-3436
-2478
-1261
0
1096
1853
2164
2004
1437
601
-315
-1107
-1594
-1649
-1233
-398
710
1884
2880
3469
3475
2820
1535
-223
-2206
-4094
-5557
-6306
-6146
-5017
-3013
-374
2538
5296
7470
8694
8730
7510
5155
1961
-1637
-5130
-8009
-9842
-10343
-9416
-7175
-3925
-120
3702
7006
9332
10365
9983
8267
5489
2063
-1516
-4752
-7219
-8618
-8820
-7871
-5979
-3468
-724
1867
3982
5394
6006
5844
5043
3806
2361
924
-340
-1339
-2047
-2500
-2766
-2918
-3008
-3042
-2987
-2767
-2297
-1507
-374
1054
2652
4217
5502
6253
6258
5395
3669
1228
-1639
-4545
-7049
-8732
-9267
-8482
-6404
-3263
521
4407
7804
10166
11087
10370
8068
4487
147
-4294
-8150
-10803
-11817
-11007
-8476
-4607
-1
4612
8496
11021
11775
10630
7770
3657
-1035
-5536
-9105
-11149
-11332
-9621
-6304
-1935
2751
6968
10003
11342
10755
8335
4488
-138
-4763
-8600
-10996
-11537
-10121
-6978
-2631
2190
6674
10061
11776
11521
9332
5569
860
-4008
-8219
-11066
-12072
-11066
-8219
-4008
860
5569
9332
11521
11776
10061
6674
2190
-2631
-6978
-10121
-11537
-10996
-8600
-4763
-138
4488
8335
10755
11342
10003
6968
2751
-1935
-6304
-9621
-11332
-11149
-9105
-5536
-1035
3657
7770
10630
11775
11021
8496
4612
-1
-4607
-8476
-11007
-11817
-10803
-8150
-4294
147
4487
8068
10370
11087
10166
7804
4407
521
-3263
-6404
-8482
-9267
-8732
-7049
-4545
-1639
1228
3669
5395
6258
6253
5502
4217
2652
1054
-374
-1507
-2297
-2767
-2987
-3042
-3008
-2918
-2766
-2500
-2047
-1339
-340
924
2361
3806
5043
5844
6006
5394
3982
1867
-724
-3468
-5979
-7871
-8820
-8618
-7219
-4752
-1516
2063
5489
8267
9983
10365
9332
7006
3702
-120
-3925
-7175
-9416
-10343
-9842
-8009
-5130
-1637
1961
5155
7510
8730
8694
7470
5296
2538
-374
-3013
-5017
-6146
-6306
-5557
-4094
-2206
-223
1535
2820
3475
3469
2880
1884
710
-398
-1233
-1649
-1594
-1107
-315
601
1437
2004
2164
1853
1096
0
-1261
-2478
-3436
-3955
-3915
-3280
-2104
-525
1255
2997
4457
5423
5740
5337
4234
2542
451
-1793
-3923
-5671
-6812
-7186
-6718
-5433
-3450
-978
1712
4311
6509
8028
8661
8293
6925
4676
1778
-1448
-4627
-7371
-9326
-10220
-9900
-8359
-5740
-2331
1467
5193
8374
10591
11539
11062
9189
6130
2254
-1955
-5962
-9249
-11386
-12089
-11261
-9007
-5620
-1543
2692
6536
9495
11201
11455
10255
7791
4417
594
-3167
-6386
-8673
-9774
-9606
-8256
-5964
-3077
0
2867
5179
6692
7285
6969
5870
4203
2231
225
-1576
-2993
-3921
-4334
-4275
-3832
-3123
-2265
-1359
-477
335
1063
1700
2246
2689
3001
3141
3058
2707
2063
1137
-18
-1302
-2574
-3670
-4426
-4705
-4422
-3562
-2194
-465
1415
3200
4641
5525
5706
5135
3865
2053
-62
-2196
-4053
-5371
-5965
-5746
-4745
-3100
-1044
1134
3128
4661
5523
5602
4900
3528
1693
-336
-2270
-3835
-4818
-5093
-4636
-3529
-1945
-120
1680
3199
4227
4625
4349
3449
2062
392
-1320
-2832
-3931
-4464
-4356
-3624
-2369
-763
971
2594
3881
4646
4777
4243
3103
1500
-359
-2227
-3849
-4996
-5498
-5265
-4303
-2717
-702
1484
3552
5215
6231
6440
5782
4316
2213
-262
-2786
-5015
-6634
-7403
-7191
-5999
-3963
-1339
1526
4246
6444
7809
8137
7367
5589
3035
49
-2962
-5586
-7458
-8319
-8052
-6695
-4442
-1607
1410
4195
6365
7632
7838
6980
5201
2773
51
-2577
-4754
-6195
-6732
-6332
-5097
-3245
-1067
1111
2987
4317
4955
4866
4124
2892
1394
-126
-1447
-2398
-2881
-2887
-2481
-1790
-971
-184
439
817
924
797
515
188
-75
-191
-110
158
563
1008
1378
1565
1485
1102
437
-428
-1369
-2231
-2858
-3120
-2936
-2296
-1259
46
1441
2723
3696
4200
4139
3496
2341
819
-867
-2487
-3813
-4654
-4886
-4467
-3442
-1945
-171
1643
3258
4458
5083
5050
4363
3111
1457
-383
-2176
-3690
-4734
-5177
-4965
-4127
-2772
-1070
762
2498
3920
4850
0
0
0
0
0
0
0
0
0
0
0
0
0
0
0
0
0
0
0
0
0
0
0
0
0
0
0
0
0
0
0
0
0
0
0
0
0
0
0
0
0
0
0
0
0
0
0
0
0
0
0
0
0
0
0
0
0
0
0
0
0
0
0
0
0
0
0
8622
8102
6602
4303
1479
-1529
-4358
-6664
-8163
-8668
-8112
-6556
-4188
-1297
1759
4599
6865
8269
8631
7905
6183
3689
745
-2266
-4954
-6973
-8069
-8110
-7109
-5217
-2703
87
2777
5016
6521
7124
6781
5584
3736
1519
-748
-2761
-4270
-5113
-5235
-4689
-3617
-2221
-729
646
1737
2443
2740
2674
2340
1861
1356
917
591
378
231
80
-149
-513
-1023
-1641
-2279
-2810
-3095
-3011
-2480
-1495
-131
1456
3051
4404
5278
5486
4933
3634
1724
-553
-2884
-4925
-6362
-6955
-6586
-5280
-3203
-645
2028
4427
6200
7090
6972
5877
3982
1583
-951
-3245
-4967
-5888
-5914
-5093
-3606
-1730
212
1910
3116
3685
3592
2936
1907
752
-280
-989
-1254
-1064
-512
224
923
1364
1381
899
-44
-1299
-2625
-3735
-4355
-4273
-3394
-1765
420
2846
5118
6832
7645
7336
5859
3356
151
-3299
-6470
-8853
-10041
-9794
-8092
-5139
-1342
2751
6533
9431
10999
10988
9390
6436
2567
-1637
-5552
-8602
-10347
-10557
-9240
-6637
-3178
585
4078
6784
8335
8559
7501
5407
2677
-210
-2783
-4649
-5564
-5461
-4455
-2815
-902
895
2240
2901
2798
2008
750
-667
-1904
-2659
-2729
-2056
-736
992
2793
4292
5150
5129
4143
2281
-200
-2916
-5413
-7247
-8063
-7658
-6024
-3354
-19
3485
6622
8893
9923
9522
7718
4754
1058
-2829
-6336
-8947
-10281
-10152
-8593
-5851
-2343
1411
4868
7542
9081
9310
8254
6124
3277
153
-2791
-5158
-6659
-7154
-6660
-5337
-3449
-1316
739
2446
3617
4172
4133
3608
2760
1772
808
-8
-615
-1009
-1232
-1351
-1437
-1537
-1662
-1784
-1839
-1749
-1444
-884
-78
904
1942
2875
3530
3758
3462
2625
1321
-289
-1978
-3485
-4555
-4990
-4682
-3638
-1986
40
2135
3965
5228
5700
5279
4004
2053
-278
-2626
-4611
-5903
-6273
-5637
-4070
-1800
827
3399
5503
6790
7033
6164
4292
1682
-1276
-4133
-6443
-7838
-8081
-7107
-5034
-2149
1137
4349
7010
8725
9226
8422
6407
3449
-48
-3604
-6724
-8976
-10044
-9774
-8192
-5505
-2062
1684
5244
8154
10036
10646
9906
7909
4905
1272
-2537
-6051
-8833
-10541
-10964
-10046
-7897
-4774
-1052
2821
6377
9183
10896
11300
10335
8106
4874
1022
-2984
-6656
-9539
-11271
-11624
-10543
-8149
-4731
-708
3414
7117
9928
11484
11582
10208
7540
3923
-167
-4196
-7637
-10041
-11103
-10699
-8903
-5978
-2338
1512
5047
7797
9407
9694
8660
6497
3550
262
-2887
-5459
-7114
-7661
-7082
-5527
-3283
-730
1724
3711
4953
5305
4773
3508
1771
-106
-1791
-2996
-3530
-3329
-2464
-1122
423
1866
2924
3382
3138
2220
778
-933
-2607
-3928
-4636
-4567
-3688
-2102
-41
2175
4186
5653
6310
6014
4772
2739
202
-2463
-4854
-6597
-7412
-7154
-5840
-3650
-895
2019
4666
6651
7678
7595
6415
4314
1607
-1301
-3983
-6044
-7187
-7257
-6263
-4372
-1885
811
3306
5228
6298
6374
5471
3754
1512
-889
-3069
-4685
-5493
-5381
-4387
-2689
-577
1594
3466
4728
5173
4728
3466
1594
-577
-2689
-4387
-5381
-5493
-4685
-3069
-889
1512
3754
5471
6374
6298
5228
3306
811
-1885
-4372
-6263
-7257
-7187
-6044
-3983
-1301
1607
4314
6415
7595
7678
6651
4666
2019
-895
-3650
-5840
-7154
-7412
-6597
-4854
-2463
202
2739
4772
6014
6310
5653
4186
2175
-41
-2102
-3688
-4567
-4636
-3928
-2607
-933
778
2220
3138
3382
2924
1866
423
-1122
-2464
-3329
-3530
-2996
-1791
-106
1771
3508
4773
5305
4953
3711
1724
-730
-3283
-5527
-7082
-7661
-7114
-5459
-2887
262
3550
6497
8660
9694
9407
7797
5047
1512
-2338
-5978
-8903
-10699
-11103
-10041
-7637
-4196
-167
3923
7540
10208
11582
11484
9928
7117
3414
-708
-4731
-8149
-10543
-11624
-11271
-9539
-6656
-2984
1022
4874
8106
10335
11300
10896
9183
6377
2821
-1052
-4774
-7897
-10046
-10964
-10541
-8833
-6051
-2537
1272
4905
7909
9906
10646
10036
8154
5244
1684
-2062
-5505
-8192
-9774
-10044
-8976
-6724
-3604
-48
3449
6407
8422
9226
8725
7010
4349
1137
-2149
-5034
-7107
-8081
-7838
-6443
-4133
-1276
1682
4292
6164
7033
6790
5503
3399
827
-1800
-4070
-5637
-6273
-5903
-4611
-2626
-278
2053
4004
5279
5700
5228
3965
2135
40
-1986
-3638
-4682
-4990
-4555
-3485
-1978
-289
1321
2625
3462
3758
3530
2875
1942
904
-78
-884
-1444
-1749
-1839
-1784
-1662
-1537
-1437
-1351
-1232
-1009
-615
-8
808
1772
2760
3608
4133
4172
3617
2446
739
-1316
-3449
-5337
-6660
-7154
-6659
-5158
-2791
153
3277
6124
8254
9310
9081
7542
4868
1411
-2343
-5851
-8593
-10152
-10281
-8947
-6336
-2829
1058
4754
7718
9522
9923
8893
6622
3485
-19
-3354
-6024
-7658
-8063
-7247
-5413
-2916
-200
2281
4143
5129
5150
4292
2793
992
-736
-2056
-2729
-2659
-1904
-667
750
2008
2798
2901
2240
895
-902
-2815
-4455
-5461
-5564
-4649
-2783
-210
2677
5407
7501
8559
8335
6784
4078
585
-3178
-6637
-9240
-10557
-10347
-8602
-5552
-1637
2567
6436
9390
10988
10999
9431
6533
2751
-1342
-5139
-8092
-9794
-10041
-8853
-6470
-3299
151
3356
5859
7336
7645
6832
5118
2846
420
-1765
-3394
-4273
-4355
-3735
-2625
-1299
-44
899
1381
1364
923
224
-512
-1064
-1254
-989
-280
752
1907
2936
3592
3685
3116
1910
212
-1730
-3606
-5093
-5914
-5888
-4967
-3245
-951
1583
3982
5877
6972
7090
6200
4427
2028
-645
-3203
-5280
-6586
-6955
-6362
-4925
-2884
-553
1724
3634
4933
5486
5278
4404
3051
1456
-131
-1495
-2480
-3011
-3095
-2810
-2279
-1641
-1023
-513
-149
80
231
378
591
917
1356
1861
2340
2674
2740
2443
1737
646
-729
-2221
-3617
-4689
-5235
-5113
-4270
-2761
-748
1519
3736
5584
6781
7124
6521
5016
2777
87
-2703
-5217
-7109
-8110
-8069
-6973
-4954
-2266
745
3689
6183
7905
8631
8269
6865
4599
1759
-1297
-4188
-6556
-8112
-8668
-8163
-6664
-4358
-1529
1479
4303
6602
8102
0
0
0
0
0
0
0
0
0
0
0
0
0
0
0
0
0
0
0
0
0
0
0
0
0
0
0
0
0
0
0
0
0
0
0
0
0
0
0
0
0
0
0
0
0
0
0
0
0
0
0
0
0
0
0
0
0
0
0
0
0
0
0
0
0
0
0
