0
4278
8485
12550
16402
19973
23203
26035
28419
30314
31684
32507
32766
32456
31581
30156
28203
25758
22860
19561
15917
11991
7852
3573
-771
-5106
-9352
-13436
-17284
-20829
-24006
-26759
-29038
-30801
-32015
-32660
-32720
-32196
-31094
-29434
-27244
-24563
-21439
-17925
-14087
-9991
-5712
-1327
3083
7441
11667
15683
19415
22796
25762
28259
30239
31667
32514
32764
32412
31462
29931
27847
25247
22178
18696
14865
10755
6443
2009
-2465
-6896
-11201
-15299
-19113
-22570
-25606
-28162
-30190
-31650
-32514
-32764
-32394
-31411
-29832
-27686
-25012
-21861
-18292
-14372
-10175
-5781
-1274
3259
7733
12062
16161
19951
23359
26318
28771
30668
31973
32659
32711
32127
30919
29107
26727
23823
20452
16679
12577
8226
3711
-879
-5455
-9926
-14204
-18204
-21846
-25058
-27775
-29942
-31516
-32464
-32766
-32415
-31417
-29790
-27567
-24790
-21514
-17805
-13736
-9388
-4849
-209
4437
8997
13377
17489
21248
24578
27411
29687
31359
32393
32765
32468
31507
29899
27676
24884
21579
17828
13707
9301
4700
0
-4703
-9311
-13729
-17864
-21629
-24947
-27746
-29968
-31566
-32503
-32761
-32332
-31225
-29460
-27076
-24119
-20653
-16748
-12488
-7961
-3263
1506
6246
10856
15238
19298
22949
26112
28719
30713
32051
32702
32651
31900
30461
28366
25658
22395
18646
14492
10022
5332
524
-4298
-9029
-13567
-17811
-21669
-25055
-27896
-30127
-31699
-32577
-32739
-32182
-30916
-28967
-26379
-23206
-19519
-15397
-10932
-6222
-1372
3511
8320
12945
17284
21240
24723
27655
29968
31611
32545
32748
32214
30954
28995
26381
23169
19431
15252
10724
5950
1038
-3899
-8751
-13405
-17757
-21705
-25159
-28038
-30277
-31822
-32637
-32702
-32014
-30588
-28456
-25665
-22280
-18377
-14047
-9388
-4509
477
5455
10308
14924
19194
23018
26305
28979
30974
32243
32756
32498
31476
29711
27244
24133
20449
16280
11722
6884
1880
-3170
-8148
-12935
-17416
-21484
-25041
-28000
-30291
-31856
-32659
-32677
-31909
-30373
-28105
-25157
-21600
-17520
-13013
-8189
-3163
1941
7001
11893
16499
20705
24407
27516
29953
31659
32589
32721
32049
30590
28377
25463
21921
17836
13307
8448
3377
-1780
-6896
-11843
-16499
-20746
-24479
-27603
-30040
-31727
-32621
-32699
-31957
-30413
-28105
-25088
-21439
-17247
-12618
-7668
-2522
2689
7836
12787
17416
21605
25247
28248
30530
32035
32723
32574
31592
29801
27244
23987
20112
15718
10917
5832
595
-4660
-9798
-14685
-19194
-23208
-26622
-29345
-31307
-32455
-32757
-32206
-30813
-28614
-25665
-22043
-17841
-13169
-8148
-2911
2405
7661
12717
17440
21705
25397
28419
30689
32146
32750
32483
31352
29385
26633
23169
19084
14487
9500
4255
-1105
-6439
-11603
-16457
-20870
-24723
-27911
-30346
-31961
-32712
-32578
-31559
-29684
-27001
-23582
-19519
-14922
-9916
-4636
771
6162
11386
16301
20770
24671
27896
30354
31977
32719
32558
31498
29565
26813
23317
19172
14492
9407
4058
-1405
-6833
-12073
-16978
-21411
-25247
-28377
-30713
-32188
-32760
-32410
-31148
-29007
-26047
-22351
-18021
-13179
-7961
-2516
3003
8440
13640
18454
22745
26389
29282
31340
32503
32737
32033
30409
27913
24613
20604
16000
10932
5547
0
-5550
-10942
-16021
-20637
-24657
-27963
-30458
-32068
-32745
-32468
-31244
-29107
-26118
-22364
-17952
-13013
-7689
-2137
3479
8997
14252
19090
23367
26955
29748
31662
32640
32650
31691
29790
27003
23411
19119
14256
8965
3403
-2262
-7862
-13230
-18204
-22633
-26385
-29345
-31423
-32556
-32707
-31871
-30072
-27362
-23823
-19561
-14703
-9397
-3803
1908
7565
12994
18030
22517
26318
29316
31419
32559
32702
31841
30001
27238
23635
19302
14372
8996
3339
-2422
-8112
-13553
-18577
-23026
-26761
-29667
-31650
-32648
-32629
-31591
-29565
-26615
-22829
-18327
-13249
-7752
-2009
3799
9491
14886
19815
24120
27666
30338
32052
32751
32412
31044
28690
25423
21345
16586
11295
5642
-193
-6025
-11667
-16938
-21669
-25706
-28920
-31206
-32489
-32726
-31909
-30063
-27244
-23544
-19081
-13998
-8460
-2644
3259
9060
14569
19606
24006
27626
30346
32075
32756
32366
30916
28451
25051
20827
15917
10480
4696
-1244
-7147
-12817
-18065
-22719
-26622
-29644
-31684
-32674
-32578
-31398
-29173
-25975
-21909
-17110
-11737
-5969
0
5972
11747
17130
21941
26016
29217
31436
32596
32657
31615
29504
26395
22390
17625
12260
6476
470
-5554
-11392
-16845
-21726
-25867
-29127
-31393
-32585
-32662
-31619
-29491
-26349
-22301
-17483
-12062
-6222
-166
5898
11762
17222
22088
26191
29387
31566
32648
32597
31411
29131
25835
21636
16679
11138
5205
-912
-7001
-12847
-18244
-23003
-26955
-29960
-31912
-32739
-32412
-30940
-28374
-24803
-20353
-15179
-9465
-3413
2763
8843
14612
19863
24407
28083
30758
32334
32755
32003
30103
27124
23169
18381
12929
7010
836
-5370
-11386
-16993
-21989
-26191
-29446
-31636
-32680
-32538
-31214
-28754
-25247
-20819
-15630
-9868
-3744
2518
8692
14551
19879
24480
28184
30855
32393
32739
31880
29845
26709
22585
17625
12011
5950
-333
-6607
-12639
-18204
-23094
-27128
-30152
-32055
-32763
-32248
-30528
-27666
-23767
-18976
-13473
-7461
-1167
5173
11322
17047
22132
26385
29644
31785
32724
32427
30901
28203
24435
19738
14288
8294
1981
-4409
-10635
-16457
-21654
-26025
-29402
-31656
-32697
-32485
-31027
-28377
-24634
-19943
-14481
-8460
-2109
4324
10594
16457
21686
26077
29459
31699
32710
32451
30929
28203
24378
19601
14056
7961
1552
-4919
-11201
-17047
-22227
-26537
-29806
-31906
-32751
-32307
-30590
-27666
-23648
-18696
-13002
-6791
-309
6187
12441
18204
23246
27366
30398
32222
32762
31995
29951
26709
22398
17189
11289
4935
-1619
-8112
-14281
-19879
-24678
-28486
-31147
-32552
-32643
-31416
-28917
-25247
-20553
-15023
-8882
-2378
4225
10659
16662
21989
26421
29777
31918
32756
32254
30432
27362
23169
18024
12137
5748
-879
-7473
-13762
-19485
-24407
-28323
-31070
-32533
-32650
-31414
-28875
-25136
-20353
-14721
-8475
-1874
4807
11292
17307
22602
26955
30182
32146
32765
32010
29911
26556
22083
16679
10571
4016
-2711
-9326
-15551
-21121
-25799
-29387
-31732
-32732
-32344
-30582
-27520
-23286
-18060
-12062
-5547
1206
7911
14280
20041
24947
28786
31393
32653
32513
30975
28105
24024
18906
12972
6476
-301
-7069
-13534
-19415
-24458
-28443
-31196
-32596
-32580
-31148
-28360
-24336
-19250
-13322
-6811
0
6813
13332
19269
24364
28393
31178
32594
32578
31129
28309
24241
19103
13120
6555
-301
-7147
-13680
-19609
-24671
-28641
-31340
-32648
-32505
-30916
-27948
-23735
-18460
-12360
-5706
1206
8067
14569
20421
25359
29162
31656
32728
32328
30473
27244
22786
17298
11027
4255
-2711
-9557
-15974
-21669
-26383
-29901
-32062
-32766
-31979
-29736
-26137
-21345
-15577
-9095
-2195
4807
11593
17850
23291
27666
30771
32464
32665
31362
28614
24546
19345
13249
6538
-477
-7473
-14125
-20126
-25196
-29098
-31650
-32732
-32292
-30349
-26991
-22374
-16712
-10266
-3339
3746
10659
17076
22694
27251
30530
32377
32702
31489
28793
24740
19519
13375
6597
-494
-7565
-14281
-20323
-25404
-29282
-31772
-32753
-32178
-30072
-26533
-21729
-15887
-9285
-2238
4919
11843
18204
23695
28052
31066
32589
32548
30942
27847
23411
17845
11416
4435
-2763
-9830
-16425
-22227
-26955
-30378
-32330
-32713
-31507
-28769
-24631
-19293
-13013
-6096
1120
8285
15047
21076
26077
29802
32068
32763
31850
29372
25451
20276
14101
7230
0
-7232
-14111
-20295
-25478
-29402
-31872
-32764
-32033
-29711
-25913
-20827
-14703
-7845
-595
6688
13640
19914
25196
29220
31785
32759
32093
29819
26047
20967
14832
7950
664
-6656
-13645
-19948
-25247
-29273
-31822
-32763
-32046
-29706
-25861
-20703
-14492
-7543
-209
7138
14125
20396
25629
29557
31977
32766
31880
29363
25342
20022
13674
6622
-771
-8129
-15071
-21240
-26318
-30042
-32219
-32734
-31559
-28754
-24461
-18901
-12360
-5177
2276
9615
16457
22447
27271
30678
32489
32608
31026
27825
23169
17302
10527
3199
-4298
-11573
-18244
-23960
-28419
-31387
-32705
-32302
-30198
-26501
-21406
-15179
-8148
-684
6817
13962
20369
25700
29668
32064
32757
31710
28975
24698
19103
12488
5205
-2358
-9798
-16717
-22745
-27557
-30894
-32577
-32513
-30703
-27244
-22319
-16192
-9191
-1693
5898
13175
19743
25247
29388
31941
32765
31816
29141
24884
19276
12618
5272
-2362
-9871
-16845
-22903
-27714
-31014
-32621
-32445
-30495
-26875
-21781
-15492
-8351
-749
6896
14165
20658
26016
29942
32220
32721
31417
28377
23767
17841
10926
3403
-4310
-11787
-18613
-24407
-28847
-31684
-32759
-32010
-29476
-25298
-19707
-13013
-5590
2148
9769
16845
22980
27828
31116
32659
32366
30254
26438
21133
14635
7310
-430
-8148
-15409
-21801
-26962
-30598
-32502
-32563
-30778
-27244
-22162
-15818
-8572
-836
6950
14343
20920
26305
30190
32350
32661
31103
27762
22829
16586
9388
1649
-6187
-13670
-20369
-25898
-29936
-32249
-32702
-31267
-28024
-23161
-16955
-9766
-2009
5867
13405
20168
25762
29860
32222
32709
31291
28049
23169
16936
9711
1916
-5992
-13553
-20323
-25904
-29968
-32275
-32687
-31179
-27837
-22855
-16527
-9222
-1372
6562
14111
20829
26318
30252
32397
32623
30916
27374
22206
15718
8294
373
-7571
-15067
-21669
-26980
-30683
-32556
-32483
-30469
-26631
-21197
-14492
-6916
1077
9009
16402
22811
27851
31216
32702
32218
29790
25564
19793
12824
5078
-2978
-10856
-18080
-24210
-28873
-31785
-32766
-31757
-28816
-24119
-17952
-10689
-2772
5316
13083
20053
25799
29968
32304
32662
31017
27469
22233
15630
8064
0
-8067
-15639
-22251
-27492
-31038
-32669
-32282
-29899
-25665
-19840
-12785
-4935
3223
11185
18454
24578
29176
31960
32754
31507
28295
23317
16881
9388
1306
-6859
-14599
-21426
-26913
-30713
-32587
-32415
-30206
-26096
-20343
-13307
-5431
2789
10837
18204
24423
29100
31937
32755
31498
28244
23199
16679
9099
938
-7285
-15047
-21854
-27271
-30951
-32659
-32282
-29844
-25497
-19519
-12290
-4271
4023
12062
19330
25359
29762
32252
32670
30984
27303
21861
15008
7184
-1105
-9326
-16947
-23474
-28484
-31650
-32766
-31757
-28687
-23753
-17274
-9670
-1435
6896
14781
21705
27215
30951
32666
32248
29720
25247
19119
11737
3583
-4807
-12886
-20121
-26035
-30239
-32455
-32534
-30469
-26395
-20578
-13400
-5336
3083
11302
18775
25007
29584
32200
32681
30992
27244
21684
14679
6695
-1736
-10055
-17706
-24178
-29038
-31959
-32744
-31340
-27837
-22468
-15592
-7668
771
9163
16942
23583
28641
31772
32764
31548
28203
22955
16155
8261
-193
-8637
-16499
-23246
-28419
-31667
-32766
-31641
-28366
-23161
-16378
-8479
0
8482
16388
23178
28387
31659
32766
31633
28334
23092
16267
8323
-193
-8699
-16610
-23382
-28547
-31748
-32764
-31521
-28105
-22748
-15818
-7793
771
9287
17161
23850
28887
31923
32744
31292
27666
22114
15023
6884
-1736
-10238
-18030
-24565
-29387
-32158
-32681
-30919
-26991
-21173
-13868
-5590
3083
11543
19194
25499
30012
32414
32534
30361
26047
19895
12336
3903
-4807
-13181
-20625
-26610
-30711
-32637
-32248
-29569
-24790
-18247
-10405
-1820
6896
15124
22277
27843
31423
32760
31757
28483
23169
16196
8060
-655
-9326
-17331
-24094
-29127
-32068
-32703
-30984
-27033
-21133
-13707
-5289
3511
12062
19743
25999
30374
32552
32371
29844
25150
18630
10754
2094
-6719
-15047
-22282
-27896
-31478
-32765
-31661
-28244
-22763
-15616
-7324
1506
10228
18204
24847
29668
32313
32585
30461
26096
19809
12062
3423
-5469
-13962
-21426
-27310
-31178
-32740
-31881
-28661
-23317
-16242
-7961
912
9721
17811
24578
29519
32265
32608
30520
26157
19840
12041
3339
-5613
-14150
-21629
-27492
-31296
-32755
-31758
-28377
-22863
-15630
-7219
1736
10564
18599
25234
29968
32443
32468
30041
25342
18725
10689
1842
-7147
-15598
-22868
-28404
-31785
-32751
-31227
-27327
-21345
-13736
-5078
3969
12717
20496
26712
30887
32702
32014
28875
23522
16364
7950
-1077
-10024
-18204
-24986
-29848
-32414
-32483
-30050
-25298
-18593
-10451
-1499
7571
16058
23305
28750
31969
32711
30916
26720
20449
12587
3744
-5391
-14111
-21734
-27666
-31442
-32766
-31533
-27837
-21964
-14372
-5653
3510
12401
20323
26654
30894
32710
31957
28692
23169
15822
7226
-1941
-10958
-19113
-25762
-30378
-32596
-32237
-29328
-24096
-16955
-8469
691
9799
18132
25028
29936
32465
32412
29778
24772
17791
9388
234
-8940
-17404
-24479
-29598
-32350
-32513
-30072
-25219
-18342
-9991
-836
8388
16942
24135
29387
32275
32563
30226
25451
18620
10283
1113
-8148
-16754
-24006
-29316
-32252
-32574
-30254
-25477
-18630
-10266
-1066
8222
16845
24098
29390
32286
32549
30156
25298
18372
9941
695
-8610
-17213
-24407
-29603
-32371
-32482
-29925
-24908
-17841
-9305
0
9307
17850
24924
29942
32491
32356
29546
24293
17028
8351
-1019
-10308
-18745
-25629
-30386
-32621
-32145
-28995
-23432
-15917
-7073
2362
11603
19879
26497
30903
32728
31816
28241
22301
14491
5464
-4023
-13175
-21224
-27492
-31451
-32766
-31324
-27244
-20868
-12732
-3519
5992
15001
22745
28568
31977
32682
30619
25962
19103
10622
1238
-8253
-17047
-24394
-29668
-32420
-32412
-29643
-24347
-16973
-8148
1373
10781
19269
26112
30723
32705
31886
28334
22351
14449
5304
-4298
-13534
-21608
-27826
-31650
-32749
-31026
-26627
-19930
-11510
-2094
7504
16457
23989
29446
32355
32460
29752
24461
17046
8148
-1459
-10942
-19477
-26318
-30870
-32732
-31742
-27983
-21780
-13674
-4371
5316
14541
22496
28484
31977
32669
30495
25645
18541
9807
209
-9410
-18204
-25397
-30356
-32640
-32046
-28625
-22675
-14721
-5464
4278
13645
21806
28038
31787
32719
30748
26047
19032
10324
695
-8997
-17892
-25196
-30256
-32621
-32077
-28669
-22701
-14703
-5389
4409
13816
21989
28193
31872
32694
30582
25725
18555
9715
0
-9718
-18563
-25739
-30598
-32699
-31850
-28126
-21861
-13619
-4144
5708
15047
23026
28920
32194
32549
29951
24631
17073
7961
-1876
-11547
-20168
-26955
-31287
-32766
-31257
-26894
-20073
-11416
-1713
8148
17267
24807
30076
32589
32113
28690
22632
14492
5018
-4919
-14407
-22570
-28657
-32104
-32591
-30072
-24775
-17189
-8012
1907
11653
20323
27113
31393
32763
31094
26539
19519
10683
852
-9060
-18132
-25519
-30530
-32697
-31816
-27965
-21503
-13031
-3339
6667
16052
23938
29584
32459
32292
29097
23169
15065
5543
-4501
-14125
-22423
-28612
-32108
-32578
-29977
-24546
-16798
-7461
2582
12385
21019
27666
31694
32721
30647
25665
18247
9095
-923
-10856
-19760
-26786
-31264
-32766
-31146
-26556
-19431
-10451
-470
9557
18675
26008
30855
32749
31507
27244
20368
11537
1595
-8501
-17784
-25359
-30497
-32702
-31758
-27754
-21074
-12360
-2451
7696
17103
24860
30215
32648
31922
28105
21563
12929
3039
-7147
-16643
-24525
-30025
-32607
-32016
-28309
-21844
-13249
-3359
6859
16412
24364
29939
32588
32050
28377
21924
13322
3413
-6833
-16412
-24382
-29960
-32596
-32028
-28309
-21804
-13150
-3199
7069
16643
24578
30089
32630
31946
28105
21482
12732
2719
-7565
-17103
-24947
-30318
-32680
-31797
-27754
-20951
-12062
-1970
8320
17784
25478
30633
32732
31565
27244
20200
11134
952
-9326
-18675
-26154
-31014
-32765
-31228
-26556
-19215
-9941
333
10578
19760
26955
31436
32749
30759
25665
17979
8475
-1887
-12062
-21019
-27851
-31864
-32650
-30126
-24546
-16475
-6728
3703
13762
22423
28806
32258
32427
29291
23169
14683
4696
-5772
-15653
-23938
-29777
-32571
-32033
-28214
-21503
-12587
-2378
8077
17706
25519
30711
32748
31416
26850
19519
10175
-219
-10594
-19879
-27113
-31549
-32726
-30520
-25157
-17189
-7439
3083
13289
22119
28657
32222
32441
29289
23092
14492
4381
-6187
-16114
-24364
-30076
-32652
-31820
-27666
-20619
-11416
-1017
9491
19008
26537
31287
32757
30792
25595
17709
7961
-2625
-12939
-21894
-28547
-32194
-32451
-29286
-23032
-14346
-4144
6498
16457
24678
30291
32699
31644
27238
19943
10531
0
-10533
-19951
-27251
-31656
-32694
-30254
-24592
-16309
-6286
4409
14637
23305
29487
32519
32077
28203
21312
12137
1660
-8997
-18692
-26385
-31248
-32757
-30748
-25434
-17383
-7461
3266
13645
22556
29038
32390
32248
28625
21909
12824
2351
-8378
-18204
-26061
-31098
-32765
-30880
-25645
-17625
-7689
3083
13524
22496
29023
32393
32235
28565
21780
12618
2077
-8692
-18516
-26318
-31245
-32755
-30681
-25247
-17046
-6975
3863
14280
23132
29446
32527
32033
28015
20915
11510
836
-9932
-19609
-27125
-31650
-32682
-30103
-24198
-15616
-5304
5596
15880
24407
30232
32705
31550
26894
19250
9465
-1373
-12062
-21411
-28379
-32188
-32412
-29022
-22395
-13267
-2656
8253
18244
26197
31222
32754
30619
25054
16679
6433
-4537
-15001
-23783
-29895
-32648
-31731
-27244
-19690
-9916
976
11762
21224
28293
32170
32415
28997
22301
13080
2378
-8595
-18599
-26497
-31393
-32729
-30352
-24528
-15917
-5494
5554
15974
24578
30386
32734
31352
26395
18425
8351
-2679
-13405
-22602
-29217
-32491
-32046
-27932
-20616
-10936
0
10939
20625
27944
32055
32482
29173
22507
13249
2462
-8610
-18692
-26622
-31481
-32707
-30156
-24119
-15293
-4696
6446
16845
25296
30817
32766
30916
25477
17079
6695
-4468
-15115
-24006
-30106
-32702
-31489
-26606
-18620
-8460
2689
13528
22788
29387
32552
31909
27532
19930
9991
-1120
-12103
-21669
-28693
-32350
-32208
-28280
-21025
-11295
-234
10856
20671
28052
32127
32412
28871
21921
12379
1372
-9799
-19815
-27487
-31906
-32545
-29328
-22632
-13249
-2291
8940
19113
27016
31708
32629
29666
23169
13911
2992
-8285
-18577
-26654
-31549
-32677
-29899
-23544
-14372
-3477
7836
18214
26411
31442
32702
30037
23764
14635
3744
-7598
-18030
-26293
-31393
-32711
-30086
-23833
-14703
-3796
7571
18026
26305
31405
32707
30050
23753
14577
3632
-7754
-18204
-26446
-31479
-32688
-29925
-23522
-14256
-3253
8148
18560
26712
31608
32650
29706
23135
13736
2656
-8751
-19090
-27095
-31785
-32581
-29385
-22585
-13013
-1842
9557
19786
27585
31994
32468
28947
21861
12081
809
-10564
-20637
-28166
-32219
-32293
-28377
-20951
-10932
440
11762
21629
28819
32437
32033
27653
19840
9561
-1907
-13142
-22745
-29519
-32621
-31661
-26755
-18514
-7961
3586
14689
23960
30239
32740
31148
25658
16955
6128
-5469
-16384
-25247
-30944
-32759
-30461
-24336
-15151
-4058
7546
18204
26572
31595
32638
29565
22763
13087
1756
-9798
-20118
-27896
-32148
-32332
-28424
-20915
-10754
771
12203
22088
29171
32552
31797
27001
18769
8148
-3511
-14727
-24069
-30346
-32754
-30984
-25260
-16309
-5272
6439
17331
26008
31359
32696
29845
23169
13521
2137
-9523
-19964
-27843
-32146
-32318
-28334
-20703
-10405
1234
12717
22564
29503
32637
31559
26407
17841
6968
-4807
-15965
-25058
-30909
-32757
-30361
-24028
-14577
-3233
8533
19194
27364
31977
32433
28669
21173
10917
-762
-12345
-22321
-29387
-32619
-31592
-26438
-17828
-6884
4961
16161
25247
31028
32744
30168
23635
13998
2522
-9287
-19879
-27860
-32179
-32265
-28105
-20242
-9711
2101
13640
23382
30040
32733
31103
25362
16267
5018
-6896
-17901
-26537
-31659
-32585
-29190
-21921
-11741
0
11743
21929
29201
32589
31641
26480
17791
6728
-5233
-16499
-25566
-31222
-32709
-29826
-22955
-13013
-1327
10537
20994
28641
32450
31909
27088
18630
7668
-4324
-15739
-25041
-30976
-32744
-30105
-23411
-13561
-1880
10055
20637
28436
32397
31982
27244
18822
7852
-4182
-15653
-25007
-30974
-32743
-30072
-23319
-13400
-1660
10308
20879
28612
32455
31881
26966
18377
7282
-4807
-16245
-25468
-31216
-32702
-29720
-22675
-12528
-664
11292
21705
29147
32596
31576
26225
17274
5950
-6193
-17489
-26383
-31650
-32564
-28995
-21433
-10917
1105
12978
23064
29968
32737
30984
24950
15465
3839
-8320
-19330
-27666
-32170
-32217
-27796
-19519
-8531
3643
15314
24860
30951
32739
29972
23032
12884
938
-11141
-21669
-29176
-32613
-31498
-25982
-16835
-5332
6918
18204
26944
31912
32410
28366
20343
9465
-2743
-14569
-24351
-30713
-32759
-30198
-23387
-13283
-1306
10856
21492
29100
32604
31507
25962
16748
5166
-7147
-18454
-27152
-32008
-32332
-28076
-19840
-8789
3510
15314
24947
31038
32720
29752
22551
12140
0
-12143
-22559
-29762
-32723
-31017
-24884
-15198
-3339
8998
20053
28242
32393
31908
26854
17952
6476
-5930
-17489
-26541
-31785
-32465
-28481
-20402
-9388
2978
14918
24714
30951
32730
29790
22554
12062
-172
-12385
-22811
-29942
-32746
-30813
-24421
-14492
-2462
9926
20879
28806
32556
31581
26021
16679
4912
-7571
-18956
-27585
-32200
-32127
-27374
-18630
-7167
5342
17076
26318
31719
32485
28504
20353
9222
-3259
-15267
-25041
-31147
-32687
-29434
-21861
-11077
1334
13553
23783
30517
32764
30189
23169
12736
423
-11953
-22570
-29860
-32743
-30792
-24293
-14202
-2009
10483
21426
29201
32652
31267
25247
15482
3419
-9153
-20369
-28563
-32514
-31633
-26047
-16586
-4654
7973
19415
27967
32350
31910
26709
17520
5712
-6950
-18577
-27428
-32179
-32116
-27244
-18292
-6597
6088
17864
26962
32015
32263
27666
18910
7310
-5391
-17284
-26579
-31872
-32366
-27983
-19380
-7852
4862
16845
26287
31760
32433
28203
19707
8226
-4501
-16550
-26094
-31684
-32472
-28334
-19895
-8434
4310
16402
26003
31651
32486
28377
19946
8475
-4288
-16402
-26016
-31662
-32478
-28334
-19861
-8351
4437
16550
26133
31717
32445
28203
19638
8060
-4756
-16845
-26351
-31812
-32386
-27983
-19276
-7602
5243
17284
26666
31941
32293
27666
18769
6975
-5898
-17864
-27071
-32095
-32157
-27244
-18113
-6176
6719
18577
27557
32265
31968
26709
17302
5205
-7702
-19415
-28111
-32434
-31710
-26047
-16326
-4058
8843
20369
28719
32588
31368
25247
15179
2736
-10137
-21426
-29364
-32705
-30922
-24293
-13853
-1238
11573
22570
30025
32764
30353
23169
12339
-434
-13142
-23783
-30678
-32739
-29638
-21861
-10632
2276
14829
25041
31296
32604
28754
20353
8727
-4282
-16616
-26318
-31849
-32328
-27676
-18630
-6622
6439
18480
27585
32302
31880
26381
16679
4318
-8734
-20396
-28806
-32620
-31227
-24845
-14492
-1820
11144
22329
29942
32763
30335
23047
12062
-859
-13645
-24243
-30951
-32688
-29173
-20967
-9388
3703
16202
26094
31785
32354
27709
18593
6476
-6688
-18775
-27832
-32393
-31718
-25913
-15915
-3339
9779
21317
29402
32723
30737
23764
12933
0
-12935
-23772
-30745
-32720
-29372
-21243
-9654
3510
16105
26077
31798
32332
27590
18342
6096
-7147
-19226
-28162
-32493
-31507
-25362
-15061
-2291
10856
22227
29953
32765
30198
22670
11416
-1716
-14569
-25028
-31370
-32548
-28366
-19509
-7435
5867
18204
27539
32330
31782
25982
15887
3163
-10086
-21669
-29667
-32753
-30413
-23032
-11831
1334
14281
24860
31312
32563
28403
19519
7387
-5976
-18347
-27666
-32377
-31693
-25725
-15465
-2622
10659
22164
29968
32766
30086
22374
10917
-2369
-15261
-25599
-31650
-32396
-27709
-18372
-5950
7473
19643
28516
32596
31195
24546
13765
664
-12550
-23653
-30771
-32702
-29116
-20616
-8634
4807
17440
27128
32230
31881
26137
15968
3092
-10308
-21966
-29901
-32766
-30072
-22272
-10689
2711
15653
25937
31812
32275
27244
17574
4908
-8595
-20637
-29162
-32712
-30681
-23411
-12140
1206
14349
25041
31451
32480
27948
18630
6117
-7445
-19735
-28641
-32634
-31026
-24089
-13013
301
13567
24501
31222
32570
28309
19172
6728
-6876
-19298
-28393
-32589
-31159
-24347
-13326
0
13328
24354
31166
32585
28360
19220
6748
-6896
-19347
-28443
-32604
-31103
-24198
-13087
301
13640
24608
31294
32533
28105
18778
6176
-7504
-19879
-28786
-32669
-30847
-23635
-12290
1206
14493
25247
31583
32389
27520
17828
5008
-8692
-20870
-29387
-32745
-30352
-22624
-10917
2711
15865
26229
31977
32094
26556
16335
3233
-10442
-22277
-30182
-32757
-29546
-21112
-8944
4807
17712
27483
32390
31559
25136
14256
845
-12717
-24026
-31070
-32598
-28334
-19032
-6345
7473
19964
28903
32697
30666
23169
11540
-2148
-15456
-26008
-31918
-32127
-26596
-16309
-3103
10659
22517
30346
32741
29270
20553
8148
-5719
-18563
-28078
-32552
-31179
-24202
-12874
771
14281
25223
31625
32332
27214
17189
4062
-9798
-21894
-30040
-32762
-29565
-21025
-8682
5233
18204
27882
32514
31257
24336
13002
-691
-14262
-25247
-31650
-32307
-27094
-16955
-3732
10171
22227
30239
32747
29289
20494
7961
-6025
-18915
-28356
-32621
-30929
-23586
-11931
1907
15400
26077
31982
32033
26215
15592
2109
-11762
-23479
-30889
-32629
-28377
-18910
-5966
8077
20637
29402
32756
30080
21861
9613
-4409
-17621
-27585
-32459
-31342
-24435
-13013
816
14497
25499
31785
32188
26631
16140
2656
-11322
-23203
-30782
-32650
-28456
-18976
-5969
8148
20755
29503
32763
29925
21514
9095
-5021
-18204
-27995
-32564
-31058
-23753
-12011
1977
15598
26305
32095
31880
25698
14703
952
-12978
-24480
-31393
-32418
-27360
-17165
-3744
10381
22559
30497
32702
28754
19394
6380
-7836
-20580
-29446
-32762
-29899
-21393
-8847
5370
18577
28275
32630
30814
23169
11138
-3003
-16579
-27016
-32334
-31523
-24733
-13249
751
14612
25700
31906
32048
26096
15179
1372
-12698
-24354
-31371
-32412
-27273
-16932
-3359
10856
23003
30758
32638
28280
18514
5205
-9101
-21669
-30089
-32747
-29131
-19930
-6905
7445
20371
29387
32762
29844
21189
8460
-5898
-19125
-28673
-32702
-30433
-22301
-9868
4468
17946
27963
32585
30916
23274
11134
-3159
-16845
-27275
-32428
-31305
-24119
-12260
1977
15833
26622
32247
31615
24845
13249
-923
-14918
-26016
-32055
-31858
-25461
-14105
0
14107
25468
31864
32046
25975
14832
792
-13405
-24986
-31684
-32188
-26395
-15435
-1452
12817
24578
31525
32292
26727
15917
1981
-12345
-24250
-31393
-32366
-26976
-16280
-2378
11993
24006
31293
32415
27148
16527
2644
-11762
-23850
-31230
-32442
-27244
-16660
-2779
11653
23783
31206
32451
27267
16679
2783
-11667
-23806
-31222
-32441
-27217
-16586
-2656
11803
23919
31277
32412
27094
16378
2398
-12062
-24120
-31370
-32361
-26894
-16056
-2009
12441
24407
31496
32285
26615
15616
1488
-12939
-24777
-31650
-32178
-26251
-15055
-836
13553
25223
31826
32033
25797
14372
52
-14280
-25739
-32015
-31841
-25247
-13561
863
15115
26318
32208
31592
24592
12618
-1908
-16052
-26950
-32393
-31276
-23823
-11540
3083
17085
27622
32556
30880
22932
10324
-4384
-18204
-28323
-32682
-30389
-21909
-8965
5807
19399
29038
32755
29790
20744
7461
-7347
-20658
-29748
-32757
-29067
-19428
-5811
8997
21966
30436
32669
28203
17952
4016
-10746
-23305
-31079
-32468
-27184
-16309
-2077
12583
24657
31656
32135
25992
14491
0
-14493
-25999
-32139
-31644
-24613
-12494
2208
16457
27304
32503
30975
23032
10317
-4537
-18454
-28547
-32719
-30103
-21238
-7961
6971
20458
29694
32757
29007
19220
5431
-9491
-22439
-30713
-32587
-27666
-16973
-2736
12073
24364
31568
32177
26060
14492
-108
-14689
-26197
-32222
-31498
-24174
-11781
3083
17304
27896
32634
30520
21996
8847
-6162
-19879
-29416
-32766
-29219
-19519
-5706
9311
22368
30711
32578
27570
16743
2378
-12491
-24723
-31732
-32033
-25558
-13674
1105
15653
26888
32428
31095
23169
10328
-4707
-18745
-28806
-32750
-29736
-20402
-6728
8378
21705
30414
32650
27932
17262
2911
-12062
-24465
-31651
-32083
-25665
-13765
1077
15692
26955
32455
31012
22932
9941
-5180
-19194
-29098
-32765
-29406
-19738
-5832
9326
22486
30817
32526
27244
16102
1495
-13436
-25478
-32035
-31693
-24521
-12062
2999
17416
28078
32680
30226
21243
7668
-7565
-21167
-30192
-32685
-28105
-17438
-2992
12103
24578
31727
31995
25321
13150
-1876
-16499
-27539
-32596
-30567
-21889
-8448
6833
20630
29936
32722
28377
17845
3419
-11753
-24364
-31659
-32040
-25423
-13249
1823
16499
27568
32607
30508
21729
8189
-7147
-20920
-30108
-32693
-28105
-17347
-2779
12401
24860
31856
31850
24838
12360
-2839
-17416
-28160
-32702
-30037
-20749
-6884
8501
22013
30668
32552
27244
15915
1066
-14020
-26008
-32243
-31342
-23500
-10451
4915
19194
29220
32766
29042
18871
4509
-10856
-23813
-31479
-32147
-25665
-13473
1720
16533
27666
32637
30335
21271
7461
-8015
-21705
-30552
-32578
-27327
-15968
-1038
14125
26133
32294
31228
23169
9920
-5554
-19786
-29584
-32748
-28565
-17970
-3339
12043
24723
31849
31816
24627
11897
-3511
-18132
-28673
-32755
-29458
-19519
-5177
10334
23516
31393
32182
25702
13414
-1907
-16800
-27896
-32682
-30072
-20653
-6555
9029
22570
30997
32395
26445
14492
-751
-15827
-27310
-32589
-30461
-21406
-7481
8148
21926
30713
32507
26894
15151
-48
-15238
-26955
-32522
-30664
-21804
-7961
7702
21608
30575
32549
27076
15403
202
-15047
-26852
-32503
-30703
-21861
-8002
7696
21629
30598
32538
27001
15255
0
-15257
-27007
-32541
-30582
-21579
-7602
8129
21989
30779
32468
26664
14703
-655
-15865
-27411
-32621
-30288
-20948
-6758
8997
22672
31098
32318
26047
13736
-1763
-16855
-28038
-32713
-29790
-19946
-5464
10289
23653
31516
32046
25116
12336
-3319
-18204
-28847
-32766
-29042
-18541
-3711
11987
24889
31977
31593
23823
10480
-5316
-19871
-29777
-32711
-27983
-16697
-1495
14059
26318
32404
30885
22114
8148
-7733
-21801
-30745
-32460
-26539
-14372
1180
16457
27860
32699
29832
19930
5325
-10537
-23916
-31650
-31910
-24631
-11530
4298
19113
29409
32747
28334
17210
2009
-13670
-26112
-32365
-30942
-22178
-8148
7817
21929
30833
32412
26285
13907
-1780
-17047
-28259
-32743
-29429
-19103
-4222
11667
24777
31977
31548
23586
9991
-5992
-20546
-30192
-32619
-27244
-15350
219
15739
27492
32660
30001
20149
5464
-10533
-24006
-31719
-31816
-24270
-10892
5106
19879
29873
32681
27625
15917
373
-15261
-27221
-32621
-30156
-20416
-5748
10308
23879
31684
31836
24293
10875
-5173
-19973
-29942
-32665
-27477
-15633
0
15636
27483
32666
29925
19920
5078
-10999
-24407
-31886
-31615
-23656
-9941
6193
20824
30386
32549
26782
14487
-1341
-16845
-28242
-32749
-29262
-18630
-3445
12583
25539
32252
31078
22301
8064
-8148
-22368
-31111
-32231
-25451
-12429
3643
18824
29387
32737
28047
16465
836
-15001
-27152
-32625
-30072
-20115
-5205
10989
24479
31937
31523
23335
9388
-6876
-21447
-30723
-32412
-26092
-13322
2743
18132
29038
32759
28371
16955
1338
-14612
-26944
-32596
-30164
-20247
-5304
10958
24501
31960
31477
23169
9099
-7236
-21774
-30894
-32323
-25702
-12676
3510
18824
29446
32724
27837
16000
166
-15711
-27666
-32707
-29572
-19041
-3744
12491
25602
32304
30916
21780
7184
-9215
-23305
-31551
-31880
-24205
-10451
5930
20824
30486
32483
26311
13518
-2679
-18204
-29147
-32749
-28098
-16364
-502
15488
27574
32702
29574
18976
3583
-12717
-25806
-32371
-30748
-21345
-6538
9926
23879
31785
31636
23467
9346
-7147
-21830
-30974
-32254
-25342
-11991
4409
19692
29968
32623
26976
14462
-1736
-17495
-28798
-32764
-28377
-16752
-852
15267
27492
32699
29554
18857
3339
-13034
-26077
-32450
-30520
-20777
-5712
10817
24578
32042
31291
22515
7961
-8637
-23021
-31496
-31881
-24075
-10079
6509
21426
30833
32307
25463
12062
-4448
-19815
-30076
-32585
-26689
-13907
2465
18204
29244
32732
27762
15616
-569
-16610
-28356
-32765
-28692
-17189
-1231
15047
27428
32699
29490
18630
2932
-13528
-26478
-32552
-30168
-19943
-4530
12062
25519
32337
30737
21133
6022
-10659
-24565
-32068
-31208
-22206
-7407
9326
23628
31760
31593
23169
8686
-8070
-22719
-31423
-31903
-24028
-9858
6896
21846
31070
32147
24790
10926
-5807
-21019
-30711
-32336
-25461
-11891
4807
20244
30356
32478
26047
12755
-3899
-19528
-30012
-32581
-26556
-13521
3083
18877
29687
32654
26991
14192
-2362
-18294
-29387
-32703
-27360
-14769
1736
17784
29119
32734
27666
15255
-1206
-17349
-28887
-32752
-27913
-15652
771
16993
28695
32761
28105
15962
-434
-16717
-28547
-32765
-28244
-16186
193
16523
28443
32766
28334
16326
-48
-16412
-28387
-32766
-28374
-16382
0
0
0
0
0
0
0
0
0
0
0
0
0
0
0
0
0
0
0
0
0
0
0
0
0
0
0
0
0
0
0
0
0
0
0
0
0
0
0
0
0
0
0
0
0
0
0
0
0
0
0
0
0
0
0
0
0
0
0
0
0
0
0
0
0
0
0
0
0
0
0
0
0
0
0
0
0
0
0
0
0
0
0
0
0
0
0
0
0
0
0
0
0
0
0
0
0
0
0
0
0
0
0
0
0
0
0
0
0
0
0
0
0
0
0
0
0
0
0
0
0
0
0
0
0
0
0
0
0
0
0
0
0
0
0
0
0
0
0
0
0
0
0
0
0
0
0
0
0
0
0
0
0
0
0
0
0
0
0
0
0
0
0
0
0
0
0
0
0
0
0
0
0
0
0
0
0
0
0
0
0
0
0
0
0
0
0
0
0
0
0
0
0
0
0
0
0
0
0
0
0
0
0
0
0
0
0
0
0
0
0
0
0
0
0
0
0
0
0
0
0
0
0
0
0
0
0
0
0
0
0
0
0
0
0
0
0
0
0
0
0
0
0
0
0
0
0
0
0
0
0
0
0
0
0
0
0
0
0
0
0
0
0
0
0
0
0
0
0
0
0
0
0
0
0
0
0
0
0
0
0
0
0
0
0
0
0
0
0
0
0
0
0
0
0
0
0
0
0
0
0
0
0
0
0
0
0
0
0
0
0
0
0
0
0
0
0
0
0
0
0
0
0
0
0
0
0
0
0
0
0
0
0
0
0
0
0
0
0
0
0
0
0
0
0
0
0
0
0
0
0
0
0
0
0
0
0
0
0
0
0
0
0
0
0
0
0
0
0
0
0
0
0
0
0
0
0
0
0
0
0
0
0
0
0
0
0
0
0
0
0
0
0
0
0
0
0
0
0
0
0
0
0
0
0
0
0
0
0
0
0
0
0
0
0
0
0
0
0
0
0
0
0
0
0
0
0
0
0
0
0
0
0
0
0
0
0
0
0
0
0
0
0
0
0
0
0
0
0
0
0
0
0
0
0
0
0
0
0
0
0
0
0
0
0
0
0
0
0
0
0
0
0
0
0
0
0
0
0
0
0
0
0
0
0
0
0
0
0
0
0
0
0
0
0
0
0
0
0
0
0
0
0
0
0
0
0
0
0
0
0
0
0
0
0
0
0
0
0
0
0
0
0
0
0
0
0
0
0
0
0
0
0
0
0
0
0
0
0
0
0
0
0
0
0
0
0
0
0
0
0
0
0
0
0
0
0
0
0
0
0
0
0
0
0
0
0
0
0
0
0
0
0
0
0
0
0
0
0
0
0
0
0
0
0
0
0
0
0
0
0
0
0
0
0
0
0
0
0
0
0
0
0
0
0
0
0
0
0
0
0
0
0
0
0
0
0
0
0
0
0
0
0
0
0
0
0
0
0
0
0
0
0
0
0
0
0
0
0
0
0
0
0
0
0
0
0
0
0
0
0
0
0
0
0
0
0
0
0
0
0
0
0
0
0
0
0
0
0
0
0
0
0
0
0
0
0
0
0
0
0
0
0
0
0
0
0
0
0
0
0
0
0
0
0
0
0
0
0
0
0
0
0
0
0
0
0
0
0
0
0
0
0
0
0
0
0
0
0
0
0
0
0
0
0
0
0
0
0
0
0
0
0
0
0
0
0
0
0
0
0
0
0
0
0
0
0
0
0
0
0
0
0
0
0
0
0
0
0
0
0
0
0
0
0
0
0
0
0
0
0
0
0
0
0
0
0
0
0
0
0
0
0
0
0
0
0
0
0
0
0
0
0
0
0
0
0
0
0
0
0
0
0
0
0
0
0
0
0
0
0
0
0
0
0
0
0
0
0
0
0
0
0
0
0
0
0
0
0
0
0
0
0
0
0
0
0
0
0
0
0
0
0
0
0
0
0
0
0
0
0
0
0
0
0
0
0
0
0
0
0
0
0
0
0
0
0
0
0
0
0
0
0
0
0
0
0
0
0
0
0
0
0
0
0
0
0
0
0
0
0
0
0
0
0
0
0
0
0
0
0
0
0
0
0
0
0
0
0
0
0
0
0
0
0
0
0
0
0
0
0
0
0
0
0
0
0
0
0
0
0
0
0
0
0
0
0
0
0
0
0
0
0
0
0
0
0
0
0
0
0
0
0
0
0
0
0
0
0
0
16383
16087
15211
13789
11879
9554
6907
4040
1065
-1905
-4761
-7395
-9714
-11638
-13105
-14072
-14517
-14439
-13858
-12814
-11363
-9575
-7529
-5312
-3015
-725
1473
3506
5310
6832
8037
8905
9427
9614
9486
9075
8422
7573
6579
5488
4351
3210
2105
1065
114
-733
-1470
-2098
-2622
-3055
-3408
-3698
-3939
-4143
-4318
-4471
-4602
-4705
-4772
-4790
-4745
-4619
-4398
-4066
-3615
-3037
-2334
-1513
-588
417
1476
2555
3614
4613
5510
6265
6843
7213
7352
7246
6893
6299
5484
4474
3309
2033
697
-644
-1938
-3131
-4175
-5031
-5665
-6058
-6199
-6092
-5752
-5205
-4486
-3639
-2714
-1761
-833
21
759
1346
1756
1976
2003
1848
1533
1091
563
-3
-560
-1055
-1441
-1676
-1727
-1571
-1199
-614
164
1106
2168
3294
4423
5489
6422
7158
7639
7813
7646
7116
6218
4968
3398
1558
-486
-2655
-4859
-7005
-8994
-10733
-12135
-13125
-13645
-13653
-13130
-12080
-10528
-8524
-6137
-3455
-579
2376
5295
8058
10553
12675
14335
15464
16012
15955
15293
14053
12285
10060
7469
4620
1627
-1385
-4299
-6997
-9373
-11337
-12816
-13760
-14142
-13958
-13231
-12004
-10343
-8328
-6055
-3627
-1153
1259
3511
5510
7180
8459
9308
9705
9652
9171
8302
7100
5638
3993
2252
502
-1172
-2695
-3996
-5022
-5732
-6103
-6130
-5824
-5211
-4333
-3243
-2003
-681
653
1932
3091
4073
4833
5335
5559
5498
5158
4561
3737
2731
1591
374
-863
-2063
-3172
-4141
-4929
-5504
-5846
-5944
-5801
-5429
-4850
-4095
-3202
-2212
-1170
-122
888
1822
2646
3331
3858
4216
4400
4416
4277
3999
3609
3131
2597
2034
1473
938
452
32
-310
-568
-741
-834
-858
-825
-753
-660
-565
-487
-442
-444
-504
-628
-815
-1064
-1364
-1703
-2065
-2429
-2775
-3079
-3319
-3475
-3528
-3463
-3269
-2943
-2482
-1894
-1190
-386
493
1425
2378
3320
4218
5039
5751
6324
6733
6956
6977
6787
6384
5772
4962
3973
2830
1564
211
-1188
-2593
-3960
-5243
-6402
-7396
-8191
-8757
-9072
-9119
-8893
-8395
-7635
-6634
-5419
-4025
-2494
-873
787
2434
4014
5477
6773
7860
8700
9267
9539
9508
9175
8551
7658
6527
5198
3717
2136
512
-1100
-2644
-4066
-5318
-6358
-7154
-7680
-7924
-7884
-7566
-6992
-6188
-5192
-4047
-2802
-1510
-221
1011
2142
3128
3935
4536
4914
5063
4985
4693
4209
3563
2790
1933
1033
135
-718
-1488
-2140
-2646
-2986
-3147
-3128
-2933
-2577
-2081
-1471
-782
-47
694
1408
2058
2614
3050
3346
3489
3473
3301
2980
2528
1963
1313
605
-129
-862
-1561
-2202
-2760
-3217
-3559
-3778
-3872
-3842
-3696
-3446
-3107
-2696
-2231
-1730
-1213
-694
-189
291
738
1147
1514
1840
2127
2377
2595
2784
2947
3087
3202
3291
3350
3372
3349
3273
3134
2923
2631
2252
1784
1226
584
-132
-911
-1733
-2575
-3411
-4212
-4947
-5586
-6100
-6461
-6647
-6640
-6430
-6011
-5388
-4573
-3586
-2452
-1208
109
1456
2788
4058
5221
6237
7068
7684
8063
8191
8063
7684
7068
6237
5221
4058
2788
1456
109
-1208
-2452
-3586
-4573
-5388
-6011
-6430
-6640
-6647
-6461
-6100
-5586
-4947
-4212
-3411
-2575
-1733
-911
-132
584
1226
1784
2252
2631
2923
3134
3273
3349
3372
3350
3291
3202
3087
2947
2784
2595
2377
2127
1840
1514
1147
738
291
-189
-694
-1213
-1730
-2231
-2696
-3107
-3446
-3696
-3842
-3872
-3778
-3559
-3217
-2760
-2202
-1561
-862
-129
605
1313
1963
2528
2980
3301
3473
3489
3346
3050
2614
2058
1408
694
-47
-782
-1471
-2081
-2577
-2933
-3128
-3147
-2986
-2646
-2140
-1488
-718
135
1033
1933
2790
3563
4209
4693
4985
5063
4914
4536
3935
3128
2142
1011
-221
-1510
-2802
-4047
-5192
-6188
-6992
-7566
-7884
-7924
-7680
-7154
-6358
-5318
-4066
-2644
-1100
512
2136
3717
5198
6527
7658
8551
9175
9508
9539
9267
8700
7860
6773
5477
4014
2434
787
-873
-2494
-4025
-5419
-6634
-7635
-8395
-8893
-9119
-9072
-8757
-8191
-7396
-6402
-5243
-3960
-2593
-1188
211
1564
2830
3973
4962
5772
6384
6787
6977
6956
6733
6324
5751
5039
4218
3320
2378
1425
493
-386
-1190
-1894
-2482
-2943
-3269
-3463
-3528
-3475
-3319
-3079
-2775
-2429
-2065
-1703
-1364
-1064
-815
-628
-504
-444
-442
-487
-565
-660
-753
-825
-858
-834
-741
-568
-310
32
452
938
1473
2034
2597
3131
3609
3999
4277
4416
4400
4216
3858
3331
2646
1822
888
-122
-1170
-2212
-3202
-4095
-4850
-5429
-5801
-5944
-5846
-5504
-4929
-4141
-3172
-2063
-863
374
1591
2731
3737
4561
5158
5498
5559
5335
4833
4073
3091
1932
653
-681
-2003
-3243
-4333
-5211
-5824
-6130
-6103
-5732
-5022
-3996
-2695
-1172
502
2252
3993
5638
7100
8302
9171
9652
9705
9308
8459
7180
5510
3511
1259
-1153
-3627
-6055
-8328
-10343
-12004
-13231
-13958
-14142
-13760
-12816
-11337
-9373
-6997
-4299
-1385
1627
4620
7469
10060
12285
14053
15293
15955
16012
15464
14335
12675
10553
8058
5295
2376
-579
-3455
-6137
-8524
-10528
-12080
-13130
-13653
-13645
-13125
-12135
-10733
-8994
-7005
-4859
-2655
-486
1558
3398
4968
6218
7116
7646
7813
7639
7158
6422
5489
4423
3294
2168
1106
164
-614
-1199
-1571
-1727
-1676
-1441
-1055
-560
-3
563
1091
1533
1848
2003
1976
1756
1346
759
21
-833
-1761
-2714
-3639
-4486
-5205
-5752
-6092
-6199
-6058
-5665
-5031
-4175
-3131
-1938
-644
697
2033
3309
4474
5484
6299
6893
7246
7352
7213
6843
6265
5510
4613
3614
2555
1476
417
-588
-1513
-2334
-3037
-3615
-4066
-4398
-4619
-4745
-4790
-4772
-4705
-4602
-4471
-4318
-4143
-3939
-3698
-3408
-3055
-2622
-2098
-1470
-733
114
1065
2105
3210
4351
5488
6579
7573
8422
9075
9486
9614
9427
8905
8037
6832
5310
3506
1473
-725
-3015
-5312
-7529
-9575
-11363
-12814
-13858
-14439
-14517
-14072
-13105
-11638
-9714
-7395
-4761
-1905
1065
4040
6907
9554
11879
13789
15211
16087
0
0
0
0
0
0
0
0
0
0
0
0
0
0
0
0
0
0
0
0
0
0
0
0
0
0
0
0
0
0
0
0
0
0
0
0
0
0
0
0
0
0
0
0
0
0
0
0
0
0
0
0
0
0
0
0
0
0
0
0
0
0
0
0
0
0
0
-8191
-8086
-7771
-7254
-6544
-5654
-4604
-3415
-2115
-732
698
2139
3553
4897
6131
7214
8107
8776
9192
9331
9178
8727
7983
6958
5678
4179
2505
709
-1149
-3005
-4792
-6444
-7897
-9093
-9981
-10522
-10690
-10471
-9866
-8893
-7584
-5984
-4152
-2156
-72
2019
4037
5902
7540
8886
9887
10504
10713
10507
9897
8911
7590
5990
4181
2236
238
-1731
-3594
-5275
-6710
-7844
-8639
-9070
-9130
-8827
-8185
-7241
-6047
-4661
-3150
-1583
-29
1445
2781
3927
4845
5507
5898
6020
5886
5519
4955
4237
3412
2531
1645
799
36
-609
-1115
-1465
-1656
-1696
-1601
-1397
-1114
-790
-463
-169
55
182
190
67
-191
-578
-1075
-1656
-2286
-2925
-3528
-4049
-4446
-4677
-4711
-4521
-4095
-3432
-2542
-1448
-187
1195
2644
4099
5495
6766
7850
8691
9240
9460
9328
8834
7985
6803
5324
3600
1690
-333
-2395
-4415
-6315
-8021
-9466
-10592
-11354
-11724
-11687
-11243
-10412
-9224
-7727
-5977
-4041
-1991
97
2150
4095
5867
7409
8673
9626
10245
10521
10460
10076
9399
8463
7314
5998
4568
3076
1572
104
-1286
-2564
-3700
-4671
-5465
-6075
-6499
-6744
-6819
-6739
-6520
-6178
-5733
-5202
-4601
-3946
-3250
-2525
-1781
-1028
-275
470
1198
1901
2567
3187
3748
4238
4644
4955
5158
5245
5208
5045
4754
4341
3815
3188
2480
1712
909
99
-691
-1433
-2100
-2669
-3120
-3440
-3620
-3659
-3562
-3341
-3015
-2607
-2143
-1655
-1174
-728
-347
-53
135
207
161
0
-262
-604
-1000
-1415
-1814
-2159
-2413
-2541
-2514
-2311
-1917
-1331
-560
376
1447
2614
3826
5029
6163
7167
7984
8559
8846
8809
8426
7688
6601
5190
3492
1561
-535
-2723
-4918
-7033
-8981
-10679
-12050
-13031
-13572
-13640
-13219
-12315
-10953
-9177
-7048
-4643
-2050
632
3305
5866
8218
10273
11952
13197
13961
14223
13977
13241
12052
10464
8545
6378
4052
1660
-702
-2946
-4988
-6757
-8196
-9262
-9933
-10200
-10077
-9589
-8780
-7703
-6422
-5005
-3523
-2047
-642
634
1735
2623
3277
3688
3858
3807
3561
3158
2641
2057
1456
884
382
-12
-275
-388
-346
-153
174
612
1128
1685
2240
2752
3179
3485
3639
3620
3414
3019
2443
1706
834
-135
-1160
-2194
-3188
-4095
-4871
-5478
-5883
-6066
-6016
-5731
-5224
-4515
-3637
-2627
-1531
-399
720
1777
2726
3528
4150
4571
4779
4771
4557
4158
3601
2922
2163
1368
582
-150
-791
-1307
-1672
-1870
-1895
-1750
-1451
-1021
-491
99
710
1298
1818
2231
2502
2603
2517
2236
1761
1108
301
-625
-1628
-2660
-3667
-4597
-5396
-6017
-6418
-6566
-6440
-6031
-5340
-4386
-3197
-1814
-289
1317
2943
4517
5974
7249
8283
9028
9444
9508
9209
8551
7555
6254
4696
2940
1053
-888
-2809
-4633
-6285
-7698
-8815
-9591
-9993
-10005
-9628
-8875
-7780
-6386
-4753
-2947
-1043
879
2742
4468
5987
7237
8168
8743
8942
8758
8203
7302
6098
4643
3003
1249
-541
-2291
-3923
-5368
-6562
-7454
-8005
-8191
-8005
-7454
-6562
-5368
-3923
-2291
-541
1249
3003
4643
6098
7302
8203
8758
8942
8743
8168
7237
5987
4468
2742
879
-1043
-2947
-4753
-6386
-7780
-8875
-9628
-10005
-9993
-9591
-8815
-7698
-6285
-4633
-2809
-888
1053
2940
4696
6254
7555
8551
9209
9508
9444
9028
8283
7249
5974
4517
2943
1317
-289
-1814
-3197
-4386
-5340
-6031
-6440
-6566
-6418
-6017
-5396
-4597
-3667
-2660
-1628
-625
301
1108
1761
2236
2517
2603
2502
2231
1818
1298
710
99
-491
-1021
-1451
-1750
-1895
-1870
-1672
-1307
-791
-150
582
1368
2163
2922
3601
4158
4557
4771
4779
4571
4150
3528
2726
1777
720
-399
-1531
-2627
-3637
-4515
-5224
-5731
-6016
-6066
-5883
-5478
-4871
-4095
-3188
-2194
-1160
-135
834
1706
2443
3019
3414
3620
3639
3485
3179
2752
2240
1685
1128
612
174
-153
-346
-388
-275
-12
382
884
1456
2057
2641
3158
3561
3807
3858
3688
3277
2623
1735
634
-642
-2047
-3523
-5005
-6422
-7703
-8780
-9589
-10077
-10200
-9933
-9262
-8196
-6757
-4988
-2946
-702
1660
4052
6378
8545
10464
12052
13241
13977
14223
13961
13197
11952
10273
8218
5866
3305
632
-2050
-4643
-7048
-9177
-10953
-12315
-13219
-13640
-13572
-13031
-12050
-10679
-8981
-7033
-4918
-2723
-535
1561
3492
5190
6601
7688
8426
8809
8846
8559
7984
7167
6163
5029
3826
2614
1447
376
-560
-1331
-1917
-2311
-2514
-2541
-2413
-2159
-1814
-1415
-1000
-604
-262
0
161
207
135
-53
-347
-728
-1174
-1655
-2143
-2607
-3015
-3341
-3562
-3659
-3620
-3440
-3120
-2669
-2100
-1433
-691
99
909
1712
2480
3188
3815
4341
4754
5045
5208
5245
5158
4955
4644
4238
3748
3187
2567
1901
1198
470
-275
-1028
-1781
-2525
-3250
-3946
-4601
-5202
-5733
-6178
-6520
-6739
-6819
-6744
-6499
-6075
-5465
-4671
-3700
-2564
-1286
104
1572
3076
4568
5998
7314
8463
9399
10076
10460
10521
10245
9626
8673
7409
5867
4095
2150
97
-1991
-4041
-5977
-7727
-9224
-10412
-11243
-11687
-11724
-11354
-10592
-9466
-8021
-6315
-4415
-2395
-333
1690
3600
5324
6803
7985
8834
9328
9460
9240
8691
7850
6766
5495
4099
2644
1195
-187
-1448
-2542
-3432
-4095
-4521
-4711
-4677
-4446
-4049
-3528
-2925
-2286
-1656
-1075
-578
-191
67
190
182
55
-169
-463
-790
-1114
-1397
-1601
-1696
-1656
-1465
-1115
-609
36
799
1645
2531
3412
4237
4955
5519
5886
6020
5898
5507
4845
3927
2781
1445
-29
-1583
-3150
-4661
-6047
-7241
-8185
-8827
-9130
-9070
-8639
-7844
-6710
-5275
-3594
-1731
238
2236
4181
5990
7590
8911
9897
10507
10713
10504
9887
8886
7540
5902
4037
2019
-72
-2156
-4152
-5984
-7584
-8893
-9866
-10471
-10690
-10522
-9981
-9093
-7897
-6444
-4792
-3005
-1149
709
2505
4179
5678
6958
7983
8727
9178
9331
9192
8776
8107
7214
6131
4897
3553
2139
698
-732
-2115
-3415
-4604
-5654
-6544
-7254
-7771
-8086
0
0
0
0
0
0
0
0
0
0
0
0
0
0
0
0
0
0
0
0
0
0
0
0
0
0
0
0
0
0
0
0
0
0
0
0
0
0
0
0
0
0
0
0
0
0
0
0
0
0
0
0
0
0
0
0
0
0
0
0
0
0
0
0
0
0
0
8191
8030
7555
6785
5753
4503
3087
1566
3
-1538
-2994
-4308
-5428
-6312
-6929
-7261
-7300
-7053
-6540
-5790
-4842
-3743
-2545
-1301
-66
1107
2174
3093
3834
4374
4701
4817
4728
4455
4023
3465
2818
2122
1415
735
116
-415
-838
-1138
-1312
-1362
-1299
-1142
-912
-639
-350
-75
155
319
395
370
236
-5
-345
-770
-1255
-1774
-2295
-2783
-3205
-3528
-3723
-3766
-3639
-3334
-2849
-2192
-1382
-444
588
1675
2773
3835
4814
5664
6344
6818
7057
7043
6766
6227
5440
4426
3219
1860
397
-1116
-2624
-4070
-5398
-6557
-7501
-8194
-8606
-8721
-8532
-8043
-7272
-6245
-4999
-3579
-2036
-425
1194
2766
4233
5544
6653
7523
8124
8438
8458
8184
7632
6824
5792
4576
3223
1783
308
-1147
-2533
-3799
-4903
-5808
-6483
-6910
-7077
-6982
-6634
-6050
-5257
-4286
-3179
-1978
-730
515
1712
2815
3784
4582
5180
5559
5705
5615
5296
4762
4036
3149
2137
1042
-90
-1215
-2287
-3260
-4095
-4758
-5221
-5465
-5477
-5256
-4810
-4156
-3319
-2331
-1231
-64
1125
2288
3377
4350
5166
5792
6202
6378
6312
6006
5471
4726
3799
2727
1549
310
-943
-2164
-3310
-4337
-5212
-5903
-6391
-6661
-6709
-6539
-6163
-5601
-4879
-4027
-3079
-2072
-1041
-22
953
1858
2668
3368
3944
4393
4714
4913
4998
4982
4880
4707
4477
4203
3896
3564
3210
2836
2439
2013
1552
1049
494
-116
-788
-1520
-2307
-3138
-3997
-4862
-5706
-6497
-7199
-7776
-8191
-8409
-8397
-8132
-7595
-6779
-5687
-4333
-2746
-963
965
2980
5015
6997
8850
10502
11881
12923
13576
13799
13567
12870
11717
10137
8173
5886
3352
658
-2100
-4826
-7417
-9777
-11818
-13461
-14644
-15322
-15469
-15080
-14170
-12777
-10955
-8777
-6327
-3702
-1004
1664
4202
6517
8525
10158
11364
12109
12382
12188
11554
10525
9160
7530
5716
3803
1879
25
-1680
-3173
-4400
-5321
-5916
-6180
-6124
-5775
-5175
-4374
-3431
-2412
-1381
-402
467
1179
1695
1988
2047
1875
1487
911
187
-635
-1505
-2365
-3157
-3830
-4335
-4635
-4702
-4519
-4086
-3411
-2518
-1442
-226
1077
2411
3719
4940
6022
6915
7579
7983
8109
7949
7509
6806
5867
4728
3434
2034
578
-878
-2288
-3602
-4782
-5792
-6607
-7211
-7596
-7760
-7714
-7471
-7051
-6478
-5778
-4979
-4107
-3187
-2241
-1290
-348
570
1456
2302
3102
3852
4547
5181
5747
6236
6637
6937
7122
7177
7085
6833
6409
5806
5020
4056
2925
1646
246
-1239
-2770
-4296
-5766
-7125
-8317
-9292
-10000
-10403
-10470
-10183
-9538
-8544
-7226
-5623
-3786
-1780
320
2439
4490
6393
8069
9447
10468
11087
11275
11020
10331
9235
7777
6017
4032
1905
-270
-2400
-4392
-6159
-7624
-8725
-9416
-9669
-9477
-8856
-7838
-6477
-4840
-3009
-1073
872
2733
4420
5852
6962
7697
8026
7935
7433
6548
5329
3840
2158
370
-1431
-3154
-4711
-6022
-7019
-7654
-7892
-7722
-7152
-6212
-4949
-3428
-1725
73
1875
3589
5129
6416
7385
7987
8191
7987
7385
6416
5129
3589
1875
73
-1725
-3428
-4949
-6212
-7152
-7722
-7892
-7654
-7019
-6022
-4711
-3154
-1431
370
2158
3840
5329
6548
7433
7935
8026
7697
6962
5852
4420
2733
872
-1073
-3009
-4840
-6477
-7838
-8856
-9477
-9669
-9416
-8725
-7624
-6159
-4392
-2400
-270
1905
4032
6017
7777
9235
10331
11020
11275
11087
10468
9447
8069
6393
4490
2439
320
-1780
-3786
-5623
-7226
-8544
-9538
-10183
-10470
-10403
-10000
-9292
-8317
-7125
-5766
-4296
-2770
-1239
246
1646
2925
4056
5020
5806
6409
6833
7085
7177
7122
6937
6637
6236
5747
5181
4547
3852
3102
2302
1456
570
-348
-1290
-2241
-3187
-4107
-4979
-5778
-6478
-7051
-7471
-7714
-7760
-7596
-7211
-6607
-5792
-4782
-3602
-2288
-878
578
2034
3434
4728
5867
6806
7509
7949
8109
7983
7579
6915
6022
4940
3719
2411
1077
-226
-1442
-2518
-3411
-4086
-4519
-4702
-4635
-4335
-3830
-3157
-2365
-1505
-635
187
911
1487
1875
2047
1988
1695
1179
467
-402
-1381
-2412
-3431
-4374
-5175
-5775
-6124
-6180
-5916
-5321
-4400
-3173
-1680
25
1879
3803
5716
7530
9160
10525
11554
12188
12382
12109
11364
10158
8525
6517
4202
1664
-1004
-3702
-6327
-8777
-10955
-12777
-14170
-15080
-15469
-15322
-14644
-13461
-11818
-9777
-7417
-4826
-2100
658
3352
5886
8173
10137
11717
12870
13567
13799
13576
12923
11881
10502
8850
6997
5015
2980
965
-963
-2746
-4333
-5687
-6779
-7595
-8132
-8397
-8409
-8191
-7776
-7199
-6497
-5706
-4862
-3997
-3138
-2307
-1520
-788
-116
494
1049
1552
2013
2439
2836
3210
3564
3896
4203
4477
4707
4880
4982
4998
4913
4714
4393
3944
3368
2668
1858
953
-22
-1041
-2072
-3079
-4027
-4879
-5601
-6163
-6539
-6709
-6661
-6391
-5903
-5212
-4337
-3310
-2164
-943
310
1549
2727
3799
4726
5471
6006
6312
6378
6202
5792
5166
4350
3377
2288
1125
-64
-1231
-2331
-3319
-4156
-4810
-5256
-5477
-5465
-5221
-4758
-4095
-3260
-2287
-1215
-90
1042
2137
3149
4036
4762
5296
5615
5705
5559
5180
4582
3784
2815
1712
515
-730
-1978
-3179
-4286
-5257
-6050
-6634
-6982
-7077
-6910
-6483
-5808
-4903
-3799
-2533
-1147
308
1783
3223
4576
5792
6824
7632
8184
8458
8438
8124
7523
6653
5544
4233
2766
1194
-425
-2036
-3579
-4999
-6245
-7272
-8043
-8532
-8721
-8606
-8194
-7501
-6557
-5398
-4070
-2624
-1116
397
1860
3219
4426
5440
6227
6766
7043
7057
6818
6344
5664
4814
3835
2773
1675
588
-444
-1382
-2192
-2849
-3334
-3639
-3766
-3723
-3528
-3205
-2783
-2295
-1774
-1255
-770
-345
-5
236
370
395
319
155
-75
-350
-639
-912
-1142
-1299
-1362
-1312
-1138
-838
-415
116
735
1415
2122
2818
3465
4023
4455
4728
4817
4701
4374
3834
3093
2174
1107
-66
-1301
-2545
-3743
-4842
-5790
-6540
-7053
-7300
-7261
-6929
-6312
-5428
-4308
-2994
-1538
3
1566
3087
4503
5753
6785
7555
8030
0
0
0
0
0
0
0
0
0
0
0
0
0
0
0
0
0
0
0
0
0
0
0
0
0
0
0
0
0
0
0
0
0
0
0
0
0
0
0
0
0
0
0
0
0
0
0
0
0
0
0
0
0
0
0
0
0
0
0
0
0
0
0
0
0
0
0
12287
12066
11411
10349
8921
7185
5209
3070
850
-1364
-3491
-5452
-7178
-8608
-9699
-10418
-10750
-10697
-10273
-9510
-8449
-7143
-5652
-4041
-2374
-718
868
2330
3624
4713
5573
6192
6567
6707
6630
6360
5929
5371
4723
4018
3291
2571
1882
1241
663
150
-294
-679
-1011
-1302
-1567
-1817
-2064
-2317
-2580
-2853
-3134
-3413
-3677
-3911
-4095
-4212
-4240
-4164
-3969
-3645
-3189
-2602
-1893
-1078
-179
775
1754
2723
3643
4479
5196
5763
6154
6352
6344
6129
5712
5109
4342
3440
2438
1375
292
-769
-1771
-2678
-3459
-4091
-4557
-4850
-4970
-4924
-4728
-4403
-3975
-3473
-2926
-2365
-1817
-1307
-852
-467
-157
75
239
345
409
451
492
553
653
809
1032
1328
1696
2128
2609
3119
3631
4115
4537
4865
5067
5114
4983
4658
4133
3409
2498
1423
215
-1086
-2433
-3776
-5059
-6228
-7232
-8024
-8564
-8821
-8778
-8428
-7775
-6840
-5653
-4257
-2702
-1047
643
2308
3881
5304
6525
7498
8191
8584
8669
8451
7947
7189
6216
5075
3820
2506
1190
-74
-1238
-2262
-3112
-3767
-4216
-4458
-4503
-4373
-4095
-3704
-3236
-2732
-2231
-1767
-1371
-1066
-868
-781
-803
-921
-1116
-1360
-1621
-1866
-2057
-2163
-2154
-2006
-1703
-1240
-619
145
1030
2002
3022
4043
5017
5892
6620
7156
7463
7510
7281
6768
5977
4928
3651
2190
595
-1073
-2752
-4377
-5882
-7206
-8295
-9105
-9601
-9762
-9581
-9064
-8231
-7115
-5759
-4217
-2549
-819
907
2565
4095
5444
6566
7426
8002
8283
8270
7975
7422
6643
5678
4572
3374
2133
895
-292
-1392
-2370
-3200
-3865
-4354
-4666
-4804
-4781
-4613
-4320
-3925
-3451
-2923
-2362
-1788
-1220
-672
-153
326
763
1154
1499
1797
2048
2252
2409
2516
2570
2568
2505
2375
2173
1898
1547
1123
629
76
-522
-1149
-1783
-2398
-2966
-3457
-3843
-4095
-4189
-4105
-3829
-3356
-2689
-1841
-833
302
1525
2788
4036
5214
6263
7126
7753
8097
8125
7812
7150
6143
4814
3199
1350
-670
-2785
-4913
-6966
-8854
-10493
-11802
-12715
-13177
-13149
-12614
-11574
-10052
-8091
-5754
-3124
-293
2630
5536
8310
10841
13025
14771
16004
16668
16728
16176
15025
13314
11104
8477
5531
2377
-863
-4068
-7115
-9888
-12284
-14213
-15608
-16419
-16625
-16224
-15243
-13728
-11749
-9390
-6752
-3941
-1073
1741
4394
6786
8834
10470
11643
12327
12513
12218
11473
10332
8860
7135
5244
3274
1315
-548
-2242
-3702
-4877
-5733
-6252
-6433
-6291
-5857
-5175
-4296
-3283
-2200
-1113
-83
831
1583
2136
2465
2557
2417
2058
1510
810
4
-854
-1712
-2513
-3207
-3747
-4095
-4225
-4119
-3773
-3198
-2414
-1452
-356
825
2037
3223
4326
5291
6071
6626
6924
6947
6689
6156
5367
4351
3150
1813
396
-1043
-2443
-3746
-4897
-5849
-6563
-7011
-7177
-7056
-6657
-6001
-5118
-4052
-2849
-1565
-257
1018
2205
3253
4120
4770
5179
5335
5237
4895
4331
3578
2675
1671
616
-436
-1433
-2327
-3071
-3631
-3978
-4095
-3978
-3631
-3071
-2327
-1433
-436
616
1671
2675
3578
4331
4895
5237
5335
5179
4770
4120
3253
2205
1018
-257
-1565
-2849
-4052
-5118
-6001
-6657
-7056
-7177
-7011
-6563
-5849
-4897
-3746
-2443
-1043
396
1813
3150
4351
5367
6156
6689
6947
6924
6626
6071
5291
4326
3223
2037
825
-356
-1452
-2414
-3198
-3773
-4119
-4225
-4095
-3747
-3207
-2513
-1712
-854
4
810
1510
2058
2417
2557
2465
2136
1583
831
-83
-1113
-2200
-3283
-4296
-5175
-5857
-6291
-6433
-6252
-5733
-4877
-3702
-2242
-548
1315
3274
5244
7135
8860
10332
11473
12218
12513
12327
11643
10470
8834
6786
4394
1741
-1073
-3941
-6752
-9390
-11749
-13728
-15243
-16224
-16625
-16419
-15608
-14213
-12284
-9888
-7115
-4068
-863
2377
5531
8477
11104
13314
15025
16176
16728
16668
16004
14771
13025
10841
8310
5536
2630
-293
-3124
-5754
-8091
-10052
-11574
-12614
-13149
-13177
-12715
-11802
-10493
-8854
-6966
-4913
-2785
-670
1350
3199
4814
6143
7150
7812
8125
8097
7753
7126
6263
5214
4036
2788
1525
302
-833
-1841
-2689
-3356
-3829
-4105
-4189
-4095
-3843
-3457
-2966
-2398
-1783
-1149
-522
76
629
1123
1547
1898
2173
2375
2505
2568
2570
2516
2409
2252
2048
1797
1499
1154
763
326
-153
-672
-1220
-1788
-2362
-2923
-3451
-3925
-4320
-4613
-4781
-4804
-4666
-4354
-3865
-3200
-2370
-1392
-292
895
2133
3374
4572
5678
6643
7422
7975
8270
8283
8002
7426
6566
5444
4095
2565
907
-819
-2549
-4217
-5759
-7115
-8231
-9064
-9581
-9762
-9601
-9105
-8295
-7206
-5882
-4377
-2752
-1073
595
2190
3651
4928
5977
6768
7281
7510
7463
7156
6620
5892
5017
4043
3022
2002
1030
145
-619
-1240
-1703
-2006
-2154
-2163
-2057
-1866
-1621
-1360
-1116
-921
-803
-781
-868
-1066
-1371
-1767
-2231
-2732
-3236
-3704
-4095
-4373
-4503
-4458
-4216
-3767
-3112
-2262
-1238
-74
1190
2506
3820
5075
6216
7189
7947
8451
8669
8584
8191
7498
6525
5304
3881
2308
643
-1047
-2702
-4257
-5653
-6840
-7775
-8428
-8778
-8821
-8564
-8024
-7232
-6228
-5059
-3776
-2433
-1086
215
1423
2498
3409
4133
4658
4983
5114
5067
4865
4537
4115
3631
3119
2609
2128
1696
1328
1032
809
653
553
492
451
409
345
239
75
-157
-467
-852
-1307
-1817
-2365
-2926
-3473
-3975
-4403
-4728
-4924
-4970
-4850
-4557
-4091
-3459
-2678
-1771
-769
292
1375
2438
3440
4342
5109
5712
6129
6344
6352
6154
5763
5196
4479
3643
2723
1754
775
-179
-1078
-1893
-2602
-3189
-3645
-3969
-4164
-4240
-4212
-4095
-3911
-3677
-3413
-3134
-2853
-2580
-2317
-2064
-1817
-1567
-1302
-1011
-679
-294
150
663
1241
1882
2571
3291
4018
4723
5371
5929
6360
6630
6707
6567
6192
5573
4713
3624
2330
868
-718
-2374
-4041
-5652
-7143
-8449
-9510
-10273
-10697
-10750
-10418
-9699
-8608
-7178
-5452
-3491
-1364
850
3070
5209
7185
8921
10349
11411
12066
0
0
0
0
0
0
0
0
0
0
0
0
0
0
0
0
0
0
0
0
0
0
0
0
0
0
0
0
0
0
0
0
0
0
0
0
0
0
0
0
0
0
0
0
0
0
0
0
0
0
0
0
0
0
0
0
0
0
0
0
0
0
0
0
0
0
0
