0
4278
8485
12550
16402
19973
23203
26035
28419
30314
31684
32507
32766
32456
31581
30156
28203
25758
22860
19561
15917
11991
7852
3573
-771
-5106
-9352
-13436
-17284
-20829
-24006
-26759
-29038
-30801
-32015
-32660
-32720
-32196
-31094
-29434
-27244
-24563
-21439
-17925
-14087
-9991
-5712
-1327
3083
7441
11667
15683
19415
22796
25762
28259
30239
31667
32514
32764
32412
31462
29931
27847
25247
22178
18696
14865
10755
6443
2009
-2465
-6896
-11201
-15299
-19113
-22570
-25606
-28162
-30190
-31650
-32514
-32764
-32394
-31411
-29832
-27686
-25012
-21861
-18292
-14372
-10175
-5781
-1274
3259
7733
12062
16161
19951
23359
26318
28771
30668
31973
32659
32711
32127
30919
29107
26727
23823
20452
16679
12577
8226
3711
-879
-5455
-9926
-14204
-18204
-21846
-25058
-27775
-29942
-31516
-32464
-32766
-32415
-31417
-29790
-27567
-24790
-21514
-17805
-13736
-9388
-4849
-209
4437
8997
13377
17489
21248
24578
27411
29687
31359
32393
32765
32468
31507
29899
27676
24884
21579
17828
13707
9301
4700
0
-4703
-9311
-13729
-17864
-21629
-24947
-27746
-29968
-31566
-32503
-32761
-32332
-31225
-29460
-27076
-24119
-20653
-16748
-12488
-7961
-3263
1506
6246
10856
15238
19298
22949
26112
28719
30713
32051
32702
32651
31900
30461
28366
25658
22395
18646
14492
10022
5332
524
-4298
-9029
-13567
-17811
-21669
-25055
-27896
-30127
-31699
-32577
-32739
-32182
-30916
-28967
-26379
-23206
-19519
-15397
-10932
-6222
-1372
3511
8320
12945
17284
21240
24723
27655
29968
31611
32545
32748
32214
30954
28995
26381
23169
19431
15252
10724
5950
1038
-3899
-8751
-13405
-17757
-21705
-25159
-28038
-30277
-31822
-32637
-32702
-32014
-30588
-28456
-25665
-22280
-18377
-14047
-9388
-4509
477
5455
10308
14924
19194
23018
26305
28979
30974
32243
32756
32498
31476
29711
27244
24133
20449
16280
11722
6884
1880
-3170
-8148
-12935
-17416
-21484
-25041
-28000
-30291
-31856
-32659
-32677
-31909
-30373
-28105
-25157
-21600
-17520
-13013
-8189
-3163
1941
7001
11893
16499
20705
24407
27516
29953
31659
32589
32721
32049
30590
28377
25463
21921
17836
13307
8448
3377
-1780
-6896
-11843
-16499
-20746
-24479
-27603
-30040
-31727
-32621
-32699
-31957
-30413
-28105
-25088
-21439
-17247
-12618
-7668
-2522
2689
7836
12787
17416
21605
25247
28248
30530
32035
32723
32574
31592
29801
27244
23987
20112
15718
10917
5832
595
-4660
-9798
-14685
-19194
-23208
-26622
-29345
-31307
-32455
-32757
-32206
-30813
-28614
-25665
-22043
-17841
-13169
-8148
-2911
2405
7661
12717
17440
21705
25397
28419
30689
32146
32750
32483
31352
29385
26633
23169
19084
14487
9500
4255
-1105
-6439
-11603
-16457
-20870
-24723
-27911
-30346
-31961
-32712
-32578
-31559
-29684
-27001
-23582
-19519
-14922
-9916
-4636
771
6162
11386
16301
20770
24671
27896
30354
31977
32719
32558
31498
29565
26813
23317
19172
14492
9407
4058
-1405
-6833
-12073
-16978
-21411
-25247
-28377
-30713
-32188
-32760
-32410
-31148
-29007
-26047
-22351
-18021
-13179
-7961
-2516
3003
8440
13640
18454
22745
26389
29282
31340
32503
32737
32033
30409
27913
24613
20604
16000
10932
5547
0
-5550
-10942
-16021
-20637
-24657
-27963
-30458
-32068
-32745
-32468
-31244
-29107
-26118
-22364
-17952
-13013
-7689
-2137
3479
8997
14252
19090
23367
26955
29748
31662
32640
32650
31691
29790
27003
23411
19119
14256
8965
3403
-2262
-7862
-13230
-18204
-22633
-26385
-29345
-31423
-32556
-32707
-31871
-30072
-27362
-23823
-19561
-14703
-9397
-3803
1908
7565
12994
18030
22517
26318
29316
31419
32559
32702
31841
30001
27238
23635
19302
14372
8996
3339
-2422
-8112
-13553
-18577
-23026
-26761
-29667
-31650
-32648
-32629
-31591
-29565
-26615
-22829
-18327
-13249
-7752
-2009
3799
9491
14886
19815
24120
27666
30338
32052
32751
32412
31044
28690
25423
21345
16586
11295
5642
-193
-6025
-11667
-16938
-21669
-25706
-28920
-31206
-32489
-32726
-31909
-30063
-27244
-23544
-19081
-13998
-8460
-2644
3259
9060
14569
19606
24006
27626
30346
32075
32756
32366
30916
28451
25051
20827
15917
10480
4696
-1244
-7147
-12817
-18065
-22719
-26622
-29644
-31684
-32674
-32578
-31398
-29173
-25975
-21909
-17110
-11737
-5969
0
5972
11747
17130
21941
26016
29217
31436
32596
32657
31615
29504
26395
22390
17625
12260
6476
470
-5554
-11392
-16845
-21726
-25867
-29127
-31393
-32585
-32662
-31619
-29491
-26349
-22301
-17483
-12062
-6222
-166
5898
11762
17222
22088
26191
29387
31566
32648
32597
31411
29131
25835
21636
16679
11138
5205
-912
-7001
-12847
-18244
-23003
-26955
-29960
-31912
-32739
-32412
-30940
-28374
-24803
-20353
-15179
-9465
-3413
2763
8843
14612
19863
24407
28083
30758
32334
32755
32003
30103
27124
23169
18381
12929
7010
836
-5370
-11386
-16993
-21989
-26191
-29446
-31636
-32680
-32538
-31214
-28754
-25247
-20819
-15630
-9868
-3744
2518
8692
14551
19879
24480
28184
30855
32393
32739
31880
29845
26709
22585
17625
12011
5950
-333
-6607
-12639
-18204
-23094
-27128
-30152
-32055
-32763
-32248
-30528
-27666
-23767
-18976
-13473
-7461
-1167
5173
11322
17047
22132
26385
29644
31785
32724
32427
30901
28203
24435
19738
14288
8294
1981
-4409
-10635
-16457
-21654
-26025
-29402
-31656
-32697
-32485
-31027
-28377
-24634
-19943
-14481
-8460
-2109
4324
10594
16457
21686
26077
29459
31699
32710
32451
30929
28203
24378
19601
14056
7961
1552
-4919
-11201
-17047
-22227
-26537
-29806
-31906
-32751
-32307
-30590
-27666
-23648
-18696
-13002
-6791
-309
6187
12441
18204
23246
27366
30398
32222
32762
31995
29951
26709
22398
17189
11289
4935
-1619
-8112
-14281
-19879
-24678
-28486
-31147
-32552
-32643
-31416
-28917
-25247
-20553
-15023
-8882
-2378
4225
10659
16662
21989
26421
29777
31918
32756
32254
30432
27362
23169
18024
12137
5748
-879
-7473
-13762
-19485
-24407
-28323
-31070
-32533
-32650
-31414
-28875
-25136
-20353
-14721
-8475
-1874
4807
11292
17307
22602
26955
30182
32146
32765
32010
29911
26556
22083
16679
10571
4016
-2711
-9326
-15551
-21121
-25799
-29387
-31732
-32732
-32344
-30582
-27520
-23286
-18060
-12062
-5547
1206
7911
14280
20041
24947
28786
31393
32653
32513
30975
28105
24024
18906
12972
6476
-301
-7069
-13534
-19415
-24458
-28443
-31196
-32596
-32580
-31148
-28360
-24336
-19250
-13322
-6811
0
6813
13332
19269
24364
28393
31178
32594
32578
31129
28309
24241
19103
13120
6555
-301
-7147
-13680
-19609
-24671
-28641
-31340
-32648
-32505
-30916
-27948
-23735
-18460
-12360
-5706
1206
8067
14569
20421
25359
29162
31656
32728
32328
30473
27244
22786
17298
11027
4255
-2711
-9557
-15974
-21669
-26383
-29901
-32062
-32766
-31979
-29736
-26137
-21345
-15577
-9095
-2195
4807
11593
17850
23291
27666
30771
32464
32665
31362
28614
24546
19345
13249
6538
-477
-7473
-14125
-20126
-25196
-29098
-31650
-32732
-32292
-30349
-26991
-22374
-16712
-10266
-3339
3746
10659
17076
22694
27251
30530
32377
32702
31489
28793
24740
19519
13375
6597
-494
-7565
-14281
-20323
-25404
-29282
-31772
-32753
-32178
-30072
-26533
-21729
-15887
-9285
-2238
4919
11843
18204
23695
28052
31066
32589
32548
30942
27847
23411
17845
11416
4435
-2763
-9830
-16425
-22227
-26955
-30378
-32330
-32713
-31507
-28769
-24631
-19293
-13013
-6096
1120
8285
15047
21076
26077
29802
32068
32763
31850
29372
25451
20276
14101
7230
0
-7232
-14111
-20295
-25478
-29402
-31872
-32764
-32033
-29711
-25913
-20827
-14703
-7845
-595
6688
13640
19914
25196
29220
31785
32759
32093
29819
26047
20967
14832
7950
664
-6656
-13645
-19948
-25247
-29273
-31822
-32763
-32046
-29706
-25861
-20703
-14492
-7543
-209
7138
14125
20396
25629
29557
31977
32766
31880
29363
25342
20022
13674
6622
-771
-8129
-15071
-21240
-26318
-30042
-32219
-32734
-31559
-28754
-24461
-18901
-12360
-5177
2276
9615
16457
22447
27271
30678
32489
32608
31026
27825
23169
17302
10527
3199
-4298
-11573
-18244
-23960
-28419
-31387
-32705
-32302
-30198
-26501
-21406
-15179
-8148
-684
6817
13962
20369
25700
29668
32064
32757
31710
28975
24698
19103
12488
5205
-2358
-9798
-16717
-22745
-27557
-30894
-32577
-32513
-30703
-27244
-22319
-16192
-9191
-1693
5898
13175
19743
25247
29388
31941
32765
31816
29141
24884
19276
12618
5272
-2362
-9871
-16845
-22903
-27714
-31014
-32621
-32445
-30495
-26875
-21781
-15492
-8351
-749
6896
14165
20658
26016
29942
32220
32721
31417
28377
23767
17841
10926
3403
-4310
-11787
-18613
-24407
-28847
-31684
-32759
-32010
-29476
-25298
-19707
-13013
-5590
2148
9769
16845
22980
27828
31116
32659
32366
30254
26438
21133
14635
7310
-430
-8148
-15409
-21801
-26962
-30598
-32502
-32563
-30778
-27244
-22162
-15818
-8572
-836
6950
14343
20920
26305
30190
32350
32661
31103
27762
22829
16586
9388
1649
-6187
-13670
-20369
-25898
-29936
-32249
-32702
-31267
-28024
-23161
-16955
-9766
-2009
5867
13405
20168
25762
29860
32222
32709
31291
28049
23169
16936
9711
1916
-5992
-13553
-20323
-25904
-29968
-32275
-32687
-31179
-27837
-22855
-16527
-9222
-1372
6562
14111
20829
26318
30252
32397
32623
30916
27374
22206
15718
8294
373
-7571
-15067
-21669
-26980
-30683
-32556
-32483
-30469
-26631
-21197
-14492
-6916
1077
9009
16402
22811
27851
31216
32702
32218
29790
25564
19793
12824
5078
-2978
-10856
-18080
-24210
-28873
-31785
-32766
-31757
-28816
-24119
-17952
-10689
-2772
5316
13083
20053
25799
29968
32304
32662
31017
27469
22233
15630
8064
0
-8067
-15639
-22251
-27492
-31038
-32669
-32282
-29899
-25665
-19840
-12785
-4935
3223
11185
18454
24578
29176
31960
32754
31507
28295
23317
16881
9388
1306
-6859
-14599
-21426
-26913
-30713
-32587
-32415
-30206
-26096
-20343
-13307
-5431
2789
10837
18204
24423
29100
31937
32755
31498
28244
23199
16679
9099
938
-7285
-15047
-21854
-27271
-30951
-32659
-32282
-29844
-25497
-19519
-12290
-4271
4023
12062
19330
25359
29762
32252
32670
30984
27303
21861
15008
7184
-1105
-9326
-16947
-23474
-28484
-31650
-32766
-31757
-28687
-23753
-17274
-9670
-1435
6896
14781
21705
27215
30951
32666
32248
29720
25247
19119
11737
3583
-4807
-12886
-20121
-26035
-30239
-32455
-32534
-30469
-26395
-20578
-13400
-5336
3083
11302
18775
25007
29584
32200
32681
30992
27244
21684
14679
6695
-1736
-10055
-17706
-24178
-29038
-31959
-32744
-31340
-27837
-22468
-15592
-7668
771
9163
16942
23583
28641
31772
32764
31548
28203
22955
16155
8261
-193
-8637
-16499
-23246
-28419
-31667
-32766
-31641
-28366
-23161
-16378
-8479
0
8482
16388
23178
28387
31659
32766
31633
28334
23092
16267
8323
-193
-8699
-16610
-23382
-28547
-31748
-32764
-31521
-28105
-22748
-15818
-7793
771
9287
17161
23850
28887
31923
32744
31292
27666
22114
15023
6884
-1736
-10238
-18030
-24565
-29387
-32158
-32681
-30919
-26991
-21173
-13868
-5590
3083
11543
19194
25499
30012
32414
32534
30361
26047
19895
12336
3903
-4807
-13181
-20625
-26610
-30711
-32637
-32248
-29569
-24790
-18247
-10405
-1820
6896
15124
22277
27843
31423
32760
31757
28483
23169
16196
8060
-655
-9326
-17331
-24094
-29127
-32068
-32703
-30984
-27033
-21133
-13707
-5289
3511
12062
19743
25999
30374
32552
32371
29844
25150
18630
10754
2094
-6719
-15047
-22282
-27896
-31478
-32765
-31661
-28244
-22763
-15616
-7324
1506
10228
18204
24847
29668
32313
32585
30461
26096
19809
12062
3423
-5469
-13962
-21426
-27310
-31178
-32740
-31881
-28661
-23317
-16242
-7961
912
9721
17811
24578
29519
32265
32608
30520
26157
19840
12041
3339
-5613
-14150
-21629
-27492
-31296
-32755
-31758
-28377
-22863
-15630
-7219
1736
10564
18599
25234
29968
32443
32468
30041
25342
18725
10689
1842
-7147
-15598
-22868
-28404
-31785
-32751
-31227
-27327
-21345
-13736
-5078
3969
12717
20496
26712
30887
32702
32014
28875
23522
16364
7950
-1077
-10024
-18204
-24986
-29848
-32414
-32483
-30050
-25298
-18593
-10451
-1499
7571
16058
23305
28750
31969
32711
30916
26720
20449
12587
3744
-5391
-14111
-21734
-27666
-31442
-32766
-31533
-27837
-21964
-14372
-5653
3510
12401
20323
26654
30894
32710
31957
28692
23169
15822
7226
-1941
-10958
-19113
-25762
-30378
-32596
-32237
-29328
-24096
-16955
-8469
691
9799
18132
25028
29936
32465
32412
29778
24772
17791
9388
234
-8940
-17404
-24479
-29598
-32350
-32513
-30072
-25219
-18342
-9991
-836
8388
16942
24135
29387
32275
32563
30226
25451
18620
10283
1113
-8148
-16754
-24006
-29316
-32252
-32574
-30254
-25477
-18630
-10266
-1066
8222
16845
24098
29390
32286
32549
30156
25298
18372
9941
695
-8610
-17213
-24407
-29603
-32371
-32482
-29925
-24908
-17841
-9305
0
9307
17850
24924
29942
32491
32356
29546
24293
17028
8351
-1019
-10308
-18745
-25629
-30386
-32621
-32145
-28995
-23432
-15917
-7073
2362
11603
19879
26497
30903
32728
31816
28241
22301
14491
5464
-4023
-13175
-21224
-27492
-31451
-32766
-31324
-27244
-20868
-12732
-3519
5992
15001
22745
28568
31977
32682
30619
25962
19103
10622
1238
-8253
-17047
-24394
-29668
-32420
-32412
-29643
-24347
-16973
-8148
1373
10781
19269
26112
30723
32705
31886
28334
22351
14449
5304
-4298
-13534
-21608
-27826
-31650
-32749
-31026
-26627
-19930
-11510
-2094
7504
16457
23989
29446
32355
32460
29752
24461
17046
8148
-1459
-10942
-19477
-26318
-30870
-32732
-31742
-27983
-21780
-13674
-4371
5316
14541
22496
28484
31977
32669
30495
25645
18541
9807
209
-9410
-18204
-25397
-30356
-32640
-32046
-28625
-22675
-14721
-5464
4278
13645
21806
28038
31787
32719
30748
26047
19032
10324
695
-8997
-17892
-25196
-30256
-32621
-32077
-28669
-22701
-14703
-5389
4409
13816
21989
28193
31872
32694
30582
25725
18555
9715
0
-9718
-18563
-25739
-30598
-32699
-31850
-28126
-21861
-13619
-4144
5708
15047
23026
28920
32194
32549
29951
24631
17073
7961
-1876
-11547
-20168
-26955
-31287
-32766
-31257
-26894
-20073
-11416
-1713
8148
17267
24807
30076
32589
32113
28690
22632
14492
5018
-4919
-14407
-22570
-28657
-32104
-32591
-30072
-24775
-17189
-8012
1907
11653
20323
27113
31393
32763
31094
26539
19519
10683
852
-9060
-18132
-25519
-30530
-32697
-31816
-27965
-21503
-13031
-3339
6667
16052
23938
29584
32459
32292
29097
23169
15065
5543
-4501
-14125
-22423
-28612
-32108
-32578
-29977
-24546
-16798
-7461
2582
12385
21019
27666
31694
32721
30647
25665
18247
9095
-923
-10856
-19760
-26786
-31264
-32766
-31146
-26556
-19431
-10451
-470
9557
18675
26008
30855
32749
31507
27244
20368
11537
1595
-8501
-17784
-25359
-30497
-32702
-31758
-27754
-21074
-12360
-2451
7696
17103
24860
30215
32648
31922
28105
21563
12929
3039
-7147
-16643
-24525
-30025
-32607
-32016
-28309
-21844
-13249
-3359
6859
16412
24364
29939
32588
32050
28377
21924
13322
3413
-6833
-16412
-24382
-29960
-32596
-32028
-28309
-21804
-13150
-3199
7069
16643
24578
30089
32630
31946
28105
21482
12732
2719
-7565
-17103
-24947
-30318
-32680
-31797
-27754
-20951
-12062
-1970
8320
17784
25478
30633
32732
31565
27244
20200
11134
952
-9326
-18675
-26154
-31014
-32765
-31228
-26556
-19215
-9941
333
10578
19760
26955
31436
32749
30759
25665
17979
8475
-1887
-12062
-21019
-27851
-31864
-32650
-30126
-24546
-16475
-6728
3703
13762
22423
28806
32258
32427
29291
23169
14683
4696
-5772
-15653
-23938
-29777
-32571
-32033
-28214
-21503
-12587
-2378
8077
17706
25519
30711
32748
31416
26850
19519
10175
-219
-10594
-19879
-27113
-31549
-32726
-30520
-25157
-17189
-7439
3083
13289
22119
28657
32222
32441
29289
23092
14492
4381
-6187
-16114
-24364
-30076
-32652
-31820
-27666
-20619
-11416
-1017
9491
19008
26537
31287
32757
30792
25595
17709
7961
-2625
-12939
-21894
-28547
-32194
-32451
-29286
-23032
-14346
-4144
6498
16457
24678
30291
32699
31644
27238
19943
10531
0
-10533
-19951
-27251
-31656
-32694
-30254
-24592
-16309
-6286
4409
14637
23305
29487
32519
32077
28203
21312
12137
1660
-8997
-18692
-26385
-31248
-32757
-30748
-25434
-17383
-7461
3266
13645
22556
29038
32390
32248
28625
21909
12824
2351
-8378
-18204
-26061
-31098
-32765
-30880
-25645
-17625
-7689
3083
13524
22496
29023
32393
32235
28565
21780
12618
2077
-8692
-18516
-26318
-31245
-32755
-30681
-25247
-17046
-6975
3863
14280
23132
29446
32527
32033
28015
20915
11510
836
-9932
-19609
-27125
-31650
-32682
-30103
-24198
-15616
-5304
5596
15880
24407
30232
32705
31550
26894
19250
9465
-1373
-12062
-21411
-28379
-32188
-32412
-29022
-22395
-13267
-2656
8253
18244
26197
31222
32754
30619
25054
16679
6433
-4537
-15001
-23783
-29895
-32648
-31731
-27244
-19690
-9916
976
11762
21224
28293
32170
32415
28997
22301
13080
2378
-8595
-18599
-26497
-31393
-32729
-30352
-24528
-15917
-5494
5554
15974
24578
30386
32734
31352
26395
18425
8351
-2679
-13405
-22602
-29217
-32491
-32046
-27932
-20616
-10936
0
10939
20625
27944
32055
32482
29173
22507
13249
2462
-8610
-18692
-26622
-31481
-32707
-30156
-24119
-15293
-4696
6446
16845
25296
30817
32766
30916
25477
17079
6695
-4468
-15115
-24006
-30106
-32702
-31489
-26606
-18620
-8460
2689
13528
22788
29387
32552
31909
27532
19930
9991
-1120
-12103
-21669
-28693
-32350
-32208
-28280
-21025
-11295
-234
10856
20671
28052
32127
32412
28871
21921
12379
1372
-9799
-19815
-27487
-31906
-32545
-29328
-22632
-13249
-2291
8940
19113
27016
31708
32629
29666
23169
13911
2992
-8285
-18577
-26654
-31549
-32677
-29899
-23544
-14372
-3477
7836
18214
26411
31442
32702
30037
23764
14635
3744
-7598
-18030
-26293
-31393
-32711
-30086
-23833
-14703
-3796
7571
18026
26305
31405
32707
30050
23753
14577
3632
-7754
-18204
-26446
-31479
-32688
-29925
-23522
-14256
-3253
8148
18560
26712
31608
32650
29706
23135
13736
2656
-8751
-19090
-27095
-31785
-32581
-29385
-22585
-13013
-1842
9557
19786
27585
31994
32468
28947
21861
12081
809
-10564
-20637
-28166
-32219
-32293
-28377
-20951
-10932
440
11762
21629
28819
32437
32033
27653
19840
9561
-1907
-13142
-22745
-29519
-32621
-31661
-26755
-18514
-7961
3586
14689
23960
30239
32740
31148
25658
16955
6128
-5469
-16384
-25247
-30944
-32759
-30461
-24336
-15151
-4058
7546
18204
26572
31595
32638
29565
22763
13087
1756
-9798
-20118
-27896
-32148
-32332
-28424
-20915
-10754
771
12203
22088
29171
32552
31797
27001
18769
8148
-3511
-14727
-24069
-30346
-32754
-30984
-25260
-16309
-5272
6439
17331
26008
31359
32696
29845
23169
13521
2137
-9523
-19964
-27843
-32146
-32318
-28334
-20703
-10405
1234
12717
22564
29503
32637
31559
26407
17841
6968
-4807
-15965
-25058
-30909
-32757
-30361
-24028
-14577
-3233
8533
19194
27364
31977
32433
28669
21173
10917
-762
-12345
-22321
-29387
-32619
-31592
-26438
-17828
-6884
4961
16161
25247
31028
32744
30168
23635
13998
2522
-9287
-19879
-27860
-32179
-32265
-28105
-20242
-9711
2101
13640
23382
30040
32733
31103
25362
16267
5018
-6896
-17901
-26537
-31659
-32585
-29190
-21921
-11741
0
11743
21929
29201
32589
31641
26480
17791
6728
-5233
-16499
-25566
-31222
-32709
-29826
-22955
-13013
-1327
10537
20994
28641
32450
31909
27088
18630
7668
-4324
-15739
-25041
-30976
-32744
-30105
-23411
-13561
-1880
10055
20637
28436
32397
31982
27244
18822
7852
-4182
-15653
-25007
-30974
-32743
-30072
-23319
-13400
-1660
10308
20879
28612
32455
31881
26966
18377
7282
-4807
-16245
-25468
-31216
-32702
-29720
-22675
-12528
-664
11292
21705
29147
32596
31576
26225
17274
5950
-6193
-17489
-26383
-31650
-32564
-28995
-21433
-10917
1105
12978
23064
29968
32737
30984
24950
15465
3839
-8320
-19330
-27666
-32170
-32217
-27796
-19519
-8531
3643
15314
24860
30951
32739
29972
23032
12884
938
-11141
-21669
-29176
-32613
-31498
-25982
-16835
-5332
6918
18204
26944
31912
32410
28366
20343
9465
-2743
-14569
-24351
-30713
-32759
-30198
-23387
-13283
-1306
10856
21492
29100
32604
31507
25962
16748
5166
-7147
-18454
-27152
-32008
-32332
-28076
-19840
-8789
3510
15314
24947
31038
32720
29752
22551
12140
0
-12143
-22559
-29762
-32723
-31017
-24884
-15198
-3339
8998
20053
28242
32393
31908
26854
17952
6476
-5930
-17489
-26541
-31785
-32465
-28481
-20402
-9388
2978
14918
24714
30951
32730
29790
22554
12062
-172
-12385
-22811
-29942
-32746
-30813
-24421
-14492
-2462
9926
20879
28806
32556
31581
26021
16679
4912
-7571
-18956
-27585
-32200
-32127
-27374
-18630
-7167
5342
17076
26318
31719
32485
28504
20353
9222
-3259
-15267
-25041
-31147
-32687
-29434
-21861
-11077
1334
13553
23783
30517
32764
30189
23169
12736
423
-11953
-22570
-29860
-32743
-30792
-24293
-14202
-2009
10483
21426
29201
32652
31267
25247
15482
3419
-9153
-20369
-28563
-32514
-31633
-26047
-16586
-4654
7973
19415
27967
32350
31910
26709
17520
5712
-6950
-18577
-27428
-32179
-32116
-27244
-18292
-6597
6088
17864
26962
32015
32263
27666
18910
7310
-5391
-17284
-26579
-31872
-32366
-27983
-19380
-7852
4862
16845
26287
31760
32433
28203
19707
8226
-4501
-16550
-26094
-31684
-32472
-28334
-19895
-8434
4310
16402
26003
31651
32486
28377
19946
8475
-4288
-16402
-26016
-31662
-32478
-28334
-19861
-8351
4437
16550
26133
31717
32445
28203
19638
8060
-4756
-16845
-26351
-31812
-32386
-27983
-19276
-7602
5243
17284
26666
31941
32293
27666
18769
6975
-5898
-17864
-27071
-32095
-32157
-27244
-18113
-6176
6719
18577
27557
32265
31968
26709
17302
5205
-7702
-19415
-28111
-32434
-31710
-26047
-16326
-4058
8843
20369
28719
32588
31368
25247
15179
2736
-10137
-21426
-29364
-32705
-30922
-24293
-13853
-1238
11573
22570
30025
32764
30353
23169
12339
-434
-13142
-23783
-30678
-32739
-29638
-21861
-10632
2276
14829
25041
31296
32604
28754
20353
8727
-4282
-16616
-26318
-31849
-32328
-27676
-18630
-6622
6439
18480
27585
32302
31880
26381
16679
4318
-8734
-20396
-28806
-32620
-31227
-24845
-14492
-1820
11144
22329
29942
32763
30335
23047
12062
-859
-13645
-24243
-30951
-32688
-29173
-20967
-9388
3703
16202
26094
31785
32354
27709
18593
6476
-6688
-18775
-27832
-32393
-31718
-25913
-15915
-3339
9779
21317
29402
32723
30737
23764
12933
0
-12935
-23772
-30745
-32720
-29372
-21243
-9654
3510
16105
26077
31798
32332
27590
18342
6096
-7147
-19226
-28162
-32493
-31507
-25362
-15061
-2291
10856
22227
29953
32765
30198
22670
11416
-1716
-14569
-25028
-31370
-32548
-28366
-19509
-7435
5867
18204
27539
32330
31782
25982
15887
3163
-10086
-21669
-29667
-32753
-30413
-23032
-11831
1334
14281
24860
31312
32563
28403
19519
7387
-5976
-18347
-27666
-32377
-31693
-25725
-15465
-2622
10659
22164
29968
32766
30086
22374
10917
-2369
-15261
-25599
-31650
-32396
-27709
-18372
-5950
7473
19643
28516
32596
31195
24546
13765
664
-12550
-23653
-30771
-32702
-29116
-20616
-8634
4807
17440
27128
32230
31881
26137
15968
3092
-10308
-21966
-29901
-32766
-30072
-22272
-10689
2711
15653
25937
31812
32275
27244
17574
4908
-8595
-20637
-29162
-32712
-30681
-23411
-12140
1206
14349
25041
31451
32480
27948
18630
6117
-7445
-19735
-28641
-32634
-31026
-24089
-13013
301
13567
24501
31222
32570
28309
19172
6728
-6876
-19298
-28393
-32589
-31159
-24347
-13326
0
13328
24354
31166
32585
28360
19220
6748
-6896
-19347
-28443
-32604
-31103
-24198
-13087
301
13640
24608
31294
32533
28105
18778
6176
-7504
-19879
-28786
-32669
-30847
-23635
-12290
1206
14493
25247
31583
32389
27520
17828
5008
-8692
-20870
-29387
-32745
-30352
-22624
-10917
2711
15865
26229
31977
32094
26556
16335
3233
-10442
-22277
-30182
-32757
-29546
-21112
-8944
4807
17712
27483
32390
31559
25136
14256
845
-12717
-24026
-31070
-32598
-28334
-19032
-6345
7473
19964
28903
32697
30666
23169
11540
-2148
-15456
-26008
-31918
-32127
-26596
-16309
-3103
10659
22517
30346
32741
29270
20553
8148
-5719
-18563
-28078
-32552
-31179
-24202
-12874
771
14281
25223
31625
32332
27214
17189
4062
-9798
-21894
-30040
-32762
-29565
-21025
-8682
5233
18204
27882
32514
31257
24336
13002
-691
-14262
-25247
-31650
-32307
-27094
-16955
-3732
10171
22227
30239
32747
29289
20494
7961
-6025
-18915
-28356
-32621
-30929
-23586
-11931
1907
15400
26077
31982
32033
26215
15592
2109
-11762
-23479
-30889
-32629
-28377
-18910
-5966
8077
20637
29402
32756
30080
21861
9613
-4409
-17621
-27585
-32459
-31342
-24435
-13013
816
14497
25499
31785
32188
26631
16140
2656
-11322
-23203
-30782
-32650
-28456
-18976
-5969
8148
20755
29503
32763
29925
21514
9095
-5021
-18204
-27995
-32564
-31058
-23753
-12011
1977
15598
26305
32095
31880
25698
14703
952
-12978
-24480
-31393
-32418
-27360
-17165
-3744
10381
22559
30497
32702
28754
19394
6380
-7836
-20580
-29446
-32762
-29899
-21393
-8847
5370
18577
28275
32630
30814
23169
11138
-3003
-16579
-27016
-32334
-31523
-24733
-13249
751
14612
25700
31906
32048
26096
15179
1372
-12698
-24354
-31371
-32412
-27273
-16932
-3359
10856
23003
30758
32638
28280
18514
5205
-9101
-21669
-30089
-32747
-29131
-19930
-6905
7445
20371
29387
32762
29844
21189
8460
-5898
-19125
-28673
-32702
-30433
-22301
-9868
4468
17946
27963
32585
30916
23274
11134
-3159
-16845
-27275
-32428
-31305
-24119
-12260
1977
15833
26622
32247
31615
24845
13249
-923
-14918
-26016
-32055
-31858
-25461
-14105
0
14107
25468
31864
32046
25975
14832
792
-13405
-24986
-31684
-32188
-26395
-15435
-1452
12817
24578
31525
32292
26727
15917
1981
-12345
-24250
-31393
-32366
-26976
-16280
-2378
11993
24006
31293
32415
27148
16527
2644
-11762
-23850
-31230
-32442
-27244
-16660
-2779
11653
23783
31206
32451
27267
16679
2783
-11667
-23806
-31222
-32441
-27217
-16586
-2656
11803
23919
31277
32412
27094
16378
2398
-12062
-24120
-31370
-32361
-26894
-16056
-2009
12441
24407
31496
32285
26615
15616
1488
-12939
-24777
-31650
-32178
-26251
-15055
-836
13553
25223
31826
32033
25797
14372
52
-14280
-25739
-32015
-31841
-25247
-13561
863
15115
26318
32208
31592
24592
12618
-1908
-16052
-26950
-32393
-31276
-23823
-11540
3083
17085
27622
32556
30880
22932
10324
-4384
-18204
-28323
-32682
-30389
-21909
-8965
5807
19399
29038
32755
29790
20744
7461
-7347
-20658
-29748
-32757
-29067
-19428
-5811
8997
21966
30436
32669
28203
17952
4016
-10746
-23305
-31079
-32468
-27184
-16309
-2077
12583
24657
31656
32135
25992
14491
0
-14493
-25999
-32139
-31644
-24613
-12494
2208
16457
27304
32503
30975
23032
10317
-4537
-18454
-28547
-32719
-30103
-21238
-7961
6971
20458
29694
32757
29007
19220
5431
-9491
-22439
-30713
-32587
-27666
-16973
-2736
12073
24364
31568
32177
26060
14492
-108
-14689
-26197
-32222
-31498
-24174
-11781
3083
17304
27896
32634
30520
21996
8847
-6162
-19879
-29416
-32766
-29219
-19519
-5706
9311
22368
30711
32578
27570
16743
2378
-12491
-24723
-31732
-32033
-25558
-13674
1105
15653
26888
32428
31095
23169
10328
-4707
-18745
-28806
-32750
-29736
-20402
-6728
8378
21705
30414
32650
27932
17262
2911
-12062
-24465
-31651
-32083
-25665
-13765
1077
15692
26955
32455
31012
22932
9941
-5180
-19194
-29098
-32765
-29406
-19738
-5832
9326
22486
30817
32526
27244
16102
1495
-13436
-25478
-32035
-31693
-24521
-12062
2999
17416
28078
32680
30226
21243
7668
-7565
-21167
-30192
-32685
-28105
-17438
-2992
12103
24578
31727
31995
25321
13150
-1876
-16499
-27539
-32596
-30567
-21889
-8448
6833
20630
29936
32722
28377
17845
3419
-11753
-24364
-31659
-32040
-25423
-13249
1823
16499
27568
32607
30508
21729
8189
-7147
-20920
-30108
-32693
-28105
-17347
-2779
12401
24860
31856
31850
24838
12360
-2839
-17416
-28160
-32702
-30037
-20749
-6884
8501
22013
30668
32552
27244
15915
1066
-14020
-26008
-32243
-31342
-23500
-10451
4915
19194
29220
32766
29042
18871
4509
-10856
-23813
-31479
-32147
-25665
-13473
1720
16533
27666
32637
30335
21271
7461
-8015
-21705
-30552
-32578
-27327
-15968
-1038
14125
26133
32294
31228
23169
9920
-5554
-19786
-29584
-32748
-28565
-17970
-3339
12043
24723
31849
31816
24627
11897
-3511
-18132
-28673
-32755
-29458
-19519
-5177
10334
23516
31393
32182
25702
13414
-1907
-16800
-27896
-32682
-30072
-20653
-6555
9029
22570
30997
32395
26445
14492
-751
-15827
-27310
-32589
-30461
-21406
-7481
8148
21926
30713
32507
26894
15151
-48
-15238
-26955
-32522
-30664
-21804
-7961
7702
21608
30575
32549
27076
15403
202
-15047
-26852
-32503
-30703
-21861
-8002
7696
21629
30598
32538
27001
15255
0
-15257
-27007
-32541
-30582
-21579
-7602
8129
21989
30779
32468
26664
14703
-655
-15865
-27411
-32621
-30288
-20948
-6758
8997
22672
31098
32318
26047
13736
-1763
-16855
-28038
-32713
-29790
-19946
-5464
10289
23653
31516
32046
25116
12336
-3319
-18204
-28847
-32766
-29042
-18541
-3711
11987
24889
31977
31593
23823
10480
-5316
-19871
-29777
-32711
-27983
-16697
-1495
14059
26318
32404
30885
22114
8148
-7733
-21801
-30745
-32460
-26539
-14372
1180
16457
27860
32699
29832
19930
5325
-10537
-23916
-31650
-31910
-24631
-11530
4298
19113
29409
32747
28334
17210
2009
-13670
-26112
-32365
-30942
-22178
-8148
7817
21929
30833
32412
26285
13907
-1780
-17047
-28259
-32743
-29429
-19103
-4222
11667
24777
31977
31548
23586
9991
-5992
-20546
-30192
-32619
-27244
-15350
219
15739
27492
32660
30001
20149
5464
-10533
-24006
-31719
-31816
-24270
-10892
5106
19879
29873
32681
27625
15917
373
-15261
-27221
-32621
-30156
-20416
-5748
10308
23879
31684
31836
24293
10875
-5173
-19973
-29942
-32665
-27477
-15633
0
15636
27483
32666
29925
19920
5078
-10999
-24407
-31886
-31615
-23656
-9941
6193
20824
30386
32549
26782
14487
-1341
-16845
-28242
-32749
-29262
-18630
-3445
12583
25539
32252
31078
22301
8064
-8148
-22368
-31111
-32231
-25451
-12429
3643
18824
29387
32737
28047
16465
836
-15001
-27152
-32625
-30072
-20115
-5205
10989
24479
31937
31523
23335
9388
-6876
-21447
-30723
-32412
-26092
-13322
2743
18132
29038
32759
28371
16955
1338
-14612
-26944
-32596
-30164
-20247
-5304
10958
24501
31960
31477
23169
9099
-7236
-21774
-30894
-32323
-25702
-12676
3510
18824
29446
32724
27837
16000
166
-15711
-27666
-32707
-29572
-19041
-3744
12491
25602
32304
30916
21780
7184
-9215
-23305
-31551
-31880
-24205
-10451
5930
20824
30486
32483
26311
13518
-2679
-18204
-29147
-32749
-28098
-16364
-502
15488
27574
32702
29574
18976
3583
-12717
-25806
-32371
-30748
-21345
-6538
9926
23879
31785
31636
23467
9346
-7147
-21830
-30974
-32254
-25342
-11991
4409
19692
29968
32623
26976
14462
-1736
-17495
-28798
-32764
-28377
-16752
-852
15267
27492
32699
29554
18857
3339
-13034
-26077
-32450
-30520
-20777
-5712
10817
24578
32042
31291
22515
7961
-8637
-23021
-31496
-31881
-24075
-10079
6509
21426
30833
32307
25463
12062
-4448
-19815
-30076
-32585
-26689
-13907
2465
18204
29244
32732
27762
15616
-569
-16610
-28356
-32765
-28692
-17189
-1231
15047
27428
32699
29490
18630
2932
-13528
-26478
-32552
-30168
-19943
-4530
12062
25519
32337
30737
21133
6022
-10659
-24565
-32068
-31208
-22206
-7407
9326
23628
31760
31593
23169
8686
-8070
-22719
-31423
-31903
-24028
-9858
6896
21846
31070
32147
24790
10926
-5807
-21019
-30711
-32336
-25461
-11891
4807
20244
30356
32478
26047
12755
-3899
-19528
-30012
-32581
-26556
-13521
3083
18877
29687
32654
26991
14192
-2362
-18294
-29387
-32703
-27360
-14769
1736
17784
29119
32734
27666
15255
-1206
-17349
-28887
-32752
-27913
-15652
771
16993
28695
32761
28105
15962
-434
-16717
-28547
-32765
-28244
-16186
193
16523
28443
32766
28334
16326
-48
-16412
-28387
-32766
-28374
-16382
0
0
0
0
0
0
0
0
0
0
0
0
0
0
0
0
0
0
0
0
0
0
0
0
0
0
0
0
0
0
0
0
0
0
0
0
0
0
0
0
0
0
0
0
0
0
0
0
0
0
0
0
0
0
0
0
0
0
0
0
0
0
0
0
0
0
0
0
0
0
0
0
0
0
0
0
0
0
0
0
0
0
0
0
0
0
0
0
0
0
0
0
0
0
0
0
0
0
0
0
0
0
0
0
0
0
0
0
0
0
0
0
0
0
0
0
0
0
0
0
0
0
0
0
0
0
0
0
0
0
0
0
0
0
0
0
0
0
0
0
0
0
0
0
0
0
0
0
0
0
0
0
0
0
0
0
0
0
0
0
0
0
0
0
0
0
0
0
0
0
0
0
0
0
0
0
0
0
0
0
0
0
0
0
0
0
0
0
0
0
0
0
0
0
0
0
0
0
0
0
0
0
0
0
0
0
0
0
0
0
0
0
0
0
0
0
0
0
0
0
0
0
0
0
0
0
0
0
0
0
0
0
0
0
0
0
0
0
0
0
0
0
0
0
0
0
0
0
0
0
0
0
0
0
0
0
0
0
0
0
0
0
0
0
0
0
0
0
0
0
0
0
0
0
0
0
0
0
0
0
0
0
0
0
0
0
0
0
0
0
0
0
0
0
0
0
0
0
0
0
0
0
0
0
0
0
0
0
0
0
0
0
0
0
0
0
0
0
0
0
0
0
0
0
0
0
0
0
0
0
0
0
0
0
0
0
0
0
0
0
0
0
0
0
0
0
0
0
0
0
0
0
0
0
0
0
0
0
0
0
0
0
0
0
0
0
0
0
0
0
0
0
0
0
0
0
0
0
0
0
0
0
0
0
0
0
0
0
0
0
0
0
0
0
0
0
0
0
0
0
0
0
0
0
0
0
0
0
0
0
0
0
0
0
0
0
0
0
0
0
0
0
0
0
0
0
0
0
0
0
0
0
0
0
0
0
0
0
0
0
0
0
0
0
0
0
0
0
0
0
0
0
0
0
0
0
0
0
0
0
0
0
0
0
0
0
0
0
0
0
0
0
0
0
0
0
0
0
0
0
0
0
0
0
0
0
0
0
0
0
0
0
0
0
0
0
0
0
0
0
0
0
0
0
0
0
0
0
0
0
0
0
0
0
0
0
0
0
0
0
0
0
0
0
0
0
0
0
0
0
0
0
0
0
0
0
0
0
0
0
0
0
0
0
0
0
0
0
0
0
0
0
0
0
0
0
0
0
0
0
0
0
0
0
0
0
0
0
0
0
0
0
0
0
0
0
0
0
0
0
0
0
0
0
0
0
0
0
0
0
0
0
0
0
0
0
0
0
0
0
0
0
0
0
0
0
0
0
0
0
0
0
0
0
0
0
0
0
0
0
0
0
0
0
0
0
0
0
0
0
0
0
0
0
0
0
0
0
0
0
0
0
0
0
0
0
0
0
0
0
0
0
0
0
0
0
0
0
0
0
0
0
0
0
0
0
0
0
0
0
0
0
0
0
0
0
0
0
0
0
0
0
0
0
0
0
0
0
0
0
0
0
0
0
0
0
0
0
0
0
0
0
0
0
0
0
0
0
0
0
0
0
0
0
0
0
0
0
0
0
0
0
0
0
0
0
0
0
0
0
0
0
0
0
0
0
0
0
0
0
0
0
0
0
0
0
0
0
0
0
0
0
0
0
0
0
0
0
0
0
0
0
0
0
0
0
0
0
0
0
0
0
0
0
0
0
0
0
0
0
0
0
0
0
0
0
0
0
0
0
0
0
0
0
0
0
0
0
0
0
0
0
0
0
0
0
0
0
0
0
0
0
0
0
0
0
0
0
0
0
0
0
0
0
0
0
0
0
0
0
0
0
0
0
0
0
0
0
0
0
0
0
0
0
0
0
0
0
0
0
0
0
0
0
0
0
0
0
0
0
0
0
0
0
0
0
0
0
0
0
0
0
0
0
0
0
0
0
0
0
0
0
0
0
0
0
0
0
0
0
0
0
0
0
0
0
0
0
0
0
0
0
0
0
0
0
0
0
0
0
0
0
0
0
0
0
0
0
0
0
0
0
0
0
0
0
0
0
0
0
0
0
0
0
0
0
0
0
0
0
0
0
0
0
0
0
0
0
0
0
0
0
0
0
0
0
0
0
0
0
12072
11799
10992
9690
7953
5861
3511
1013
-1518
-3967
-6220
-8175
-9744
-10857
-11467
-11551
-11111
-10172
-8786
-7023
-4971
-2731
-411
1878
4031
5951
7551
8766
9550
9879
9753
9192
8241
6959
5420
3709
1914
123
-1579
-3120
-4437
-5484
-6232
-6668
-6797
-6639
-6227
-5604
-4817
-3920
-2962
-1992
-1051
-171
623
1317
1906
2391
2778
3080
3308
3473
3585
3649
3665
3628
3531
3361
3106
2754
2298
1732
1061
295
-543
-1428
-2322
-3182
-3964
-4621
-5111
-5397
-5451
-5257
-4813
-4133
-3245
-2188
-1018
205
1416
2547
3536
4328
4880
5165
5173
4911
4403
3690
2825
1870
892
-42
-873
-1549
-2033
-2304
-2358
-2211
-1892
-1448
-935
-412
57
417
621
637
448
59
-505
-1203
-1978
-2758
-3469
-4032
-4377
-4445
-4193
-3602
-2675
-1442
42
1700
3436
5143
6707
8016
8968
9479
9487
8962
7902
6341
4346
2011
-541
-3176
-5745
-8099
-10099
-11622
-12570
-12876
-12512
-11483
-9836
-7653
-5047
-2157
862
3848
6639
9084
11054
12443
13181
13235
12608
11342
9515
7232
4623
1834
-981
-3675
-6106
-8150
-9712
-10720
-11139
-10966
-10230
-8990
-7331
-5360
-3193
-958
1222
3232
4967
6345
7305
7813
7861
7466
6673
5543
4157
2606
988
-600
-2066
-3329
-4320
-4991
-5313
-5278
-4900
-4214
-3270
-2134
-882
404
1642
2754
3670
4333
4702
4753
4482
3907
3061
1996
778
-519
-1815
-3029
-4085
-4914
-5462
-5692
-5585
-5141
-4385
-3356
-2113
-728
716
2137
3449
4573
5443
6007
6233
6107
5641
4864
3827
2595
1246
-136
-1468
-2668
-3667
-4409
-4857
-4992
-4821
-4367
-3676
-2805
-1826
-815
152
1007
1688
2152
2373
2345
2084
1624
1015
322
-383
-1031
-1552
-1889
-1996
-1851
-1450
-811
24
998
2037
3059
3975
4705
5173
5324
5120
4549
3623
2384
893
-764
-2490
-4178
-5717
-7005
-7953
-8489
-8569
-8174
-7317
-6037
-4403
-2505
-448
1648
3669
5499
7037
8201
8931
9196
8992
8342
7296
5923
4311
2555
755
-991
-2598
-3990
-5112
-5929
-6425
-6605
-6493
-6124
-5548
-4816
-3983
-3101
-2214
-1358
-557
172
828
1412
1934
2404
2834
3230
3593
3919
4193
4396
4502
4484
4315
3972
3440
2715
1807
741
-443
-1693
-2944
-4123
-5155
-5970
-6502
-6703
-6541
-6008
-5120
-3916
-2459
-834
860
2519
4034
5302
6237
6771
6862
6500
5705
4527
3045
1361
-407
-2135
-3698
-4984
-5896
-6366
-6356
-5862
-4918
-3589
-1969
-177
1657
3398
4914
6091
6836
7088
6823
6050
4821
3217
1349
-652
-2646
-4492
-6059
-7235
-7937
-8115
-7757
-6890
-5574
-3904
-1997
13
1988
3793
5309
6439
7118
7311
7025
6298
5201
3830
2298
727
-763
-2063
-3084
-3762
-4066
-3995
-3582
-2888
-1998
-1011
-34
830
1489
1873
1936
1663
1073
216
-832
-1972
-3094
-4080
-4822
-5225
-5220
-4768
-3866
-2548
-884
1023
3050
5052
6881
8394
9467
9998
9925
9222
7911
6053
3753
1145
-1609
-4337
-6864
-9025
-10679
-11718
-12072
-11718
-10679
-9025
-6864
-4337
-1609
1145
3753
6053
7911
9222
9925
9998
9467
8394
6881
5052
3050
1023
-884
-2548
-3866
-4768
-5220
-5225
-4822
-4080
-3094
-1972
-832
216
1073
1663
1936
1873
1489
830
-34
-1011
-1998
-2888
-3582
-3995
-4066
-3762
-3084
-2063
-763
727
2298
3830
5201
6298
7025
7311
7118
6439
5309
3793
1988
13
-1997
-3904
-5574
-6890
-7757
-8115
-7937
-7235
-6059
-4492
-2646
-652
1349
3217
4821
6050
6823
7088
6836
6091
4914
3398
1657
-177
-1969
-3589
-4918
-5862
-6356
-6366
-5896
-4984
-3698
-2135
-407
1361
3045
4527
5705
6500
6862
6771
6237
5302
4034
2519
860
-834
-2459
-3916
-5120
-6008
-6541
-6703
-6502
-5970
-5155
-4123
-2944
-1693
-443
741
1807
2715
3440
3972
4315
4484
4502
4396
4193
3919
3593
3230
2834
2404
1934
1412
828
172
-557
-1358
-2214
-3101
-3983
-4816
-5548
-6124
-6493
-6605
-6425
-5929
-5112
-3990
-2598
-991
755
2555
4311
5923
7296
8342
8992
9196
8931
8201
7037
5499
3669
1648
-448
-2505
-4403
-6037
-7317
-8174
-8569
-8489
-7953
-7005
-5717
-4178
-2490
-764
893
2384
3623
4549
5120
5324
5173
4705
3975
3059
2037
998
24
-811
-1450
-1851
-1996
-1889
-1552
-1031
-383
322
1015
1624
2084
2345
2373
2152
1688
1007
152
-815
-1826
-2805
-3676
-4367
-4821
-4992
-4857
-4409
-3667
-2668
-1468
-136
1246
2595
3827
4864
5641
6107
6233
6007
5443
4573
3449
2137
716
-728
-2113
-3356
-4385
-5141
-5585
-5692
-5462
-4914
-4085
-3029
-1815
-519
778
1996
3061
3907
4482
4753
4702
4333
3670
2754
1642
404
-882
-2134
-3270
-4214
-4900
-5278
-5313
-4991
-4320
-3329
-2066
-600
988
2606
4157
5543
6673
7466
7861
7813
7305
6345
4967
3232
1222
-958
-3193
-5360
-7331
-8990
-10230
-10966
-11139
-10720
-9712
-8150
-6106
-3675
-981
1834
4623
7232
9515
11342
12608
13235
13181
12443
11054
9084
6639
3848
862
-2157
-5047
-7653
-9836
-11483
-12512
-12876
-12570
-11622
-10099
-8099
-5745
-3176
-541
2011
4346
6341
7902
8962
9487
9479
8968
8016
6707
5143
3436
1700
42
-1442
-2675
-3602
-4193
-4445
-4377
-4032
-3469
-2758
-1978
-1203
-505
59
448
637
621
417
57
-412
-935
-1448
-1892
-2211
-2358
-2304
-2033
-1549
-873
-42
892
1870
2825
3690
4403
4911
5173
5165
4880
4328
3536
2547
1416
205
-1018
-2188
-3245
-4133
-4813
-5257
-5451
-5397
-5111
-4621
-3964
-3182
-2322
-1428
-543
295
1061
1732
2298
2754
3106
3361
3531
3628
3665
3649
3585
3473
3308
3080
2778
2391
1906
1317
623
-171
-1051
-1992
-2962
-3920
-4817
-5604
-6227
-6639
-6797
-6668
-6232
-5484
-4437
-3120
-1579
123
1914
3709
5420
6959
8241
9192
9753
9879
9550
8766
7551
5951
4031
1878
-411
-2731
-4971
-7023
-8786
-10172
-11111
-11551
-11467
-10857
-9744
-8175
-6220
-3967
-1518
1013
3511
5861
7953
9690
10992
11799
0
0
0
0
0
0
0
0
0
0
0
0
0
0
0
0
0
0
0
0
0
0
0
0
0
0
0
0
0
0
0
0
0
0
0
0
0
0
0
0
0
0
0
0
0
0
0
0
0
0
0
0
0
0
0
0
0
0
0
0
0
0
0
0
0
0
0
-5173
-5106
-4902
-4563
-4086
-3474
-2730
-1862
-884
181
1308
2458
3590
4654
5597
6366
6909
7183
7149
6785
6085
5056
3730
2153
390
-1476
-3356
-5149
-6758
-8085
-9046
-9574
-9621
-9165
-8212
-6797
-4983
-2857
-528
1879
4234
6401
8256
9688
10607
10955
10701
9854
8454
6576
4323
1824
-778
-3335
-5698
-7730
-9312
-10353
-10796
-10618
-9835
-8498
-6693
-4533
-2153
300
2680
4845
6666
8044
8903
9208
8954
8175
6938
5337
3486
1514
-448
-2273
-3849
-5083
-5911
-6298
-6243
-5775
-4951
-3854
-2581
-1240
61
1224
2162
2811
3134
3120
2790
2188
1382
457
-490
-1367
-2082
-2558
-2739
-2596
-2124
-1351
-329
864
2135
3376
4480
5343
5879
6018
5723
4984
3825
2303
505
-1461
-3470
-5388
-7082
-8430
-9330
-9705
-9514
-8749
-7441
-5656
-3491
-1071
1462
3960
6275
8266
9817
10837
11266
11085
10307
8985
7201
5064
2703
254
-2142
-4357
-6275
-7802
-8875
-9456
-9543
-9159
-8357
-7208
-5799
-4226
-2586
-971
539
1880
3004
3884
4514
4903
5074
5064
4911
4658
4342
3995
3638
3282
2926
2562
2172
1735
1230
639
-46
-828
-1693
-2617
-3562
-4479
-5311
-5999
-6483
-6713
-6646
-6257
-5540
-4508
-3199
-1668
8
1743
3439
4999
6328
7344
7983
8202
7985
7340
6307
4948
3347
1602
-176
-1881
-3408
-4666
-5585
-6118
-6245
-5975
-5343
-4412
-3260
-1981
-677
553
1620
2445
2975
3177
3048
2609
1909
1014
8
-1015
-1964
-2748
-3291
-3537
-3449
-3019
-2265
-1230
18
1396
2808
4151
5325
6240
6819
7009
6781
6131
5084
3692
2028
182
-1741
-3634
-5390
-6909
-8107
-8916
-9293
-9218
-8697
-7759
-6455
-4853
-3037
-1096
875
2787
4554
6101
7367
8308
8894
9114
8970
8482
7680
6604
5302
3827
2236
586
-1065
-2664
-4158
-5498
-6641
-7549
-8191
-8541
-8583
-8310
-7726
-6844
-5689
-4300
-2723
-1019
745
2498
4162
5663
6929
7896
8516
8754
8592
8037
7111
5862
4352
2661
877
-904
-2586
-4081
-5311
-6213
-6746
-6891
-6656
-6069
-5182
-4065
-2799
-1475
-184
988
1969
2700
3146
3292
3148
2747
2141
1397
592
-192
-880
-1402
-1707
-1761
-1552
-1094
-422
408
1327
2252
3098
3784
4236
4401
4243
3751
2944
1860
566
-856
-2310
-3695
-4911
-5867
-6489
-6726
-6551
-5969
-5010
-3735
-2225
-581
1088
2673
4065
5174
5928
6282
6218
5750
4922
3800
2475
1050
-367
-1670
-2763
-3567
-4029
-4121
-3846
-3237
-2353
-1274
-99
1068
2124
2972
3533
3749
3593
3064
2195
1046
-298
-1736
-3153
-4435
-5474
-6174
-6467
-6308
-5688
-4628
-3184
-1439
497
2503
4446
6195
7629
8648
9174
9164
8606
7527
5985
4070
1893
-414
-2714
-4870
-6754
-8254
-9285
-9790
-9746
-9161
-8079
-6569
-4728
-2666
-508
1621
3604
5332
6716
7691
8216
8279
7895
7102
5961
4549
2955
1274
-400
-1978
-3380
-4540
-5408
-5952
-6159
-6034
-5597
-4885
-3945
-2832
-1609
-339
913
2088
3131
3995
4640
5038
5173
5038
4640
3995
3131
2088
913
-339
-1609
-2832
-3945
-4885
-5597
-6034
-6159
-5952
-5408
-4540
-3380
-1978
-400
1274
2955
4549
5961
7102
7895
8279
8216
7691
6716
5332
3604
1621
-508
-2666
-4728
-6569
-8079
-9161
-9746
-9790
-9285
-8254
-6754
-4870
-2714
-414
1893
4070
5985
7527
8606
9164
9174
8648
7629
6195
4446
2503
497
-1439
-3184
-4628
-5688
-6308
-6467
-6174
-5474
-4435
-3153
-1736
-298
1046
2195
3064
3593
3749
3533
2972
2124
1068
-99
-1274
-2353
-3237
-3846
-4121
-4029
-3567
-2763
-1670
-367
1050
2475
3800
4922
5750
6218
6282
5928
5174
4065
2673
1088
-581
-2225
-3735
-5010
-5969
-6551
-6726
-6489
-5867
-4911
-3695
-2310
-856
566
1860
2944
3751
4243
4401
4236
3784
3098
2252
1327
408
-422
-1094
-1552
-1761
-1707
-1402
-880
-192
592
1397
2141
2747
3148
3292
3146
2700
1969
988
-184
-1475
-2799
-4065
-5182
-6069
-6656
-6891
-6746
-6213
-5311
-4081
-2586
-904
877
2661
4352
5862
7111
8037
8592
8754
8516
7896
6929
5663
4162
2498
745
-1019
-2723
-4300
-5689
-6844
-7726
-8310
-8583
-8541
-8191
-7549
-6641
-5498
-4158
-2664
-1065
586
2236
3827
5302
6604
7680
8482
8970
9114
8894
8308
7367
6101
4554
2787
875
-1096
-3037
-4853
-6455
-7759
-8697
-9218
-9293
-8916
-8107
-6909
-5390
-3634
-1741
182
2028
3692
5084
6131
6781
7009
6819
6240
5325
4151
2808
1396
18
-1230
-2265
-3019
-3449
-3537
-3291
-2748
-1964
-1015
8
1014
1909
2609
3048
3177
2975
2445
1620
553
-677
-1981
-3260
-4412
-5343
-5975
-6245
-6118
-5585
-4666
-3408
-1881
-176
1602
3347
4948
6307
7340
7985
8202
7983
7344
6328
4999
3439
1743
8
-1668
-3199
-4508
-5540
-6257
-6646
-6713
-6483
-5999
-5311
-4479
-3562
-2617
-1693
-828
-46
639
1230
1735
2172
2562
2926
3282
3638
3995
4342
4658
4911
5064
5074
4903
4514
3884
3004
1880
539
-971
-2586
-4226
-5799
-7208
-8357
-9159
-9543
-9456
-8875
-7802
-6275
-4357
-2142
254
2703
5064
7201
8985
10307
11085
11266
10837
9817
8266
6275
3960
1462
-1071
-3491
-5656
-7441
-8749
-9514
-9705
-9330
-8430
-7082
-5388
-3470
-1461
505
2303
3825
4984
5723
6018
5879
5343
4480
3376
2135
864
-329
-1351
-2124
-2596
-2739
-2558
-2082
-1367
-490
457
1382
2188
2790
3120
3134
2811
2162
1224
61
-1240
-2581
-3854
-4951
-5775
-6243
-6298
-5911
-5083
-3849
-2273
-448
1514
3486
5337
6938
8175
8954
9208
8903
8044
6666
4845
2680
300
-2153
-4533
-6693
-8498
-9835
-10618
-10796
-10353
-9312
-7730
-5698
-3335
-778
1824
4323
6576
8454
9854
10701
10955
10607
9688
8256
6401
4234
1879
-528
-2857
-4983
-6797
-8212
-9165
-9621
-9574
-9046
-8085
-6758
-5149
-3356
-1476
390
2153
3730
5056
6085
6785
7149
7183
6909
6366
5597
4654
3590
2458
1308
181
-884
-1862
-2730
-3474
-4086
-4563
-4902
-5106
0
0
0
0
0
0
0
0
0
0
0
0
0
0
0
0
0
0
0
0
0
0
0
0
0
0
0
0
0
0
0
0
0
0
0
0
0
0
0
0
0
0
0
0
0
0
0
0
0
0
0
0
0
0
0
0
0
0
0
0
0
0
0
0
0
0
0
8622
8378
7658
6508
4994
3209
1258
-743
-2678
-4434
-5910
-7024
-7718
-7957
-7739
-7085
-6045
-4691
-3112
-1409
309
1942
3393
4579
5438
5931
6044
5788
5196
4323
3242
2034
788
-409
-1479
-2354
-2984
-3339
-3410
-3210
-2773
-2150
-1402
-602
176
866
1404
1745
1858
1734
1384
837
141
-642
-1443
-2187
-2803
-3227
-3409
-3317
-2936
-2278
-1373
-274
950
2219
3445
4537
5413
6002
6247
6117
5602
4719
3509
2035
382
-1355
-3072
-4665
-6036
-7096
-7780
-8042
-7862
-7248
-6233
-4874
-3251
-1456
406
2233
3922
5380
6531
7320
7712
7698
7292
6530
5467
4173
2728
1216
-280
-1684
-2929
-3962
-4747
-5263
-5507
-5490
-5238
-4785
-4173
-3446
-2649
-1823
-1003
-220
505
1158
1732
2222
2631
2959
3208
3380
3472
3479
3395
3212
2921
2518
2000
1373
647
-154
-1004
-1865
-2692
-3437
-4050
-4485
-4702
-4668
-4369
-3802
-2984
-1950
-751
544
1861
3114
4218
5094
5673
5903
5753
5216
4311
3084
1605
-36
-1738
-3385
-4866
-6075
-6920
-7332
-7270
-6722
-5710
-4288
-2537
-565
1504
3536
5398
6965
8128
8805
8945
8531
7582
6153
4332
2232
-15
-2270
-4389
-6241
-7712
-8714
-9191
-9122
-8522
-7440
-5958
-4179
-2225
-226
1691
3408
4827
5874
6502
6701
6487
5909
5037
3962
2781
1596
500
-425
-1122
-1555
-1716
-1625
-1323
-876
-361
138
539
768
769
507
-25
-810
-1797
-2916
-4073
-5164
-6080
-6717
-6985
-6815
-6167
-5035
-3449
-1473
791
3221
5669
7981
9999
11580
12601
12969
12631
11573
9830
7480
4638
1457
-1890
-5215
-8327
-11047
-13216
-14707
-15433
-15352
-14468
-12833
-10542
-7727
-4549
-1188
2170
5343
8164
10490
12212
13258
13596
13240
12237
10674
8661
6332
3828
1294
-1133
-3335
-5209
-6683
-7712
-8281
-8402
-8113
-7472
-6552
-5433
-4200
-2934
-1706
-579
402
1208
1825
2254
2509
2613
2597
2492
2333
2149
1964
1796
1656
1548
1467
1407
1357
1304
1236
1144
1020
862
669
447
202
-55
-317
-574
-817
-1041
-1244
-1424
-1585
-1728
-1859
-1981
-2093
-2196
-2282
-2344
-2368
-2338
-2238
-2050
-1760
-1357
-835
-198
540
1360
2230
3111
3955
4714
5336
5772
5980
5928
5596
4977
4084
2944
1601
113
-1448
-3009
-4489
-5808
-6895
-7689
-8144
-8230
-7940
-7284
-6292
-5014
-3513
-1863
-144
1559
3169
4613
5829
6769
7402
7712
7701
7385
6793
5964
4946
3789
2546
1265
-6
-1228
-2367
-3394
-4289
-5035
-5620
-6036
-6276
-6337
-6213
-5905
-5410
-4732
-3880
-2865
-1709
-441
901
2272
3617
4877
5989
6891
7526
7843
7806
7396
6611
5472
4023
2325
461
-1471
-3367
-5117
-6617
-7771
-8502
-8756
-8509
-7764
-6558
-4957
-3056
-969
1172
3235
5086
6602
7685
8259
8286
7761
6719
5228
3388
1325
-818
-2896
-4762
-6286
-7360
-7907
-7887
-7299
-6183
-4616
-2707
-592
1578
3652
5478
6926
7889
8297
8116
7357
6071
4346
2303
86
-2149
-4246
-6054
-7446
-8323
-8622
-8323
-7446
-6054
-4246
-2149
86
2303
4346
6071
7357
8116
8297
7889
6926
5478
3652
1578
-592
-2707
-4616
-6183
-7299
-7887
-7907
-7360
-6286
-4762
-2896
-818
1325
3388
5228
6719
7761
8286
8259
7685
6602
5086
3235
1172
-969
-3056
-4957
-6558
-7764
-8509
-8756
-8502
-7771
-6617
-5117
-3367
-1471
461
2325
4023
5472
6611
7396
7806
7843
7526
6891
5989
4877
3617
2272
901
-441
-1709
-2865
-3880
-4732
-5410
-5905
-6213
-6337
-6276
-6036
-5620
-5035
-4289
-3394
-2367
-1228
-6
1265
2546
3789
4946
5964
6793
7385
7701
7712
7402
6769
5829
4613
3169
1559
-144
-1863
-3513
-5014
-6292
-7284
-7940
-8230
-8144
-7689
-6895
-5808
-4489
-3009
-1448
113
1601
2944
4084
4977
5596
5928
5980
5772
5336
4714
3955
3111
2230
1360
540
-198
-835
-1357
-1760
-2050
-2238
-2338
-2368
-2344
-2282
-2196
-2093
-1981
-1859
-1728
-1585
-1424
-1244
-1041
-817
-574
-317
-55
202
447
669
862
1020
1144
1236
1304
1357
1407
1467
1548
1656
1796
1964
2149
2333
2492
2597
2613
2509
2254
1825
1208
402
-579
-1706
-2934
-4200
-5433
-6552
-7472
-8113
-8402
-8281
-7712
-6683
-5209
-3335
-1133
1294
3828
6332
8661
10674
12237
13240
13596
13258
12212
10490
8164
5343
2170
-1188
-4549
-7727
-10542
-12833
-14468
-15352
-15433
-14707
-13216
-11047
-8327
-5215
-1890
1457
4638
7480
9830
11573
12631
12969
12601
11580
9999
7981
5669
3221
791
-1473
-3449
-5035
-6167
-6815
-6985
-6717
-6080
-5164
-4073
-2916
-1797
-810
-25
507
769
768
539
138
-361
-876
-1323
-1625
-1716
-1555
-1122
-425
500
1596
2781
3962
5037
5909
6487
6701
6502
5874
4827
3408
1691
-226
-2225
-4179
-5958
-7440
-8522
-9122
-9191
-8714
-7712
-6241
-4389
-2270
-15
2232
4332
6153
7582
8531
8945
8805
8128
6965
5398
3536
1504
-565
-2537
-4288
-5710
-6722
-7270
-7332
-6920
-6075
-4866
-3385
-1738
-36
1605
3084
4311
5216
5753
5903
5673
5094
4218
3114
1861
544
-751
-1950
-2984
-3802
-4369
-4668
-4702
-4485
-4050
-3437
-2692
-1865
-1004
-154
647
1373
2000
2518
2921
3212
3395
3479
3472
3380
3208
2959
2631
2222
1732
1158
505
-220
-1003
-1823
-2649
-3446
-4173
-4785
-5238
-5490
-5507
-5263
-4747
-3962
-2929
-1684
-280
1216
2728
4173
5467
6530
7292
7698
7712
7320
6531
5380
3922
2233
406
-1456
-3251
-4874
-6233
-7248
-7862
-8042
-7780
-7096
-6036
-4665
-3072
-1355
382
2035
3509
4719
5602
6117
6247
6002
5413
4537
3445
2219
950
-274
-1373
-2278
-2936
-3317
-3409
-3227
-2803
-2187
-1443
-642
141
837
1384
1734
1858
1745
1404
866
176
-602
-1402
-2150
-2773
-3210
-3410
-3339
-2984
-2354
-1479
-409
788
2034
3242
4323
5196
5788
6044
5931
5438
4579
3393
1942
309
-1409
-3112
-4691
-6045
-7085
-7739
-7957
-7718
-7024
-5910
-4434
-2678
-743
1258
3209
4994
6508
7658
8378
0
0
0
0
0
0
0
0
0
0
0
0
0
0
0
0
0
0
0
0
0
0
0
0
0
0
0
0
0
0
0
0
0
0
0
0
0
0
0
0
0
0
0
0
0
0
0
0
0
0
0
0
0
0
0
0
0
0
0
0
0
0
0
0
0
0
0
12072
11749
10799
9279
7276
4907
2309
-371
-2983
-5382
-7440
-9051
-10140
-10660
-10605
-9997
-8893
-7376
-5550
-3530
-1441
597
2477
4102
5402
6326
6855
6993
6767
6227
5437
4469
3402
2312
1266
321
-479
-1112
-1569
-1857
-1998
-2024
-1972
-1883
-1793
-1736
-1733
-1796
-1923
-2100
-2305
-2506
-2665
-2743
-2707
-2526
-2181
-1666
-988
-167
760
1749
2743
3684
4508
5159
5588
5757
5643
5239
4557
3627
2492
1212
-145
-1508
-2802
-3957
-4912
-5616
-6036
-6153
-5969
-5501
-4783
-3863
-2797
-1649
-484
634
1650
2516
3198
3673
3935
3989
3856
3563
3149
2654
2121
1588
1092
659
308
47
-124
-219
-254
-254
-246
-255
-308
-423
-614
-884
-1228
-1633
-2074
-2523
-2944
-3298
-3550
-3665
-3614
-3378
-2947
-2325
-1525
-574
486
1612
2746
3831
4805
5613
6202
6532
6573
6309
5741
4885
3773
2452
979
-574
-2138
-3633
-4986
-6129
-7002
-7560
-7773
-7629
-7132
-6307
-5194
-3850
-2341
-743
862
2397
3785
4961
5870
6474
6751
6698
6330
5680
4793
3730
2555
1339
152
-941
-1887
-2642
-3178
-3483
-3560
-3430
-3125
-2690
-2175
-1634
-1119
-676
-344
-148
-98
-191
-407
-714
-1068
-1421
-1719
-1910
-1950
-1803
-1450
-887
-128
794
1830
2917
3983
4948
5735
6274
6504
6384
5893
5031
3827
2330
613
-1233
-3107
-4899
-6501
-7813
-8749
-9244
-9258
-8779
-7825
-6445
-4710
-2717
-577
1588
3657
5513
7053
8195
8879
9077
8788
8043
6898
5432
3741
1931
114
-1606
-3134
-4393
-5325
-5898
-6104
-5960
-5504
-4792
-3894
-2885
-1843
-841
60
812
1384
1762
1951
1971
1856
1647
1391
1133
914
764
703
735
851
1030
1238
1438
1586
1643
1575
1359
988
467
-179
-912
-1681
-2424
-3076
-3572
-3856
-3883
-3626
-3079
-2259
-1206
18
1336
2653
3871
4892
5626
5999
5959
5483
4576
3276
1653
-197
-2159
-4101
-5887
-7385
-8477
-9068
-9091
-8518
-7358
-5661
-3513
-1035
1626
4311
6849
9075
10841
12023
12533
12321
11383
9760
7533
4826
1789
-1403
-4569
-7523
-10097
-12141
-13540
-14215
-14131
-13297
-11766
-9629
-7010
-4059
-940
2176
5126
7758
9945
11587
12618
13010
12767
11929
10563
8763
6636
4302
1883
-505
-2754
-4772
-6486
-7841
-8805
-9366
-9531
-9320
-8770
-7924
-6834
-5553
-4137
-2639
-1110
400
1849
3195
4402
5434
6264
6865
7217
7305
7122
6670
5958
5010
3858
2546
1128
-334
-1773
-3119
-4303
-5263
-5945
-6313
-6344
-6036
-5407
-4497
-3363
-2076
-721
614
1841
2879
3658
4130
4264
4057
3532
2733
1730
605
-544
-1623
-2535
-3199
-3550
-3548
-3181
-2466
-1450
-206
1170
2571
3881
4985
5781
6186
6144
5630
4656
3268
1546
-399
-2442
-4437
-6241
-7719
-8752
-9252
-9165
-8477
-7215
-5451
-3289
-869
1652
4107
6328
8162
9480
10188
10234
9610
8357
6558
4336
1844
-744
-3250
-5500
-7336
-8632
-9300
-9297
-8627
-7344
-5545
-3364
-964
1477
3781
5777
7318
8290
8622
8290
7318
5777
3781
1477
-964
-3364
-5545
-7344
-8627
-9297
-9300
-8632
-7336
-5500
-3250
-744
1844
4336
6558
8357
9610
10234
10188
9480
8162
6328
4107
1652
-869
-3289
-5451
-7215
-8477
-9165
-9252
-8752
-7719
-6241
-4437
-2442
-399
1546
3268
4656
5630
6144
6186
5781
4985
3881
2571
1170
-206
-1450
-2466
-3181
-3548
-3550
-3199
-2535
-1623
-544
605
1730
2733
3532
4057
4264
4130
3658
2879
1841
614
-721
-2076
-3363
-4497
-5407
-6036
-6344
-6313
-5945
-5263
-4303
-3119
-1773
-334
1128
2546
3858
5010
5958
6670
7122
7305
7217
6865
6264
5434
4402
3195
1849
400
-1110
-2639
-4137
-5553
-6834
-7924
-8770
-9320
-9531
-9366
-8805
-7841
-6486
-4772
-2754
-505
1883
4302
6636
8763
10563
11929
12767
13010
12618
11587
9945
7758
5126
2176
-940
-4059
-7010
-9629
-11766
-13297
-14131
-14215
-13540
-12141
-10097
-7523
-4569
-1403
1789
4826
7533
9760
11383
12321
12533
12023
10841
9075
6849
4311
1626
-1035
-3513
-5661
-7358
-8518
-9091
-9068
-8477
-7385
-5887
-4101
-2159
-197
1653
3276
4576
5483
5959
5999
5626
4892
3871
2653
1336
18
-1206
-2259
-3079
-3626
-3883
-3856
-3572
-3076
-2424
-1681
-912
-179
467
988
1359
1575
1643
1586
1438
1238
1030
851
735
703
764
914
1133
1391
1647
1856
1971
1951
1762
1384
812
60
-841
-1843
-2885
-3894
-4792
-5504
-5960
-6104
-5898
-5325
-4393
-3134
-1606
114
1931
3741
5432
6898
8043
8788
9077
8879
8195
7053
5513
3657
1588
-577
-2717
-4710
-6445
-7825
-8779
-9258
-9244
-8749
-7813
-6501
-4899
-3107
-1233
613
2330
3827
5031
5893
6384
6504
6274
5735
4948
3983
2917
1830
794
-128
-887
-1450
-1803
-1950
-1910
-1719
-1421
-1068
-714
-407
-191
-98
-148
-344
-676
-1119
-1634
-2175
-2690
-3125
-3430
-3560
-3483
-3178
-2642
-1887
-941
152
1339
2555
3730
4793
5680
6330
6698
6751
6474
5870
4961
3785
2397
862
-743
-2341
-3850
-5194
-6307
-7132
-7629
-7773
-7560
-7002
-6129
-4986
-3633
-2138
-574
979
2452
3773
4885
5741
6309
6573
6532
6202
5613
4805
3831
2746
1612
486
-574
-1525
-2325
-2947
-3378
-3614
-3665
-3550
-3298
-2944
-2523
-2074
-1633
-1228
-884
-614
-423
-308
-255
-246
-254
-254
-219
-124
47
308
659
1092
1588
2121
2654
3149
3563
3856
3989
3935
3673
3198
2516
1650
634
-484
-1649
-2797
-3863
-4783
-5501
-5969
-6153
-6036
-5616
-4912
-3957
-2802
-1508
-145
1212
2492
3627
4557
5239
5643
5757
5588
5159
4508
3684
2743
1749
760
-167
-988
-1666
-2181
-2526
-2707
-2743
-2665
-2506
-2305
-2100
-1923
-1796
-1733
-1736
-1793
-1883
-1972
-2024
-1998
-1857
-1569
-1112
-479
321
1266
2312
3402
4469
5437
6227
6767
6993
6855
6326
5402
4102
2477
597
-1441
-3530
-5550
-7376
-8893
-9997
-10605
-10660
-10140
-9051
-7440
-5382
-2983
-371
2309
4907
7276
9279
10799
11749
0
0
0
0
0
0
0
0
0
0
0
0
0
0
0
0
0
0
0
0
0
0
0
0
0
0
0
0
0
0
0
0
0
0
0
0
0
0
0
0
0
0
0
0
0
0
0
0
0
0
0
0
0
0
0
0
0
0
0
0
0
0
0
0
0
0
0
