0
4278
8485
12550
16402
19973
23203
26035
28419
30314
31684
32507
32766
32456
31581
30156
28203
25758
22860
19561
15917
11991
7852
3573
-771
-5106
-9352
-13436
-17284
-20829
-24006
-26759
-29038
-30801
-32015
-32660
-32720
-32196
-31094
-29434
-27244
-24563
-21439
-17925
-14087
-9991
-5712
-1327
3083
7441
11667
15683
19415
22796
25762
28259
30239
31667
32514
32764
32412
31462
29931
27847
25247
22178
18696
14865
10755
6443
2009
-2465
-6896
-11201
-15299
-19113
-22570
-25606
-28162
-30190
-31650
-32514
-32764
-32394
-31411
-29832
-27686
-25012
-21861
-18292
-14372
-10175
-5781
-1274
3259
7733
12062
16161
19951
23359
26318
28771
30668
31973
32659
32711
32127
30919
29107
26727
23823
20452
16679
12577
8226
3711
-879
-5455
-9926
-14204
-18204
-21846
-25058
-27775
-29942
-31516
-32464
-32766
-32415
-31417
-29790
-27567
-24790
-21514
-17805
-13736
-9388
-4849
-209
4437
8997
13377
17489
21248
24578
27411
29687
31359
32393
32765
32468
31507
29899
27676
24884
21579
17828
13707
9301
4700
0
-4703
-9311
-13729
-17864
-21629
-24947
-27746
-29968
-31566
-32503
-32761
-32332
-31225
-29460
-27076
-24119
-20653
-16748
-12488
-7961
-3263
1506
6246
10856
15238
19298
22949
26112
28719
30713
32051
32702
32651
31900
30461
28366
25658
22395
18646
14492
10022
5332
524
-4298
-9029
-13567
-17811
-21669
-25055
-27896
-30127
-31699
-32577
-32739
-32182
-30916
-28967
-26379
-23206
-19519
-15397
-10932
-6222
-1372
3511
8320
12945
17284
21240
24723
27655
29968
31611
32545
32748
32214
30954
28995
26381
23169
19431
15252
10724
5950
1038
-3899
-8751
-13405
-17757
-21705
-25159
-28038
-30277
-31822
-32637
-32702
-32014
-30588
-28456
-25665
-22280
-18377
-14047
-9388
-4509
477
5455
10308
14924
19194
23018
26305
28979
30974
32243
32756
32498
31476
29711
27244
24133
20449
16280
11722
6884
1880
-3170
-8148
-12935
-17416
-21484
-25041
-28000
-30291
-31856
-32659
-32677
-31909
-30373
-28105
-25157
-21600
-17520
-13013
-8189
-3163
1941
7001
11893
16499
20705
24407
27516
29953
31659
32589
32721
32049
30590
28377
25463
21921
17836
13307
8448
3377
-1780
-6896
-11843
-16499
-20746
-24479
-27603
-30040
-31727
-32621
-32699
-31957
-30413
-28105
-25088
-21439
-17247
-12618
-7668
-2522
2689
7836
12787
17416
21605
25247
28248
30530
32035
32723
32574
31592
29801
27244
23987
20112
15718
10917
5832
595
-4660
-9798
-14685
-19194
-23208
-26622
-29345
-31307
-32455
-32757
-32206
-30813
-28614
-25665
-22043
-17841
-13169
-8148
-2911
2405
7661
12717
17440
21705
25397
28419
30689
32146
32750
32483
31352
29385
26633
23169
19084
14487
9500
4255
-1105
-6439
-11603
-16457
-20870
-24723
-27911
-30346
-31961
-32712
-32578
-31559
-29684
-27001
-23582
-19519
-14922
-9916
-4636
771
6162
11386
16301
20770
24671
27896
30354
31977
32719
32558
31498
29565
26813
23317
19172
14492
9407
4058
-1405
-6833
-12073
-16978
-21411
-25247
-28377
-30713
-32188
-32760
-32410
-31148
-29007
-26047
-22351
-18021
-13179
-7961
-2516
3003
8440
13640
18454
22745
26389
29282
31340
32503
32737
32033
30409
27913
24613
20604
16000
10932
5547
0
-5550
-10942
-16021
-20637
-24657
-27963
-30458
-32068
-32745
-32468
-31244
-29107
-26118
-22364
-17952
-13013
-7689
-2137
3479
8997
14252
19090
23367
26955
29748
31662
32640
32650
31691
29790
27003
23411
19119
14256
8965
3403
-2262
-7862
-13230
-18204
-22633
-26385
-29345
-31423
-32556
-32707
-31871
-30072
-27362
-23823
-19561
-14703
-9397
-3803
1908
7565
12994
18030
22517
26318
29316
31419
32559
32702
31841
30001
27238
23635
19302
14372
8996
3339
-2422
-8112
-13553
-18577
-23026
-26761
-29667
-31650
-32648
-32629
-31591
-29565
-26615
-22829
-18327
-13249
-7752
-2009
3799
9491
14886
19815
24120
27666
30338
32052
32751
32412
31044
28690
25423
21345
16586
11295
5642
-193
-6025
-11667
-16938
-21669
-25706
-28920
-31206
-32489
-32726
-31909
-30063
-27244
-23544
-19081
-13998
-8460
-2644
3259
9060
14569
19606
24006
27626
30346
32075
32756
32366
30916
28451
25051
20827
15917
10480
4696
-1244
-7147
-12817
-18065
-22719
-26622
-29644
-31684
-32674
-32578
-31398
-29173
-25975
-21909
-17110
-11737
-5969
0
5972
11747
17130
21941
26016
29217
31436
32596
32657
31615
29504
26395
22390
17625
12260
6476
470
-5554
-11392
-16845
-21726
-25867
-29127
-31393
-32585
-32662
-31619
-29491
-26349
-22301
-17483
-12062
-6222
-166
5898
11762
17222
22088
26191
29387
31566
32648
32597
31411
29131
25835
21636
16679
11138
5205
-912
-7001
-12847
-18244
-23003
-26955
-29960
-31912
-32739
-32412
-30940
-28374
-24803
-20353
-15179
-9465
-3413
2763
8843
14612
19863
24407
28083
30758
32334
32755
32003
30103
27124
23169
18381
12929
7010
836
-5370
-11386
-16993
-21989
-26191
-29446
-31636
-32680
-32538
-31214
-28754
-25247
-20819
-15630
-9868
-3744
2518
8692
14551
19879
24480
28184
30855
32393
32739
31880
29845
26709
22585
17625
12011
5950
-333
-6607
-12639
-18204
-23094
-27128
-30152
-32055
-32763
-32248
-30528
-27666
-23767
-18976
-13473
-7461
-1167
5173
11322
17047
22132
26385
29644
31785
32724
32427
30901
28203
24435
19738
14288
8294
1981
-4409
-10635
-16457
-21654
-26025
-29402
-31656
-32697
-32485
-31027
-28377
-24634
-19943
-14481
-8460
-2109
4324
10594
16457
21686
26077
29459
31699
32710
32451
30929
28203
24378
19601
14056
7961
1552
-4919
-11201
-17047
-22227
-26537
-29806
-31906
-32751
-32307
-30590
-27666
-23648
-18696
-13002
-6791
-309
6187
12441
18204
23246
27366
30398
32222
32762
31995
29951
26709
22398
17189
11289
4935
-1619
-8112
-14281
-19879
-24678
-28486
-31147
-32552
-32643
-31416
-28917
-25247
-20553
-15023
-8882
-2378
4225
10659
16662
21989
26421
29777
31918
32756
32254
30432
27362
23169
18024
12137
5748
-879
-7473
-13762
-19485
-24407
-28323
-31070
-32533
-32650
-31414
-28875
-25136
-20353
-14721
-8475
-1874
4807
11292
17307
22602
26955
30182
32146
32765
32010
29911
26556
22083
16679
10571
4016
-2711
-9326
-15551
-21121
-25799
-29387
-31732
-32732
-32344
-30582
-27520
-23286
-18060
-12062
-5547
1206
7911
14280
20041
24947
28786
31393
32653
32513
30975
28105
24024
18906
12972
6476
-301
-7069
-13534
-19415
-24458
-28443
-31196
-32596
-32580
-31148
-28360
-24336
-19250
-13322
-6811
0
6813
13332
19269
24364
28393
31178
32594
32578
31129
28309
24241
19103
13120
6555
-301
-7147
-13680
-19609
-24671
-28641
-31340
-32648
-32505
-30916
-27948
-23735
-18460
-12360
-5706
1206
8067
14569
20421
25359
29162
31656
32728
32328
30473
27244
22786
17298
11027
4255
-2711
-9557
-15974
-21669
-26383
-29901
-32062
-32766
-31979
-29736
-26137
-21345
-15577
-9095
-2195
4807
11593
17850
23291
27666
30771
32464
32665
31362
28614
24546
19345
13249
6538
-477
-7473
-14125
-20126
-25196
-29098
-31650
-32732
-32292
-30349
-26991
-22374
-16712
-10266
-3339
3746
10659
17076
22694
27251
30530
32377
32702
31489
28793
24740
19519
13375
6597
-494
-7565
-14281
-20323
-25404
-29282
-31772
-32753
-32178
-30072
-26533
-21729
-15887
-9285
-2238
4919
11843
18204
23695
28052
31066
32589
32548
30942
27847
23411
17845
11416
4435
-2763
-9830
-16425
-22227
-26955
-30378
-32330
-32713
-31507
-28769
-24631
-19293
-13013
-6096
1120
8285
15047
21076
26077
29802
32068
32763
31850
29372
25451
20276
14101
7230
0
-7232
-14111
-20295
-25478
-29402
-31872
-32764
-32033
-29711
-25913
-20827
-14703
-7845
-595
6688
13640
19914
25196
29220
31785
32759
32093
29819
26047
20967
14832
7950
664
-6656
-13645
-19948
-25247
-29273
-31822
-32763
-32046
-29706
-25861
-20703
-14492
-7543
-209
7138
14125
20396
25629
29557
31977
32766
31880
29363
25342
20022
13674
6622
-771
-8129
-15071
-21240
-26318
-30042
-32219
-32734
-31559
-28754
-24461
-18901
-12360
-5177
2276
9615
16457
22447
27271
30678
32489
32608
31026
27825
23169
17302
10527
3199
-4298
-11573
-18244
-23960
-28419
-31387
-32705
-32302
-30198
-26501
-21406
-15179
-8148
-684
6817
13962
20369
25700
29668
32064
32757
31710
28975
24698
19103
12488
5205
-2358
-9798
-16717
-22745
-27557
-30894
-32577
-32513
-30703
-27244
-22319
-16192
-9191
-1693
5898
13175
19743
25247
29388
31941
32765
31816
29141
24884
19276
12618
5272
-2362
-9871
-16845
-22903
-27714
-31014
-32621
-32445
-30495
-26875
-21781
-15492
-8351
-749
6896
14165
20658
26016
29942
32220
32721
31417
28377
23767
17841
10926
3403
-4310
-11787
-18613
-24407
-28847
-31684
-32759
-32010
-29476
-25298
-19707
-13013
-5590
2148
9769
16845
22980
27828
31116
32659
32366
30254
26438
21133
14635
7310
-430
-8148
-15409
-21801
-26962
-30598
-32502
-32563
-30778
-27244
-22162
-15818
-8572
-836
6950
14343
20920
26305
30190
32350
32661
31103
27762
22829
16586
9388
1649
-6187
-13670
-20369
-25898
-29936
-32249
-32702
-31267
-28024
-23161
-16955
-9766
-2009
5867
13405
20168
25762
29860
32222
32709
31291
28049
23169
16936
9711
1916
-5992
-13553
-20323
-25904
-29968
-32275
-32687
-31179
-27837
-22855
-16527
-9222
-1372
6562
14111
20829
26318
30252
32397
32623
30916
27374
22206
15718
8294
373
-7571
-15067
-21669
-26980
-30683
-32556
-32483
-30469
-26631
-21197
-14492
-6916
1077
9009
16402
22811
27851
31216
32702
32218
29790
25564
19793
12824
5078
-2978
-10856
-18080
-24210
-28873
-31785
-32766
-31757
-28816
-24119
-17952
-10689
-2772
5316
13083
20053
25799
29968
32304
32662
31017
27469
22233
15630
8064
0
-8067
-15639
-22251
-27492
-31038
-32669
-32282
-29899
-25665
-19840
-12785
-4935
3223
11185
18454
24578
29176
31960
32754
31507
28295
23317
16881
9388
1306
-6859
-14599
-21426
-26913
-30713
-32587
-32415
-30206
-26096
-20343
-13307
-5431
2789
10837
18204
24423
29100
31937
32755
31498
28244
23199
16679
9099
938
-7285
-15047
-21854
-27271
-30951
-32659
-32282
-29844
-25497
-19519
-12290
-4271
4023
12062
19330
25359
29762
32252
32670
30984
27303
21861
15008
7184
-1105
-9326
-16947
-23474
-28484
-31650
-32766
-31757
-28687
-23753
-17274
-9670
-1435
6896
14781
21705
27215
30951
32666
32248
29720
25247
19119
11737
3583
-4807
-12886
-20121
-26035
-30239
-32455
-32534
-30469
-26395
-20578
-13400
-5336
3083
11302
18775
25007
29584
32200
32681
30992
27244
21684
14679
6695
-1736
-10055
-17706
-24178
-29038
-31959
-32744
-31340
-27837
-22468
-15592
-7668
771
9163
16942
23583
28641
31772
32764
31548
28203
22955
16155
8261
-193
-8637
-16499
-23246
-28419
-31667
-32766
-31641
-28366
-23161
-16378
-8479
0
8482
16388
23178
28387
31659
32766
31633
28334
23092
16267
8323
-193
-8699
-16610
-23382
-28547
-31748
-32764
-31521
-28105
-22748
-15818
-7793
771
9287
17161
23850
28887
31923
32744
31292
27666
22114
15023
6884
-1736
-10238
-18030
-24565
-29387
-32158
-32681
-30919
-26991
-21173
-13868
-5590
3083
11543
19194
25499
30012
32414
32534
30361
26047
19895
12336
3903
-4807
-13181
-20625
-26610
-30711
-32637
-32248
-29569
-24790
-18247
-10405
-1820
6896
15124
22277
27843
31423
32760
31757
28483
23169
16196
8060
-655
-9326
-17331
-24094
-29127
-32068
-32703
-30984
-27033
-21133
-13707
-5289
3511
12062
19743
25999
30374
32552
32371
29844
25150
18630
10754
2094
-6719
-15047
-22282
-27896
-31478
-32765
-31661
-28244
-22763
-15616
-7324
1506
10228
18204
24847
29668
32313
32585
30461
26096
19809
12062
3423
-5469
-13962
-21426
-27310
-31178
-32740
-31881
-28661
-23317
-16242
-7961
912
9721
17811
24578
29519
32265
32608
30520
26157
19840
12041
3339
-5613
-14150
-21629
-27492
-31296
-32755
-31758
-28377
-22863
-15630
-7219
1736
10564
18599
25234
29968
32443
32468
30041
25342
18725
10689
1842
-7147
-15598
-22868
-28404
-31785
-32751
-31227
-27327
-21345
-13736
-5078
3969
12717
20496
26712
30887
32702
32014
28875
23522
16364
7950
-1077
-10024
-18204
-24986
-29848
-32414
-32483
-30050
-25298
-18593
-10451
-1499
7571
16058
23305
28750
31969
32711
30916
26720
20449
12587
3744
-5391
-14111
-21734
-27666
-31442
-32766
-31533
-27837
-21964
-14372
-5653
3510
12401
20323
26654
30894
32710
31957
28692
23169
15822
7226
-1941
-10958
-19113
-25762
-30378
-32596
-32237
-29328
-24096
-16955
-8469
691
9799
18132
25028
29936
32465
32412
29778
24772
17791
9388
234
-8940
-17404
-24479
-29598
-32350
-32513
-30072
-25219
-18342
-9991
-836
8388
16942
24135
29387
32275
32563
30226
25451
18620
10283
1113
-8148
-16754
-24006
-29316
-32252
-32574
-30254
-25477
-18630
-10266
-1066
8222
16845
24098
29390
32286
32549
30156
25298
18372
9941
695
-8610
-17213
-24407
-29603
-32371
-32482
-29925
-24908
-17841
-9305
0
9307
17850
24924
29942
32491
32356
29546
24293
17028
8351
-1019
-10308
-18745
-25629
-30386
-32621
-32145
-28995
-23432
-15917
-7073
2362
11603
19879
26497
30903
32728
31816
28241
22301
14491
5464
-4023
-13175
-21224
-27492
-31451
-32766
-31324
-27244
-20868
-12732
-3519
5992
15001
22745
28568
31977
32682
30619
25962
19103
10622
1238
-8253
-17047
-24394
-29668
-32420
-32412
-29643
-24347
-16973
-8148
1373
10781
19269
26112
30723
32705
31886
28334
22351
14449
5304
-4298
-13534
-21608
-27826
-31650
-32749
-31026
-26627
-19930
-11510
-2094
7504
16457
23989
29446
32355
32460
29752
24461
17046
8148
-1459
-10942
-19477
-26318
-30870
-32732
-31742
-27983
-21780
-13674
-4371
5316
14541
22496
28484
31977
32669
30495
25645
18541
9807
209
-9410
-18204
-25397
-30356
-32640
-32046
-28625
-22675
-14721
-5464
4278
13645
21806
28038
31787
32719
30748
26047
19032
10324
695
-8997
-17892
-25196
-30256
-32621
-32077
-28669
-22701
-14703
-5389
4409
13816
21989
28193
31872
32694
30582
25725
18555
9715
0
-9718
-18563
-25739
-30598
-32699
-31850
-28126
-21861
-13619
-4144
5708
15047
23026
28920
32194
32549
29951
24631
17073
7961
-1876
-11547
-20168
-26955
-31287
-32766
-31257
-26894
-20073
-11416
-1713
8148
17267
24807
30076
32589
32113
28690
22632
14492
5018
-4919
-14407
-22570
-28657
-32104
-32591
-30072
-24775
-17189
-8012
1907
11653
20323
27113
31393
32763
31094
26539
19519
10683
852
-9060
-18132
-25519
-30530
-32697
-31816
-27965
-21503
-13031
-3339
6667
16052
23938
29584
32459
32292
29097
23169
15065
5543
-4501
-14125
-22423
-28612
-32108
-32578
-29977
-24546
-16798
-7461
2582
12385
21019
27666
31694
32721
30647
25665
18247
9095
-923
-10856
-19760
-26786
-31264
-32766
-31146
-26556
-19431
-10451
-470
9557
18675
26008
30855
32749
31507
27244
20368
11537
1595
-8501
-17784
-25359
-30497
-32702
-31758
-27754
-21074
-12360
-2451
7696
17103
24860
30215
32648
31922
28105
21563
12929
3039
-7147
-16643
-24525
-30025
-32607
-32016
-28309
-21844
-13249
-3359
6859
16412
24364
29939
32588
32050
28377
21924
13322
3413
-6833
-16412
-24382
-29960
-32596
-32028
-28309
-21804
-13150
-3199
7069
16643
24578
30089
32630
31946
28105
21482
12732
2719
-7565
-17103
-24947
-30318
-32680
-31797
-27754
-20951
-12062
-1970
8320
17784
25478
30633
32732
31565
27244
20200
11134
952
-9326
-18675
-26154
-31014
-32765
-31228
-26556
-19215
-9941
333
10578
19760
26955
31436
32749
30759
25665
17979
8475
-1887
-12062
-21019
-27851
-31864
-32650
-30126
-24546
-16475
-6728
3703
13762
22423
28806
32258
32427
29291
23169
14683
4696
-5772
-15653
-23938
-29777
-32571
-32033
-28214
-21503
-12587
-2378
8077
17706
25519
30711
32748
31416
26850
19519
10175
-219
-10594
-19879
-27113
-31549
-32726
-30520
-25157
-17189
-7439
3083
13289
22119
28657
32222
32441
29289
23092
14492
4381
-6187
-16114
-24364
-30076
-32652
-31820
-27666
-20619
-11416
-1017
9491
19008
26537
31287
32757
30792
25595
17709
7961
-2625
-12939
-21894
-28547
-32194
-32451
-29286
-23032
-14346
-4144
6498
16457
24678
30291
32699
31644
27238
19943
10531
0
-10533
-19951
-27251
-31656
-32694
-30254
-24592
-16309
-6286
4409
14637
23305
29487
32519
32077
28203
21312
12137
1660
-8997
-18692
-26385
-31248
-32757
-30748
-25434
-17383
-7461
3266
13645
22556
29038
32390
32248
28625
21909
12824
2351
-8378
-18204
-26061
-31098
-32765
-30880
-25645
-17625
-7689
3083
13524
22496
29023
32393
32235
28565
21780
12618
2077
-8692
-18516
-26318
-31245
-32755
-30681
-25247
-17046
-6975
3863
14280
23132
29446
32527
32033
28015
20915
11510
836
-9932
-19609
-27125
-31650
-32682
-30103
-24198
-15616
-5304
5596
15880
24407
30232
32705
31550
26894
19250
9465
-1373
-12062
-21411
-28379
-32188
-32412
-29022
-22395
-13267
-2656
8253
18244
26197
31222
32754
30619
25054
16679
6433
-4537
-15001
-23783
-29895
-32648
-31731
-27244
-19690
-9916
976
11762
21224
28293
32170
32415
28997
22301
13080
2378
-8595
-18599
-26497
-31393
-32729
-30352
-24528
-15917
-5494
5554
15974
24578
30386
32734
31352
26395
18425
8351
-2679
-13405
-22602
-29217
-32491
-32046
-27932
-20616
-10936
0
10939
20625
27944
32055
32482
29173
22507
13249
2462
-8610
-18692
-26622
-31481
-32707
-30156
-24119
-15293
-4696
6446
16845
25296
30817
32766
30916
25477
17079
6695
-4468
-15115
-24006
-30106
-32702
-31489
-26606
-18620
-8460
2689
13528
22788
29387
32552
31909
27532
19930
9991
-1120
-12103
-21669
-28693
-32350
-32208
-28280
-21025
-11295
-234
10856
20671
28052
32127
32412
28871
21921
12379
1372
-9799
-19815
-27487
-31906
-32545
-29328
-22632
-13249
-2291
8940
19113
27016
31708
32629
29666
23169
13911
2992
-8285
-18577
-26654
-31549
-32677
-29899
-23544
-14372
-3477
7836
18214
26411
31442
32702
30037
23764
14635
3744
-7598
-18030
-26293
-31393
-32711
-30086
-23833
-14703
-3796
7571
18026
26305
31405
32707
30050
23753
14577
3632
-7754
-18204
-26446
-31479
-32688
-29925
-23522
-14256
-3253
8148
18560
26712
31608
32650
29706
23135
13736
2656
-8751
-19090
-27095
-31785
-32581
-29385
-22585
-13013
-1842
9557
19786
27585
31994
32468
28947
21861
12081
809
-10564
-20637
-28166
-32219
-32293
-28377
-20951
-10932
440
11762
21629
28819
32437
32033
27653
19840
9561
-1907
-13142
-22745
-29519
-32621
-31661
-26755
-18514
-7961
3586
14689
23960
30239
32740
31148
25658
16955
6128
-5469
-16384
-25247
-30944
-32759
-30461
-24336
-15151
-4058
7546
18204
26572
31595
32638
29565
22763
13087
1756
-9798
-20118
-27896
-32148
-32332
-28424
-20915
-10754
771
12203
22088
29171
32552
31797
27001
18769
8148
-3511
-14727
-24069
-30346
-32754
-30984
-25260
-16309
-5272
6439
17331
26008
31359
32696
29845
23169
13521
2137
-9523
-19964
-27843
-32146
-32318
-28334
-20703
-10405
1234
12717
22564
29503
32637
31559
26407
17841
6968
-4807
-15965
-25058
-30909
-32757
-30361
-24028
-14577
-3233
8533
19194
27364
31977
32433
28669
21173
10917
-762
-12345
-22321
-29387
-32619
-31592
-26438
-17828
-6884
4961
16161
25247
31028
32744
30168
23635
13998
2522
-9287
-19879
-27860
-32179
-32265
-28105
-20242
-9711
2101
13640
23382
30040
32733
31103
25362
16267
5018
-6896
-17901
-26537
-31659
-32585
-29190
-21921
-11741
0
11743
21929
29201
32589
31641
26480
17791
6728
-5233
-16499
-25566
-31222
-32709
-29826
-22955
-13013
-1327
10537
20994
28641
32450
31909
27088
18630
7668
-4324
-15739
-25041
-30976
-32744
-30105
-23411
-13561
-1880
10055
20637
28436
32397
31982
27244
18822
7852
-4182
-15653
-25007
-30974
-32743
-30072
-23319
-13400
-1660
10308
20879
28612
32455
31881
26966
18377
7282
-4807
-16245
-25468
-31216
-32702
-29720
-22675
-12528
-664
11292
21705
29147
32596
31576
26225
17274
5950
-6193
-17489
-26383
-31650
-32564
-28995
-21433
-10917
1105
12978
23064
29968
32737
30984
24950
15465
3839
-8320
-19330
-27666
-32170
-32217
-27796
-19519
-8531
3643
15314
24860
30951
32739
29972
23032
12884
938
-11141
-21669
-29176
-32613
-31498
-25982
-16835
-5332
6918
18204
26944
31912
32410
28366
20343
9465
-2743
-14569
-24351
-30713
-32759
-30198
-23387
-13283
-1306
10856
21492
29100
32604
31507
25962
16748
5166
-7147
-18454
-27152
-32008
-32332
-28076
-19840
-8789
3510
15314
24947
31038
32720
29752
22551
12140
0
-12143
-22559
-29762
-32723
-31017
-24884
-15198
-3339
8998
20053
28242
32393
31908
26854
17952
6476
-5930
-17489
-26541
-31785
-32465
-28481
-20402
-9388
2978
14918
24714
30951
32730
29790
22554
12062
-172
-12385
-22811
-29942
-32746
-30813
-24421
-14492
-2462
9926
20879
28806
32556
31581
26021
16679
4912
-7571
-18956
-27585
-32200
-32127
-27374
-18630
-7167
5342
17076
26318
31719
32485
28504
20353
9222
-3259
-15267
-25041
-31147
-32687
-29434
-21861
-11077
1334
13553
23783
30517
32764
30189
23169
12736
423
-11953
-22570
-29860
-32743
-30792
-24293
-14202
-2009
10483
21426
29201
32652
31267
25247
15482
3419
-9153
-20369
-28563
-32514
-31633
-26047
-16586
-4654
7973
19415
27967
32350
31910
26709
17520
5712
-6950
-18577
-27428
-32179
-32116
-27244
-18292
-6597
6088
17864
26962
32015
32263
27666
18910
7310
-5391
-17284
-26579
-31872
-32366
-27983
-19380
-7852
4862
16845
26287
31760
32433
28203
19707
8226
-4501
-16550
-26094
-31684
-32472
-28334
-19895
-8434
4310
16402
26003
31651
32486
28377
19946
8475
-4288
-16402
-26016
-31662
-32478
-28334
-19861
-8351
4437
16550
26133
31717
32445
28203
19638
8060
-4756
-16845
-26351
-31812
-32386
-27983
-19276
-7602
5243
17284
26666
31941
32293
27666
18769
6975
-5898
-17864
-27071
-32095
-32157
-27244
-18113
-6176
6719
18577
27557
32265
31968
26709
17302
5205
-7702
-19415
-28111
-32434
-31710
-26047
-16326
-4058
8843
20369
28719
32588
31368
25247
15179
2736
-10137
-21426
-29364
-32705
-30922
-24293
-13853
-1238
11573
22570
30025
32764
30353
23169
12339
-434
-13142
-23783
-30678
-32739
-29638
-21861
-10632
2276
14829
25041
31296
32604
28754
20353
8727
-4282
-16616
-26318
-31849
-32328
-27676
-18630
-6622
6439
18480
27585
32302
31880
26381
16679
4318
-8734
-20396
-28806
-32620
-31227
-24845
-14492
-1820
11144
22329
29942
32763
30335
23047
12062
-859
-13645
-24243
-30951
-32688
-29173
-20967
-9388
3703
16202
26094
31785
32354
27709
18593
6476
-6688
-18775
-27832
-32393
-31718
-25913
-15915
-3339
9779
21317
29402
32723
30737
23764
12933
0
-12935
-23772
-30745
-32720
-29372
-21243
-9654
3510
16105
26077
31798
32332
27590
18342
6096
-7147
-19226
-28162
-32493
-31507
-25362
-15061
-2291
10856
22227
29953
32765
30198
22670
11416
-1716
-14569
-25028
-31370
-32548
-28366
-19509
-7435
5867
18204
27539
32330
31782
25982
15887
3163
-10086
-21669
-29667
-32753
-30413
-23032
-11831
1334
14281
24860
31312
32563
28403
19519
7387
-5976
-18347
-27666
-32377
-31693
-25725
-15465
-2622
10659
22164
29968
32766
30086
22374
10917
-2369
-15261
-25599
-31650
-32396
-27709
-18372
-5950
7473
19643
28516
32596
31195
24546
13765
664
-12550
-23653
-30771
-32702
-29116
-20616
-8634
4807
17440
27128
32230
31881
26137
15968
3092
-10308
-21966
-29901
-32766
-30072
-22272
-10689
2711
15653
25937
31812
32275
27244
17574
4908
-8595
-20637
-29162
-32712
-30681
-23411
-12140
1206
14349
25041
31451
32480
27948
18630
6117
-7445
-19735
-28641
-32634
-31026
-24089
-13013
301
13567
24501
31222
32570
28309
19172
6728
-6876
-19298
-28393
-32589
-31159
-24347
-13326
0
13328
24354
31166
32585
28360
19220
6748
-6896
-19347
-28443
-32604
-31103
-24198
-13087
301
13640
24608
31294
32533
28105
18778
6176
-7504
-19879
-28786
-32669
-30847
-23635
-12290
1206
14493
25247
31583
32389
27520
17828
5008
-8692
-20870
-29387
-32745
-30352
-22624
-10917
2711
15865
26229
31977
32094
26556
16335
3233
-10442
-22277
-30182
-32757
-29546
-21112
-8944
4807
17712
27483
32390
31559
25136
14256
845
-12717
-24026
-31070
-32598
-28334
-19032
-6345
7473
19964
28903
32697
30666
23169
11540
-2148
-15456
-26008
-31918
-32127
-26596
-16309
-3103
10659
22517
30346
32741
29270
20553
8148
-5719
-18563
-28078
-32552
-31179
-24202
-12874
771
14281
25223
31625
32332
27214
17189
4062
-9798
-21894
-30040
-32762
-29565
-21025
-8682
5233
18204
27882
32514
31257
24336
13002
-691
-14262
-25247
-31650
-32307
-27094
-16955
-3732
10171
22227
30239
32747
29289
20494
7961
-6025
-18915
-28356
-32621
-30929
-23586
-11931
1907
15400
26077
31982
32033
26215
15592
2109
-11762
-23479
-30889
-32629
-28377
-18910
-5966
8077
20637
29402
32756
30080
21861
9613
-4409
-17621
-27585
-32459
-31342
-24435
-13013
816
14497
25499
31785
32188
26631
16140
2656
-11322
-23203
-30782
-32650
-28456
-18976
-5969
8148
20755
29503
32763
29925
21514
9095
-5021
-18204
-27995
-32564
-31058
-23753
-12011
1977
15598
26305
32095
31880
25698
14703
952
-12978
-24480
-31393
-32418
-27360
-17165
-3744
10381
22559
30497
32702
28754
19394
6380
-7836
-20580
-29446
-32762
-29899
-21393
-8847
5370
18577
28275
32630
30814
23169
11138
-3003
-16579
-27016
-32334
-31523
-24733
-13249
751
14612
25700
31906
32048
26096
15179
1372
-12698
-24354
-31371
-32412
-27273
-16932
-3359
10856
23003
30758
32638
28280
18514
5205
-9101
-21669
-30089
-32747
-29131
-19930
-6905
7445
20371
29387
32762
29844
21189
8460
-5898
-19125
-28673
-32702
-30433
-22301
-9868
4468
17946
27963
32585
30916
23274
11134
-3159
-16845
-27275
-32428
-31305
-24119
-12260
1977
15833
26622
32247
31615
24845
13249
-923
-14918
-26016
-32055
-31858
-25461
-14105
0
14107
25468
31864
32046
25975
14832
792
-13405
-24986
-31684
-32188
-26395
-15435
-1452
12817
24578
31525
32292
26727
15917
1981
-12345
-24250
-31393
-32366
-26976
-16280
-2378
11993
24006
31293
32415
27148
16527
2644
-11762
-23850
-31230
-32442
-27244
-16660
-2779
11653
23783
31206
32451
27267
16679
2783
-11667
-23806
-31222
-32441
-27217
-16586
-2656
11803
23919
31277
32412
27094
16378
2398
-12062
-24120
-31370
-32361
-26894
-16056
-2009
12441
24407
31496
32285
26615
15616
1488
-12939
-24777
-31650
-32178
-26251
-15055
-836
13553
25223
31826
32033
25797
14372
52
-14280
-25739
-32015
-31841
-25247
-13561
863
15115
26318
32208
31592
24592
12618
-1908
-16052
-26950
-32393
-31276
-23823
-11540
3083
17085
27622
32556
30880
22932
10324
-4384
-18204
-28323
-32682
-30389
-21909
-8965
5807
19399
29038
32755
29790
20744
7461
-7347
-20658
-29748
-32757
-29067
-19428
-5811
8997
21966
30436
32669
28203
17952
4016
-10746
-23305
-31079
-32468
-27184
-16309
-2077
12583
24657
31656
32135
25992
14491
0
-14493
-25999
-32139
-31644
-24613
-12494
2208
16457
27304
32503
30975
23032
10317
-4537
-18454
-28547
-32719
-30103
-21238
-7961
6971
20458
29694
32757
29007
19220
5431
-9491
-22439
-30713
-32587
-27666
-16973
-2736
12073
24364
31568
32177
26060
14492
-108
-14689
-26197
-32222
-31498
-24174
-11781
3083
17304
27896
32634
30520
21996
8847
-6162
-19879
-29416
-32766
-29219
-19519
-5706
9311
22368
30711
32578
27570
16743
2378
-12491
-24723
-31732
-32033
-25558
-13674
1105
15653
26888
32428
31095
23169
10328
-4707
-18745
-28806
-32750
-29736
-20402
-6728
8378
21705
30414
32650
27932
17262
2911
-12062
-24465
-31651
-32083
-25665
-13765
1077
15692
26955
32455
31012
22932
9941
-5180
-19194
-29098
-32765
-29406
-19738
-5832
9326
22486
30817
32526
27244
16102
1495
-13436
-25478
-32035
-31693
-24521
-12062
2999
17416
28078
32680
30226
21243
7668
-7565
-21167
-30192
-32685
-28105
-17438
-2992
12103
24578
31727
31995
25321
13150
-1876
-16499
-27539
-32596
-30567
-21889
-8448
6833
20630
29936
32722
28377
17845
3419
-11753
-24364
-31659
-32040
-25423
-13249
1823
16499
27568
32607
30508
21729
8189
-7147
-20920
-30108
-32693
-28105
-17347
-2779
12401
24860
31856
31850
24838
12360
-2839
-17416
-28160
-32702
-30037
-20749
-6884
8501
22013
30668
32552
27244
15915
1066
-14020
-26008
-32243
-31342
-23500
-10451
4915
19194
29220
32766
29042
18871
4509
-10856
-23813
-31479
-32147
-25665
-13473
1720
16533
27666
32637
30335
21271
7461
-8015
-21705
-30552
-32578
-27327
-15968
-1038
14125
26133
32294
31228
23169
9920
-5554
-19786
-29584
-32748
-28565
-17970
-3339
12043
24723
31849
31816
24627
11897
-3511
-18132
-28673
-32755
-29458
-19519
-5177
10334
23516
31393
32182
25702
13414
-1907
-16800
-27896
-32682
-30072
-20653
-6555
9029
22570
30997
32395
26445
14492
-751
-15827
-27310
-32589
-30461
-21406
-7481
8148
21926
30713
32507
26894
15151
-48
-15238
-26955
-32522
-30664
-21804
-7961
7702
21608
30575
32549
27076
15403
202
-15047
-26852
-32503
-30703
-21861
-8002
7696
21629
30598
32538
27001
15255
0
-15257
-27007
-32541
-30582
-21579
-7602
8129
21989
30779
32468
26664
14703
-655
-15865
-27411
-32621
-30288
-20948
-6758
8997
22672
31098
32318
26047
13736
-1763
-16855
-28038
-32713
-29790
-19946
-5464
10289
23653
31516
32046
25116
12336
-3319
-18204
-28847
-32766
-29042
-18541
-3711
11987
24889
31977
31593
23823
10480
-5316
-19871
-29777
-32711
-27983
-16697
-1495
14059
26318
32404
30885
22114
8148
-7733
-21801
-30745
-32460
-26539
-14372
1180
16457
27860
32699
29832
19930
5325
-10537
-23916
-31650
-31910
-24631
-11530
4298
19113
29409
32747
28334
17210
2009
-13670
-26112
-32365
-30942
-22178
-8148
7817
21929
30833
32412
26285
13907
-1780
-17047
-28259
-32743
-29429
-19103
-4222
11667
24777
31977
31548
23586
9991
-5992
-20546
-30192
-32619
-27244
-15350
219
15739
27492
32660
30001
20149
5464
-10533
-24006
-31719
-31816
-24270
-10892
5106
19879
29873
32681
27625
15917
373
-15261
-27221
-32621
-30156
-20416
-5748
10308
23879
31684
31836
24293
10875
-5173
-19973
-29942
-32665
-27477
-15633
0
15636
27483
32666
29925
19920
5078
-10999
-24407
-31886
-31615
-23656
-9941
6193
20824
30386
32549
26782
14487
-1341
-16845
-28242
-32749
-29262
-18630
-3445
12583
25539
32252
31078
22301
8064
-8148
-22368
-31111
-32231
-25451
-12429
3643
18824
29387
32737
28047
16465
836
-15001
-27152
-32625
-30072
-20115
-5205
10989
24479
31937
31523
23335
9388
-6876
-21447
-30723
-32412
-26092
-13322
2743
18132
29038
32759
28371
16955
1338
-14612
-26944
-32596
-30164
-20247
-5304
10958
24501
31960
31477
23169
9099
-7236
-21774
-30894
-32323
-25702
-12676
3510
18824
29446
32724
27837
16000
166
-15711
-27666
-32707
-29572
-19041
-3744
12491
25602
32304
30916
21780
7184
-9215
-23305
-31551
-31880
-24205
-10451
5930
20824
30486
32483
26311
13518
-2679
-18204
-29147
-32749
-28098
-16364
-502
15488
27574
32702
29574
18976
3583
-12717
-25806
-32371
-30748
-21345
-6538
9926
23879
31785
31636
23467
9346
-7147
-21830
-30974
-32254
-25342
-11991
4409
19692
29968
32623
26976
14462
-1736
-17495
-28798
-32764
-28377
-16752
-852
15267
27492
32699
29554
18857
3339
-13034
-26077
-32450
-30520
-20777
-5712
10817
24578
32042
31291
22515
7961
-8637
-23021
-31496
-31881
-24075
-10079
6509
21426
30833
32307
25463
12062
-4448
-19815
-30076
-32585
-26689
-13907
2465
18204
29244
32732
27762
15616
-569
-16610
-28356
-32765
-28692
-17189
-1231
15047
27428
32699
29490
18630
2932
-13528
-26478
-32552
-30168
-19943
-4530
12062
25519
32337
30737
21133
6022
-10659
-24565
-32068
-31208
-22206
-7407
9326
23628
31760
31593
23169
8686
-8070
-22719
-31423
-31903
-24028
-9858
6896
21846
31070
32147
24790
10926
-5807
-21019
-30711
-32336
-25461
-11891
4807
20244
30356
32478
26047
12755
-3899
-19528
-30012
-32581
-26556
-13521
3083
18877
29687
32654
26991
14192
-2362
-18294
-29387
-32703
-27360
-14769
1736
17784
29119
32734
27666
15255
-1206
-17349
-28887
-32752
-27913
-15652
771
16993
28695
32761
28105
15962
-434
-16717
-28547
-32765
-28244
-16186
193
16523
28443
32766
28334
16326
-48
-16412
-28387
-32766
-28374
-16382
0
0
0
0
0
0
0
0
0
0
0
0
0
0
0
0
0
0
0
0
0
0
0
0
0
0
0
0
0
0
0
0
0
0
0
0
0
0
0
0
0
0
0
0
0
0
0
0
0
0
0
0
0
0
0
0
0
0
0
0
0
0
0
0
0
0
0
0
0
0
0
0
0
0
0
0
0
0
0
0
0
0
0
0
0
0
0
0
0
0
0
0
0
0
0
0
0
0
0
0
0
0
0
0
0
0
0
0
0
0
0
0
0
0
0
0
0
0
0
0
0
0
0
0
0
0
0
0
0
0
0
0
0
0
0
0
0
0
0
0
0
0
0
0
0
0
0
0
0
0
0
0
0
0
0
0
0
0
0
0
0
0
0
0
0
0
0
0
0
0
0
0
0
0
0
0
0
0
0
0
0
0
0
0
0
0
0
0
0
0
0
0
0
0
0
0
0
0
0
0
0
0
0
0
0
0
0
0
0
0
0
0
0
0
0
0
0
0
0
0
0
0
0
0
0
0
0
0
0
0
0
0
0
0
0
0
0
0
0
0
0
0
0
0
0
0
0
0
0
0
0
0
0
0
0
0
0
0
0
0
0
0
0
0
0
0
0
0
0
0
0
0
0
0
0
0
0
0
0
0
0
0
0
0
0
0
0
0
0
0
0
0
0
0
0
0
0
0
0
0
0
0
0
0
0
0
0
0
0
0
0
0
0
0
0
0
0
0
0
0
0
0
0
0
0
0
0
0
0
0
0
0
0
0
0
0
0
0
0
0
0
0
0
0
0
0
0
0
0
0
0
0
0
0
0
0
0
0
0
0
0
0
0
0
0
0
0
0
0
0
0
0
0
0
0
0
0
0
0
0
0
0
0
0
0
0
0
0
0
0
0
0
0
0
0
0
0
0
0
0
0
0
0
0
0
0
0
0
0
0
0
0
0
0
0
0
0
0
0
0
0
0
0
0
0
0
0
0
0
0
0
0
0
0
0
0
0
0
0
0
0
0
0
0
0
0
0
0
0
0
0
0
0
0
0
0
0
0
0
0
0
0
0
0
0
0
0
0
0
0
0
0
0
0
0
0
0
0
0
0
0
0
0
0
0
0
0
0
0
0
0
0
0
0
0
0
0
0
0
0
0
0
0
0
0
0
0
0
0
0
0
0
0
0
0
0
0
0
0
0
0
0
0
0
0
0
0
0
0
0
0
0
0
0
0
0
0
0
0
0
0
0
0
0
0
0
0
0
0
0
0
0
0
0
0
0
0
0
0
0
0
0
0
0
0
0
0
0
0
0
0
0
0
0
0
0
0
0
0
0
0
0
0
0
0
0
0
0
0
0
0
0
0
0
0
0
0
0
0
0
0
0
0
0
0
0
0
0
0
0
0
0
0
0
0
0
0
0
0
0
0
0
0
0
0
0
0
0
0
0
0
0
0
0
0
0
0
0
0
0
0
0
0
0
0
0
0
0
0
0
0
0
0
0
0
0
0
0
0
0
0
0
0
0
0
0
0
0
0
0
0
0
0
0
0
0
0
0
0
0
0
0
0
0
0
0
0
0
0
0
0
0
0
0
0
0
0
0
0
0
0
0
0
0
0
0
0
0
0
0
0
0
0
0
0
0
0
0
0
0
0
0
0
0
0
0
0
0
0
0
0
0
0
0
0
0
0
0
0
0
0
0
0
0
0
0
0
0
0
0
0
0
0
0
0
0
0
0
0
0
0
0
0
0
0
0
0
0
0
0
0
0
0
0
0
0
0
0
0
0
0
0
0
0
0
0
0
0
0
0
0
0
0
0
0
0
0
0
0
0
0
0
0
0
0
0
0
0
0
0
0
0
0
0
0
0
0
0
0
0
0
0
0
0
0
0
0
0
0
0
0
0
0
0
0
0
0
0
0
0
0
0
0
0
0
0
0
0
0
0
0
0
0
0
0
0
0
0
0
0
0
0
0
0
0
0
0
0
0
0
0
0
0
0
0
0
0
0
0
0
0
0
0
0
0
0
0
0
0
0
0
0
0
0
0
0
0
0
0
0
0
0
0
0
0
0
0
0
0
0
0
0
0
0
0
0
0
0
0
0
0
0
0
0
0
0
0
0
0
0
0
0
0
0
0
0
0
0
0
0
0
0
0
0
0
0
0
0
0
0
0
0
0
0
0
0
0
0
0
0
19660
19299
18230
16492
14148
11284
8004
4429
690
-3076
-6733
-10146
-13190
-15754
-17743
-19083
-19726
-19648
-18849
-17360
-15232
-12545
-9394
-5894
-2173
1633
5388
8953
12198
15004
17270
18911
19867
20101
19605
18395
16514
14029
11029
7622
3931
89
-3765
-7492
-10957
-14035
-16612
-18596
-19914
-20517
-20383
-19515
-17942
-15721
-12931
-9670
-6055
-2215
1711
5585
9267
12626
15540
17904
19635
20669
20969
20523
19347
17482
14993
11969
8517
4758
827
-3136
-6994
-10608
-13851
-16608
-18782
-20295
-21095
-21154
-20469
-19066
-16994
-14327
-11158
-7600
-3777
175
4119
7916
11434
14551
17157
19162
20499
21122
21010
20170
18632
16452
13707
10495
6928
3131
-762
-4619
-8305
-11692
-14666
-17125
-18986
-20189
-20693
-20486
-19578
-18004
-15821
-13108
-9961
-6490
-2816
932
4627
8144
11361
14173
16484
18221
19328
19772
19543
18655
17143
15064
12493
9522
6255
2805
-707
-4164
-7449
-10453
-13076
-15236
-16863
-17909
-18345
-18163
-17378
-16022
-14147
-11825
-9136
-6178
-3052
135
3276
6267
9010
11418
13414
14940
15952
16423
16348
15737
14620
13043
11064
8757
6203
3491
713
-2037
-4673
-7108
-9267
-11086
-12511
-13505
-14045
-14122
-13745
-12936
-11730
-10177
-8334
-6268
-4050
-1755
540
2763
4845
6724
8345
9664
10648
11275
11536
11433
10981
10204
9137
7822
6307
4646
2895
1109
-653
-2343
-3909
-5311
-6510
-7480
-8200
-8659
-8853
-8786
-8472
-7930
-7183
-6262
-5201
-4033
-2797
-1529
-265
961
2119
3181
4125
4930
5584
6075
6401
6559
6553
6390
6080
5637
5074
4408
3657
2840
1975
1082
178
-717
-1588
-2417
-3189
-3889
-4503
-5020
-5429
-5722
-5889
-5928
-5833
-5604
-5243
-4753
-4142
-3419
-2596
-1691
-720
293
1329
2360
3360
4303
5161
5909
6521
6976
7255
7344
7232
6915
6393
5675
4773
3707
2503
1190
-195
-1615
-3028
-4391
-5661
-6797
-7759
-8514
-9030
-9287
-9267
-8965
-8381
-7526
-6420
-5091
-3574
-1914
-158
1638
3421
5134
6720
8126
9304
10211
10814
11086
11014
10593
9830
8743
7363
5729
3889
1899
-179
-2279
-4335
-6279
-8047
-9579
-10824
-11737
-12285
-12446
-12210
-11582
-10577
-9224
-7564
-5648
-3535
-1292
1007
3291
5486
7518
9321
10836
12011
12806
13195
13161
12706
11840
10592
9000
7115
4997
2714
340
-2048
-4374
-6562
-8541
-10247
-11625
-12630
-13230
-13406
-13152
-12479
-11407
-9974
-8225
-6218
-4019
-1699
665
3000
5229
7281
9091
10603
11769
12555
12937
12906
12466
11634
10440
8925
7140
5144
3003
786
-1433
-3587
-5608
-7431
-9002
-10274
-11209
-11784
-11983
-11807
-11264
-10378
-9181
-7715
-6030
-4182
-2232
-241
1726
3611
5356
6908
8224
9267
10011
10437
10538
10320
9793
8981
7915
6632
5175
3593
1935
254
-1399
-2977
-4435
-5732
-6833
-7712
-8348
-8728
-8850
-8715
-8335
-7726
-6914
-5926
-4795
-3556
-2248
-909
424
1714
2928
4036
5009
5827
6471
6931
7199
7274
7159
6861
6394
5773
5017
4149
3191
2169
1109
36
-1023
-2045
-3007
-3886
-4665
-5325
-5854
-6240
-6474
-6553
-6474
-6240
-5854
-5325
-4665
-3886
-3007
-2045
-1023
36
1109
2169
3191
4149
5017
5773
6394
6861
7159
7274
7199
6931
6471
5827
5009
4036
2928
1714
424
-909
-2248
-3556
-4795
-5926
-6914
-7726
-8335
-8715
-8850
-8728
-8348
-7712
-6833
-5732
-4435
-2977
-1399
254
1935
3593
5175
6632
7915
8981
9793
10320
10538
10437
10011
9267
8224
6908
5356
3611
1726
-241
-2232
-4182
-6030
-7715
-9181
-10378
-11264
-11807
-11983
-11784
-11209
-10274
-9002
-7431
-5608
-3587
-1433
786
3003
5144
7140
8925
10440
11634
12466
12906
12937
12555
11769
10603
9091
7281
5229
3000
665
-1699
-4019
-6218
-8225
-9974
-11407
-12479
-13152
-13406
-13230
-12630
-11625
-10247
-8541
-6562
-4374
-2048
340
2714
4997
7115
9000
10592
11840
12706
13161
13195
12806
12011
10836
9321
7518
5486
3291
1007
-1292
-3535
-5648
-7564
-9224
-10577
-11582
-12210
-12446
-12285
-11737
-10824
-9579
-8047
-6279
-4335
-2279
-179
1899
3889
5729
7363
8743
9830
10593
11014
11086
10814
10211
9304
8126
6720
5134
3421
1638
-158
-1914
-3574
-5091
-6420
-7526
-8381
-8965
-9267
-9287
-9030
-8514
-7759
-6797
-5661
-4391
-3028
-1615
-195
1190
2503
3707
4773
5675
6393
6915
7232
7344
7255
6976
6521
5909
5161
4303
3360
2360
1329
293
-720
-1691
-2596
-3419
-4142
-4753
-5243
-5604
-5833
-5928
-5889
-5722
-5429
-5020
-4503
-3889
-3189
-2417
-1588
-717
178
1082
1975
2840
3657
4408
5074
5637
6080
6390
6553
6559
6401
6075
5584
4930
4125
3181
2119
961
-265
-1529
-2797
-4033
-5201
-6262
-7183
-7930
-8472
-8786
-8853
-8659
-8200
-7480
-6510
-5311
-3909
-2343
-653
1109
2895
4646
6307
7822
9137
10204
10981
11433
11536
11275
10648
9664
8345
6724
4845
2763
540
-1755
-4050
-6268
-8334
-10177
-11730
-12936
-13745
-14122
-14045
-13505
-12511
-11086
-9267
-7108
-4673
-2037
713
3491
6203
8757
11064
13043
14620
15737
16348
16423
15952
14940
13414
11418
9010
6267
3276
135
-3052
-6178
-9136
-11825
-14147
-16022
-17378
-18163
-18345
-17909
-16863
-15236
-13076
-10453
-7449
-4164
-707
2805
6255
9522
12493
15064
17143
18655
19543
19772
19328
18221
16484
14173
11361
8144
4627
932
-2816
-6490
-9961
-13108
-15821
-18004
-19578
-20486
-20693
-20189
-18986
-17125
-14666
-11692
-8305
-4619
-762
3131
6928
10495
13707
16452
18632
20170
21010
21122
20499
19162
17157
14551
11434
7916
4119
175
-3777
-7600
-11158
-14327
-16994
-19066
-20469
-21154
-21095
-20295
-18782
-16608
-13851
-10608
-6994
-3136
827
4758
8517
11969
14993
17482
19347
20523
20969
20669
19635
17904
15540
12626
9267
5585
1711
-2215
-6055
-9670
-12931
-15721
-17942
-19515
-20383
-20517
-19914
-18596
-16612
-14035
-10957
-7492
-3765
89
3931
7622
11029
14029
16514
18395
19605
20101
19867
18911
17270
15004
12198
8953
5388
1633
-2173
-5894
-9394
-12545
-15232
-17360
-18849
-19648
-19726
-19083
-17743
-15754
-13190
-10146
-6733
-3076
690
4429
8004
11284
14148
16492
18230
19299
0
0
0
0
0
0
0
0
0
0
0
0
0
0
0
0
0
0
0
0
0
0
0
0
0
0
0
0
0
0
0
0
0
0
0
0
0
0
0
0
0
0
0
0
0
0
0
0
0
0
0
0
0
0
0
0
0
0
0
0
0
0
0
0
0
0
0
-6553
-6426
-6052
-5444
-4627
-3632
-2498
-1270
4
1276
2495
3613
4589
5383
5965
6313
6414
6266
5874
5254
4433
3442
2322
1118
-123
-1352
-2520
-3581
-4493
-5221
-5736
-6019
-6060
-5857
-5420
-4768
-3928
-2934
-1828
-654
539
1703
2790
3757
4564
5177
5573
5735
5657
5342
4804
4064
3155
2113
981
-191
-1358
-2468
-3475
-4337
-5015
-5482
-5714
-5703
-5445
-4949
-4236
-3332
-2275
-1107
123
1365
2566
3675
4644
5429
5995
6315
6371
6156
5675
4942
3984
2836
1542
153
-1275
-2686
-4020
-5220
-6236
-7020
-7536
-7758
-7668
-7263
-6553
-5558
-4312
-2859
-1251
450
2181
3873
5459
6874
8057
8957
9533
9753
9600
9072
8180
6949
5418
3640
1676
-402
-2520
-4597
-6553
-8312
-9802
-10963
-11741
-12100
-12017
-11485
-10515
-9132
-7379
-5314
-3005
-534
2010
4539
6957
9174
11104
12672
13812
14475
14628
14255
13361
11967
10116
7866
5291
2478
-474
-3465
-6385
-9131
-11599
-13697
-15345
-16476
-17041
-17013
-16383
-15164
-13391
-11118
-8420
-5384
-2115
1275
4670
7948
10994
13697
15957
17689
18827
19322
19151
18311
16824
14734
12109
9033
5609
1953
-1809
-5549
-9136
-12444
-15356
-17766
-19586
-20748
-21207
-20939
-19950
-18266
-15940
-13048
-9686
-5965
-2011
2039
6049
9881
13401
16485
19027
20934
22139
22596
22286
21214
19415
16946
13889
10345
6434
2288
-1952
-6143
-10142
-13811
-17024
-19671
-21660
-22922
-23412
-23113
-22032
-20204
-17692
-14579
-10969
-6985
-2762
1558
5829
9907
13653
16941
19660
21718
23046
23601
23364
22344
20576
18122
15064
11508
7573
3393
-890
-5134
-9195
-12939
-16240
-18989
-21096
-22493
-23136
-23007
-22113
-20487
-18188
-15296
-11910
-8145
-4130
0
4106
8053
11710
14957
17689
19817
21277
22024
22039
21326
19916
17860
15232
12125
8644
4909
1045
-2817
-6553
-10038
-13161
-15822
-17939
-19446
-20301
-20484
-19995
-18859
-17120
-14843
-12109
-9012
-5660
-2165
1355
4787
8019
10949
13484
15547
17079
18037
18398
18160
17340
15973
14113
11827
9198
6315
3276
183
-2864
-5768
-8438
-10791
-12759
-14284
-15327
-15864
-15886
-15404
-14443
-13044
-11260
-9157
-6807
-4292
-1694
901
3414
5765
7884
9710
11193
12294
12987
13262
13120
12576
11657
10402
8858
7082
5133
3078
981
-1089
-3073
-4912
-6553
-7952
-9075
-9895
-10397
-10575
-10435
-9990
-9263
-8286
-7094
-5730
-4239
-2670
-1071
510
2029
3445
4720
5822
6727
7415
7875
8103
8100
7874
7440
6816
6026
5098
4061
2946
1786
612
-543
-1653
-2689
-3628
-4449
-5136
-5675
-6057
-6279
-6338
-6239
-5986
-5592
-5067
-4428
-3691
-2877
-2004
-1095
-171
745
1636
2478
3254
3945
4537
5015
5370
5592
5677
5623
5429
5100
4644
4069
3391
2623
1785
896
-21
-945
-1852
-2718
-3520
-4236
-4848
-5336
-5687
-5888
-5934
-5819
-5545
-5117
-4545
-3843
-3027
-2120
-1145
-129
899
1912
2881
3776
4573
5246
5775
6144
6340
6356
6189
5845
5330
4658
3849
2925
1911
839
-262
-1359
-2421
-3415
-4312
-5086
-5713
-6175
-6458
-6553
-6458
-6175
-5713
-5086
-4312
-3415
-2421
-1359
-262
839
1911
2925
3849
4658
5330
5845
6189
6356
6340
6144
5775
5246
4573
3776
2881
1912
899
-129
-1145
-2120
-3027
-3843
-4545
-5117
-5545
-5819
-5934
-5888
-5687
-5336
-4848
-4236
-3520
-2718
-1852
-945
-21
896
1785
2623
3391
4069
4644
5100
5429
5623
5677
5592
5370
5015
4537
3945
3254
2478
1636
745
-171
-1095
-2004
-2877
-3691
-4428
-5067
-5592
-5986
-6239
-6338
-6279
-6057
-5675
-5136
-4449
-3628
-2689
-1653
-543
612
1786
2946
4061
5098
6026
6816
7440
7874
8100
8103
7875
7415
6727
5822
4720
3445
2029
510
-1071
-2670
-4239
-5730
-7094
-8286
-9263
-9990
-10435
-10575
-10397
-9895
-9075
-7952
-6553
-4912
-3073
-1089
981
3078
5133
7082
8858
10402
11657
12576
13120
13262
12987
12294
11193
9710
7884
5765
3414
901
-1694
-4292
-6807
-9157
-11260
-13044
-14443
-15404
-15886
-15864
-15327
-14284
-12759
-10791
-8438
-5768
-2864
183
3276
6315
9198
11827
14113
15973
17340
18160
18398
18037
17079
15547
13484
10949
8019
4787
1355
-2165
-5660
-9012
-12109
-14843
-17120
-18859
-19995
-20484
-20301
-19446
-17939
-15822
-13161
-10038
-6553
-2817
1045
4909
8644
12125
15232
17860
19916
21326
22039
22024
21277
19817
17689
14957
11710
8053
4106
0
-4130
-8145
-11910
-15296
-18188
-20487
-22113
-23007
-23136
-22493
-21096
-18989
-16240
-12939
-9195
-5134
-890
3393
7573
11508
15064
18122
20576
22344
23364
23601
23046
21718
19660
16941
13653
9907
5829
1558
-2762
-6985
-10969
-14579
-17692
-20204
-22032
-23113
-23412
-22922
-21660
-19671
-17024
-13811
-10142
-6143
-1952
2288
6434
10345
13889
16946
19415
21214
22286
22596
22139
20934
19027
16485
13401
9881
6049
2039
-2011
-5965
-9686
-13048
-15940
-18266
-19950
-20939
-21207
-20748
-19586
-17766
-15356
-12444
-9136
-5549
-1809
1953
5609
9033
12109
14734
16824
18311
19151
19322
18827
17689
15957
13697
10994
7948
4670
1275
-2115
-5384
-8420
-11118
-13391
-15164
-16383
-17013
-17041
-16476
-15345
-13697
-11599
-9131
-6385
-3465
-474
2478
5291
7866
10116
11967
13361
14255
14628
14475
13812
12672
11104
9174
6957
4539
2010
-534
-3005
-5314
-7379
-9132
-10515
-11485
-12017
-12100
-11741
-10963
-9802
-8312
-6553
-4597
-2520
-402
1676
3640
5418
6949
8180
9072
9600
9753
9533
8957
8057
6874
5459
3873
2181
450
-1251
-2859
-4312
-5558
-6553
-7263
-7668
-7758
-7536
-7020
-6236
-5220
-4020
-2686
-1275
153
1542
2836
3984
4942
5675
6156
6371
6315
5995
5429
4644
3675
2566
1365
123
-1107
-2275
-3332
-4236
-4949
-5445
-5703
-5714
-5482
-5015
-4337
-3475
-2468
-1358
-191
981
2113
3155
4064
4804
5342
5657
5735
5573
5177
4564
3757
2790
1703
539
-654
-1828
-2934
-3928
-4768
-5420
-5857
-6060
-6019
-5736
-5221
-4493
-3581
-2520
-1352
-123
1118
2322
3442
4433
5254
5874
6266
6414
6313
5965
5383
4589
3613
2495
1276
4
-1270
-2498
-3632
-4627
-5444
-6052
-6426
0
0
0
0
0
0
0
0
0
0
0
0
0
0
0
0
0
0
0
0
0
0
0
0
0
0
0
0
0
0
0
0
0
0
0
0
0
0
0
0
0
0
0
0
0
0
0
0
0
0
0
0
0
0
0
0
0
0
0
0
0
0
0
0
0
0
0
6553
6458
6175
5713
5086
4312
3415
2421
1359
262
-839
-1911
-2925
-3849
-4658
-5330
-5845
-6189
-6356
-6340
-6144
-5775
-5246
-4573
-3776
-2881
-1912
-899
129
1145
2120
3027
3843
4545
5117
5545
5819
5934
5888
5687
5336
4848
4236
3520
2718
1852
945
21
-896
-1785
-2623
-3391
-4069
-4644
-5100
-5429
-5623
-5677
-5592
-5370
-5015
-4537
-3945
-3254
-2478
-1636
-745
171
1095
2004
2877
3691
4428
5067
5592
5986
6239
6338
6279
6057
5675
5136
4449
3628
2689
1653
543
-612
-1786
-2946
-4061
-5098
-6026
-6816
-7440
-7874
-8100
-8103
-7875
-7415
-6727
-5822
-4720
-3445
-2029
-510
1071
2670
4239
5730
7094
8286
9263
9990
10435
10575
10397
9895
9075
7952
6553
4912
3073
1089
-981
-3078
-5133
-7082
-8858
-10402
-11657
-12576
-13120
-13262
-12987
-12294
-11193
-9710
-7884
-5765
-3414
-901
1694
4292
6807
9157
11260
13044
14443
15404
15886
15864
15327
14284
12759
10791
8438
5768
2864
-183
-3276
-6315
-9198
-11827
-14113
-15973
-17340
-18160
-18398
-18037
-17079
-15547
-13484
-10949
-8019
-4787
-1355
2165
5660
9012
12109
14843
17120
18859
19995
20484
20301
19446
17939
15822
13161
10038
6553
2817
-1045
-4909
-8644
-12125
-15232
-17860
-19916
-21326
-22039
-22024
-21277
-19817
-17689
-14957
-11710
-8053
-4106
0
4130
8145
11910
15296
18188
20487
22113
23007
23136
22493
21096
18989
16240
12939
9195
5134
890
-3393
-7573
-11508
-15064
-18122
-20576
-22344
-23364
-23601
-23046
-21718
-19660
-16941
-13653
-9907
-5829
-1558
2762
6985
10969
14579
17692
20204
22032
23113
23412
22922
21660
19671
17024
13811
10142
6143
1952
-2288
-6434
-10345
-13889
-16946
-19415
-21214
-22286
-22596
-22139
-20934
-19027
-16485
-13401
-9881
-6049
-2039
2011
5965
9686
13048
15940
18266
19950
20939
21207
20748
19586
17766
15356
12444
9136
5549
1809
-1953
-5609
-9033
-12109
-14734
-16824
-18311
-19151
-19322
-18827
-17689
-15957
-13697
-10994
-7948
-4670
-1275
2115
5384
8420
11118
13391
15164
16383
17013
17041
16476
15345
13697
11599
9131
6385
3465
474
-2478
-5291
-7866
-10116
-11967
-13361
-14255
-14628
-14475
-13812
-12672
-11104
-9174
-6957
-4539
-2010
534
3005
5314
7379
9132
10515
11485
12017
12100
11741
10963
9802
8312
6553
4597
2520
402
-1676
-3640
-5418
-6949
-8180
-9072
-9600
-9753
-9533
-8957
-8057
-6874
-5459
-3873
-2181
-450
1251
2859
4312
5558
6553
7263
7668
7758
7536
7020
6236
5220
4020
2686
1275
-153
-1542
-2836
-3984
-4942
-5675
-6156
-6371
-6315
-5995
-5429
-4644
-3675
-2566
-1365
-123
1107
2275
3332
4236
4949
5445
5703
5714
5482
5015
4337
3475
2468
1358
191
-981
-2113
-3155
-4064
-4804
-5342
-5657
-5735
-5573
-5177
-4564
-3757
-2790
-1703
-539
654
1828
2934
3928
4768
5420
5857
6060
6019
5736
5221
4493
3581
2520
1352
123
-1118
-2322
-3442
-4433
-5254
-5874
-6266
-6414
-6313
-5965
-5383
-4589
-3613
-2495
-1276
-4
1270
2498
3632
4627
5444
6052
6426
6553
6426
6052
5444
4627
3632
2498
1270
-4
-1276
-2495
-3613
-4589
-5383
-5965
-6313
-6414
-6266
-5874
-5254
-4433
-3442
-2322
-1118
123
1352
2520
3581
4493
5221
5736
6019
6060
5857
5420
4768
3928
2934
1828
654
-539
-1703
-2790
-3757
-4564
-5177
-5573
-5735
-5657
-5342
-4804
-4064
-3155
-2113
-981
191
1358
2468
3475
4337
5015
5482
5714
5703
5445
4949
4236
3332
2275
1107
-123
-1365
-2566
-3675
-4644
-5429
-5995
-6315
-6371
-6156
-5675
-4942
-3984
-2836
-1542
-153
1275
2686
4020
5220
6236
7020
7536
7758
7668
7263
6553
5558
4312
2859
1251
-450
-2181
-3873
-5459
-6874
-8057
-8957
-9533
-9753
-9600
-9072
-8180
-6949
-5418
-3640
-1676
402
2520
4597
6553
8312
9802
10963
11741
12100
12017
11485
10515
9132
7379
5314
3005
534
-2010
-4539
-6957
-9174
-11104
-12672
-13812
-14475
-14628
-14255
-13361
-11967
-10116
-7866
-5291
-2478
474
3465
6385
9131
11599
13697
15345
16476
17041
17013
16383
15164
13391
11118
8420
5384
2115
-1275
-4670
-7948
-10994
-13697
-15957
-17689
-18827
-19322
-19151
-18311
-16824
-14734
-12109
-9033
-5609
-1953
1809
5549
9136
12444
15356
17766
19586
20748
21207
20939
19950
18266
15940
13048
9686
5965
2011
-2039
-6049
-9881
-13401
-16485
-19027
-20934
-22139
-22596
-22286
-21214
-19415
-16946
-13889
-10345
-6434
-2288
1952
6143
10142
13811
17024
19671
21660
22922
23412
23113
22032
20204
17692
14579
10969
6985
2762
-1558
-5829
-9907
-13653
-16941
-19660
-21718
-23046
-23601
-23364
-22344
-20576
-18122
-15064
-11508
-7573
-3393
890
5134
9195
12939
16240
18989
21096
22493
23136
23007
22113
20487
18188
15296
11910
8145
4130
0
-4106
-8053
-11710
-14957
-17689
-19817
-21277
-22024
-22039
-21326
-19916
-17860
-15232
-12125
-8644
-4909
-1045
2817
6553
10038
13161
15822
17939
19446
20301
20484
19995
18859
17120
14843
12109
9012
5660
2165
-1355
-4787
-8019
-10949
-13484
-15547
-17079
-18037
-18398
-18160
-17340
-15973
-14113
-11827
-9198
-6315
-3276
-183
2864
5768
8438
10791
12759
14284
15327
15864
15886
15404
14443
13044
11260
9157
6807
4292
1694
-901
-3414
-5765
-7884
-9710
-11193
-12294
-12987
-13262
-13120
-12576
-11657
-10402
-8858
-7082
-5133
-3078
-981
1089
3073
4912
6553
7952
9075
9895
10397
10575
10435
9990
9263
8286
7094
5730
4239
2670
1071
-510
-2029
-3445
-4720
-5822
-6727
-7415
-7875
-8103
-8100
-7874
-7440
-6816
-6026
-5098
-4061
-2946
-1786
-612
543
1653
2689
3628
4449
5136
5675
6057
6279
6338
6239
5986
5592
5067
4428
3691
2877
2004
1095
171
-745
-1636
-2478
-3254
-3945
-4537
-5015
-5370
-5592
-5677
-5623
-5429
-5100
-4644
-4069
-3391
-2623
-1785
-896
21
945
1852
2718
3520
4236
4848
5336
5687
5888
5934
5819
5545
5117
4545
3843
3027
2120
1145
129
-899
-1912
-2881
-3776
-4573
-5246
-5775
-6144
-6340
-6356
-6189
-5845
-5330
-4658
-3849
-2925
-1911
-839
262
1359
2421
3415
4312
5086
5713
6175
6458
0
0
0
0
0
0
0
0
0
0
0
0
0
0
0
0
0
0
0
0
0
0
0
0
0
0
0
0
0
0
0
0
0
0
0
0
0
0
0
0
0
0
0
0
0
0
0
0
0
0
0
0
0
0
0
0
0
0
0
0
0
0
0
0
0
0
0
19660
19299
18230
16492
14148
11284
8004
4429
690
-3076
-6733
-10146
-13190
-15754
-17743
-19083
-19726
-19648
-18849
-17360
-15232
-12545
-9394
-5894
-2173
1633
5388
8953
12198
15004
17270
18911
19867
20101
19605
18395
16514
14029
11029
7622
3931
89
-3765
-7492
-10957
-14035
-16612
-18596
-19914
-20517
-20383
-19515
-17942
-15721
-12931
-9670
-6055
-2215
1711
5585
9267
12626
15540
17904
19635
20669
20969
20523
19347
17482
14993
11969
8517
4758
827
-3136
-6994
-10608
-13851
-16608
-18782
-20295
-21095
-21154
-20469
-19066
-16994
-14327
-11158
-7600
-3777
175
4119
7916
11434
14551
17157
19162
20499
21122
21010
20170
18632
16452
13707
10495
6928
3131
-762
-4619
-8305
-11692
-14666
-17125
-18986
-20189
-20693
-20486
-19578
-18004
-15821
-13108
-9961
-6490
-2816
932
4627
8144
11361
14173
16484
18221
19328
19772
19543
18655
17143
15064
12493
9522
6255
2805
-707
-4164
-7449
-10453
-13076
-15236
-16863
-17909
-18345
-18163
-17378
-16022
-14147
-11825
-9136
-6178
-3052
135
3276
6267
9010
11418
13414
14940
15952
16423
16348
15737
14620
13043
11064
8757
6203
3491
713
-2037
-4673
-7108
-9267
-11086
-12511
-13505
-14045
-14122
-13745
-12936
-11730
-10177
-8334
-6268
-4050
-1755
540
2763
4845
6724
8345
9664
10648
11275
11536
11433
10981
10204
9137
7822
6307
4646
2895
1109
-653
-2343
-3909
-5311
-6510
-7480
-8200
-8659
-8853
-8786
-8472
-7930
-7183
-6262
-5201
-4033
-2797
-1529
-265
961
2119
3181
4125
4930
5584
6075
6401
6559
6553
6390
6080
5637
5074
4408
3657
2840
1975
1082
178
-717
-1588
-2417
-3189
-3889
-4503
-5020
-5429
-5722
-5889
-5928
-5833
-5604
-5243
-4753
-4142
-3419
-2596
-1691
-720
293
1329
2360
3360
4303
5161
5909
6521
6976
7255
7344
7232
6915
6393
5675
4773
3707
2503
1190
-195
-1615
-3028
-4391
-5661
-6797
-7759
-8514
-9030
-9287
-9267
-8965
-8381
-7526
-6420
-5091
-3574
-1914
-158
1638
3421
5134
6720
8126
9304
10211
10814
11086
11014
10593
9830
8743
7363
5729
3889
1899
-179
-2279
-4335
-6279
-8047
-9579
-10824
-11737
-12285
-12446
-12210
-11582
-10577
-9224
-7564
-5648
-3535
-1292
1007
3291
5486
7518
9321
10836
12011
12806
13195
13161
12706
11840
10592
9000
7115
4997
2714
340
-2048
-4374
-6562
-8541
-10247
-11625
-12630
-13230
-13406
-13152
-12479
-11407
-9974
-8225
-6218
-4019
-1699
665
3000
5229
7281
9091
10603
11769
12555
12937
12906
12466
11634
10440
8925
7140
5144
3003
786
-1433
-3587
-5608
-7431
-9002
-10274
-11209
-11784
-11983
-11807
-11264
-10378
-9181
-7715
-6030
-4182
-2232
-241
1726
3611
5356
6908
8224
9267
10011
10437
10538
10320
9793
8981
7915
6632
5175
3593
1935
254
-1399
-2977
-4435
-5732
-6833
-7712
-8348
-8728
-8850
-8715
-8335
-7726
-6914
-5926
-4795
-3556
-2248
-909
424
1714
2928
4036
5009
5827
6471
6931
7199
7274
7159
6861
6394
5773
5017
4149
3191
2169
1109
36
-1023
-2045
-3007
-3886
-4665
-5325
-5854
-6240
-6474
-6553
-6474
-6240
-5854
-5325
-4665
-3886
-3007
-2045
-1023
36
1109
2169
3191
4149
5017
5773
6394
6861
7159
7274
7199
6931
6471
5827
5009
4036
2928
1714
424
-909
-2248
-3556
-4795
-5926
-6914
-7726
-8335
-8715
-8850
-8728
-8348
-7712
-6833
-5732
-4435
-2977
-1399
254
1935
3593
5175
6632
7915
8981
9793
10320
10538
10437
10011
9267
8224
6908
5356
3611
1726
-241
-2232
-4182
-6030
-7715
-9181
-10378
-11264
-11807
-11983
-11784
-11209
-10274
-9002
-7431
-5608
-3587
-1433
786
3003
5144
7140
8925
10440
11634
12466
12906
12937
12555
11769
10603
9091
7281
5229
3000
665
-1699
-4019
-6218
-8225
-9974
-11407
-12479
-13152
-13406
-13230
-12630
-11625
-10247
-8541
-6562
-4374
-2048
340
2714
4997
7115
9000
10592
11840
12706
13161
13195
12806
12011
10836
9321
7518
5486
3291
1007
-1292
-3535
-5648
-7564
-9224
-10577
-11582
-12210
-12446
-12285
-11737
-10824
-9579
-8047
-6279
-4335
-2279
-179
1899
3889
5729
7363
8743
9830
10593
11014
11086
10814
10211
9304
8126
6720
5134
3421
1638
-158
-1914
-3574
-5091
-6420
-7526
-8381
-8965
-9267
-9287
-9030
-8514
-7759
-6797
-5661
-4391
-3028
-1615
-195
1190
2503
3707
4773
5675
6393
6915
7232
7344
7255
6976
6521
5909
5161
4303
3360
2360
1329
293
-720
-1691
-2596
-3419
-4142
-4753
-5243
-5604
-5833
-5928
-5889
-5722
-5429
-5020
-4503
-3889
-3189
-2417
-1588
-717
178
1082
1975
2840
3657
4408
5074
5637
6080
6390
6553
6559
6401
6075
5584
4930
4125
3181
2119
961
-265
-1529
-2797
-4033
-5201
-6262
-7183
-7930
-8472
-8786
-8853
-8659
-8200
-7480
-6510
-5311
-3909
-2343
-653
1109
2895
4646
6307
7822
9137
10204
10981
11433
11536
11275
10648
9664
8345
6724
4845
2763
540
-1755
-4050
-6268
-8334
-10177
-11730
-12936
-13745
-14122
-14045
-13505
-12511
-11086
-9267
-7108
-4673
-2037
713
3491
6203
8757
11064
13043
14620
15737
16348
16423
15952
14940
13414
11418
9010
6267
3276
135
-3052
-6178
-9136
-11825
-14147
-16022
-17378
-18163
-18345
-17909
-16863
-15236
-13076
-10453
-7449
-4164
-707
2805
6255
9522
12493
15064
17143
18655
19543
19772
19328
18221
16484
14173
11361
8144
4627
932
-2816
-6490
-9961
-13108
-15821
-18004
-19578
-20486
-20693
-20189
-18986
-17125
-14666
-11692
-8305
-4619
-762
3131
6928
10495
13707
16452
18632
20170
21010
21122
20499
19162
17157
14551
11434
7916
4119
175
-3777
-7600
-11158
-14327
-16994
-19066
-20469
-21154
-21095
-20295
-18782
-16608
-13851
-10608
-6994
-3136
827
4758
8517
11969
14993
17482
19347
20523
20969
20669
19635
17904
15540
12626
9267
5585
1711
-2215
-6055
-9670
-12931
-15721
-17942
-19515
-20383
-20517
-19914
-18596
-16612
-14035
-10957
-7492
-3765
89
3931
7622
11029
14029
16514
18395
19605
20101
19867
18911
17270
15004
12198
8953
5388
1633
-2173
-5894
-9394
-12545
-15232
-17360
-18849
-19648
-19726
-19083
-17743
-15754
-13190
-10146
-6733
-3076
690
4429
8004
11284
14148
16492
18230
19299
0
0
0
0
0
0
0
0
0
0
0
0
0
0
0
0
0
0
0
0
0
0
0
0
0
0
0
0
0
0
0
0
0
0
0
0
0
0
0
0
0
0
0
0
0
0
0
0
0
0
0
0
0
0
0
0
0
0
0
0
0
0
0
0
0
0
0
19660
19299
18230
16492
14148
11284
8004
4429
690
-3076
-6733
-10146
-13190
-15754
-17743
-19083
-19726
-19648
-18849
-17360
-15232
-12545
-9394
-5894
-2173
1633
5388
8953
12198
15004
17270
18911
19867
20101
19605
18395
16514
14029
11029
7622
3931
89
-3765
-7492
-10957
-14035
-16612
-18596
-19914
-20517
-20383
-19515
-17942
-15721
-12931
-9670
-6055
-2215
1711
5585
9267
12626
15540
17904
19635
20669
20969
20523
19347
17482
14993
11969
8517
4758
827
-3136
-6994
-10608
-13851
-16608
-18782
-20295
-21095
-21154
-20469
-19066
-16994
-14327
-11158
-7600
-3777
175
4119
7916
11434
14551
17157
19162
20499
21122
21010
20170
18632
16452
13707
10495
6928
3131
-762
-4619
-8305
-11692
-14666
-17125
-18986
-20189
-20693
-20486
-19578
-18004
-15821
-13108
-9961
-6490
-2816
932
4627
8144
11361
14173
16484
18221
19328
19772
19543
18655
17143
15064
12493
9522
6255
2805
-707
-4164
-7449
-10453
-13076
-15236
-16863
-17909
-18345
-18163
-17378
-16022
-14147
-11825
-9136
-6178
-3052
135
3276
6267
9010
11418
13414
14940
15952
16423
16348
15737
14620
13043
11064
8757
6203
3491
713
-2037
-4673
-7108
-9267
-11086
-12511
-13505
-14045
-14122
-13745
-12936
-11730
-10177
-8334
-6268
-4050
-1755
540
2763
4845
6724
8345
9664
10648
11275
11536
11433
10981
10204
9137
7822
6307
4646
2895
1109
-653
-2343
-3909
-5311
-6510
-7480
-8200
-8659
-8853
-8786
-8472
-7930
-7183
-6262
-5201
-4033
-2797
-1529
-265
961
2119
3181
4125
4930
5584
6075
6401
6559
6553
6390
6080
5637
5074
4408
3657
2840
1975
1082
178
-717
-1588
-2417
-3189
-3889
-4503
-5020
-5429
-5722
-5889
-5928
-5833
-5604
-5243
-4753
-4142
-3419
-2596
-1691
-720
293
1329
2360
3360
4303
5161
5909
6521
6976
7255
7344
7232
6915
6393
5675
4773
3707
2503
1190
-195
-1615
-3028
-4391
-5661
-6797
-7759
-8514
-9030
-9287
-9267
-8965
-8381
-7526
-6420
-5091
-3574
-1914
-158
1638
3421
5134
6720
8126
9304
10211
10814
11086
11014
10593
9830
8743
7363
5729
3889
1899
-179
-2279
-4335
-6279
-8047
-9579
-10824
-11737
-12285
-12446
-12210
-11582
-10577
-9224
-7564
-5648
-3535
-1292
1007
3291
5486
7518
9321
10836
12011
12806
13195
13161
12706
11840
10592
9000
7115
4997
2714
340
-2048
-4374
-6562
-8541
-10247
-11625
-12630
-13230
-13406
-13152
-12479
-11407
-9974
-8225
-6218
-4019
-1699
665
3000
5229
7281
9091
10603
11769
12555
12937
12906
12466
11634
10440
8925
7140
5144
3003
786
-1433
-3587
-5608
-7431
-9002
-10274
-11209
-11784
-11983
-11807
-11264
-10378
-9181
-7715
-6030
-4182
-2232
-241
1726
3611
5356
6908
8224
9267
10011
10437
10538
10320
9793
8981
7915
6632
5175
3593
1935
254
-1399
-2977
-4435
-5732
-6833
-7712
-8348
-8728
-8850
-8715
-8335
-7726
-6914
-5926
-4795
-3556
-2248
-909
424
1714
2928
4036
5009
5827
6471
6931
7199
7274
7159
6861
6394
5773
5017
4149
3191
2169
1109
36
-1023
-2045
-3007
-3886
-4665
-5325
-5854
-6240
-6474
-6553
-6474
-6240
-5854
-5325
-4665
-3886
-3007
-2045
-1023
36
1109
2169
3191
4149
5017
5773
6394
6861
7159
7274
7199
6931
6471
5827
5009
4036
2928
1714
424
-909
-2248
-3556
-4795
-5926
-6914
-7726
-8335
-8715
-8850
-8728
-8348
-7712
-6833
-5732
-4435
-2977
-1399
254
1935
3593
5175
6632
7915
8981
9793
10320
10538
10437
10011
9267
8224
6908
5356
3611
1726
-241
-2232
-4182
-6030
-7715
-9181
-10378
-11264
-11807
-11983
-11784
-11209
-10274
-9002
-7431
-5608
-3587
-1433
786
3003
5144
7140
8925
10440
11634
12466
12906
12937
12555
11769
10603
9091
7281
5229
3000
665
-1699
-4019
-6218
-8225
-9974
-11407
-12479
-13152
-13406
-13230
-12630
-11625
-10247
-8541
-6562
-4374
-2048
340
2714
4997
7115
9000
10592
11840
12706
13161
13195
12806
12011
10836
9321
7518
5486
3291
1007
-1292
-3535
-5648
-7564
-9224
-10577
-11582
-12210
-12446
-12285
-11737
-10824
-9579
-8047
-6279
-4335
-2279
-179
1899
3889
5729
7363
8743
9830
10593
11014
11086
10814
10211
9304
8126
6720
5134
3421
1638
-158
-1914
-3574
-5091
-6420
-7526
-8381
-8965
-9267
-9287
-9030
-8514
-7759
-6797
-5661
-4391
-3028
-1615
-195
1190
2503
3707
4773
5675
6393
6915
7232
7344
7255
6976
6521
5909
5161
4303
3360
2360
1329
293
-720
-1691
-2596
-3419
-4142
-4753
-5243
-5604
-5833
-5928
-5889
-5722
-5429
-5020
-4503
-3889
-3189
-2417
-1588
-717
178
1082
1975
2840
3657
4408
5074
5637
6080
6390
6553
6559
6401
6075
5584
4930
4125
3181
2119
961
-265
-1529
-2797
-4033
-5201
-6262
-7183
-7930
-8472
-8786
-8853
-8659
-8200
-7480
-6510
-5311
-3909
-2343
-653
1109
2895
4646
6307
7822
9137
10204
10981
11433
11536
11275
10648
9664
8345
6724
4845
2763
540
-1755
-4050
-6268
-8334
-10177
-11730
-12936
-13745
-14122
-14045
-13505
-12511
-11086
-9267
-7108
-4673
-2037
713
3491
6203
8757
11064
13043
14620
15737
16348
16423
15952
14940
13414
11418
9010
6267
3276
135
-3052
-6178
-9136
-11825
-14147
-16022
-17378
-18163
-18345
-17909
-16863
-15236
-13076
-10453
-7449
-4164
-707
2805
6255
9522
12493
15064
17143
18655
19543
19772
19328
18221
16484
14173
11361
8144
4627
932
-2816
-6490
-9961
-13108
-15821
-18004
-19578
-20486
-20693
-20189
-18986
-17125
-14666
-11692
-8305
-4619
-762
3131
6928
10495
13707
16452
18632
20170
21010
21122
20499
19162
17157
14551
11434
7916
4119
175
-3777
-7600
-11158
-14327
-16994
-19066
-20469
-21154
-21095
-20295
-18782
-16608
-13851
-10608
-6994
-3136
827
4758
8517
11969
14993
17482
19347
20523
20969
20669
19635
17904
15540
12626
9267
5585
1711
-2215
-6055
-9670
-12931
-15721
-17942
-19515
-20383
-20517
-19914
-18596
-16612
-14035
-10957
-7492
-3765
89
3931
7622
11029
14029
16514
18395
19605
20101
19867
18911
17270
15004
12198
8953
5388
1633
-2173
-5894
-9394
-12545
-15232
-17360
-18849
-19648
-19726
-19083
-17743
-15754
-13190
-10146
-6733
-3076
690
4429
8004
11284
14148
16492
18230
19299
0
0
0
0
0
0
0
0
0
0
0
0
0
0
0
0
0
0
0
0
0
0
0
0
0
0
0
0
0
0
0
0
0
0
0
0
0
0
0
0
0
0
0
0
0
0
0
0
0
0
0
0
0
0
0
0
0
0
0
0
0
0
0
0
0
0
0
-6553
-6428
-6056
-5453
-4640
-3649
-2517
-1286
-4
1280
2520
3667
4678
5514
6143
6541
6691
6588
6235
5643
4834
3838
2692
1438
123
-1204
-2495
-3700
-4774
-5676
-6372
-6835
-7046
-6997
-6688
-6129
-5339
-4347
-3187
-1902
-539
853
2224
3524
4703
5720
6535
7119
7449
7512
7304
6832
6112
5168
4034
2748
1358
-88
-1540
-2944
-4252
-5415
-6394
-7151
-7661
-7905
-7872
-7565
-6992
-6174
-5139
-3922
-2566
-1118
371
1852
3272
4582
5737
6698
7431
7912
8124
8061
7725
7128
6291
5243
4020
2663
1220
-261
-1730
-3139
-4440
-5591
-6553
-7296
-7796
-8038
-8016
-7731
-7197
-6430
-5459
-4317
-3041
-1676
-265
1144
2508
3782
4926
5905
6690
7257
7591
7684
7536
7154
6553
5755
4787
3681
2473
1202
-91
-1369
-2591
-3722
-4729
-5583
-6262
-6746
-7026
-7096
-6957
-6617
-6089
-5390
-4544
-3577
-2519
-1400
-254
886
1992
3031
3976
4802
5490
6022
6385
6574
6583
6415
6077
5578
4932
4158
3276
2309
1282
220
-847
-1896
-2900
-3832
-4670
-5391
-5978
-6415
-6689
-6791
-6718
-6468
-6044
-5456
-4715
-3836
-2841
-1751
-593
603
1809
2992
4120
5163
6088
6868
7477
7893
8100
8084
7840
7368
6672
5766
4670
3408
2011
517
-1034
-2599
-4133
-5587
-6918
-8079
-9033
-9741
-10177
-10316
-10147
-9664
-8873
-7788
-6434
-4845
-3063
-1138
874
2913
4915
6816
8553
10067
11303
12215
12764
12923
12676
12022
10969
9542
7777
5723
3438
990
-1544
-4086
-6553
-8863
-10937
-12703
-14096
-15062
-15560
-15565
-15064
-14065
-12589
-10675
-8377
-5763
-2913
84
3133
6134
8987
11595
13868
15725
17097
17930
18188
17853
16925
15427
13398
10898
8002
4801
1396
-2102
-5580
-8920
-12009
-14742
-17023
-18769
-19916
-20417
-20248
-19406
-17912
-15807
-13154
-10037
-6553
-2816
1052
4924
8671
12164
15286
17927
19995
21416
22136
22125
21377
19910
17769
15020
11751
8067
4089
-51
-4216
-8266
-12063
-15480
-18398
-20717
-22356
-23255
-23381
-22725
-21307
-19170
-16383
-13038
-9244
-5129
-829
3510
7743
11727
15327
18421
20902
22686
23711
23942
23369
22012
19914
17147
13803
9996
5853
1516
-2868
-7153
-11193
-14851
-18003
-20544
-22388
-23474
-23766
-23257
-21965
-19936
-17242
-13975
-10249
-6191
-1941
2355
6553
10509
14091
17177
19665
21473
22544
22845
22370
21141
19203
16627
13507
9952
6087
2046
-2029
-6002
-9735
-13104
-15994
-18313
-19985
-20958
-21207
-20729
-19549
-17714
-15294
-12380
-9077
-5504
-1786
1944
5559
8935
11957
14526
16559
17991
18782
18912
18388
17236
15506
13268
10607
7624
4428
1134
-2138
-5276
-8172
-10726
-12854
-14490
-15585
-16109
-16054
-15435
-14283
-12652
-10608
-8234
-5623
-2872
-84
2637
5197
7506
9485
11069
12210
12876
13055
12750
11986
10802
9252
7405
5336
3130
873
-1347
-3448
-5352
-6991
-8309
-9263
-9827
-9988
-9752
-9138
-8181
-6928
-5438
-3776
-2016
-230
1506
3123
4557
5753
6664
7261
7524
7450
7048
6342
5369
4176
2819
1359
-135
-1600
-2969
-4181
-5184
-5933
-6396
-6553
-6396
-5933
-5184
-4181
-2969
-1600
-135
1359
2819
4176
5369
6342
7048
7450
7524
7261
6664
5753
4557
3123
1506
-230
-2016
-3776
-5438
-6928
-8181
-9138
-9752
-9988
-9827
-9263
-8309
-6991
-5352
-3448
-1347
873
3130
5336
7405
9252
10802
11986
12750
13055
12876
12210
11069
9485
7506
5197
2637
-84
-2872
-5623
-8234
-10608
-12652
-14283
-15435
-16054
-16109
-15585
-14490
-12854
-10726
-8172
-5276
-2138
1134
4428
7624
10607
13268
15506
17236
18388
18912
18782
17991
16559
14526
11957
8935
5559
1944
-1786
-5504
-9077
-12380
-15294
-17714
-19549
-20729
-21207
-20958
-19985
-18313
-15994
-13104
-9735
-6002
-2029
2046
6087
9952
13507
16627
19203
21141
22370
22845
22544
21473
19665
17177
14091
10509
6553
2355
-1941
-6191
-10249
-13975
-17242
-19936
-21965
-23257
-23766
-23474
-22388
-20544
-18003
-14851
-11193
-7153
-2868
1516
5853
9996
13803
17147
19914
22012
23369
23942
23711
22686
20902
18421
15327
11727
7743
3510
-829
-5129
-9244
-13038
-16383
-19170
-21307
-22725
-23381
-23255
-22356
-20717
-18398
-15480
-12063
-8266
-4216
-51
4089
8067
11751
15020
17769
19910
21377
22125
22136
21416
19995
17927
15286
12164
8671
4924
1052
-2816
-6553
-10037
-13154
-15807
-17912
-19406
-20248
-20417
-19916
-18769
-17023
-14742
-12009
-8920
-5580
-2102
1396
4801
8002
10898
13398
15427
16925
17853
18188
17930
17097
15725
13868
11595
8987
6134
3133
84
-2913
-5763
-8377
-10675
-12589
-14065
-15064
-15565
-15560
-15062
-14096
-12703
-10937
-8863
-6553
-4086
-1544
990
3438
5723
7777
9542
10969
12022
12676
12923
12764
12215
11303
10067
8553
6816
4915
2913
874
-1138
-3063
-4845
-6434
-7788
-8873
-9664
-10147
-10316
-10177
-9741
-9033
-8079
-6918
-5587
-4133
-2599
-1034
517
2011
3408
4670
5766
6672
7368
7840
8084
8100
7893
7477
6868
6088
5163
4120
2992
1809
603
-593
-1751
-2841
-3836
-4715
-5456
-6044
-6468
-6718
-6791
-6689
-6415
-5978
-5391
-4670
-3832
-2900
-1896
-847
220
1282
2309
3276
4158
4932
5578
6077
6415
6583
6574
6385
6022
5490
4802
3976
3031
1992
886
-254
-1400
-2519
-3577
-4544
-5390
-6089
-6617
-6957
-7096
-7026
-6746
-6262
-5583
-4729
-3722
-2591
-1369
-91
1202
2473
3681
4787
5755
6553
7154
7536
7684
7591
7257
6690
5905
4926
3782
2508
1144
-265
-1676
-3041
-4317
-5459
-6430
-7197
-7731
-8016
-8038
-7796
-7296
-6553
-5591
-4440
-3139
-1730
-261
1220
2663
4020
5243
6291
7128
7725
8061
8124
7912
7431
6698
5737
4582
3272
1852
371
-1118
-2566
-3922
-5139
-6174
-6992
-7565
-7872
-7905
-7661
-7151
-6394
-5415
-4252
-2944
-1540
-88
1358
2748
4034
5168
6112
6832
7304
7512
7449
7119
6535
5720
4703
3524
2224
853
-539
-1902
-3187
-4347
-5339
-6129
-6688
-6997
-7046
-6835
-6372
-5676
-4774
-3700
-2495
-1204
123
1438
2692
3838
4834
5643
6235
6588
6691
6541
6143
5514
4678
3667
2520
1280
-4
-1286
-2517
-3649
-4640
-5453
-6056
-6428
0
0
0
0
0
0
0
0
0
0
0
0
0
0
0
0
0
0
0
0
0
0
0
0
0
0
0
0
0
0
0
0
0
0
0
0
0
0
0
0
0
0
0
0
0
0
0
0
0
0
0
0
0
0
0
0
0
0
0
0
0
0
0
0
0
0
0
6553
6396
5933
5184
4181
2969
1600
135
-1359
-2819
-4176
-5369
-6342
-7048
-7450
-7524
-7261
-6664
-5753
-4557
-3123
-1506
230
2016
3776
5438
6928
8181
9138
9752
9988
9827
9263
8309
6991
5352
3448
1347
-873
-3130
-5336
-7405
-9252
-10802
-11986
-12750
-13055
-12876
-12210
-11069
-9485
-7506
-5197
-2637
84
2872
5623
8234
10608
12652
14283
15435
16054
16109
15585
14490
12854
10726
8172
5276
2138
-1134
-4428
-7624
-10607
-13268
-15506
-17236
-18388
-18912
-18782
-17991
-16559
-14526
-11957
-8935
-5559
-1944
1786
5504
9077
12380
15294
17714
19549
20729
21207
20958
19985
18313
15994
13104
9735
6002
2029
-2046
-6087
-9952
-13507
-16627
-19203
-21141
-22370
-22845
-22544
-21473
-19665
-17177
-14091
-10509
-6553
-2355
1941
6191
10249
13975
17242
19936
21965
23257
23766
23474
22388
20544
18003
14851
11193
7153
2868
-1516
-5853
-9996
-13803
-17147
-19914
-22012
-23369
-23942
-23711
-22686
-20902
-18421
-15327
-11727
-7743
-3510
829
5129
9244
13038
16383
19170
21307
22725
23381
23255
22356
20717
18398
15480
12063
8266
4216
51
-4089
-8067
-11751
-15020
-17769
-19910
-21377
-22125
-22136
-21416
-19995
-17927
-15286
-12164
-8671
-4924
-1052
2816
6553
10037
13154
15807
17912
19406
20248
20417
19916
18769
17023
14742
12009
8920
5580
2102
-1396
-4801
-8002
-10898
-13398
-15427
-16925
-17853
-18188
-17930
-17097
-15725
-13868
-11595
-8987
-6134
-3133
-84
2913
5763
8377
10675
12589
14065
15064
15565
15560
15062
14096
12703
10937
8863
6553
4086
1544
-990
-3438
-5723
-7777
-9542
-10969
-12022
-12676
-12923
-12764
-12215
-11303
-10067
-8553
-6816
-4915
-2913
-874
1138
3063
4845
6434
7788
8873
9664
10147
10316
10177
9741
9033
8079
6918
5587
4133
2599
1034
-517
-2011
-3408
-4670
-5766
-6672
-7368
-7840
-8084
-8100
-7893
-7477
-6868
-6088
-5163
-4120
-2992
-1809
-603
593
1751
2841
3836
4715
5456
6044
6468
6718
6791
6689
6415
5978
5391
4670
3832
2900
1896
847
-220
-1282
-2309
-3276
-4158
-4932
-5578
-6077
-6415
-6583
-6574
-6385
-6022
-5490
-4802
-3976
-3031
-1992
-886
254
1400
2519
3577
4544
5390
6089
6617
6957
7096
7026
6746
6262
5583
4729
3722
2591
1369
91
-1202
-2473
-3681
-4787
-5755
-6553
-7154
-7536
-7684
-7591
-7257
-6690
-5905
-4926
-3782
-2508
-1144
265
1676
3041
4317
5459
6430
7197
7731
8016
8038
7796
7296
6553
5591
4440
3139
1730
261
-1220
-2663
-4020
-5243
-6291
-7128
-7725
-8061
-8124
-7912
-7431
-6698
-5737
-4582
-3272
-1852
-371
1118
2566
3922
5139
6174
6992
7565
7872
7905
7661
7151
6394
5415
4252
2944
1540
88
-1358
-2748
-4034
-5168
-6112
-6832
-7304
-7512
-7449
-7119
-6535
-5720
-4703
-3524
-2224
-853
539
1902
3187
4347
5339
6129
6688
6997
7046
6835
6372
5676
4774
3700
2495
1204
-123
-1438
-2692
-3838
-4834
-5643
-6235
-6588
-6691
-6541
-6143
-5514
-4678
-3667
-2520
-1280
4
1286
2517
3649
4640
5453
6056
6428
6553
6428
6056
5453
4640
3649
2517
1286
4
-1280
-2520
-3667
-4678
-5514
-6143
-6541
-6691
-6588
-6235
-5643
-4834
-3838
-2692
-1438
-123
1204
2495
3700
4774
5676
6372
6835
7046
6997
6688
6129
5339
4347
3187
1902
539
-853
-2224
-3524
-4703
-5720
-6535
-7119
-7449
-7512
-7304
-6832
-6112
-5168
-4034
-2748
-1358
88
1540
2944
4252
5415
6394
7151
7661
7905
7872
7565
6992
6174
5139
3922
2566
1118
-371
-1852
-3272
-4582
-5737
-6698
-7431
-7912
-8124
-8061
-7725
-7128
-6291
-5243
-4020
-2663
-1220
261
1730
3139
4440
5591
6553
7296
7796
8038
8016
7731
7197
6430
5459
4317
3041
1676
265
-1144
-2508
-3782
-4926
-5905
-6690
-7257
-7591
-7684
-7536
-7154
-6553
-5755
-4787
-3681
-2473
-1202
91
1369
2591
3722
4729
5583
6262
6746
7026
7096
6957
6617
6089
5390
4544
3577
2519
1400
254
-886
-1992
-3031
-3976
-4802
-5490
-6022
-6385
-6574
-6583
-6415
-6077
-5578
-4932
-4158
-3276
-2309
-1282
-220
847
1896
2900
3832
4670
5391
5978
6415
6689
6791
6718
6468
6044
5456
4715
3836
2841
1751
593
-603
-1809
-2992
-4120
-5163
-6088
-6868
-7477
-7893
-8100
-8084
-7840
-7368
-6672
-5766
-4670
-3408
-2011
-517
1034
2599
4133
5587
6918
8079
9033
9741
10177
10316
10147
9664
8873
7788
6434
4845
3063
1138
-874
-2913
-4915
-6816
-8553
-10067
-11303
-12215
-12764
-12923
-12676
-12022
-10969
-9542
-7777
-5723
-3438
-990
1544
4086
6553
8863
10937
12703
14096
15062
15560
15565
15064
14065
12589
10675
8377
5763
2913
-84
-3133
-6134
-8987
-11595
-13868
-15725
-17097
-17930
-18188
-17853
-16925
-15427
-13398
-10898
-8002
-4801
-1396
2102
5580
8920
12009
14742
17023
18769
19916
20417
20248
19406
17912
15807
13154
10037
6553
2816
-1052
-4924
-8671
-12164
-15286
-17927
-19995
-21416
-22136
-22125
-21377
-19910
-17769
-15020
-11751
-8067
-4089
51
4216
8266
12063
15480
18398
20717
22356
23255
23381
22725
21307
19170
16383
13038
9244
5129
829
-3510
-7743
-11727
-15327
-18421
-20902
-22686
-23711
-23942
-23369
-22012
-19914
-17147
-13803
-9996
-5853
-1516
2868
7153
11193
14851
18003
20544
22388
23474
23766
23257
21965
19936
17242
13975
10249
6191
1941
-2355
-6553
-10509
-14091
-17177
-19665
-21473
-22544
-22845
-22370
-21141
-19203
-16627
-13507
-9952
-6087
-2046
2029
6002
9735
13104
15994
18313
19985
20958
21207
20729
19549
17714
15294
12380
9077
5504
1786
-1944
-5559
-8935
-11957
-14526
-16559
-17991
-18782
-18912
-18388
-17236
-15506
-13268
-10607
-7624
-4428
-1134
2138
5276
8172
10726
12854
14490
15585
16109
16054
15435
14283
12652
10608
8234
5623
2872
84
-2637
-5197
-7506
-9485
-11069
-12210
-12876
-13055
-12750
-11986
-10802
-9252
-7405
-5336
-3130
-873
1347
3448
5352
6991
8309
9263
9827
9988
9752
9138
8181
6928
5438
3776
2016
230
-1506
-3123
-4557
-5753
-6664
-7261
-7524
-7450
-7048
-6342
-5369
-4176
-2819
-1359
135
1600
2969
4181
5184
5933
6396
0
0
0
0
0
0
0
0
0
0
0
0
0
0
0
0
0
0
0
0
0
0
0
0
0
0
0
0
0
0
0
0
0
0
0
0
0
0
0
0
0
0
0
0
0
0
0
0
0
0
0
0
0
0
0
0
0
0
0
0
0
0
0
0
0
0
0
19660
19314
18288
16620
14367
11611
8448
4992
1365
-2304
-5887
-9256
-12293
-14890
-16957
-18422
-19235
-19368
-18819
-17609
-15784
-13409
-10571
-7372
-3927
-358
3206
6640
9824
12645
15004
16821
18033
18602
18509
17763
16393
14453
12014
9166
6014
2671
-740
-4100
-7289
-10193
-12711
-14757
-16260
-17172
-17464
-17131
-16190
-14680
-12659
-10206
-7411
-4379
-1221
1948
5015
7870
10411
12551
14215
15348
15914
15899
15310
14173
12536
10464
8036
5346
2494
-413
-3270
-5972
-8421
-10531
-12228
-13454
-14170
-14355
-14008
-13148
-11813
-10058
-7953
-5580
-3031
-403
2205
4698
6982
8974
10603
11812
12561
12826
12602
11904
10764
9228
7360
5234
2934
549
-1829
-4110
-6208
-8044
-9550
-10671
-11369
-11619
-11416
-10772
-9715
-8290
-6553
-4575
-2433
-212
2001
4121
6067
7763
9145
10160
10771
10956
10709
10042
8981
7569
5862
3927
1840
-317
-2461
-4509
-6379
-8001
-9311
-10257
-10802
-10926
-10622
-9902
-8793
-7336
-5587
-3613
-1489
702
2879
4957
6856
8501
9830
10789
11340
11461
11145
10400
9253
7746
5933
3881
1665
-630
-2922
-5122
-7149
-8924
-10381
-11463
-12127
-12346
-12109
-11421
-10306
-8801
-6960
-4848
-2541
-122
2321
4699
6926
8918
10603
11917
12811
13250
13215
12705
11736
10340
8565
6472
4135
1637
-935
-3491
-5938
-8190
-10166
-11795
-13018
-13791
-14084
-13886
-13203
-12056
-10484
-8542
-6295
-3822
-1208
1455
4078
6569
8840
10813
12420
13605
14328
14562
14300
13550
12339
10708
8712
6420
3910
1267
-1417
-4054
-6553
-8831
-10810
-12426
-13623
-14365
-14626
-14399
-13694
-12536
-10965
-9036
-6813
-4373
-1796
830
3419
5887
8151
10138
11785
13040
13865
14233
14138
13585
12596
11205
9461
7424
5161
2747
262
-2213
-4600
-6823
-8812
-10506
-11853
-12814
-13362
-13485
-13182
-12468
-11369
-9925
-8184
-6204
-4050
-1791
501
2756
4904
6879
8623
10086
11225
12011
12423
12455
12109
11401
10357
9014
7414
5610
3658
1617
-449
-2481
-4419
-6207
-7795
-9138
-10202
-10958
-11388
-11484
-11248
-10690
-9830
-8695
-7321
-5749
-4026
-2202
-329
1540
3354
5062
6618
7980
9112
9984
10574
10868
10858
10546
9943
9064
7936
6589
5060
3391
1626
-185
-1995
-3755
-5416
-6933
-8265
-9373
-10228
-10804
-11083
-11056
-10722
-10085
-9162
-7974
-6553
-4934
-3160
-1279
657
2596
4485
6268
7893
9314
10486
11372
11943
12178
12063
11598
10790
9656
8225
6532
4623
2550
372
-1849
-4050
-6163
-8126
-9876
-11357
-12522
-13329
-13748
-13760
-13357
-12545
-11341
-9775
-7889
-5735
-3375
-877
1682
4228
6681
8964
11002
12730
14089
15032
15521
15537
15071
14130
12738
10932
8762
6291
3594
751
-2148
-5015
-7758
-10289
-12526
-14393
-15827
-16778
-17211
-17104
-16457
-15283
-13615
-11499
-9000
-6192
-3163
-6
3177
6287
9223
11889
14199
16074
17452
18284
18540
18206
17290
15816
13829
11388
8569
5460
2160
-1226
-4592
-7827
-10827
-13494
-15741
-17494
-18695
-19301
-19292
-18665
-17439
-15651
-13356
-10629
-7554
-4231
-766
2729
6143
9365
12291
14826
16888
18411
19345
19660
19345
18411
16888
14826
12291
9365
6143
2729
-766
-4231
-7554
-10629
-13356
-15651
-17439
-18665
-19292
-19301
-18695
-17494
-15741
-13494
-10827
-7827
-4592
-1226
2160
5460
8569
11388
13829
15816
17290
18206
18540
18284
17452
16074
14199
11889
9223
6287
3177
-6
-3163
-6192
-9000
-11499
-13615
-15283
-16457
-17104
-17211
-16778
-15827
-14393
-12526
-10289
-7758
-5015
-2148
751
3594
6291
8762
10932
12738
14130
15071
15537
15521
15032
14089
12730
11002
8964
6681
4228
1682
-877
-3375
-5735
-7889
-9775
-11341
-12545
-13357
-13760
-13748
-13329
-12522
-11357
-9876
-8126
-6163
-4050
-1849
372
2550
4623
6532
8225
9656
10790
11598
12063
12178
11943
11372
10486
9314
7893
6268
4485
2596
657
-1279
-3160
-4934
-6553
-7974
-9162
-10085
-10722
-11056
-11083
-10804
-10228
-9373
-8265
-6933
-5416
-3755
-1995
-185
1626
3391
5060
6589
7936
9064
9943
10546
10858
10868
10574
9984
9112
7980
6618
5062
3354
1540
-329
-2202
-4026
-5749
-7321
-8695
-9830
-10690
-11248
-11484
-11388
-10958
-10202
-9138
-7795
-6207
-4419
-2481
-449
1617
3658
5610
7414
9014
10357
11401
12109
12455
12423
12011
11225
10086
8623
6879
4904
2756
501
-1791
-4050
-6204
-8184
-9925
-11369
-12468
-13182
-13485
-13362
-12814
-11853
-10506
-8812
-6823
-4600
-2213
262
2747
5161
7424
9461
11205
12596
13585
14138
14233
13865
13040
11785
10138
8151
5887
3419
830
-1796
-4373
-6813
-9036
-10965
-12536
-13694
-14399
-14626
-14365
-13623
-12426
-10810
-8831
-6553
-4054
-1417
1267
3910
6420
8712
10708
12339
13550
14300
14562
14328
13605
12420
10813
8840
6569
4078
1455
-1208
-3822
-6295
-8542
-10484
-12056
-13203
-13886
-14084
-13791
-13018
-11795
-10166
-8190
-5938
-3491
-935
1637
4135
6472
8565
10340
11736
12705
13215
13250
12811
11917
10603
8918
6926
4699
2321
-122
-2541
-4848
-6960
-8801
-10306
-11421
-12109
-12346
-12127
-11463
-10381
-8924
-7149
-5122
-2922
-630
1665
3881
5933
7746
9253
10400
11145
11461
11340
10789
9830
8501
6856
4957
2879
702
-1489
-3613
-5587
-7336
-8793
-9902
-10622
-10926
-10802
-10257
-9311
-8001
-6379
-4509
-2461
-317
1840
3927
5862
7569
8981
10042
10709
10956
10771
10160
9145
7763
6067
4121
2001
-212
-2433
-4575
-6553
-8290
-9715
-10772
-11416
-11619
-11369
-10671
-9550
-8044
-6208
-4110
-1829
549
2934
5234
7360
9228
10764
11904
12602
12826
12561
11812
10603
8974
6982
4698
2205
-403
-3031
-5580
-7953
-10058
-11813
-13148
-14008
-14355
-14170
-13454
-12228
-10531
-8421
-5972
-3270
-413
2494
5346
8036
10464
12536
14173
15310
15899
15914
15348
14215
12551
10411
7870
5015
1948
-1221
-4379
-7411
-10206
-12659
-14680
-16190
-17131
-17464
-17172
-16260
-14757
-12711
-10193
-7289
-4100
-740
2671
6014
9166
12014
14453
16393
17763
18509
18602
18033
16821
15004
12645
9824
6640
3206
-358
-3927
-7372
-10571
-13409
-15784
-17609
-18819
-19368
-19235
-18422
-16957
-14890
-12293
-9256
-5887
-2304
1365
4992
8448
11611
14367
16620
18288
19314
0
0
0
0
0
0
0
0
0
0
0
0
0
0
0
0
0
0
0
0
0
0
0
0
0
0
0
0
0
0
0
0
0
0
0
0
0
0
0
0
0
0
0
0
0
0
0
0
0
0
0
0
0
0
0
0
0
0
0
0
0
0
0
0
0
0
0
-19660
-19345
-18411
-16888
-14826
-12291
-9365
-6143
-2729
766
4231
7554
10629
13356
15651
17439
18665
19292
19301
18695
17494
15741
13494
10827
7827
4592
1226
-2160
-5460
-8569
-11388
-13829
-15816
-17290
-18206
-18540
-18284
-17452
-16074
-14199
-11889
-9223
-6287
-3177
6
3163
6192
9000
11499
13615
15283
16457
17104
17211
16778
15827
14393
12526
10289
7758
5015
2148
-751
-3594
-6291
-8762
-10932
-12738
-14130
-15071
-15537
-15521
-15032
-14089
-12730
-11002
-8964
-6681
-4228
-1682
877
3375
5735
7889
9775
11341
12545
13357
13760
13748
13329
12522
11357
9876
8126
6163
4050
1849
-372
-2550
-4623
-6532
-8225
-9656
-10790
-11598
-12063
-12178
-11943
-11372
-10486
-9314
-7893
-6268
-4485
-2596
-657
1279
3160
4934
6553
7974
9162
10085
10722
11056
11083
10804
10228
9373
8265
6933
5416
3755
1995
185
-1626
-3391
-5060
-6589
-7936
-9064
-9943
-10546
-10858
-10868
-10574
-9984
-9112
-7980
-6618
-5062
-3354
-1540
329
2202
4026
5749
7321
8695
9830
10690
11248
11484
11388
10958
10202
9138
7795
6207
4419
2481
449
-1617
-3658
-5610
-7414
-9014
-10357
-11401
-12109
-12455
-12423
-12011
-11225
-10086
-8623
-6879
-4904
-2756
-501
1791
4050
6204
8184
9925
11369
12468
13182
13485
13362
12814
11853
10506
8812
6823
4600
2213
-262
-2747
-5161
-7424
-9461
-11205
-12596
-13585
-14138
-14233
-13865
-13040
-11785
-10138
-8151
-5887
-3419
-830
1796
4373
6813
9036
10965
12536
13694
14399
14626
14365
13623
12426
10810
8831
6553
4054
1417
-1267
-3910
-6420
-8712
-10708
-12339
-13550
-14300
-14562
-14328
-13605
-12420
-10813
-8840
-6569
-4078
-1455
1208
3822
6295
8542
10484
12056
13203
13886
14084
13791
13018
11795
10166
8190
5938
3491
935
-1637
-4135
-6472
-8565
-10340
-11736
-12705
-13215
-13250
-12811
-11917
-10603
-8918
-6926
-4699
-2321
122
2541
4848
6960
8801
10306
11421
12109
12346
12127
11463
10381
8924
7149
5122
2922
630
-1665
-3881
-5933
-7746
-9253
-10400
-11145
-11461
-11340
-10789
-9830
-8501
-6856
-4957
-2879
-702
1489
3613
5587
7336
8793
9902
10622
10926
10802
10257
9311
8001
6379
4509
2461
317
-1840
-3927
-5862
-7569
-8981
-10042
-10709
-10956
-10771
-10160
-9145
-7763
-6067
-4121
-2001
212
2433
4575
6553
8290
9715
10772
11416
11619
11369
10671
9550
8044
6208
4110
1829
-549
-2934
-5234
-7360
-9228
-10764
-11904
-12602
-12826
-12561
-11812
-10603
-8974
-6982
-4698
-2205
403
3031
5580
7953
10058
11813
13148
14008
14355
14170
13454
12228
10531
8421
5972
3270
413
-2494
-5346
-8036
-10464
-12536
-14173
-15310
-15899
-15914
-15348
-14215
-12551
-10411
-7870
-5015
-1948
1221
4379
7411
10206
12659
14680
16190
17131
17464
17172
16260
14757
12711
10193
7289
4100
740
-2671
-6014
-9166
-12014
-14453
-16393
-17763
-18509
-18602
-18033
-16821
-15004
-12645
-9824
-6640
-3206
358
3927
7372
10571
13409
15784
17609
18819
19368
19235
18422
16957
14890
12293
9256
5887
2304
-1365
-4992
-8448
-11611
-14367
-16620
-18288
-19314
-19660
-19314
-18288
-16620
-14367
-11611
-8448
-4992
-1365
2304
5887
9256
12293
14890
16957
18422
19235
19368
18819
17609
15784
13409
10571
7372
3927
358
-3206
-6640
-9824
-12645
-15004
-16821
-18033
-18602
-18509
-17763
-16393
-14453
-12014
-9166
-6014
-2671
740
4100
7289
10193
12711
14757
16260
17172
17464
17131
16190
14680
12659
10206
7411
4379
1221
-1948
-5015
-7870
-10411
-12551
-14215
-15348
-15914
-15899
-15310
-14173
-12536
-10464
-8036
-5346
-2494
413
3270
5972
8421
10531
12228
13454
14170
14355
14008
13148
11813
10058
7953
5580
3031
403
-2205
-4698
-6982
-8974
-10603
-11812
-12561
-12826
-12602
-11904
-10764
-9228
-7360
-5234
-2934
-549
1829
4110
6208
8044
9550
10671
11369
11619
11416
10772
9715
8290
6553
4575
2433
212
-2001
-4121
-6067
-7763
-9145
-10160
-10771
-10956
-10709
-10042
-8981
-7569
-5862
-3927
-1840
317
2461
4509
6379
8001
9311
10257
10802
10926
10622
9902
8793
7336
5587
3613
1489
-702
-2879
-4957
-6856
-8501
-9830
-10789
-11340
-11461
-11145
-10400
-9253
-7746
-5933
-3881
-1665
630
2922
5122
7149
8924
10381
11463
12127
12346
12109
11421
10306
8801
6960
4848
2541
122
-2321
-4699
-6926
-8918
-10603
-11917
-12811
-13250
-13215
-12705
-11736
-10340
-8565
-6472
-4135
-1637
935
3491
5938
8190
10166
11795
13018
13791
14084
13886
13203
12056
10484
8542
6295
3822
1208
-1455
-4078
-6569
-8840
-10813
-12420
-13605
-14328
-14562
-14300
-13550
-12339
-10708
-8712
-6420
-3910
-1267
1417
4054
6553
8831
10810
12426
13623
14365
14626
14399
13694
12536
10965
9036
6813
4373
1796
-830
-3419
-5887
-8151
-10138
-11785
-13040
-13865
-14233
-14138
-13585
-12596
-11205
-9461
-7424
-5161
-2747
-262
2213
4600
6823
8812
10506
11853
12814
13362
13485
13182
12468
11369
9925
8184
6204
4050
1791
-501
-2756
-4904
-6879
-8623
-10086
-11225
-12011
-12423
-12455
-12109
-11401
-10357
-9014
-7414
-5610
-3658
-1617
449
2481
4419
6207
7795
9138
10202
10958
11388
11484
11248
10690
9830
8695
7321
5749
4026
2202
329
-1540
-3354
-5062
-6618
-7980
-9112
-9984
-10574
-10868
-10858
-10546
-9943
-9064
-7936
-6589
-5060
-3391
-1626
185
1995
3755
5416
6933
8265
9373
10228
10804
11083
11056
10722
10085
9162
7974
6553
4934
3160
1279
-657
-2596
-4485
-6268
-7893
-9314
-10486
-11372
-11943
-12178
-12063
-11598
-10790
-9656
-8225
-6532
-4623
-2550
-372
1849
4050
6163
8126
9876
11357
12522
13329
13748
13760
13357
12545
11341
9775
7889
5735
3375
877
-1682
-4228
-6681
-8964
-11002
-12730
-14089
-15032
-15521
-15537
-15071
-14130
-12738
-10932
-8762
-6291
-3594
-751
2148
5015
7758
10289
12526
14393
15827
16778
17211
17104
16457
15283
13615
11499
9000
6192
3163
6
-3177
-6287
-9223
-11889
-14199
-16074
-17452
-18284
-18540
-18206
-17290
-15816
-13829
-11388
-8569
-5460
-2160
1226
4592
7827
10827
13494
15741
17494
18695
19301
19292
18665
17439
15651
13356
10629
7554
4231
766
-2729
-6143
-9365
-12291
-14826
-16888
-18411
-19345
0
0
0
0
0
0
0
0
0
0
0
0
0
0
0
0
0
0
0
0
0
0
0
0
0
0
0
0
0
0
0
0
0
0
0
0
0
0
0
0
0
0
0
0
0
0
0
0
0
0
0
0
0
0
0
0
0
0
0
0
0
0
0
0
0
0
0
-6553
-6474
-6240
-5854
-5325
-4665
-3886
-3007
-2045
-1023
36
1109
2169
3191
4149
5017
5773
6394
6861
7159
7274
7199
6931
6471
5827
5009
4036
2928
1714
424
-909
-2248
-3556
-4795
-5926
-6914
-7726
-8335
-8715
-8850
-8728
-8348
-7712
-6833
-5732
-4435
-2977
-1399
254
1935
3593
5175
6632
7915
8981
9793
10320
10538
10437
10011
9267
8224
6908
5356
3611
1726
-241
-2232
-4182
-6030
-7715
-9181
-10378
-11264
-11807
-11983
-11784
-11209
-10274
-9002
-7431
-5608
-3587
-1433
786
3003
5144
7140
8925
10440
11634
12466
12906
12937
12555
11769
10603
9091
7281
5229
3000
665
-1699
-4019
-6218
-8225
-9974
-11407
-12479
-13152
-13406
-13230
-12630
-11625
-10247
-8541
-6562
-4374
-2048
340
2714
4997
7115
9000
10592
11840
12706
13161
13195
12806
12011
10836
9321
7518
5486
3291
1007
-1292
-3535
-5648
-7564
-9224
-10577
-11582
-12210
-12446
-12285
-11737
-10824
-9579
-8047
-6279
-4335
-2279
-179
1899
3889
5729
7363
8743
9830
10593
11014
11086
10814
10211
9304
8126
6720
5134
3421
1638
-158
-1914
-3574
-5091
-6420
-7526
-8381
-8965
-9267
-9287
-9030
-8514
-7759
-6797
-5661
-4391
-3028
-1615
-195
1190
2503
3707
4773
5675
6393
6915
7232
7344
7255
6976
6521
5909
5161
4303
3360
2360
1329
293
-720
-1691
-2596
-3419
-4142
-4753
-5243
-5604
-5833
-5928
-5889
-5722
-5429
-5020
-4503
-3889
-3189
-2417
-1588
-717
178
1082
1975
2840
3657
4408
5074
5637
6080
6390
6553
6559
6401
6075
5584
4930
4125
3181
2119
961
-265
-1529
-2797
-4033
-5201
-6262
-7183
-7930
-8472
-8786
-8853
-8659
-8200
-7480
-6510
-5311
-3909
-2343
-653
1109
2895
4646
6307
7822
9137
10204
10981
11433
11536
11275
10648
9664
8345
6724
4845
2763
540
-1755
-4050
-6268
-8334
-10177
-11730
-12936
-13745
-14122
-14045
-13505
-12511
-11086
-9267
-7108
-4673
-2037
713
3491
6203
8757
11064
13043
14620
15737
16348
16423
15952
14940
13414
11418
9010
6267
3276
135
-3052
-6178
-9136
-11825
-14147
-16022
-17378
-18163
-18345
-17909
-16863
-15236
-13076
-10453
-7449
-4164
-707
2805
6255
9522
12493
15064
17143
18655
19543
19772
19328
18221
16484
14173
11361
8144
4627
932
-2816
-6490
-9961
-13108
-15821
-18004
-19578
-20486
-20693
-20189
-18986
-17125
-14666
-11692
-8305
-4619
-762
3131
6928
10495
13707
16452
18632
20170
21010
21122
20499
19162
17157
14551
11434
7916
4119
175
-3777
-7600
-11158
-14327
-16994
-19066
-20469
-21154
-21095
-20295
-18782
-16608
-13851
-10608
-6994
-3136
827
4758
8517
11969
14993
17482
19347
20523
20969
20669
19635
17904
15540
12626
9267
5585
1711
-2215
-6055
-9670
-12931
-15721
-17942
-19515
-20383
-20517
-19914
-18596
-16612
-14035
-10957
-7492
-3765
89
3931
7622
11029
14029
16514
18395
19605
20101
19867
18911
17270
15004
12198
8953
5388
1633
-2173
-5894
-9394
-12545
-15232
-17360
-18849
-19648
-19726
-19083
-17743
-15754
-13190
-10146
-6733
-3076
690
4429
8004
11284
14148
16492
18230
19299
19660
19299
18230
16492
14148
11284
8004
4429
690
-3076
-6733
-10146
-13190
-15754
-17743
-19083
-19726
-19648
-18849
-17360
-15232
-12545
-9394
-5894
-2173
1633
5388
8953
12198
15004
17270
18911
19867
20101
19605
18395
16514
14029
11029
7622
3931
89
-3765
-7492
-10957
-14035
-16612
-18596
-19914
-20517
-20383
-19515
-17942
-15721
-12931
-9670
-6055
-2215
1711
5585
9267
12626
15540
17904
19635
20669
20969
20523
19347
17482
14993
11969
8517
4758
827
-3136
-6994
-10608
-13851
-16608
-18782
-20295
-21095
-21154
-20469
-19066
-16994
-14327
-11158
-7600
-3777
175
4119
7916
11434
14551
17157
19162
20499
21122
21010
20170
18632
16452
13707
10495
6928
3131
-762
-4619
-8305
-11692
-14666
-17125
-18986
-20189
-20693
-20486
-19578
-18004
-15821
-13108
-9961
-6490
-2816
932
4627
8144
11361
14173
16484
18221
19328
19772
19543
18655
17143
15064
12493
9522
6255
2805
-707
-4164
-7449
-10453
-13076
-15236
-16863
-17909
-18345
-18163
-17378
-16022
-14147
-11825
-9136
-6178
-3052
135
3276
6267
9010
11418
13414
14940
15952
16423
16348
15737
14620
13043
11064
8757
6203
3491
713
-2037
-4673
-7108
-9267
-11086
-12511
-13505
-14045
-14122
-13745
-12936
-11730
-10177
-8334
-6268
-4050
-1755
540
2763
4845
6724
8345
9664
10648
11275
11536
11433
10981
10204
9137
7822
6307
4646
2895
1109
-653
-2343
-3909
-5311
-6510
-7480
-8200
-8659
-8853
-8786
-8472
-7930
-7183
-6262
-5201
-4033
-2797
-1529
-265
961
2119
3181
4125
4930
5584
6075
6401
6559
6553
6390
6080
5637
5074
4408
3657
2840
1975
1082
178
-717
-1588
-2417
-3189
-3889
-4503
-5020
-5429
-5722
-5889
-5928
-5833
-5604
-5243
-4753
-4142
-3419
-2596
-1691
-720
293
1329
2360
3360
4303
5161
5909
6521
6976
7255
7344
7232
6915
6393
5675
4773
3707
2503
1190
-195
-1615
-3028
-4391
-5661
-6797
-7759
-8514
-9030
-9287
-9267
-8965
-8381
-7526
-6420
-5091
-3574
-1914
-158
1638
3421
5134
6720
8126
9304
10211
10814
11086
11014
10593
9830
8743
7363
5729
3889
1899
-179
-2279
-4335
-6279
-8047
-9579
-10824
-11737
-12285
-12446
-12210
-11582
-10577
-9224
-7564
-5648
-3535
-1292
1007
3291
5486
7518
9321
10836
12011
12806
13195
13161
12706
11840
10592
9000
7115
4997
2714
340
-2048
-4374
-6562
-8541
-10247
-11625
-12630
-13230
-13406
-13152
-12479
-11407
-9974
-8225
-6218
-4019
-1699
665
3000
5229
7281
9091
10603
11769
12555
12937
12906
12466
11634
10440
8925
7140
5144
3003
786
-1433
-3587
-5608
-7431
-9002
-10274
-11209
-11784
-11983
-11807
-11264
-10378
-9181
-7715
-6030
-4182
-2232
-241
1726
3611
5356
6908
8224
9267
10011
10437
10538
10320
9793
8981
7915
6632
5175
3593
1935
254
-1399
-2977
-4435
-5732
-6833
-7712
-8348
-8728
-8850
-8715
-8335
-7726
-6914
-5926
-4795
-3556
-2248
-909
424
1714
2928
4036
5009
5827
6471
6931
7199
7274
7159
6861
6394
5773
5017
4149
3191
2169
1109
36
-1023
-2045
-3007
-3886
-4665
-5325
-5854
-6240
-6474
0
0
0
0
0
0
0
0
0
0
0
0
0
0
0
0
0
0
0
0
0
0
0
0
0
0
0
0
0
0
0
0
0
0
0
0
0
0
0
0
0
0
0
0
0
0
0
0
0
0
0
0
0
0
0
0
0
0
0
0
0
0
0
0
0
0
0
-19660
-19314
-18288
-16620
-14367
-11611
-8448
-4992
-1365
2304
5887
9256
12293
14890
16957
18422
19235
19368
18819
17609
15784
13409
10571
7372
3927
358
-3206
-6640
-9824
-12645
-15004
-16821
-18033
-18602
-18509
-17763
-16393
-14453
-12014
-9166
-6014
-2671
740
4100
7289
10193
12711
14757
16260
17172
17464
17131
16190
14680
12659
10206
7411
4379
1221
-1948
-5015
-7870
-10411
-12551
-14215
-15348
-15914
-15899
-15310
-14173
-12536
-10464
-8036
-5346
-2494
413
3270
5972
8421
10531
12228
13454
14170
14355
14008
13148
11813
10058
7953
5580
3031
403
-2205
-4698
-6982
-8974
-10603
-11812
-12561
-12826
-12602
-11904
-10764
-9228
-7360
-5234
-2934
-549
1829
4110
6208
8044
9550
10671
11369
11619
11416
10772
9715
8290
6553
4575
2433
212
-2001
-4121
-6067
-7763
-9145
-10160
-10771
-10956
-10709
-10042
-8981
-7569
-5862
-3927
-1840
317
2461
4509
6379
8001
9311
10257
10802
10926
10622
9902
8793
7336
5587
3613
1489
-702
-2879
-4957
-6856
-8501
-9830
-10789
-11340
-11461
-11145
-10400
-9253
-7746
-5933
-3881
-1665
630
2922
5122
7149
8924
10381
11463
12127
12346
12109
11421
10306
8801
6960
4848
2541
122
-2321
-4699
-6926
-8918
-10603
-11917
-12811
-13250
-13215
-12705
-11736
-10340
-8565
-6472
-4135
-1637
935
3491
5938
8190
10166
11795
13018
13791
14084
13886
13203
12056
10484
8542
6295
3822
1208
-1455
-4078
-6569
-8840
-10813
-12420
-13605
-14328
-14562
-14300
-13550
-12339
-10708
-8712
-6420
-3910
-1267
1417
4054
6553
8831
10810
12426
13623
14365
14626
14399
13694
12536
10965
9036
6813
4373
1796
-830
-3419
-5887
-8151
-10138
-11785
-13040
-13865
-14233
-14138
-13585
-12596
-11205
-9461
-7424
-5161
-2747
-262
2213
4600
6823
8812
10506
11853
12814
13362
13485
13182
12468
11369
9925
8184
6204
4050
1791
-501
-2756
-4904
-6879
-8623
-10086
-11225
-12011
-12423
-12455
-12109
-11401
-10357
-9014
-7414
-5610
-3658
-1617
449
2481
4419
6207
7795
9138
10202
10958
11388
11484
11248
10690
9830
8695
7321
5749
4026
2202
329
-1540
-3354
-5062
-6618
-7980
-9112
-9984
-10574
-10868
-10858
-10546
-9943
-9064
-7936
-6589
-5060
-3391
-1626
185
1995
3755
5416
6933
8265
9373
10228
10804
11083
11056
10722
10085
9162
7974
6553
4934
3160
1279
-657
-2596
-4485
-6268
-7893
-9314
-10486
-11372
-11943
-12178
-12063
-11598
-10790
-9656
-8225
-6532
-4623
-2550
-372
1849
4050
6163
8126
9876
11357
12522
13329
13748
13760
13357
12545
11341
9775
7889
5735
3375
877
-1682
-4228
-6681
-8964
-11002
-12730
-14089
-15032
-15521
-15537
-15071
-14130
-12738
-10932
-8762
-6291
-3594
-751
2148
5015
7758
10289
12526
14393
15827
16778
17211
17104
16457
15283
13615
11499
9000
6192
3163
6
-3177
-6287
-9223
-11889
-14199
-16074
-17452
-18284
-18540
-18206
-17290
-15816
-13829
-11388
-8569
-5460
-2160
1226
4592
7827
10827
13494
15741
17494
18695
19301
19292
18665
17439
15651
13356
10629
7554
4231
766
-2729
-6143
-9365
-12291
-14826
-16888
-18411
-19345
-19660
-19345
-18411
-16888
-14826
-12291
-9365
-6143
-2729
766
4231
7554
10629
13356
15651
17439
18665
19292
19301
18695
17494
15741
13494
10827
7827
4592
1226
-2160
-5460
-8569
-11388
-13829
-15816
-17290
-18206
-18540
-18284
-17452
-16074
-14199
-11889
-9223
-6287
-3177
6
3163
6192
9000
11499
13615
15283
16457
17104
17211
16778
15827
14393
12526
10289
7758
5015
2148
-751
-3594
-6291
-8762
-10932
-12738
-14130
-15071
-15537
-15521
-15032
-14089
-12730
-11002
-8964
-6681
-4228
-1682
877
3375
5735
7889
9775
11341
12545
13357
13760
13748
13329
12522
11357
9876
8126
6163
4050
1849
-372
-2550
-4623
-6532
-8225
-9656
-10790
-11598
-12063
-12178
-11943
-11372
-10486
-9314
-7893
-6268
-4485
-2596
-657
1279
3160
4934
6553
7974
9162
10085
10722
11056
11083
10804
10228
9373
8265
6933
5416
3755
1995
185
-1626
-3391
-5060
-6589
-7936
-9064
-9943
-10546
-10858
-10868
-10574
-9984
-9112
-7980
-6618
-5062
-3354
-1540
329
2202
4026
5749
7321
8695
9830
10690
11248
11484
11388
10958
10202
9138
7795
6207
4419
2481
449
-1617
-3658
-5610
-7414
-9014
-10357
-11401
-12109
-12455
-12423
-12011
-11225
-10086
-8623
-6879
-4904
-2756
-501
1791
4050
6204
8184
9925
11369
12468
13182
13485
13362
12814
11853
10506
8812
6823
4600
2213
-262
-2747
-5161
-7424
-9461
-11205
-12596
-13585
-14138
-14233
-13865
-13040
-11785
-10138
-8151
-5887
-3419
-830
1796
4373
6813
9036
10965
12536
13694
14399
14626
14365
13623
12426
10810
8831
6553
4054
1417
-1267
-3910
-6420
-8712
-10708
-12339
-13550
-14300
-14562
-14328
-13605
-12420
-10813
-8840
-6569
-4078
-1455
1208
3822
6295
8542
10484
12056
13203
13886
14084
13791
13018
11795
10166
8190
5938
3491
935
-1637
-4135
-6472
-8565
-10340
-11736
-12705
-13215
-13250
-12811
-11917
-10603
-8918
-6926
-4699
-2321
122
2541
4848
6960
8801
10306
11421
12109
12346
12127
11463
10381
8924
7149
5122
2922
630
-1665
-3881
-5933
-7746
-9253
-10400
-11145
-11461
-11340
-10789
-9830
-8501
-6856
-4957
-2879
-702
1489
3613
5587
7336
8793
9902
10622
10926
10802
10257
9311
8001
6379
4509
2461
317
-1840
-3927
-5862
-7569
-8981
-10042
-10709
-10956
-10771
-10160
-9145
-7763
-6067
-4121
-2001
212
2433
4575
6553
8290
9715
10772
11416
11619
11369
10671
9550
8044
6208
4110
1829
-549
-2934
-5234
-7360
-9228
-10764
-11904
-12602
-12826
-12561
-11812
-10603
-8974
-6982
-4698
-2205
403
3031
5580
7953
10058
11813
13148
14008
14355
14170
13454
12228
10531
8421
5972
3270
413
-2494
-5346
-8036
-10464
-12536
-14173
-15310
-15899
-15914
-15348
-14215
-12551
-10411
-7870
-5015
-1948
1221
4379
7411
10206
12659
14680
16190
17131
17464
17172
16260
14757
12711
10193
7289
4100
740
-2671
-6014
-9166
-12014
-14453
-16393
-17763
-18509
-18602
-18033
-16821
-15004
-12645
-9824
-6640
-3206
358
3927
7372
10571
13409
15784
17609
18819
19368
19235
18422
16957
14890
12293
9256
5887
2304
-1365
-4992
-8448
-11611
-14367
-16620
-18288
-19314
0
0
0
0
0
0
0
0
0
0
0
0
0
0
0
0
0
0
0
0
0
0
0
0
0
0
0
0
0
0
0
0
0
0
0
0
0
0
0
0
0
0
0
0
0
0
0
0
0
0
0
0
0
0
0
0
0
0
0
0
0
0
0
0
0
0
0
