0
4278
8485
12550
16402
19973
23203
26035
28419
30314
31684
32507
32766
32456
31581
30156
28203
25758
22860
19561
15917
11991
7852
3573
-771
-5106
-9352
-13436
-17284
-20829
-24006
-26759
-29038
-30801
-32015
-32660
-32720
-32196
-31094
-29434
-27244
-24563
-21439
-17925
-14087
-9991
-5712
-1327
3083
7441
11667
15683
19415
22796
25762
28259
30239
31667
32514
32764
32412
31462
29931
27847
25247
22178
18696
14865
10755
6443
2009
-2465
-6896
-11201
-15299
-19113
-22570
-25606
-28162
-30190
-31650
-32514
-32764
-32394
-31411
-29832
-27686
-25012
-21861
-18292
-14372
-10175
-5781
-1274
3259
7733
12062
16161
19951
23359
26318
28771
30668
31973
32659
32711
32127
30919
29107
26727
23823
20452
16679
12577
8226
3711
-879
-5455
-9926
-14204
-18204
-21846
-25058
-27775
-29942
-31516
-32464
-32766
-32415
-31417
-29790
-27567
-24790
-21514
-17805
-13736
-9388
-4849
-209
4437
8997
13377
17489
21248
24578
27411
29687
31359
32393
32765
32468
31507
29899
27676
24884
21579
17828
13707
9301
4700
0
-4703
-9311
-13729
-17864
-21629
-24947
-27746
-29968
-31566
-32503
-32761
-32332
-31225
-29460
-27076
-24119
-20653
-16748
-12488
-7961
-3263
1506
6246
10856
15238
19298
22949
26112
28719
30713
32051
32702
32651
31900
30461
28366
25658
22395
18646
14492
10022
5332
524
-4298
-9029
-13567
-17811
-21669
-25055
-27896
-30127
-31699
-32577
-32739
-32182
-30916
-28967
-26379
-23206
-19519
-15397
-10932
-6222
-1372
3511
8320
12945
17284
21240
24723
27655
29968
31611
32545
32748
32214
30954
28995
26381
23169
19431
15252
10724
5950
1038
-3899
-8751
-13405
-17757
-21705
-25159
-28038
-30277
-31822
-32637
-32702
-32014
-30588
-28456
-25665
-22280
-18377
-14047
-9388
-4509
477
5455
10308
14924
19194
23018
26305
28979
30974
32243
32756
32498
31476
29711
27244
24133
20449
16280
11722
6884
1880
-3170
-8148
-12935
-17416
-21484
-25041
-28000
-30291
-31856
-32659
-32677
-31909
-30373
-28105
-25157
-21600
-17520
-13013
-8189
-3163
1941
7001
11893
16499
20705
24407
27516
29953
31659
32589
32721
32049
30590
28377
25463
21921
17836
13307
8448
3377
-1780
-6896
-11843
-16499
-20746
-24479
-27603
-30040
-31727
-32621
-32699
-31957
-30413
-28105
-25088
-21439
-17247
-12618
-7668
-2522
2689
7836
12787
17416
21605
25247
28248
30530
32035
32723
32574
31592
29801
27244
23987
20112
15718
10917
5832
595
-4660
-9798
-14685
-19194
-23208
-26622
-29345
-31307
-32455
-32757
-32206
-30813
-28614
-25665
-22043
-17841
-13169
-8148
-2911
2405
7661
12717
17440
21705
25397
28419
30689
32146
32750
32483
31352
29385
26633
23169
19084
14487
9500
4255
-1105
-6439
-11603
-16457
-20870
-24723
-27911
-30346
-31961
-32712
-32578
-31559
-29684
-27001
-23582
-19519
-14922
-9916
-4636
771
6162
11386
16301
20770
24671
27896
30354
31977
32719
32558
31498
29565
26813
23317
19172
14492
9407
4058
-1405
-6833
-12073
-16978
-21411
-25247
-28377
-30713
-32188
-32760
-32410
-31148
-29007
-26047
-22351
-18021
-13179
-7961
-2516
3003
8440
13640
18454
22745
26389
29282
31340
32503
32737
32033
30409
27913
24613
20604
16000
10932
5547
0
-5550
-10942
-16021
-20637
-24657
-27963
-30458
-32068
-32745
-32468
-31244
-29107
-26118
-22364
-17952
-13013
-7689
-2137
3479
8997
14252
19090
23367
26955
29748
31662
32640
32650
31691
29790
27003
23411
19119
14256
8965
3403
-2262
-7862
-13230
-18204
-22633
-26385
-29345
-31423
-32556
-32707
-31871
-30072
-27362
-23823
-19561
-14703
-9397
-3803
1908
7565
12994
18030
22517
26318
29316
31419
32559
32702
31841
30001
27238
23635
19302
14372
8996
3339
-2422
-8112
-13553
-18577
-23026
-26761
-29667
-31650
-32648
-32629
-31591
-29565
-26615
-22829
-18327
-13249
-7752
-2009
3799
9491
14886
19815
24120
27666
30338
32052
32751
32412
31044
28690
25423
21345
16586
11295
5642
-193
-6025
-11667
-16938
-21669
-25706
-28920
-31206
-32489
-32726
-31909
-30063
-27244
-23544
-19081
-13998
-8460
-2644
3259
9060
14569
19606
24006
27626
30346
32075
32756
32366
30916
28451
25051
20827
15917
10480
4696
-1244
-7147
-12817
-18065
-22719
-26622
-29644
-31684
-32674
-32578
-31398
-29173
-25975
-21909
-17110
-11737
-5969
0
5972
11747
17130
21941
26016
29217
31436
32596
32657
31615
29504
26395
22390
17625
12260
6476
470
-5554
-11392
-16845
-21726
-25867
-29127
-31393
-32585
-32662
-31619
-29491
-26349
-22301
-17483
-12062
-6222
-166
5898
11762
17222
22088
26191
29387
31566
32648
32597
31411
29131
25835
21636
16679
11138
5205
-912
-7001
-12847
-18244
-23003
-26955
-29960
-31912
-32739
-32412
-30940
-28374
-24803
-20353
-15179
-9465
-3413
2763
8843
14612
19863
24407
28083
30758
32334
32755
32003
30103
27124
23169
18381
12929
7010
836
-5370
-11386
-16993
-21989
-26191
-29446
-31636
-32680
-32538
-31214
-28754
-25247
-20819
-15630
-9868
-3744
2518
8692
14551
19879
24480
28184
30855
32393
32739
31880
29845
26709
22585
17625
12011
5950
-333
-6607
-12639
-18204
-23094
-27128
-30152
-32055
-32763
-32248
-30528
-27666
-23767
-18976
-13473
-7461
-1167
5173
11322
17047
22132
26385
29644
31785
32724
32427
30901
28203
24435
19738
14288
8294
1981
-4409
-10635
-16457
-21654
-26025
-29402
-31656
-32697
-32485
-31027
-28377
-24634
-19943
-14481
-8460
-2109
4324
10594
16457
21686
26077
29459
31699
32710
32451
30929
28203
24378
19601
14056
7961
1552
-4919
-11201
-17047
-22227
-26537
-29806
-31906
-32751
-32307
-30590
-27666
-23648
-18696
-13002
-6791
-309
6187
12441
18204
23246
27366
30398
32222
32762
31995
29951
26709
22398
17189
11289
4935
-1619
-8112
-14281
-19879
-24678
-28486
-31147
-32552
-32643
-31416
-28917
-25247
-20553
-15023
-8882
-2378
4225
10659
16662
21989
26421
29777
31918
32756
32254
30432
27362
23169
18024
12137
5748
-879
-7473
-13762
-19485
-24407
-28323
-31070
-32533
-32650
-31414
-28875
-25136
-20353
-14721
-8475
-1874
4807
11292
17307
22602
26955
30182
32146
32765
32010
29911
26556
22083
16679
10571
4016
-2711
-9326
-15551
-21121
-25799
-29387
-31732
-32732
-32344
-30582
-27520
-23286
-18060
-12062
-5547
1206
7911
14280
20041
24947
28786
31393
32653
32513
30975
28105
24024
18906
12972
6476
-301
-7069
-13534
-19415
-24458
-28443
-31196
-32596
-32580
-31148
-28360
-24336
-19250
-13322
-6811
0
6813
13332
19269
24364
28393
31178
32594
32578
31129
28309
24241
19103
13120
6555
-301
-7147
-13680
-19609
-24671
-28641
-31340
-32648
-32505
-30916
-27948
-23735
-18460
-12360
-5706
1206
8067
14569
20421
25359
29162
31656
32728
32328
30473
27244
22786
17298
11027
4255
-2711
-9557
-15974
-21669
-26383
-29901
-32062
-32766
-31979
-29736
-26137
-21345
-15577
-9095
-2195
4807
11593
17850
23291
27666
30771
32464
32665
31362
28614
24546
19345
13249
6538
-477
-7473
-14125
-20126
-25196
-29098
-31650
-32732
-32292
-30349
-26991
-22374
-16712
-10266
-3339
3746
10659
17076
22694
27251
30530
32377
32702
31489
28793
24740
19519
13375
6597
-494
-7565
-14281
-20323
-25404
-29282
-31772
-32753
-32178
-30072
-26533
-21729
-15887
-9285
-2238
4919
11843
18204
23695
28052
31066
32589
32548
30942
27847
23411
17845
11416
4435
-2763
-9830
-16425
-22227
-26955
-30378
-32330
-32713
-31507
-28769
-24631
-19293
-13013
-6096
1120
8285
15047
21076
26077
29802
32068
32763
31850
29372
25451
20276
14101
7230
0
-7232
-14111
-20295
-25478
-29402
-31872
-32764
-32033
-29711
-25913
-20827
-14703
-7845
-595
6688
13640
19914
25196
29220
31785
32759
32093
29819
26047
20967
14832
7950
664
-6656
-13645
-19948
-25247
-29273
-31822
-32763
-32046
-29706
-25861
-20703
-14492
-7543
-209
7138
14125
20396
25629
29557
31977
32766
31880
29363
25342
20022
13674
6622
-771
-8129
-15071
-21240
-26318
-30042
-32219
-32734
-31559
-28754
-24461
-18901
-12360
-5177
2276
9615
16457
22447
27271
30678
32489
32608
31026
27825
23169
17302
10527
3199
-4298
-11573
-18244
-23960
-28419
-31387
-32705
-32302
-30198
-26501
-21406
-15179
-8148
-684
6817
13962
20369
25700
29668
32064
32757
31710
28975
24698
19103
12488
5205
-2358
-9798
-16717
-22745
-27557
-30894
-32577
-32513
-30703
-27244
-22319
-16192
-9191
-1693
5898
13175
19743
25247
29388
31941
32765
31816
29141
24884
19276
12618
5272
-2362
-9871
-16845
-22903
-27714
-31014
-32621
-32445
-30495
-26875
-21781
-15492
-8351
-749
6896
14165
20658
26016
29942
32220
32721
31417
28377
23767
17841
10926
3403
-4310
-11787
-18613
-24407
-28847
-31684
-32759
-32010
-29476
-25298
-19707
-13013
-5590
2148
9769
16845
22980
27828
31116
32659
32366
30254
26438
21133
14635
7310
-430
-8148
-15409
-21801
-26962
-30598
-32502
-32563
-30778
-27244
-22162
-15818
-8572
-836
6950
14343
20920
26305
30190
32350
32661
31103
27762
22829
16586
9388
1649
-6187
-13670
-20369
-25898
-29936
-32249
-32702
-31267
-28024
-23161
-16955
-9766
-2009
5867
13405
20168
25762
29860
32222
32709
31291
28049
23169
16936
9711
1916
-5992
-13553
-20323
-25904
-29968
-32275
-32687
-31179
-27837
-22855
-16527
-9222
-1372
6562
14111
20829
26318
30252
32397
32623
30916
27374
22206
15718
8294
373
-7571
-15067
-21669
-26980
-30683
-32556
-32483
-30469
-26631
-21197
-14492
-6916
1077
9009
16402
22811
27851
31216
32702
32218
29790
25564
19793
12824
5078
-2978
-10856
-18080
-24210
-28873
-31785
-32766
-31757
-28816
-24119
-17952
-10689
-2772
5316
13083
20053
25799
29968
32304
32662
31017
27469
22233
15630
8064
0
-8067
-15639
-22251
-27492
-31038
-32669
-32282
-29899
-25665
-19840
-12785
-4935
3223
11185
18454
24578
29176
31960
32754
31507
28295
23317
16881
9388
1306
-6859
-14599
-21426
-26913
-30713
-32587
-32415
-30206
-26096
-20343
-13307
-5431
2789
10837
18204
24423
29100
31937
32755
31498
28244
23199
16679
9099
938
-7285
-15047
-21854
-27271
-30951
-32659
-32282
-29844
-25497
-19519
-12290
-4271
4023
12062
19330
25359
29762
32252
32670
30984
27303
21861
15008
7184
-1105
-9326
-16947
-23474
-28484
-31650
-32766
-31757
-28687
-23753
-17274
-9670
-1435
6896
14781
21705
27215
30951
32666
32248
29720
25247
19119
11737
3583
-4807
-12886
-20121
-26035
-30239
-32455
-32534
-30469
-26395
-20578
-13400
-5336
3083
11302
18775
25007
29584
32200
32681
30992
27244
21684
14679
6695
-1736
-10055
-17706
-24178
-29038
-31959
-32744
-31340
-27837
-22468
-15592
-7668
771
9163
16942
23583
28641
31772
32764
31548
28203
22955
16155
8261
-193
-8637
-16499
-23246
-28419
-31667
-32766
-31641
-28366
-23161
-16378
-8479
0
8482
16388
23178
28387
31659
32766
31633
28334
23092
16267
8323
-193
-8699
-16610
-23382
-28547
-31748
-32764
-31521
-28105
-22748
-15818
-7793
771
9287
17161
23850
28887
31923
32744
31292
27666
22114
15023
6884
-1736
-10238
-18030
-24565
-29387
-32158
-32681
-30919
-26991
-21173
-13868
-5590
3083
11543
19194
25499
30012
32414
32534
30361
26047
19895
12336
3903
-4807
-13181
-20625
-26610
-30711
-32637
-32248
-29569
-24790
-18247
-10405
-1820
6896
15124
22277
27843
31423
32760
31757
28483
23169
16196
8060
-655
-9326
-17331
-24094
-29127
-32068
-32703
-30984
-27033
-21133
-13707
-5289
3511
12062
19743
25999
30374
32552
32371
29844
25150
18630
10754
2094
-6719
-15047
-22282
-27896
-31478
-32765
-31661
-28244
-22763
-15616
-7324
1506
10228
18204
24847
29668
32313
32585
30461
26096
19809
12062
3423
-5469
-13962
-21426
-27310
-31178
-32740
-31881
-28661
-23317
-16242
-7961
912
9721
17811
24578
29519
32265
32608
30520
26157
19840
12041
3339
-5613
-14150
-21629
-27492
-31296
-32755
-31758
-28377
-22863
-15630
-7219
1736
10564
18599
25234
29968
32443
32468
30041
25342
18725
10689
1842
-7147
-15598
-22868
-28404
-31785
-32751
-31227
-27327
-21345
-13736
-5078
3969
12717
20496
26712
30887
32702
32014
28875
23522
16364
7950
-1077
-10024
-18204
-24986
-29848
-32414
-32483
-30050
-25298
-18593
-10451
-1499
7571
16058
23305
28750
31969
32711
30916
26720
20449
12587
3744
-5391
-14111
-21734
-27666
-31442
-32766
-31533
-27837
-21964
-14372
-5653
3510
12401
20323
26654
30894
32710
31957
28692
23169
15822
7226
-1941
-10958
-19113
-25762
-30378
-32596
-32237
-29328
-24096
-16955
-8469
691
9799
18132
25028
29936
32465
32412
29778
24772
17791
9388
234
-8940
-17404
-24479
-29598
-32350
-32513
-30072
-25219
-18342
-9991
-836
8388
16942
24135
29387
32275
32563
30226
25451
18620
10283
1113
-8148
-16754
-24006
-29316
-32252
-32574
-30254
-25477
-18630
-10266
-1066
8222
16845
24098
29390
32286
32549
30156
25298
18372
9941
695
-8610
-17213
-24407
-29603
-32371
-32482
-29925
-24908
-17841
-9305
0
9307
17850
24924
29942
32491
32356
29546
24293
17028
8351
-1019
-10308
-18745
-25629
-30386
-32621
-32145
-28995
-23432
-15917
-7073
2362
11603
19879
26497
30903
32728
31816
28241
22301
14491
5464
-4023
-13175
-21224
-27492
-31451
-32766
-31324
-27244
-20868
-12732
-3519
5992
15001
22745
28568
31977
32682
30619
25962
19103
10622
1238
-8253
-17047
-24394
-29668
-32420
-32412
-29643
-24347
-16973
-8148
1373
10781
19269
26112
30723
32705
31886
28334
22351
14449
5304
-4298
-13534
-21608
-27826
-31650
-32749
-31026
-26627
-19930
-11510
-2094
7504
16457
23989
29446
32355
32460
29752
24461
17046
8148
-1459
-10942
-19477
-26318
-30870
-32732
-31742
-27983
-21780
-13674
-4371
5316
14541
22496
28484
31977
32669
30495
25645
18541
9807
209
-9410
-18204
-25397
-30356
-32640
-32046
-28625
-22675
-14721
-5464
4278
13645
21806
28038
31787
32719
30748
26047
19032
10324
695
-8997
-17892
-25196
-30256
-32621
-32077
-28669
-22701
-14703
-5389
4409
13816
21989
28193
31872
32694
30582
25725
18555
9715
0
-9718
-18563
-25739
-30598
-32699
-31850
-28126
-21861
-13619
-4144
5708
15047
23026
28920
32194
32549
29951
24631
17073
7961
-1876
-11547
-20168
-26955
-31287
-32766
-31257
-26894
-20073
-11416
-1713
8148
17267
24807
30076
32589
32113
28690
22632
14492
5018
-4919
-14407
-22570
-28657
-32104
-32591
-30072
-24775
-17189
-8012
1907
11653
20323
27113
31393
32763
31094
26539
19519
10683
852
-9060
-18132
-25519
-30530
-32697
-31816
-27965
-21503
-13031
-3339
6667
16052
23938
29584
32459
32292
29097
23169
15065
5543
-4501
-14125
-22423
-28612
-32108
-32578
-29977
-24546
-16798
-7461
2582
12385
21019
27666
31694
32721
30647
25665
18247
9095
-923
-10856
-19760
-26786
-31264
-32766
-31146
-26556
-19431
-10451
-470
9557
18675
26008
30855
32749
31507
27244
20368
11537
1595
-8501
-17784
-25359
-30497
-32702
-31758
-27754
-21074
-12360
-2451
7696
17103
24860
30215
32648
31922
28105
21563
12929
3039
-7147
-16643
-24525
-30025
-32607
-32016
-28309
-21844
-13249
-3359
6859
16412
24364
29939
32588
32050
28377
21924
13322
3413
-6833
-16412
-24382
-29960
-32596
-32028
-28309
-21804
-13150
-3199
7069
16643
24578
30089
32630
31946
28105
21482
12732
2719
-7565
-17103
-24947
-30318
-32680
-31797
-27754
-20951
-12062
-1970
8320
17784
25478
30633
32732
31565
27244
20200
11134
952
-9326
-18675
-26154
-31014
-32765
-31228
-26556
-19215
-9941
333
10578
19760
26955
31436
32749
30759
25665
17979
8475
-1887
-12062
-21019
-27851
-31864
-32650
-30126
-24546
-16475
-6728
3703
13762
22423
28806
32258
32427
29291
23169
14683
4696
-5772
-15653
-23938
-29777
-32571
-32033
-28214
-21503
-12587
-2378
8077
17706
25519
30711
32748
31416
26850
19519
10175
-219
-10594
-19879
-27113
-31549
-32726
-30520
-25157
-17189
-7439
3083
13289
22119
28657
32222
32441
29289
23092
14492
4381
-6187
-16114
-24364
-30076
-32652
-31820
-27666
-20619
-11416
-1017
9491
19008
26537
31287
32757
30792
25595
17709
7961
-2625
-12939
-21894
-28547
-32194
-32451
-29286
-23032
-14346
-4144
6498
16457
24678
30291
32699
31644
27238
19943
10531
0
-10533
-19951
-27251
-31656
-32694
-30254
-24592
-16309
-6286
4409
14637
23305
29487
32519
32077
28203
21312
12137
1660
-8997
-18692
-26385
-31248
-32757
-30748
-25434
-17383
-7461
3266
13645
22556
29038
32390
32248
28625
21909
12824
2351
-8378
-18204
-26061
-31098
-32765
-30880
-25645
-17625
-7689
3083
13524
22496
29023
32393
32235
28565
21780
12618
2077
-8692
-18516
-26318
-31245
-32755
-30681
-25247
-17046
-6975
3863
14280
23132
29446
32527
32033
28015
20915
11510
836
-9932
-19609
-27125
-31650
-32682
-30103
-24198
-15616
-5304
5596
15880
24407
30232
32705
31550
26894
19250
9465
-1373
-12062
-21411
-28379
-32188
-32412
-29022
-22395
-13267
-2656
8253
18244
26197
31222
32754
30619
25054
16679
6433
-4537
-15001
-23783
-29895
-32648
-31731
-27244
-19690
-9916
976
11762
21224
28293
32170
32415
28997
22301
13080
2378
-8595
-18599
-26497
-31393
-32729
-30352
-24528
-15917
-5494
5554
15974
24578
30386
32734
31352
26395
18425
8351
-2679
-13405
-22602
-29217
-32491
-32046
-27932
-20616
-10936
0
10939
20625
27944
32055
32482
29173
22507
13249
2462
-8610
-18692
-26622
-31481
-32707
-30156
-24119
-15293
-4696
6446
16845
25296
30817
32766
30916
25477
17079
6695
-4468
-15115
-24006
-30106
-32702
-31489
-26606
-18620
-8460
2689
13528
22788
29387
32552
31909
27532
19930
9991
-1120
-12103
-21669
-28693
-32350
-32208
-28280
-21025
-11295
-234
10856
20671
28052
32127
32412
28871
21921
12379
1372
-9799
-19815
-27487
-31906
-32545
-29328
-22632
-13249
-2291
8940
19113
27016
31708
32629
29666
23169
13911
2992
-8285
-18577
-26654
-31549
-32677
-29899
-23544
-14372
-3477
7836
18214
26411
31442
32702
30037
23764
14635
3744
-7598
-18030
-26293
-31393
-32711
-30086
-23833
-14703
-3796
7571
18026
26305
31405
32707
30050
23753
14577
3632
-7754
-18204
-26446
-31479
-32688
-29925
-23522
-14256
-3253
8148
18560
26712
31608
32650
29706
23135
13736
2656
-8751
-19090
-27095
-31785
-32581
-29385
-22585
-13013
-1842
9557
19786
27585
31994
32468
28947
21861
12081
809
-10564
-20637
-28166
-32219
-32293
-28377
-20951
-10932
440
11762
21629
28819
32437
32033
27653
19840
9561
-1907
-13142
-22745
-29519
-32621
-31661
-26755
-18514
-7961
3586
14689
23960
30239
32740
31148
25658
16955
6128
-5469
-16384
-25247
-30944
-32759
-30461
-24336
-15151
-4058
7546
18204
26572
31595
32638
29565
22763
13087
1756
-9798
-20118
-27896
-32148
-32332
-28424
-20915
-10754
771
12203
22088
29171
32552
31797
27001
18769
8148
-3511
-14727
-24069
-30346
-32754
-30984
-25260
-16309
-5272
6439
17331
26008
31359
32696
29845
23169
13521
2137
-9523
-19964
-27843
-32146
-32318
-28334
-20703
-10405
1234
12717
22564
29503
32637
31559
26407
17841
6968
-4807
-15965
-25058
-30909
-32757
-30361
-24028
-14577
-3233
8533
19194
27364
31977
32433
28669
21173
10917
-762
-12345
-22321
-29387
-32619
-31592
-26438
-17828
-6884
4961
16161
25247
31028
32744
30168
23635
13998
2522
-9287
-19879
-27860
-32179
-32265
-28105
-20242
-9711
2101
13640
23382
30040
32733
31103
25362
16267
5018
-6896
-17901
-26537
-31659
-32585
-29190
-21921
-11741
0
11743
21929
29201
32589
31641
26480
17791
6728
-5233
-16499
-25566
-31222
-32709
-29826
-22955
-13013
-1327
10537
20994
28641
32450
31909
27088
18630
7668
-4324
-15739
-25041
-30976
-32744
-30105
-23411
-13561
-1880
10055
20637
28436
32397
31982
27244
18822
7852
-4182
-15653
-25007
-30974
-32743
-30072
-23319
-13400
-1660
10308
20879
28612
32455
31881
26966
18377
7282
-4807
-16245
-25468
-31216
-32702
-29720
-22675
-12528
-664
11292
21705
29147
32596
31576
26225
17274
5950
-6193
-17489
-26383
-31650
-32564
-28995
-21433
-10917
1105
12978
23064
29968
32737
30984
24950
15465
3839
-8320
-19330
-27666
-32170
-32217
-27796
-19519
-8531
3643
15314
24860
30951
32739
29972
23032
12884
938
-11141
-21669
-29176
-32613
-31498
-25982
-16835
-5332
6918
18204
26944
31912
32410
28366
20343
9465
-2743
-14569
-24351
-30713
-32759
-30198
-23387
-13283
-1306
10856
21492
29100
32604
31507
25962
16748
5166
-7147
-18454
-27152
-32008
-32332
-28076
-19840
-8789
3510
15314
24947
31038
32720
29752
22551
12140
0
-12143
-22559
-29762
-32723
-31017
-24884
-15198
-3339
8998
20053
28242
32393
31908
26854
17952
6476
-5930
-17489
-26541
-31785
-32465
-28481
-20402
-9388
2978
14918
24714
30951
32730
29790
22554
12062
-172
-12385
-22811
-29942
-32746
-30813
-24421
-14492
-2462
9926
20879
28806
32556
31581
26021
16679
4912
-7571
-18956
-27585
-32200
-32127
-27374
-18630
-7167
5342
17076
26318
31719
32485
28504
20353
9222
-3259
-15267
-25041
-31147
-32687
-29434
-21861
-11077
1334
13553
23783
30517
32764
30189
23169
12736
423
-11953
-22570
-29860
-32743
-30792
-24293
-14202
-2009
10483
21426
29201
32652
31267
25247
15482
3419
-9153
-20369
-28563
-32514
-31633
-26047
-16586
-4654
7973
19415
27967
32350
31910
26709
17520
5712
-6950
-18577
-27428
-32179
-32116
-27244
-18292
-6597
6088
17864
26962
32015
32263
27666
18910
7310
-5391
-17284
-26579
-31872
-32366
-27983
-19380
-7852
4862
16845
26287
31760
32433
28203
19707
8226
-4501
-16550
-26094
-31684
-32472
-28334
-19895
-8434
4310
16402
26003
31651
32486
28377
19946
8475
-4288
-16402
-26016
-31662
-32478
-28334
-19861
-8351
4437
16550
26133
31717
32445
28203
19638
8060
-4756
-16845
-26351
-31812
-32386
-27983
-19276
-7602
5243
17284
26666
31941
32293
27666
18769
6975
-5898
-17864
-27071
-32095
-32157
-27244
-18113
-6176
6719
18577
27557
32265
31968
26709
17302
5205
-7702
-19415
-28111
-32434
-31710
-26047
-16326
-4058
8843
20369
28719
32588
31368
25247
15179
2736
-10137
-21426
-29364
-32705
-30922
-24293
-13853
-1238
11573
22570
30025
32764
30353
23169
12339
-434
-13142
-23783
-30678
-32739
-29638
-21861
-10632
2276
14829
25041
31296
32604
28754
20353
8727
-4282
-16616
-26318
-31849
-32328
-27676
-18630
-6622
6439
18480
27585
32302
31880
26381
16679
4318
-8734
-20396
-28806
-32620
-31227
-24845
-14492
-1820
11144
22329
29942
32763
30335
23047
12062
-859
-13645
-24243
-30951
-32688
-29173
-20967
-9388
3703
16202
26094
31785
32354
27709
18593
6476
-6688
-18775
-27832
-32393
-31718
-25913
-15915
-3339
9779
21317
29402
32723
30737
23764
12933
0
-12935
-23772
-30745
-32720
-29372
-21243
-9654
3510
16105
26077
31798
32332
27590
18342
6096
-7147
-19226
-28162
-32493
-31507
-25362
-15061
-2291
10856
22227
29953
32765
30198
22670
11416
-1716
-14569
-25028
-31370
-32548
-28366
-19509
-7435
5867
18204
27539
32330
31782
25982
15887
3163
-10086
-21669
-29667
-32753
-30413
-23032
-11831
1334
14281
24860
31312
32563
28403
19519
7387
-5976
-18347
-27666
-32377
-31693
-25725
-15465
-2622
10659
22164
29968
32766
30086
22374
10917
-2369
-15261
-25599
-31650
-32396
-27709
-18372
-5950
7473
19643
28516
32596
31195
24546
13765
664
-12550
-23653
-30771
-32702
-29116
-20616
-8634
4807
17440
27128
32230
31881
26137
15968
3092
-10308
-21966
-29901
-32766
-30072
-22272
-10689
2711
15653
25937
31812
32275
27244
17574
4908
-8595
-20637
-29162
-32712
-30681
-23411
-12140
1206
14349
25041
31451
32480
27948
18630
6117
-7445
-19735
-28641
-32634
-31026
-24089
-13013
301
13567
24501
31222
32570
28309
19172
6728
-6876
-19298
-28393
-32589
-31159
-24347
-13326
0
13328
24354
31166
32585
28360
19220
6748
-6896
-19347
-28443
-32604
-31103
-24198
-13087
301
13640
24608
31294
32533
28105
18778
6176
-7504
-19879
-28786
-32669
-30847
-23635
-12290
1206
14493
25247
31583
32389
27520
17828
5008
-8692
-20870
-29387
-32745
-30352
-22624
-10917
2711
15865
26229
31977
32094
26556
16335
3233
-10442
-22277
-30182
-32757
-29546
-21112
-8944
4807
17712
27483
32390
31559
25136
14256
845
-12717
-24026
-31070
-32598
-28334
-19032
-6345
7473
19964
28903
32697
30666
23169
11540
-2148
-15456
-26008
-31918
-32127
-26596
-16309
-3103
10659
22517
30346
32741
29270
20553
8148
-5719
-18563
-28078
-32552
-31179
-24202
-12874
771
14281
25223
31625
32332
27214
17189
4062
-9798
-21894
-30040
-32762
-29565
-21025
-8682
5233
18204
27882
32514
31257
24336
13002
-691
-14262
-25247
-31650
-32307
-27094
-16955
-3732
10171
22227
30239
32747
29289
20494
7961
-6025
-18915
-28356
-32621
-30929
-23586
-11931
1907
15400
26077
31982
32033
26215
15592
2109
-11762
-23479
-30889
-32629
-28377
-18910
-5966
8077
20637
29402
32756
30080
21861
9613
-4409
-17621
-27585
-32459
-31342
-24435
-13013
816
14497
25499
31785
32188
26631
16140
2656
-11322
-23203
-30782
-32650
-28456
-18976
-5969
8148
20755
29503
32763
29925
21514
9095
-5021
-18204
-27995
-32564
-31058
-23753
-12011
1977
15598
26305
32095
31880
25698
14703
952
-12978
-24480
-31393
-32418
-27360
-17165
-3744
10381
22559
30497
32702
28754
19394
6380
-7836
-20580
-29446
-32762
-29899
-21393
-8847
5370
18577
28275
32630
30814
23169
11138
-3003
-16579
-27016
-32334
-31523
-24733
-13249
751
14612
25700
31906
32048
26096
15179
1372
-12698
-24354
-31371
-32412
-27273
-16932
-3359
10856
23003
30758
32638
28280
18514
5205
-9101
-21669
-30089
-32747
-29131
-19930
-6905
7445
20371
29387
32762
29844
21189
8460
-5898
-19125
-28673
-32702
-30433
-22301
-9868
4468
17946
27963
32585
30916
23274
11134
-3159
-16845
-27275
-32428
-31305
-24119
-12260
1977
15833
26622
32247
31615
24845
13249
-923
-14918
-26016
-32055
-31858
-25461
-14105
0
14107
25468
31864
32046
25975
14832
792
-13405
-24986
-31684
-32188
-26395
-15435
-1452
12817
24578
31525
32292
26727
15917
1981
-12345
-24250
-31393
-32366
-26976
-16280
-2378
11993
24006
31293
32415
27148
16527
2644
-11762
-23850
-31230
-32442
-27244
-16660
-2779
11653
23783
31206
32451
27267
16679
2783
-11667
-23806
-31222
-32441
-27217
-16586
-2656
11803
23919
31277
32412
27094
16378
2398
-12062
-24120
-31370
-32361
-26894
-16056
-2009
12441
24407
31496
32285
26615
15616
1488
-12939
-24777
-31650
-32178
-26251
-15055
-836
13553
25223
31826
32033
25797
14372
52
-14280
-25739
-32015
-31841
-25247
-13561
863
15115
26318
32208
31592
24592
12618
-1908
-16052
-26950
-32393
-31276
-23823
-11540
3083
17085
27622
32556
30880
22932
10324
-4384
-18204
-28323
-32682
-30389
-21909
-8965
5807
19399
29038
32755
29790
20744
7461
-7347
-20658
-29748
-32757
-29067
-19428
-5811
8997
21966
30436
32669
28203
17952
4016
-10746
-23305
-31079
-32468
-27184
-16309
-2077
12583
24657
31656
32135
25992
14491
0
-14493
-25999
-32139
-31644
-24613
-12494
2208
16457
27304
32503
30975
23032
10317
-4537
-18454
-28547
-32719
-30103
-21238
-7961
6971
20458
29694
32757
29007
19220
5431
-9491
-22439
-30713
-32587
-27666
-16973
-2736
12073
24364
31568
32177
26060
14492
-108
-14689
-26197
-32222
-31498
-24174
-11781
3083
17304
27896
32634
30520
21996
8847
-6162
-19879
-29416
-32766
-29219
-19519
-5706
9311
22368
30711
32578
27570
16743
2378
-12491
-24723
-31732
-32033
-25558
-13674
1105
15653
26888
32428
31095
23169
10328
-4707
-18745
-28806
-32750
-29736
-20402
-6728
8378
21705
30414
32650
27932
17262
2911
-12062
-24465
-31651
-32083
-25665
-13765
1077
15692
26955
32455
31012
22932
9941
-5180
-19194
-29098
-32765
-29406
-19738
-5832
9326
22486
30817
32526
27244
16102
1495
-13436
-25478
-32035
-31693
-24521
-12062
2999
17416
28078
32680
30226
21243
7668
-7565
-21167
-30192
-32685
-28105
-17438
-2992
12103
24578
31727
31995
25321
13150
-1876
-16499
-27539
-32596
-30567
-21889
-8448
6833
20630
29936
32722
28377
17845
3419
-11753
-24364
-31659
-32040
-25423
-13249
1823
16499
27568
32607
30508
21729
8189
-7147
-20920
-30108
-32693
-28105
-17347
-2779
12401
24860
31856
31850
24838
12360
-2839
-17416
-28160
-32702
-30037
-20749
-6884
8501
22013
30668
32552
27244
15915
1066
-14020
-26008
-32243
-31342
-23500
-10451
4915
19194
29220
32766
29042
18871
4509
-10856
-23813
-31479
-32147
-25665
-13473
1720
16533
27666
32637
30335
21271
7461
-8015
-21705
-30552
-32578
-27327
-15968
-1038
14125
26133
32294
31228
23169
9920
-5554
-19786
-29584
-32748
-28565
-17970
-3339
12043
24723
31849
31816
24627
11897
-3511
-18132
-28673
-32755
-29458
-19519
-5177
10334
23516
31393
32182
25702
13414
-1907
-16800
-27896
-32682
-30072
-20653
-6555
9029
22570
30997
32395
26445
14492
-751
-15827
-27310
-32589
-30461
-21406
-7481
8148
21926
30713
32507
26894
15151
-48
-15238
-26955
-32522
-30664
-21804
-7961
7702
21608
30575
32549
27076
15403
202
-15047
-26852
-32503
-30703
-21861
-8002
7696
21629
30598
32538
27001
15255
0
-15257
-27007
-32541
-30582
-21579
-7602
8129
21989
30779
32468
26664
14703
-655
-15865
-27411
-32621
-30288
-20948
-6758
8997
22672
31098
32318
26047
13736
-1763
-16855
-28038
-32713
-29790
-19946
-5464
10289
23653
31516
32046
25116
12336
-3319
-18204
-28847
-32766
-29042
-18541
-3711
11987
24889
31977
31593
23823
10480
-5316
-19871
-29777
-32711
-27983
-16697
-1495
14059
26318
32404
30885
22114
8148
-7733
-21801
-30745
-32460
-26539
-14372
1180
16457
27860
32699
29832
19930
5325
-10537
-23916
-31650
-31910
-24631
-11530
4298
19113
29409
32747
28334
17210
2009
-13670
-26112
-32365
-30942
-22178
-8148
7817
21929
30833
32412
26285
13907
-1780
-17047
-28259
-32743
-29429
-19103
-4222
11667
24777
31977
31548
23586
9991
-5992
-20546
-30192
-32619
-27244
-15350
219
15739
27492
32660
30001
20149
5464
-10533
-24006
-31719
-31816
-24270
-10892
5106
19879
29873
32681
27625
15917
373
-15261
-27221
-32621
-30156
-20416
-5748
10308
23879
31684
31836
24293
10875
-5173
-19973
-29942
-32665
-27477
-15633
0
15636
27483
32666
29925
19920
5078
-10999
-24407
-31886
-31615
-23656
-9941
6193
20824
30386
32549
26782
14487
-1341
-16845
-28242
-32749
-29262
-18630
-3445
12583
25539
32252
31078
22301
8064
-8148
-22368
-31111
-32231
-25451
-12429
3643
18824
29387
32737
28047
16465
836
-15001
-27152
-32625
-30072
-20115
-5205
10989
24479
31937
31523
23335
9388
-6876
-21447
-30723
-32412
-26092
-13322
2743
18132
29038
32759
28371
16955
1338
-14612
-26944
-32596
-30164
-20247
-5304
10958
24501
31960
31477
23169
9099
-7236
-21774
-30894
-32323
-25702
-12676
3510
18824
29446
32724
27837
16000
166
-15711
-27666
-32707
-29572
-19041
-3744
12491
25602
32304
30916
21780
7184
-9215
-23305
-31551
-31880
-24205
-10451
5930
20824
30486
32483
26311
13518
-2679
-18204
-29147
-32749
-28098
-16364
-502
15488
27574
32702
29574
18976
3583
-12717
-25806
-32371
-30748
-21345
-6538
9926
23879
31785
31636
23467
9346
-7147
-21830
-30974
-32254
-25342
-11991
4409
19692
29968
32623
26976
14462
-1736
-17495
-28798
-32764
-28377
-16752
-852
15267
27492
32699
29554
18857
3339
-13034
-26077
-32450
-30520
-20777
-5712
10817
24578
32042
31291
22515
7961
-8637
-23021
-31496
-31881
-24075
-10079
6509
21426
30833
32307
25463
12062
-4448
-19815
-30076
-32585
-26689
-13907
2465
18204
29244
32732
27762
15616
-569
-16610
-28356
-32765
-28692
-17189
-1231
15047
27428
32699
29490
18630
2932
-13528
-26478
-32552
-30168
-19943
-4530
12062
25519
32337
30737
21133
6022
-10659
-24565
-32068
-31208
-22206
-7407
9326
23628
31760
31593
23169
8686
-8070
-22719
-31423
-31903
-24028
-9858
6896
21846
31070
32147
24790
10926
-5807
-21019
-30711
-32336
-25461
-11891
4807
20244
30356
32478
26047
12755
-3899
-19528
-30012
-32581
-26556
-13521
3083
18877
29687
32654
26991
14192
-2362
-18294
-29387
-32703
-27360
-14769
1736
17784
29119
32734
27666
15255
-1206
-17349
-28887
-32752
-27913
-15652
771
16993
28695
32761
28105
15962
-434
-16717
-28547
-32765
-28244
-16186
193
16523
28443
32766
28334
16326
-48
-16412
-28387
-32766
-28374
-16382
0
0
0
0
0
0
0
0
0
0
0
0
0
0
0
0
0
0
0
0
0
0
0
0
0
0
0
0
0
0
0
0
0
0
0
0
0
0
0
0
0
0
0
0
0
0
0
0
0
0
0
0
0
0
0
0
0
0
0
0
0
0
0
0
0
0
0
0
0
0
0
0
0
0
0
0
0
0
0
0
0
0
0
0
0
0
0
0
0
0
0
0
0
0
0
0
0
0
0
0
0
0
0
0
0
0
0
0
0
0
0
0
0
0
0
0
0
0
0
0
0
0
0
0
0
0
0
0
0
0
0
0
0
0
0
0
0
0
0
0
0
0
0
0
0
0
0
0
0
0
0
0
0
0
0
0
0
0
0
0
0
0
0
0
0
0
0
0
0
0
0
0
0
0
0
0
0
0
0
0
0
0
0
0
0
0
0
0
0
0
0
0
0
0
0
0
0
0
0
0
0
0
0
0
0
0
0
0
0
0
0
0
0
0
0
0
0
0
0
0
0
0
0
0
0
0
0
0
0
0
0
0
0
0
0
0
0
0
0
0
0
0
0
0
0
0
0
0
0
0
0
0
0
0
0
0
0
0
0
0
0
0
0
0
0
0
0
0
0
0
0
0
0
0
0
0
0
0
0
0
0
0
0
0
0
0
0
0
0
0
0
0
0
0
0
0
0
0
0
0
0
0
0
0
0
0
0
0
0
0
0
0
0
0
0
0
0
0
0
0
0
0
0
0
0
0
0
0
0
0
0
0
0
0
0
0
0
0
0
0
0
0
0
0
0
0
0
0
0
0
0
0
0
0
0
0
0
0
0
0
0
0
0
0
0
0
0
0
0
0
0
0
0
0
0
0
0
0
0
0
0
0
0
0
0
0
0
0
0
0
0
0
0
0
0
0
0
0
0
0
0
0
0
0
0
0
0
0
0
0
0
0
0
0
0
0
0
0
0
0
0
0
0
0
0
0
0
0
0
0
0
0
0
0
0
0
0
0
0
0
0
0
0
0
0
0
0
0
0
0
0
0
0
0
0
0
0
0
0
0
0
0
0
0
0
0
0
0
0
0
0
0
0
0
0
0
0
0
0
0
0
0
0
0
0
0
0
0
0
0
0
0
0
0
0
0
0
0
0
0
0
0
0
0
0
0
0
0
0
0
0
0
0
0
0
0
0
0
0
0
0
0
0
0
0
0
0
0
0
0
0
0
0
0
0
0
0
0
0
0
0
0
0
0
0
0
0
0
0
0
0
0
0
0
0
0
0
0
0
0
0
0
0
0
0
0
0
0
0
0
0
0
0
0
0
0
0
0
0
0
0
0
0
0
0
0
0
0
0
0
0
0
0
0
0
0
0
0
0
0
0
0
0
0
0
0
0
0
0
0
0
0
0
0
0
0
0
0
0
0
0
0
0
0
0
0
0
0
0
0
0
0
0
0
0
0
0
0
0
0
0
0
0
0
0
0
0
0
0
0
0
0
0
0
0
0
0
0
0
0
0
0
0
0
0
0
0
0
0
0
0
0
0
0
0
0
0
0
0
0
0
0
0
0
0
0
0
0
0
0
0
0
0
0
0
0
0
0
0
0
0
0
0
0
0
0
0
0
0
0
0
0
0
0
0
0
0
0
0
0
0
0
0
0
0
0
0
0
0
0
0
0
0
0
0
0
0
0
0
0
0
0
0
0
0
0
0
0
0
0
0
0
0
0
0
0
0
0
0
0
0
0
0
0
0
0
0
0
0
0
0
0
0
0
0
0
0
0
0
0
0
0
0
0
0
0
0
0
0
0
0
0
0
0
0
0
0
0
0
0
0
0
0
0
0
0
0
0
0
0
0
0
0
0
0
0
0
0
0
0
0
0
0
0
0
0
0
0
0
0
0
0
0
0
0
0
0
0
0
0
0
0
0
0
0
0
0
0
0
0
0
0
0
0
0
0
0
0
0
0
0
0
0
0
0
0
0
0
0
0
0
0
0
0
0
0
0
0
0
0
0
0
0
0
0
0
0
0
0
0
0
0
0
0
0
0
0
0
0
0
0
0
0
0
0
0
0
0
0
0
0
0
0
0
0
0
0
0
0
0
0
0
0
0
0
0
0
0
0
0
0
0
0
0
0
0
0
0
0
0
0
0
0
0
0
0
0
0
0
0
0
0
0
0
0
0
0
0
0
0
14043
13465
11780
9124
5717
1835
-2201
-6062
-9430
-12028
-13641
-14134
-13464
-11683
-8935
-5442
-1489
2600
6491
9861
12433
13990
14400
13625
11722
8843
5219
1145
-3044
-7007
-10414
-12981
-14493
-14817
-13919
-11867
-8820
-5026
-790
3538
7605
11072
13649
15116
15344
14306
12077
8835
4837
411
-4082
-8271
-11808
-14395
-15811
-15930
-14733
-12309
-8849
-4631
0
4665
8979
12581
15169
16521
16516
15145
12512
8827
4387
-445
-5272
-9694
-13342
-15910
-17178
-17033
-15479
-12637
-8734
-4089
919
5876
10373
14034
16551
17713
17415
15678
12639
8544
3729
-1409
-6448
-10968
-14595
-17026
-18056
-17598
-15687
-12477
-8234
-3307
1897
6948
11428
14965
17267
18144
17524
15460
12124
7794
2829
-2358
-7338
-11700
-15085
-17215
-17920
-17147
-14964
-11560
-7221
-2311
2761
7576
11737
14904
16822
17343
16433
14179
10780
6524
1773
-3076
-7624
-11496
-14381
-16052
-16384
-15367
-13101
-9791
-5723
-1243
3270
7447
10947
13491
14886
15036
13950
11742
8614
4842
751
-3315
-7021
-10069
-12223
-13325
-13309
-12204
-10129
-7281
-3916
-326
3184
6330
8860
10585
11388
11233
10166
8306
5836
2983
0
-2862
-5370
-7331
-8605
-9117
-8860
-7891
-6326
-4326
-2082
204
2340
4154
5512
6329
6571
6255
5448
4255
2808
1252
-267
-1622
-2706
-3450
-3821
-3823
-3499
-2916
-2163
-1335
-527
178
722
1067
1207
1159
966
685
383
124
-37
-62
63
331
708
1142
1565
1903
2088
2062
1790
1261
498
-448
-1500
-2558
-3512
-4252
-4681
-4722
-4334
-3512
-2297
-768
957
2735
4405
5809
6799
7261
7119
6350
4985
3113
872
-1559
-3978
-6172
-7938
-9105
-9545
-9190
-8039
-6162
-3692
-822
2215
5166
7775
9807
11073
11442
10858
9346
7010
4028
638
-2880
-6234
-9136
-11331
-12620
-12877
-12063
-10229
-7512
-4128
-352
3504
7118
10182
12434
13676
13793
12764
10667
7669
4012
0
-4035
-7756
-10851
-13059
-14191
-14152
-12942
-10660
-7495
-3711
375
4424
8100
11096
13165
14140
13943
12598
10223
7021
3265
-728
-4627
-8107
-10885
-12736
-13517
-13178
-11759
-9393
-6291
-2719
1017
4607
7755
10208
11776
12345
11890
10470
8224
5358
2123
-1201
-4340
-7035
-9077
-10315
-10670
-10140
-8798
-6782
-4283
-1526
1248
3812
5957
7524
8405
8558
8004
6822
5142
3131
976
-1134
-3026
-4550
-5601
-6121
-6099
-5577
-4636
-3389
-1968
-512
847
1999
2860
3382
3553
3397
2967
2340
1605
853
166
-387
-766
-952
-955
-809
-565
-286
-36
125
158
38
-232
-627
-1097
-1578
-1995
-2274
-2349
-2175
-1729
-1021
-93
986
2121
3201
4111
4741
5000
4828
4201
3139
1704
0
-1836
-3646
-5264
-6530
-7307
-7497
-7047
-5962
-4302
-2185
226
2736
5128
7189
8726
9583
9659
8917
7390
5182
2460
-560
-3630
-6488
-8883
-10597
-11467
-11395
-10364
-8437
-5758
-2536
967
4460
7649
10258
12055
12876
12636
11337
9074
6024
2433
-1403
-5168
-8542
-11239
-13027
-13748
-13332
-11807
-9293
-5994
-2183
1825
5696
9106
11769
13462
14043
13462
11769
9106
5696
1825
-2183
-5994
-9293
-11807
-13332
-13748
-13027
-11239
-8542
-5168
-1403
2433
6024
9074
11337
12636
12876
12055
10258
7649
4460
967
-2536
-5758
-8437
-10364
-11395
-11467
-10597
-8883
-6488
-3630
-560
2460
5182
7390
8917
9659
9583
8726
7189
5128
2736
226
-2185
-4302
-5962
-7047
-7497
-7307
-6530
-5264
-3646
-1836
0
1704
3139
4201
4828
5000
4741
4111
3201
2121
986
-93
-1021
-1729
-2175
-2349
-2274
-1995
-1578
-1097
-627
-232
38
158
125
-36
-286
-565
-809
-955
-952
-766
-387
166
853
1605
2340
2967
3397
3553
3382
2860
1999
847
-512
-1968
-3389
-4636
-5577
-6099
-6121
-5601
-4550
-3026
-1134
976
3131
5142
6822
8004
8558
8405
7524
5957
3812
1248
-1526
-4283
-6782
-8798
-10140
-10670
-10315
-9077
-7035
-4340
-1201
2123
5358
8224
10470
11890
12345
11776
10208
7755
4607
1017
-2719
-6291
-9393
-11759
-13178
-13517
-12736
-10885
-8107
-4627
-728
3265
7021
10223
12598
13943
14140
13165
11096
8100
4424
375
-3711
-7495
-10660
-12942
-14152
-14191
-13059
-10851
-7756
-4035
0
4012
7669
10667
12764
13793
13676
12434
10182
7118
3504
-352
-4128
-7512
-10229
-12063
-12877
-12620
-11331
-9136
-6234
-2880
638
4028
7010
9346
10858
11442
11073
9807
7775
5166
2215
-822
-3692
-6162
-8039
-9190
-9545
-9105
-7938
-6172
-3978
-1559
872
3113
4985
6350
7119
7261
6799
5809
4405
2735
957
-768
-2297
-3512
-4334
-4722
-4681
-4252
-3512
-2558
-1500
-448
498
1261
1790
2062
2088
1903
1565
1142
708
331
63
-62
-37
124
383
685
966
1159
1207
1067
722
178
-527
-1335
-2163
-2916
-3499
-3823
-3821
-3450
-2706
-1622
-267
1252
2808
4255
5448
6255
6571
6329
5512
4154
2340
204
-2082
-4326
-6326
-7891
-8860
-9117
-8605
-7331
-5370
-2862
0
2983
5836
8306
10166
11233
11388
10585
8860
6330
3184
-326
-3916
-7281
-10129
-12204
-13309
-13325
-12223
-10069
-7021
-3315
751
4842
8614
11742
13950
15036
14886
13491
10947
7447
3270
-1243
-5723
-9791
-13101
-15367
-16384
-16052
-14381
-11496
-7624
-3076
1773
6524
10780
14179
16433
17343
16822
14904
11737
7576
2761
-2311
-7221
-11560
-14964
-17147
-17920
-17215
-15085
-11700
-7338
-2358
2829
7794
12124
15460
17524
18144
17267
14965
11428
6948
1897
-3307
-8234
-12477
-15687
-17598
-18056
-17026
-14595
-10968
-6448
-1409
3729
8544
12639
15678
17415
17713
16551
14034
10373
5876
919
-4089
-8734
-12637
-15479
-17033
-17178
-15910
-13342
-9694
-5272
-445
4387
8827
12512
15145
16516
16521
15169
12581
8979
4665
0
-4631
-8849
-12309
-14733
-15930
-15811
-14395
-11808
-8271
-4082
411
4837
8835
12077
14306
15344
15116
13649
11072
7605
3538
-790
-5026
-8820
-11867
-13919
-14817
-14493
-12981
-10414
-7007
-3044
1145
5219
8843
11722
13625
14400
13990
12433
9861
6491
2600
-1489
-5442
-8935
-11683
-13464
-14134
-13641
-12028
-9430
-6062
-2201
1835
5717
9124
11780
13465
0
0
0
0
0
0
0
0
0
0
0
0
0
0
0
0
0
0
0
0
0
0
0
0
0
0
0
0
0
0
0
0
0
0
0
0
0
0
0
0
0
0
0
0
0
0
0
0
0
0
0
0
0
0
0
0
0
0
0
0
0
0
0
0
0
0
0
-14043
-13410
-11571
-8690
-5028
-916
3275
7167
10410
12712
13865
13767
12430
9974
6624
2684
-1489
-5518
-9040
-11737
-13366
-13784
-12955
-10957
-7974
-4278
-207
3870
7583
10596
12639
13527
13183
11643
9049
5640
1729
-2326
-6157
-9414
-11802
-13105
-13207
-12101
-9891
-6781
-3057
937
4837
8287
10969
12640
13147
12445
10599
7780
4246
322
-3630
-7249
-10202
-12217
-13109
-12793
-11297
-8758
-5406
-1548
2462
6258
9489
11858
13144
13226
12091
9840
6673
2877
-1202
-5195
-8734
-11495
-13222
-13750
-13025
-11106
-8161
-4450
-307
3894
7775
10981
13217
14274
14050
12554
9914
6359
2201
-2188
-6419
-10111
-12929
-14615
-15011
-14072
-11873
-8599
-4535
-36
4502
8680
12124
14527
15669
15442
13859
11048
7251
2793
-1938
-6533
-10589
-13750
-15736
-16370
-15590
-13458
-10153
-5956
-1226
3630
8197
12079
14942
16537
16725
15487
12927
9260
4798
-79
-4959
-9426
-13101
-15674
-16928
-16756
-15176
-12322
-8437
-3849
1055
5864
10175
13629
15940
16921
16495
14704
11702
7746
3167
-1649
-6307
-10421
-13656
-15753
-16547
-15983
-14119
-11118
-7236
-2796
1832
6273
10166
13201
15143
15846
15269
13472
10616
6943
2758
-1595
-5769
-9432
-12300
-14157
-14871
-14402
-12807
-10229
-6887
-3057
953
4827
8266
11008
12854
13678
13434
12163
9980
7072
3675
58
-3499
-6729
-9393
-11303
-12329
-12413
-11569
-9878
-7484
-4577
-1384
1854
4901
7536
9577
10885
11382
11046
9917
8091
5710
2953
23
-2870
-5522
-7751
-9404
-10375
-10602
-10079
-8849
-7005
-4681
-2040
730
3440
5899
7939
9418
10235
10332
9702
8387
6475
4098
1420
-1374
-4088
-6532
-8528
-9932
-10637
-10585
-9771
-8242
-6100
-3490
-595
2379
5218
7712
9672
10947
11430
11073
9889
7953
5395
2399
-820
-4022
-6967
-9428
-11209
-12166
-12212
-11329
-9572
-7061
-3978
-552
2958
6284
9165
11373
12728
13113
12488
10889
8429
5292
1713
-2029
-5646
-8851
-11391
-13059
-13717
-13306
-11850
-9457
-6310
-2651
1231
5033
8454
11221
13113
13976
13740
12421
10121
7021
3366
-553
-4426
-7946
-10833
-12858
-13863
-13769
-12587
-10414
-7427
-3868
-21
3805
7307
10208
12282
13368
13389
12352
10347
7545
4174
510
-3153
-6526
-9342
-11386
-12504
-12621
-11741
-9949
-7400
-4310
-931
2462
5603
8246
10192
11300
11500
10794
9258
7030
4303
1302
-1728
-4550
-6947
-8740
-9807
-10082
-9567
-8326
-6476
-4181
-1634
957
3392
5484
7085
8087
8434
8126
7210
5782
3972
1934
-164
-2163
-3913
-5293
-6216
-6635
-6543
-5974
-4994
-3700
-2203
-627
909
2296
3441
4278
4766
4894
4677
4155
3384
2435
1387
316
-703
-1612
-2360
-2914
-3255
-3380
-3300
-3037
-2618
-2080
-1458
-789
-109
549
1159
1694
2135
2463
2666
2736
2665
2456
2112
1646
1075
424
-275
-985
-1666
-2274
-2766
-3103
-3254
-3197
-2925
-2442
-1772
-952
-32
926
1856
2687
3354
3801
3985
3884
3494
2836
1949
895
-250
-1403
-2476
-3384
-4055
-4431
-4479
-4189
-3579
-2691
-1591
-359
908
2115
3169
3986
4503
4681
4503
3986
3169
2115
908
-359
-1591
-2691
-3579
-4189
-4479
-4431
-4055
-3384
-2476
-1403
-250
895
1949
2836
3494
3884
3985
3801
3354
2687
1856
926
-32
-952
-1772
-2442
-2925
-3197
-3254
-3103
-2766
-2274
-1666
-985
-275
424
1075
1646
2112
2456
2665
2736
2666
2463
2135
1694
1159
549
-109
-789
-1458
-2080
-2618
-3037
-3300
-3380
-3255
-2914
-2360
-1612
-703
316
1387
2435
3384
4155
4677
4894
4766
4278
3441
2296
909
-627
-2203
-3700
-4994
-5974
-6543
-6635
-6216
-5293
-3913
-2163
-164
1934
3972
5782
7210
8126
8434
8087
7085
5484
3392
957
-1634
-4181
-6476
-8326
-9567
-10082
-9807
-8740
-6947
-4550
-1728
1302
4303
7030
9258
10794
11500
11300
10192
8246
5603
2462
-931
-4310
-7400
-9949
-11741
-12621
-12504
-11386
-9342
-6526
-3153
510
4174
7545
10347
12352
13389
13368
12282
10208
7307
3805
-21
-3868
-7427
-10414
-12587
-13769
-13863
-12858
-10833
-7946
-4426
-553
3366
7021
10121
12421
13740
13976
13113
11221
8454
5033
1231
-2651
-6310
-9457
-11850
-13306
-13717
-13059
-11391
-8851
-5646
-2029
1713
5292
8429
10889
12488
13113
12728
11373
9165
6284
2958
-552
-3978
-7061
-9572
-11329
-12212
-12166
-11209
-9428
-6967
-4022
-820
2399
5395
7953
9889
11073
11430
10947
9672
7712
5218
2379
-595
-3490
-6100
-8242
-9771
-10585
-10637
-9932
-8528
-6532
-4088
-1374
1420
4098
6475
8387
9702
10332
10235
9418
7939
5899
3440
730
-2040
-4681
-7005
-8849
-10079
-10602
-10375
-9404
-7751
-5522
-2870
23
2953
5710
8091
9917
11046
11382
10885
9577
7536
4901
1854
-1384
-4577
-7484
-9878
-11569
-12413
-12329
-11303
-9393
-6729
-3499
58
3675
7072
9980
12163
13434
13678
12854
11008
8266
4827
953
-3057
-6887
-10229
-12807
-14402
-14871
-14157
-12300
-9432
-5769
-1595
2758
6943
10616
13472
15269
15846
15143
13201
10166
6273
1832
-2796
-7236
-11118
-14119
-15983
-16547
-15753
-13656
-10421
-6307
-1649
3167
7746
11702
14704
16495
16921
15940
13629
10175
5864
1055
-3849
-8437
-12322
-15176
-16756
-16928
-15674
-13101
-9426
-4959
-79
4798
9260
12927
15487
16725
16537
14942
12079
8197
3630
-1226
-5956
-10153
-13458
-15590
-16370
-15736
-13750
-10589
-6533
-1938
2793
7251
11048
13859
15442
15669
14527
12124
8680
4502
-36
-4535
-8599
-11873
-14072
-15011
-14615
-12929
-10111
-6419
-2188
2201
6359
9914
12554
14050
14274
13217
10981
7775
3894
-307
-4450
-8161
-11106
-13025
-13750
-13222
-11495
-8734
-5195
-1202
2877
6673
9840
12091
13226
13144
11858
9489
6258
2462
-1548
-5406
-8758
-11297
-12793
-13109
-12217
-10202
-7249
-3630
322
4246
7780
10599
12445
13147
12640
10969
8287
4837
937
-3057
-6781
-9891
-12101
-13207
-13105
-11802
-9414
-6157
-2326
1729
5640
9049
11643
13183
13527
12639
10596
7583
3870
-207
-4278
-7974
-10957
-12955
-13784
-13366
-11737
-9040
-5518
-1489
2684
6624
9974
12430
13767
13865
12712
10410
7167
3275
-916
-5028
-8690
-11571
-13410
0
0
0
0
0
0
0
0
0
0
0
0
0
0
0
0
0
0
0
0
0
0
0
0
0
0
0
0
0
0
0
0
0
0
0
0
0
0
0
0
0
0
0
0
0
0
0
0
0
0
0
0
0
0
0
0
0
0
0
0
0
0
0
0
0
0
0
14043
13462
11769
9106
5696
1825
-2183
-5994
-9293
-11807
-13332
-13748
-13027
-11239
-8542
-5168
-1403
2433
6024
9074
11337
12636
12876
12055
10258
7649
4460
967
-2536
-5758
-8437
-10364
-11395
-11467
-10597
-8883
-6488
-3630
-560
2460
5182
7390
8917
9659
9583
8726
7189
5128
2736
226
-2185
-4302
-5962
-7047
-7497
-7307
-6530
-5264
-3646
-1836
0
1704
3139
4201
4828
5000
4741
4111
3201
2121
986
-93
-1021
-1729
-2175
-2349
-2274
-1995
-1578
-1097
-627
-232
38
158
125
-36
-286
-565
-809
-955
-952
-766
-387
166
853
1605
2340
2967
3397
3553
3382
2860
1999
847
-512
-1968
-3389
-4636
-5577
-6099
-6121
-5601
-4550
-3026
-1134
976
3131
5142
6822
8004
8558
8405
7524
5957
3812
1248
-1526
-4283
-6782
-8798
-10140
-10670
-10315
-9077
-7035
-4340
-1201
2123
5358
8224
10470
11890
12345
11776
10208
7755
4607
1017
-2719
-6291
-9393
-11759
-13178
-13517
-12736
-10885
-8107
-4627
-728
3265
7021
10223
12598
13943
14140
13165
11096
8100
4424
375
-3711
-7495
-10660
-12942
-14152
-14191
-13059
-10851
-7756
-4035
0
4012
7669
10667
12764
13793
13676
12434
10182
7118
3504
-352
-4128
-7512
-10229
-12063
-12877
-12620
-11331
-9136
-6234
-2880
638
4028
7010
9346
10858
11442
11073
9807
7775
5166
2215
-822
-3692
-6162
-8039
-9190
-9545
-9105
-7938
-6172
-3978
-1559
872
3113
4985
6350
7119
7261
6799
5809
4405
2735
957
-768
-2297
-3512
-4334
-4722
-4681
-4252
-3512
-2558
-1500
-448
498
1261
1790
2062
2088
1903
1565
1142
708
331
63
-62
-37
124
383
685
966
1159
1207
1067
722
178
-527
-1335
-2163
-2916
-3499
-3823
-3821
-3450
-2706
-1622
-267
1252
2808
4255
5448
6255
6571
6329
5512
4154
2340
204
-2082
-4326
-6326
-7891
-8860
-9117
-8605
-7331
-5370
-2862
0
2983
5836
8306
10166
11233
11388
10585
8860
6330
3184
-326
-3916
-7281
-10129
-12204
-13309
-13325
-12223
-10069
-7021
-3315
751
4842
8614
11742
13950
15036
14886
13491
10947
7447
3270
-1243
-5723
-9791
-13101
-15367
-16384
-16052
-14381
-11496
-7624
-3076
1773
6524
10780
14179
16433
17343
16822
14904
11737
7576
2761
-2311
-7221
-11560
-14964
-17147
-17920
-17215
-15085
-11700
-7338
-2358
2829
7794
12124
15460
17524
18144
17267
14965
11428
6948
1897
-3307
-8234
-12477
-15687
-17598
-18056
-17026
-14595
-10968
-6448
-1409
3729
8544
12639
15678
17415
17713
16551
14034
10373
5876
919
-4089
-8734
-12637
-15479
-17033
-17178
-15910
-13342
-9694
-5272
-445
4387
8827
12512
15145
16516
16521
15169
12581
8979
4665
0
-4631
-8849
-12309
-14733
-15930
-15811
-14395
-11808
-8271
-4082
411
4837
8835
12077
14306
15344
15116
13649
11072
7605
3538
-790
-5026
-8820
-11867
-13919
-14817
-14493
-12981
-10414
-7007
-3044
1145
5219
8843
11722
13625
14400
13990
12433
9861
6491
2600
-1489
-5442
-8935
-11683
-13464
-14134
-13641
-12028
-9430
-6062
-2201
1835
5717
9124
11780
13465
14043
13465
11780
9124
5717
1835
-2201
-6062
-9430
-12028
-13641
-14134
-13464
-11683
-8935
-5442
-1489
2600
6491
9861
12433
13990
14400
13625
11722
8843
5219
1145
-3044
-7007
-10414
-12981
-14493
-14817
-13919
-11867
-8820
-5026
-790
3538
7605
11072
13649
15116
15344
14306
12077
8835
4837
411
-4082
-8271
-11808
-14395
-15811
-15930
-14733
-12309
-8849
-4631
0
4665
8979
12581
15169
16521
16516
15145
12512
8827
4387
-445
-5272
-9694
-13342
-15910
-17178
-17033
-15479
-12637
-8734
-4089
919
5876
10373
14034
16551
17713
17415
15678
12639
8544
3729
-1409
-6448
-10968
-14595
-17026
-18056
-17598
-15687
-12477
-8234
-3307
1897
6948
11428
14965
17267
18144
17524
15460
12124
7794
2829
-2358
-7338
-11700
-15085
-17215
-17920
-17147
-14964
-11560
-7221
-2311
2761
7576
11737
14904
16822
17343
16433
14179
10780
6524
1773
-3076
-7624
-11496
-14381
-16052
-16384
-15367
-13101
-9791
-5723
-1243
3270
7447
10947
13491
14886
15036
13950
11742
8614
4842
751
-3315
-7021
-10069
-12223
-13325
-13309
-12204
-10129
-7281
-3916
-326
3184
6330
8860
10585
11388
11233
10166
8306
5836
2983
0
-2862
-5370
-7331
-8605
-9117
-8860
-7891
-6326
-4326
-2082
204
2340
4154
5512
6329
6571
6255
5448
4255
2808
1252
-267
-1622
-2706
-3450
-3821
-3823
-3499
-2916
-2163
-1335
-527
178
722
1067
1207
1159
966
685
383
124
-37
-62
63
331
708
1142
1565
1903
2088
2062
1790
1261
498
-448
-1500
-2558
-3512
-4252
-4681
-4722
-4334
-3512
-2297
-768
957
2735
4405
5809
6799
7261
7119
6350
4985
3113
872
-1559
-3978
-6172
-7938
-9105
-9545
-9190
-8039
-6162
-3692
-822
2215
5166
7775
9807
11073
11442
10858
9346
7010
4028
638
-2880
-6234
-9136
-11331
-12620
-12877
-12063
-10229
-7512
-4128
-352
3504
7118
10182
12434
13676
13793
12764
10667
7669
4012
0
-4035
-7756
-10851
-13059
-14191
-14152
-12942
-10660
-7495
-3711
375
4424
8100
11096
13165
14140
13943
12598
10223
7021
3265
-728
-4627
-8107
-10885
-12736
-13517
-13178
-11759
-9393
-6291
-2719
1017
4607
7755
10208
11776
12345
11890
10470
8224
5358
2123
-1201
-4340
-7035
-9077
-10315
-10670
-10140
-8798
-6782
-4283
-1526
1248
3812
5957
7524
8405
8558
8004
6822
5142
3131
976
-1134
-3026
-4550
-5601
-6121
-6099
-5577
-4636
-3389
-1968
-512
847
1999
2860
3382
3553
3397
2967
2340
1605
853
166
-387
-766
-952
-955
-809
-565
-286
-36
125
158
38
-232
-627
-1097
-1578
-1995
-2274
-2349
-2175
-1729
-1021
-93
986
2121
3201
4111
4741
5000
4828
4201
3139
1704
0
-1836
-3646
-5264
-6530
-7307
-7497
-7047
-5962
-4302
-2185
226
2736
5128
7189
8726
9583
9659
8917
7390
5182
2460
-560
-3630
-6488
-8883
-10597
-11467
-11395
-10364
-8437
-5758
-2536
967
4460
7649
10258
12055
12876
12636
11337
9074
6024
2433
-1403
-5168
-8542
-11239
-13027
-13748
-13332
-11807
-9293
-5994
-2183
1825
5696
9106
11769
13462
0
0
0
0
0
0
0
0
0
0
0
0
0
0
0
0
0
0
0
0
0
0
0
0
0
0
0
0
0
0
0
0
0
0
0
0
0
0
0
0
0
0
0
0
0
0
0
0
0
0
0
0
0
0
0
0
0
0
0
0
0
0
0
0
0
0
0
4681
4539
4123
3455
2571
1518
357
-844
-2018
-3089
-3990
-4659
-5045
-5113
-4846
-4250
-3350
-2194
-850
598
2055
3419
4591
5479
6007
6124
5804
5052
3908
2439
744
-1060
-2843
-4469
-5811
-6757
-7222
-7156
-6546
-5424
-3860
-1961
133
2269
4280
6008
7312
8079
8238
7764
6679
5057
3014
702
-1701
-4010
-6040
-7628
-8642
-8995
-8649
-7623
-5991
-3875
-1435
1137
3640
5877
7668
8869
9382
9162
8224
6639
4530
2063
-568
-3156
-5498
-7407
-8734
-9376
-9284
-8467
-6992
-4980
-2590
-14
2545
4888
6831
8227
8971
9011
8354
7058
5233
3028
620
-1799
-4044
-5943
-7354
-8179
-8363
-7907
-6858
-5310
-3392
-1260
917
2975
4760
6143
7033
7375
7162
6425
5237
3699
1938
92
-1702
-3316
-4637
-5584
-6101
-6170
-5803
-5046
-3967
-2655
-1211
260
1659
2896
3896
4605
4990
5042
4771
4210
3404
2414
1304
145
-993
-2049
-2964
-3691
-4192
-4445
-4437
-4172
-3662
-2934
-2027
-988
127
1258
2340
3307
4096
4654
4935
4909
4563
3904
2960
1779
428
-1006
-2432
-3748
-4855
-5664
-6101
-6117
-5690
-4831
-3582
-2020
-248
1609
3415
5031
6323
7182
7523
7301
6513
5200
3445
1372
-868
-3104
-5162
-6872
-8090
-8707
-8657
-7928
-6559
-4644
-2323
228
2812
5223
7265
8768
9601
9687
9006
7601
5572
3074
301
-2527
-5186
-7459
-9160
-10147
-10333
-9697
-8284
-6203
-3616
-728
2227
5016
7412
9221
10297
10553
9967
8588
6527
3951
1069
-1887
-4681
-7087
-8915
-10022
-10325
-9805
-8512
-6556
-4101
-1349
1476
4148
6456
8221
9310
9648
9220
8075
6317
4099
1605
-960
-3393
-5503
-7134
-8169
-8542
-8244
-7318
-5856
-3989
-1877
308
2394
4224
5666
6626
7050
6930
6299
5231
3826
2207
507
-1144
-2629
-3848
-4730
-5233
-5347
-5092
-4510
-3667
-2639
-1508
-355
743
1726
2546
3171
3582
3779
3769
3572
3208
2706
2091
1391
633
-158
-956
-1730
-2452
-3086
-3596
-3947
-4103
-4035
-3721
-3153
-2340
-1308
-105
1203
2534
3792
4876
5690
6146
6177
5745
4847
3515
1823
-121
-2181
-4197
-6005
-7443
-8371
-8682
-8313
-7256
-5558
-3325
-712
2084
4842
7329
9328
10649
11152
10758
9462
7336
4521
1228
-2286
-5737
-8833
-11300
-12911
-13499
-12983
-11368
-8757
-5338
-1375
2813
6883
10486
13305
15081
15638
14897
12887
9749
5719
1120
-3673
-8259
-12245
-15280
-17087
-17488
-16421
-13949
-10254
-5629
-449
4854
9834
14060
17162
18856
18977
17492
14502
10241
5055
-627
-6327
-11560
-15872
-18884
-20323
-20048
-18063
-14518
-9701
-4009
2078
8045
13378
17616
20384
21433
20658
18110
13993
8649
2526
-3853
-9945
-15223
-19228
-21607
-22145
-20785
-17631
-12947
-7126
-664
5883
11955
17023
20647
22506
22432
20425
16648
11423
5195
-1500
-8086
-13992
-18706
-21815
-23045
-22286
-19596
-15205
-9489
-2939
3876
10368
15972
20201
22686
23206
21715
18337
13365
7228
457
-6359
-12630
-17810
-21447
-23223
-22983
-20746
-16706
-11212
-4742
2141
8842
14775
19425
22388
23405
22388
19425
14775
8842
2141
-4742
-11212
-16706
-20746
-22983
-23223
-21447
-17810
-12630
-6359
457
7228
13365
18337
21715
23206
22686
20201
15972
10368
3876
-2939
-9489
-15205
-19596
-22286
-23045
-21815
-18706
-13992
-8086
-1500
5195
11423
16648
20425
22432
22506
20647
17023
11955
5883
-664
-7126
-12947
-17631
-20785
-22145
-21607
-19228
-15223
-9945
-3853
2526
8649
13993
18110
20658
21433
20384
17616
13378
8045
2078
-4009
-9701
-14518
-18063
-20048
-20323
-18884
-15872
-11560
-6327
-627
5055
10241
14502
17492
18977
18856
17162
14060
9834
4854
-449
-5629
-10254
-13949
-16421
-17488
-17087
-15280
-12245
-8259
-3673
1120
5719
9749
12887
14897
15638
15081
13305
10486
6883
2813
-1375
-5338
-8757
-11368
-12983
-13499
-12911
-11300
-8833
-5737
-2286
1228
4521
7336
9462
10758
11152
10649
9328
7329
4842
2084
-712
-3325
-5558
-7256
-8313
-8682
-8371
-7443
-6005
-4197
-2181
-121
1823
3515
4847
5745
6177
6146
5690
4876
3792
2534
1203
-105
-1308
-2340
-3153
-3721
-4035
-4103
-3947
-3596
-3086
-2452
-1730
-956
-158
633
1391
2091
2706
3208
3572
3769
3779
3582
3171
2546
1726
743
-355
-1508
-2639
-3667
-4510
-5092
-5347
-5233
-4730
-3848
-2629
-1144
507
2207
3826
5231
6299
6930
7050
6626
5666
4224
2394
308
-1877
-3989
-5856
-7318
-8244
-8542
-8169
-7134
-5503
-3393
-960
1605
4099
6317
8075
9220
9648
9310
8221
6456
4148
1476
-1349
-4101
-6556
-8512
-9805
-10325
-10022
-8915
-7087
-4681
-1887
1069
3951
6527
8588
9967
10553
10297
9221
7412
5016
2227
-728
-3616
-6203
-8284
-9697
-10333
-10147
-9160
-7459
-5186
-2527
301
3074
5572
7601
9006
9687
9601
8768
7265
5223
2812
228
-2323
-4644
-6559
-7928
-8657
-8707
-8090
-6872
-5162
-3104
-868
1372
3445
5200
6513
7301
7523
7182
6323
5031
3415
1609
-248
-2020
-3582
-4831
-5690
-6117
-6101
-5664
-4855
-3748
-2432
-1006
428
1779
2960
3904
4563
4909
4935
4654
4096
3307
2340
1258
127
-988
-2027
-2934
-3662
-4172
-4437
-4445
-4192
-3691
-2964
-2049
-993
145
1304
2414
3404
4210
4771
5042
4990
4605
3896
2896
1659
260
-1211
-2655
-3967
-5046
-5803
-6170
-6101
-5584
-4637
-3316
-1702
92
1938
3699
5237
6425
7162
7375
7033
6143
4760
2975
917
-1260
-3392
-5310
-6858
-7907
-8363
-8179
-7354
-5943
-4044
-1799
620
3028
5233
7058
8354
9011
8971
8227
6831
4888
2545
-14
-2590
-4980
-6992
-8467
-9284
-9376
-8734
-7407
-5498
-3156
-568
2063
4530
6639
8224
9162
9382
8869
7668
5877
3640
1137
-1435
-3875
-5991
-7623
-8649
-8995
-8642
-7628
-6040
-4010
-1701
702
3014
5057
6679
7764
8238
8079
7312
6008
4280
2269
133
-1961
-3860
-5424
-6546
-7156
-7222
-6757
-5811
-4469
-2843
-1060
744
2439
3908
5052
5804
6124
6007
5479
4591
3419
2055
598
-850
-2194
-3350
-4250
-4846
-5113
-5045
-4659
-3990
-3089
-2018
-844
357
1518
2571
3455
4123
4539
0
0
0
0
0
0
0
0
0
0
0
0
0
0
0
0
0
0
0
0
0
0
0
0
0
0
0
0
0
0
0
0
0
0
0
0
0
0
0
0
0
0
0
0
0
0
0
0
0
0
0
0
0
0
0
0
0
0
0
0
0
0
0
0
0
0
0
-4681
-4592
-4326
-3878
-3246
-2431
-1443
-302
952
2268
3574
4784
5806
6545
6912
6837
6275
5216
3689
1766
-439
-2783
-5089
-7171
-8846
-9948
-10345
-9957
-8762
-6803
-4192
-1104
2238
5574
8632
11144
12877
13649
13353
11963
9544
6253
2324
-1943
-6210
-10124
-13348
-15592
-16634
-16350
-14719
-11834
-7896
-3199
1887
6954
11581
15373
17994
19198
18851
16948
13611
9086
3723
-2048
-7759
-12934
-17135
-19995
-21254
-20783
-18593
-14839
-9811
-3908
2392
8572
14118
18562
21523
22740
22093
19618
15505
10079
3780
-2875
-9339
-15073
-19596
-22527
-23613
-22756
-20017
-15617
-9914
-3378
3451
10009
15749
20195
22975
23859
22773
19806
15208
9360
2751
-4070
-10536
-16111
-20335
-22862
-23488
-22171
-19027
-14328
-8473
-1955
4681
10882
16136
20013
22203
22535
21000
17741
13046
7320
1048
-5239
-11020
-15819
-19248
-21037
-21059
-19334
-16029
-11441
-5972
-90
5706
10937
15172
18076
19426
19136
17260
13982
9601
4506
-863
-6052
-10630
-14223
-16552
-17446
-16862
-14882
-11702
-7618
-2994
1766
6259
10112
13014
14746
15190
14342
12308
9294
5581
1505
-2577
-6318
-9408
-11602
-12741
-12758
-11686
-9652
-6860
-3576
-97
3267
6232
8554
10052
10625
10255
9007
7021
4498
1678
-1178
-3819
-6018
-7597
-8437
-8492
-7787
-6412
-4517
-2292
48
2288
4227
5699
6587
6831
6432
5451
3998
2228
315
-1554
-3207
-4495
-5307
-5581
-5308
-4530
-3335
-1851
-226
1377
2807
3928
4639
4879
4633
3935
2859
1514
35
-1432
-2749
-3788
-4452
-4681
-4453
-3795
-2771
-1479
-43
1400
2717
3783
4498
4796
4649
4070
3112
1862
434
-1041
-2433
-3614
-4479
-4949
-4982
-4575
-3763
-2618
-1239
251
1727
3058
4131
4854
5166
5041
4490
3563
2337
918
-575
-2019
-3294
-4295
-4943
-5185
-5007
-4425
-3489
-2279
-894
552
1946
3177
4149
4789
5049
4916
4402
3554
2440
1150
-216
-1553
-2760
-3748
-4445
-4804
-4801
-4442
-3757
-2802
-1648
-383
900
2109
3157
3971
4495
4692
4553
4088
3332
2340
1182
-59
-1298
-2447
-3426
-4166
-4614
-4737
-4525
-3989
-3165
-2108
-889
406
1689
2868
3856
4582
4987
5037
4722
4057
3083
1866
488
-950
-2347
-3597
-4604
-5287
-5586
-5472
-4943
-4028
-2789
-1313
293
1909
3411
4681
5614
6130
6182
5753
4869
3587
2002
232
-1586
-3311
-4803
-5940
-6623
-6792
-6423
-5537
-4197
-2503
-586
1401
3300
4957
6233
7021
7250
6895
5978
4568
2776
744
-1363
-3374
-5123
-6463
-7283
-7511
-7123
-6150
-4669
-2799
-694
1470
3518
5277
6600
7376
7540
7079
6030
4483
2566
441
-1712
-3714
-5395
-6616
-7275
-7319
-6747
-5612
-4011
-2085
0
2066
3938
5456
6495
6968
6842
6132
4906
3274
1383
-600
-2505
-4166
-5441
-6224
-6454
-6118
-5252
-3941
-2306
-497
1324
2996
4373
5335
5804
5745
5172
4145
2762
1155
-525
-2128
-3506
-4538
-5133
-5244
-4867
-4045
-2859
-1425
120
1631
2966
4002
4644
4836
4564
3857
2786
1456
-4
-1456
-2760
-3792
-4453
-4681
-4453
-3792
-2760
-1456
-4
1456
2786
3857
4564
4836
4644
4002
2966
1631
120
-1425
-2859
-4045
-4867
-5244
-5133
-4538
-3506
-2128
-525
1155
2762
4145
5172
5745
5804
5335
4373
2996
1324
-497
-2306
-3941
-5252
-6118
-6454
-6224
-5441
-4166
-2505
-600
1383
3274
4906
6132
6842
6968
6495
5456
3938
2066
0
-2085
-4011
-5612
-6747
-7319
-7275
-6616
-5395
-3714
-1712
441
2566
4483
6030
7079
7540
7376
6600
5277
3518
1470
-694
-2799
-4669
-6150
-7123
-7511
-7283
-6463
-5123
-3374
-1363
744
2776
4568
5978
6895
7250
7021
6233
4957
3300
1401
-586
-2503
-4197
-5537
-6423
-6792
-6623
-5940
-4803
-3311
-1586
232
2002
3587
4869
5753
6182
6130
5614
4680
3411
1909
293
-1313
-2789
-4028
-4943
-5472
-5586
-5287
-4604
-3597
-2347
-950
488
1866
3083
4057
4722
5037
4987
4582
3856
2868
1689
406
-889
-2108
-3165
-3989
-4525
-4737
-4614
-4166
-3426
-2447
-1298
-59
1182
2340
3332
4088
4553
4692
4495
3971
3157
2109
900
-383
-1648
-2802
-3757
-4442
-4801
-4804
-4445
-3748
-2760
-1553
-216
1150
2440
3554
4402
4916
5049
4789
4149
3177
1946
552
-894
-2279
-3489
-4425
-5007
-5185
-4943
-4295
-3294
-2019
-575
918
2337
3563
4490
5041
5166
4854
4131
3058
1727
251
-1239
-2618
-3763
-4575
-4982
-4949
-4479
-3614
-2433
-1041
434
1862
3112
4070
4649
4796
4498
3783
2717
1400
-43
-1479
-2771
-3795
-4453
-4681
-4452
-3788
-2749
-1432
35
1514
2859
3935
4633
4879
4639
3928
2807
1377
-226
-1851
-3335
-4530
-5308
-5581
-5307
-4495
-3207
-1554
315
2228
3998
5451
6432
6831
6587
5699
4227
2288
48
-2292
-4517
-6412
-7787
-8492
-8437
-7597
-6018
-3819
-1178
1678
4498
7021
9007
10255
10625
10052
8554
6232
3267
-97
-3576
-6860
-9652
-11686
-12758
-12741
-11602
-9408
-6318
-2577
1505
5581
9294
12308
14342
15190
14746
13014
10112
6259
1766
-2994
-7618
-11702
-14882
-16862
-17446
-16552
-14223
-10630
-6052
-863
4506
9601
13982
17260
19136
19426
18076
15172
10937
5706
-90
-5972
-11441
-16029
-19334
-21059
-21037
-19248
-15819
-11020
-5239
1048
7320
13046
17741
21000
22535
22203
20013
16136
10882
4681
-1955
-8473
-14328
-19027
-22171
-23488
-22862
-20335
-16111
-10536
-4070
2751
9360
15208
19806
22773
23859
22975
20195
15749
10009
3451
-3378
-9914
-15617
-20017
-22756
-23613
-22527
-19596
-15073
-9339
-2875
3780
10079
15505
19618
22093
22740
21523
18562
14118
8572
2392
-3908
-9811
-14839
-18593
-20783
-21254
-19995
-17135
-12934
-7759
-2048
3723
9086
13611
16948
18851
19198
17994
15373
11581
6954
1887
-3199
-7896
-11834
-14719
-16350
-16634
-15592
-13348
-10124
-6210
-1943
2324
6253
9544
11963
13353
13649
12877
11144
8632
5574
2238
-1104
-4192
-6803
-8762
-9957
-10345
-9948
-8846
-7171
-5089
-2783
-439
1766
3689
5216
6275
6837
6912
6545
5806
4784
3574
2268
952
-302
-1443
-2431
-3246
-3878
-4326
-4592
0
0
0
0
0
0
0
0
0
0
0
0
0
0
0
0
0
0
0
0
0
0
0
0
0
0
0
0
0
0
0
0
0
0
0
0
0
0
0
0
0
0
0
0
0
0
0
0
0
0
0
0
0
0
0
0
0
0
0
0
0
0
0
0
0
0
0
14043
13411
11573
8695
5034
919
-3278
-7182
-10442
-12764
-13940
-13864
-12543
-10094
-6739
-2777
1436
5522
9115
11893
13607
14103
13336
11376
8398
4669
521
-3674
-7542
-10738
-12976
-14058
-13888
-12482
-9966
-6565
-2583
1624
5685
9238
11967
13634
14091
13300
11336
8374
4679
581
-3557
-7371
-10524
-12740
-13827
-13695
-12360
-9946
-6671
-2826
1245
5185
8649
11334
13011
13539
12881
11102
8369
4928
1087
-2813
-6432
-9456
-11625
-12760
-12772
-11674
-9573
-6667
-3218
463
4053
7240
9751
11377
11989
11550
10116
7828
4903
1607
-1765
-4916
-7575
-9520
-10594
-10722
-9914
-8262
-5931
-3142
-152
2770
5370
7426
8770
9305
9005
7923
6178
3946
1443
-1099
-3450
-5406
-6803
-7535
-7560
-6902
-5648
-3934
-1938
142
2113
3793
5036
5743
5871
5432
4494
3169
1606
-29
-1573
-2873
-3807
-4294
-4303
-3852
-3006
-1869
-574
731
1905
2819
3376
3517
3233
2558
1569
380
-873
-2050
-3011
-3642
-3863
-3635
-2968
-1921
-595
876
2340
3637
4620
5169
5206
4701
3678
2216
440
-1485
-3379
-5050
-6324
-7058
-7154
-6575
-5343
-3546
-1328
1120
3582
5829
7645
8845
9295
8925
7738
5810
3289
381
-2669
-5592
-8126
-10032
-11123
-11278
-10455
-8697
-6133
-2964
550
4114
7420
10175
12129
13094
12964
11727
9465
6350
2630
-1389
-5372
-8979
-11897
-13868
-14708
-14328
-12742
-10063
-6502
-2345
2067
6369
10199
13230
15202
15936
15360
13507
10519
6632
2162
-2526
-7047
-11027
-14133
-16102
-16766
-16063
-14043
-10864
-6782
-2128
2719
7366
11432
14583
16561
17203
16455
14375
11131
6986
2275
-2620
-7306
-11403
-14583
-16591
-17268
-16562
-14535
-11352
-7272
-2624
2217
6866
10953
14154
16221
16995
16423
14556
11553
7656
3179
-1519
-6069
-10113
-13338
-15498
-16432
-16077
-14472
-11754
-8143
-3930
552
4955
8936
12193
14481
15632
15570
14312
11968
8728
4850
638
-3582
-7490
-10789
-13236
-14654
-14946
-14102
-12198
-9389
-5898
-1994
2024
5853
9207
11838
13558
14245
13859
12438
10098
7021
3444
-362
-4113
-7530
-10362
-12402
-13505
-13595
-12672
-10812
-8158
-4911
-1315
2361
5845
8878
11239
12754
13313
12879
11486
9240
6311
2918
-685
-4231
-7455
-10115
-12014
-13010
-13028
-12068
-10200
-7565
-4362
-830
2764
6148
9068
11300
12676
13088
12505
10970
8597
5568
2113
-1504
-5006
-8125
-10619
-12296
-13025
-12749
-11489
-9342
-6472
-3104
500
4063
7303
9970
11853
12807
12757
11709
9746
7024
3760
211
-3339
-6611
-9347
-11330
-12407
-12495
-11592
-9774
-7191
-4053
-616
2843
6048
8742
10712
11806
11942
11117
9408
6959
3978
711
-2572
-5605
-8144
-9988
-10993
-11090
-10282
-8649
-6336
-3543
-509
2512
5271
7545
9152
9971
9948
9102
7519
5345
2776
36
-2640
-5029
-6935
-8207
-8752
-8541
-7610
-6056
-4031
-1719
670
2928
4863
6314
7167
7364
6907
5854
4318
2449
425
-1566
-3345
-4757
-5683
-6052
-5845
-5100
-3900
-2371
-667
1044
2602
3858
4699
5052
4892
4246
3185
1822
296
-1236
-2624
-3727
-4436
-4681
-4436
-3727
-2624
-1236
296
1822
3185
4246
4892
5052
4699
3858
2602
1044
-667
-2371
-3900
-5100
-5845
-6052
-5683
-4757
-3345
-1566
425
2449
4318
5854
6907
7364
7167
6314
4863
2928
670
-1719
-4031
-6056
-7610
-8541
-8752
-8207
-6935
-5029
-2640
36
2776
5345
7519
9102
9948
9971
9152
7545
5271
2512
-509
-3543
-6336
-8649
-10282
-11090
-10993
-9988
-8144
-5605
-2572
711
3978
6959
9408
11117
11942
11806
10712
8742
6048
2843
-616
-4053
-7191
-9774
-11592
-12495
-12407
-11330
-9347
-6611
-3339
211
3760
7024
9746
11709
12757
12807
11853
9970
7303
4063
500
-3104
-6472
-9342
-11489
-12749
-13025
-12296
-10619
-8125
-5006
-1504
2113
5568
8597
10970
12505
13088
12676
11300
9068
6148
2764
-830
-4362
-7565
-10200
-12068
-13028
-13010
-12014
-10115
-7455
-4231
-685
2918
6311
9240
11486
12879
13313
12754
11239
8878
5845
2361
-1315
-4911
-8158
-10812
-12672
-13595
-13505
-12402
-10362
-7530
-4113
-362
3444
7021
10098
12438
13859
14245
13558
11838
9207
5853
2024
-1994
-5898
-9389
-12198
-14102
-14946
-14654
-13236
-10789
-7490
-3582
638
4850
8728
11968
14312
15570
15632
14481
12193
8936
4955
552
-3930
-8143
-11754
-14472
-16077
-16432
-15498
-13338
-10113
-6069
-1519
3179
7656
11553
14556
16423
16995
16221
14154
10953
6866
2217
-2624
-7272
-11352
-14535
-16562
-17268
-16591
-14583
-11403
-7306
-2620
2275
6986
11131
14375
16455
17203
16561
14583
11432
7366
2719
-2128
-6782
-10864
-14043
-16063
-16766
-16102
-14133
-11027
-7047
-2526
2162
6632
10519
13507
15360
15936
15202
13230
10199
6369
2067
-2345
-6502
-10063
-12742
-14328
-14708
-13868
-11897
-8979
-5372
-1389
2630
6350
9465
11727
12964
13094
12129
10175
7420
4114
550
-2964
-6133
-8697
-10455
-11278
-11123
-10032
-8126
-5592
-2669
381
3289
5810
7738
8925
9295
8845
7645
5829
3582
1120
-1328
-3546
-5343
-6575
-7154
-7058
-6324
-5050
-3379
-1485
440
2216
3678
4701
5206
5169
4620
3637
2340
876
-595
-1921
-2968
-3635
-3863
-3642
-3011
-2050
-873
380
1569
2558
3233
3517
3376
2819
1905
731
-574
-1869
-3006
-3852
-4303
-4294
-3807
-2873
-1573
-29
1606
3169
4494
5432
5871
5743
5036
3793
2113
142
-1938
-3934
-5648
-6902
-7560
-7535
-6803
-5406
-3450
-1099
1443
3946
6178
7923
9005
9305
8770
7426
5370
2770
-152
-3142
-5931
-8262
-9914
-10722
-10594
-9520
-7575
-4916
-1765
1607
4903
7828
10116
11550
11989
11377
9751
7240
4053
463
-3218
-6667
-9573
-11674
-12772
-12760
-11625
-9456
-6432
-2813
1087
4928
8369
11102
12881
13539
13011
11334
8649
5185
1245
-2826
-6671
-9946
-12360
-13695
-13827
-12740
-10524
-7371
-3557
581
4679
8374
11336
13300
14091
13634
11967
9238
5685
1624
-2583
-6565
-9966
-12482
-13888
-14058
-12976
-10738
-7542
-3674
521
4669
8398
11376
13336
14103
13607
11893
9115
5522
1436
-2777
-6739
-10094
-12543
-13864
-13940
-12764
-10442
-7182
-3278
919
5034
8695
11573
13411
0
0
0
0
0
0
0
0
0
0
0
0
0
0
0
0
0
0
0
0
0
0
0
0
0
0
0
0
0
0
0
0
0
0
0
0
0
0
0
0
0
0
0
0
0
0
0
0
0
0
0
0
0
0
0
0
0
0
0
0
0
0
0
0
0
0
0
4681
4485
3917
3026
1888
603
-718
-1964
-3029
-3825
-4289
-4389
-4123
-3524
-2650
-1585
-425
727
1774
2630
3229
3532
3527
3230
2684
1950
1105
232
-589
-1290
-1817
-2136
-2238
-2134
-1857
-1455
-985
-505
-70
274
501
599
575
454
272
77
-85
-174
-156
-18
237
588
994
1402
1749
1973
2022
1854
1452
822
0
-954
-1959
-2917
-3723
-4281
-4505
-4338
-3755
-2770
-1436
151
1871
3573
5100
6299
7036
7209
6762
5693
4053
1953
-451
-2966
-5376
-7463
-9026
-9898
-9966
-9183
-7572
-5233
-2334
901
4208
7304
9914
11792
12746
12656
11490
9305
6250
2553
-1490
-5550
-9280
-12352
-14481
-15458
-15164
-13584
-10814
-7056
-2599
2198
6939
11222
14674
16980
17920
17382
15375
12037
7619
2470
-2991
-8314
-13046
-16780
-19183
-20028
-19219
-16793
-12927
-7922
-2180
3829
9608
14669
18578
20994
21695
20601
17782
13455
7962
1752
-4665
-10758
-16013
-19986
-22335
-22850
-21476
-18312
-13610
-7752
-1218
5450
11702
17014
20940
23149
23451
21814
18371
13402
7317
620
-6134
-12386
-17617
-21392
-23399
-23473
-21611
-17970
-12855
-6694
0
6671
12768
17786
21317
23074
22922
20884
17140
12009
5927
-597
-7021
-12815
-17505
-20713
-22188
-21825
-19672
-15927
-10915
-5066
1128
7153
12512
16773
19598
20775
20230
18035
14395
9633
4162
-1556
-7047
-11861
-15613
-18015
-18894
-18208
-16046
-12616
-8228
-3265
1851
6696
10877
14065
16023
16620
15842
13791
10670
6765
2421
-1990
-6105
-9592
-12185
-13698
-14043
-13228
-11363
-8638
-5308
-1670
1962
5291
8054
10045
11131
11262
10468
8857
6600
3914
1041
-1768
-4287
-6320
-7724
-8417
-8383
-7665
-6366
-4631
-2632
-555
1418
3131
4456
5310
5657
5509
4918
3976
2796
1502
222
-933
-1872
-2535
-2893
-2950
-2739
-2319
-1762
-1148
-552
-40
340
564
631
558
386
163
-53
-212
-271
-203
0
324
737
1187
1613
1951
2142
2135
1903
1438
761
-81
-1023
-1979
-2854
-3554
-3998
-4119
-3881
-3278
-2340
-1129
261
1717
3111
4315
5210
5702
5728
5263
4327
2980
1324
-509
-2367
-4091
-5527
-6542
-7035
-6948
-6273
-5052
-3373
-1370
795
2942
4888
6464
7529
7984
7779
6921
5472
3545
1297
-1089
-3413
-5480
-7113
-8170
-8558
-8239
-7233
-5620
-3530
-1136
1364
3763
5860
7478
8481
8785
8363
7249
5536
3365
918
-1600
-3984
-6033
-7579
-8495
-8707
-8201
-7021
-5269
-3092
-675
1782
4077
6019
7451
8258
8380
7811
6606
4870
2751
429
-1903
-4053
-5846
-7138
-7828
-7867
-7260
-6066
-4391
-2379
-200
1963
3935
5555
6695
7269
7239
6616
5462
3880
2006
0
-1972
-3750
-5190
-6181
-6649
-6564
-5945
-4851
-3380
-1659
166
1944
3532
4802
5656
6033
5910
5307
4281
2924
1353
-300
-1900
-3318
-4439
-5179
-5484
-5335
-4754
-3794
-2540
-1098
411
1864
3143
4148
4800
5051
4886
4325
3417
2240
894
-510
-1859
-3043
-3968
-4560
-4775
-4598
-4046
-3166
-2032
-736
613
1909
3044
3928
4489
4681
4489
3928
3044
1909
613
-736
-2032
-3166
-4046
-4598
-4775
-4560
-3968
-3043
-1859
-510
894
2240
3417
4325
4886
5051
4800
4148
3143
1864
411
-1098
-2540
-3794
-4754
-5335
-5484
-5179
-4439
-3318
-1900
-300
1353
2924
4281
5307
5910
6033
5656
4802
3532
1944
166
-1659
-3380
-4851
-5945
-6564
-6649
-6181
-5190
-3750
-1972
0
2006
3880
5462
6616
7239
7269
6695
5555
3935
1963
-200
-2379
-4391
-6066
-7260
-7867
-7828
-7138
-5846
-4053
-1903
429
2751
4870
6606
7811
8380
8258
7451
6019
4077
1782
-675
-3092
-5269
-7021
-8201
-8707
-8495
-7579
-6033
-3984
-1600
918
3365
5536
7249
8363
8785
8481
7478
5860
3763
1364
-1136
-3530
-5620
-7233
-8239
-8558
-8170
-7113
-5480
-3413
-1089
1297
3545
5472
6921
7779
7984
7529
6464
4888
2942
795
-1370
-3373
-5052
-6273
-6948
-7035
-6542
-5527
-4091
-2367
-509
1324
2980
4327
5263
5728
5702
5210
4315
3111
1717
261
-1129
-2340
-3278
-3881
-4119
-3998
-3554
-2854
-1979
-1023
-81
761
1438
1903
2135
2142
1951
1613
1187
737
324
0
-203
-271
-212
-53
163
386
558
631
564
340
-40
-552
-1148
-1762
-2319
-2739
-2950
-2893
-2535
-1872
-933
222
1502
2796
3976
4918
5509
5657
5310
4456
3131
1418
-555
-2632
-4631
-6366
-7665
-8383
-8417
-7724
-6320
-4287
-1768
1041
3914
6600
8857
10468
11262
11131
10045
8054
5291
1962
-1670
-5308
-8638
-11363
-13228
-14043
-13698
-12185
-9592
-6105
-1990
2421
6765
10670
13791
15842
16620
16023
14065
10877
6696
1851
-3265
-8228
-12616
-16046
-18208
-18894
-18015
-15613
-11861
-7047
-1556
4162
9633
14395
18035
20230
20775
19598
16773
12512
7153
1128
-5066
-10915
-15927
-19672
-21825
-22188
-20713
-17505
-12815
-7021
-597
5927
12009
17140
20884
22922
23074
21317
17786
12768
6671
0
-6694
-12855
-17970
-21611
-23473
-23399
-21392
-17617
-12386
-6134
620
7317
13402
18371
21814
23451
23149
20940
17014
11702
5450
-1218
-7752
-13610
-18312
-21476
-22850
-22335
-19986
-16013
-10758
-4665
1752
7962
13455
17782
20601
21695
20994
18578
14669
9608
3829
-2180
-7922
-12927
-16793
-19219
-20028
-19183
-16780
-13046
-8314
-2991
2470
7619
12037
15375
17382
17920
16980
14674
11222
6939
2198
-2599
-7056
-10814
-13584
-15164
-15458
-14481
-12352
-9280
-5550
-1490
2553
6250
9305
11490
12656
12746
11792
9914
7304
4208
901
-2334
-5233
-7572
-9183
-9966
-9898
-9026
-7463
-5376
-2966
-451
1953
4053
5693
6762
7209
7036
6299
5100
3573
1871
151
-1436
-2770
-3755
-4338
-4505
-4281
-3723
-2917
-1959
-954
0
822
1452
1854
2022
1973
1749
1402
994
588
237
-18
-156
-174
-85
77
272
454
575
599
501
274
-70
-505
-985
-1455
-1857
-2134
-2238
-2136
-1817
-1290
-589
232
1105
1950
2684
3230
3527
3532
3229
2630
1774
727
-425
-1585
-2650
-3524
-4123
-4389
-4289
-3825
-3029
-1964
-718
603
1888
3026
3917
4485
0
0
0
0
0
0
0
0
0
0
0
0
0
0
0
0
0
0
0
0
0
0
0
0
0
0
0
0
0
0
0
0
0
0
0
0
0
0
0
0
0
0
0
0
0
0
0
0
0
0
0
0
0
0
0
0
0
0
0
0
0
0
0
0
0
0
0
4681
4383
3525
2201
561
-1209
-2907
-4333
-5311
-5714
-5468
-4574
-3096
-1170
1020
3254
5296
6922
7940
8211
7667
6320
4259
1653
-1272
-4248
-6990
-9223
-10708
-11270
-10812
-9331
-6919
-3758
-108
3716
7374
10524
12863
14148
14225
13044
10666
7262
3100
-1475
-6073
-10289
-13741
-16105
-17142
-16725
-14853
-11649
-7359
-2327
3029
8254
12895
16539
18851
19607
18710
16205
12276
7233
1487
-4484
-10177
-15103
-18831
-21028
-21486
-20142
-17087
-12557
-6918
-632
5776
11771
16842
20554
22583
22743
21008
17506
12520
6457
-182
-6845
-12976
-18060
-21667
-23490
-23372
-21316
-17488
-12203
-5897
906
7641
13750
18725
22153
23751
23389
21099
17076
11654
5288
-1493
-8128
-14070
-18831
-22024
-23393
-22835
-20408
-16325
-10931
-4681
1905
8284
13933
18395
21313
22465
21772
19311
15302
10091
4119
-2116
-8104
-13356
-17455
-20080
-21040
-20279
-17886
-14080
-9194
-3642
2112
7598
12376
16071
18402
19207
18449
16221
12733
8293
3280
-1889
-6796
-11049
-14321
-16373
-17067
-16383
-14409
-11336
-7439
-3051
1462
5739
9443
12297
14097
14732
14186
12538
9955
6669
2963
-855
-4483
-7642
-10099
-11686
-12311
-11959
-10695
-8650
-6014
-3013
104
3095
5734
7832
9252
9914
9800
8954
7470
5491
3186
744
-1646
-3811
-5601
-6902
-7642
-7795
-7379
-6452
-5105
-3457
-1639
211
1965
3504
4733
5583
6014
6019
5617
4853
3795
2526
1135
-279
-1629
-2829
-3809
-4514
-4908
-4975
-4719
-4163
-3348
-2328
-1171
50
1257
2374
3330
4062
4523
4681
4522
4055
3308
2328
1178
-63
-1312
-2481
-3483
-4246
-4709
-4833
-4603
-4029
-3147
-2020
-727
635
1965
3158
4120
4773
5061
4955
4459
3606
2461
1112
-335
-1765
-3061
-4116
-4842
-5176
-5089
-4584
-3700
-2509
-1109
385
1847
3155
4197
4885
5159
4995
4407
3445
2191
754
-742
-2168
-3400
-4330
-4879
-4998
-4678
-3948
-2874
-1553
-101
1350
2673
3748
4480
4804
4692
4155
3243
2039
655
-783
-2144
-3303
-4154
-4617
-4651
-4253
-3458
-2340
-1002
430
1826
3055
4000
4573
4718
4419
3702
2630
1301
-162
-1624
-2948
-4009
-4705
-4968
-4766
-4116
-3070
-1722
-193
1377
2844
4071
4940
5367
5305
4754
3755
2395
791
-912
-2564
-4011
-5121
-5787
-5942
-5564
-4681
-3362
-1720
101
1945
3647
5052
6033
6496
6395
5731
4555
2963
1091
-900
-2840
-4558
-5903
-6753
-7031
-6706
-5802
-4391
-2591
-552
1551
3540
5243
6515
7243
7364
6864
5783
4210
2276
143
-2008
-3998
-5660
-6854
-7480
-7485
-6870
-5686
-4033
-2049
100
2238
4186
5785
6906
7457
7398
6737
5532
3886
1935
-156
-2220
-4089
-5612
-6670
-7184
-7118
-6485
-5343
-3789
-1954
11
1950
3709
5151
6167
6686
6674
6143
5144
3763
2116
336
-1437
-3067
-4431
-5431
-5999
-6102
-5743
-4959
-3821
-2422
-873
705
2198
3497
4510
5173
5445
5318
4810
3969
2863
1576
204
-1153
-2403
-3462
-4260
-4749
-4901
-4714
-4206
-3418
-2406
-1243
-7
1217
2351
3319
4059
4523
4681
4523
4059
3319
2351
1217
-7
-1243
-2406
-3418
-4206
-4714
-4901
-4749
-4260
-3462
-2403
-1153
204
1576
2863
3969
4810
5318
5445
5173
4510
3497
2198
705
-873
-2422
-3821
-4959
-5743
-6102
-5999
-5431
-4431
-3067
-1437
336
2116
3763
5144
6143
6674
6686
6167
5151
3709
1950
11
-1954
-3789
-5343
-6485
-7118
-7184
-6670
-5612
-4089
-2220
-156
1935
3886
5532
6737
7398
7457
6906
5785
4186
2238
100
-2049
-4033
-5686
-6870
-7485
-7480
-6854
-5660
-3998
-2008
143
2276
4210
5783
6864
7364
7243
6515
5243
3540
1551
-552
-2591
-4391
-5802
-6706
-7031
-6753
-5903
-4558
-2840
-900
1091
2963
4555
5731
6395
6496
6033
5052
3647
1945
101
-1720
-3362
-4681
-5564
-5942
-5787
-5121
-4011
-2564
-912
791
2395
3755
4754
5305
5367
4940
4071
2844
1377
-193
-1722
-3070
-4116
-4766
-4968
-4705
-4009
-2948
-1624
-162
1301
2630
3702
4419
4718
4573
4000
3055
1826
430
-1002
-2340
-3458
-4253
-4651
-4617
-4154
-3303
-2144
-783
655
2039
3243
4155
4692
4804
4480
3748
2673
1350
-101
-1553
-2874
-3948
-4678
-4998
-4879
-4330
-3400
-2168
-742
754
2191
3445
4407
4995
5159
4885
4197
3155
1847
385
-1109
-2509
-3700
-4584
-5089
-5176
-4842
-4116
-3061
-1765
-335
1112
2461
3606
4459
4955
5061
4773
4120
3158
1965
635
-727
-2020
-3147
-4029
-4603
-4833
-4709
-4246
-3483
-2481
-1312
-63
1178
2328
3308
4055
4522
4681
4523
4062
3330
2374
1257
50
-1171
-2328
-3348
-4163
-4719
-4975
-4908
-4514
-3809
-2829
-1629
-279
1135
2526
3795
4853
5617
6019
6014
5583
4733
3504
1965
211
-1639
-3457
-5105
-6452
-7379
-7795
-7642
-6902
-5601
-3811
-1646
744
3186
5491
7470
8954
9800
9914
9252
7832
5734
3095
104
-3013
-6014
-8650
-10695
-11959
-12311
-11686
-10099
-7642
-4483
-855
2963
6669
9955
12538
14186
14732
14097
12297
9443
5739
1462
-3051
-7439
-11336
-14409
-16383
-17067
-16373
-14321
-11049
-6796
-1889
3280
8293
12733
16221
18449
19207
18402
16071
12376
7598
2112
-3642
-9194
-14080
-17886
-20279
-21040
-20080
-17455
-13356
-8104
-2116
4119
10091
15302
19311
21772
22465
21313
18395
13933
8284
1905
-4680
-10931
-16325
-20408
-22835
-23393
-22024
-18831
-14070
-8128
-1493
5288
11654
17076
21099
23389
23751
22153
18725
13750
7641
906
-5897
-12203
-17488
-21316
-23372
-23490
-21667
-18060
-12976
-6845
-182
6457
12520
17506
21008
22743
22583
20554
16842
11771
5776
-632
-6918
-12557
-17087
-20142
-21486
-21028
-18831
-15103
-10177
-4484
1487
7233
12276
16205
18710
19607
18851
16539
12895
8254
3029
-2327
-7359
-11649
-14853
-16725
-17142
-16105
-13741
-10289
-6073
-1475
3100
7262
10666
13044
14225
14148
12863
10524
7374
3716
-108
-3758
-6919
-9331
-10812
-11270
-10708
-9223
-6990
-4248
-1272
1653
4259
6320
7667
8211
7940
6922
5296
3254
1020
-1170
-3096
-4574
-5468
-5714
-5311
-4333
-2907
-1209
561
2201
3525
4383
0
0
0
0
0
0
0
0
0
0
0
0
0
0
0
0
0
0
0
0
0
0
0
0
0
0
0
0
0
0
0
0
0
0
0
0
0
0
0
0
0
0
0
0
0
0
0
0
0
0
0
0
0
0
0
0
0
0
0
0
0
0
0
0
0
0
0
