0
4278
8485
12550
16402
19973
23203
26035
28419
30314
31684
32507
32766
32456
31581
30156
28203
25758
22860
19561
15917
11991
7852
3573
-771
-5106
-9352
-13436
-17284
-20829
-24006
-26759
-29038
-30801
-32015
-32660
-32720
-32196
-31094
-29434
-27244
-24563
-21439
-17925
-14087
-9991
-5712
-1327
3083
7441
11667
15683
19415
22796
25762
28259
30239
31667
32514
32764
32412
31462
29931
27847
25247
22178
18696
14865
10755
6443
2009
-2465
-6896
-11201
-15299
-19113
-22570
-25606
-28162
-30190
-31650
-32514
-32764
-32394
-31411
-29832
-27686
-25012
-21861
-18292
-14372
-10175
-5781
-1274
3259
7733
12062
16161
19951
23359
26318
28771
30668
31973
32659
32711
32127
30919
29107
26727
23823
20452
16679
12577
8226
3711
-879
-5455
-9926
-14204
-18204
-21846
-25058
-27775
-29942
-31516
-32464
-32766
-32415
-31417
-29790
-27567
-24790
-21514
-17805
-13736
-9388
-4849
-209
4437
8997
13377
17489
21248
24578
27411
29687
31359
32393
32765
32468
31507
29899
27676
24884
21579
17828
13707
9301
4700
0
-4703
-9311
-13729
-17864
-21629
-24947
-27746
-29968
-31566
-32503
-32761
-32332
-31225
-29460
-27076
-24119
-20653
-16748
-12488
-7961
-3263
1506
6246
10856
15238
19298
22949
26112
28719
30713
32051
32702
32651
31900
30461
28366
25658
22395
18646
14492
10022
5332
524
-4298
-9029
-13567
-17811
-21669
-25055
-27896
-30127
-31699
-32577
-32739
-32182
-30916
-28967
-26379
-23206
-19519
-15397
-10932
-6222
-1372
3511
8320
12945
17284
21240
24723
27655
29968
31611
32545
32748
32214
30954
28995
26381
23169
19431
15252
10724
5950
1038
-3899
-8751
-13405
-17757
-21705
-25159
-28038
-30277
-31822
-32637
-32702
-32014
-30588
-28456
-25665
-22280
-18377
-14047
-9388
-4509
477
5455
10308
14924
19194
23018
26305
28979
30974
32243
32756
32498
31476
29711
27244
24133
20449
16280
11722
6884
1880
-3170
-8148
-12935
-17416
-21484
-25041
-28000
-30291
-31856
-32659
-32677
-31909
-30373
-28105
-25157
-21600
-17520
-13013
-8189
-3163
1941
7001
11893
16499
20705
24407
27516
29953
31659
32589
32721
32049
30590
28377
25463
21921
17836
13307
8448
3377
-1780
-6896
-11843
-16499
-20746
-24479
-27603
-30040
-31727
-32621
-32699
-31957
-30413
-28105
-25088
-21439
-17247
-12618
-7668
-2522
2689
7836
12787
17416
21605
25247
28248
30530
32035
32723
32574
31592
29801
27244
23987
20112
15718
10917
5832
595
-4660
-9798
-14685
-19194
-23208
-26622
-29345
-31307
-32455
-32757
-32206
-30813
-28614
-25665
-22043
-17841
-13169
-8148
-2911
2405
7661
12717
17440
21705
25397
28419
30689
32146
32750
32483
31352
29385
26633
23169
19084
14487
9500
4255
-1105
-6439
-11603
-16457
-20870
-24723
-27911
-30346
-31961
-32712
-32578
-31559
-29684
-27001
-23582
-19519
-14922
-9916
-4636
771
6162
11386
16301
20770
24671
27896
30354
31977
32719
32558
31498
29565
26813
23317
19172
14492
9407
4058
-1405
-6833
-12073
-16978
-21411
-25247
-28377
-30713
-32188
-32760
-32410
-31148
-29007
-26047
-22351
-18021
-13179
-7961
-2516
3003
8440
13640
18454
22745
26389
29282
31340
32503
32737
32033
30409
27913
24613
20604
16000
10932
5547
0
-5550
-10942
-16021
-20637
-24657
-27963
-30458
-32068
-32745
-32468
-31244
-29107
-26118
-22364
-17952
-13013
-7689
-2137
3479
8997
14252
19090
23367
26955
29748
31662
32640
32650
31691
29790
27003
23411
19119
14256
8965
3403
-2262
-7862
-13230
-18204
-22633
-26385
-29345
-31423
-32556
-32707
-31871
-30072
-27362
-23823
-19561
-14703
-9397
-3803
1908
7565
12994
18030
22517
26318
29316
31419
32559
32702
31841
30001
27238
23635
19302
14372
8996
3339
-2422
-8112
-13553
-18577
-23026
-26761
-29667
-31650
-32648
-32629
-31591
-29565
-26615
-22829
-18327
-13249
-7752
-2009
3799
9491
14886
19815
24120
27666
30338
32052
32751
32412
31044
28690
25423
21345
16586
11295
5642
-193
-6025
-11667
-16938
-21669
-25706
-28920
-31206
-32489
-32726
-31909
-30063
-27244
-23544
-19081
-13998
-8460
-2644
3259
9060
14569
19606
24006
27626
30346
32075
32756
32366
30916
28451
25051
20827
15917
10480
4696
-1244
-7147
-12817
-18065
-22719
-26622
-29644
-31684
-32674
-32578
-31398
-29173
-25975
-21909
-17110
-11737
-5969
0
5972
11747
17130
21941
26016
29217
31436
32596
32657
31615
29504
26395
22390
17625
12260
6476
470
-5554
-11392
-16845
-21726
-25867
-29127
-31393
-32585
-32662
-31619
-29491
-26349
-22301
-17483
-12062
-6222
-166
5898
11762
17222
22088
26191
29387
31566
32648
32597
31411
29131
25835
21636
16679
11138
5205
-912
-7001
-12847
-18244
-23003
-26955
-29960
-31912
-32739
-32412
-30940
-28374
-24803
-20353
-15179
-9465
-3413
2763
8843
14612
19863
24407
28083
30758
32334
32755
32003
30103
27124
23169
18381
12929
7010
836
-5370
-11386
-16993
-21989
-26191
-29446
-31636
-32680
-32538
-31214
-28754
-25247
-20819
-15630
-9868
-3744
2518
8692
14551
19879
24480
28184
30855
32393
32739
31880
29845
26709
22585
17625
12011
5950
-333
-6607
-12639
-18204
-23094
-27128
-30152
-32055
-32763
-32248
-30528
-27666
-23767
-18976
-13473
-7461
-1167
5173
11322
17047
22132
26385
29644
31785
32724
32427
30901
28203
24435
19738
14288
8294
1981
-4409
-10635
-16457
-21654
-26025
-29402
-31656
-32697
-32485
-31027
-28377
-24634
-19943
-14481
-8460
-2109
4324
10594
16457
21686
26077
29459
31699
32710
32451
30929
28203
24378
19601
14056
7961
1552
-4919
-11201
-17047
-22227
-26537
-29806
-31906
-32751
-32307
-30590
-27666
-23648
-18696
-13002
-6791
-309
6187
12441
18204
23246
27366
30398
32222
32762
31995
29951
26709
22398
17189
11289
4935
-1619
-8112
-14281
-19879
-24678
-28486
-31147
-32552
-32643
-31416
-28917
-25247
-20553
-15023
-8882
-2378
4225
10659
16662
21989
26421
29777
31918
32756
32254
30432
27362
23169
18024
12137
5748
-879
-7473
-13762
-19485
-24407
-28323
-31070
-32533
-32650
-31414
-28875
-25136
-20353
-14721
-8475
-1874
4807
11292
17307
22602
26955
30182
32146
32765
32010
29911
26556
22083
16679
10571
4016
-2711
-9326
-15551
-21121
-25799
-29387
-31732
-32732
-32344
-30582
-27520
-23286
-18060
-12062
-5547
1206
7911
14280
20041
24947
28786
31393
32653
32513
30975
28105
24024
18906
12972
6476
-301
-7069
-13534
-19415
-24458
-28443
-31196
-32596
-32580
-31148
-28360
-24336
-19250
-13322
-6811
0
6813
13332
19269
24364
28393
31178
32594
32578
31129
28309
24241
19103
13120
6555
-301
-7147
-13680
-19609
-24671
-28641
-31340
-32648
-32505
-30916
-27948
-23735
-18460
-12360
-5706
1206
8067
14569
20421
25359
29162
31656
32728
32328
30473
27244
22786
17298
11027
4255
-2711
-9557
-15974
-21669
-26383
-29901
-32062
-32766
-31979
-29736
-26137
-21345
-15577
-9095
-2195
4807
11593
17850
23291
27666
30771
32464
32665
31362
28614
24546
19345
13249
6538
-477
-7473
-14125
-20126
-25196
-29098
-31650
-32732
-32292
-30349
-26991
-22374
-16712
-10266
-3339
3746
10659
17076
22694
27251
30530
32377
32702
31489
28793
24740
19519
13375
6597
-494
-7565
-14281
-20323
-25404
-29282
-31772
-32753
-32178
-30072
-26533
-21729
-15887
-9285
-2238
4919
11843
18204
23695
28052
31066
32589
32548
30942
27847
23411
17845
11416
4435
-2763
-9830
-16425
-22227
-26955
-30378
-32330
-32713
-31507
-28769
-24631
-19293
-13013
-6096
1120
8285
15047
21076
26077
29802
32068
32763
31850
29372
25451
20276
14101
7230
0
-7232
-14111
-20295
-25478
-29402
-31872
-32764
-32033
-29711
-25913
-20827
-14703
-7845
-595
6688
13640
19914
25196
29220
31785
32759
32093
29819
26047
20967
14832
7950
664
-6656
-13645
-19948
-25247
-29273
-31822
-32763
-32046
-29706
-25861
-20703
-14492
-7543
-209
7138
14125
20396
25629
29557
31977
32766
31880
29363
25342
20022
13674
6622
-771
-8129
-15071
-21240
-26318
-30042
-32219
-32734
-31559
-28754
-24461
-18901
-12360
-5177
2276
9615
16457
22447
27271
30678
32489
32608
31026
27825
23169
17302
10527
3199
-4298
-11573
-18244
-23960
-28419
-31387
-32705
-32302
-30198
-26501
-21406
-15179
-8148
-684
6817
13962
20369
25700
29668
32064
32757
31710
28975
24698
19103
12488
5205
-2358
-9798
-16717
-22745
-27557
-30894
-32577
-32513
-30703
-27244
-22319
-16192
-9191
-1693
5898
13175
19743
25247
29388
31941
32765
31816
29141
24884
19276
12618
5272
-2362
-9871
-16845
-22903
-27714
-31014
-32621
-32445
-30495
-26875
-21781
-15492
-8351
-749
6896
14165
20658
26016
29942
32220
32721
31417
28377
23767
17841
10926
3403
-4310
-11787
-18613
-24407
-28847
-31684
-32759
-32010
-29476
-25298
-19707
-13013
-5590
2148
9769
16845
22980
27828
31116
32659
32366
30254
26438
21133
14635
7310
-430
-8148
-15409
-21801
-26962
-30598
-32502
-32563
-30778
-27244
-22162
-15818
-8572
-836
6950
14343
20920
26305
30190
32350
32661
31103
27762
22829
16586
9388
1649
-6187
-13670
-20369
-25898
-29936
-32249
-32702
-31267
-28024
-23161
-16955
-9766
-2009
5867
13405
20168
25762
29860
32222
32709
31291
28049
23169
16936
9711
1916
-5992
-13553
-20323
-25904
-29968
-32275
-32687
-31179
-27837
-22855
-16527
-9222
-1372
6562
14111
20829
26318
30252
32397
32623
30916
27374
22206
15718
8294
373
-7571
-15067
-21669
-26980
-30683
-32556
-32483
-30469
-26631
-21197
-14492
-6916
1077
9009
16402
22811
27851
31216
32702
32218
29790
25564
19793
12824
5078
-2978
-10856
-18080
-24210
-28873
-31785
-32766
-31757
-28816
-24119
-17952
-10689
-2772
5316
13083
20053
25799
29968
32304
32662
31017
27469
22233
15630
8064
0
-8067
-15639
-22251
-27492
-31038
-32669
-32282
-29899
-25665
-19840
-12785
-4935
3223
11185
18454
24578
29176
31960
32754
31507
28295
23317
16881
9388
1306
-6859
-14599
-21426
-26913
-30713
-32587
-32415
-30206
-26096
-20343
-13307
-5431
2789
10837
18204
24423
29100
31937
32755
31498
28244
23199
16679
9099
938
-7285
-15047
-21854
-27271
-30951
-32659
-32282
-29844
-25497
-19519
-12290
-4271
4023
12062
19330
25359
29762
32252
32670
30984
27303
21861
15008
7184
-1105
-9326
-16947
-23474
-28484
-31650
-32766
-31757
-28687
-23753
-17274
-9670
-1435
6896
14781
21705
27215
30951
32666
32248
29720
25247
19119
11737
3583
-4807
-12886
-20121
-26035
-30239
-32455
-32534
-30469
-26395
-20578
-13400
-5336
3083
11302
18775
25007
29584
32200
32681
30992
27244
21684
14679
6695
-1736
-10055
-17706
-24178
-29038
-31959
-32744
-31340
-27837
-22468
-15592
-7668
771
9163
16942
23583
28641
31772
32764
31548
28203
22955
16155
8261
-193
-8637
-16499
-23246
-28419
-31667
-32766
-31641
-28366
-23161
-16378
-8479
0
8482
16388
23178
28387
31659
32766
31633
28334
23092
16267
8323
-193
-8699
-16610
-23382
-28547
-31748
-32764
-31521
-28105
-22748
-15818
-7793
771
9287
17161
23850
28887
31923
32744
31292
27666
22114
15023
6884
-1736
-10238
-18030
-24565
-29387
-32158
-32681
-30919
-26991
-21173
-13868
-5590
3083
11543
19194
25499
30012
32414
32534
30361
26047
19895
12336
3903
-4807
-13181
-20625
-26610
-30711
-32637
-32248
-29569
-24790
-18247
-10405
-1820
6896
15124
22277
27843
31423
32760
31757
28483
23169
16196
8060
-655
-9326
-17331
-24094
-29127
-32068
-32703
-30984
-27033
-21133
-13707
-5289
3511
12062
19743
25999
30374
32552
32371
29844
25150
18630
10754
2094
-6719
-15047
-22282
-27896
-31478
-32765
-31661
-28244
-22763
-15616
-7324
1506
10228
18204
24847
29668
32313
32585
30461
26096
19809
12062
3423
-5469
-13962
-21426
-27310
-31178
-32740
-31881
-28661
-23317
-16242
-7961
912
9721
17811
24578
29519
32265
32608
30520
26157
19840
12041
3339
-5613
-14150
-21629
-27492
-31296
-32755
-31758
-28377
-22863
-15630
-7219
1736
10564
18599
25234
29968
32443
32468
30041
25342
18725
10689
1842
-7147
-15598
-22868
-28404
-31785
-32751
-31227
-27327
-21345
-13736
-5078
3969
12717
20496
26712
30887
32702
32014
28875
23522
16364
7950
-1077
-10024
-18204
-24986
-29848
-32414
-32483
-30050
-25298
-18593
-10451
-1499
7571
16058
23305
28750
31969
32711
30916
26720
20449
12587
3744
-5391
-14111
-21734
-27666
-31442
-32766
-31533
-27837
-21964
-14372
-5653
3510
12401
20323
26654
30894
32710
31957
28692
23169
15822
7226
-1941
-10958
-19113
-25762
-30378
-32596
-32237
-29328
-24096
-16955
-8469
691
9799
18132
25028
29936
32465
32412
29778
24772
17791
9388
234
-8940
-17404
-24479
-29598
-32350
-32513
-30072
-25219
-18342
-9991
-836
8388
16942
24135
29387
32275
32563
30226
25451
18620
10283
1113
-8148
-16754
-24006
-29316
-32252
-32574
-30254
-25477
-18630
-10266
-1066
8222
16845
24098
29390
32286
32549
30156
25298
18372
9941
695
-8610
-17213
-24407
-29603
-32371
-32482
-29925
-24908
-17841
-9305
0
9307
17850
24924
29942
32491
32356
29546
24293
17028
8351
-1019
-10308
-18745
-25629
-30386
-32621
-32145
-28995
-23432
-15917
-7073
2362
11603
19879
26497
30903
32728
31816
28241
22301
14491
5464
-4023
-13175
-21224
-27492
-31451
-32766
-31324
-27244
-20868
-12732
-3519
5992
15001
22745
28568
31977
32682
30619
25962
19103
10622
1238
-8253
-17047
-24394
-29668
-32420
-32412
-29643
-24347
-16973
-8148
1373
10781
19269
26112
30723
32705
31886
28334
22351
14449
5304
-4298
-13534
-21608
-27826
-31650
-32749
-31026
-26627
-19930
-11510
-2094
7504
16457
23989
29446
32355
32460
29752
24461
17046
8148
-1459
-10942
-19477
-26318
-30870
-32732
-31742
-27983
-21780
-13674
-4371
5316
14541
22496
28484
31977
32669
30495
25645
18541
9807
209
-9410
-18204
-25397
-30356
-32640
-32046
-28625
-22675
-14721
-5464
4278
13645
21806
28038
31787
32719
30748
26047
19032
10324
695
-8997
-17892
-25196
-30256
-32621
-32077
-28669
-22701
-14703
-5389
4409
13816
21989
28193
31872
32694
30582
25725
18555
9715
0
-9718
-18563
-25739
-30598
-32699
-31850
-28126
-21861
-13619
-4144
5708
15047
23026
28920
32194
32549
29951
24631
17073
7961
-1876
-11547
-20168
-26955
-31287
-32766
-31257
-26894
-20073
-11416
-1713
8148
17267
24807
30076
32589
32113
28690
22632
14492
5018
-4919
-14407
-22570
-28657
-32104
-32591
-30072
-24775
-17189
-8012
1907
11653
20323
27113
31393
32763
31094
26539
19519
10683
852
-9060
-18132
-25519
-30530
-32697
-31816
-27965
-21503
-13031
-3339
6667
16052
23938
29584
32459
32292
29097
23169
15065
5543
-4501
-14125
-22423
-28612
-32108
-32578
-29977
-24546
-16798
-7461
2582
12385
21019
27666
31694
32721
30647
25665
18247
9095
-923
-10856
-19760
-26786
-31264
-32766
-31146
-26556
-19431
-10451
-470
9557
18675
26008
30855
32749
31507
27244
20368
11537
1595
-8501
-17784
-25359
-30497
-32702
-31758
-27754
-21074
-12360
-2451
7696
17103
24860
30215
32648
31922
28105
21563
12929
3039
-7147
-16643
-24525
-30025
-32607
-32016
-28309
-21844
-13249
-3359
6859
16412
24364
29939
32588
32050
28377
21924
13322
3413
-6833
-16412
-24382
-29960
-32596
-32028
-28309
-21804
-13150
-3199
7069
16643
24578
30089
32630
31946
28105
21482
12732
2719
-7565
-17103
-24947
-30318
-32680
-31797
-27754
-20951
-12062
-1970
8320
17784
25478
30633
32732
31565
27244
20200
11134
952
-9326
-18675
-26154
-31014
-32765
-31228
-26556
-19215
-9941
333
10578
19760
26955
31436
32749
30759
25665
17979
8475
-1887
-12062
-21019
-27851
-31864
-32650
-30126
-24546
-16475
-6728
3703
13762
22423
28806
32258
32427
29291
23169
14683
4696
-5772
-15653
-23938
-29777
-32571
-32033
-28214
-21503
-12587
-2378
8077
17706
25519
30711
32748
31416
26850
19519
10175
-219
-10594
-19879
-27113
-31549
-32726
-30520
-25157
-17189
-7439
3083
13289
22119
28657
32222
32441
29289
23092
14492
4381
-6187
-16114
-24364
-30076
-32652
-31820
-27666
-20619
-11416
-1017
9491
19008
26537
31287
32757
30792
25595
17709
7961
-2625
-12939
-21894
-28547
-32194
-32451
-29286
-23032
-14346
-4144
6498
16457
24678
30291
32699
31644
27238
19943
10531
0
-10533
-19951
-27251
-31656
-32694
-30254
-24592
-16309
-6286
4409
14637
23305
29487
32519
32077
28203
21312
12137
1660
-8997
-18692
-26385
-31248
-32757
-30748
-25434
-17383
-7461
3266
13645
22556
29038
32390
32248
28625
21909
12824
2351
-8378
-18204
-26061
-31098
-32765
-30880
-25645
-17625
-7689
3083
13524
22496
29023
32393
32235
28565
21780
12618
2077
-8692
-18516
-26318
-31245
-32755
-30681
-25247
-17046
-6975
3863
14280
23132
29446
32527
32033
28015
20915
11510
836
-9932
-19609
-27125
-31650
-32682
-30103
-24198
-15616
-5304
5596
15880
24407
30232
32705
31550
26894
19250
9465
-1373
-12062
-21411
-28379
-32188
-32412
-29022
-22395
-13267
-2656
8253
18244
26197
31222
32754
30619
25054
16679
6433
-4537
-15001
-23783
-29895
-32648
-31731
-27244
-19690
-9916
976
11762
21224
28293
32170
32415
28997
22301
13080
2378
-8595
-18599
-26497
-31393
-32729
-30352
-24528
-15917
-5494
5554
15974
24578
30386
32734
31352
26395
18425
8351
-2679
-13405
-22602
-29217
-32491
-32046
-27932
-20616
-10936
0
10939
20625
27944
32055
32482
29173
22507
13249
2462
-8610
-18692
-26622
-31481
-32707
-30156
-24119
-15293
-4696
6446
16845
25296
30817
32766
30916
25477
17079
6695
-4468
-15115
-24006
-30106
-32702
-31489
-26606
-18620
-8460
2689
13528
22788
29387
32552
31909
27532
19930
9991
-1120
-12103
-21669
-28693
-32350
-32208
-28280
-21025
-11295
-234
10856
20671
28052
32127
32412
28871
21921
12379
1372
-9799
-19815
-27487
-31906
-32545
-29328
-22632
-13249
-2291
8940
19113
27016
31708
32629
29666
23169
13911
2992
-8285
-18577
-26654
-31549
-32677
-29899
-23544
-14372
-3477
7836
18214
26411
31442
32702
30037
23764
14635
3744
-7598
-18030
-26293
-31393
-32711
-30086
-23833
-14703
-3796
7571
18026
26305
31405
32707
30050
23753
14577
3632
-7754
-18204
-26446
-31479
-32688
-29925
-23522
-14256
-3253
8148
18560
26712
31608
32650
29706
23135
13736
2656
-8751
-19090
-27095
-31785
-32581
-29385
-22585
-13013
-1842
9557
19786
27585
31994
32468
28947
21861
12081
809
-10564
-20637
-28166
-32219
-32293
-28377
-20951
-10932
440
11762
21629
28819
32437
32033
27653
19840
9561
-1907
-13142
-22745
-29519
-32621
-31661
-26755
-18514
-7961
3586
14689
23960
30239
32740
31148
25658
16955
6128
-5469
-16384
-25247
-30944
-32759
-30461
-24336
-15151
-4058
7546
18204
26572
31595
32638
29565
22763
13087
1756
-9798
-20118
-27896
-32148
-32332
-28424
-20915
-10754
771
12203
22088
29171
32552
31797
27001
18769
8148
-3511
-14727
-24069
-30346
-32754
-30984
-25260
-16309
-5272
6439
17331
26008
31359
32696
29845
23169
13521
2137
-9523
-19964
-27843
-32146
-32318
-28334
-20703
-10405
1234
12717
22564
29503
32637
31559
26407
17841
6968
-4807
-15965
-25058
-30909
-32757
-30361
-24028
-14577
-3233
8533
19194
27364
31977
32433
28669
21173
10917
-762
-12345
-22321
-29387
-32619
-31592
-26438
-17828
-6884
4961
16161
25247
31028
32744
30168
23635
13998
2522
-9287
-19879
-27860
-32179
-32265
-28105
-20242
-9711
2101
13640
23382
30040
32733
31103
25362
16267
5018
-6896
-17901
-26537
-31659
-32585
-29190
-21921
-11741
0
11743
21929
29201
32589
31641
26480
17791
6728
-5233
-16499
-25566
-31222
-32709
-29826
-22955
-13013
-1327
10537
20994
28641
32450
31909
27088
18630
7668
-4324
-15739
-25041
-30976
-32744
-30105
-23411
-13561
-1880
10055
20637
28436
32397
31982
27244
18822
7852
-4182
-15653
-25007
-30974
-32743
-30072
-23319
-13400
-1660
10308
20879
28612
32455
31881
26966
18377
7282
-4807
-16245
-25468
-31216
-32702
-29720
-22675
-12528
-664
11292
21705
29147
32596
31576
26225
17274
5950
-6193
-17489
-26383
-31650
-32564
-28995
-21433
-10917
1105
12978
23064
29968
32737
30984
24950
15465
3839
-8320
-19330
-27666
-32170
-32217
-27796
-19519
-8531
3643
15314
24860
30951
32739
29972
23032
12884
938
-11141
-21669
-29176
-32613
-31498
-25982
-16835
-5332
6918
18204
26944
31912
32410
28366
20343
9465
-2743
-14569
-24351
-30713
-32759
-30198
-23387
-13283
-1306
10856
21492
29100
32604
31507
25962
16748
5166
-7147
-18454
-27152
-32008
-32332
-28076
-19840
-8789
3510
15314
24947
31038
32720
29752
22551
12140
0
-12143
-22559
-29762
-32723
-31017
-24884
-15198
-3339
8998
20053
28242
32393
31908
26854
17952
6476
-5930
-17489
-26541
-31785
-32465
-28481
-20402
-9388
2978
14918
24714
30951
32730
29790
22554
12062
-172
-12385
-22811
-29942
-32746
-30813
-24421
-14492
-2462
9926
20879
28806
32556
31581
26021
16679
4912
-7571
-18956
-27585
-32200
-32127
-27374
-18630
-7167
5342
17076
26318
31719
32485
28504
20353
9222
-3259
-15267
-25041
-31147
-32687
-29434
-21861
-11077
1334
13553
23783
30517
32764
30189
23169
12736
423
-11953
-22570
-29860
-32743
-30792
-24293
-14202
-2009
10483
21426
29201
32652
31267
25247
15482
3419
-9153
-20369
-28563
-32514
-31633
-26047
-16586
-4654
7973
19415
27967
32350
31910
26709
17520
5712
-6950
-18577
-27428
-32179
-32116
-27244
-18292
-6597
6088
17864
26962
32015
32263
27666
18910
7310
-5391
-17284
-26579
-31872
-32366
-27983
-19380
-7852
4862
16845
26287
31760
32433
28203
19707
8226
-4501
-16550
-26094
-31684
-32472
-28334
-19895
-8434
4310
16402
26003
31651
32486
28377
19946
8475
-4288
-16402
-26016
-31662
-32478
-28334
-19861
-8351
4437
16550
26133
31717
32445
28203
19638
8060
-4756
-16845
-26351
-31812
-32386
-27983
-19276
-7602
5243
17284
26666
31941
32293
27666
18769
6975
-5898
-17864
-27071
-32095
-32157
-27244
-18113
-6176
6719
18577
27557
32265
31968
26709
17302
5205
-7702
-19415
-28111
-32434
-31710
-26047
-16326
-4058
8843
20369
28719
32588
31368
25247
15179
2736
-10137
-21426
-29364
-32705
-30922
-24293
-13853
-1238
11573
22570
30025
32764
30353
23169
12339
-434
-13142
-23783
-30678
-32739
-29638
-21861
-10632
2276
14829
25041
31296
32604
28754
20353
8727
-4282
-16616
-26318
-31849
-32328
-27676
-18630
-6622
6439
18480
27585
32302
31880
26381
16679
4318
-8734
-20396
-28806
-32620
-31227
-24845
-14492
-1820
11144
22329
29942
32763
30335
23047
12062
-859
-13645
-24243
-30951
-32688
-29173
-20967
-9388
3703
16202
26094
31785
32354
27709
18593
6476
-6688
-18775
-27832
-32393
-31718
-25913
-15915
-3339
9779
21317
29402
32723
30737
23764
12933
0
-12935
-23772
-30745
-32720
-29372
-21243
-9654
3510
16105
26077
31798
32332
27590
18342
6096
-7147
-19226
-28162
-32493
-31507
-25362
-15061
-2291
10856
22227
29953
32765
30198
22670
11416
-1716
-14569
-25028
-31370
-32548
-28366
-19509
-7435
5867
18204
27539
32330
31782
25982
15887
3163
-10086
-21669
-29667
-32753
-30413
-23032
-11831
1334
14281
24860
31312
32563
28403
19519
7387
-5976
-18347
-27666
-32377
-31693
-25725
-15465
-2622
10659
22164
29968
32766
30086
22374
10917
-2369
-15261
-25599
-31650
-32396
-27709
-18372
-5950
7473
19643
28516
32596
31195
24546
13765
664
-12550
-23653
-30771
-32702
-29116
-20616
-8634
4807
17440
27128
32230
31881
26137
15968
3092
-10308
-21966
-29901
-32766
-30072
-22272
-10689
2711
15653
25937
31812
32275
27244
17574
4908
-8595
-20637
-29162
-32712
-30681
-23411
-12140
1206
14349
25041
31451
32480
27948
18630
6117
-7445
-19735
-28641
-32634
-31026
-24089
-13013
301
13567
24501
31222
32570
28309
19172
6728
-6876
-19298
-28393
-32589
-31159
-24347
-13326
0
13328
24354
31166
32585
28360
19220
6748
-6896
-19347
-28443
-32604
-31103
-24198
-13087
301
13640
24608
31294
32533
28105
18778
6176
-7504
-19879
-28786
-32669
-30847
-23635
-12290
1206
14493
25247
31583
32389
27520
17828
5008
-8692
-20870
-29387
-32745
-30352
-22624
-10917
2711
15865
26229
31977
32094
26556
16335
3233
-10442
-22277
-30182
-32757
-29546
-21112
-8944
4807
17712
27483
32390
31559
25136
14256
845
-12717
-24026
-31070
-32598
-28334
-19032
-6345
7473
19964
28903
32697
30666
23169
11540
-2148
-15456
-26008
-31918
-32127
-26596
-16309
-3103
10659
22517
30346
32741
29270
20553
8148
-5719
-18563
-28078
-32552
-31179
-24202
-12874
771
14281
25223
31625
32332
27214
17189
4062
-9798
-21894
-30040
-32762
-29565
-21025
-8682
5233
18204
27882
32514
31257
24336
13002
-691
-14262
-25247
-31650
-32307
-27094
-16955
-3732
10171
22227
30239
32747
29289
20494
7961
-6025
-18915
-28356
-32621
-30929
-23586
-11931
1907
15400
26077
31982
32033
26215
15592
2109
-11762
-23479
-30889
-32629
-28377
-18910
-5966
8077
20637
29402
32756
30080
21861
9613
-4409
-17621
-27585
-32459
-31342
-24435
-13013
816
14497
25499
31785
32188
26631
16140
2656
-11322
-23203
-30782
-32650
-28456
-18976
-5969
8148
20755
29503
32763
29925
21514
9095
-5021
-18204
-27995
-32564
-31058
-23753
-12011
1977
15598
26305
32095
31880
25698
14703
952
-12978
-24480
-31393
-32418
-27360
-17165
-3744
10381
22559
30497
32702
28754
19394
6380
-7836
-20580
-29446
-32762
-29899
-21393
-8847
5370
18577
28275
32630
30814
23169
11138
-3003
-16579
-27016
-32334
-31523
-24733
-13249
751
14612
25700
31906
32048
26096
15179
1372
-12698
-24354
-31371
-32412
-27273
-16932
-3359
10856
23003
30758
32638
28280
18514
5205
-9101
-21669
-30089
-32747
-29131
-19930
-6905
7445
20371
29387
32762
29844
21189
8460
-5898
-19125
-28673
-32702
-30433
-22301
-9868
4468
17946
27963
32585
30916
23274
11134
-3159
-16845
-27275
-32428
-31305
-24119
-12260
1977
15833
26622
32247
31615
24845
13249
-923
-14918
-26016
-32055
-31858
-25461
-14105
0
14107
25468
31864
32046
25975
14832
792
-13405
-24986
-31684
-32188
-26395
-15435
-1452
12817
24578
31525
32292
26727
15917
1981
-12345
-24250
-31393
-32366
-26976
-16280
-2378
11993
24006
31293
32415
27148
16527
2644
-11762
-23850
-31230
-32442
-27244
-16660
-2779
11653
23783
31206
32451
27267
16679
2783
-11667
-23806
-31222
-32441
-27217
-16586
-2656
11803
23919
31277
32412
27094
16378
2398
-12062
-24120
-31370
-32361
-26894
-16056
-2009
12441
24407
31496
32285
26615
15616
1488
-12939
-24777
-31650
-32178
-26251
-15055
-836
13553
25223
31826
32033
25797
14372
52
-14280
-25739
-32015
-31841
-25247
-13561
863
15115
26318
32208
31592
24592
12618
-1908
-16052
-26950
-32393
-31276
-23823
-11540
3083
17085
27622
32556
30880
22932
10324
-4384
-18204
-28323
-32682
-30389
-21909
-8965
5807
19399
29038
32755
29790
20744
7461
-7347
-20658
-29748
-32757
-29067
-19428
-5811
8997
21966
30436
32669
28203
17952
4016
-10746
-23305
-31079
-32468
-27184
-16309
-2077
12583
24657
31656
32135
25992
14491
0
-14493
-25999
-32139
-31644
-24613
-12494
2208
16457
27304
32503
30975
23032
10317
-4537
-18454
-28547
-32719
-30103
-21238
-7961
6971
20458
29694
32757
29007
19220
5431
-9491
-22439
-30713
-32587
-27666
-16973
-2736
12073
24364
31568
32177
26060
14492
-108
-14689
-26197
-32222
-31498
-24174
-11781
3083
17304
27896
32634
30520
21996
8847
-6162
-19879
-29416
-32766
-29219
-19519
-5706
9311
22368
30711
32578
27570
16743
2378
-12491
-24723
-31732
-32033
-25558
-13674
1105
15653
26888
32428
31095
23169
10328
-4707
-18745
-28806
-32750
-29736
-20402
-6728
8378
21705
30414
32650
27932
17262
2911
-12062
-24465
-31651
-32083
-25665
-13765
1077
15692
26955
32455
31012
22932
9941
-5180
-19194
-29098
-32765
-29406
-19738
-5832
9326
22486
30817
32526
27244
16102
1495
-13436
-25478
-32035
-31693
-24521
-12062
2999
17416
28078
32680
30226
21243
7668
-7565
-21167
-30192
-32685
-28105
-17438
-2992
12103
24578
31727
31995
25321
13150
-1876
-16499
-27539
-32596
-30567
-21889
-8448
6833
20630
29936
32722
28377
17845
3419
-11753
-24364
-31659
-32040
-25423
-13249
1823
16499
27568
32607
30508
21729
8189
-7147
-20920
-30108
-32693
-28105
-17347
-2779
12401
24860
31856
31850
24838
12360
-2839
-17416
-28160
-32702
-30037
-20749
-6884
8501
22013
30668
32552
27244
15915
1066
-14020
-26008
-32243
-31342
-23500
-10451
4915
19194
29220
32766
29042
18871
4509
-10856
-23813
-31479
-32147
-25665
-13473
1720
16533
27666
32637
30335
21271
7461
-8015
-21705
-30552
-32578
-27327
-15968
-1038
14125
26133
32294
31228
23169
9920
-5554
-19786
-29584
-32748
-28565
-17970
-3339
12043
24723
31849
31816
24627
11897
-3511
-18132
-28673
-32755
-29458
-19519
-5177
10334
23516
31393
32182
25702
13414
-1907
-16800
-27896
-32682
-30072
-20653
-6555
9029
22570
30997
32395
26445
14492
-751
-15827
-27310
-32589
-30461
-21406
-7481
8148
21926
30713
32507
26894
15151
-48
-15238
-26955
-32522
-30664
-21804
-7961
7702
21608
30575
32549
27076
15403
202
-15047
-26852
-32503
-30703
-21861
-8002
7696
21629
30598
32538
27001
15255
0
-15257
-27007
-32541
-30582
-21579
-7602
8129
21989
30779
32468
26664
14703
-655
-15865
-27411
-32621
-30288
-20948
-6758
8997
22672
31098
32318
26047
13736
-1763
-16855
-28038
-32713
-29790
-19946
-5464
10289
23653
31516
32046
25116
12336
-3319
-18204
-28847
-32766
-29042
-18541
-3711
11987
24889
31977
31593
23823
10480
-5316
-19871
-29777
-32711
-27983
-16697
-1495
14059
26318
32404
30885
22114
8148
-7733
-21801
-30745
-32460
-26539
-14372
1180
16457
27860
32699
29832
19930
5325
-10537
-23916
-31650
-31910
-24631
-11530
4298
19113
29409
32747
28334
17210
2009
-13670
-26112
-32365
-30942
-22178
-8148
7817
21929
30833
32412
26285
13907
-1780
-17047
-28259
-32743
-29429
-19103
-4222
11667
24777
31977
31548
23586
9991
-5992
-20546
-30192
-32619
-27244
-15350
219
15739
27492
32660
30001
20149
5464
-10533
-24006
-31719
-31816
-24270
-10892
5106
19879
29873
32681
27625
15917
373
-15261
-27221
-32621
-30156
-20416
-5748
10308
23879
31684
31836
24293
10875
-5173
-19973
-29942
-32665
-27477
-15633
0
15636
27483
32666
29925
19920
5078
-10999
-24407
-31886
-31615
-23656
-9941
6193
20824
30386
32549
26782
14487
-1341
-16845
-28242
-32749
-29262
-18630
-3445
12583
25539
32252
31078
22301
8064
-8148
-22368
-31111
-32231
-25451
-12429
3643
18824
29387
32737
28047
16465
836
-15001
-27152
-32625
-30072
-20115
-5205
10989
24479
31937
31523
23335
9388
-6876
-21447
-30723
-32412
-26092
-13322
2743
18132
29038
32759
28371
16955
1338
-14612
-26944
-32596
-30164
-20247
-5304
10958
24501
31960
31477
23169
9099
-7236
-21774
-30894
-32323
-25702
-12676
3510
18824
29446
32724
27837
16000
166
-15711
-27666
-32707
-29572
-19041
-3744
12491
25602
32304
30916
21780
7184
-9215
-23305
-31551
-31880
-24205
-10451
5930
20824
30486
32483
26311
13518
-2679
-18204
-29147
-32749
-28098
-16364
-502
15488
27574
32702
29574
18976
3583
-12717
-25806
-32371
-30748
-21345
-6538
9926
23879
31785
31636
23467
9346
-7147
-21830
-30974
-32254
-25342
-11991
4409
19692
29968
32623
26976
14462
-1736
-17495
-28798
-32764
-28377
-16752
-852
15267
27492
32699
29554
18857
3339
-13034
-26077
-32450
-30520
-20777
-5712
10817
24578
32042
31291
22515
7961
-8637
-23021
-31496
-31881
-24075
-10079
6509
21426
30833
32307
25463
12062
-4448
-19815
-30076
-32585
-26689
-13907
2465
18204
29244
32732
27762
15616
-569
-16610
-28356
-32765
-28692
-17189
-1231
15047
27428
32699
29490
18630
2932
-13528
-26478
-32552
-30168
-19943
-4530
12062
25519
32337
30737
21133
6022
-10659
-24565
-32068
-31208
-22206
-7407
9326
23628
31760
31593
23169
8686
-8070
-22719
-31423
-31903
-24028
-9858
6896
21846
31070
32147
24790
10926
-5807
-21019
-30711
-32336
-25461
-11891
4807
20244
30356
32478
26047
12755
-3899
-19528
-30012
-32581
-26556
-13521
3083
18877
29687
32654
26991
14192
-2362
-18294
-29387
-32703
-27360
-14769
1736
17784
29119
32734
27666
15255
-1206
-17349
-28887
-32752
-27913
-15652
771
16993
28695
32761
28105
15962
-434
-16717
-28547
-32765
-28244
-16186
193
16523
28443
32766
28334
16326
-48
-16412
-28387
-32766
-28374
-16382
0
0
0
0
0
0
0
0
0
0
0
0
0
0
0
0
0
0
0
0
0
0
0
0
0
0
0
0
0
0
0
0
0
0
0
0
0
0
0
0
0
0
0
0
0
0
0
0
0
0
0
0
0
0
0
0
0
0
0
0
0
0
0
0
0
0
0
0
0
0
0
0
0
0
0
0
0
0
0
0
0
0
0
0
0
0
0
0
0
0
0
0
0
0
0
0
0
0
0
0
0
0
0
0
0
0
0
0
0
0
0
0
0
0
0
0
0
0
0
0
0
0
0
0
0
0
0
0
0
0
0
0
0
0
0
0
0
0
0
0
0
0
0
0
0
0
0
0
0
0
0
0
0
0
0
0
0
0
0
0
0
0
0
0
0
0
0
0
0
0
0
0
0
0
0
0
0
0
0
0
0
0
0
0
0
0
0
0
0
0
0
0
0
0
0
0
0
0
0
0
0
0
0
0
0
0
0
0
0
0
0
0
0
0
0
0
0
0
0
0
0
0
0
0
0
0
0
0
0
0
0
0
0
0
0
0
0
0
0
0
0
0
0
0
0
0
0
0
0
0
0
0
0
0
0
0
0
0
0
0
0
0
0
0
0
0
0
0
0
0
0
0
0
0
0
0
0
0
0
0
0
0
0
0
0
0
0
0
0
0
0
0
0
0
0
0
0
0
0
0
0
0
0
0
0
0
0
0
0
0
0
0
0
0
0
0
0
0
0
0
0
0
0
0
0
0
0
0
0
0
0
0
0
0
0
0
0
0
0
0
0
0
0
0
0
0
0
0
0
0
0
0
0
0
0
0
0
0
0
0
0
0
0
0
0
0
0
0
0
0
0
0
0
0
0
0
0
0
0
0
0
0
0
0
0
0
0
0
0
0
0
0
0
0
0
0
0
0
0
0
0
0
0
0
0
0
0
0
0
0
0
0
0
0
0
0
0
0
0
0
0
0
0
0
0
0
0
0
0
0
0
0
0
0
0
0
0
0
0
0
0
0
0
0
0
0
0
0
0
0
0
0
0
0
0
0
0
0
0
0
0
0
0
0
0
0
0
0
0
0
0
0
0
0
0
0
0
0
0
0
0
0
0
0
0
0
0
0
0
0
0
0
0
0
0
0
0
0
0
0
0
0
0
0
0
0
0
0
0
0
0
0
0
0
0
0
0
0
0
0
0
0
0
0
0
0
0
0
0
0
0
0
0
0
0
0
0
0
0
0
0
0
0
0
0
0
0
0
0
0
0
0
0
0
0
0
0
0
0
0
0
0
0
0
0
0
0
0
0
0
0
0
0
0
0
0
0
0
0
0
0
0
0
0
0
0
0
0
0
0
0
0
0
0
0
0
0
0
0
0
0
0
0
0
0
0
0
0
0
0
0
0
0
0
0
0
0
0
0
0
0
0
0
0
0
0
0
0
0
0
0
0
0
0
0
0
0
0
0
0
0
0
0
0
0
0
0
0
0
0
0
0
0
0
0
0
0
0
0
0
0
0
0
0
0
0
0
0
0
0
0
0
0
0
0
0
0
0
0
0
0
0
0
0
0
0
0
0
0
0
0
0
0
0
0
0
0
0
0
0
0
0
0
0
0
0
0
0
0
0
0
0
0
0
0
0
0
0
0
0
0
0
0
0
0
0
0
0
0
0
0
0
0
0
0
0
0
0
0
0
0
0
0
0
0
0
0
0
0
0
0
0
0
0
0
0
0
0
0
0
0
0
0
0
0
0
0
0
0
0
0
0
0
0
0
0
0
0
0
0
0
0
0
0
0
0
0
0
0
0
0
0
0
0
0
0
0
0
0
0
0
0
0
0
0
0
0
0
0
0
0
0
0
0
0
0
0
0
0
0
0
0
0
0
0
0
0
0
0
0
0
0
0
0
0
0
0
0
0
0
0
0
0
0
0
0
0
0
0
0
0
0
0
0
0
0
0
0
0
0
0
0
0
0
0
0
0
0
0
0
0
0
0
0
0
0
0
0
0
0
0
0
0
0
0
0
0
0
0
0
0
0
0
0
0
0
0
0
0
0
0
0
0
0
0
0
0
0
0
0
0
0
0
0
0
0
0
0
0
0
0
0
0
0
0
0
0
0
0
0
0
0
0
0
0
0
0
0
0
0
0
0
0
0
0
0
0
0
0
0
0
0
0
0
0
0
0
0
0
0
18203
16589
12035
5349
-2278
-9493
-15015
-17868
-17552
-14129
-8215
-865
6612
12895
16874
17855
15679
10746
3943
-3517
-10314
-15252
-17472
-16602
-12819
-6811
345
7382
13062
16402
16836
14319
9323
2750
-4230
-10394
-14672
-16342
-15147
-11333
-5603
1019
7370
12349
15116
15228
12709
8042
2071
-4148
-9542
-13199
-14524
-13340
-9902
-4849
919
6405
10680
13048
13154
11040
7120
2105
-3131
-7704
-10867
-12132
-11348
-8707
-4707
-53
4465
8112
10319
10776
9472
6681
2910
-1197
-4973
-7827
-9341
-9331
-7856
-5208
-1843
1688
4838
7138
8274
8119
6745
4402
1473
-1590
-4336
-6374
-7429
-7378
-6253
-4239
-1639
1168
3783
5836
7040
7224
6360
4564
2084
-729
-3476
-5755
-7221
-7637
-6913
-5124
-2507
566
3640
6242
7950
8465
7662
5620
2618
-899
-4385
-7275
-9077
-9461
-8312
-5766
-2197
1838
5686
8701
10352
10323
8571
5340
1135
-3359
-7391
-10267
-11470
-10760
-8214
-4229
544
5306
9242
11664
12133
10538
7125
2454
-2686
-7418
-10922
-12583
-12098
-9535
-5320
-173
5023
9370
12112
12773
11234
7760
2955
-2346
-7223
-10832
-12549
-12088
-9540
-5364
-299
4764
8945
11525
12072
10517
7162
2618
-2299
-6725
-9893
-11272
-10656
-8197
-4367
125
4475
7918
9872
10033
8425
5390
1512
-2490
-5900
-8129
-8822
-7916
-5637
-2454
1015
4130
6338
7277
6837
5168
2645
-214
-2855
-4789
-5687
-5435
-4149
-2143
145
2240
3730
4342
3999
2823
1106
-754
-2346
-3325
-3489
-2818
-1476
221
1883
3122
3640
3296
2138
398
-1556
-3293
-4411
-4625
-3829
-2132
162
2606
4697
5975
6124
5040
2865
-32
-3121
-5801
-7523
-7897
-6775
-4294
-860
2922
6351
8761
9654
8793
6265
2471
-1935
-6164
-9429
-11095
-10801
-8536
-4650
199
5161
9339
11955
12496
10813
7155
2134
-3378
-8406
-12041
-13607
-12788
-9690
-4827
960
6661
11261
13934
14184
11942
7581
1852
-4245
-9639
-13378
-14794
-13630
-10081
-4763
1394
7313
11957
14514
14542
12040
7454
1593
-4513
-9801
-13352
-14563
-13240
-9636
-4402
1535
7137
11433
13695
13559
11084
6737
1302
-4258
-8978
-12057
-12993
-11671
-8369
-3705
1479
6276
9863
11653
11386
9168
5443
902
-3639
-7397
-9746
-10331
-9114
-6377
-2656
1363
4969
7553
8710
8306
6487
3640
318
-2872
-5378
-6797
-6942
-5863
-3829
-1263
1340
3514
4894
5289
4701
3312
1444
-515
-2192
-3289
-3648
-3263
-2278
-946
428
1554
2214
2303
1846
989
-42
-993
-1632
-1809
-1484
-734
261
1264
2024
2341
2106
1332
155
-1192
-2424
-3263
-3494
-3018
-1876
-248
1574
3243
4417
4834
4361
3030
1041
-1270
-3492
-5205
-6066
-5873
-4607
-2450
250
3031
5397
6907
7259
6346
4284
1397
-1833
-4853
-7125
-8232
-7946
-6279
-3484
-15
3542
6578
8559
9119
8134
5742
2325
-1550
-5233
-8091
-9626
-9555
-7867
-4827
-930
3173
6794
9314
10297
9561
7212
3631
-589
-4747
-8144
-10204
-10573
-9178
-6243
-2249
2139
6192
9230
10742
10471
8457
5031
761
-3642
-7445
-10015
-10922
-10015
-7445
-3642
761
5031
8457
10471
10742
9230
6192
2139
-2249
-6243
-9178
-10573
-10204
-8144
-4747
-589
3631
7212
9561
10297
9314
6794
3173
-930
-4827
-7867
-9555
-9626
-8091
-5233
-1550
2325
5742
8134
9119
8559
6578
3542
-15
-3484
-6279
-7946
-8232
-7125
-4853
-1833
1397
4284
6346
7259
6907
5397
3031
250
-2450
-4607
-5873
-6066
-5205
-3492
-1270
1041
3030
4361
4834
4417
3243
1574
-248
-1876
-3018
-3494
-3263
-2424
-1192
155
1332
2106
2341
2024
1264
261
-734
-1484
-1809
-1632
-993
-42
989
1846
2303
2214
1554
428
-946
-2278
-3263
-3648
-3289
-2192
-515
1444
3312
4701
5289
4894
3514
1340
-1263
-3829
-5863
-6942
-6797
-5378
-2872
318
3640
6487
8306
8710
7553
4969
1363
-2656
-6377
-9114
-10331
-9746
-7397
-3639
902
5443
9168
11386
11653
9863
6276
1479
-3705
-8369
-11671
-12993
-12057
-8978
-4258
1302
6737
11084
13559
13695
11433
7137
1535
-4402
-9636
-13240
-14563
-13352
-9801
-4513
1593
7454
12040
14542
14514
11957
7313
1394
-4763
-10081
-13630
-14794
-13378
-9639
-4245
1852
7581
11942
14184
13934
11261
6661
960
-4827
-9690
-12788
-13607
-12041
-8406
-3378
2134
7155
10813
12496
11955
9339
5161
199
-4650
-8536
-10801
-11095
-9429
-6164
-1935
2471
6265
8793
9654
8761
6351
2922
-860
-4294
-6775
-7897
-7523
-5801
-3121
-32
2865
5040
6124
5975
4697
2606
162
-2132
-3829
-4625
-4411
-3293
-1556
398
2138
3296
3640
3122
1883
221
-1476
-2818
-3489
-3325
-2346
-754
1106
2823
3999
4342
3730
2240
145
-2143
-4149
-5435
-5687
-4789
-2855
-214
2645
5168
6837
7277
6338
4130
1015
-2454
-5637
-7916
-8822
-8129
-5900
-2490
1512
5390
8425
10033
9872
7918
4475
125
-4367
-8197
-10656
-11272
-9893
-6725
-2299
2618
7162
10517
12072
11525
8945
4764
-299
-5364
-9540
-12088
-12549
-10832
-7223
-2346
2955
7760
11234
12773
12112
9370
5023
-173
-5320
-9535
-12098
-12583
-10922
-7418
-2686
2454
7125
10538
12133
11664
9242
5306
544
-4229
-8214
-10760
-11470
-10267
-7391
-3359
1135
5340
8571
10323
10352
8701
5686
1838
-2197
-5766
-8312
-9461
-9077
-7275
-4385
-899
2618
5620
7662
8465
7950
6242
3640
566
-2507
-5124
-6913
-7637
-7221
-5755
-3476
-729
2084
4564
6360
7224
7040
5836
3783
1168
-1639
-4239
-6253
-7378
-7429
-6374
-4336
-1590
1473
4402
6745
8119
8274
7138
4838
1688
-1843
-5208
-7856
-9331
-9341
-7827
-4973
-1197
2910
6681
9472
10776
10319
8112
4465
-53
-4707
-8707
-11348
-12132
-10867
-7704
-3131
2105
7120
11040
13154
13048
10680
6405
919
-4849
-9902
-13340
-14524
-13199
-9542
-4148
2071
8042
12709
15228
15116
12349
7370
1019
-5603
-11333
-15147
-16342
-14672
-10394
-4230
2750
9323
14319
16836
16402
13062
7382
345
-6811
-12819
-16602
-17472
-15252
-10314
-3517
3943
10746
15679
17855
16874
12895
6612
-865
-8215
-14129
-17552
-17868
-15015
-9493
-2278
5349
12035
16589
0
0
0
0
0
0
0
0
0
0
0
0
0
0
0
0
0
0
0
0
0
0
0
0
0
0
0
0
0
0
0
0
0
0
0
0
0
0
0
0
0
0
0
0
0
0
0
0
0
0
0
0
0
0
0
0
0
0
0
0
0
0
0
0
0
0
0
-18203
-16530
-11819
-4938
2845
10099
15489
18025
17245
13298
6916
-721
-8208
-14166
-17503
-17614
-14487
-8708
-1350
6226
12628
16680
17647
15363
10264
3301
-4233
-10949
-15614
-17378
-15931
-11558
-5080
2294
9202
14371
16858
16220
12593
6665
-454
-7445
-13015
-16146
-16274
-13395
-8059
-1268
5712
11593
15292
16140
13999
9283
2879
-4016
-10127
-14328
-15855
-14442
-10368
-4401
2344
8618
13265
15437
14747
11340
5860
-671
-7044
-12086
-14877
-14915
-12211
-7276
-1029
5373
10757
14142
14920
12963
8646
2773
-3574
-9235
-13182
-14707
-13550
-9938
-4546
1636
7482
11937
14206
13897
11086
6302
422
-5485
-10361
-13341
-13910
-11991
-7954
-2542
3265
8432
12048
13492
12536
9382
4617
-894
-6175
-10299
-12562
-12600
-10443
-6507
-1508
3665
8112
11078
12082
10992
8042
3779
-1035
-5567
-9051
-10922
-10904
-9052
-5728
-1532
2806
6559
9119
10099
9388
7157
3824
-26
-3750
-6749
-8563
-8946
-7890
-5618
-2537
835
3960
6361
7695
7800
6710
4637
1933
-972
-3640
-5687
-6835
-6949
-6045
-4286
-1946
627
3067
5034
6261
6584
5969
4505
2397
-62
-2533
-4666
-6156
-6779
-6427
-5125
-3037
-443
2290
4763
6594
7483
7257
5908
3597
644
-2515
-5394
-7526
-8541
-8231
-6593
-3839
-370
3277
6516
8804
9730
9094
6949
3596
-446
-4532
-7984
-10210
-10803
-9619
-6809
-2800
1767
6141
9585
11501
11534
9642
6104
1486
-3456
-7897
-11081
-12455
-11762
-9092
-4869
213
5310
9563
12251
12909
11412
7997
3228
-2100
-7096
-10922
-12932
-12786
-10509
-6480
-1377
3946
8600
11808
13043
12106
9168
4728
-462
-5537
-9654
-12140
-12599
-10979
-7571
-2959
2078
6707
10173
11925
11704
9578
5930
1383
-3304
-7369
-10163
-11262
-10525
-8113
-4453
-164
4050
7521
9712
10310
9263
6783
3301
-605
-4313
-7248
-8976
-9266
-8116
-5749
-2566
920
4171
6698
8143
8320
7241
5104
2258
-854
-3766
-6055
-7400
-7627
-6729
-4858
-2307
544
3277
5500
6898
7277
6591
4944
2578
-162
-2880
-5180
-6724
-7281
-6761
-5230
-2903
-117
2719
5180
6889
7574
7112
5553
3114
155
-2876
-5510
-7329
-8030
-7482
-5746
-3073
128
3361
6107
7919
8489
7705
5672
2699
-745
-4109
-6845
-8498
-8787
-7648
-5254
-1986
1628
4997
7565
8905
8789
7231
4483
996
-2653
-5864
-8104
-9004
-8417
-6447
-3424
142
3661
6546
8326
8715
7662
5358
2202
-1273
-4486
-6908
-8150
-8027
-6586
-4090
-975
2228
4990
6863
7562
7002
5311
2802
-86
-2867
-5086
-6398
-6621
-5759
-3997
-1660
844
3102
4756
5567
5445
4458
2812
810
-1205
-2910
-4052
-4486
-4190
-3264
-1899
-344
1143
2340
3086
3308
3023
2323
1356
291
-705
-1500
-2009
-2200
-2089
-1733
-1212
-610
-5
540
985
1304
1485
1527
1430
1198
842
380
-156
-720
-1248
-1668
-1910
-1913
-1647
-1119
-378
483
1343
2062
2513
2600
2282
1579
582
-562
-1675
-2570
-3086
-3121
-2647
-1724
-488
864
2111
3042
3493
3380
2710
1585
187
-1254
-2500
-3343
-3640
-3343
-2500
-1254
187
1585
2710
3380
3493
3042
2111
864
-488
-1724
-2647
-3121
-3086
-2570
-1675
-562
582
1579
2282
2600
2513
2062
1343
483
-378
-1119
-1647
-1913
-1910
-1668
-1248
-720
-156
380
842
1198
1430
1527
1485
1304
985
540
-5
-610
-1212
-1733
-2089
-2200
-2009
-1500
-705
291
1356
2323
3023
3308
3086
2340
1143
-344
-1899
-3264
-4190
-4486
-4052
-2910
-1205
810
2812
4458
5445
5567
4756
3102
844
-1660
-3997
-5759
-6621
-6398
-5086
-2867
-86
2802
5311
7002
7562
6863
4990
2228
-975
-4090
-6586
-8027
-8150
-6908
-4486
-1273
2202
5358
7662
8715
8326
6546
3661
142
-3424
-6447
-8417
-9004
-8104
-5864
-2653
996
4483
7231
8789
8905
7565
4997
1628
-1986
-5254
-7648
-8787
-8498
-6845
-4109
-745
2699
5672
7705
8489
7919
6107
3361
128
-3073
-5746
-7482
-8030
-7329
-5510
-2876
155
3114
5553
7112
7574
6889
5180
2719
-117
-2903
-5230
-6761
-7281
-6724
-5180
-2880
-162
2578
4944
6591
7277
6898
5500
3277
544
-2307
-4858
-6729
-7627
-7400
-6055
-3766
-854
2258
5104
7241
8320
8143
6698
4171
920
-2566
-5749
-8116
-9266
-8976
-7248
-4313
-605
3301
6783
9263
10310
9712
7521
4050
-164
-4453
-8113
-10525
-11262
-10163
-7369
-3304
1383
5930
9578
11704
11925
10173
6707
2078
-2959
-7571
-10979
-12599
-12140
-9654
-5537
-462
4728
9168
12106
13043
11808
8600
3946
-1377
-6480
-10509
-12786
-12932
-10922
-7096
-2100
3228
7997
11412
12909
12251
9563
5310
213
-4869
-9092
-11762
-12455
-11081
-7897
-3456
1486
6104
9642
11534
11501
9585
6141
1767
-2800
-6809
-9619
-10803
-10210
-7984
-4532
-446
3596
6949
9094
9730
8804
6516
3277
-370
-3839
-6593
-8231
-8541
-7526
-5394
-2515
644
3597
5908
7257
7483
6594
4763
2290
-443
-3037
-5125
-6427
-6779
-6156
-4666
-2533
-62
2397
4505
5969
6584
6261
5034
3067
627
-1946
-4286
-6045
-6949
-6835
-5687
-3640
-972
1933
4637
6710
7800
7695
6361
3960
835
-2537
-5618
-7890
-8946
-8563
-6749
-3750
-26
3824
7157
9388
10099
9119
6559
2806
-1532
-5728
-9052
-10904
-10922
-9051
-5567
-1035
3779
8042
10992
12082
11078
8112
3665
-1508
-6507
-10443
-12600
-12562
-10299
-6175
-894
4617
9382
12536
13492
12048
8432
3265
-2542
-7954
-11991
-13910
-13341
-10361
-5485
422
6302
11086
13897
14206
11937
7482
1636
-4546
-9938
-13550
-14707
-13182
-9235
-3574
2773
8646
12963
14920
14142
10757
5373
-1029
-7276
-12211
-14915
-14877
-12086
-7044
-671
5860
11340
14747
15437
13265
8618
2344
-4401
-10368
-14442
-15855
-14328
-10127
-4016
2879
9283
13999
16140
15292
11593
5712
-1268
-8059
-13395
-16274
-16146
-13015
-7445
-454
6665
12593
16220
16858
14371
9202
2294
-5080
-11558
-15931
-17378
-15614
-10949
-4233
3301
10264
15363
17647
16680
12628
6226
-1350
-8708
-14487
-17614
-17503
-14166
-8208
-721
6916
13298
17245
18025
15489
10099
2845
-4938
-11819
-16530
0
0
0
0
0
0
0
0
0
0
0
0
0
0
0
0
0
0
0
0
0
0
0
0
0
0
0
0
0
0
0
0
0
0
0
0
0
0
0
0
0
0
0
0
0
0
0
0
0
0
0
0
0
0
0
0
0
0
0
0
0
0
0
0
0
0
0
-10922
-10073
-7657
-4048
191
4406
7939
10241
10950
9954
7404
3693
-601
-4814
-8284
-10468
-11021
-9849
-7131
-3287
1083
5298
8694
10733
11091
9704
6784
2787
-1659
-5857
-9140
-10988
-11103
-9462
-6321
-2175
2321
6455
9570
11170
11000
9085
5729
1466
-3026
-7032
-9917
-11222
-10744
-8561
-5027
-707
3709
7519
10121
11106
10327
7918
4271
-28
-4294
-7852
-10144
-10818
-9783
-7217
-3539
660
4716
7993
9986
10397
9180
6545
2920
-1118
-4937
-7947
-9693
-9920
-8614
-5996
-2486
1366
4965
7765
9349
9490
8185
5647
2274
-1413
-4858
-7542
-9069
-9218
-7976
-5537
-2273
1326
4720
7403
8973
9194
8031
5652
2408
-1218
-4688
-7477
-9157
-9463
-8330
-5912
-2555
1241
4906
7874
9675
10007
8789
6177
2548
-1553
-5495
-8652
-10507
-10734
-9257
-6270
-2213
2288
6521
9796
11557
11483
9539
5997
1399
-3526
-7976
-11206
-12654
-12041
-9421
-5187
-10
5264
9758
12701
13568
12175
8713
3729
-1960
-7406
-11679
-14035
-14045
-11670
-7281
-1599
4420
9754
13477
14932
13843
10370
5085
-1115
-7172
-12035
-14854
-15125
-12781
-8213
-2200
4219
9929
13930
15516
14402
10772
5256
-1183
-7418
-12352
-15117
-15223
-12651
-7855
-1685
4765
10356
14095
15323
13829
9884
4201
-2201
-8177
-12660
-14852
-14373
-11320
-6257
-103
6024
11022
13993
14413
12221
7830
2054
-4049
-9367
-12934
-14110
-12698
-8972
-3631
2334
7825
11832
13629
12896
9784
4882
-891
-6463
-10800
-13104
-12955
-10393
-5903
-330
5281
9886
12625
12992
10922
6807
1421
-4226
-9077
-12222
-13072
-11466
-7703
-2488
3204
8308
11866
13205
12071
8668
3627
-2115
-7486
-11482
-13348
-12730
-9731
-4900
869
6508
10968
13413
13380
10865
6322
585
-5290
-10219
-13287
-13920
-11992
-7850
-2248
3788
9153
12860
14226
12997
9391
4066
-2009
-7727
-12047
-14181
-13744
-10815
-5931
19
5957
10807
13694
14105
11975
7700
2062
-3916
-9156
-12722
-13983
-12732
-9215
-4083
1729
7174
11280
13330
12981
10327
5873
439
-4990
-9450
-12160
-12667
-10922
-7275
-2413
2776
7364
10550
11799
10936
8165
4025
-714
-5196
-8635
-10452
-10373
-8471
-5141
-1020
3135
6590
8756
9301
8189
5684
2288
-1360
-4604
-6886
-7847
-7381
-5641
-3003
16
2860
5031
6181
6168
5066
3145
803
-1508
-3374
-4491
-4714
-4074
-2760
-1071
644
2067
2959
3203
2821
1954
828
-304
-1212
-1736
-1813
-1485
-878
-170
453
845
924
695
241
-297
-759
-1003
-941
-566
49
766
1407
1800
1819
1417
639
-378
-1436
-2308
-2790
-2748
-2147
-1067
309
1726
2904
3596
3639
2987
1733
87
-1650
-3154
-4126
-4363
-3793
-2499
-700
1278
3072
4340
4834
4446
3231
1401
-712
-2722
-4254
-5018
-4866
-3818
-2064
75
2205
3931
4933
5024
4190
2587
516
-1635
-3466
-4639
-4940
-4320
-2906
-969
1119
2967
4229
4676
4235
3003
1227
-745
-2537
-3807
-4322
-3997
-2908
-1281
558
2250
3467
3978
3695
2687
1165
-561
-2147
-3277
-3730
-3424
-2427
-946
715
2221
3267
3640
3267
2221
715
-946
-2427
-3424
-3730
-3277
-2147
-561
1165
2687
3695
3978
3467
2250
558
-1281
-2908
-3997
-4322
-3807
-2537
-745
1227
3003
4235
4676
4229
2967
1119
-969
-2906
-4320
-4940
-4639
-3466
-1635
516
2587
4190
5024
4933
3931
2205
75
-2064
-3818
-4866
-5018
-4254
-2722
-712
1401
3231
4446
4834
4340
3072
1278
-700
-2499
-3793
-4363
-4126
-3154
-1650
87
1733
2987
3639
3596
2904
1726
309
-1067
-2147
-2748
-2790
-2308
-1436
-378
639
1417
1819
1800
1407
766
49
-566
-941
-1003
-759
-297
241
695
924
845
453
-170
-878
-1485
-1813
-1736
-1212
-304
828
1954
2821
3203
2959
2067
644
-1071
-2760
-4074
-4714
-4491
-3374
-1508
803
3145
5066
6168
6181
5031
2860
16
-3003
-5641
-7381
-7847
-6886
-4604
-1360
2288
5684
8189
9301
8756
6590
3135
-1020
-5141
-8471
-10373
-10452
-8635
-5196
-714
4025
8165
10936
11799
10550
7364
2776
-2413
-7275
-10922
-12667
-12160
-9450
-4990
439
5873
10327
12981
13330
11280
7174
1729
-4083
-9215
-12732
-13983
-12722
-9156
-3916
2062
7700
11975
14105
13694
10807
5957
19
-5931
-10815
-13744
-14181
-12047
-7727
-2009
4066
9391
12997
14226
12860
9153
3788
-2248
-7850
-11992
-13920
-13287
-10219
-5290
585
6322
10865
13380
13413
10968
6508
869
-4900
-9731
-12730
-13348
-11482
-7486
-2115
3627
8668
12071
13205
11866
8308
3204
-2488
-7703
-11466
-13072
-12222
-9077
-4226
1421
6807
10922
12992
12625
9886
5281
-330
-5903
-10393
-12955
-13104
-10800
-6463
-891
4882
9784
12896
13629
11832
7825
2334
-3631
-8972
-12698
-14110
-12934
-9367
-4049
2054
7830
12221
14413
13993
11022
6024
-103
-6257
-11320
-14373
-14852
-12660
-8177
-2201
4201
9884
13829
15323
14095
10356
4765
-1685
-7855
-12651
-15223
-15117
-12352
-7418
-1183
5256
10772
14402
15516
13930
9929
4219
-2200
-8213
-12781
-15125
-14854
-12035
-7172
-1115
5085
10370
13843
14932
13477
9754
4420
-1599
-7281
-11670
-14045
-14035
-11679
-7406
-1960
3729
8713
12175
13568
12701
9758
5264
-10
-5187
-9421
-12041
-12654
-11206
-7976
-3526
1399
5997
9539
11483
11557
9796
6521
2288
-2213
-6270
-9257
-10734
-10507
-8652
-5495
-1553
2548
6177
8789
10007
9675
7874
4906
1241
-2555
-5912
-8330
-9463
-9157
-7477
-4688
-1218
2408
5652
8031
9194
8973
7403
4720
1326
-2273
-5537
-7976
-9218
-9069
-7542
-4858
-1413
2274
5647
8185
9490
9349
7765
4965
1366
-2486
-5996
-8614
-9920
-9693
-7947
-4937
-1118
2920
6545
9180
10397
9986
7993
4716
660
-3539
-7217
-9783
-10818
-10144
-7852
-4294
-28
4271
7918
10327
11106
10121
7519
3709
-707
-5027
-8561
-10744
-11222
-9917
-7032
-3026
1466
5729
9085
11000
11170
9570
6455
2321
-2175
-6321
-9462
-11103
-10988
-9140
-5857
-1659
2787
6784
9704
11091
10733
8694
5298
1083
-3287
-7131
-9849
-11021
-10468
-8284
-4814
-601
3693
7404
9954
10950
10241
7939
4406
191
-4048
-7657
-10073
0
0
0
0
0
0
0
0
0
0
0
0
0
0
0
0
0
0
0
0
0
0
0
0
0
0
0
0
0
0
0
0
0
0
0
0
0
0
0
0
0
0
0
0
0
0
0
0
0
0
0
0
0
0
0
0
0
0
0
0
0
0
0
0
0
0
0
-18203
-16744
-12601
-6436
764
7846
13676
17317
18181
16127
11479
4979
-2332
-9282
-14751
-17855
-18088
-15405
-10231
-3393
4008
10779
15823
18317
17850
14489
8769
1613
-5821
-12324
-16836
-18616
-17366
-13282
-7024
388
7747
13847
17686
18632
16525
11708
4970
-2581
-9705
-15228
-18239
-18244
-15244
-9738
-2639
4875
11563
16317
18357
17353
13484
7402
127
-7126
-13154
-16961
-17928
-15912
-11272
-4799
2412
9155
14309
17031
16890
13940
8706
2089
-4789
-10776
-14883
-16450
-15251
-11530
-5948
528
6802
11826
14782
15213
13098
8843
3204
-2842
-8274
-12196
-13986
-13397
-10588
-6087
-695
4659
9079
11850
12559
11150
7927
3491
-1374
-5836
-9163
-10837
-10640
-8677
-5349
-1268
2847
6307
8560
9283
8427
6210
3073
-411
-3640
-6087
-7384
-7379
-6149
-3974
-1279
1451
3755
5276
5813
5347
4032
2154
74
-1838
-3277
-4041
-4064
-3412
-2265
-867
513
1644
2360
2589
2356
1765
972
151
-544
-1009
-1199
-1132
-877
-533
-200
40
146
119
0
-144
-241
-232
-90
173
506
831
1059
1113
948
562
6
-630
-1230
-1671
-1854
-1719
-1266
-556
299
1157
1862
2282
2331
1986
1292
358
-662
-1597
-2288
-2614
-2515
-2004
-1162
-125
935
1849
2468
2695
2496
1907
1027
-4
-1024
-1876
-2432
-2615
-2405
-1842
-1015
-53
903
1717
2277
2509
2385
1929
1206
317
-618
-1475
-2138
-2516
-2554
-2240
-1607
-730
280
1289
2157
2752
2976
2774
2150
1171
-37
-1308
-2450
-3277
-3640
-3451
-2705
-1484
42
1647
3072
4073
4459
4130
3101
1506
-417
-2362
-4001
-5040
-5275
-4626
-3166
-1109
1217
3424
5126
6009
5891
4755
2763
233
-2412
-4716
-6265
-6768
-6107
-4367
-1826
1089
3876
6041
7190
7098
5760
3388
385
-2728
-5402
-7155
-7664
-6823
-4765
-1845
1425
4464
6728
7805
7493
5843
3142
-126
-3376
-6021
-7581
-7773
-6562
-4167
-1025
2290
5176
7104
7724
6929
4869
1929
-1342
-4340
-6510
-7454
-7005
-5254
-2539
624
3640
5941
7097
6897
5389
2868
-178
-3163
-5516
-6787
-6737
-5379
-2983
-16
2942
5316
6640
6654
5354
2992
29
-2952
-5365
-6726
-6759
-5443
-3025
27
3117
5633
7067
7116
5748
3208
-24
-3323
-6039
-7624
-7740
-6332
-3640
-163
3439
6465
8311
8588
7202
4381
634
-3339
-6778
-9008
-9569
-8313
-5435
-1444
2925
6851
9577
10559
9569
6751
2595
-2143
-6586
-9892
-11418
-10841
-8230
-4034
993
5929
9852
12016
11990
9744
5660
470
-4880
-9404
-12254
-12883
-11148
-7343
-2147
3494
8548
12078
13420
12312
8938
3905
-1872
-7338
-11485
-13545
-13133
-10315
-5602
145
5873
10529
13257
13556
11372
7106
1547
-4281
-9307
-12607
-13579
-12053
-8319
-3075
2702
7946
11690
13252
12356
9185
4343
-1260
-6580
-10630
-12667
-12331
-9704
-5298
49
5329
9555
11945
12068
9925
5940
883
-4283
-8582
-11210
-11685
-9938
-6321
-1540
3485
7795
10573
11301
9855
6529
1973
-2928
-7232
-10113
-11023
-9796
-6677
-2275
2555
6879
9860
10922
9860
6879
2555
-2275
-6677
-9796
-11023
-10113
-7232
-2928
1973
6529
9855
11301
10573
7795
3485
-1540
-6321
-9938
-11685
-11210
-8582
-4283
883
5940
9925
12068
11945
9555
5329
49
-5298
-9704
-12331
-12667
-10630
-6580
-1260
4343
9185
12356
13252
11690
7946
2702
-3075
-8319
-12053
-13579
-12607
-9307
-4281
1547
7106
11372
13556
13257
10529
5873
145
-5602
-10315
-13133
-13545
-11485
-7338
-1872
3905
8938
12312
13420
12078
8548
3494
-2147
-7343
-11148
-12883
-12254
-9404
-4880
470
5660
9744
11990
12016
9852
5929
993
-4034
-8230
-10841
-11418
-9892
-6586
-2143
2595
6751
9569
10559
9577
6851
2925
-1444
-5435
-8313
-9569
-9008
-6778
-3339
634
4381
7202
8588
8311
6465
3439
-163
-3640
-6332
-7740
-7624
-6039
-3323
-24
3208
5748
7116
7067
5633
3117
27
-3025
-5443
-6759
-6726
-5365
-2952
29
2992
5354
6654
6640
5316
2942
-16
-2983
-5379
-6737
-6787
-5516
-3163
-178
2868
5389
6897
7097
5941
3640
624
-2539
-5254
-7005
-7454
-6510
-4340
-1342
1929
4869
6929
7724
7104
5176
2290
-1025
-4167
-6562
-7773
-7581
-6021
-3376
-126
3142
5843
7493
7805
6728
4464
1425
-1845
-4765
-6823
-7664
-7155
-5402
-2728
385
3388
5760
7098
7190
6041
3876
1089
-1826
-4367
-6107
-6768
-6265
-4716
-2412
233
2763
4755
5891
6009
5126
3424
1217
-1109
-3166
-4626
-5275
-5040
-4001
-2362
-417
1506
3101
4130
4459
4073
3072
1647
42
-1484
-2705
-3451
-3640
-3277
-2450
-1308
-37
1171
2150
2774
2976
2752
2157
1289
280
-730
-1607
-2240
-2554
-2516
-2138
-1475
-618
317
1206
1929
2385
2509
2277
1717
903
-53
-1015
-1842
-2405
-2615
-2432
-1876
-1024
-4
1027
1907
2496
2695
2468
1849
935
-125
-1162
-2004
-2515
-2614
-2288
-1597
-662
358
1292
1986
2331
2282
1862
1157
299
-556
-1266
-1719
-1854
-1671
-1230
-630
6
562
948
1113
1059
831
506
173
-90
-232
-241
-144
0
119
146
40
-200
-533
-877
-1132
-1199
-1009
-544
151
972
1765
2356
2589
2360
1644
513
-867
-2265
-3412
-4064
-4041
-3277
-1838
74
2154
4032
5347
5813
5276
3755
1451
-1279
-3974
-6149
-7379
-7384
-6087
-3640
-411
3073
6210
8427
9283
8560
6307
2847
-1268
-5349
-8677
-10640
-10837
-9163
-5836
-1374
3491
7927
11150
12559
11850
9079
4659
-695
-6087
-10588
-13397
-13986
-12196
-8274
-2842
3204
8843
13098
15213
14782
11826
6802
528
-5948
-11530
-15251
-16450
-14883
-10776
-4789
2089
8706
13940
16890
17031
14309
9155
2412
-4799
-11272
-15912
-17928
-16961
-13154
-7126
127
7402
13484
17353
18357
16317
11563
4875
-2639
-9738
-15244
-18244
-18239
-15228
-9705
-2581
4970
11708
16525
18632
17686
13847
7747
388
-7024
-13282
-17366
-18616
-16836
-12324
-5821
1613
8769
14489
17850
18317
15823
10779
4008
-3393
-10231
-15405
-18088
-17855
-14751
-9282
-2332
4979
11479
16127
18181
17317
13676
7846
764
-6436
-12601
-16744
0
0
0
0
0
0
0
0
0
0
0
0
0
0
0
0
0
0
0
0
0
0
0
0
0
0
0
0
0
0
0
0
0
0
0
0
0
0
0
0
0
0
0
0
0
0
0
0
0
0
0
0
0
0
0
0
0
0
0
0
0
0
0
0
0
0
0
-3640
-3189
-1939
-172
1704
3255
4104
4022
2980
1163
-1065
-3234
-4860
-5556
-5107
-3535
-1097
1756
4462
6457
7293
6731
4799
1803
-1729
-5135
-7747
-9020
-8642
-6607
-3226
919
5080
8475
10436
10543
8708
5203
619
-4230
-8463
-11283
-12133
-10805
-7484
-2727
2635
7643
11383
13152
12595
9772
5154
-455
-6063
-10663
-13418
-13816
-11762
-7602
-2062
3879
9167
12855
14283
13191
9768
4620
-1338
-7050
-11504
-13916
-13868
-11382
-6912
-1264
4555
9516
12752
13712
12254
8670
3621
-1978
-7132
-10939
-12754
-12297
-9697
-5460
-372
4647
8715
11140
11540
9904
6586
2226
-2367
-6374
-9104
-10123
-9316
-6903
-3382
567
4221
6939
8278
8070
6433
3744
552
-2531
-4948
-6296
-6395
-5311
-3330
-891
1508
3409
4481
4579
3762
2270
464
-1253
-2524
-3108
-2926
-2074
-790
599
1754
2399
2383
1712
548
-827
-2078
-2885
-3023
-2413
-1144
537
2278
3689
4427
4274
3191
1331
-975
-3287
-5129
-6097
-5933
-4595
-2268
653
3640
6121
7592
7719
6409
3837
425
-3226
-6450
-8632
-9327
-8351
-5821
-2146
2042
5999
9001
10476
10117
7941
4294
-203
-4765
-8578
-10947
-11424
-9891
-6590
-2079
2858
7356
10614
12047
11384
8727
4527
-486
-5440
-9466
-11858
-12195
-10416
-6832
-2070
3038
7605
10840
12188
11427
8704
4507
-425
-5234
-9090
-11341
-11620
-9907
-6528
-2090
2626
6807
9747
10968
10299
7897
4214
-88
-4262
-7599
-9557
-9844
-8463
-5705
-2082
1761
5167
7576
8624
8188
6407
3640
398
-2753
-5290
-6821
-7146
-6276
-4428
-1968
656
3001
4698
5514
5381
4395
2787
873
-1007
-2554
-3550
-3894
-3602
-2796
-1668
-437
688
1552
2067
2217
2053
1665
1163
645
180
-197
-489
-720
-918
-1102
-1270
-1392
-1416
-1286
-958
-418
299
1114
1902
2515
2813
2689
2103
1093
-216
-1631
-2913
-3826
-4174
-3845
-2840
-1278
611
2525
4135
5145
5343
4651
3137
1017
-1375
-3646
-5404
-6326
-6223
-5072
-3027
-403
2376
4849
6589
7281
6779
5133
2589
-449
-3488
-6019
-7610
-7975
-7028
-4899
-1919
1434
4613
7088
8440
8425
7026
4451
1105
-2471
-5697
-8036
-9093
-8678
-6839
-3858
-208
3523
6730
8881
9612
8787
6520
3162
-752
-4595
-7739
-9664
-10041
-8789
-6090
-2363
1797
5722
8767
10425
10405
8688
5529
1421
-2977
-6952
-9849
-11175
-10690
-8444
-4778
-272
4348
8324
10990
11886
10835
7976
3754
-1156
-5953
-9838
-12151
-12481
-10739
-7180
-2368
2915
7795
11446
13238
12837
10276
5948
555
-5013
-9820
-13041
-14107
-12804
-9315
-4198
1701
7395
11911
14463
14587
12229
7754
1899
-4353
-9939
-13893
-15516
-14500
-10985
-5545
907
7274
12458
15552
16000
13694
9004
2715
-4101
-10272
-14721
-16663
-15736
-12076
-6294
624
7487
13102
16481
17021
14605
9633
2954
-4280
-10812
-15498
-17509
-16478
-12569
-6446
829
7993
13793
17208
17629
14971
9686
2689
-4800
-11473
-16158
-18028
-16748
-12532
-6114
1388
8661
14429
17679
17837
14871
9297
2090
-5487
-12107
-16609
-18203
-16609
-12107
-5487
2090
9297
14871
17837
17679
14429
8661
1388
-6114
-12532
-16748
-18028
-16158
-11473
-4800
2689
9686
14971
17629
17208
13793
7993
829
-6446
-12569
-16478
-17509
-15498
-10812
-4280
2954
9633
14605
17021
16481
13102
7487
624
-6294
-12076
-15736
-16663
-14721
-10272
-4101
2715
9004
13694
16000
15552
12458
7274
907
-5545
-10985
-14500
-15516
-13893
-9939
-4353
1899
7754
12229
14587
14463
11911
7395
1701
-4198
-9315
-12804
-14107
-13041
-9820
-5013
555
5948
10276
12837
13238
11446
7795
2915
-2368
-7180
-10739
-12481
-12151
-9838
-5953
-1156
3754
7976
10835
11886
10990
8324
4348
-272
-4778
-8444
-10690
-11175
-9849
-6952
-2977
1421
5529
8688
10405
10425
8767
5722
1797
-2363
-6090
-8789
-10041
-9664
-7739
-4595
-752
3162
6520
8787
9612
8881
6730
3523
-208
-3858
-6839
-8678
-9093
-8036
-5697
-2471
1105
4451
7026
8425
8440
7088
4613
1434
-1919
-4899
-7028
-7975
-7610
-6019
-3488
-449
2589
5133
6779
7281
6589
4849
2376
-403
-3027
-5072
-6223
-6326
-5404
-3646
-1375
1017
3137
4651
5343
5145
4135
2525
611
-1278
-2840
-3845
-4174
-3826
-2913
-1631
-216
1093
2103
2689
2813
2515
1902
1114
299
-418
-958
-1286
-1416
-1392
-1270
-1102
-918
-720
-489
-197
180
645
1163
1665
2053
2217
2067
1552
688
-437
-1668
-2796
-3602
-3894
-3550
-2554
-1007
873
2787
4395
5381
5514
4698
3001
656
-1968
-4428
-6276
-7146
-6821
-5290
-2753
398
3640
6407
8188
8624
7576
5167
1761
-2082
-5705
-8463
-9844
-9557
-7599
-4262
-88
4214
7897
10299
10968
9747
6807
2626
-2090
-6528
-9907
-11620
-11341
-9090
-5234
-425
4507
8704
11427
12188
10840
7605
3038
-2070
-6832
-10416
-12195
-11858
-9466
-5440
-486
4527
8727
11384
12047
10614
7356
2858
-2079
-6590
-9891
-11424
-10947
-8578
-4765
-203
4294
7941
10117
10476
9001
5999
2042
-2146
-5821
-8351
-9327
-8632
-6450
-3226
425
3837
6409
7719
7592
6121
3640
653
-2268
-4595
-5933
-6097
-5129
-3287
-975
1331
3191
4274
4427
3689
2278
537
-1144
-2413
-3023
-2885
-2078
-827
548
1712
2383
2399
1754
599
-790
-2074
-2926
-3108
-2524
-1253
464
2270
3762
4579
4481
3409
1508
-891
-3330
-5311
-6395
-6296
-4948
-2531
552
3744
6433
8070
8278
6939
4221
567
-3382
-6903
-9316
-10123
-9104
-6374
-2367
2226
6586
9904
11540
11140
8715
4647
-372
-5460
-9697
-12297
-12754
-10939
-7132
-1978
3621
8670
12254
13712
12752
9516
4555
-1264
-6912
-11382
-13868
-13916
-11504
-7050
-1338
4620
9768
13191
14283
12855
9167
3879
-2062
-7602
-11762
-13816
-13418
-10663
-6063
-455
5154
9772
12595
13152
11383
7643
2635
-2727
-7484
-10805
-12133
-11283
-8463
-4230
619
5203
8708
10543
10436
8475
5080
919
-3226
-6607
-8642
-9020
-7747
-5135
-1729
1803
4799
6731
7293
6457
4462
1756
-1097
-3535
-5107
-5556
-4860
-3234
-1065
1163
2980
4022
4104
3255
1704
-172
-1939
-3189
0
0
0
0
0
0
0
0
0
0
0
0
0
0
0
0
0
0
0
0
0
0
0
0
0
0
0
0
0
0
0
0
0
0
0
0
0
0
0
0
0
0
0
0
0
0
0
0
0
0
0
0
0
0
0
0
0
0
0
0
0
0
0
0
0
0
0
-3640
-3328
-2444
-1133
385
1859
3036
3710
3755
3148
1975
419
-1262
-2785
-3878
-4333
-4044
-3029
-1431
495
2430
4030
4997
5126
4351
2760
592
-1798
-4000
-5609
-6306
-5917
-4451
-2110
733
3600
5980
7420
7614
6460
4095
877
-2660
-5903
-8257
-9257
-8658
-6491
-3067
1061
5191
8586
10607
10835
9151
5773
1231
-3714
-8201
-11413
-12730
-11846
-8835
-4153
1429
6955
11443
14063
14290
12005
7534
1598
-4795
-10533
-14582
-16180
-14978
-11113
-5197
1779
8614
14099
17239
17428
14567
9095
1920
-5731
-12526
-17255
-19051
-17548
-12955
-6029
2054
9895
16117
19611
19729
16411
10197
2142
-6364
-13841
-18975
-20849
-19113
-14043
-6503
2205
10572
17137
20751
20776
17198
10635
2223
-6573
-14226
-19407
-21220
-19356
-14151
-6521
2200
10495
16926
20391
20311
16727
10289
2140
-6292
-13547
-18381
-19988
-18133
-13183
-6041
2026
9611
15410
18455
18272
14956
9143
1889
-5521
-11808
-15915
-17190
-15486
-11180
-5086
1693
7972
12684
15070
14800
12013
7281
1491
-4318
-9150
-12214
-13060
-11645
-8317
-3741
1231
5727
8998
10551
10220
8177
4881
984
-2801
-5831
-7638
-8005
-6986
-4877
-2140
686
3101
4723
5353
4995
3835
2187
418
-1125
-2190
-2656
-2542
-1989
-1213
-448
113
363
297
10
-337
-564
-524
-146
539
1398
2220
2769
2836
2299
1163
-427
-2206
-3827
-4934
-5237
-4579
-2980
-654
2024
4576
6506
7400
7010
5314
2535
-884
-4357
-7250
-9002
-9232
-7821
-4946
-1056
3189
7045
9801
10922
10149
7555
3543
-1216
-5898
-9669
-11836
-11975
-10015
-6254
-1320
3939
8602
11839
13055
12008
8851
4111
-1397
-6717
-10914
-13245
-13287
-11018
-6824
-1429
4230
9167
12519
13701
12508
9152
4220
-1424
-6797
-10967
-13215
-13165
-10842
-6669
-1387
4078
8777
11905
12942
11736
8529
3906
-1309
-6207
-9947
-11905
-11778
-9634
-5885
-1215
3548
7583
10212
11021
9921
7157
3253
-1082
-5091
-8094
-9610
-9432
-7651
-4634
-949
2746
5816
7761
8297
7396
5282
2376
-782
-3640
-5723
-6716
-6512
-5217
-3119
-630
1797
3751
4928
5183
4542
3186
1406
-453
-2066
-3174
-3634
-3432
-2671
-1548
-302
831
1666
2093
2093
1733
1139
466
-137
-565
-764
-744
-566
-323
-111
-5
-38
-196
-420
-624
-718
-631
-339
130
701
1253
1655
1793
1594
1052
233
-730
-1664
-2383
-2727
-2596
-1976
-946
330
1634
2723
3385
3474
2945
1862
397
-1200
-2650
-3683
-4101
-3806
-2829
-1325
454
2198
3597
4395
4438
3703
2308
486
-1447
-3153
-4330
-4764
-4372
-3215
-1490
505
2424
3929
4758
4763
3942
2436
509
-1504
-3254
-4437
-4848
-4420
-3229
-1487
501
2391
3855
4642
4623
3806
2341
487
-1432
-3085
-4189
-4559
-4141
-3015
-1383
465
2210
3553
4268
4239
3483
2138
443
-1303
-2802
-3800
-4131
-3749
-2727
-1251
420
1998
3212
3860
3836
3154
1938
402
-1184
-2551
-3466
-3776
-3434
-2505
-1152
388
1851
2985
3599
3590
2963
1828
381
-1126
-2437
-3326
-3640
-3326
-2437
-1126
381
1828
2963
3590
3599
2985
1851
388
-1152
-2505
-3434
-3776
-3466
-2551
-1184
402
1938
3154
3836
3860
3212
1998
420
-1251
-2727
-3749
-4131
-3800
-2802
-1303
443
2138
3483
4239
4268
3553
2210
465
-1383
-3015
-4141
-4559
-4189
-3085
-1432
487
2341
3806
4623
4642
3855
2391
501
-1487
-3229
-4420
-4848
-4437
-3254
-1504
509
2436
3942
4763
4758
3929
2424
505
-1490
-3215
-4372
-4764
-4330
-3153
-1447
486
2308
3703
4438
4395
3597
2198
454
-1325
-2829
-3806
-4101
-3683
-2650
-1200
397
1862
2945
3474
3385
2723
1634
330
-946
-1976
-2596
-2727
-2383
-1664
-730
233
1052
1594
1793
1655
1253
701
130
-339
-631
-718
-624
-420
-196
-38
-5
-111
-323
-566
-744
-764
-565
-137
466
1139
1733
2093
2093
1666
831
-302
-1548
-2671
-3432
-3634
-3174
-2066
-453
1406
3186
4542
5183
4928
3751
1797
-630
-3119
-5217
-6512
-6716
-5723
-3640
-782
2376
5282
7396
8297
7761
5816
2746
-949
-4634
-7651
-9432
-9610
-8094
-5091
-1082
3253
7157
9921
11021
10212
7583
3548
-1215
-5885
-9634
-11778
-11905
-9947
-6207
-1309
3906
8529
11736
12942
11905
8777
4078
-1387
-6669
-10842
-13165
-13215
-10967
-6797
-1424
4220
9152
12508
13701
12519
9167
4230
-1429
-6824
-11018
-13287
-13245
-10914
-6717
-1397
4111
8851
12008
13055
11839
8602
3939
-1320
-6254
-10015
-11975
-11836
-9669
-5898
-1216
3543
7555
10149
10922
9801
7045
3189
-1056
-4946
-7821
-9232
-9002
-7250
-4357
-884
2535
5314
7010
7400
6506
4576
2024
-654
-2980
-4579
-5237
-4934
-3827
-2206
-427
1163
2299
2836
2769
2220
1398
539
-146
-524
-564
-337
10
297
363
113
-448
-1213
-1989
-2542
-2656
-2190
-1125
418
2187
3835
4995
5353
4723
3101
686
-2140
-4877
-6986
-8005
-7638
-5831
-2801
984
4881
8177
10220
10551
8998
5727
1231
-3741
-8317
-11645
-13060
-12214
-9150
-4318
1491
7281
12013
14800
15070
12684
7972
1693
-5086
-11180
-15486
-17190
-15915
-11808
-5521
1889
9143
14956
18272
18455
15410
9611
2026
-6041
-13183
-18133
-19988
-18381
-13547
-6292
2140
10289
16727
20311
20391
16926
10495
2200
-6521
-14151
-19356
-21220
-19407
-14226
-6573
2223
10635
17198
20776
20751
17137
10572
2205
-6503
-14043
-19113
-20849
-18975
-13841
-6364
2142
10197
16411
19729
19611
16117
9895
2054
-6029
-12955
-17548
-19051
-17255
-12526
-5731
1920
9095
14567
17428
17239
14099
8614
1779
-5197
-11113
-14978
-16180
-14582
-10533
-4795
1598
7534
12005
14290
14063
11443
6955
1429
-4153
-8835
-11846
-12730
-11413
-8201
-3714
1231
5773
9151
10835
10607
8586
5191
1061
-3067
-6491
-8658
-9257
-8257
-5903
-2660
877
4095
6460
7614
7420
5980
3600
733
-2110
-4451
-5917
-6306
-5609
-4000
-1798
592
2760
4351
5126
4997
4030
2430
495
-1431
-3029
-4044
-4333
-3878
-2785
-1262
419
1975
3148
3755
3710
3036
1859
385
-1133
-2444
-3328
0
0
0
0
0
0
0
0
0
0
0
0
0
0
0
0
0
0
0
0
0
0
0
0
0
0
0
0
0
0
0
0
0
0
0
0
0
0
0
0
0
0
0
0
0
0
0
0
0
0
0
0
0
0
0
0
0
0
0
0
0
0
0
0
0
0
0
18203
16705
12458
6162
-1142
-8251
-13994
-17425
-17984
-15583
-10625
-3932
3388
10128
15179
17715
17327
14091
8552
1634
-5516
-11720
-15960
-17548
-16240
-12269
-6308
644
7436
12948
16282
16907
14743
10176
3981
-2802
-9048
-13733
-16101
-15790
-12884
-7899
-1683
4717
10245
14000
15392
14227
10744
5556
-447
-6260
-10928
-13703
-14166
-12292
-8443
-3299
2259
7306
11021
12829
12484
10104
6142
1298
-3601
-7751
-10493
-11426
-10462
-7832
-4031
269
4345
7540
9370
9601
8272
5678
2308
-1250
-4409
-6680
-7752
-7527
-6129
-3862
-1151
1537
3779
5258
5808
5429
4268
2586
695
-1094
-2527
-3439
-3770
-3557
-2918
-2010
-997
-23
811
1457
1902
2162
2262
2217
2024
1670
1134
411
-474
-1452
-2409
-3192
-3640
-3612
-3024
-1879
-281
1560
3365
4815
5616
5556
4554
2689
205
-2518
-5027
-6863
-7654
-7183
-5444
-2657
756
4238
7180
9036
9421
8192
5485
1703
-2539
-6517
-9523
-10989
-10597
-8348
-4569
128
4952
9058
11704
12384
10922
7518
2720
-2662
-7700
-11500
-13367
-12935
-10234
-5699
-93
5613
10422
13471
14202
12454
8506
3027
-3034
-8615
-12730
-14640
-13993
-10885
-5850
234
6298
11272
14272
14764
12656
8318
2515
-3723
-9294
-13210
-14779
-13729
-10255
-4982
1144
7031
11632
14135
14107
11571
6998
1221
-4716
-9752
-12992
-13874
-12263
-8475
-3216
2552
7785
11545
13174
12405
9408
4756
-683
-5914
-9988
-12182
-12124
-9860
-5836
-814
4270
8485
11071
11579
9948
6514
1937
-2918
-7151
-9987
-10922
-9812
-6896
-2741
1857
6038
9026
10280
9588
7107
3325
-1031
-5138
-8228
-9731
-9382
-7267
-3803
345
4390
7572
9297
9255
7465
4279
305
-3702
-6991
-8947
-9211
-7743
-4826
-1015
2973
6392
8605
9206
8089
5469
1840
-2119
-5676
-8172
-9152
-8441
-6180
-2791
1095
4765
7549
8943
8702
6881
3825
96
-3622
-6661
-8476
-8754
-7462
-4848
-1398
2261
5475
7677
8491
7795
5736
2703
-752
-4014
-6515
-7832
-7763
-6350
-3872
-785
2359
5018
6749
7281
6562
4754
2201
-637
-3272
-5269
-6317
-6280
-5211
-3331
-986
1416
3484
4898
5466
5141
4025
2338
377
-1537
-3117
-4143
-4498
-4172
-3258
-1926
-391
1120
2403
3301
3717
3624
3058
2110
909
-391
-1634
-2668
-3368
-3640
-3440
-2774
-1707
-358
1106
2492
3596
4238
4287
3691
2493
831
-1066
-2916
-4416
-5297
-5370
-4568
-2966
-779
1660
3955
5707
6586
6391
5098
2873
52
-2903
-5488
-7234
-7799
-7035
-5020
-2057
1369
4675
7273
8682
8614
7032
4169
494
-3365
-6730
-8992
-9719
-8745
-6204
-2511
1699
5689
8742
10295
10045
8003
4507
158
-4276
-8005
-10349
-10871
-9453
-6330
-2045
2643
6896
9942
11222
10493
7871
3818
-940
-5549
-9173
-11151
-11116
-9069
-5376
-702
4102
8165
10744
11366
9917
6661
2192
-2671
-7038
-10109
-11321
-10453
-7667
-3480
1336
5894
9351
11073
10744
8429
4562
-138
-4799
-8556
-10713
-10873
-9009
-5473
-926
3782
7776
10310
10914
9478
6272
1897
-2829
-7022
-9899
-10922
-9899
-7022
-2829
1897
6272
9478
10914
10310
7776
3782
-926
-5473
-9009
-10873
-10713
-8556
-4799
-138
4562
8429
10744
11073
9351
5894
1336
-3480
-7667
-10453
-11321
-10109
-7038
-2671
2192
6661
9917
11366
10744
8165
4102
-702
-5376
-9069
-11116
-11151
-9173
-5549
-940
3818
7871
10493
11222
9942
6896
2643
-2045
-6330
-9453
-10871
-10349
-8005
-4276
158
4507
8003
10045
10295
8742
5689
1699
-2511
-6204
-8745
-9719
-8992
-6730
-3365
494
4169
7032
8614
8682
7273
4675
1369
-2057
-5020
-7035
-7799
-7234
-5488
-2903
52
2873
5098
6391
6586
5707
3955
1660
-779
-2966
-4568
-5370
-5297
-4416
-2916
-1066
831
2493
3691
4287
4238
3596
2492
1106
-358
-1707
-2774
-3440
-3640
-3368
-2668
-1634
-391
909
2110
3058
3624
3717
3301
2403
1120
-391
-1926
-3258
-4172
-4498
-4143
-3117
-1537
377
2338
4025
5141
5466
4898
3484
1416
-986
-3331
-5211
-6280
-6317
-5269
-3272
-637
2201
4754
6562
7281
6749
5018
2359
-785
-3872
-6350
-7763
-7832
-6515
-4014
-752
2703
5736
7795
8491
7677
5475
2261
-1398
-4848
-7462
-8754
-8476
-6661
-3622
96
3825
6881
8702
8943
7549
4765
1095
-2791
-6180
-8441
-9152
-8172
-5676
-2119
1840
5469
8089
9206
8605
6392
2973
-1015
-4826
-7743
-9211
-8947
-6991
-3702
305
4279
7465
9255
9297
7572
4390
345
-3803
-7267
-9382
-9731
-8228
-5138
-1031
3325
7107
9588
10280
9026
6038
1857
-2741
-6896
-9812
-10922
-9987
-7151
-2918
1937
6514
9948
11579
11071
8485
4270
-814
-5836
-9860
-12124
-12182
-9988
-5914
-683
4756
9408
12405
13174
11545
7785
2552
-3216
-8475
-12263
-13874
-12992
-9752
-4716
1221
6998
11571
14107
14135
11632
7031
1144
-4982
-10255
-13729
-14779
-13210
-9294
-3723
2515
8318
12656
14764
14272
11272
6298
234
-5850
-10885
-13993
-14640
-12730
-8615
-3034
3027
8506
12454
14202
13471
10422
5613
-93
-5699
-10234
-12935
-13367
-11500
-7700
-2662
2720
7518
10922
12384
11704
9058
4952
128
-4569
-8348
-10597
-10989
-9523
-6517
-2539
1703
5485
8192
9421
9036
7180
4238
756
-2657
-5444
-7183
-7654
-6863
-5027
-2518
205
2689
4554
5556
5616
4815
3365
1560
-281
-1879
-3024
-3612
-3640
-3192
-2409
-1452
-474
411
1134
1670
2024
2217
2262
2162
1902
1457
811
-23
-997
-2010
-2918
-3557
-3770
-3439
-2527
-1094
695
2586
4268
5429
5808
5258
3779
1537
-1151
-3862
-6129
-7527
-7752
-6680
-4409
-1250
2308
5678
8272
9601
9370
7540
4345
269
-4031
-7832
-10462
-11426
-10493
-7751
-3601
1298
6142
10104
12484
12829
11021
7306
2259
-3299
-8443
-12292
-14166
-13703
-10928
-6260
-447
5556
10744
14227
15392
14000
10245
4717
-1683
-7899
-12884
-15790
-16101
-13733
-9048
-2802
3981
10176
14743
16907
16282
12948
7436
644
-6308
-12269
-16240
-17548
-15960
-11720
-5516
1634
8552
14091
17327
17715
15179
10128
3388
-3932
-10625
-15583
-17984
-17425
-13994
-8251
-1142
6162
12458
16705
0
0
0
0
0
0
0
0
0
0
0
0
0
0
0
0
0
0
0
0
0
0
0
0
0
0
0
0
0
0
0
0
0
0
0
0
0
0
0
0
0
0
0
0
0
0
0
0
0
0
0
0
0
0
0
0
0
0
0
0
0
0
0
0
0
0
0
