50.85724837830335
39.46111644230239
37.00311427937022
43.59136404508532
26.598174810374037
42.05478935873767
57.01958727377789
61.61112300795685
40.13244501681035
48.640311773254
50.748894293301134
49.693606252148385
43.34462638687016
42.31537514278841
50.78106013701956
44.95984572361251
66.60627018408314
66.60091978897442
51.58720743221538
75.92878120266943
78.23726910864316
70.09938989250969
64.07571873556451
57.60710882356595
65.0885940760915
82.15129093889252
82.30870534609052
66.58877673445117
85.6259062992305
85.22037314514351
74.40865341058729
83.16325241187056
78.22999286602057
52.29386421383329
63.616055982626946
