0
4278
8485
12550
16402
19973
23203
26035
28419
30314
31684
32507
32766
32456
31581
30156
28203
25758
22860
19561
15917
11991
7852
3573
-771
-5106
-9352
-13436
-17284
-20829
-24006
-26759
-29038
-30801
-32015
-32660
-32720
-32196
-31094
-29434
-27244
-24563
-21439
-17925
-14087
-9991
-5712
-1327
3083
7441
11667
15683
19415
22796
25762
28259
30239
31667
32514
32764
32412
31462
29931
27847
25247
22178
18696
14865
10755
6443
2009
-2465
-6896
-11201
-15299
-19113
-22570
-25606
-28162
-30190
-31650
-32514
-32764
-32394
-31411
-29832
-27686
-25012
-21861
-18292
-14372
-10175
-5781
-1274
3259
7733
12062
16161
19951
23359
26318
28771
30668
31973
32659
32711
32127
30919
29107
26727
23823
20452
16679
12577
8226
3711
-879
-5455
-9926
-14204
-18204
-21846
-25058
-27775
-29942
-31516
-32464
-32766
-32415
-31417
-29790
-27567
-24790
-21514
-17805
-13736
-9388
-4849
-209
4437
8997
13377
17489
21248
24578
27411
29687
31359
32393
32765
32468
31507
29899
27676
24884
21579
17828
13707
9301
4700
0
-4703
-9311
-13729
-17864
-21629
-24947
-27746
-29968
-31566
-32503
-32761
-32332
-31225
-29460
-27076
-24119
-20653
-16748
-12488
-7961
-3263
1506
6246
10856
15238
19298
22949
26112
28719
30713
32051
32702
32651
31900
30461
28366
25658
22395
18646
14492
10022
5332
524
-4298
-9029
-13567
-17811
-21669
-25055
-27896
-30127
-31699
-32577
-32739
-32182
-30916
-28967
-26379
-23206
-19519
-15397
-10932
-6222
-1372
3511
8320
12945
17284
21240
24723
27655
29968
31611
32545
32748
32214
30954
28995
26381
23169
19431
15252
10724
5950
1038
-3899
-8751
-13405
-17757
-21705
-25159
-28038
-30277
-31822
-32637
-32702
-32014
-30588
-28456
-25665
-22280
-18377
-14047
-9388
-4509
477
5455
10308
14924
19194
23018
26305
28979
30974
32243
32756
32498
31476
29711
27244
24133
20449
16280
11722
6884
1880
-3170
-8148
-12935
-17416
-21484
-25041
-28000
-30291
-31856
-32659
-32677
-31909
-30373
-28105
-25157
-21600
-17520
-13013
-8189
-3163
1941
7001
11893
16499
20705
24407
27516
29953
31659
32589
32721
32049
30590
28377
25463
21921
17836
13307
8448
3377
-1780
-6896
-11843
-16499
-20746
-24479
-27603
-30040
-31727
-32621
-32699
-31957
-30413
-28105
-25088
-21439
-17247
-12618
-7668
-2522
2689
7836
12787
17416
21605
25247
28248
30530
32035
32723
32574
31592
29801
27244
23987
20112
15718
10917
5832
595
-4660
-9798
-14685
-19194
-23208
-26622
-29345
-31307
-32455
-32757
-32206
-30813
-28614
-25665
-22043
-17841
-13169
-8148
-2911
2405
7661
12717
17440
21705
25397
28419
30689
32146
32750
32483
31352
29385
26633
23169
19084
14487
9500
4255
-1105
-6439
-11603
-16457
-20870
-24723
-27911
-30346
-31961
-32712
-32578
-31559
-29684
-27001
-23582
-19519
-14922
-9916
-4636
771
6162
11386
16301
20770
24671
27896
30354
31977
32719
32558
31498
29565
26813
23317
19172
14492
9407
4058
-1405
-6833
-12073
-16978
-21411
-25247
-28377
-30713
-32188
-32760
-32410
-31148
-29007
-26047
-22351
-18021
-13179
-7961
-2516
3003
8440
13640
18454
22745
26389
29282
31340
32503
32737
32033
30409
27913
24613
20604
16000
10932
5547
0
-5550
-10942
-16021
-20637
-24657
-27963
-30458
-32068
-32745
-32468
-31244
-29107
-26118
-22364
-17952
-13013
-7689
-2137
3479
8997
14252
19090
23367
26955
29748
31662
32640
32650
31691
29790
27003
23411
19119
14256
8965
3403
-2262
-7862
-13230
-18204
-22633
-26385
-29345
-31423
-32556
-32707
-31871
-30072
-27362
-23823
-19561
-14703
-9397
-3803
1908
7565
12994
18030
22517
26318
29316
31419
32559
32702
31841
30001
27238
23635
19302
14372
8996
3339
-2422
-8112
-13553
-18577
-23026
-26761
-29667
-31650
-32648
-32629
-31591
-29565
-26615
-22829
-18327
-13249
-7752
-2009
3799
9491
14886
19815
24120
27666
30338
32052
32751
32412
31044
28690
25423
21345
16586
11295
5642
-193
-6025
-11667
-16938
-21669
-25706
-28920
-31206
-32489
-32726
-31909
-30063
-27244
-23544
-19081
-13998
-8460
-2644
3259
9060
14569
19606
24006
27626
30346
32075
32756
32366
30916
28451
25051
20827
15917
10480
4696
-1244
-7147
-12817
-18065
-22719
-26622
-29644
-31684
-32674
-32578
-31398
-29173
-25975
-21909
-17110
-11737
-5969
0
5972
11747
17130
21941
26016
29217
31436
32596
32657
31615
29504
26395
22390
17625
12260
6476
470
-5554
-11392
-16845
-21726
-25867
-29127
-31393
-32585
-32662
-31619
-29491
-26349
-22301
-17483
-12062
-6222
-166
5898
11762
17222
22088
26191
29387
31566
32648
32597
31411
29131
25835
21636
16679
11138
5205
-912
-7001
-12847
-18244
-23003
-26955
-29960
-31912
-32739
-32412
-30940
-28374
-24803
-20353
-15179
-9465
-3413
2763
8843
14612
19863
24407
28083
30758
32334
32755
32003
30103
27124
23169
18381
12929
7010
836
-5370
-11386
-16993
-21989
-26191
-29446
-31636
-32680
-32538
-31214
-28754
-25247
-20819
-15630
-9868
-3744
2518
8692
14551
19879
24480
28184
30855
32393
32739
31880
29845
26709
22585
17625
12011
5950
-333
-6607
-12639
-18204
-23094
-27128
-30152
-32055
-32763
-32248
-30528
-27666
-23767
-18976
-13473
-7461
-1167
5173
11322
17047
22132
26385
29644
31785
32724
32427
30901
28203
24435
19738
14288
8294
1981
-4409
-10635
-16457
-21654
-26025
-29402
-31656
-32697
-32485
-31027
-28377
-24634
-19943
-14481
-8460
-2109
4324
10594
16457
21686
26077
29459
31699
32710
32451
30929
28203
24378
19601
14056
7961
1552
-4919
-11201
-17047
-22227
-26537
-29806
-31906
-32751
-32307
-30590
-27666
-23648
-18696
-13002
-6791
-309
6187
12441
18204
23246
27366
30398
32222
32762
31995
29951
26709
22398
17189
11289
4935
-1619
-8112
-14281
-19879
-24678
-28486
-31147
-32552
-32643
-31416
-28917
-25247
-20553
-15023
-8882
-2378
4225
10659
16662
21989
26421
29777
31918
32756
32254
30432
27362
23169
18024
12137
5748
-879
-7473
-13762
-19485
-24407
-28323
-31070
-32533
-32650
-31414
-28875
-25136
-20353
-14721
-8475
-1874
4807
11292
17307
22602
26955
30182
32146
32765
32010
29911
26556
22083
16679
10571
4016
-2711
-9326
-15551
-21121
-25799
-29387
-31732
-32732
-32344
-30582
-27520
-23286
-18060
-12062
-5547
1206
7911
14280
20041
24947
28786
31393
32653
32513
30975
28105
24024
18906
12972
6476
-301
-7069
-13534
-19415
-24458
-28443
-31196
-32596
-32580
-31148
-28360
-24336
-19250
-13322
-6811
0
6813
13332
19269
24364
28393
31178
32594
32578
31129
28309
24241
19103
13120
6555
-301
-7147
-13680
-19609
-24671
-28641
-31340
-32648
-32505
-30916
-27948
-23735
-18460
-12360
-5706
1206
8067
14569
20421
25359
29162
31656
32728
32328
30473
27244
22786
17298
11027
4255
-2711
-9557
-15974
-21669
-26383
-29901
-32062
-32766
-31979
-29736
-26137
-21345
-15577
-9095
-2195
4807
11593
17850
23291
27666
30771
32464
32665
31362
28614
24546
19345
13249
6538
-477
-7473
-14125
-20126
-25196
-29098
-31650
-32732
-32292
-30349
-26991
-22374
-16712
-10266
-3339
3746
10659
17076
22694
27251
30530
32377
32702
31489
28793
24740
19519
13375
6597
-494
-7565
-14281
-20323
-25404
-29282
-31772
-32753
-32178
-30072
-26533
-21729
-15887
-9285
-2238
4919
11843
18204
23695
28052
31066
32589
32548
30942
27847
23411
17845
11416
4435
-2763
-9830
-16425
-22227
-26955
-30378
-32330
-32713
-31507
-28769
-24631
-19293
-13013
-6096
1120
8285
15047
21076
26077
29802
32068
32763
31850
29372
25451
20276
14101
7230
0
-7232
-14111
-20295
-25478
-29402
-31872
-32764
-32033
-29711
-25913
-20827
-14703
-7845
-595
6688
13640
19914
25196
29220
31785
32759
32093
29819
26047
20967
14832
7950
664
-6656
-13645
-19948
-25247
-29273
-31822
-32763
-32046
-29706
-25861
-20703
-14492
-7543
-209
7138
14125
20396
25629
29557
31977
32766
31880
29363
25342
20022
13674
6622
-771
-8129
-15071
-21240
-26318
-30042
-32219
-32734
-31559
-28754
-24461
-18901
-12360
-5177
2276
9615
16457
22447
27271
30678
32489
32608
31026
27825
23169
17302
10527
3199
-4298
-11573
-18244
-23960
-28419
-31387
-32705
-32302
-30198
-26501
-21406
-15179
-8148
-684
6817
13962
20369
25700
29668
32064
32757
31710
28975
24698
19103
12488
5205
-2358
-9798
-16717
-22745
-27557
-30894
-32577
-32513
-30703
-27244
-22319
-16192
-9191
-1693
5898
13175
19743
25247
29388
31941
32765
31816
29141
24884
19276
12618
5272
-2362
-9871
-16845
-22903
-27714
-31014
-32621
-32445
-30495
-26875
-21781
-15492
-8351
-749
6896
14165
20658
26016
29942
32220
32721
31417
28377
23767
17841
10926
3403
-4310
-11787
-18613
-24407
-28847
-31684
-32759
-32010
-29476
-25298
-19707
-13013
-5590
2148
9769
16845
22980
27828
31116
32659
32366
30254
26438
21133
14635
7310
-430
-8148
-15409
-21801
-26962
-30598
-32502
-32563
-30778
-27244
-22162
-15818
-8572
-836
6950
14343
20920
26305
30190
32350
32661
31103
27762
22829
16586
9388
1649
-6187
-13670
-20369
-25898
-29936
-32249
-32702
-31267
-28024
-23161
-16955
-9766
-2009
5867
13405
20168
25762
29860
32222
32709
31291
28049
23169
16936
9711
1916
-5992
-13553
-20323
-25904
-29968
-32275
-32687
-31179
-27837
-22855
-16527
-9222
-1372
6562
14111
20829
26318
30252
32397
32623
30916
27374
22206
15718
8294
373
-7571
-15067
-21669
-26980
-30683
-32556
-32483
-30469
-26631
-21197
-14492
-6916
1077
9009
16402
22811
27851
31216
32702
32218
29790
25564
19793
12824
5078
-2978
-10856
-18080
-24210
-28873
-31785
-32766
-31757
-28816
-24119
-17952
-10689
-2772
5316
13083
20053
25799
29968
32304
32662
31017
27469
22233
15630
8064
0
-8067
-15639
-22251
-27492
-31038
-32669
-32282
-29899
-25665
-19840
-12785
-4935
3223
11185
18454
24578
29176
31960
32754
31507
28295
23317
16881
9388
1306
-6859
-14599
-21426
-26913
-30713
-32587
-32415
-30206
-26096
-20343
-13307
-5431
2789
10837
18204
24423
29100
31937
32755
31498
28244
23199
16679
9099
938
-7285
-15047
-21854
-27271
-30951
-32659
-32282
-29844
-25497
-19519
-12290
-4271
4023
12062
19330
25359
29762
32252
32670
30984
27303
21861
15008
7184
-1105
-9326
-16947
-23474
-28484
-31650
-32766
-31757
-28687
-23753
-17274
-9670
-1435
6896
14781
21705
27215
30951
32666
32248
29720
25247
19119
11737
3583
-4807
-12886
-20121
-26035
-30239
-32455
-32534
-30469
-26395
-20578
-13400
-5336
3083
11302
18775
25007
29584
32200
32681
30992
27244
21684
14679
6695
-1736
-10055
-17706
-24178
-29038
-31959
-32744
-31340
-27837
-22468
-15592
-7668
771
9163
16942
23583
28641
31772
32764
31548
28203
22955
16155
8261
-193
-8637
-16499
-23246
-28419
-31667
-32766
-31641
-28366
-23161
-16378
-8479
0
8482
16388
23178
28387
31659
32766
31633
28334
23092
16267
8323
-193
-8699
-16610
-23382
-28547
-31748
-32764
-31521
-28105
-22748
-15818
-7793
771
9287
17161
23850
28887
31923
32744
31292
27666
22114
15023
6884
-1736
-10238
-18030
-24565
-29387
-32158
-32681
-30919
-26991
-21173
-13868
-5590
3083
11543
19194
25499
30012
32414
32534
30361
26047
19895
12336
3903
-4807
-13181
-20625
-26610
-30711
-32637
-32248
-29569
-24790
-18247
-10405
-1820
6896
15124
22277
27843
31423
32760
31757
28483
23169
16196
8060
-655
-9326
-17331
-24094
-29127
-32068
-32703
-30984
-27033
-21133
-13707
-5289
3511
12062
19743
25999
30374
32552
32371
29844
25150
18630
10754
2094
-6719
-15047
-22282
-27896
-31478
-32765
-31661
-28244
-22763
-15616
-7324
1506
10228
18204
24847
29668
32313
32585
30461
26096
19809
12062
3423
-5469
-13962
-21426
-27310
-31178
-32740
-31881
-28661
-23317
-16242
-7961
912
9721
17811
24578
29519
32265
32608
30520
26157
19840
12041
3339
-5613
-14150
-21629
-27492
-31296
-32755
-31758
-28377
-22863
-15630
-7219
1736
10564
18599
25234
29968
32443
32468
30041
25342
18725
10689
1842
-7147
-15598
-22868
-28404
-31785
-32751
-31227
-27327
-21345
-13736
-5078
3969
12717
20496
26712
30887
32702
32014
28875
23522
16364
7950
-1077
-10024
-18204
-24986
-29848
-32414
-32483
-30050
-25298
-18593
-10451
-1499
7571
16058
23305
28750
31969
32711
30916
26720
20449
12587
3744
-5391
-14111
-21734
-27666
-31442
-32766
-31533
-27837
-21964
-14372
-5653
3510
12401
20323
26654
30894
32710
31957
28692
23169
15822
7226
-1941
-10958
-19113
-25762
-30378
-32596
-32237
-29328
-24096
-16955
-8469
691
9799
18132
25028
29936
32465
32412
29778
24772
17791
9388
234
-8940
-17404
-24479
-29598
-32350
-32513
-30072
-25219
-18342
-9991
-836
8388
16942
24135
29387
32275
32563
30226
25451
18620
10283
1113
-8148
-16754
-24006
-29316
-32252
-32574
-30254
-25477
-18630
-10266
-1066
8222
16845
24098
29390
32286
32549
30156
25298
18372
9941
695
-8610
-17213
-24407
-29603
-32371
-32482
-29925
-24908
-17841
-9305
0
9307
17850
24924
29942
32491
32356
29546
24293
17028
8351
-1019
-10308
-18745
-25629
-30386
-32621
-32145
-28995
-23432
-15917
-7073
2362
11603
19879
26497
30903
32728
31816
28241
22301
14491
5464
-4023
-13175
-21224
-27492
-31451
-32766
-31324
-27244
-20868
-12732
-3519
5992
15001
22745
28568
31977
32682
30619
25962
19103
10622
1238
-8253
-17047
-24394
-29668
-32420
-32412
-29643
-24347
-16973
-8148
1373
10781
19269
26112
30723
32705
31886
28334
22351
14449
5304
-4298
-13534
-21608
-27826
-31650
-32749
-31026
-26627
-19930
-11510
-2094
7504
16457
23989
29446
32355
32460
29752
24461
17046
8148
-1459
-10942
-19477
-26318
-30870
-32732
-31742
-27983
-21780
-13674
-4371
5316
14541
22496
28484
31977
32669
30495
25645
18541
9807
209
-9410
-18204
-25397
-30356
-32640
-32046
-28625
-22675
-14721
-5464
4278
13645
21806
28038
31787
32719
30748
26047
19032
10324
695
-8997
-17892
-25196
-30256
-32621
-32077
-28669
-22701
-14703
-5389
4409
13816
21989
28193
31872
32694
30582
25725
18555
9715
0
-9718
-18563
-25739
-30598
-32699
-31850
-28126
-21861
-13619
-4144
5708
15047
23026
28920
32194
32549
29951
24631
17073
7961
-1876
-11547
-20168
-26955
-31287
-32766
-31257
-26894
-20073
-11416
-1713
8148
17267
24807
30076
32589
32113
28690
22632
14492
5018
-4919
-14407
-22570
-28657
-32104
-32591
-30072
-24775
-17189
-8012
1907
11653
20323
27113
31393
32763
31094
26539
19519
10683
852
-9060
-18132
-25519
-30530
-32697
-31816
-27965
-21503
-13031
-3339
6667
16052
23938
29584
32459
32292
29097
23169
15065
5543
-4501
-14125
-22423
-28612
-32108
-32578
-29977
-24546
-16798
-7461
2582
12385
21019
27666
31694
32721
30647
25665
18247
9095
-923
-10856
-19760
-26786
-31264
-32766
-31146
-26556
-19431
-10451
-470
9557
18675
26008
30855
32749
31507
27244
20368
11537
1595
-8501
-17784
-25359
-30497
-32702
-31758
-27754
-21074
-12360
-2451
7696
17103
24860
30215
32648
31922
28105
21563
12929
3039
-7147
-16643
-24525
-30025
-32607
-32016
-28309
-21844
-13249
-3359
6859
16412
24364
29939
32588
32050
28377
21924
13322
3413
-6833
-16412
-24382
-29960
-32596
-32028
-28309
-21804
-13150
-3199
7069
16643
24578
30089
32630
31946
28105
21482
12732
2719
-7565
-17103
-24947
-30318
-32680
-31797
-27754
-20951
-12062
-1970
8320
17784
25478
30633
32732
31565
27244
20200
11134
952
-9326
-18675
-26154
-31014
-32765
-31228
-26556
-19215
-9941
333
10578
19760
26955
31436
32749
30759
25665
17979
8475
-1887
-12062
-21019
-27851
-31864
-32650
-30126
-24546
-16475
-6728
3703
13762
22423
28806
32258
32427
29291
23169
14683
4696
-5772
-15653
-23938
-29777
-32571
-32033
-28214
-21503
-12587
-2378
8077
17706
25519
30711
32748
31416
26850
19519
10175
-219
-10594
-19879
-27113
-31549
-32726
-30520
-25157
-17189
-7439
3083
13289
22119
28657
32222
32441
29289
23092
14492
4381
-6187
-16114
-24364
-30076
-32652
-31820
-27666
-20619
-11416
-1017
9491
19008
26537
31287
32757
30792
25595
17709
7961
-2625
-12939
-21894
-28547
-32194
-32451
-29286
-23032
-14346
-4144
6498
16457
24678
30291
32699
31644
27238
19943
10531
0
-10533
-19951
-27251
-31656
-32694
-30254
-24592
-16309
-6286
4409
14637
23305
29487
32519
32077
28203
21312
12137
1660
-8997
-18692
-26385
-31248
-32757
-30748
-25434
-17383
-7461
3266
13645
22556
29038
32390
32248
28625
21909
12824
2351
-8378
-18204
-26061
-31098
-32765
-30880
-25645
-17625
-7689
3083
13524
22496
29023
32393
32235
28565
21780
12618
2077
-8692
-18516
-26318
-31245
-32755
-30681
-25247
-17046
-6975
3863
14280
23132
29446
32527
32033
28015
20915
11510
836
-9932
-19609
-27125
-31650
-32682
-30103
-24198
-15616
-5304
5596
15880
24407
30232
32705
31550
26894
19250
9465
-1373
-12062
-21411
-28379
-32188
-32412
-29022
-22395
-13267
-2656
8253
18244
26197
31222
32754
30619
25054
16679
6433
-4537
-15001
-23783
-29895
-32648
-31731
-27244
-19690
-9916
976
11762
21224
28293
32170
32415
28997
22301
13080
2378
-8595
-18599
-26497
-31393
-32729
-30352
-24528
-15917
-5494
5554
15974
24578
30386
32734
31352
26395
18425
8351
-2679
-13405
-22602
-29217
-32491
-32046
-27932
-20616
-10936
0
10939
20625
27944
32055
32482
29173
22507
13249
2462
-8610
-18692
-26622
-31481
-32707
-30156
-24119
-15293
-4696
6446
16845
25296
30817
32766
30916
25477
17079
6695
-4468
-15115
-24006
-30106
-32702
-31489
-26606
-18620
-8460
2689
13528
22788
29387
32552
31909
27532
19930
9991
-1120
-12103
-21669
-28693
-32350
-32208
-28280
-21025
-11295
-234
10856
20671
28052
32127
32412
28871
21921
12379
1372
-9799
-19815
-27487
-31906
-32545
-29328
-22632
-13249
-2291
8940
19113
27016
31708
32629
29666
23169
13911
2992
-8285
-18577
-26654
-31549
-32677
-29899
-23544
-14372
-3477
7836
18214
26411
31442
32702
30037
23764
14635
3744
-7598
-18030
-26293
-31393
-32711
-30086
-23833
-14703
-3796
7571
18026
26305
31405
32707
30050
23753
14577
3632
-7754
-18204
-26446
-31479
-32688
-29925
-23522
-14256
-3253
8148
18560
26712
31608
32650
29706
23135
13736
2656
-8751
-19090
-27095
-31785
-32581
-29385
-22585
-13013
-1842
9557
19786
27585
31994
32468
28947
21861
12081
809
-10564
-20637
-28166
-32219
-32293
-28377
-20951
-10932
440
11762
21629
28819
32437
32033
27653
19840
9561
-1907
-13142
-22745
-29519
-32621
-31661
-26755
-18514
-7961
3586
14689
23960
30239
32740
31148
25658
16955
6128
-5469
-16384
-25247
-30944
-32759
-30461
-24336
-15151
-4058
7546
18204
26572
31595
32638
29565
22763
13087
1756
-9798
-20118
-27896
-32148
-32332
-28424
-20915
-10754
771
12203
22088
29171
32552
31797
27001
18769
8148
-3511
-14727
-24069
-30346
-32754
-30984
-25260
-16309
-5272
6439
17331
26008
31359
32696
29845
23169
13521
2137
-9523
-19964
-27843
-32146
-32318
-28334
-20703
-10405
1234
12717
22564
29503
32637
31559
26407
17841
6968
-4807
-15965
-25058
-30909
-32757
-30361
-24028
-14577
-3233
8533
19194
27364
31977
32433
28669
21173
10917
-762
-12345
-22321
-29387
-32619
-31592
-26438
-17828
-6884
4961
16161
25247
31028
32744
30168
23635
13998
2522
-9287
-19879
-27860
-32179
-32265
-28105
-20242
-9711
2101
13640
23382
30040
32733
31103
25362
16267
5018
-6896
-17901
-26537
-31659
-32585
-29190
-21921
-11741
0
11743
21929
29201
32589
31641
26480
17791
6728
-5233
-16499
-25566
-31222
-32709
-29826
-22955
-13013
-1327
10537
20994
28641
32450
31909
27088
18630
7668
-4324
-15739
-25041
-30976
-32744
-30105
-23411
-13561
-1880
10055
20637
28436
32397
31982
27244
18822
7852
-4182
-15653
-25007
-30974
-32743
-30072
-23319
-13400
-1660
10308
20879
28612
32455
31881
26966
18377
7282
-4807
-16245
-25468
-31216
-32702
-29720
-22675
-12528
-664
11292
21705
29147
32596
31576
26225
17274
5950
-6193
-17489
-26383
-31650
-32564
-28995
-21433
-10917
1105
12978
23064
29968
32737
30984
24950
15465
3839
-8320
-19330
-27666
-32170
-32217
-27796
-19519
-8531
3643
15314
24860
30951
32739
29972
23032
12884
938
-11141
-21669
-29176
-32613
-31498
-25982
-16835
-5332
6918
18204
26944
31912
32410
28366
20343
9465
-2743
-14569
-24351
-30713
-32759
-30198
-23387
-13283
-1306
10856
21492
29100
32604
31507
25962
16748
5166
-7147
-18454
-27152
-32008
-32332
-28076
-19840
-8789
3510
15314
24947
31038
32720
29752
22551
12140
0
-12143
-22559
-29762
-32723
-31017
-24884
-15198
-3339
8998
20053
28242
32393
31908
26854
17952
6476
-5930
-17489
-26541
-31785
-32465
-28481
-20402
-9388
2978
14918
24714
30951
32730
29790
22554
12062
-172
-12385
-22811
-29942
-32746
-30813
-24421
-14492
-2462
9926
20879
28806
32556
31581
26021
16679
4912
-7571
-18956
-27585
-32200
-32127
-27374
-18630
-7167
5342
17076
26318
31719
32485
28504
20353
9222
-3259
-15267
-25041
-31147
-32687
-29434
-21861
-11077
1334
13553
23783
30517
32764
30189
23169
12736
423
-11953
-22570
-29860
-32743
-30792
-24293
-14202
-2009
10483
21426
29201
32652
31267
25247
15482
3419
-9153
-20369
-28563
-32514
-31633
-26047
-16586
-4654
7973
19415
27967
32350
31910
26709
17520
5712
-6950
-18577
-27428
-32179
-32116
-27244
-18292
-6597
6088
17864
26962
32015
32263
27666
18910
7310
-5391
-17284
-26579
-31872
-32366
-27983
-19380
-7852
4862
16845
26287
31760
32433
28203
19707
8226
-4501
-16550
-26094
-31684
-32472
-28334
-19895
-8434
4310
16402
26003
31651
32486
28377
19946
8475
-4288
-16402
-26016
-31662
-32478
-28334
-19861
-8351
4437
16550
26133
31717
32445
28203
19638
8060
-4756
-16845
-26351
-31812
-32386
-27983
-19276
-7602
5243
17284
26666
31941
32293
27666
18769
6975
-5898
-17864
-27071
-32095
-32157
-27244
-18113
-6176
6719
18577
27557
32265
31968
26709
17302
5205
-7702
-19415
-28111
-32434
-31710
-26047
-16326
-4058
8843
20369
28719
32588
31368
25247
15179
2736
-10137
-21426
-29364
-32705
-30922
-24293
-13853
-1238
11573
22570
30025
32764
30353
23169
12339
-434
-13142
-23783
-30678
-32739
-29638
-21861
-10632
2276
14829
25041
31296
32604
28754
20353
8727
-4282
-16616
-26318
-31849
-32328
-27676
-18630
-6622
6439
18480
27585
32302
31880
26381
16679
4318
-8734
-20396
-28806
-32620
-31227
-24845
-14492
-1820
11144
22329
29942
32763
30335
23047
12062
-859
-13645
-24243
-30951
-32688
-29173
-20967
-9388
3703
16202
26094
31785
32354
27709
18593
6476
-6688
-18775
-27832
-32393
-31718
-25913
-15915
-3339
9779
21317
29402
32723
30737
23764
12933
0
-12935
-23772
-30745
-32720
-29372
-21243
-9654
3510
16105
26077
31798
32332
27590
18342
6096
-7147
-19226
-28162
-32493
-31507
-25362
-15061
-2291
10856
22227
29953
32765
30198
22670
11416
-1716
-14569
-25028
-31370
-32548
-28366
-19509
-7435
5867
18204
27539
32330
31782
25982
15887
3163
-10086
-21669
-29667
-32753
-30413
-23032
-11831
1334
14281
24860
31312
32563
28403
19519
7387
-5976
-18347
-27666
-32377
-31693
-25725
-15465
-2622
10659
22164
29968
32766
30086
22374
10917
-2369
-15261
-25599
-31650
-32396
-27709
-18372
-5950
7473
19643
28516
32596
31195
24546
13765
664
-12550
-23653
-30771
-32702
-29116
-20616
-8634
4807
17440
27128
32230
31881
26137
15968
3092
-10308
-21966
-29901
-32766
-30072
-22272
-10689
2711
15653
25937
31812
32275
27244
17574
4908
-8595
-20637
-29162
-32712
-30681
-23411
-12140
1206
14349
25041
31451
32480
27948
18630
6117
-7445
-19735
-28641
-32634
-31026
-24089
-13013
301
13567
24501
31222
32570
28309
19172
6728
-6876
-19298
-28393
-32589
-31159
-24347
-13326
0
13328
24354
31166
32585
28360
19220
6748
-6896
-19347
-28443
-32604
-31103
-24198
-13087
301
13640
24608
31294
32533
28105
18778
6176
-7504
-19879
-28786
-32669
-30847
-23635
-12290
1206
14493
25247
31583
32389
27520
17828
5008
-8692
-20870
-29387
-32745
-30352
-22624
-10917
2711
15865
26229
31977
32094
26556
16335
3233
-10442
-22277
-30182
-32757
-29546
-21112
-8944
4807
17712
27483
32390
31559
25136
14256
845
-12717
-24026
-31070
-32598
-28334
-19032
-6345
7473
19964
28903
32697
30666
23169
11540
-2148
-15456
-26008
-31918
-32127
-26596
-16309
-3103
10659
22517
30346
32741
29270
20553
8148
-5719
-18563
-28078
-32552
-31179
-24202
-12874
771
14281
25223
31625
32332
27214
17189
4062
-9798
-21894
-30040
-32762
-29565
-21025
-8682
5233
18204
27882
32514
31257
24336
13002
-691
-14262
-25247
-31650
-32307
-27094
-16955
-3732
10171
22227
30239
32747
29289
20494
7961
-6025
-18915
-28356
-32621
-30929
-23586
-11931
1907
15400
26077
31982
32033
26215
15592
2109
-11762
-23479
-30889
-32629
-28377
-18910
-5966
8077
20637
29402
32756
30080
21861
9613
-4409
-17621
-27585
-32459
-31342
-24435
-13013
816
14497
25499
31785
32188
26631
16140
2656
-11322
-23203
-30782
-32650
-28456
-18976
-5969
8148
20755
29503
32763
29925
21514
9095
-5021
-18204
-27995
-32564
-31058
-23753
-12011
1977
15598
26305
32095
31880
25698
14703
952
-12978
-24480
-31393
-32418
-27360
-17165
-3744
10381
22559
30497
32702
28754
19394
6380
-7836
-20580
-29446
-32762
-29899
-21393
-8847
5370
18577
28275
32630
30814
23169
11138
-3003
-16579
-27016
-32334
-31523
-24733
-13249
751
14612
25700
31906
32048
26096
15179
1372
-12698
-24354
-31371
-32412
-27273
-16932
-3359
10856
23003
30758
32638
28280
18514
5205
-9101
-21669
-30089
-32747
-29131
-19930
-6905
7445
20371
29387
32762
29844
21189
8460
-5898
-19125
-28673
-32702
-30433
-22301
-9868
4468
17946
27963
32585
30916
23274
11134
-3159
-16845
-27275
-32428
-31305
-24119
-12260
1977
15833
26622
32247
31615
24845
13249
-923
-14918
-26016
-32055
-31858
-25461
-14105
0
14107
25468
31864
32046
25975
14832
792
-13405
-24986
-31684
-32188
-26395
-15435
-1452
12817
24578
31525
32292
26727
15917
1981
-12345
-24250
-31393
-32366
-26976
-16280
-2378
11993
24006
31293
32415
27148
16527
2644
-11762
-23850
-31230
-32442
-27244
-16660
-2779
11653
23783
31206
32451
27267
16679
2783
-11667
-23806
-31222
-32441
-27217
-16586
-2656
11803
23919
31277
32412
27094
16378
2398
-12062
-24120
-31370
-32361
-26894
-16056
-2009
12441
24407
31496
32285
26615
15616
1488
-12939
-24777
-31650
-32178
-26251
-15055
-836
13553
25223
31826
32033
25797
14372
52
-14280
-25739
-32015
-31841
-25247
-13561
863
15115
26318
32208
31592
24592
12618
-1908
-16052
-26950
-32393
-31276
-23823
-11540
3083
17085
27622
32556
30880
22932
10324
-4384
-18204
-28323
-32682
-30389
-21909
-8965
5807
19399
29038
32755
29790
20744
7461
-7347
-20658
-29748
-32757
-29067
-19428
-5811
8997
21966
30436
32669
28203
17952
4016
-10746
-23305
-31079
-32468
-27184
-16309
-2077
12583
24657
31656
32135
25992
14491
0
-14493
-25999
-32139
-31644
-24613
-12494
2208
16457
27304
32503
30975
23032
10317
-4537
-18454
-28547
-32719
-30103
-21238
-7961
6971
20458
29694
32757
29007
19220
5431
-9491
-22439
-30713
-32587
-27666
-16973
-2736
12073
24364
31568
32177
26060
14492
-108
-14689
-26197
-32222
-31498
-24174
-11781
3083
17304
27896
32634
30520
21996
8847
-6162
-19879
-29416
-32766
-29219
-19519
-5706
9311
22368
30711
32578
27570
16743
2378
-12491
-24723
-31732
-32033
-25558
-13674
1105
15653
26888
32428
31095
23169
10328
-4707
-18745
-28806
-32750
-29736
-20402
-6728
8378
21705
30414
32650
27932
17262
2911
-12062
-24465
-31651
-32083
-25665
-13765
1077
15692
26955
32455
31012
22932
9941
-5180
-19194
-29098
-32765
-29406
-19738
-5832
9326
22486
30817
32526
27244
16102
1495
-13436
-25478
-32035
-31693
-24521
-12062
2999
17416
28078
32680
30226
21243
7668
-7565
-21167
-30192
-32685
-28105
-17438
-2992
12103
24578
31727
31995
25321
13150
-1876
-16499
-27539
-32596
-30567
-21889
-8448
6833
20630
29936
32722
28377
17845
3419
-11753
-24364
-31659
-32040
-25423
-13249
1823
16499
27568
32607
30508
21729
8189
-7147
-20920
-30108
-32693
-28105
-17347
-2779
12401
24860
31856
31850
24838
12360
-2839
-17416
-28160
-32702
-30037
-20749
-6884
8501
22013
30668
32552
27244
15915
1066
-14020
-26008
-32243
-31342
-23500
-10451
4915
19194
29220
32766
29042
18871
4509
-10856
-23813
-31479
-32147
-25665
-13473
1720
16533
27666
32637
30335
21271
7461
-8015
-21705
-30552
-32578
-27327
-15968
-1038
14125
26133
32294
31228
23169
9920
-5554
-19786
-29584
-32748
-28565
-17970
-3339
12043
24723
31849
31816
24627
11897
-3511
-18132
-28673
-32755
-29458
-19519
-5177
10334
23516
31393
32182
25702
13414
-1907
-16800
-27896
-32682
-30072
-20653
-6555
9029
22570
30997
32395
26445
14492
-751
-15827
-27310
-32589
-30461
-21406
-7481
8148
21926
30713
32507
26894
15151
-48
-15238
-26955
-32522
-30664
-21804
-7961
7702
21608
30575
32549
27076
15403
202
-15047
-26852
-32503
-30703
-21861
-8002
7696
21629
30598
32538
27001
15255
0
-15257
-27007
-32541
-30582
-21579
-7602
8129
21989
30779
32468
26664
14703
-655
-15865
-27411
-32621
-30288
-20948
-6758
8997
22672
31098
32318
26047
13736
-1763
-16855
-28038
-32713
-29790
-19946
-5464
10289
23653
31516
32046
25116
12336
-3319
-18204
-28847
-32766
-29042
-18541
-3711
11987
24889
31977
31593
23823
10480
-5316
-19871
-29777
-32711
-27983
-16697
-1495
14059
26318
32404
30885
22114
8148
-7733
-21801
-30745
-32460
-26539
-14372
1180
16457
27860
32699
29832
19930
5325
-10537
-23916
-31650
-31910
-24631
-11530
4298
19113
29409
32747
28334
17210
2009
-13670
-26112
-32365
-30942
-22178
-8148
7817
21929
30833
32412
26285
13907
-1780
-17047
-28259
-32743
-29429
-19103
-4222
11667
24777
31977
31548
23586
9991
-5992
-20546
-30192
-32619
-27244
-15350
219
15739
27492
32660
30001
20149
5464
-10533
-24006
-31719
-31816
-24270
-10892
5106
19879
29873
32681
27625
15917
373
-15261
-27221
-32621
-30156
-20416
-5748
10308
23879
31684
31836
24293
10875
-5173
-19973
-29942
-32665
-27477
-15633
0
15636
27483
32666
29925
19920
5078
-10999
-24407
-31886
-31615
-23656
-9941
6193
20824
30386
32549
26782
14487
-1341
-16845
-28242
-32749
-29262
-18630
-3445
12583
25539
32252
31078
22301
8064
-8148
-22368
-31111
-32231
-25451
-12429
3643
18824
29387
32737
28047
16465
836
-15001
-27152
-32625
-30072
-20115
-5205
10989
24479
31937
31523
23335
9388
-6876
-21447
-30723
-32412
-26092
-13322
2743
18132
29038
32759
28371
16955
1338
-14612
-26944
-32596
-30164
-20247
-5304
10958
24501
31960
31477
23169
9099
-7236
-21774
-30894
-32323
-25702
-12676
3510
18824
29446
32724
27837
16000
166
-15711
-27666
-32707
-29572
-19041
-3744
12491
25602
32304
30916
21780
7184
-9215
-23305
-31551
-31880
-24205
-10451
5930
20824
30486
32483
26311
13518
-2679
-18204
-29147
-32749
-28098
-16364
-502
15488
27574
32702
29574
18976
3583
-12717
-25806
-32371
-30748
-21345
-6538
9926
23879
31785
31636
23467
9346
-7147
-21830
-30974
-32254
-25342
-11991
4409
19692
29968
32623
26976
14462
-1736
-17495
-28798
-32764
-28377
-16752
-852
15267
27492
32699
29554
18857
3339
-13034
-26077
-32450
-30520
-20777
-5712
10817
24578
32042
31291
22515
7961
-8637
-23021
-31496
-31881
-24075
-10079
6509
21426
30833
32307
25463
12062
-4448
-19815
-30076
-32585
-26689
-13907
2465
18204
29244
32732
27762
15616
-569
-16610
-28356
-32765
-28692
-17189
-1231
15047
27428
32699
29490
18630
2932
-13528
-26478
-32552
-30168
-19943
-4530
12062
25519
32337
30737
21133
6022
-10659
-24565
-32068
-31208
-22206
-7407
9326
23628
31760
31593
23169
8686
-8070
-22719
-31423
-31903
-24028
-9858
6896
21846
31070
32147
24790
10926
-5807
-21019
-30711
-32336
-25461
-11891
4807
20244
30356
32478
26047
12755
-3899
-19528
-30012
-32581
-26556
-13521
3083
18877
29687
32654
26991
14192
-2362
-18294
-29387
-32703
-27360
-14769
1736
17784
29119
32734
27666
15255
-1206
-17349
-28887
-32752
-27913
-15652
771
16993
28695
32761
28105
15962
-434
-16717
-28547
-32765
-28244
-16186
193
16523
28443
32766
28334
16326
-48
-16412
-28387
-32766
-28374
-16382
0
0
0
0
0
0
0
0
0
0
0
0
0
0
0
0
0
0
0
0
0
0
0
0
0
0
0
0
0
0
0
0
0
0
0
0
0
0
0
0
0
0
0
0
0
0
0
0
0
0
0
0
0
0
0
0
0
0
0
0
0
0
0
0
0
0
0
0
0
0
0
0
0
0
0
0
0
0
0
0
0
0
0
0
0
0
0
0
0
0
0
0
0
0
0
0
0
0
0
0
0
0
0
0
0
0
0
0
0
0
0
0
0
0
0
0
0
0
0
0
0
0
0
0
0
0
0
0
0
0
0
0
0
0
0
0
0
0
0
0
0
0
0
0
0
0
0
0
0
0
0
0
0
0
0
0
0
0
0
0
0
0
0
0
0
0
0
0
0
0
0
0
0
0
0
0
0
0
0
0
0
0
0
0
0
0
0
0
0
0
0
0
0
0
0
0
0
0
0
0
0
0
0
0
0
0
0
0
0
0
0
0
0
0
0
0
0
0
0
0
0
0
0
0
0
0
0
0
0
0
0
0
0
0
0
0
0
0
0
0
0
0
0
0
0
0
0
0
0
0
0
0
0
0
0
0
0
0
0
0
0
0
0
0
0
0
0
0
0
0
0
0
0
0
0
0
0
0
0
0
0
0
0
0
0
0
0
0
0
0
0
0
0
0
0
0
0
0
0
0
0
0
0
0
0
0
0
0
0
0
0
0
0
0
0
0
0
0
0
0
0
0
0
0
0
0
0
0
0
0
0
0
0
0
0
0
0
0
0
0
0
0
0
0
0
0
0
0
0
0
0
0
0
0
0
0
0
0
0
0
0
0
0
0
0
0
0
0
0
0
0
0
0
0
0
0
0
0
0
0
0
0
0
0
0
0
0
0
0
0
0
0
0
0
0
0
0
0
0
0
0
0
0
0
0
0
0
0
0
0
0
0
0
0
0
0
0
0
0
0
0
0
0
0
0
0
0
0
0
0
0
0
0
0
0
0
0
0
0
0
0
0
0
0
0
0
0
0
0
0
0
0
0
0
0
0
0
0
0
0
0
0
0
0
0
0
0
0
0
0
0
0
0
0
0
0
0
0
0
0
0
0
0
0
0
0
0
0
0
0
0
0
0
0
0
0
0
0
0
0
0
0
0
0
0
0
0
0
0
0
0
0
0
0
0
0
0
0
0
0
0
0
0
0
0
0
0
0
0
0
0
0
0
0
0
0
0
0
0
0
0
0
0
0
0
0
0
0
0
0
0
0
0
0
0
0
0
0
0
0
0
0
0
0
0
0
0
0
0
0
0
0
0
0
0
0
0
0
0
0
0
0
0
0
0
0
0
0
0
0
0
0
0
0
0
0
0
0
0
0
0
0
0
0
0
0
0
0
0
0
0
0
0
0
0
0
0
0
0
0
0
0
0
0
0
0
0
0
0
0
0
0
0
0
0
0
0
0
0
0
0
0
0
0
0
0
0
0
0
0
0
0
0
0
0
0
0
0
0
0
0
0
0
0
0
0
0
0
0
0
0
0
0
0
0
0
0
0
0
0
0
0
0
0
0
0
0
0
0
0
0
0
0
0
0
0
0
0
0
0
0
0
0
0
0
0
0
0
0
0
0
0
0
0
0
0
0
0
0
0
0
0
0
0
0
0
0
0
0
0
0
0
0
0
0
0
0
0
0
0
0
0
0
0
0
0
0
0
0
0
0
0
0
0
0
0
0
0
0
0
0
0
0
0
0
0
0
0
0
0
0
0
0
0
0
0
0
0
0
0
0
0
0
0
0
0
0
0
0
0
0
0
0
0
0
0
0
0
0
0
0
0
0
0
0
0
0
0
0
0
0
0
0
0
0
0
0
0
0
0
0
0
0
0
0
0
0
0
0
0
0
0
0
0
0
0
0
0
0
0
0
0
0
0
0
0
0
0
0
0
0
0
0
0
0
0
0
0
0
0
0
0
0
0
0
0
0
0
0
0
0
0
0
0
0
0
0
0
0
0
0
0
0
0
0
0
0
0
0
0
0
0
0
0
0
0
0
0
0
0
0
0
0
0
0
0
0
0
0
0
0
0
0
0
0
0
0
0
0
0
0
0
0
0
0
0
0
0
0
0
0
0
0
0
0
0
0
0
0
0
0
0
0
0
0
0
0
0
0
0
0
0
0
0
0
0
0
0
0
0
13492
13061
11797
9783
7151
4074
753
-2594
-5754
-8523
-10725
-12225
-12934
-12817
-11891
-10228
-7947
-5204
-2184
914
3893
6564
8765
10367
11285
11479
10959
9779
8035
5855
3392
810
-1725
-4060
-6057
-7609
-8642
-9119
-9037
-8433
-7371
-5942
-4251
-2414
-548
1238
2849
4206
5255
5961
6315
6328
6027
5456
4667
3716
2660
1556
454
-603
-1581
-2449
-3188
-3780
-4215
-4485
-4586
-4514
-4270
-3858
-3285
-2565
-1718
-772
237
1269
2275
3203
3999
4615
5007
5142
5001
4580
3894
2977
1877
660
-602
-1830
-2945
-3875
-4560
-4958
-5045
-4821
-4309
-3552
-2610
-1555
-467
575
1502
2253
2788
3086
3148
2997
2671
2225
1720
1216
770
426
212
135
183
325
513
691
798
778
586
197
-392
-1161
-2059
-3014
-3937
-4726
-5280
-5507
-5335
-4720
-3654
-2168
-338
1727
3884
5970
7812
9242
10116
10319
9787
8507
6527
3953
945
-2294
-5535
-8533
-11053
-12886
-13866
-13889
-12919
-10995
-8230
-4808
-963
3027
6872
10285
13005
14821
15588
15239
13791
11346
8082
4241
111
-4000
-7785
-10960
-13293
-14616
-14840
-13963
-12069
-9320
-5942
-2209
1584
5143
8194
10513
11938
12381
11838
10383
8164
5387
2297
-839
-3762
-6234
-8065
-9123
-9347
-8748
-7409
-5474
-3134
-610
1864
4070
5817
6958
7406
7138
6196
4680
2743
569
-1635
-3669
-5347
-6520
-7084
-6995
-6266
-4967
-3217
-1175
976
3049
4862
6262
7132
7403
7061
6142
4733
2960
977
-1047
-2945
-4565
-5782
-6511
-6710
-6383
-5580
-4388
-2922
-1318
284
1755
2981
3875
4389
4508
4255
3687
2883
1942
966
54
-707
-1258
-1560
-1608
-1423
-1055
-569
-44
438
805
995
972
721
258
-377
-1121
-1897
-2616
-3193
-3550
-3628
-3391
-2832
-1972
-863
418
1779
3112
4309
5270
5907
6160
5994
5406
4427
3116
1559
-140
-1868
-3507
-4946
-6089
-6861
-7213
-7125
-6606
-5692
-4445
-2947
-1290
424
2097
3633
4950
5980
6676
7008
6969
6570
5838
4818
3564
2141
617
-933
-2438
-3827
-5036
-6004
-6685
-7039
-7043
-6687
-5979
-4943
-3623
-2077
-380
1379
3106
4701
6066
7112
7765
7971
7702
6960
5778
4217
2370
349
-1715
-3688
-5434
-6832
-7782
-8213
-8090
-7420
-6246
-4653
-2754
-687
1394
3339
5004
6267
7038
7266
6943
6103
4822
3211
1405
-445
-2189
-3686
-4817
-5499
-5683
-5369
-4595
-3440
-2016
-455
1100
2510
3648
4416
4747
4616
4040
3075
1813
371
-1117
-2517
-3698
-4553
-5004
-5007
-4561
-3704
-2507
-1076
467
1992
3367
4478
5233
5572
5470
4942
4037
2834
1435
-42
-1480
-2766
-3807
-4531
-4899
-4900
-4557
-3920
-3059
-2059
-1010
0
898
1626
2149
2454
2553
2477
2271
1989
1685
1410
1199
1073
1034
1066
1135
1199
1206
1108
865
450
-140
-891
-1760
-2685
-3588
-4381
-4972
-5281
-5241
-4811
-3982
-2778
-1258
484
2333
4153
5801
7142
8055
8447
8265
7495
6172
4372
2215
-152
-2562
-4838
-6814
-8342
-9307
-9637
-9307
-8342
-6814
-4838
-2562
-152
2215
4372
6172
7495
8265
8447
8055
7142
5801
4153
2333
484
-1258
-2778
-3982
-4811
-5241
-5281
-4972
-4381
-3588
-2685
-1760
-891
-140
450
865
1108
1206
1199
1135
1066
1034
1073
1199
1410
1685
1989
2271
2477
2553
2454
2149
1626
898
0
-1010
-2059
-3059
-3920
-4557
-4900
-4899
-4531
-3807
-2766
-1480
-42
1435
2834
4037
4942
5470
5572
5233
4478
3367
1992
467
-1076
-2507
-3704
-4561
-5007
-5004
-4553
-3698
-2517
-1117
371
1813
3075
4040
4616
4747
4416
3648
2510
1100
-455
-2016
-3440
-4595
-5369
-5683
-5499
-4817
-3686
-2189
-445
1405
3211
4822
6103
6943
7266
7038
6267
5004
3339
1394
-687
-2754
-4653
-6246
-7420
-8090
-8213
-7782
-6832
-5434
-3688
-1715
349
2370
4217
5778
6960
7702
7971
7765
7112
6066
4701
3106
1379
-380
-2077
-3623
-4943
-5979
-6687
-7043
-7039
-6685
-6004
-5036
-3827
-2438
-933
617
2141
3564
4818
5838
6570
6969
7008
6676
5980
4950
3633
2097
424
-1290
-2947
-4445
-5692
-6606
-7125
-7213
-6861
-6089
-4946
-3507
-1868
-140
1559
3116
4427
5406
5994
6160
5907
5270
4309
3112
1779
418
-863
-1972
-2832
-3391
-3628
-3550
-3193
-2616
-1897
-1121
-377
258
721
972
995
805
438
-44
-569
-1055
-1423
-1608
-1560
-1258
-707
54
966
1942
2883
3687
4255
4508
4389
3875
2981
1755
284
-1318
-2922
-4388
-5580
-6383
-6710
-6511
-5782
-4565
-2945
-1047
977
2960
4733
6142
7061
7403
7132
6262
4862
3049
976
-1175
-3217
-4967
-6266
-6995
-7084
-6520
-5347
-3669
-1635
569
2743
4680
6196
7138
7406
6958
5817
4070
1864
-610
-3134
-5474
-7409
-8748
-9347
-9123
-8065
-6234
-3762
-839
2297
5387
8164
10383
11838
12381
11938
10513
8194
5143
1584
-2209
-5942
-9320
-12069
-13963
-14840
-14616
-13293
-10960
-7785
-4000
111
4241
8082
11346
13791
15239
15588
14821
13005
10285
6872
3027
-963
-4808
-8230
-10995
-12919
-13889
-13866
-12886
-11053
-8533
-5535
-2294
945
3953
6527
8507
9787
10319
10116
9242
7812
5970
3884
1727
-338
-2168
-3654
-4720
-5335
-5507
-5280
-4726
-3937
-3014
-2059
-1161
-392
197
586
778
798
691
513
325
183
135
212
426
770
1216
1720
2225
2671
2997
3148
3086
2788
2253
1502
575
-467
-1555
-2610
-3552
-4309
-4821
-5045
-4958
-4560
-3875
-2945
-1830
-602
660
1877
2977
3894
4580
5001
5142
5007
4615
3999
3203
2275
1269
237
-772
-1718
-2565
-3285
-3858
-4270
-4514
-4586
-4485
-4215
-3780
-3188
-2449
-1581
-603
454
1556
2660
3716
4667
5456
6027
6328
6315
5961
5255
4206
2849
1238
-548
-2414
-4251
-5942
-7371
-8433
-9037
-9119
-8642
-7609
-6057
-4060
-1725
810
3392
5855
8035
9779
10959
11479
11285
10367
8765
6564
3893
914
-2184
-5204
-7947
-10228
-11891
-12817
-12934
-12225
-10725
-8523
-5754
-2594
753
4074
7151
9783
11797
13061
0
0
0
0
0
0
0
0
0
0
0
0
0
0
0
0
0
0
0
0
0
0
0
0
0
0
0
0
0
0
0
0
0
0
0
0
0
0
0
0
0
0
0
0
0
0
0
0
0
0
0
0
0
0
0
0
0
0
0
0
0
0
0
0
0
0
0
-5782
-5667
-5323
-4753
-3964
-2970
-1794
-468
958
2428
3866
5190
6311
7142
7604
7632
7188
6258
4868
3076
977
-1303
-3617
-5801
-7690
-9133
-9998
-10196
-9679
-8453
-6580
-4173
-1392
1567
4492
7159
9361
10921
11705
11639
10710
8975
6553
3620
395
-2879
-5952
-8587
-10580
-11775
-12081
-11474
-10003
-7786
-4998
-1861
1379
4470
7174
9284
10647
11168
10825
9662
7789
5372
2616
-252
-3002
-5419
-7325
-8584
-9124
-8929
-8050
-6588
-4691
-2537
-316
1784
3596
4987
5866
6194
5984
5294
4226
2906
1480
91
-1129
-2075
-2677
-2905
-2770
-2323
-1646
-844
-31
679
1191
1434
1368
995
353
-485
-1422
-2340
-3118
-3646
-3832
-3618
-2984
-1952
-588
1003
2690
4321
5738
6798
7379
7395
6807
5628
3921
1798
-588
-3058
-5418
-7476
-9059
-10028
-10287
-9798
-8578
-6703
-4302
-1545
1368
4226
6817
8952
10476
11278
11304
10555
9093
7027
4510
1725
-1129
-3856
-6273
-8224
-9592
-10306
-10342
-9725
-8525
-6845
-4818
-2591
-316
1863
3820
5449
6678
7463
7794
7688
7190
6358
5266
3993
2616
1208
-165
-1453
-2612
-3611
-4428
-5049
-5464
-5668
-5658
-5434
-4998
-4357
-3524
-2518
-1368
-115
1191
2492
3720
4806
5680
6279
6553
6467
6008
5188
4043
2633
1041
-633
-2284
-3799
-5076
-6025
-6580
-6703
-6387
-5657
-4571
-3212
-1685
-106
1406
2742
3806
4528
4868
4819
4408
3690
2748
1680
591
-412
-1240
-1821
-2110
-2095
-1794
-1257
-560
205
939
1542
1927
2029
1812
1273
443
-609
-1794
-2995
-4088
-4951
-5474
-5571
-5192
-4323
-2998
-1289
689
2796
4868
6737
8239
9235
9618
9324
8341
6708
4518
1909
-944
-3843
-6580
-8954
-10784
-11927
-12288
-11826
-10560
-8565
-5971
-2951
289
3531
6553
9149
11145
12407
12857
12471
11283
9383
6908
4031
951
-2126
-4998
-7483
-9428
-10723
-11306
-11163
-10329
-8886
-6952
-4672
-2207
274
2616
4675
6336
7519
8177
8303
7925
7100
5915
4470
2876
1246
-316
-1719
-2891
-3782
-4366
-4642
-4627
-4359
-3888
-3270
-2567
-1836
-1129
-487
60
498
822
1040
1170
1234
1257
1265
1277
1309
1368
1453
1553
1653
1732
1764
1726
1598
1365
1020
569
25
-588
-1236
-1879
-2473
-2971
-3334
-3524
-3517
-3300
-2875
-2258
-1481
-588
366
1323
2218
2991
3589
3969
4106
3987
3621
3032
2263
1368
410
-543
-1427
-2181
-2756
-3118
-3251
-3157
-2855
-2383
-1788
-1129
-464
147
657
1027
1235
1275
1163
926
607
258
-66
-316
-445
-425
-243
95
562
1114
1692
2226
2645
2884
2886
2616
2060
1233
176
-1043
-2336
-3598
-4717
-5585
-6105
-6204
-5838
-4998
-3716
-2062
-139
1916
3954
5815
7345
8408
8900
8757
7964
6553
4610
2265
-316
-2945
-5422
-7553
-9167
-10129
-10352
-9806
-8520
-6580
-4129
-1350
1546
4335
6799
8745
10016
10511
10188
9072
7251
4868
2116
-785
-3603
-6109
-8102
-9420
-9960
-9679
-8602
-6822
-4488
-1794
1034
3763
6164
8038
9229
9637
9229
8038
6164
3763
1034
-1794
-4488
-6822
-8602
-9679
-9960
-9420
-8102
-6109
-3603
-785
2116
4868
7251
9072
10188
10511
10016
8745
6799
4335
1546
-1350
-4129
-6580
-8520
-9806
-10352
-10129
-9167
-7553
-5422
-2945
-316
2265
4610
6553
7964
8757
8900
8408
7345
5815
3954
1916
-139
-2062
-3716
-4998
-5838
-6204
-6105
-5585
-4717
-3598
-2336
-1043
176
1233
2060
2616
2886
2884
2645
2226
1692
1114
562
95
-243
-425
-445
-316
-66
258
607
926
1163
1275
1235
1027
657
147
-464
-1129
-1788
-2383
-2855
-3157
-3251
-3118
-2756
-2181
-1427
-543
410
1368
2263
3032
3621
3987
4106
3969
3589
2991
2218
1323
366
-588
-1481
-2258
-2875
-3300
-3517
-3524
-3334
-2971
-2473
-1879
-1236
-588
25
569
1020
1365
1598
1726
1764
1732
1653
1553
1453
1368
1309
1277
1265
1257
1234
1170
1040
822
498
60
-487
-1129
-1836
-2567
-3270
-3888
-4359
-4627
-4642
-4366
-3782
-2891
-1719
-316
1246
2876
4470
5915
7100
7925
8303
8177
7519
6336
4675
2616
274
-2207
-4672
-6952
-8886
-10329
-11163
-11306
-10723
-9428
-7483
-4998
-2126
951
4031
6908
9383
11283
12471
12857
12407
11145
9149
6553
3531
289
-2951
-5971
-8565
-10560
-11826
-12288
-11927
-10784
-8954
-6580
-3843
-944
1909
4518
6708
8341
9324
9618
9235
8239
6737
4868
2796
689
-1289
-2998
-4323
-5192
-5571
-5474
-4951
-4088
-2995
-1794
-609
443
1273
1812
2029
1927
1542
939
205
-560
-1257
-1794
-2095
-2110
-1821
-1240
-412
591
1680
2748
3690
4408
4819
4868
4528
3806
2742
1406
-106
-1685
-3212
-4571
-5657
-6387
-6703
-6580
-6025
-5076
-3799
-2284
-633
1041
2633
4043
5188
6008
6467
6553
6279
5680
4806
3720
2492
1191
-115
-1368
-2518
-3524
-4357
-4998
-5434
-5658
-5668
-5464
-5049
-4428
-3611
-2612
-1453
-165
1208
2616
3993
5266
6358
7190
7688
7794
7463
6678
5449
3820
1863
-316
-2591
-4818
-6845
-8525
-9725
-10342
-10306
-9592
-8224
-6273
-3856
-1129
1725
4510
7027
9093
10555
11304
11278
10476
8952
6817
4226
1368
-1545
-4302
-6703
-8578
-9798
-10287
-10028
-9059
-7476
-5418
-3058
-588
1798
3921
5628
6807
7395
7379
6798
5738
4321
2690
1003
-588
-1952
-2984
-3618
-3832
-3646
-3118
-2340
-1422
-485
353
995
1368
1434
1191
679
-31
-844
-1646
-2323
-2770
-2905
-2677
-2075
-1129
91
1480
2906
4226
5294
5984
6194
5866
4987
3596
1784
-316
-2537
-4691
-6588
-8050
-8929
-9124
-8584
-7325
-5419
-3002
-252
2616
5372
7789
9662
10825
11168
10647
9284
7174
4470
1379
-1861
-4998
-7786
-10003
-11474
-12081
-11775
-10580
-8587
-5952
-2879
395
3620
6553
8975
10710
11639
11705
10921
9361
7159
4492
1567
-1392
-4173
-6580
-8453
-9679
-10196
-9998
-9133
-7690
-5801
-3617
-1303
977
3076
4868
6258
7188
7632
7604
7142
6311
5190
3866
2428
958
-468
-1794
-2970
-3964
-4753
-5323
-5667
0
0
0
0
0
0
0
0
0
0
0
0
0
0
0
0
0
0
0
0
0
0
0
0
0
0
0
0
0
0
0
0
0
0
0
0
0
0
0
0
0
0
0
0
0
0
0
0
0
0
0
0
0
0
0
0
0
0
0
0
0
0
0
0
0
0
0
5782
5597
5055
4190
3058
1732
298
-1150
-2522
-3727
-4689
-5345
-5655
-5599
-5184
-4437
-3411
-2173
-808
593
1939
3140
4120
4815
5184
5208
4892
4263
3372
2284
1079
-157
-1340
-2391
-3241
-3840
-4158
-4185
-3934
-3438
-2746
-1921
-1030
-143
674
1368
1897
2237
2382
2344
2150
1839
1458
1054
675
358
132
7
-15
44
158
290
396
436
375
190
-126
-567
-1104
-1696
-2287
-2811
-3204
-3403
-3357
-3035
-2426
-1546
-435
837
2185
3506
4691
5633
6235
6425
6156
5416
4230
2662
807
-1208
-3241
-5139
-6753
-7948
-8619
-8696
-8150
-7002
-5318
-3208
-817
1684
4116
6295
8057
9267
9826
9688
8854
7383
5378
2985
380
-2244
-4696
-6794
-8385
-9355
-9637
-9217
-8134
-6477
-4379
-2003
469
2850
4963
6656
7809
8349
8250
7537
6280
4591
2611
502
-1570
-3448
-4991
-6092
-6678
-6721
-6237
-5281
-3944
-2345
-618
1095
2661
3961
4900
5417
5484
5111
4341
3247
1923
481
-963
-2301
-3431
-4273
-4772
-4901
-4660
-4076
-3204
-2113
-889
379
1600
2693
3586
4225
4576
4624
4377
3858
3109
2182
1138
43
-1038
-2045
-2925
-3633
-4136
-4413
-4454
-4264
-3854
-3250
-2483
-1591
-616
394
1394
2338
3179
3879
4403
4721
4816
4678
4307
3715
2924
1967
885
-269
-1444
-2579
-3617
-4502
-5184
-5624
-5791
-5670
-5258
-4569
-3629
-2481
-1176
222
1647
3028
4294
5378
6222
6778
7009
6895
6430
5627
4515
3138
1556
-158
-1927
-3661
-5271
-6669
-7773
-8514
-8835
-8699
-8092
-7023
-5529
-3671
-1534
775
3136
5414
7475
9188
10436
11126
11191
10601
9363
7528
5184
2458
-494
-3497
-6363
-8907
-10959
-12373
-13045
-12912
-11967
-10255
-7876
-4974
-1734
1633
4908
7869
10319
12092
13067
13182
12431
10873
8619
5835
2718
-508
-3618
-6396
-8655
-10246
-11077
-11112
-10375
-8948
-6964
-4593
-2029
522
2869
4841
6304
7172
7412
7043
6138
4810
3204
1483
-186
-1652
-2787
-3501
-3747
-3528
-2891
-1925
-749
494
1662
2618
3246
3467
3239
2570
1510
153
-1374
-2928
-4351
-5497
-6237
-6478
-6168
-5303
-3929
-2139
-63
2136
4287
6211
7749
8767
9174
8922
8021
6527
4546
2220
-279
-2773
-5079
-7033
-8501
-9386
-9637
-9250
-8271
-6784
-4908
-2785
-569
1588
3551
5201
6454
7259
7598
7489
6979
6135
5041
3784
2451
1119
-146
-1300
-2311
-3163
-3854
-4391
-4782
-5035
-5155
-5140
-4980
-4660
-4163
-3473
-2583
-1496
-231
1171
2652
4134
5524
6718
7614
8118
8155
7675
6665
5152
3204
929
-1530
-4007
-6322
-8295
-9764
-10596
-10702
-10045
-8648
-6592
-4013
-1094
1949
4887
7491
9553
10905
11433
11088
9890
7929
5358
2382
-759
-3812
-6528
-8685
-10109
-10684
-10369
-9196
-7270
-4761
-1888
1099
3943
6397
8252
9351
9603
8994
7583
5504
2946
143
-2651
-5184
-7229
-8601
-9176
-8905
-7812
-5998
-3627
-916
1889
4534
6777
8415
9296
9339
8537
6961
4752
2105
-739
-3528
-6010
-7962
-9209
-9637
-9209
-7962
-6010
-3528
-739
2105
4752
6961
8537
9339
9296
8415
6777
4534
1889
-916
-3627
-5998
-7812
-8905
-9176
-8601
-7229
-5184
-2651
143
2946
5504
7583
8994
9603
9351
8252
6397
3943
1099
-1888
-4761
-7270
-9196
-10369
-10684
-10109
-8685
-6528
-3812
-759
2382
5358
7929
9890
11088
11433
10905
9553
7491
4887
1949
-1094
-4013
-6592
-8648
-10045
-10702
-10596
-9764
-8295
-6322
-4007
-1530
929
3204
5152
6665
7675
8155
8118
7614
6718
5524
4134
2652
1171
-231
-1496
-2583
-3473
-4163
-4660
-4980
-5140
-5155
-5035
-4782
-4391
-3854
-3163
-2311
-1300
-146
1119
2451
3784
5041
6135
6979
7489
7598
7259
6454
5201
3551
1588
-569
-2785
-4908
-6784
-8271
-9250
-9637
-9386
-8501
-7033
-5079
-2773
-279
2220
4546
6527
8021
8922
9174
8767
7749
6211
4287
2136
-63
-2139
-3929
-5303
-6168
-6478
-6237
-5497
-4351
-2928
-1374
153
1510
2570
3239
3467
3246
2618
1662
494
-749
-1925
-2891
-3528
-3747
-3501
-2787
-1652
-186
1483
3204
4810
6138
7043
7412
7172
6304
4841
2869
522
-2029
-4593
-6964
-8948
-10375
-11112
-11077
-10246
-8655
-6396
-3618
-508
2718
5835
8619
10873
12431
13182
13067
12092
10319
7869
4908
1633
-1734
-4974
-7876
-10255
-11967
-12912
-13045
-12373
-10959
-8907
-6363
-3497
-494
2458
5184
7528
9363
10601
11191
11126
10436
9188
7475
5414
3136
775
-1534
-3671
-5529
-7023
-8092
-8699
-8835
-8514
-7773
-6669
-5271
-3661
-1927
-158
1556
3138
4515
5627
6430
6895
7009
6778
6222
5378
4294
3028
1647
222
-1176
-2481
-3629
-4569
-5258
-5670
-5791
-5624
-5184
-4502
-3617
-2579
-1444
-269
885
1967
2924
3715
4307
4678
4816
4721
4403
3879
3179
2338
1394
394
-616
-1591
-2483
-3250
-3854
-4264
-4454
-4413
-4136
-3633
-2925
-2045
-1038
43
1138
2182
3109
3858
4377
4624
4576
4225
3586
2693
1600
379
-889
-2113
-3204
-4076
-4660
-4901
-4772
-4273
-3431
-2301
-963
481
1923
3247
4341
5111
5484
5417
4900
3961
2661
1095
-618
-2345
-3944
-5281
-6237
-6721
-6678
-6092
-4991
-3448
-1570
502
2611
4591
6280
7537
8250
8349
7809
6656
4963
2850
469
-2003
-4379
-6477
-8134
-9217
-9637
-9355
-8385
-6794
-4696
-2244
380
2985
5378
7383
8854
9688
9826
9267
8057
6295
4116
1684
-817
-3208
-5318
-7002
-8150
-8696
-8619
-7948
-6753
-5139
-3241
-1208
807
2662
4230
5416
6156
6425
6235
5633
4691
3506
2185
837
-435
-1546
-2426
-3035
-3357
-3403
-3204
-2811
-2287
-1696
-1104
-567
-126
190
375
436
396
290
158
44
-15
7
132
358
675
1054
1458
1839
2150
2344
2382
2237
1897
1368
674
-143
-1030
-1921
-2746
-3438
-3934
-4185
-4158
-3840
-3241
-2391
-1340
-157
1079
2284
3372
4263
4892
5208
5184
4815
4120
3140
1939
593
-808
-2173
-3411
-4437
-5184
-5599
-5655
-5345
-4689
-3727
-2522
-1150
298
1732
3058
4190
5055
5597
0
0
0
0
0
0
0
0
0
0
0
0
0
0
0
0
0
0
0
0
0
0
0
0
0
0
0
0
0
0
0
0
0
0
0
0
0
0
0
0
0
0
0
0
0
0
0
0
0
0
0
0
0
0
0
0
0
0
0
0
0
0
0
0
0
0
0
9637
9338
8462
7064
5232
3083
752
-1614
-3867
-5867
-7490
-8638
-9243
-9274
-8734
-7664
-6137
-4255
-2141
69
2237
4229
5924
7223
8054
8378
8186
7504
6389
4922
3205
1351
-520
-2294
-3867
-5152
-6082
-6618
-6746
-6481
-5857
-4933
-3780
-2480
-1118
223
1471
2560
3444
4090
4485
4630
4542
4247
3780
3182
2494
1754
997
254
-452
-1103
-1687
-2195
-2621
-2959
-3205
-3352
-3393
-3322
-3131
-2816
-2376
-1814
-1142
-380
446
1300
2141
2922
3596
4117
4443
4544
4401
4009
3379
2539
1532
413
-752
-1893
-2941
-3829
-4501
-4915
-5046
-4886
-4449
-3765
-2881
-1854
-752
357
1408
2340
3106
3670
4014
4134
4041
3760
3324
2770
2141
1475
807
164
-434
-977
-1459
-1882
-2250
-2566
-2833
-3048
-3205
-3290
-3285
-3170
-2923
-2528
-1973
-1258
-395
588
1651
2737
3780
4707
5442
5916
6072
5869
5288
4339
3058
1508
-221
-2023
-3780
-5369
-6673
-7591
-8046
-7991
-7416
-6346
-4846
-3011
-963
1157
3205
5038
6529
7576
8111
8102
7561
6534
5108
3393
1521
-368
-2141
-3676
-4875
-5670
-6029
-5956
-5488
-4695
-3667
-2505
-1317
-203
752
1488
1970
2193
2180
1976
1646
1264
904
634
504
542
752
1110
1569
2062
2510
2831
2947
2799
2348
1588
542
-729
-2141
-3583
-4929
-6052
-6835
-7177
-7013
-6314
-5093
-3413
-1374
886
3205
5408
7321
8786
9677
9905
9434
8279
6511
4249
1652
-1091
-3780
-6217
-8220
-9640
-10375
-10372
-9637
-8231
-6266
-3896
-1301
1322
3780
5897
7525
8561
8948
8682
7810
6423
4648
2637
553
-1442
-3205
-4616
-5591
-6086
-6098
-5663
-4850
-3754
-2485
-1158
114
1239
2141
2773
3114
3174
2984
2595
2068
1471
867
310
-158
-515
-752
-878
-914
-888
-832
-774
-736
-728
-750
-788
-820
-818
-752
-594
-329
47
522
1066
1634
2165
2595
2858
2895
2663
2141
1334
279
-958
-2288
-3596
-4760
-5655
-6170
-6215
-5737
-4722
-3205
-1267
963
3327
5635
7691
9305
10310
10580
10040
8678
6551
3780
547
-2920
-6363
-9509
-12100
-13908
-14758
-14545
-13242
-10907
-7682
-3780
521
4912
9063
12657
15411
17104
17589
16810
14808
11716
7753
3205
-1596
-6297
-10552
-14047
-16527
-17814
-17822
-16561
-14136
-10740
-6638
-2141
2410
6684
10370
13212
15024
15704
15238
13699
11241
8084
4491
752
-2846
-6040
-8606
-10385
-11283
-11283
-10442
-8878
-6764
-4307
-1728
752
2938
4670
5838
6390
6330
5717
4656
3286
1765
258
-1086
-2141
-2818
-3070
-2895
-2337
-1476
-424
692
1743
2605
3177
3388
3205
2633
1720
545
-783
-2142
-3402
-4441
-5155
-5468
-5339
-4764
-3780
-2459
-900
772
2428
3935
5175
6049
6488
6460
5968
5051
3780
2255
591
-1087
-2658
-4011
-5052
-5717
-5969
-5803
-5247
-4355
-3205
-1888
-506
840
2058
3068
3809
4244
4359
4165
3695
2999
2141
1194
233
-671
-1456
-2071
-2480
-2666
-2626
-2379
-1954
-1394
-752
-81
560
1121
1557
1833
1927
1833
1557
1121
560
-81
-752
-1394
-1954
-2379
-2626
-2666
-2480
-2071
-1456
-671
233
1194
2141
2999
3695
4165
4359
4244
3809
3068
2058
840
-506
-1888
-3205
-4355
-5247
-5803
-5969
-5717
-5052
-4011
-2658
-1087
591
2255
3780
5051
5968
6460
6488
6049
5175
3935
2428
772
-900
-2459
-3780
-4764
-5339
-5468
-5155
-4441
-3402
-2142
-783
545
1720
2633
3205
3388
3177
2605
1743
692
-424
-1476
-2337
-2895
-3070
-2818
-2141
-1086
258
1765
3286
4656
5717
6330
6390
5838
4670
2938
752
-1728
-4307
-6764
-8878
-10442
-11283
-11283
-10385
-8606
-6040
-2846
752
4491
8084
11241
13699
15238
15704
15024
13212
10370
6684
2410
-2141
-6638
-10740
-14136
-16561
-17822
-17814
-16527
-14047
-10552
-6297
-1596
3205
7753
11716
14808
16810
17589
17104
15411
12657
9063
4912
521
-3780
-7682
-10907
-13242
-14545
-14758
-13908
-12100
-9509
-6363
-2920
547
3780
6551
8678
10040
10580
10310
9305
7691
5635
3327
963
-1267
-3205
-4722
-5737
-6215
-6170
-5655
-4760
-3596
-2288
-958
279
1334
2141
2663
2895
2858
2595
2165
1634
1066
522
47
-329
-594
-752
-818
-820
-788
-750
-728
-736
-774
-832
-888
-914
-878
-752
-515
-158
310
867
1471
2068
2595
2984
3174
3114
2773
2141
1239
114
-1158
-2485
-3754
-4850
-5663
-6098
-6086
-5591
-4616
-3205
-1442
553
2637
4648
6423
7810
8682
8948
8561
7525
5897
3780
1322
-1301
-3896
-6266
-8231
-9637
-10372
-10375
-9640
-8220
-6217
-3780
-1091
1652
4249
6511
8279
9434
9905
9677
8786
7321
5408
3205
886
-1374
-3413
-5093
-6314
-7013
-7177
-6835
-6052
-4929
-3583
-2141
-729
542
1588
2348
2799
2947
2831
2510
2062
1569
1110
752
542
504
634
904
1264
1646
1976
2180
2193
1970
1488
752
-203
-1317
-2505
-3667
-4695
-5488
-5956
-6029
-5670
-4875
-3676
-2141
-368
1521
3393
5108
6534
7561
8102
8111
7576
6529
5038
3205
1157
-963
-3011
-4846
-6346
-7416
-7991
-8046
-7591
-6673
-5369
-3780
-2023
-221
1508
3058
4339
5288
5869
6072
5916
5442
4707
3780
2737
1651
588
-395
-1258
-1973
-2528
-2923
-3170
-3285
-3290
-3205
-3048
-2833
-2566
-2250
-1882
-1459
-977
-434
164
807
1475
2141
2770
3324
3760
4041
4134
4014
3670
3106
2340
1408
357
-752
-1854
-2881
-3765
-4449
-4886
-5046
-4915
-4501
-3829
-2941
-1893
-752
413
1532
2539
3379
4009
4401
4544
4443
4117
3596
2922
2141
1300
446
-380
-1142
-1814
-2376
-2816
-3131
-3322
-3393
-3352
-3205
-2959
-2621
-2195
-1687
-1103
-452
254
997
1754
2494
3182
3780
4247
4542
4630
4485
4090
3444
2560
1471
223
-1118
-2480
-3780
-4933
-5857
-6481
-6746
-6618
-6082
-5152
-3867
-2294
-520
1351
3205
4922
6389
7504
8186
8378
8054
7223
5924
4229
2237
69
-2141
-4255
-6137
-7664
-8734
-9274
-9243
-8638
-7490
-5867
-3867
-1614
752
3083
5232
7064
8462
9338
0
0
0
0
0
0
0
0
0
0
0
0
0
0
0
0
0
0
0
0
0
0
0
0
0
0
0
0
0
0
0
0
0
0
0
0
0
0
0
0
0
0
0
0
0
0
0
0
0
0
0
0
0
0
0
0
0
0
0
0
0
0
0
0
0
0
0
