0
4278
8485
12550
16402
19973
23203
26035
28419
30314
31684
32507
32766
32456
31581
30156
28203
25758
22860
19561
15917
11991
7852
3573
-771
-5106
-9352
-13436
-17284
-20829
-24006
-26759
-29038
-30801
-32015
-32660
-32720
-32196
-31094
-29434
-27244
-24563
-21439
-17925
-14087
-9991
-5712
-1327
3083
7441
11667
15683
19415
22796
25762
28259
30239
31667
32514
32764
32412
31462
29931
27847
25247
22178
18696
14865
10755
6443
2009
-2465
-6896
-11201
-15299
-19113
-22570
-25606
-28162
-30190
-31650
-32514
-32764
-32394
-31411
-29832
-27686
-25012
-21861
-18292
-14372
-10175
-5781
-1274
3259
7733
12062
16161
19951
23359
26318
28771
30668
31973
32659
32711
32127
30919
29107
26727
23823
20452
16679
12577
8226
3711
-879
-5455
-9926
-14204
-18204
-21846
-25058
-27775
-29942
-31516
-32464
-32766
-32415
-31417
-29790
-27567
-24790
-21514
-17805
-13736
-9388
-4849
-209
4437
8997
13377
17489
21248
24578
27411
29687
31359
32393
32765
32468
31507
29899
27676
24884
21579
17828
13707
9301
4700
0
-4703
-9311
-13729
-17864
-21629
-24947
-27746
-29968
-31566
-32503
-32761
-32332
-31225
-29460
-27076
-24119
-20653
-16748
-12488
-7961
-3263
1506
6246
10856
15238
19298
22949
26112
28719
30713
32051
32702
32651
31900
30461
28366
25658
22395
18646
14492
10022
5332
524
-4298
-9029
-13567
-17811
-21669
-25055
-27896
-30127
-31699
-32577
-32739
-32182
-30916
-28967
-26379
-23206
-19519
-15397
-10932
-6222
-1372
3511
8320
12945
17284
21240
24723
27655
29968
31611
32545
32748
32214
30954
28995
26381
23169
19431
15252
10724
5950
1038
-3899
-8751
-13405
-17757
-21705
-25159
-28038
-30277
-31822
-32637
-32702
-32014
-30588
-28456
-25665
-22280
-18377
-14047
-9388
-4509
477
5455
10308
14924
19194
23018
26305
28979
30974
32243
32756
32498
31476
29711
27244
24133
20449
16280
11722
6884
1880
-3170
-8148
-12935
-17416
-21484
-25041
-28000
-30291
-31856
-32659
-32677
-31909
-30373
-28105
-25157
-21600
-17520
-13013
-8189
-3163
1941
7001
11893
16499
20705
24407
27516
29953
31659
32589
32721
32049
30590
28377
25463
21921
17836
13307
8448
3377
-1780
-6896
-11843
-16499
-20746
-24479
-27603
-30040
-31727
-32621
-32699
-31957
-30413
-28105
-25088
-21439
-17247
-12618
-7668
-2522
2689
7836
12787
17416
21605
25247
28248
30530
32035
32723
32574
31592
29801
27244
23987
20112
15718
10917
5832
595
-4660
-9798
-14685
-19194
-23208
-26622
-29345
-31307
-32455
-32757
-32206
-30813
-28614
-25665
-22043
-17841
-13169
-8148
-2911
2405
7661
12717
17440
21705
25397
28419
30689
32146
32750
32483
31352
29385
26633
23169
19084
14487
9500
4255
-1105
-6439
-11603
-16457
-20870
-24723
-27911
-30346
-31961
-32712
-32578
-31559
-29684
-27001
-23582
-19519
-14922
-9916
-4636
771
6162
11386
16301
20770
24671
27896
30354
31977
32719
32558
31498
29565
26813
23317
19172
14492
9407
4058
-1405
-6833
-12073
-16978
-21411
-25247
-28377
-30713
-32188
-32760
-32410
-31148
-29007
-26047
-22351
-18021
-13179
-7961
-2516
3003
8440
13640
18454
22745
26389
29282
31340
32503
32737
32033
30409
27913
24613
20604
16000
10932
5547
0
-5550
-10942
-16021
-20637
-24657
-27963
-30458
-32068
-32745
-32468
-31244
-29107
-26118
-22364
-17952
-13013
-7689
-2137
3479
8997
14252
19090
23367
26955
29748
31662
32640
32650
31691
29790
27003
23411
19119
14256
8965
3403
-2262
-7862
-13230
-18204
-22633
-26385
-29345
-31423
-32556
-32707
-31871
-30072
-27362
-23823
-19561
-14703
-9397
-3803
1908
7565
12994
18030
22517
26318
29316
31419
32559
32702
31841
30001
27238
23635
19302
14372
8996
3339
-2422
-8112
-13553
-18577
-23026
-26761
-29667
-31650
-32648
-32629
-31591
-29565
-26615
-22829
-18327
-13249
-7752
-2009
3799
9491
14886
19815
24120
27666
30338
32052
32751
32412
31044
28690
25423
21345
16586
11295
5642
-193
-6025
-11667
-16938
-21669
-25706
-28920
-31206
-32489
-32726
-31909
-30063
-27244
-23544
-19081
-13998
-8460
-2644
3259
9060
14569
19606
24006
27626
30346
32075
32756
32366
30916
28451
25051
20827
15917
10480
4696
-1244
-7147
-12817
-18065
-22719
-26622
-29644
-31684
-32674
-32578
-31398
-29173
-25975
-21909
-17110
-11737
-5969
0
5972
11747
17130
21941
26016
29217
31436
32596
32657
31615
29504
26395
22390
17625
12260
6476
470
-5554
-11392
-16845
-21726
-25867
-29127
-31393
-32585
-32662
-31619
-29491
-26349
-22301
-17483
-12062
-6222
-166
5898
11762
17222
22088
26191
29387
31566
32648
32597
31411
29131
25835
21636
16679
11138
5205
-912
-7001
-12847
-18244
-23003
-26955
-29960
-31912
-32739
-32412
-30940
-28374
-24803
-20353
-15179
-9465
-3413
2763
8843
14612
19863
24407
28083
30758
32334
32755
32003
30103
27124
23169
18381
12929
7010
836
-5370
-11386
-16993
-21989
-26191
-29446
-31636
-32680
-32538
-31214
-28754
-25247
-20819
-15630
-9868
-3744
2518
8692
14551
19879
24480
28184
30855
32393
32739
31880
29845
26709
22585
17625
12011
5950
-333
-6607
-12639
-18204
-23094
-27128
-30152
-32055
-32763
-32248
-30528
-27666
-23767
-18976
-13473
-7461
-1167
5173
11322
17047
22132
26385
29644
31785
32724
32427
30901
28203
24435
19738
14288
8294
1981
-4409
-10635
-16457
-21654
-26025
-29402
-31656
-32697
-32485
-31027
-28377
-24634
-19943
-14481
-8460
-2109
4324
10594
16457
21686
26077
29459
31699
32710
32451
30929
28203
24378
19601
14056
7961
1552
-4919
-11201
-17047
-22227
-26537
-29806
-31906
-32751
-32307
-30590
-27666
-23648
-18696
-13002
-6791
-309
6187
12441
18204
23246
27366
30398
32222
32762
31995
29951
26709
22398
17189
11289
4935
-1619
-8112
-14281
-19879
-24678
-28486
-31147
-32552
-32643
-31416
-28917
-25247
-20553
-15023
-8882
-2378
4225
10659
16662
21989
26421
29777
31918
32756
32254
30432
27362
23169
18024
12137
5748
-879
-7473
-13762
-19485
-24407
-28323
-31070
-32533
-32650
-31414
-28875
-25136
-20353
-14721
-8475
-1874
4807
11292
17307
22602
26955
30182
32146
32765
32010
29911
26556
22083
16679
10571
4016
-2711
-9326
-15551
-21121
-25799
-29387
-31732
-32732
-32344
-30582
-27520
-23286
-18060
-12062
-5547
1206
7911
14280
20041
24947
28786
31393
32653
32513
30975
28105
24024
18906
12972
6476
-301
-7069
-13534
-19415
-24458
-28443
-31196
-32596
-32580
-31148
-28360
-24336
-19250
-13322
-6811
0
6813
13332
19269
24364
28393
31178
32594
32578
31129
28309
24241
19103
13120
6555
-301
-7147
-13680
-19609
-24671
-28641
-31340
-32648
-32505
-30916
-27948
-23735
-18460
-12360
-5706
1206
8067
14569
20421
25359
29162
31656
32728
32328
30473
27244
22786
17298
11027
4255
-2711
-9557
-15974
-21669
-26383
-29901
-32062
-32766
-31979
-29736
-26137
-21345
-15577
-9095
-2195
4807
11593
17850
23291
27666
30771
32464
32665
31362
28614
24546
19345
13249
6538
-477
-7473
-14125
-20126
-25196
-29098
-31650
-32732
-32292
-30349
-26991
-22374
-16712
-10266
-3339
3746
10659
17076
22694
27251
30530
32377
32702
31489
28793
24740
19519
13375
6597
-494
-7565
-14281
-20323
-25404
-29282
-31772
-32753
-32178
-30072
-26533
-21729
-15887
-9285
-2238
4919
11843
18204
23695
28052
31066
32589
32548
30942
27847
23411
17845
11416
4435
-2763
-9830
-16425
-22227
-26955
-30378
-32330
-32713
-31507
-28769
-24631
-19293
-13013
-6096
1120
8285
15047
21076
26077
29802
32068
32763
31850
29372
25451
20276
14101
7230
0
-7232
-14111
-20295
-25478
-29402
-31872
-32764
-32033
-29711
-25913
-20827
-14703
-7845
-595
6688
13640
19914
25196
29220
31785
32759
32093
29819
26047
20967
14832
7950
664
-6656
-13645
-19948
-25247
-29273
-31822
-32763
-32046
-29706
-25861
-20703
-14492
-7543
-209
7138
14125
20396
25629
29557
31977
32766
31880
29363
25342
20022
13674
6622
-771
-8129
-15071
-21240
-26318
-30042
-32219
-32734
-31559
-28754
-24461
-18901
-12360
-5177
2276
9615
16457
22447
27271
30678
32489
32608
31026
27825
23169
17302
10527
3199
-4298
-11573
-18244
-23960
-28419
-31387
-32705
-32302
-30198
-26501
-21406
-15179
-8148
-684
6817
13962
20369
25700
29668
32064
32757
31710
28975
24698
19103
12488
5205
-2358
-9798
-16717
-22745
-27557
-30894
-32577
-32513
-30703
-27244
-22319
-16192
-9191
-1693
5898
13175
19743
25247
29388
31941
32765
31816
29141
24884
19276
12618
5272
-2362
-9871
-16845
-22903
-27714
-31014
-32621
-32445
-30495
-26875
-21781
-15492
-8351
-749
6896
14165
20658
26016
29942
32220
32721
31417
28377
23767
17841
10926
3403
-4310
-11787
-18613
-24407
-28847
-31684
-32759
-32010
-29476
-25298
-19707
-13013
-5590
2148
9769
16845
22980
27828
31116
32659
32366
30254
26438
21133
14635
7310
-430
-8148
-15409
-21801
-26962
-30598
-32502
-32563
-30778
-27244
-22162
-15818
-8572
-836
6950
14343
20920
26305
30190
32350
32661
31103
27762
22829
16586
9388
1649
-6187
-13670
-20369
-25898
-29936
-32249
-32702
-31267
-28024
-23161
-16955
-9766
-2009
5867
13405
20168
25762
29860
32222
32709
31291
28049
23169
16936
9711
1916
-5992
-13553
-20323
-25904
-29968
-32275
-32687
-31179
-27837
-22855
-16527
-9222
-1372
6562
14111
20829
26318
30252
32397
32623
30916
27374
22206
15718
8294
373
-7571
-15067
-21669
-26980
-30683
-32556
-32483
-30469
-26631
-21197
-14492
-6916
1077
9009
16402
22811
27851
31216
32702
32218
29790
25564
19793
12824
5078
-2978
-10856
-18080
-24210
-28873
-31785
-32766
-31757
-28816
-24119
-17952
-10689
-2772
5316
13083
20053
25799
29968
32304
32662
31017
27469
22233
15630
8064
0
-8067
-15639
-22251
-27492
-31038
-32669
-32282
-29899
-25665
-19840
-12785
-4935
3223
11185
18454
24578
29176
31960
32754
31507
28295
23317
16881
9388
1306
-6859
-14599
-21426
-26913
-30713
-32587
-32415
-30206
-26096
-20343
-13307
-5431
2789
10837
18204
24423
29100
31937
32755
31498
28244
23199
16679
9099
938
-7285
-15047
-21854
-27271
-30951
-32659
-32282
-29844
-25497
-19519
-12290
-4271
4023
12062
19330
25359
29762
32252
32670
30984
27303
21861
15008
7184
-1105
-9326
-16947
-23474
-28484
-31650
-32766
-31757
-28687
-23753
-17274
-9670
-1435
6896
14781
21705
27215
30951
32666
32248
29720
25247
19119
11737
3583
-4807
-12886
-20121
-26035
-30239
-32455
-32534
-30469
-26395
-20578
-13400
-5336
3083
11302
18775
25007
29584
32200
32681
30992
27244
21684
14679
6695
-1736
-10055
-17706
-24178
-29038
-31959
-32744
-31340
-27837
-22468
-15592
-7668
771
9163
16942
23583
28641
31772
32764
31548
28203
22955
16155
8261
-193
-8637
-16499
-23246
-28419
-31667
-32766
-31641
-28366
-23161
-16378
-8479
0
8482
16388
23178
28387
31659
32766
31633
28334
23092
16267
8323
-193
-8699
-16610
-23382
-28547
-31748
-32764
-31521
-28105
-22748
-15818
-7793
771
9287
17161
23850
28887
31923
32744
31292
27666
22114
15023
6884
-1736
-10238
-18030
-24565
-29387
-32158
-32681
-30919
-26991
-21173
-13868
-5590
3083
11543
19194
25499
30012
32414
32534
30361
26047
19895
12336
3903
-4807
-13181
-20625
-26610
-30711
-32637
-32248
-29569
-24790
-18247
-10405
-1820
6896
15124
22277
27843
31423
32760
31757
28483
23169
16196
8060
-655
-9326
-17331
-24094
-29127
-32068
-32703
-30984
-27033
-21133
-13707
-5289
3511
12062
19743
25999
30374
32552
32371
29844
25150
18630
10754
2094
-6719
-15047
-22282
-27896
-31478
-32765
-31661
-28244
-22763
-15616
-7324
1506
10228
18204
24847
29668
32313
32585
30461
26096
19809
12062
3423
-5469
-13962
-21426
-27310
-31178
-32740
-31881
-28661
-23317
-16242
-7961
912
9721
17811
24578
29519
32265
32608
30520
26157
19840
12041
3339
-5613
-14150
-21629
-27492
-31296
-32755
-31758
-28377
-22863
-15630
-7219
1736
10564
18599
25234
29968
32443
32468
30041
25342
18725
10689
1842
-7147
-15598
-22868
-28404
-31785
-32751
-31227
-27327
-21345
-13736
-5078
3969
12717
20496
26712
30887
32702
32014
28875
23522
16364
7950
-1077
-10024
-18204
-24986
-29848
-32414
-32483
-30050
-25298
-18593
-10451
-1499
7571
16058
23305
28750
31969
32711
30916
26720
20449
12587
3744
-5391
-14111
-21734
-27666
-31442
-32766
-31533
-27837
-21964
-14372
-5653
3510
12401
20323
26654
30894
32710
31957
28692
23169
15822
7226
-1941
-10958
-19113
-25762
-30378
-32596
-32237
-29328
-24096
-16955
-8469
691
9799
18132
25028
29936
32465
32412
29778
24772
17791
9388
234
-8940
-17404
-24479
-29598
-32350
-32513
-30072
-25219
-18342
-9991
-836
8388
16942
24135
29387
32275
32563
30226
25451
18620
10283
1113
-8148
-16754
-24006
-29316
-32252
-32574
-30254
-25477
-18630
-10266
-1066
8222
16845
24098
29390
32286
32549
30156
25298
18372
9941
695
-8610
-17213
-24407
-29603
-32371
-32482
-29925
-24908
-17841
-9305
0
9307
17850
24924
29942
32491
32356
29546
24293
17028
8351
-1019
-10308
-18745
-25629
-30386
-32621
-32145
-28995
-23432
-15917
-7073
2362
11603
19879
26497
30903
32728
31816
28241
22301
14491
5464
-4023
-13175
-21224
-27492
-31451
-32766
-31324
-27244
-20868
-12732
-3519
5992
15001
22745
28568
31977
32682
30619
25962
19103
10622
1238
-8253
-17047
-24394
-29668
-32420
-32412
-29643
-24347
-16973
-8148
1373
10781
19269
26112
30723
32705
31886
28334
22351
14449
5304
-4298
-13534
-21608
-27826
-31650
-32749
-31026
-26627
-19930
-11510
-2094
7504
16457
23989
29446
32355
32460
29752
24461
17046
8148
-1459
-10942
-19477
-26318
-30870
-32732
-31742
-27983
-21780
-13674
-4371
5316
14541
22496
28484
31977
32669
30495
25645
18541
9807
209
-9410
-18204
-25397
-30356
-32640
-32046
-28625
-22675
-14721
-5464
4278
13645
21806
28038
31787
32719
30748
26047
19032
10324
695
-8997
-17892
-25196
-30256
-32621
-32077
-28669
-22701
-14703
-5389
4409
13816
21989
28193
31872
32694
30582
25725
18555
9715
0
-9718
-18563
-25739
-30598
-32699
-31850
-28126
-21861
-13619
-4144
5708
15047
23026
28920
32194
32549
29951
24631
17073
7961
-1876
-11547
-20168
-26955
-31287
-32766
-31257
-26894
-20073
-11416
-1713
8148
17267
24807
30076
32589
32113
28690
22632
14492
5018
-4919
-14407
-22570
-28657
-32104
-32591
-30072
-24775
-17189
-8012
1907
11653
20323
27113
31393
32763
31094
26539
19519
10683
852
-9060
-18132
-25519
-30530
-32697
-31816
-27965
-21503
-13031
-3339
6667
16052
23938
29584
32459
32292
29097
23169
15065
5543
-4501
-14125
-22423
-28612
-32108
-32578
-29977
-24546
-16798
-7461
2582
12385
21019
27666
31694
32721
30647
25665
18247
9095
-923
-10856
-19760
-26786
-31264
-32766
-31146
-26556
-19431
-10451
-470
9557
18675
26008
30855
32749
31507
27244
20368
11537
1595
-8501
-17784
-25359
-30497
-32702
-31758
-27754
-21074
-12360
-2451
7696
17103
24860
30215
32648
31922
28105
21563
12929
3039
-7147
-16643
-24525
-30025
-32607
-32016
-28309
-21844
-13249
-3359
6859
16412
24364
29939
32588
32050
28377
21924
13322
3413
-6833
-16412
-24382
-29960
-32596
-32028
-28309
-21804
-13150
-3199
7069
16643
24578
30089
32630
31946
28105
21482
12732
2719
-7565
-17103
-24947
-30318
-32680
-31797
-27754
-20951
-12062
-1970
8320
17784
25478
30633
32732
31565
27244
20200
11134
952
-9326
-18675
-26154
-31014
-32765
-31228
-26556
-19215
-9941
333
10578
19760
26955
31436
32749
30759
25665
17979
8475
-1887
-12062
-21019
-27851
-31864
-32650
-30126
-24546
-16475
-6728
3703
13762
22423
28806
32258
32427
29291
23169
14683
4696
-5772
-15653
-23938
-29777
-32571
-32033
-28214
-21503
-12587
-2378
8077
17706
25519
30711
32748
31416
26850
19519
10175
-219
-10594
-19879
-27113
-31549
-32726
-30520
-25157
-17189
-7439
3083
13289
22119
28657
32222
32441
29289
23092
14492
4381
-6187
-16114
-24364
-30076
-32652
-31820
-27666
-20619
-11416
-1017
9491
19008
26537
31287
32757
30792
25595
17709
7961
-2625
-12939
-21894
-28547
-32194
-32451
-29286
-23032
-14346
-4144
6498
16457
24678
30291
32699
31644
27238
19943
10531
0
-10533
-19951
-27251
-31656
-32694
-30254
-24592
-16309
-6286
4409
14637
23305
29487
32519
32077
28203
21312
12137
1660
-8997
-18692
-26385
-31248
-32757
-30748
-25434
-17383
-7461
3266
13645
22556
29038
32390
32248
28625
21909
12824
2351
-8378
-18204
-26061
-31098
-32765
-30880
-25645
-17625
-7689
3083
13524
22496
29023
32393
32235
28565
21780
12618
2077
-8692
-18516
-26318
-31245
-32755
-30681
-25247
-17046
-6975
3863
14280
23132
29446
32527
32033
28015
20915
11510
836
-9932
-19609
-27125
-31650
-32682
-30103
-24198
-15616
-5304
5596
15880
24407
30232
32705
31550
26894
19250
9465
-1373
-12062
-21411
-28379
-32188
-32412
-29022
-22395
-13267
-2656
8253
18244
26197
31222
32754
30619
25054
16679
6433
-4537
-15001
-23783
-29895
-32648
-31731
-27244
-19690
-9916
976
11762
21224
28293
32170
32415
28997
22301
13080
2378
-8595
-18599
-26497
-31393
-32729
-30352
-24528
-15917
-5494
5554
15974
24578
30386
32734
31352
26395
18425
8351
-2679
-13405
-22602
-29217
-32491
-32046
-27932
-20616
-10936
0
10939
20625
27944
32055
32482
29173
22507
13249
2462
-8610
-18692
-26622
-31481
-32707
-30156
-24119
-15293
-4696
6446
16845
25296
30817
32766
30916
25477
17079
6695
-4468
-15115
-24006
-30106
-32702
-31489
-26606
-18620
-8460
2689
13528
22788
29387
32552
31909
27532
19930
9991
-1120
-12103
-21669
-28693
-32350
-32208
-28280
-21025
-11295
-234
10856
20671
28052
32127
32412
28871
21921
12379
1372
-9799
-19815
-27487
-31906
-32545
-29328
-22632
-13249
-2291
8940
19113
27016
31708
32629
29666
23169
13911
2992
-8285
-18577
-26654
-31549
-32677
-29899
-23544
-14372
-3477
7836
18214
26411
31442
32702
30037
23764
14635
3744
-7598
-18030
-26293
-31393
-32711
-30086
-23833
-14703
-3796
7571
18026
26305
31405
32707
30050
23753
14577
3632
-7754
-18204
-26446
-31479
-32688
-29925
-23522
-14256
-3253
8148
18560
26712
31608
32650
29706
23135
13736
2656
-8751
-19090
-27095
-31785
-32581
-29385
-22585
-13013
-1842
9557
19786
27585
31994
32468
28947
21861
12081
809
-10564
-20637
-28166
-32219
-32293
-28377
-20951
-10932
440
11762
21629
28819
32437
32033
27653
19840
9561
-1907
-13142
-22745
-29519
-32621
-31661
-26755
-18514
-7961
3586
14689
23960
30239
32740
31148
25658
16955
6128
-5469
-16384
-25247
-30944
-32759
-30461
-24336
-15151
-4058
7546
18204
26572
31595
32638
29565
22763
13087
1756
-9798
-20118
-27896
-32148
-32332
-28424
-20915
-10754
771
12203
22088
29171
32552
31797
27001
18769
8148
-3511
-14727
-24069
-30346
-32754
-30984
-25260
-16309
-5272
6439
17331
26008
31359
32696
29845
23169
13521
2137
-9523
-19964
-27843
-32146
-32318
-28334
-20703
-10405
1234
12717
22564
29503
32637
31559
26407
17841
6968
-4807
-15965
-25058
-30909
-32757
-30361
-24028
-14577
-3233
8533
19194
27364
31977
32433
28669
21173
10917
-762
-12345
-22321
-29387
-32619
-31592
-26438
-17828
-6884
4961
16161
25247
31028
32744
30168
23635
13998
2522
-9287
-19879
-27860
-32179
-32265
-28105
-20242
-9711
2101
13640
23382
30040
32733
31103
25362
16267
5018
-6896
-17901
-26537
-31659
-32585
-29190
-21921
-11741
0
11743
21929
29201
32589
31641
26480
17791
6728
-5233
-16499
-25566
-31222
-32709
-29826
-22955
-13013
-1327
10537
20994
28641
32450
31909
27088
18630
7668
-4324
-15739
-25041
-30976
-32744
-30105
-23411
-13561
-1880
10055
20637
28436
32397
31982
27244
18822
7852
-4182
-15653
-25007
-30974
-32743
-30072
-23319
-13400
-1660
10308
20879
28612
32455
31881
26966
18377
7282
-4807
-16245
-25468
-31216
-32702
-29720
-22675
-12528
-664
11292
21705
29147
32596
31576
26225
17274
5950
-6193
-17489
-26383
-31650
-32564
-28995
-21433
-10917
1105
12978
23064
29968
32737
30984
24950
15465
3839
-8320
-19330
-27666
-32170
-32217
-27796
-19519
-8531
3643
15314
24860
30951
32739
29972
23032
12884
938
-11141
-21669
-29176
-32613
-31498
-25982
-16835
-5332
6918
18204
26944
31912
32410
28366
20343
9465
-2743
-14569
-24351
-30713
-32759
-30198
-23387
-13283
-1306
10856
21492
29100
32604
31507
25962
16748
5166
-7147
-18454
-27152
-32008
-32332
-28076
-19840
-8789
3510
15314
24947
31038
32720
29752
22551
12140
0
-12143
-22559
-29762
-32723
-31017
-24884
-15198
-3339
8998
20053
28242
32393
31908
26854
17952
6476
-5930
-17489
-26541
-31785
-32465
-28481
-20402
-9388
2978
14918
24714
30951
32730
29790
22554
12062
-172
-12385
-22811
-29942
-32746
-30813
-24421
-14492
-2462
9926
20879
28806
32556
31581
26021
16679
4912
-7571
-18956
-27585
-32200
-32127
-27374
-18630
-7167
5342
17076
26318
31719
32485
28504
20353
9222
-3259
-15267
-25041
-31147
-32687
-29434
-21861
-11077
1334
13553
23783
30517
32764
30189
23169
12736
423
-11953
-22570
-29860
-32743
-30792
-24293
-14202
-2009
10483
21426
29201
32652
31267
25247
15482
3419
-9153
-20369
-28563
-32514
-31633
-26047
-16586
-4654
7973
19415
27967
32350
31910
26709
17520
5712
-6950
-18577
-27428
-32179
-32116
-27244
-18292
-6597
6088
17864
26962
32015
32263
27666
18910
7310
-5391
-17284
-26579
-31872
-32366
-27983
-19380
-7852
4862
16845
26287
31760
32433
28203
19707
8226
-4501
-16550
-26094
-31684
-32472
-28334
-19895
-8434
4310
16402
26003
31651
32486
28377
19946
8475
-4288
-16402
-26016
-31662
-32478
-28334
-19861
-8351
4437
16550
26133
31717
32445
28203
19638
8060
-4756
-16845
-26351
-31812
-32386
-27983
-19276
-7602
5243
17284
26666
31941
32293
27666
18769
6975
-5898
-17864
-27071
-32095
-32157
-27244
-18113
-6176
6719
18577
27557
32265
31968
26709
17302
5205
-7702
-19415
-28111
-32434
-31710
-26047
-16326
-4058
8843
20369
28719
32588
31368
25247
15179
2736
-10137
-21426
-29364
-32705
-30922
-24293
-13853
-1238
11573
22570
30025
32764
30353
23169
12339
-434
-13142
-23783
-30678
-32739
-29638
-21861
-10632
2276
14829
25041
31296
32604
28754
20353
8727
-4282
-16616
-26318
-31849
-32328
-27676
-18630
-6622
6439
18480
27585
32302
31880
26381
16679
4318
-8734
-20396
-28806
-32620
-31227
-24845
-14492
-1820
11144
22329
29942
32763
30335
23047
12062
-859
-13645
-24243
-30951
-32688
-29173
-20967
-9388
3703
16202
26094
31785
32354
27709
18593
6476
-6688
-18775
-27832
-32393
-31718
-25913
-15915
-3339
9779
21317
29402
32723
30737
23764
12933
0
-12935
-23772
-30745
-32720
-29372
-21243
-9654
3510
16105
26077
31798
32332
27590
18342
6096
-7147
-19226
-28162
-32493
-31507
-25362
-15061
-2291
10856
22227
29953
32765
30198
22670
11416
-1716
-14569
-25028
-31370
-32548
-28366
-19509
-7435
5867
18204
27539
32330
31782
25982
15887
3163
-10086
-21669
-29667
-32753
-30413
-23032
-11831
1334
14281
24860
31312
32563
28403
19519
7387
-5976
-18347
-27666
-32377
-31693
-25725
-15465
-2622
10659
22164
29968
32766
30086
22374
10917
-2369
-15261
-25599
-31650
-32396
-27709
-18372
-5950
7473
19643
28516
32596
31195
24546
13765
664
-12550
-23653
-30771
-32702
-29116
-20616
-8634
4807
17440
27128
32230
31881
26137
15968
3092
-10308
-21966
-29901
-32766
-30072
-22272
-10689
2711
15653
25937
31812
32275
27244
17574
4908
-8595
-20637
-29162
-32712
-30681
-23411
-12140
1206
14349
25041
31451
32480
27948
18630
6117
-7445
-19735
-28641
-32634
-31026
-24089
-13013
301
13567
24501
31222
32570
28309
19172
6728
-6876
-19298
-28393
-32589
-31159
-24347
-13326
0
13328
24354
31166
32585
28360
19220
6748
-6896
-19347
-28443
-32604
-31103
-24198
-13087
301
13640
24608
31294
32533
28105
18778
6176
-7504
-19879
-28786
-32669
-30847
-23635
-12290
1206
14493
25247
31583
32389
27520
17828
5008
-8692
-20870
-29387
-32745
-30352
-22624
-10917
2711
15865
26229
31977
32094
26556
16335
3233
-10442
-22277
-30182
-32757
-29546
-21112
-8944
4807
17712
27483
32390
31559
25136
14256
845
-12717
-24026
-31070
-32598
-28334
-19032
-6345
7473
19964
28903
32697
30666
23169
11540
-2148
-15456
-26008
-31918
-32127
-26596
-16309
-3103
10659
22517
30346
32741
29270
20553
8148
-5719
-18563
-28078
-32552
-31179
-24202
-12874
771
14281
25223
31625
32332
27214
17189
4062
-9798
-21894
-30040
-32762
-29565
-21025
-8682
5233
18204
27882
32514
31257
24336
13002
-691
-14262
-25247
-31650
-32307
-27094
-16955
-3732
10171
22227
30239
32747
29289
20494
7961
-6025
-18915
-28356
-32621
-30929
-23586
-11931
1907
15400
26077
31982
32033
26215
15592
2109
-11762
-23479
-30889
-32629
-28377
-18910
-5966
8077
20637
29402
32756
30080
21861
9613
-4409
-17621
-27585
-32459
-31342
-24435
-13013
816
14497
25499
31785
32188
26631
16140
2656
-11322
-23203
-30782
-32650
-28456
-18976
-5969
8148
20755
29503
32763
29925
21514
9095
-5021
-18204
-27995
-32564
-31058
-23753
-12011
1977
15598
26305
32095
31880
25698
14703
952
-12978
-24480
-31393
-32418
-27360
-17165
-3744
10381
22559
30497
32702
28754
19394
6380
-7836
-20580
-29446
-32762
-29899
-21393
-8847
5370
18577
28275
32630
30814
23169
11138
-3003
-16579
-27016
-32334
-31523
-24733
-13249
751
14612
25700
31906
32048
26096
15179
1372
-12698
-24354
-31371
-32412
-27273
-16932
-3359
10856
23003
30758
32638
28280
18514
5205
-9101
-21669
-30089
-32747
-29131
-19930
-6905
7445
20371
29387
32762
29844
21189
8460
-5898
-19125
-28673
-32702
-30433
-22301
-9868
4468
17946
27963
32585
30916
23274
11134
-3159
-16845
-27275
-32428
-31305
-24119
-12260
1977
15833
26622
32247
31615
24845
13249
-923
-14918
-26016
-32055
-31858
-25461
-14105
0
14107
25468
31864
32046
25975
14832
792
-13405
-24986
-31684
-32188
-26395
-15435
-1452
12817
24578
31525
32292
26727
15917
1981
-12345
-24250
-31393
-32366
-26976
-16280
-2378
11993
24006
31293
32415
27148
16527
2644
-11762
-23850
-31230
-32442
-27244
-16660
-2779
11653
23783
31206
32451
27267
16679
2783
-11667
-23806
-31222
-32441
-27217
-16586
-2656
11803
23919
31277
32412
27094
16378
2398
-12062
-24120
-31370
-32361
-26894
-16056
-2009
12441
24407
31496
32285
26615
15616
1488
-12939
-24777
-31650
-32178
-26251
-15055
-836
13553
25223
31826
32033
25797
14372
52
-14280
-25739
-32015
-31841
-25247
-13561
863
15115
26318
32208
31592
24592
12618
-1908
-16052
-26950
-32393
-31276
-23823
-11540
3083
17085
27622
32556
30880
22932
10324
-4384
-18204
-28323
-32682
-30389
-21909
-8965
5807
19399
29038
32755
29790
20744
7461
-7347
-20658
-29748
-32757
-29067
-19428
-5811
8997
21966
30436
32669
28203
17952
4016
-10746
-23305
-31079
-32468
-27184
-16309
-2077
12583
24657
31656
32135
25992
14491
0
-14493
-25999
-32139
-31644
-24613
-12494
2208
16457
27304
32503
30975
23032
10317
-4537
-18454
-28547
-32719
-30103
-21238
-7961
6971
20458
29694
32757
29007
19220
5431
-9491
-22439
-30713
-32587
-27666
-16973
-2736
12073
24364
31568
32177
26060
14492
-108
-14689
-26197
-32222
-31498
-24174
-11781
3083
17304
27896
32634
30520
21996
8847
-6162
-19879
-29416
-32766
-29219
-19519
-5706
9311
22368
30711
32578
27570
16743
2378
-12491
-24723
-31732
-32033
-25558
-13674
1105
15653
26888
32428
31095
23169
10328
-4707
-18745
-28806
-32750
-29736
-20402
-6728
8378
21705
30414
32650
27932
17262
2911
-12062
-24465
-31651
-32083
-25665
-13765
1077
15692
26955
32455
31012
22932
9941
-5180
-19194
-29098
-32765
-29406
-19738
-5832
9326
22486
30817
32526
27244
16102
1495
-13436
-25478
-32035
-31693
-24521
-12062
2999
17416
28078
32680
30226
21243
7668
-7565
-21167
-30192
-32685
-28105
-17438
-2992
12103
24578
31727
31995
25321
13150
-1876
-16499
-27539
-32596
-30567
-21889
-8448
6833
20630
29936
32722
28377
17845
3419
-11753
-24364
-31659
-32040
-25423
-13249
1823
16499
27568
32607
30508
21729
8189
-7147
-20920
-30108
-32693
-28105
-17347
-2779
12401
24860
31856
31850
24838
12360
-2839
-17416
-28160
-32702
-30037
-20749
-6884
8501
22013
30668
32552
27244
15915
1066
-14020
-26008
-32243
-31342
-23500
-10451
4915
19194
29220
32766
29042
18871
4509
-10856
-23813
-31479
-32147
-25665
-13473
1720
16533
27666
32637
30335
21271
7461
-8015
-21705
-30552
-32578
-27327
-15968
-1038
14125
26133
32294
31228
23169
9920
-5554
-19786
-29584
-32748
-28565
-17970
-3339
12043
24723
31849
31816
24627
11897
-3511
-18132
-28673
-32755
-29458
-19519
-5177
10334
23516
31393
32182
25702
13414
-1907
-16800
-27896
-32682
-30072
-20653
-6555
9029
22570
30997
32395
26445
14492
-751
-15827
-27310
-32589
-30461
-21406
-7481
8148
21926
30713
32507
26894
15151
-48
-15238
-26955
-32522
-30664
-21804
-7961
7702
21608
30575
32549
27076
15403
202
-15047
-26852
-32503
-30703
-21861
-8002
7696
21629
30598
32538
27001
15255
0
-15257
-27007
-32541
-30582
-21579
-7602
8129
21989
30779
32468
26664
14703
-655
-15865
-27411
-32621
-30288
-20948
-6758
8997
22672
31098
32318
26047
13736
-1763
-16855
-28038
-32713
-29790
-19946
-5464
10289
23653
31516
32046
25116
12336
-3319
-18204
-28847
-32766
-29042
-18541
-3711
11987
24889
31977
31593
23823
10480
-5316
-19871
-29777
-32711
-27983
-16697
-1495
14059
26318
32404
30885
22114
8148
-7733
-21801
-30745
-32460
-26539
-14372
1180
16457
27860
32699
29832
19930
5325
-10537
-23916
-31650
-31910
-24631
-11530
4298
19113
29409
32747
28334
17210
2009
-13670
-26112
-32365
-30942
-22178
-8148
7817
21929
30833
32412
26285
13907
-1780
-17047
-28259
-32743
-29429
-19103
-4222
11667
24777
31977
31548
23586
9991
-5992
-20546
-30192
-32619
-27244
-15350
219
15739
27492
32660
30001
20149
5464
-10533
-24006
-31719
-31816
-24270
-10892
5106
19879
29873
32681
27625
15917
373
-15261
-27221
-32621
-30156
-20416
-5748
10308
23879
31684
31836
24293
10875
-5173
-19973
-29942
-32665
-27477
-15633
0
15636
27483
32666
29925
19920
5078
-10999
-24407
-31886
-31615
-23656
-9941
6193
20824
30386
32549
26782
14487
-1341
-16845
-28242
-32749
-29262
-18630
-3445
12583
25539
32252
31078
22301
8064
-8148
-22368
-31111
-32231
-25451
-12429
3643
18824
29387
32737
28047
16465
836
-15001
-27152
-32625
-30072
-20115
-5205
10989
24479
31937
31523
23335
9388
-6876
-21447
-30723
-32412
-26092
-13322
2743
18132
29038
32759
28371
16955
1338
-14612
-26944
-32596
-30164
-20247
-5304
10958
24501
31960
31477
23169
9099
-7236
-21774
-30894
-32323
-25702
-12676
3510
18824
29446
32724
27837
16000
166
-15711
-27666
-32707
-29572
-19041
-3744
12491
25602
32304
30916
21780
7184
-9215
-23305
-31551
-31880
-24205
-10451
5930
20824
30486
32483
26311
13518
-2679
-18204
-29147
-32749
-28098
-16364
-502
15488
27574
32702
29574
18976
3583
-12717
-25806
-32371
-30748
-21345
-6538
9926
23879
31785
31636
23467
9346
-7147
-21830
-30974
-32254
-25342
-11991
4409
19692
29968
32623
26976
14462
-1736
-17495
-28798
-32764
-28377
-16752
-852
15267
27492
32699
29554
18857
3339
-13034
-26077
-32450
-30520
-20777
-5712
10817
24578
32042
31291
22515
7961
-8637
-23021
-31496
-31881
-24075
-10079
6509
21426
30833
32307
25463
12062
-4448
-19815
-30076
-32585
-26689
-13907
2465
18204
29244
32732
27762
15616
-569
-16610
-28356
-32765
-28692
-17189
-1231
15047
27428
32699
29490
18630
2932
-13528
-26478
-32552
-30168
-19943
-4530
12062
25519
32337
30737
21133
6022
-10659
-24565
-32068
-31208
-22206
-7407
9326
23628
31760
31593
23169
8686
-8070
-22719
-31423
-31903
-24028
-9858
6896
21846
31070
32147
24790
10926
-5807
-21019
-30711
-32336
-25461
-11891
4807
20244
30356
32478
26047
12755
-3899
-19528
-30012
-32581
-26556
-13521
3083
18877
29687
32654
26991
14192
-2362
-18294
-29387
-32703
-27360
-14769
1736
17784
29119
32734
27666
15255
-1206
-17349
-28887
-32752
-27913
-15652
771
16993
28695
32761
28105
15962
-434
-16717
-28547
-32765
-28244
-16186
193
16523
28443
32766
28334
16326
-48
-16412
-28387
-32766
-28374
-16382
0
0
0
0
0
0
0
0
0
0
0
0
0
0
0
0
0
0
0
0
0
0
0
0
0
0
0
0
0
0
0
0
0
0
0
0
0
0
0
0
0
0
0
0
0
0
0
0
0
0
0
0
0
0
0
0
0
0
0
0
0
0
0
0
0
0
0
0
0
0
0
0
0
0
0
0
0
0
0
0
0
0
0
0
0
0
0
0
0
0
0
0
0
0
0
0
0
0
0
0
0
0
0
0
0
0
0
0
0
0
0
0
0
0
0
0
0
0
0
0
0
0
0
0
0
0
0
0
0
0
0
0
0
0
0
0
0
0
0
0
0
0
0
0
0
0
0
0
0
0
0
0
0
0
0
0
0
0
0
0
0
0
0
0
0
0
0
0
0
0
0
0
0
0
0
0
0
0
0
0
0
0
0
0
0
0
0
0
0
0
0
0
0
0
0
0
0
0
0
0
0
0
0
0
0
0
0
0
0
0
0
0
0
0
0
0
0
0
0
0
0
0
0
0
0
0
0
0
0
0
0
0
0
0
0
0
0
0
0
0
0
0
0
0
0
0
0
0
0
0
0
0
0
0
0
0
0
0
0
0
0
0
0
0
0
0
0
0
0
0
0
0
0
0
0
0
0
0
0
0
0
0
0
0
0
0
0
0
0
0
0
0
0
0
0
0
0
0
0
0
0
0
0
0
0
0
0
0
0
0
0
0
0
0
0
0
0
0
0
0
0
0
0
0
0
0
0
0
0
0
0
0
0
0
0
0
0
0
0
0
0
0
0
0
0
0
0
0
0
0
0
0
0
0
0
0
0
0
0
0
0
0
0
0
0
0
0
0
0
0
0
0
0
0
0
0
0
0
0
0
0
0
0
0
0
0
0
0
0
0
0
0
0
0
0
0
0
0
0
0
0
0
0
0
0
0
0
0
0
0
0
0
0
0
0
0
0
0
0
0
0
0
0
0
0
0
0
0
0
0
0
0
0
0
0
0
0
0
0
0
0
0
0
0
0
0
0
0
0
0
0
0
0
0
0
0
0
0
0
0
0
0
0
0
0
0
0
0
0
0
0
0
0
0
0
0
0
0
0
0
0
0
0
0
0
0
0
0
0
0
0
0
0
0
0
0
0
0
0
0
0
0
0
0
0
0
0
0
0
0
0
0
0
0
0
0
0
0
0
0
0
0
0
0
0
0
0
0
0
0
0
0
0
0
0
0
0
0
0
0
0
0
0
0
0
0
0
0
0
0
0
0
0
0
0
0
0
0
0
0
0
0
0
0
0
0
0
0
0
0
0
0
0
0
0
0
0
0
0
0
0
0
0
0
0
0
0
0
0
0
0
0
0
0
0
0
0
0
0
0
0
0
0
0
0
0
0
0
0
0
0
0
0
0
0
0
0
0
0
0
0
0
0
0
0
0
0
0
0
0
0
0
0
0
0
0
0
0
0
0
0
0
0
0
0
0
0
0
0
0
0
0
0
0
0
0
0
0
0
0
0
0
0
0
0
0
0
0
0
0
0
0
0
0
0
0
0
0
0
0
0
0
0
0
0
0
0
0
0
0
0
0
0
0
0
0
0
0
0
0
0
0
0
0
0
0
0
0
0
0
0
0
0
0
0
0
0
0
0
0
0
0
0
0
0
0
0
0
0
0
0
0
0
0
0
0
0
0
0
0
0
0
0
0
0
0
0
0
0
0
0
0
0
0
0
0
0
0
0
0
0
0
0
0
0
0
0
0
0
0
0
0
0
0
0
0
0
0
0
0
0
0
0
0
0
0
0
0
0
0
0
0
0
0
0
0
0
0
0
0
0
0
0
0
0
0
0
0
0
0
0
0
0
0
0
0
0
0
0
0
0
0
0
0
0
0
0
0
0
0
0
0
0
0
0
0
0
0
0
0
0
0
0
0
0
0
0
0
0
0
0
0
0
0
0
0
0
0
0
0
0
0
0
0
0
0
0
0
0
0
0
0
0
0
0
0
0
0
0
0
0
0
0
0
0
0
0
0
0
0
0
0
0
0
0
0
0
0
0
0
0
0
0
0
0
0
0
0
0
0
0
0
0
0
0
0
0
0
0
0
0
0
0
0
0
0
0
0
0
0
0
0
0
0
0
0
0
0
0
0
0
0
0
0
0
0
0
0
0
0
0
0
0
0
0
0
0
0
0
0
14563
14087
12694
10479
7595
4240
643
-2952
-6308
-9204
-11457
-12929
-13541
-13273
-12167
-10319
-7874
-5012
-1935
1149
4041
6563
8570
9958
10672
10704
10092
8913
7278
5319
3178
1000
-1081
-2950
-4517
-5718
-6520
-6920
-6936
-6612
-6003
-5173
-4191
-3118
-2014
-926
109
1067
1928
2684
3328
3856
4264
4545
4689
4686
4522
4188
3677
2989
2135
1137
30
-1140
-2318
-3438
-4432
-5233
-5783
-6034
-5955
-5535
-4786
-3742
-2461
-1016
503
2003
3387
4565
5461
6016
6199
6000
5439
4560
3430
2130
754
-602
-1850
-2908
-3716
-4232
-4441
-4349
-3988
-3408
-2672
-1853
-1025
-256
396
890
1202
1331
1291
1118
857
563
293
98
21
88
309
673
1151
1696
2249
2742
3107
3281
3212
2868
2237
1333
197
-1108
-2500
-3879
-5139
-6174
-6888
-7201
-7058
-6433
-5336
-3809
-1931
192
2431
4639
6667
8370
9618
10306
10366
9768
8524
6693
4374
1703
-1155
-4022
-6710
-9038
-10846
-12004
-12422
-12058
-10922
-9074
-6624
-3724
-558
2669
5746
8470
10657
12160
12877
12757
11806
10089
7720
4861
1707
-1527
-4621
-7364
-9571
-11095
-11838
-11760
-10876
-9261
-7042
-4388
-1497
1416
4141
6481
8273
9397
9785
9425
8366
6707
4592
2198
-275
-2633
-4687
-6279
-7291
-7654
-7354
-6430
-4974
-3122
-1038
1093
3088
4774
6007
6684
6749
6200
5088
3510
1604
-462
-2510
-4363
-5859
-6868
-7300
-7117
-6331
-5004
-3246
-1203
958
3058
4926
6408
7386
7784
7572
6774
5461
3744
1767
-306
-2310
-4086
-5497
-6443
-6862
-6740
-6107
-5037
-3637
-2039
-385
1181
2533
3566
4210
4434
4246
3694
2856
1837
752
-280
-1152
-1777
-2094
-2081
-1748
-1142
-340
559
1448
2215
2760
3003
2896
2424
1608
508
-787
-2164
-3497
-4656
-5524
-6002
-6023
-5559
-4620
-3259
-1566
338
2313
4209
5876
7184
8025
8328
8063
7240
5915
4179
2154
-16
-2183
-4198
-5924
-7253
-8103
-8431
-8232
-7537
-6408
-4937
-3231
-1407
416
2130
3640
4874
5782
6339
6543
6415
5991
5318
4450
3443
2352
1224
101
-980
-1994
-2917
-3727
-4405
-4934
-5292
-5460
-5417
-5149
-4644
-3902
-2935
-1768
-445
976
2423
3812
5055
6061
6752
7061
6946
6390
5408
4048
2388
533
-1393
-3256
-4919
-6257
-7165
-7568
-7429
-6752
-5585
-4012
-2155
-158
1823
3630
5120
6174
6709
6684
6106
5029
3550
1797
-74
-1902
-3526
-4804
-5625
-5919
-5661
-4877
-3638
-2056
-276
1541
3232
4641
5639
6133
6073
5461
4345
2820
1017
-907
-2788
-4462
-5784
-6639
-6953
-6699
-5899
-4623
-2978
-1104
841
2699
4318
5572
6368
6653
6422
5712
4601
3196
1630
39
-1442
-2697
-3636
-4201
-4375
-4178
-3665
-2917
-2034
-1124
-288
386
836
1030
967
682
235
-288
-797
-1197
-1404
-1355
-1017
-392
484
1540
2679
3782
4725
5389
5670
5497
4835
3694
2127
235
-1848
-3964
-5938
-7599
-8795
-9403
-9346
-8598
-7189
-5202
-2772
-72
2698
5332
7628
9409
10536
10922
10536
9409
7628
5332
2698
-72
-2772
-5202
-7189
-8598
-9346
-9403
-8795
-7599
-5938
-3964
-1848
235
2127
3694
4835
5497
5670
5389
4725
3782
2679
1540
484
-392
-1017
-1355
-1404
-1197
-797
-288
235
682
967
1030
836
386
-288
-1124
-2034
-2917
-3665
-4178
-4375
-4201
-3636
-2697
-1442
39
1630
3196
4601
5712
6422
6653
6368
5572
4318
2699
841
-1104
-2978
-4623
-5899
-6699
-6953
-6639
-5784
-4462
-2788
-907
1017
2820
4345
5461
6073
6133
5639
4641
3232
1541
-276
-2056
-3638
-4877
-5661
-5919
-5625
-4804
-3526
-1902
-74
1797
3550
5029
6106
6684
6709
6174
5120
3630
1823
-158
-2155
-4012
-5585
-6752
-7429
-7568
-7165
-6257
-4919
-3256
-1393
533
2388
4048
5408
6390
6946
7061
6752
6061
5055
3812
2423
976
-445
-1768
-2935
-3902
-4644
-5149
-5417
-5460
-5292
-4934
-4405
-3727
-2917
-1994
-980
101
1224
2352
3443
4450
5318
5991
6415
6543
6339
5782
4874
3640
2130
416
-1407
-3231
-4937
-6408
-7537
-8232
-8431
-8103
-7253
-5924
-4198
-2183
-16
2154
4179
5915
7240
8063
8328
8025
7184
5876
4209
2313
338
-1566
-3259
-4620
-5559
-6023
-6002
-5524
-4656
-3497
-2164
-787
508
1608
2424
2896
3003
2760
2215
1448
559
-340
-1142
-1748
-2081
-2094
-1777
-1152
-280
752
1837
2856
3694
4246
4434
4210
3566
2533
1181
-385
-2039
-3637
-5037
-6107
-6740
-6862
-6443
-5497
-4086
-2310
-306
1767
3744
5461
6774
7572
7784
7386
6408
4926
3058
958
-1203
-3246
-5004
-6331
-7117
-7300
-6868
-5859
-4363
-2510
-462
1604
3510
5088
6200
6749
6684
6007
4774
3088
1093
-1038
-3122
-4974
-6430
-7354
-7654
-7291
-6279
-4687
-2633
-275
2198
4592
6707
8366
9425
9785
9397
8273
6481
4141
1416
-1497
-4388
-7042
-9261
-10876
-11760
-11838
-11095
-9571
-7364
-4621
-1527
1707
4861
7720
10089
11806
12757
12877
12160
10657
8470
5746
2669
-558
-3724
-6624
-9074
-10922
-12058
-12422
-12004
-10846
-9038
-6710
-4022
-1155
1703
4374
6693
8524
9768
10366
10306
9618
8370
6667
4639
2431
192
-1931
-3809
-5336
-6433
-7058
-7201
-6888
-6174
-5139
-3879
-2500
-1108
197
1333
2237
2868
3212
3281
3107
2742
2249
1696
1151
673
309
88
21
98
293
563
857
1118
1291
1331
1202
890
396
-256
-1025
-1853
-2672
-3408
-3988
-4349
-4441
-4232
-3716
-2908
-1850
-602
754
2130
3430
4560
5439
6000
6199
6016
5461
4565
3387
2003
503
-1016
-2461
-3742
-4786
-5535
-5955
-6034
-5783
-5233
-4432
-3438
-2318
-1140
30
1137
2135
2989
3677
4188
4522
4686
4689
4545
4264
3856
3328
2684
1928
1067
109
-926
-2014
-3118
-4191
-5173
-6003
-6612
-6936
-6920
-6520
-5718
-4517
-2950
-1081
1000
3178
5319
7278
8913
10092
10704
10672
9958
8570
6563
4041
1149
-1935
-5012
-7874
-10319
-12167
-13273
-13541
-12929
-11457
-9204
-6308
-2952
643
4240
7595
10479
12694
14087
0
0
0
0
0
0
0
0
0
0
0
0
0
0
0
0
0
0
0
0
0
0
0
0
0
0
0
0
0
0
0
0
0
0
0
0
0
0
0
0
0
0
0
0
0
0
0
0
0
0
0
0
0
0
0
0
0
0
0
0
0
0
0
0
0
0
0
-3640
-3628
-3583
-3482
-3290
-2967
-2475
-1784
-884
214
1476
2838
4213
5496
6573
7330
7667
7507
6807
5565
3825
1677
-745
-3279
-5735
-7920
-9648
-10761
-11139
-10716
-9488
-7514
-4916
-1869
1406
4667
7663
10157
11946
12876
12861
11886
10012
7373
4162
624
-2971
-6347
-9245
-11438
-12761
-13114
-12474
-10899
-8520
-5529
-2167
1298
4597
7476
9717
11160
11712
11353
10136
8183
5673
2823
-126
-2938
-5392
-7306
-8550
-9055
-8817
-7894
-6401
-4494
-2359
-191
1820
3513
4759
5481
5651
5297
4493
3353
2015
632
-648
-1698
-2417
-2748
-2673
-2225
-1472
-519
510
1485
2277
2781
2920
2657
1999
996
-264
-1660
-3053
-4296
-5251
-5801
-5864
-5399
-4412
-2960
-1142
905
3018
5023
6748
8039
8775
8876
8311
7105
5333
3117
614
-1992
-4510
-6753
-8554
-9781
-10343
-10201
-9367
-7905
-5922
-3562
-993
1605
4058
6203
7907
9072
9640
9598
8973
7831
6269
4406
2371
298
-1687
-3477
-4982
-6138
-6909
-7286
-7281
-6928
-6275
-5377
-4298
-3097
-1832
-554
690
1866
2942
3890
4689
5315
5751
5978
5979
5742
5261
4537
3583
2424
1100
-336
-1819
-3274
-4619
-5772
-6654
-7202
-7364
-7115
-6453
-5403
-4017
-2374
-571
1281
3065
4665
5976
6913
7415
7451
7023
6165
4943
3447
1784
73
-1566
-3025
-4209
-5047
-5497
-5548
-5220
-4561
-3644
-2557
-1398
-265
750
1574
2152
2456
2484
2258
1826
1251
611
-16
-555
-940
-1124
-1081
-809
-329
312
1054
1820
2528
3097
3457
3551
3344
2824
2009
938
-321
-1686
-3061
-4342
-5430
-6232
-6676
-6710
-6309
-5479
-4253
-2696
-894
1045
3005
4863
6498
7803
8686
9081
8952
8294
7131
5523
3555
1337
-1006
-3340
-5526
-7434
-8948
-9974
-10444
-10324
-9611
-8341
-6579
-4424
-1997
562
3106
5485
7557
9199
10312
10828
10714
9978
8662
6848
4645
2190
-368
-2872
-5169
-7120
-8611
-9556
-9905
-9650
-8819
-7479
-5728
-3692
-1509
674
2717
4491
5893
6846
7310
7281
6789
5898
4695
3287
1789
318
-1020
-2138
-2972
-3483
-3665
-3539
-3154
-2574
-1881
-1157
-484
68
450
629
601
385
21
-432
-907
-1330
-1633
-1759
-1670
-1348
-802
-64
809
1746
2662
3468
4083
4434
4473
4173
3539
2602
1423
84
-1314
-2667
-3867
-4818
-5443
-5688
-5531
-4982
-4083
-2902
-1533
-82
1336
2616
3659
4392
4765
4763
4400
3722
2801
1725
596
-483
-1421
-2138
-2579
-2718
-2559
-2133
-1499
-735
68
818
1426
1820
1948
1788
1345
656
-215
-1183
-2150
-3011
-3667
-4035
-4053
-3691
-2950
-1869
-516
1007
2585
4086
5382
6353
6902
6962
6502
5533
4106
2311
268
-1877
-3969
-5851
-7377
-8427
-8912
-8784
-8041
-6725
-4921
-2753
-370
2058
4362
6377
7959
8994
9410
9177
8313
6882
4985
2761
368
-2024
-4246
-6142
-7583
-8471
-8750
-8409
-7479
-6036
-4189
-2078
141
2310
4270
5883
7037
7653
7694
7164
6109
4612
2788
775
-1275
-3211
-4889
-6184
-7002
-7281
-7002
-6184
-4889
-3211
-1275
775
2788
4612
6109
7164
7694
7653
7037
5883
4270
2310
141
-2078
-4189
-6036
-7479
-8409
-8750
-8471
-7583
-6142
-4246
-2024
368
2761
4985
6882
8313
9177
9410
8994
7959
6377
4362
2058
-370
-2753
-4921
-6725
-8041
-8784
-8912
-8427
-7377
-5851
-3969
-1877
268
2311
4106
5533
6502
6962
6902
6353
5382
4086
2585
1007
-516
-1869
-2950
-3691
-4053
-4035
-3667
-3011
-2150
-1183
-215
656
1345
1788
1948
1820
1426
818
68
-735
-1499
-2133
-2559
-2718
-2579
-2138
-1421
-483
596
1725
2801
3722
4400
4763
4765
4392
3659
2616
1336
-82
-1533
-2902
-4083
-4982
-5531
-5688
-5443
-4818
-3867
-2667
-1314
84
1423
2602
3539
4173
4473
4434
4083
3468
2662
1746
809
-64
-802
-1348
-1670
-1759
-1633
-1330
-907
-432
21
385
601
629
450
68
-484
-1157
-1881
-2574
-3154
-3539
-3665
-3483
-2972
-2138
-1020
318
1789
3287
4695
5898
6789
7281
7310
6846
5893
4491
2717
674
-1509
-3692
-5728
-7479
-8819
-9650
-9905
-9556
-8611
-7120
-5169
-2872
-368
2190
4645
6848
8662
9978
10714
10828
10312
9199
7557
5485
3106
562
-1997
-4424
-6579
-8341
-9611
-10324
-10444
-9974
-8948
-7434
-5526
-3340
-1006
1337
3555
5523
7131
8294
8952
9081
8686
7803
6498
4863
3005
1045
-894
-2696
-4253
-5479
-6309
-6710
-6676
-6232
-5430
-4342
-3061
-1686
-321
938
2009
2824
3344
3551
3457
3097
2528
1820
1054
312
-329
-809
-1081
-1124
-940
-555
-16
611
1251
1826
2258
2484
2456
2152
1574
750
-265
-1398
-2557
-3644
-4561
-5220
-5548
-5497
-5047
-4209
-3025
-1566
73
1784
3447
4943
6165
7023
7451
7415
6913
5976
4665
3065
1281
-571
-2374
-4017
-5403
-6453
-7115
-7364
-7202
-6654
-5772
-4619
-3274
-1819
-336
1100
2424
3583
4537
5261
5742
5979
5978
5751
5315
4689
3890
2942
1866
690
-554
-1832
-3097
-4298
-5377
-6275
-6928
-7281
-7286
-6909
-6138
-4982
-3477
-1687
298
2371
4406
6269
7831
8973
9598
9640
9072
7907
6203
4058
1605
-993
-3562
-5922
-7905
-9367
-10201
-10343
-9781
-8554
-6753
-4510
-1992
614
3117
5333
7105
8311
8876
8775
8039
6748
5023
3018
905
-1142
-2960
-4412
-5399
-5864
-5801
-5251
-4296
-3053
-1660
-264
996
1999
2657
2920
2781
2277
1485
510
-519
-1472
-2225
-2673
-2748
-2417
-1698
-648
632
2015
3353
4493
5297
5651
5481
4759
3513
1820
-191
-2359
-4494
-6401
-7894
-8817
-9055
-8550
-7306
-5392
-2938
-126
2823
5673
8183
10136
11353
11712
11160
9717
7476
4597
1298
-2167
-5529
-8520
-10899
-12474
-13114
-12761
-11438
-9245
-6347
-2971
624
4162
7373
10012
11886
12861
12876
11946
10157
7663
4667
1406
-1869
-4916
-7514
-9488
-10716
-11139
-10761
-9648
-7920
-5735
-3279
-745
1677
3825
5565
6807
7507
7667
7330
6573
5496
4213
2838
1476
214
-884
-1784
-2475
-2967
-3290
-3482
-3583
-3628
0
0
0
0
0
0
0
0
0
0
0
0
0
0
0
0
0
0
0
0
0
0
0
0
0
0
0
0
0
0
0
0
0
0
0
0
0
0
0
0
0
0
0
0
0
0
0
0
0
0
0
0
0
0
0
0
0
0
0
0
0
0
0
0
0
0
0
10922
10496
9254
7297
4786
1924
-1055
-3914
-6425
-8394
-9670
-10166
-9859
-8791
-7068
-4847
-2322
292
2779
4943
6616
7682
8077
7801
6907
5501
3731
1768
-205
-2017
-3515
-4583
-5151
-5198
-4755
-3894
-2729
-1394
-38
1197
2187
2836
3088
2929
2390
1543
489
-646
-1731
-2637
-3255
-3505
-3343
-2769
-1826
-594
812
2261
3609
4719
5472
5779
5590
4899
3744
2208
407
-1512
-3396
-5086
-6437
-7334
-7694
-7479
-6697
-5404
-3693
-1695
440
2553
4485
6095
7268
7925
8028
7579
6625
5246
3553
1674
-253
-2097
-3735
-5068
-6023
-6559
-6668
-6369
-5711
-4761
-3599
-2313
-987
297
1476
2497
3324
3937
4332
4514
4499
4305
3956
3472
2874
2180
1410
580
-288
-1171
-2041
-2861
-3592
-4190
-4612
-4816
-4769
-4449
-3850
-2985
-1887
-611
768
2164
3479
4615
5477
5989
6094
5764
5005
3856
2389
706
-1069
-2803
-4355
-5598
-6423
-6754
-6552
-5820
-4605
-2996
-1117
882
2841
4596
5997
6920
7281
7039
6203
4832
3032
944
-1261
-3405
-5307
-6807
-7775
-8124
-7817
-6872
-5356
-3388
-1121
1263
3577
5636
7273
8361
8812
8593
7723
6273
4360
2135
-225
-2540
-4634
-6354
-7578
-8228
-8273
-7730
-6663
-5173
-3391
-1466
451
2219
3715
4848
5560
5836
5694
5190
4404
3432
2379
1344
413
-347
-900
-1236
-1373
-1352
-1232
-1082
-969
-953
-1076
-1357
-1788
-2336
-2942
-3529
-4008
-4290
-4293
-3957
-3245
-2156
-727
970
2831
4724
6499
8007
9101
9663
9602
8876
7487
5492
2998
154
-2854
-5824
-8543
-10809
-12448
-13323
-13349
-12500
-10811
-8378
-5352
-1926
1672
5206
8436
11147
13155
14326
14585
13916
12371
10057
7134
3801
282
-3192
-6397
-9132
-11231
-12577
-13105
-12807
-11730
-9972
-7671
-4996
-2134
723
3397
5725
7578
8865
9538
9592
9063
8024
6577
4844
2958
1052
-749
-2339
-3633
-4574
-5134
-5317
-5149
-4683
-3984
-3132
-2208
-1289
-446
265
807
1158
1319
1304
1146
887
576
264
0
-177
-236
-162
47
379
807
1293
1789
2246
2611
2840
2894
2747
2389
1822
1069
167
-833
-1873
-2885
-3800
-4551
-5080
-5341
-5304
-4956
-4304
-3374
-2213
-881
547
1991
3366
4590
5590
6304
6685
6709
6369
5682
4682
3425
1978
419
-1166
-2695
-4086
-5267
-6178
-6776
-7032
-6938
-6503
-5752
-4724
-3473
-2061
-555
973
2455
3822
5014
5977
6668
7054
7116
6847
6255
5359
4194
2806
1254
-393
-2062
-3671
-5138
-6384
-7336
-7932
-8126
-7890
-7220
-6134
-4677
-2918
-945
1131
3193
5117
6779
8069
8897
9196
8933
8111
6769
4984
2863
540
-1831
-4095
-6095
-7692
-8773
-9258
-9111
-8337
-6992
-5169
-3000
-642
1731
3946
5839
7271
8137
8376
7975
6972
5451
3536
1382
-836
-2941
-4765
-6162
-7025
-7286
-6932
-5998
-4568
-2766
-748
1313
3242
4874
6071
6731
6798
6268
5187
3648
1785
-242
-2259
-4092
-5581
-6597
-7051
-6903
-6161
-4889
-3192
-1215
874
2899
4687
6086
6976
7281
6976
6086
4687
2899
874
-1215
-3192
-4889
-6161
-6903
-7051
-6597
-5581
-4092
-2259
-242
1785
3648
5187
6268
6798
6731
6071
4874
3242
1313
-748
-2766
-4568
-5998
-6932
-7286
-7025
-6162
-4765
-2941
-836
1382
3536
5451
6972
7975
8376
8137
7271
5839
3946
1731
-642
-3000
-5169
-6992
-8337
-9111
-9258
-8773
-7692
-6095
-4095
-1831
540
2863
4984
6769
8111
8933
9196
8897
8069
6779
5117
3193
1131
-945
-2918
-4677
-6134
-7220
-7890
-8126
-7932
-7336
-6384
-5138
-3671
-2062
-393
1254
2806
4194
5359
6255
6847
7116
7054
6668
5977
5014
3822
2455
973
-555
-2061
-3473
-4724
-5752
-6503
-6938
-7032
-6776
-6178
-5267
-4086
-2695
-1166
419
1978
3425
4682
5682
6369
6709
6685
6304
5590
4590
3366
1991
547
-881
-2213
-3374
-4304
-4956
-5304
-5341
-5080
-4551
-3800
-2885
-1873
-833
167
1069
1822
2389
2747
2894
2840
2611
2246
1789
1293
807
379
47
-162
-236
-177
0
264
576
887
1146
1304
1319
1158
807
265
-446
-1289
-2208
-3132
-3984
-4683
-5149
-5317
-5134
-4574
-3633
-2339
-749
1052
2958
4844
6577
8024
9063
9592
9538
8865
7578
5725
3397
723
-2134
-4996
-7671
-9972
-11730
-12807
-13105
-12577
-11231
-9132
-6397
-3192
282
3801
7134
10057
12371
13916
14585
14326
13155
11147
8436
5206
1672
-1926
-5352
-8378
-10811
-12500
-13349
-13323
-12448
-10809
-8543
-5824
-2854
154
2998
5492
7487
8876
9602
9663
9101
8007
6499
4724
2831
970
-727
-2156
-3245
-3957
-4293
-4290
-4008
-3529
-2942
-2336
-1788
-1357
-1076
-953
-969
-1082
-1232
-1352
-1373
-1236
-900
-347
413
1344
2379
3432
4404
5190
5694
5836
5560
4848
3715
2219
451
-1466
-3391
-5173
-6663
-7730
-8273
-8228
-7578
-6354
-4634
-2540
-225
2135
4360
6273
7723
8593
8812
8361
7273
5636
3577
1263
-1121
-3388
-5356
-6872
-7817
-8124
-7775
-6807
-5307
-3405
-1261
944
3032
4832
6203
7039
7281
6920
5997
4596
2841
882
-1117
-2996
-4605
-5820
-6552
-6754
-6423
-5598
-4355
-2803
-1069
706
2389
3856
5005
5764
6094
5989
5477
4615
3479
2164
768
-611
-1887
-2985
-3850
-4449
-4769
-4816
-4612
-4190
-3592
-2861
-2041
-1171
-288
580
1410
2180
2874
3472
3956
4305
4499
4514
4332
3937
3324
2497
1476
297
-987
-2313
-3599
-4761
-5711
-6369
-6668
-6559
-6023
-5068
-3735
-2097
-253
1674
3553
5246
6625
7579
8028
7925
7268
6095
4485
2553
440
-1695
-3693
-5404
-6697
-7479
-7694
-7334
-6437
-5086
-3396
-1512
407
2208
3744
4899
5590
5779
5472
4719
3609
2261
812
-594
-1826
-2769
-3343
-3505
-3255
-2637
-1731
-646
489
1543
2390
2929
3088
2836
2187
1197
-38
-1394
-2729
-3894
-4755
-5198
-5151
-4583
-3515
-2017
-205
1768
3731
5501
6907
7801
8077
7682
6616
4943
2779
292
-2322
-4847
-7068
-8791
-9859
-10166
-9670
-8394
-6425
-3914
-1055
1924
4786
7297
9254
10496
0
0
0
0
0
0
0
0
0
0
0
0
0
0
0
0
0
0
0
0
0
0
0
0
0
0
0
0
0
0
0
0
0
0
0
0
0
0
0
0
0
0
0
0
0
0
0
0
0
0
0
0
0
0
0
0
0
0
0
0
0
0
0
0
0
0
0
14563
14035
12494
10059
6917
3310
-487
-4188
-7519
-10238
-12156
-13150
-13171
-12247
-10479
-8032
-5114
-1965
1166
4045
6468
8277
9371
9712
9326
8297
6755
4864
2806
762
-1102
-2652
-3791
-4470
-4689
-4489
-3952
-3182
-2300
-1426
-666
-102
212
266
81
-289
-765
-1249
-1643
-1857
-1818
-1485
-849
59
1175
2404
3629
4723
5564
6041
6076
5624
4684
3299
1557
-419
-2479
-4461
-6199
-7546
-8381
-8622
-8236
-7242
-5706
-3741
-1497
854
3133
5163
6793
7903
8416
8308
7603
6374
4737
2834
827
-1119
-2854
-4250
-5214
-5697
-5693
-5241
-4418
-3330
-2102
-864
259
1165
1780
2063
2013
1667
1094
388
-344
-994
-1460
-1665
-1558
-1127
-396
573
1690
2839
3894
4732
5240
5334
4963
4118
2835
1191
-697
-2688
-4621
-6335
-7677
-8522
-8781
-8408
-7409
-5840
-3805
-1444
1071
3557
5830
7720
9089
9835
9906
9301
8070
6310
4155
1769
-674
-3000
-5047
-6681
-7802
-8355
-8329
-7757
-6712
-5297
-3640
-1877
-141
1442
2775
3783
4427
4702
4632
4270
3687
2966
2194
1449
798
288
-56
-234
-266
-190
-57
76
156
134
-19
-322
-767
-1328
-1960
-2604
-3194
-3659
-3937
-3976
-3740
-3219
-2423
-1388
-172
1148
2486
3747
4838
5677
6196
6350
6118
5505
4544
3291
1822
228
-1391
-2938
-4317
-5446
-6260
-6715
-6789
-6486
-5830
-4865
-3655
-2270
-792
696
2118
3401
4481
5312
5859
6103
6041
5685
5060
4200
3152
1968
705
-577
-1820
-2965
-3960
-4757
-5318
-5614
-5631
-5364
-4823
-4033
-3031
-1867
-600
701
1969
3130
4118
4875
5354
5525
5375
4910
4157
3160
1980
690
-629
-1894
-3025
-3949
-4608
-4961
-4988
-4688
-4087
-3226
-2168
-985
239
1424
2486
3356
3976
4307
4330
4047
3482
2675
1687
586
-549
-1642
-2617
-3408
-3961
-4237
-4218
-3902
-3309
-2474
-1450
-301
900
2078
3157
4064
4738
5128
5201
4941
4351
3454
2292
926
-569
-2110
-3602
-4951
-6066
-6865
-7281
-7266
-6796
-5874
-4532
-2830
-853
1288
3470
5554
7402
8883
9881
10307
10103
9248
7766
5721
3221
406
-2553
-5470
-8151
-10411
-12085
-13041
-13191
-12498
-10981
-8715
-5831
-2502
1060
4625
7956
10825
13033
14424
14892
14397
12963
10678
7692
4203
445
-3328
-6863
-9920
-12295
-13834
-14440
-14085
-12806
-10706
-7946
-4729
-1288
2134
5300
7996
10051
11341
11804
11440
10309
8525
6249
3669
990
-1585
-3872
-5715
-7001
-7667
-7701
-7144
-6082
-4635
-2953
-1193
487
1948
3075
3790
4055
3877
3301
2410
1311
129
-1009
-1983
-2693
-3064
-3057
-2669
-1937
-929
258
1513
2712
3738
4486
4873
4851
4403
3553
2356
902
-698
-2318
-3829
-5106
-6044
-6562
-6612
-6181
-5296
-4017
-2435
-666
1161
2915
4465
5702
6536
6911
6803
6227
5229
3888
2306
601
-1102
-2681
-4026
-5046
-5675
-5880
-5658
-5038
-4080
-2866
-1494
-72
1288
2487
3438
4076
4361
4282
3858
3131
2169
1058
-107
-1230
-2217
-2985
-3473
-3640
-3473
-2985
-2217
-1230
-107
1058
2169
3131
3858
4282
4361
4076
3438
2487
1288
-72
-1494
-2866
-4080
-5038
-5658
-5880
-5675
-5046
-4026
-2681
-1102
601
2306
3888
5229
6227
6803
6911
6536
5702
4465
2915
1161
-666
-2435
-4017
-5296
-6181
-6612
-6562
-6044
-5106
-3829
-2318
-698
902
2356
3553
4403
4851
4873
4486
3738
2712
1513
258
-929
-1937
-2669
-3057
-3064
-2693
-1983
-1009
129
1311
2410
3301
3877
4055
3790
3075
1948
487
-1193
-2953
-4635
-6082
-7144
-7701
-7667
-7001
-5715
-3872
-1585
990
3669
6249
8525
10309
11440
11804
11341
10051
7996
5300
2134
-1288
-4729
-7946
-10706
-12806
-14085
-14440
-13834
-12295
-9920
-6863
-3328
445
4203
7692
10678
12963
14397
14892
14424
13033
10825
7956
4625
1060
-2502
-5831
-8715
-10981
-12498
-13191
-13041
-12085
-10411
-8151
-5470
-2553
406
3221
5721
7766
9248
10103
10307
9881
8883
7402
5554
3470
1288
-853
-2830
-4532
-5874
-6796
-7266
-7281
-6865
-6066
-4951
-3602
-2110
-569
926
2292
3454
4351
4941
5201
5128
4738
4064
3157
2078
900
-301
-1450
-2474
-3309
-3902
-4218
-4237
-3961
-3408
-2617
-1642
-549
586
1687
2675
3482
4047
4330
4307
3976
3356
2486
1424
239
-985
-2168
-3226
-4087
-4688
-4988
-4961
-4608
-3949
-3025
-1894
-629
690
1980
3160
4157
4910
5375
5525
5354
4875
4118
3130
1969
701
-600
-1867
-3031
-4033
-4823
-5364
-5631
-5614
-5318
-4757
-3960
-2965
-1820
-577
705
1968
3152
4200
5060
5685
6041
6103
5859
5312
4481
3401
2118
696
-792
-2270
-3655
-4865
-5830
-6486
-6789
-6715
-6260
-5446
-4317
-2938
-1391
228
1822
3291
4544
5505
6118
6350
6196
5677
4838
3747
2486
1148
-172
-1388
-2423
-3219
-3740
-3976
-3937
-3659
-3194
-2604
-1960
-1328
-767
-322
-19
134
156
76
-57
-190
-266
-234
-56
288
798
1449
2194
2966
3687
4270
4632
4702
4427
3783
2775
1442
-141
-1877
-3640
-5297
-6712
-7757
-8329
-8355
-7802
-6681
-5047
-3000
-674
1769
4155
6310
8070
9301
9906
9835
9089
7720
5830
3557
1071
-1444
-3805
-5840
-7409
-8408
-8781
-8522
-7677
-6335
-4621
-2688
-697
1191
2835
4118
4963
5334
5240
4732
3894
2839
1690
573
-396
-1127
-1558
-1665
-1460
-994
-344
388
1094
1667
2013
2063
1780
1165
259
-864
-2102
-3330
-4418
-5241
-5693
-5697
-5214
-4250
-2854
-1119
827
2834
4737
6374
7603
8308
8416
7903
6793
5163
3133
854
-1497
-3741
-5706
-7242
-8236
-8622
-8381
-7546
-6199
-4461
-2479
-419
1557
3299
4684
5624
6076
6041
5564
4723
3629
2404
1175
59
-849
-1485
-1818
-1857
-1643
-1249
-765
-289
81
266
212
-102
-666
-1426
-2300
-3182
-3952
-4489
-4689
-4470
-3791
-2652
-1102
762
2806
4864
6755
8297
9326
9712
9371
8277
6468
4045
1166
-1965
-5114
-8032
-10479
-12247
-13171
-13150
-12156
-10238
-7519
-4188
-487
3310
6917
10059
12494
14035
0
0
0
0
0
0
0
0
0
0
0
0
0
0
0
0
0
0
0
0
0
0
0
0
0
0
0
0
0
0
0
0
0
0
0
0
0
0
0
0
0
0
0
0
0
0
0
0
0
0
0
0
0
0
0
0
0
0
0
0
0
0
0
0
0
0
0
