0
4278
8485
12550
16402
19973
23203
26035
28419
30314
31684
32507
32766
32456
31581
30156
28203
25758
22860
19561
15917
11991
7852
3573
-771
-5106
-9352
-13436
-17284
-20829
-24006
-26759
-29038
-30801
-32015
-32660
-32720
-32196
-31094
-29434
-27244
-24563
-21439
-17925
-14087
-9991
-5712
-1327
3083
7441
11667
15683
19415
22796
25762
28259
30239
31667
32514
32764
32412
31462
29931
27847
25247
22178
18696
14865
10755
6443
2009
-2465
-6896
-11201
-15299
-19113
-22570
-25606
-28162
-30190
-31650
-32514
-32764
-32394
-31411
-29832
-27686
-25012
-21861
-18292
-14372
-10175
-5781
-1274
3259
7733
12062
16161
19951
23359
26318
28771
30668
31973
32659
32711
32127
30919
29107
26727
23823
20452
16679
12577
8226
3711
-879
-5455
-9926
-14204
-18204
-21846
-25058
-27775
-29942
-31516
-32464
-32766
-32415
-31417
-29790
-27567
-24790
-21514
-17805
-13736
-9388
-4849
-209
4437
8997
13377
17489
21248
24578
27411
29687
31359
32393
32765
32468
31507
29899
27676
24884
21579
17828
13707
9301
4700
0
-4703
-9311
-13729
-17864
-21629
-24947
-27746
-29968
-31566
-32503
-32761
-32332
-31225
-29460
-27076
-24119
-20653
-16748
-12488
-7961
-3263
1506
6246
10856
15238
19298
22949
26112
28719
30713
32051
32702
32651
31900
30461
28366
25658
22395
18646
14492
10022
5332
524
-4298
-9029
-13567
-17811
-21669
-25055
-27896
-30127
-31699
-32577
-32739
-32182
-30916
-28967
-26379
-23206
-19519
-15397
-10932
-6222
-1372
3511
8320
12945
17284
21240
24723
27655
29968
31611
32545
32748
32214
30954
28995
26381
23169
19431
15252
10724
5950
1038
-3899
-8751
-13405
-17757
-21705
-25159
-28038
-30277
-31822
-32637
-32702
-32014
-30588
-28456
-25665
-22280
-18377
-14047
-9388
-4509
477
5455
10308
14924
19194
23018
26305
28979
30974
32243
32756
32498
31476
29711
27244
24133
20449
16280
11722
6884
1880
-3170
-8148
-12935
-17416
-21484
-25041
-28000
-30291
-31856
-32659
-32677
-31909
-30373
-28105
-25157
-21600
-17520
-13013
-8189
-3163
1941
7001
11893
16499
20705
24407
27516
29953
31659
32589
32721
32049
30590
28377
25463
21921
17836
13307
8448
3377
-1780
-6896
-11843
-16499
-20746
-24479
-27603
-30040
-31727
-32621
-32699
-31957
-30413
-28105
-25088
-21439
-17247
-12618
-7668
-2522
2689
7836
12787
17416
21605
25247
28248
30530
32035
32723
32574
31592
29801
27244
23987
20112
15718
10917
5832
595
-4660
-9798
-14685
-19194
-23208
-26622
-29345
-31307
-32455
-32757
-32206
-30813
-28614
-25665
-22043
-17841
-13169
-8148
-2911
2405
7661
12717
17440
21705
25397
28419
30689
32146
32750
32483
31352
29385
26633
23169
19084
14487
9500
4255
-1105
-6439
-11603
-16457
-20870
-24723
-27911
-30346
-31961
-32712
-32578
-31559
-29684
-27001
-23582
-19519
-14922
-9916
-4636
771
6162
11386
16301
20770
24671
27896
30354
31977
32719
32558
31498
29565
26813
23317
19172
14492
9407
4058
-1405
-6833
-12073
-16978
-21411
-25247
-28377
-30713
-32188
-32760
-32410
-31148
-29007
-26047
-22351
-18021
-13179
-7961
-2516
3003
8440
13640
18454
22745
26389
29282
31340
32503
32737
32033
30409
27913
24613
20604
16000
10932
5547
0
-5550
-10942
-16021
-20637
-24657
-27963
-30458
-32068
-32745
-32468
-31244
-29107
-26118
-22364
-17952
-13013
-7689
-2137
3479
8997
14252
19090
23367
26955
29748
31662
32640
32650
31691
29790
27003
23411
19119
14256
8965
3403
-2262
-7862
-13230
-18204
-22633
-26385
-29345
-31423
-32556
-32707
-31871
-30072
-27362
-23823
-19561
-14703
-9397
-3803
1908
7565
12994
18030
22517
26318
29316
31419
32559
32702
31841
30001
27238
23635
19302
14372
8996
3339
-2422
-8112
-13553
-18577
-23026
-26761
-29667
-31650
-32648
-32629
-31591
-29565
-26615
-22829
-18327
-13249
-7752
-2009
3799
9491
14886
19815
24120
27666
30338
32052
32751
32412
31044
28690
25423
21345
16586
11295
5642
-193
-6025
-11667
-16938
-21669
-25706
-28920
-31206
-32489
-32726
-31909
-30063
-27244
-23544
-19081
-13998
-8460
-2644
3259
9060
14569
19606
24006
27626
30346
32075
32756
32366
30916
28451
25051
20827
15917
10480
4696
-1244
-7147
-12817
-18065
-22719
-26622
-29644
-31684
-32674
-32578
-31398
-29173
-25975
-21909
-17110
-11737
-5969
0
5972
11747
17130
21941
26016
29217
31436
32596
32657
31615
29504
26395
22390
17625
12260
6476
470
-5554
-11392
-16845
-21726
-25867
-29127
-31393
-32585
-32662
-31619
-29491
-26349
-22301
-17483
-12062
-6222
-166
5898
11762
17222
22088
26191
29387
31566
32648
32597
31411
29131
25835
21636
16679
11138
5205
-912
-7001
-12847
-18244
-23003
-26955
-29960
-31912
-32739
-32412
-30940
-28374
-24803
-20353
-15179
-9465
-3413
2763
8843
14612
19863
24407
28083
30758
32334
32755
32003
30103
27124
23169
18381
12929
7010
836
-5370
-11386
-16993
-21989
-26191
-29446
-31636
-32680
-32538
-31214
-28754
-25247
-20819
-15630
-9868
-3744
2518
8692
14551
19879
24480
28184
30855
32393
32739
31880
29845
26709
22585
17625
12011
5950
-333
-6607
-12639
-18204
-23094
-27128
-30152
-32055
-32763
-32248
-30528
-27666
-23767
-18976
-13473
-7461
-1167
5173
11322
17047
22132
26385
29644
31785
32724
32427
30901
28203
24435
19738
14288
8294
1981
-4409
-10635
-16457
-21654
-26025
-29402
-31656
-32697
-32485
-31027
-28377
-24634
-19943
-14481
-8460
-2109
4324
10594
16457
21686
26077
29459
31699
32710
32451
30929
28203
24378
19601
14056
7961
1552
-4919
-11201
-17047
-22227
-26537
-29806
-31906
-32751
-32307
-30590
-27666
-23648
-18696
-13002
-6791
-309
6187
12441
18204
23246
27366
30398
32222
32762
31995
29951
26709
22398
17189
11289
4935
-1619
-8112
-14281
-19879
-24678
-28486
-31147
-32552
-32643
-31416
-28917
-25247
-20553
-15023
-8882
-2378
4225
10659
16662
21989
26421
29777
31918
32756
32254
30432
27362
23169
18024
12137
5748
-879
-7473
-13762
-19485
-24407
-28323
-31070
-32533
-32650
-31414
-28875
-25136
-20353
-14721
-8475
-1874
4807
11292
17307
22602
26955
30182
32146
32765
32010
29911
26556
22083
16679
10571
4016
-2711
-9326
-15551
-21121
-25799
-29387
-31732
-32732
-32344
-30582
-27520
-23286
-18060
-12062
-5547
1206
7911
14280
20041
24947
28786
31393
32653
32513
30975
28105
24024
18906
12972
6476
-301
-7069
-13534
-19415
-24458
-28443
-31196
-32596
-32580
-31148
-28360
-24336
-19250
-13322
-6811
0
6813
13332
19269
24364
28393
31178
32594
32578
31129
28309
24241
19103
13120
6555
-301
-7147
-13680
-19609
-24671
-28641
-31340
-32648
-32505
-30916
-27948
-23735
-18460
-12360
-5706
1206
8067
14569
20421
25359
29162
31656
32728
32328
30473
27244
22786
17298
11027
4255
-2711
-9557
-15974
-21669
-26383
-29901
-32062
-32766
-31979
-29736
-26137
-21345
-15577
-9095
-2195
4807
11593
17850
23291
27666
30771
32464
32665
31362
28614
24546
19345
13249
6538
-477
-7473
-14125
-20126
-25196
-29098
-31650
-32732
-32292
-30349
-26991
-22374
-16712
-10266
-3339
3746
10659
17076
22694
27251
30530
32377
32702
31489
28793
24740
19519
13375
6597
-494
-7565
-14281
-20323
-25404
-29282
-31772
-32753
-32178
-30072
-26533
-21729
-15887
-9285
-2238
4919
11843
18204
23695
28052
31066
32589
32548
30942
27847
23411
17845
11416
4435
-2763
-9830
-16425
-22227
-26955
-30378
-32330
-32713
-31507
-28769
-24631
-19293
-13013
-6096
1120
8285
15047
21076
26077
29802
32068
32763
31850
29372
25451
20276
14101
7230
0
-7232
-14111
-20295
-25478
-29402
-31872
-32764
-32033
-29711
-25913
-20827
-14703
-7845
-595
6688
13640
19914
25196
29220
31785
32759
32093
29819
26047
20967
14832
7950
664
-6656
-13645
-19948
-25247
-29273
-31822
-32763
-32046
-29706
-25861
-20703
-14492
-7543
-209
7138
14125
20396
25629
29557
31977
32766
31880
29363
25342
20022
13674
6622
-771
-8129
-15071
-21240
-26318
-30042
-32219
-32734
-31559
-28754
-24461
-18901
-12360
-5177
2276
9615
16457
22447
27271
30678
32489
32608
31026
27825
23169
17302
10527
3199
-4298
-11573
-18244
-23960
-28419
-31387
-32705
-32302
-30198
-26501
-21406
-15179
-8148
-684
6817
13962
20369
25700
29668
32064
32757
31710
28975
24698
19103
12488
5205
-2358
-9798
-16717
-22745
-27557
-30894
-32577
-32513
-30703
-27244
-22319
-16192
-9191
-1693
5898
13175
19743
25247
29388
31941
32765
31816
29141
24884
19276
12618
5272
-2362
-9871
-16845
-22903
-27714
-31014
-32621
-32445
-30495
-26875
-21781
-15492
-8351
-749
6896
14165
20658
26016
29942
32220
32721
31417
28377
23767
17841
10926
3403
-4310
-11787
-18613
-24407
-28847
-31684
-32759
-32010
-29476
-25298
-19707
-13013
-5590
2148
9769
16845
22980
27828
31116
32659
32366
30254
26438
21133
14635
7310
-430
-8148
-15409
-21801
-26962
-30598
-32502
-32563
-30778
-27244
-22162
-15818
-8572
-836
6950
14343
20920
26305
30190
32350
32661
31103
27762
22829
16586
9388
1649
-6187
-13670
-20369
-25898
-29936
-32249
-32702
-31267
-28024
-23161
-16955
-9766
-2009
5867
13405
20168
25762
29860
32222
32709
31291
28049
23169
16936
9711
1916
-5992
-13553
-20323
-25904
-29968
-32275
-32687
-31179
-27837
-22855
-16527
-9222
-1372
6562
14111
20829
26318
30252
32397
32623
30916
27374
22206
15718
8294
373
-7571
-15067
-21669
-26980
-30683
-32556
-32483
-30469
-26631
-21197
-14492
-6916
1077
9009
16402
22811
27851
31216
32702
32218
29790
25564
19793
12824
5078
-2978
-10856
-18080
-24210
-28873
-31785
-32766
-31757
-28816
-24119
-17952
-10689
-2772
5316
13083
20053
25799
29968
32304
32662
31017
27469
22233
15630
8064
0
-8067
-15639
-22251
-27492
-31038
-32669
-32282
-29899
-25665
-19840
-12785
-4935
3223
11185
18454
24578
29176
31960
32754
31507
28295
23317
16881
9388
1306
-6859
-14599
-21426
-26913
-30713
-32587
-32415
-30206
-26096
-20343
-13307
-5431
2789
10837
18204
24423
29100
31937
32755
31498
28244
23199
16679
9099
938
-7285
-15047
-21854
-27271
-30951
-32659
-32282
-29844
-25497
-19519
-12290
-4271
4023
12062
19330
25359
29762
32252
32670
30984
27303
21861
15008
7184
-1105
-9326
-16947
-23474
-28484
-31650
-32766
-31757
-28687
-23753
-17274
-9670
-1435
6896
14781
21705
27215
30951
32666
32248
29720
25247
19119
11737
3583
-4807
-12886
-20121
-26035
-30239
-32455
-32534
-30469
-26395
-20578
-13400
-5336
3083
11302
18775
25007
29584
32200
32681
30992
27244
21684
14679
6695
-1736
-10055
-17706
-24178
-29038
-31959
-32744
-31340
-27837
-22468
-15592
-7668
771
9163
16942
23583
28641
31772
32764
31548
28203
22955
16155
8261
-193
-8637
-16499
-23246
-28419
-31667
-32766
-31641
-28366
-23161
-16378
-8479
0
8482
16388
23178
28387
31659
32766
31633
28334
23092
16267
8323
-193
-8699
-16610
-23382
-28547
-31748
-32764
-31521
-28105
-22748
-15818
-7793
771
9287
17161
23850
28887
31923
32744
31292
27666
22114
15023
6884
-1736
-10238
-18030
-24565
-29387
-32158
-32681
-30919
-26991
-21173
-13868
-5590
3083
11543
19194
25499
30012
32414
32534
30361
26047
19895
12336
3903
-4807
-13181
-20625
-26610
-30711
-32637
-32248
-29569
-24790
-18247
-10405
-1820
6896
15124
22277
27843
31423
32760
31757
28483
23169
16196
8060
-655
-9326
-17331
-24094
-29127
-32068
-32703
-30984
-27033
-21133
-13707
-5289
3511
12062
19743
25999
30374
32552
32371
29844
25150
18630
10754
2094
-6719
-15047
-22282
-27896
-31478
-32765
-31661
-28244
-22763
-15616
-7324
1506
10228
18204
24847
29668
32313
32585
30461
26096
19809
12062
3423
-5469
-13962
-21426
-27310
-31178
-32740
-31881
-28661
-23317
-16242
-7961
912
9721
17811
24578
29519
32265
32608
30520
26157
19840
12041
3339
-5613
-14150
-21629
-27492
-31296
-32755
-31758
-28377
-22863
-15630
-7219
1736
10564
18599
25234
29968
32443
32468
30041
25342
18725
10689
1842
-7147
-15598
-22868
-28404
-31785
-32751
-31227
-27327
-21345
-13736
-5078
3969
12717
20496
26712
30887
32702
32014
28875
23522
16364
7950
-1077
-10024
-18204
-24986
-29848
-32414
-32483
-30050
-25298
-18593
-10451
-1499
7571
16058
23305
28750
31969
32711
30916
26720
20449
12587
3744
-5391
-14111
-21734
-27666
-31442
-32766
-31533
-27837
-21964
-14372
-5653
3510
12401
20323
26654
30894
32710
31957
28692
23169
15822
7226
-1941
-10958
-19113
-25762
-30378
-32596
-32237
-29328
-24096
-16955
-8469
691
9799
18132
25028
29936
32465
32412
29778
24772
17791
9388
234
-8940
-17404
-24479
-29598
-32350
-32513
-30072
-25219
-18342
-9991
-836
8388
16942
24135
29387
32275
32563
30226
25451
18620
10283
1113
-8148
-16754
-24006
-29316
-32252
-32574
-30254
-25477
-18630
-10266
-1066
8222
16845
24098
29390
32286
32549
30156
25298
18372
9941
695
-8610
-17213
-24407
-29603
-32371
-32482
-29925
-24908
-17841
-9305
0
9307
17850
24924
29942
32491
32356
29546
24293
17028
8351
-1019
-10308
-18745
-25629
-30386
-32621
-32145
-28995
-23432
-15917
-7073
2362
11603
19879
26497
30903
32728
31816
28241
22301
14491
5464
-4023
-13175
-21224
-27492
-31451
-32766
-31324
-27244
-20868
-12732
-3519
5992
15001
22745
28568
31977
32682
30619
25962
19103
10622
1238
-8253
-17047
-24394
-29668
-32420
-32412
-29643
-24347
-16973
-8148
1373
10781
19269
26112
30723
32705
31886
28334
22351
14449
5304
-4298
-13534
-21608
-27826
-31650
-32749
-31026
-26627
-19930
-11510
-2094
7504
16457
23989
29446
32355
32460
29752
24461
17046
8148
-1459
-10942
-19477
-26318
-30870
-32732
-31742
-27983
-21780
-13674
-4371
5316
14541
22496
28484
31977
32669
30495
25645
18541
9807
209
-9410
-18204
-25397
-30356
-32640
-32046
-28625
-22675
-14721
-5464
4278
13645
21806
28038
31787
32719
30748
26047
19032
10324
695
-8997
-17892
-25196
-30256
-32621
-32077
-28669
-22701
-14703
-5389
4409
13816
21989
28193
31872
32694
30582
25725
18555
9715
0
-9718
-18563
-25739
-30598
-32699
-31850
-28126
-21861
-13619
-4144
5708
15047
23026
28920
32194
32549
29951
24631
17073
7961
-1876
-11547
-20168
-26955
-31287
-32766
-31257
-26894
-20073
-11416
-1713
8148
17267
24807
30076
32589
32113
28690
22632
14492
5018
-4919
-14407
-22570
-28657
-32104
-32591
-30072
-24775
-17189
-8012
1907
11653
20323
27113
31393
32763
31094
26539
19519
10683
852
-9060
-18132
-25519
-30530
-32697
-31816
-27965
-21503
-13031
-3339
6667
16052
23938
29584
32459
32292
29097
23169
15065
5543
-4501
-14125
-22423
-28612
-32108
-32578
-29977
-24546
-16798
-7461
2582
12385
21019
27666
31694
32721
30647
25665
18247
9095
-923
-10856
-19760
-26786
-31264
-32766
-31146
-26556
-19431
-10451
-470
9557
18675
26008
30855
32749
31507
27244
20368
11537
1595
-8501
-17784
-25359
-30497
-32702
-31758
-27754
-21074
-12360
-2451
7696
17103
24860
30215
32648
31922
28105
21563
12929
3039
-7147
-16643
-24525
-30025
-32607
-32016
-28309
-21844
-13249
-3359
6859
16412
24364
29939
32588
32050
28377
21924
13322
3413
-6833
-16412
-24382
-29960
-32596
-32028
-28309
-21804
-13150
-3199
7069
16643
24578
30089
32630
31946
28105
21482
12732
2719
-7565
-17103
-24947
-30318
-32680
-31797
-27754
-20951
-12062
-1970
8320
17784
25478
30633
32732
31565
27244
20200
11134
952
-9326
-18675
-26154
-31014
-32765
-31228
-26556
-19215
-9941
333
10578
19760
26955
31436
32749
30759
25665
17979
8475
-1887
-12062
-21019
-27851
-31864
-32650
-30126
-24546
-16475
-6728
3703
13762
22423
28806
32258
32427
29291
23169
14683
4696
-5772
-15653
-23938
-29777
-32571
-32033
-28214
-21503
-12587
-2378
8077
17706
25519
30711
32748
31416
26850
19519
10175
-219
-10594
-19879
-27113
-31549
-32726
-30520
-25157
-17189
-7439
3083
13289
22119
28657
32222
32441
29289
23092
14492
4381
-6187
-16114
-24364
-30076
-32652
-31820
-27666
-20619
-11416
-1017
9491
19008
26537
31287
32757
30792
25595
17709
7961
-2625
-12939
-21894
-28547
-32194
-32451
-29286
-23032
-14346
-4144
6498
16457
24678
30291
32699
31644
27238
19943
10531
0
-10533
-19951
-27251
-31656
-32694
-30254
-24592
-16309
-6286
4409
14637
23305
29487
32519
32077
28203
21312
12137
1660
-8997
-18692
-26385
-31248
-32757
-30748
-25434
-17383
-7461
3266
13645
22556
29038
32390
32248
28625
21909
12824
2351
-8378
-18204
-26061
-31098
-32765
-30880
-25645
-17625
-7689
3083
13524
22496
29023
32393
32235
28565
21780
12618
2077
-8692
-18516
-26318
-31245
-32755
-30681
-25247
-17046
-6975
3863
14280
23132
29446
32527
32033
28015
20915
11510
836
-9932
-19609
-27125
-31650
-32682
-30103
-24198
-15616
-5304
5596
15880
24407
30232
32705
31550
26894
19250
9465
-1373
-12062
-21411
-28379
-32188
-32412
-29022
-22395
-13267
-2656
8253
18244
26197
31222
32754
30619
25054
16679
6433
-4537
-15001
-23783
-29895
-32648
-31731
-27244
-19690
-9916
976
11762
21224
28293
32170
32415
28997
22301
13080
2378
-8595
-18599
-26497
-31393
-32729
-30352
-24528
-15917
-5494
5554
15974
24578
30386
32734
31352
26395
18425
8351
-2679
-13405
-22602
-29217
-32491
-32046
-27932
-20616
-10936
0
10939
20625
27944
32055
32482
29173
22507
13249
2462
-8610
-18692
-26622
-31481
-32707
-30156
-24119
-15293
-4696
6446
16845
25296
30817
32766
30916
25477
17079
6695
-4468
-15115
-24006
-30106
-32702
-31489
-26606
-18620
-8460
2689
13528
22788
29387
32552
31909
27532
19930
9991
-1120
-12103
-21669
-28693
-32350
-32208
-28280
-21025
-11295
-234
10856
20671
28052
32127
32412
28871
21921
12379
1372
-9799
-19815
-27487
-31906
-32545
-29328
-22632
-13249
-2291
8940
19113
27016
31708
32629
29666
23169
13911
2992
-8285
-18577
-26654
-31549
-32677
-29899
-23544
-14372
-3477
7836
18214
26411
31442
32702
30037
23764
14635
3744
-7598
-18030
-26293
-31393
-32711
-30086
-23833
-14703
-3796
7571
18026
26305
31405
32707
30050
23753
14577
3632
-7754
-18204
-26446
-31479
-32688
-29925
-23522
-14256
-3253
8148
18560
26712
31608
32650
29706
23135
13736
2656
-8751
-19090
-27095
-31785
-32581
-29385
-22585
-13013
-1842
9557
19786
27585
31994
32468
28947
21861
12081
809
-10564
-20637
-28166
-32219
-32293
-28377
-20951
-10932
440
11762
21629
28819
32437
32033
27653
19840
9561
-1907
-13142
-22745
-29519
-32621
-31661
-26755
-18514
-7961
3586
14689
23960
30239
32740
31148
25658
16955
6128
-5469
-16384
-25247
-30944
-32759
-30461
-24336
-15151
-4058
7546
18204
26572
31595
32638
29565
22763
13087
1756
-9798
-20118
-27896
-32148
-32332
-28424
-20915
-10754
771
12203
22088
29171
32552
31797
27001
18769
8148
-3511
-14727
-24069
-30346
-32754
-30984
-25260
-16309
-5272
6439
17331
26008
31359
32696
29845
23169
13521
2137
-9523
-19964
-27843
-32146
-32318
-28334
-20703
-10405
1234
12717
22564
29503
32637
31559
26407
17841
6968
-4807
-15965
-25058
-30909
-32757
-30361
-24028
-14577
-3233
8533
19194
27364
31977
32433
28669
21173
10917
-762
-12345
-22321
-29387
-32619
-31592
-26438
-17828
-6884
4961
16161
25247
31028
32744
30168
23635
13998
2522
-9287
-19879
-27860
-32179
-32265
-28105
-20242
-9711
2101
13640
23382
30040
32733
31103
25362
16267
5018
-6896
-17901
-26537
-31659
-32585
-29190
-21921
-11741
0
11743
21929
29201
32589
31641
26480
17791
6728
-5233
-16499
-25566
-31222
-32709
-29826
-22955
-13013
-1327
10537
20994
28641
32450
31909
27088
18630
7668
-4324
-15739
-25041
-30976
-32744
-30105
-23411
-13561
-1880
10055
20637
28436
32397
31982
27244
18822
7852
-4182
-15653
-25007
-30974
-32743
-30072
-23319
-13400
-1660
10308
20879
28612
32455
31881
26966
18377
7282
-4807
-16245
-25468
-31216
-32702
-29720
-22675
-12528
-664
11292
21705
29147
32596
31576
26225
17274
5950
-6193
-17489
-26383
-31650
-32564
-28995
-21433
-10917
1105
12978
23064
29968
32737
30984
24950
15465
3839
-8320
-19330
-27666
-32170
-32217
-27796
-19519
-8531
3643
15314
24860
30951
32739
29972
23032
12884
938
-11141
-21669
-29176
-32613
-31498
-25982
-16835
-5332
6918
18204
26944
31912
32410
28366
20343
9465
-2743
-14569
-24351
-30713
-32759
-30198
-23387
-13283
-1306
10856
21492
29100
32604
31507
25962
16748
5166
-7147
-18454
-27152
-32008
-32332
-28076
-19840
-8789
3510
15314
24947
31038
32720
29752
22551
12140
0
-12143
-22559
-29762
-32723
-31017
-24884
-15198
-3339
8998
20053
28242
32393
31908
26854
17952
6476
-5930
-17489
-26541
-31785
-32465
-28481
-20402
-9388
2978
14918
24714
30951
32730
29790
22554
12062
-172
-12385
-22811
-29942
-32746
-30813
-24421
-14492
-2462
9926
20879
28806
32556
31581
26021
16679
4912
-7571
-18956
-27585
-32200
-32127
-27374
-18630
-7167
5342
17076
26318
31719
32485
28504
20353
9222
-3259
-15267
-25041
-31147
-32687
-29434
-21861
-11077
1334
13553
23783
30517
32764
30189
23169
12736
423
-11953
-22570
-29860
-32743
-30792
-24293
-14202
-2009
10483
21426
29201
32652
31267
25247
15482
3419
-9153
-20369
-28563
-32514
-31633
-26047
-16586
-4654
7973
19415
27967
32350
31910
26709
17520
5712
-6950
-18577
-27428
-32179
-32116
-27244
-18292
-6597
6088
17864
26962
32015
32263
27666
18910
7310
-5391
-17284
-26579
-31872
-32366
-27983
-19380
-7852
4862
16845
26287
31760
32433
28203
19707
8226
-4501
-16550
-26094
-31684
-32472
-28334
-19895
-8434
4310
16402
26003
31651
32486
28377
19946
8475
-4288
-16402
-26016
-31662
-32478
-28334
-19861
-8351
4437
16550
26133
31717
32445
28203
19638
8060
-4756
-16845
-26351
-31812
-32386
-27983
-19276
-7602
5243
17284
26666
31941
32293
27666
18769
6975
-5898
-17864
-27071
-32095
-32157
-27244
-18113
-6176
6719
18577
27557
32265
31968
26709
17302
5205
-7702
-19415
-28111
-32434
-31710
-26047
-16326
-4058
8843
20369
28719
32588
31368
25247
15179
2736
-10137
-21426
-29364
-32705
-30922
-24293
-13853
-1238
11573
22570
30025
32764
30353
23169
12339
-434
-13142
-23783
-30678
-32739
-29638
-21861
-10632
2276
14829
25041
31296
32604
28754
20353
8727
-4282
-16616
-26318
-31849
-32328
-27676
-18630
-6622
6439
18480
27585
32302
31880
26381
16679
4318
-8734
-20396
-28806
-32620
-31227
-24845
-14492
-1820
11144
22329
29942
32763
30335
23047
12062
-859
-13645
-24243
-30951
-32688
-29173
-20967
-9388
3703
16202
26094
31785
32354
27709
18593
6476
-6688
-18775
-27832
-32393
-31718
-25913
-15915
-3339
9779
21317
29402
32723
30737
23764
12933
0
-12935
-23772
-30745
-32720
-29372
-21243
-9654
3510
16105
26077
31798
32332
27590
18342
6096
-7147
-19226
-28162
-32493
-31507
-25362
-15061
-2291
10856
22227
29953
32765
30198
22670
11416
-1716
-14569
-25028
-31370
-32548
-28366
-19509
-7435
5867
18204
27539
32330
31782
25982
15887
3163
-10086
-21669
-29667
-32753
-30413
-23032
-11831
1334
14281
24860
31312
32563
28403
19519
7387
-5976
-18347
-27666
-32377
-31693
-25725
-15465
-2622
10659
22164
29968
32766
30086
22374
10917
-2369
-15261
-25599
-31650
-32396
-27709
-18372
-5950
7473
19643
28516
32596
31195
24546
13765
664
-12550
-23653
-30771
-32702
-29116
-20616
-8634
4807
17440
27128
32230
31881
26137
15968
3092
-10308
-21966
-29901
-32766
-30072
-22272
-10689
2711
15653
25937
31812
32275
27244
17574
4908
-8595
-20637
-29162
-32712
-30681
-23411
-12140
1206
14349
25041
31451
32480
27948
18630
6117
-7445
-19735
-28641
-32634
-31026
-24089
-13013
301
13567
24501
31222
32570
28309
19172
6728
-6876
-19298
-28393
-32589
-31159
-24347
-13326
0
13328
24354
31166
32585
28360
19220
6748
-6896
-19347
-28443
-32604
-31103
-24198
-13087
301
13640
24608
31294
32533
28105
18778
6176
-7504
-19879
-28786
-32669
-30847
-23635
-12290
1206
14493
25247
31583
32389
27520
17828
5008
-8692
-20870
-29387
-32745
-30352
-22624
-10917
2711
15865
26229
31977
32094
26556
16335
3233
-10442
-22277
-30182
-32757
-29546
-21112
-8944
4807
17712
27483
32390
31559
25136
14256
845
-12717
-24026
-31070
-32598
-28334
-19032
-6345
7473
19964
28903
32697
30666
23169
11540
-2148
-15456
-26008
-31918
-32127
-26596
-16309
-3103
10659
22517
30346
32741
29270
20553
8148
-5719
-18563
-28078
-32552
-31179
-24202
-12874
771
14281
25223
31625
32332
27214
17189
4062
-9798
-21894
-30040
-32762
-29565
-21025
-8682
5233
18204
27882
32514
31257
24336
13002
-691
-14262
-25247
-31650
-32307
-27094
-16955
-3732
10171
22227
30239
32747
29289
20494
7961
-6025
-18915
-28356
-32621
-30929
-23586
-11931
1907
15400
26077
31982
32033
26215
15592
2109
-11762
-23479
-30889
-32629
-28377
-18910
-5966
8077
20637
29402
32756
30080
21861
9613
-4409
-17621
-27585
-32459
-31342
-24435
-13013
816
14497
25499
31785
32188
26631
16140
2656
-11322
-23203
-30782
-32650
-28456
-18976
-5969
8148
20755
29503
32763
29925
21514
9095
-5021
-18204
-27995
-32564
-31058
-23753
-12011
1977
15598
26305
32095
31880
25698
14703
952
-12978
-24480
-31393
-32418
-27360
-17165
-3744
10381
22559
30497
32702
28754
19394
6380
-7836
-20580
-29446
-32762
-29899
-21393
-8847
5370
18577
28275
32630
30814
23169
11138
-3003
-16579
-27016
-32334
-31523
-24733
-13249
751
14612
25700
31906
32048
26096
15179
1372
-12698
-24354
-31371
-32412
-27273
-16932
-3359
10856
23003
30758
32638
28280
18514
5205
-9101
-21669
-30089
-32747
-29131
-19930
-6905
7445
20371
29387
32762
29844
21189
8460
-5898
-19125
-28673
-32702
-30433
-22301
-9868
4468
17946
27963
32585
30916
23274
11134
-3159
-16845
-27275
-32428
-31305
-24119
-12260
1977
15833
26622
32247
31615
24845
13249
-923
-14918
-26016
-32055
-31858
-25461
-14105
0
14107
25468
31864
32046
25975
14832
792
-13405
-24986
-31684
-32188
-26395
-15435
-1452
12817
24578
31525
32292
26727
15917
1981
-12345
-24250
-31393
-32366
-26976
-16280
-2378
11993
24006
31293
32415
27148
16527
2644
-11762
-23850
-31230
-32442
-27244
-16660
-2779
11653
23783
31206
32451
27267
16679
2783
-11667
-23806
-31222
-32441
-27217
-16586
-2656
11803
23919
31277
32412
27094
16378
2398
-12062
-24120
-31370
-32361
-26894
-16056
-2009
12441
24407
31496
32285
26615
15616
1488
-12939
-24777
-31650
-32178
-26251
-15055
-836
13553
25223
31826
32033
25797
14372
52
-14280
-25739
-32015
-31841
-25247
-13561
863
15115
26318
32208
31592
24592
12618
-1908
-16052
-26950
-32393
-31276
-23823
-11540
3083
17085
27622
32556
30880
22932
10324
-4384
-18204
-28323
-32682
-30389
-21909
-8965
5807
19399
29038
32755
29790
20744
7461
-7347
-20658
-29748
-32757
-29067
-19428
-5811
8997
21966
30436
32669
28203
17952
4016
-10746
-23305
-31079
-32468
-27184
-16309
-2077
12583
24657
31656
32135
25992
14491
0
-14493
-25999
-32139
-31644
-24613
-12494
2208
16457
27304
32503
30975
23032
10317
-4537
-18454
-28547
-32719
-30103
-21238
-7961
6971
20458
29694
32757
29007
19220
5431
-9491
-22439
-30713
-32587
-27666
-16973
-2736
12073
24364
31568
32177
26060
14492
-108
-14689
-26197
-32222
-31498
-24174
-11781
3083
17304
27896
32634
30520
21996
8847
-6162
-19879
-29416
-32766
-29219
-19519
-5706
9311
22368
30711
32578
27570
16743
2378
-12491
-24723
-31732
-32033
-25558
-13674
1105
15653
26888
32428
31095
23169
10328
-4707
-18745
-28806
-32750
-29736
-20402
-6728
8378
21705
30414
32650
27932
17262
2911
-12062
-24465
-31651
-32083
-25665
-13765
1077
15692
26955
32455
31012
22932
9941
-5180
-19194
-29098
-32765
-29406
-19738
-5832
9326
22486
30817
32526
27244
16102
1495
-13436
-25478
-32035
-31693
-24521
-12062
2999
17416
28078
32680
30226
21243
7668
-7565
-21167
-30192
-32685
-28105
-17438
-2992
12103
24578
31727
31995
25321
13150
-1876
-16499
-27539
-32596
-30567
-21889
-8448
6833
20630
29936
32722
28377
17845
3419
-11753
-24364
-31659
-32040
-25423
-13249
1823
16499
27568
32607
30508
21729
8189
-7147
-20920
-30108
-32693
-28105
-17347
-2779
12401
24860
31856
31850
24838
12360
-2839
-17416
-28160
-32702
-30037
-20749
-6884
8501
22013
30668
32552
27244
15915
1066
-14020
-26008
-32243
-31342
-23500
-10451
4915
19194
29220
32766
29042
18871
4509
-10856
-23813
-31479
-32147
-25665
-13473
1720
16533
27666
32637
30335
21271
7461
-8015
-21705
-30552
-32578
-27327
-15968
-1038
14125
26133
32294
31228
23169
9920
-5554
-19786
-29584
-32748
-28565
-17970
-3339
12043
24723
31849
31816
24627
11897
-3511
-18132
-28673
-32755
-29458
-19519
-5177
10334
23516
31393
32182
25702
13414
-1907
-16800
-27896
-32682
-30072
-20653
-6555
9029
22570
30997
32395
26445
14492
-751
-15827
-27310
-32589
-30461
-21406
-7481
8148
21926
30713
32507
26894
15151
-48
-15238
-26955
-32522
-30664
-21804
-7961
7702
21608
30575
32549
27076
15403
202
-15047
-26852
-32503
-30703
-21861
-8002
7696
21629
30598
32538
27001
15255
0
-15257
-27007
-32541
-30582
-21579
-7602
8129
21989
30779
32468
26664
14703
-655
-15865
-27411
-32621
-30288
-20948
-6758
8997
22672
31098
32318
26047
13736
-1763
-16855
-28038
-32713
-29790
-19946
-5464
10289
23653
31516
32046
25116
12336
-3319
-18204
-28847
-32766
-29042
-18541
-3711
11987
24889
31977
31593
23823
10480
-5316
-19871
-29777
-32711
-27983
-16697
-1495
14059
26318
32404
30885
22114
8148
-7733
-21801
-30745
-32460
-26539
-14372
1180
16457
27860
32699
29832
19930
5325
-10537
-23916
-31650
-31910
-24631
-11530
4298
19113
29409
32747
28334
17210
2009
-13670
-26112
-32365
-30942
-22178
-8148
7817
21929
30833
32412
26285
13907
-1780
-17047
-28259
-32743
-29429
-19103
-4222
11667
24777
31977
31548
23586
9991
-5992
-20546
-30192
-32619
-27244
-15350
219
15739
27492
32660
30001
20149
5464
-10533
-24006
-31719
-31816
-24270
-10892
5106
19879
29873
32681
27625
15917
373
-15261
-27221
-32621
-30156
-20416
-5748
10308
23879
31684
31836
24293
10875
-5173
-19973
-29942
-32665
-27477
-15633
0
15636
27483
32666
29925
19920
5078
-10999
-24407
-31886
-31615
-23656
-9941
6193
20824
30386
32549
26782
14487
-1341
-16845
-28242
-32749
-29262
-18630
-3445
12583
25539
32252
31078
22301
8064
-8148
-22368
-31111
-32231
-25451
-12429
3643
18824
29387
32737
28047
16465
836
-15001
-27152
-32625
-30072
-20115
-5205
10989
24479
31937
31523
23335
9388
-6876
-21447
-30723
-32412
-26092
-13322
2743
18132
29038
32759
28371
16955
1338
-14612
-26944
-32596
-30164
-20247
-5304
10958
24501
31960
31477
23169
9099
-7236
-21774
-30894
-32323
-25702
-12676
3510
18824
29446
32724
27837
16000
166
-15711
-27666
-32707
-29572
-19041
-3744
12491
25602
32304
30916
21780
7184
-9215
-23305
-31551
-31880
-24205
-10451
5930
20824
30486
32483
26311
13518
-2679
-18204
-29147
-32749
-28098
-16364
-502
15488
27574
32702
29574
18976
3583
-12717
-25806
-32371
-30748
-21345
-6538
9926
23879
31785
31636
23467
9346
-7147
-21830
-30974
-32254
-25342
-11991
4409
19692
29968
32623
26976
14462
-1736
-17495
-28798
-32764
-28377
-16752
-852
15267
27492
32699
29554
18857
3339
-13034
-26077
-32450
-30520
-20777
-5712
10817
24578
32042
31291
22515
7961
-8637
-23021
-31496
-31881
-24075
-10079
6509
21426
30833
32307
25463
12062
-4448
-19815
-30076
-32585
-26689
-13907
2465
18204
29244
32732
27762
15616
-569
-16610
-28356
-32765
-28692
-17189
-1231
15047
27428
32699
29490
18630
2932
-13528
-26478
-32552
-30168
-19943
-4530
12062
25519
32337
30737
21133
6022
-10659
-24565
-32068
-31208
-22206
-7407
9326
23628
31760
31593
23169
8686
-8070
-22719
-31423
-31903
-24028
-9858
6896
21846
31070
32147
24790
10926
-5807
-21019
-30711
-32336
-25461
-11891
4807
20244
30356
32478
26047
12755
-3899
-19528
-30012
-32581
-26556
-13521
3083
18877
29687
32654
26991
14192
-2362
-18294
-29387
-32703
-27360
-14769
1736
17784
29119
32734
27666
15255
-1206
-17349
-28887
-32752
-27913
-15652
771
16993
28695
32761
28105
15962
-434
-16717
-28547
-32765
-28244
-16186
193
16523
28443
32766
28334
16326
-48
-16412
-28387
-32766
-28374
-16382
0
0
0
0
0
0
0
0
0
0
0
0
0
0
0
0
0
0
0
0
0
0
0
0
0
0
0
0
0
0
0
0
0
0
0
0
0
0
0
0
0
0
0
0
0
0
0
0
0
0
0
0
0
0
0
0
0
0
0
0
0
0
0
0
0
0
0
0
0
0
0
0
0
0
0
0
0
0
0
0
0
0
0
0
0
0
0
0
0
0
0
0
0
0
0
0
0
0
0
0
0
0
0
0
0
0
0
0
0
0
0
0
0
0
0
0
0
0
0
0
0
0
0
0
0
0
0
0
0
0
0
0
0
0
0
0
0
0
0
0
0
0
0
0
0
0
0
0
0
0
0
0
0
0
0
0
0
0
0
0
0
0
0
0
0
0
0
0
0
0
0
0
0
0
0
0
0
0
0
0
0
0
0
0
0
0
0
0
0
0
0
0
0
0
0
0
0
0
0
0
0
0
0
0
0
0
0
0
0
0
0
0
0
0
0
0
0
0
0
0
0
0
0
0
0
0
0
0
0
0
0
0
0
0
0
0
0
0
0
0
0
0
0
0
0
0
0
0
0
0
0
0
0
0
0
0
0
0
0
0
0
0
0
0
0
0
0
0
0
0
0
0
0
0
0
0
0
0
0
0
0
0
0
0
0
0
0
0
0
0
0
0
0
0
0
0
0
0
0
0
0
0
0
0
0
0
0
0
0
0
0
0
0
0
0
0
0
0
0
0
0
0
0
0
0
0
0
0
0
0
0
0
0
0
0
0
0
0
0
0
0
0
0
0
0
0
0
0
0
0
0
0
0
0
0
0
0
0
0
0
0
0
0
0
0
0
0
0
0
0
0
0
0
0
0
0
0
0
0
0
0
0
0
0
0
0
0
0
0
0
0
0
0
0
0
0
0
0
0
0
0
0
0
0
0
0
0
0
0
0
0
0
0
0
0
0
0
0
0
0
0
0
0
0
0
0
0
0
0
0
0
0
0
0
0
0
0
0
0
0
0
0
0
0
0
0
0
0
0
0
0
0
0
0
0
0
0
0
0
0
0
0
0
0
0
0
0
0
0
0
0
0
0
0
0
0
0
0
0
0
0
0
0
0
0
0
0
0
0
0
0
0
0
0
0
0
0
0
0
0
0
0
0
0
0
0
0
0
0
0
0
0
0
0
0
0
0
0
0
0
0
0
0
0
0
0
0
0
0
0
0
0
0
0
0
0
0
0
0
0
0
0
0
0
0
0
0
0
0
0
0
0
0
0
0
0
0
0
0
0
0
0
0
0
0
0
0
0
0
0
0
0
0
0
0
0
0
0
0
0
0
0
0
0
0
0
0
0
0
0
0
0
0
0
0
0
0
0
0
0
0
0
0
0
0
0
0
0
0
0
0
0
0
0
0
0
0
0
0
0
0
0
0
0
0
0
0
0
0
0
0
0
0
0
0
0
0
0
0
0
0
0
0
0
0
0
0
0
0
0
0
0
0
0
0
0
0
0
0
0
0
0
0
0
0
0
0
0
0
0
0
0
0
0
0
0
0
0
0
0
0
0
0
0
0
0
0
0
0
0
0
0
0
0
0
0
0
0
0
0
0
0
0
0
0
0
0
0
0
0
0
0
0
0
0
0
0
0
0
0
0
0
0
0
0
0
0
0
0
0
0
0
0
0
0
0
0
0
0
0
0
0
0
0
0
0
0
0
0
0
0
0
0
0
0
0
0
0
0
0
0
0
0
0
0
0
0
0
0
0
0
0
0
0
0
0
0
0
0
0
0
0
0
0
0
0
0
0
0
0
0
0
0
0
0
0
0
0
0
0
0
0
0
0
0
0
0
0
0
0
0
0
0
0
0
0
0
0
0
0
0
0
0
0
0
0
0
0
0
0
0
0
0
0
0
0
0
0
0
0
0
0
0
0
0
0
0
0
0
0
0
0
0
0
0
0
0
0
0
0
0
0
0
0
0
0
0
0
0
0
0
0
0
0
0
0
0
0
0
0
0
0
0
0
0
0
0
0
0
0
0
0
0
0
0
0
0
0
0
0
0
0
0
0
0
0
0
0
0
0
0
0
0
0
0
0
0
0
0
0
0
0
0
0
0
0
0
0
0
0
0
0
0
0
0
0
0
0
0
0
0
0
0
0
0
0
0
0
0
0
0
0
0
0
0
0
0
0
0
0
13492
12668
10298
6677
2252
-2429
-6791
-10301
-12533
-13225
-12304
-9901
-6324
-2026
2459
6583
9849
11874
12434
11488
9184
5828
1852
-2250
-5982
-8904
-10688
-11155
-10290
-8241
-5293
-1827
1725
4944
7462
9015
9466
8814
7188
4825
2034
-842
-3474
-5579
-6956
-7498
-7200
-6152
-4519
-2516
-380
1655
3394
4684
5433
5614
5254
4427
3245
1835
334
-1127
-2434
-3487
-4215
-4570
-4529
-4100
-3314
-2230
-933
472
1864
3114
4098
4707
4863
4528
3715
2488
963
-702
-2330
-3735
-4748
-5245
-5156
-4480
-3292
-1726
31
1769
3279
4379
4943
4914
4309
3224
1811
259
-1229
-2472
-3330
-3725
-3645
-3148
-2344
-1378
-402
446
1069
1421
1507
1386
1149
898
728
699
827
1075
1362
1577
1599
1329
715
-233
-1434
-2736
-3937
-4817
-5170
-4848
-3787
-2035
243
2784
5249
7274
8520
8730
7774
5682
2649
-978
-4740
-8128
-10647
-11896
-11628
-9793
-6559
-2298
2457
7083
10945
13490
14327
13288
10457
6167
963
-4471
-9408
-13171
-15234
-15295
-13323
-9569
-4527
1124
6622
11222
14301
15445
14510
11641
7245
1942
-3529
-8418
-12061
-13981
-13947
-12010
-8482
-3899
1070
5719
9400
11625
12127
10893
8164
4389
154
-3905
-7200
-9277
-9876
-8970
-6755
-3622
-85
3296
6007
7650
8008
7070
5027
2238
-828
-3674
-5848
-7013
-7001
-5833
-3716
-1002
1866
4428
6276
7120
6830
5456
3217
464
-2373
-4858
-6613
-7373
-7030
-5644
-3432
-731
2051
4506
6280
7128
6947
5791
3854
1440
-1089
-3368
-5082
-6012
-6067
-5285
-3828
-1947
59
1895
3307
4126
4287
3828
2883
1651
356
-786
-1609
-2016
-1994
-1609
-990
-301
292
656
711
446
-76
-736
-1378
-1839
-1983
-1728
-1063
-56
1154
2382
3417
4065
4180
3689
2611
1058
-779
-2657
-4309
-5491
-6013
-5772
-4765
-3099
-970
1355
3582
5421
6629
7046
6609
5367
3468
1143
-1326
-3645
-5538
-6786
-7251
-6890
-5757
-3991
-1802
560
2834
4775
6182
6915
6911
6183
4818
2964
815
-1409
-3485
-5206
-6399
-6942
-6776
-5908
-4418
-2444
-181
2142
4283
6010
7123
7482
7024
5773
3844
1436
-1189
-3735
-5898
-7413
-8081
-7799
-6580
-4553
-1950
914
3688
6021
7613
8256
7860
6472
4269
1538
-1362
-4051
-6172
-7448
-7718
-6960
-5290
-2954
-284
2343
4563
6074
6682
6324
5080
3155
851
-1481
-3496
-4900
-5502
-5233
-4161
-2475
-455
1573
3287
4420
4802
4381
3236
1560
-371
-2244
-3755
-4658
-4805
-4170
-2847
-1042
963
2858
4344
5189
5257
4532
3119
1228
-861
-2841
-4421
-5374
-5566
-4980
-3711
-1950
42
1982
3602
4690
5117
4857
3981
2643
1054
-554
-1967
-3013
-3589
-3671
-3309
-2610
-1718
-783
60
721
1155
1371
1417
1369
1304
1281
1329
1433
1542
1576
1448
1085
450
-440
-1512
-2634
-3636
-4336
-4570
-4223
-3256
-1725
221
2354
4390
6032
7016
7147
6343
4648
2234
-609
-3520
-6109
-8009
-8939
-8737
-7394
-5058
-2016
1340
4573
7253
9020
9637
9020
7253
4573
1340
-2016
-5058
-7394
-8737
-8939
-8009
-6109
-3520
-609
2234
4648
6343
7147
7016
6032
4390
2354
221
-1725
-3256
-4223
-4570
-4336
-3636
-2634
-1512
-440
450
1085
1448
1576
1542
1433
1329
1281
1304
1369
1417
1371
1155
721
60
-783
-1718
-2610
-3309
-3671
-3589
-3013
-1967
-554
1054
2643
3981
4857
5117
4690
3602
1982
42
-1950
-3711
-4980
-5566
-5374
-4421
-2841
-861
1228
3119
4532
5257
5189
4344
2858
963
-1042
-2847
-4170
-4805
-4658
-3755
-2244
-371
1560
3236
4381
4802
4420
3287
1573
-455
-2475
-4161
-5233
-5502
-4900
-3496
-1481
851
3155
5080
6324
6682
6074
4563
2343
-284
-2954
-5290
-6960
-7718
-7448
-6172
-4051
-1362
1538
4269
6472
7860
8256
7613
6021
3688
914
-1950
-4553
-6580
-7799
-8081
-7413
-5898
-3735
-1189
1436
3844
5773
7024
7482
7123
6010
4283
2142
-181
-2444
-4418
-5908
-6776
-6942
-6399
-5206
-3485
-1409
815
2964
4818
6183
6911
6915
6182
4775
2834
560
-1802
-3991
-5757
-6890
-7251
-6786
-5538
-3645
-1326
1143
3468
5367
6609
7046
6629
5421
3582
1355
-970
-3099
-4765
-5772
-6013
-5491
-4309
-2657
-779
1058
2611
3689
4180
4065
3417
2382
1154
-56
-1063
-1728
-1983
-1839
-1378
-736
-76
446
711
656
292
-301
-990
-1609
-1994
-2016
-1609
-786
356
1651
2883
3828
4287
4126
3307
1895
59
-1947
-3828
-5285
-6067
-6012
-5082
-3368
-1089
1440
3854
5791
6947
7128
6280
4506
2051
-731
-3432
-5644
-7030
-7373
-6613
-4858
-2373
464
3217
5456
6830
7120
6276
4428
1866
-1002
-3716
-5833
-7001
-7013
-5848
-3674
-828
2238
5027
7070
8008
7650
6007
3296
-85
-3622
-6755
-8970
-9876
-9277
-7200
-3905
154
4389
8164
10893
12127
11625
9400
5719
1070
-3899
-8482
-12010
-13947
-13981
-12061
-8418
-3529
1942
7245
11641
14510
15445
14301
11222
6622
1124
-4527
-9569
-13323
-15295
-15234
-13171
-9408
-4471
963
6167
10457
13288
14327
13490
10945
7083
2457
-2298
-6559
-9793
-11628
-11896
-10647
-8128
-4740
-978
2649
5682
7774
8730
8520
7274
5249
2784
243
-2035
-3787
-4848
-5170
-4817
-3937
-2736
-1434
-233
715
1329
1599
1577
1362
1075
827
699
728
898
1149
1386
1507
1421
1069
446
-402
-1378
-2344
-3148
-3645
-3725
-3330
-2472
-1229
259
1811
3224
4309
4914
4943
4379
3279
1769
31
-1726
-3292
-4480
-5156
-5245
-4748
-3735
-2330
-702
963
2488
3715
4528
4863
4707
4098
3114
1864
472
-933
-2230
-3314
-4100
-4529
-4570
-4215
-3487
-2434
-1127
334
1835
3245
4427
5254
5614
5433
4684
3394
1655
-380
-2516
-4519
-6152
-7200
-7498
-6956
-5579
-3474
-842
2034
4825
7188
8814
9466
9015
7462
4944
1725
-1827
-5293
-8241
-10290
-11155
-10688
-8904
-5982
-2250
1852
5828
9184
11488
12434
11874
9849
6583
2459
-2026
-6324
-9901
-12304
-13225
-12533
-10301
-6791
-2429
2252
6677
10298
12668
0
0
0
0
0
0
0
0
0
0
0
0
0
0
0
0
0
0
0
0
0
0
0
0
0
0
0
0
0
0
0
0
0
0
0
0
0
0
0
0
0
0
0
0
0
0
0
0
0
0
0
0
0
0
0
0
0
0
0
0
0
0
0
0
0
0
0
-5782
-5521
-4757
-3540
-1956
-127
1795
3635
5203
6314
6812
6589
5609
3920
1663
-935
-3584
-5959
-7739
-8658
-8539
-7331
-5123
-2148
1243
4625
7545
9591
10449
9954
8119
5143
1392
-2648
-6436
-9446
-11245
-11559
-10311
-7643
-3898
424
4736
8440
11016
12100
11529
9375
5932
1676
-2798
-6869
-9970
-11674
-11751
-10205
-7269
-3369
935
5036
8361
10459
11060
10113
7789
4450
596
-3216
-6449
-8667
-9592
-9144
-7441
-4782
-1586
1662
4498
6536
7529
7397
6229
4266
1850
-627
-2795
-4354
-5120
-5048
-4230
-2869
-1240
357
1659
2472
2708
2390
1646
674
-293
-1036
-1391
-1280
-726
148
1151
2051
2623
2696
2186
1118
-369
-2050
-3635
-4830
-5381
-5122
-4012
-2148
240
2824
5217
7039
7973
7817
6527
4224
1187
-2182
-5418
-8055
-9696
-10074
-9093
-6847
-3612
192
4061
7468
9947
11152
10911
9243
6365
2654
-1400
-5268
-8445
-10528
-11261
-10569
-8565
-5532
-1876
1926
5395
8112
9764
10190
9386
7504
4818
1689
-1489
-4345
-6564
-7932
-8348
-7831
-6501
-4563
-2267
117
2341
4195
5527
6252
6352
5864
4873
3495
1866
129
-1576
-3117
-4375
-5253
-5675
-5596
-5006
-3936
-2461
-700
1191
3029
4621
5785
6370
6284
5502
4083
2165
-45
-2297
-4322
-5869
-6740
-6815
-6075
-4605
-2584
-268
2049
4073
5548
6294
6230
5386
3898
1985
-78
-2009
-3550
-4512
-4796
-4408
-3452
-2113
-622
776
1870
2510
2629
2258
1509
559
-381
-1114
-1482
-1400
-874
0
1051
2064
2813
3105
2819
1928
516
-1234
-3063
-4672
-5768
-6119
-5589
-4170
-1991
689
3523
6108
8056
9043
8866
7476
4995
1703
-1991
-5608
-8655
-10700
-11432
-10709
-8579
-5281
-1216
3102
7119
10309
12248
12668
11501
8882
5136
734
-3766
-7797
-10852
-12554
-12698
-11283
-8503
-4724
-430
3837
7554
10273
11687
11658
10232
7626
4197
391
-3316
-6483
-8751
-9888
-9811
-8591
-6433
-3645
-594
2342
4825
6594
7489
7469
6606
5066
3084
927
-1140
-2891
-4155
-4839
-4930
-4485
-3618
-2482
-1239
-41
986
1760
2242
2438
2386
2149
1798
1400
1008
652
344
73
-179
-438
-720
-1029
-1351
-1653
-1888
-2006
-1955
-1702
-1234
-569
241
1120
1968
2677
3146
3295
3077
2492
1583
442
-805
-2013
-3031
-3729
-4009
-3825
-3186
-2163
-873
526
1865
2979
3729
4024
3834
3189
2178
937
-368
-1573
-2527
-3118
-3290
-3044
-2439
-1582
-609
336
1123
1656
1883
1808
1481
994
457
-16
-336
-447
-340
-55
325
695
942
971
726
201
-547
-1412
-2248
-2890
-3187
-3028
-2366
-1233
256
1917
3515
4800
5544
5580
4835
3343
1255
-1178
-3638
-5775
-7266
-7858
-7413
-5932
-3564
-595
2591
5565
7902
9254
9397
8269
5986
2828
-790
-4381
-7447
-9551
-10383
-9806
-7879
-4851
-1132
2766
6299
8970
10399
10378
8907
6190
2613
-1316
-5037
-8018
-9833
-10226
-9145
-6753
-3403
411
4132
7215
9210
9829
8988
6816
3641
-60
-3738
-6842
-8911
-9637
-8911
-6842
-3738
-60
3641
6816
8988
9829
9210
7215
4132
411
-3403
-6753
-9145
-10226
-9833
-8018
-5037
-1316
2613
6190
8907
10378
10399
8970
6299
2766
-1132
-4851
-7879
-9806
-10383
-9551
-7447
-4381
-790
2828
5986
8269
9397
9254
7902
5565
2591
-595
-3564
-5932
-7413
-7858
-7266
-5775
-3638
-1178
1255
3343
4835
5580
5544
4800
3515
1917
256
-1233
-2366
-3028
-3187
-2890
-2248
-1412
-547
201
726
971
942
695
325
-55
-340
-447
-336
-16
457
994
1481
1808
1883
1656
1123
336
-609
-1582
-2439
-3044
-3290
-3118
-2527
-1573
-368
937
2178
3189
3834
4024
3729
2979
1865
526
-873
-2163
-3186
-3825
-4009
-3729
-3031
-2013
-805
442
1583
2492
3077
3295
3146
2677
1968
1120
241
-569
-1234
-1702
-1955
-2006
-1888
-1653
-1351
-1029
-720
-438
-179
73
344
652
1008
1400
1798
2149
2386
2438
2242
1760
986
-41
-1239
-2482
-3618
-4485
-4930
-4839
-4155
-2891
-1140
927
3084
5066
6606
7469
7489
6594
4825
2342
-594
-3645
-6433
-8591
-9811
-9888
-8751
-6483
-3316
391
4197
7626
10232
11658
11687
10273
7554
3837
-430
-4724
-8503
-11283
-12698
-12554
-10852
-7797
-3766
734
5136
8882
11501
12668
12248
10309
7119
3102
-1216
-5281
-8579
-10709
-11432
-10700
-8655
-5608
-1991
1703
4995
7476
8866
9043
8056
6108
3523
689
-1991
-4170
-5589
-6119
-5768
-4672
-3063
-1234
516
1928
2819
3105
2813
2064
1051
0
-874
-1400
-1482
-1114
-381
559
1509
2258
2629
2510
1870
776
-622
-2113
-3452
-4408
-4796
-4512
-3550
-2009
-78
1985
3898
5386
6230
6294
5548
4073
2049
-268
-2584
-4605
-6075
-6815
-6740
-5869
-4322
-2297
-45
2165
4083
5502
6284
6370
5785
4621
3029
1191
-700
-2461
-3936
-5006
-5596
-5675
-5253
-4375
-3117
-1576
129
1866
3495
4873
5864
6352
6252
5527
4195
2341
117
-2267
-4563
-6501
-7831
-8348
-7932
-6564
-4345
-1489
1689
4818
7504
9386
10190
9764
8112
5395
1926
-1876
-5532
-8565
-10569
-11261
-10528
-8445
-5268
-1400
2654
6365
9243
10911
11152
9947
7468
4061
192
-3612
-6847
-9093
-10074
-9696
-8055
-5418
-2182
1187
4224
6527
7817
7973
7039
5217
2824
240
-2148
-4012
-5122
-5381
-4830
-3635
-2050
-369
1118
2186
2696
2623
2051
1151
148
-726
-1280
-1391
-1036
-293
674
1646
2390
2708
2472
1659
357
-1240
-2869
-4230
-5048
-5120
-4354
-2795
-627
1850
4266
6229
7397
7529
6536
4498
1662
-1586
-4782
-7441
-9144
-9592
-8667
-6449
-3216
596
4450
7789
10113
11060
10459
8361
5036
935
-3369
-7269
-10205
-11751
-11674
-9970
-6869
-2798
1676
5932
9375
11529
12100
11016
8440
4736
424
-3898
-7643
-10311
-11559
-11245
-9446
-6436
-2648
1392
5143
8119
9954
10449
9591
7545
4625
1243
-2148
-5123
-7331
-8539
-8658
-7739
-5959
-3584
-935
1663
3920
5609
6589
6812
6314
5203
3635
1795
-127
-1956
-3540
-4757
-5521
0
0
0
0
0
0
0
0
0
0
0
0
0
0
0
0
0
0
0
0
0
0
0
0
0
0
0
0
0
0
0
0
0
0
0
0
0
0
0
0
0
0
0
0
0
0
0
0
0
0
0
0
0
0
0
0
0
0
0
0
0
0
0
0
0
0
0
5782
5428
4411
2855
952
-1064
-2947
-4464
-5430
-5728
-5323
-4268
-2695
-801
1177
2997
4434
5312
5527
5059
3975
2416
582
-1291
-2972
-4253
-4981
-5076
-4542
-3462
-1986
-312
1340
2766
3791
4304
4261
3695
2704
1439
78
-1197
-2230
-2906
-3166
-3015
-2511
-1758
-885
-25
706
1228
1501
1533
1371
1088
770
494
316
258
305
410
505
514
375
53
-445
-1070
-1731
-2310
-2680
-2729
-2383
-1624
-503
865
2307
3617
4584
5025
4818
3926
2410
428
-1778
-3919
-5687
-6810
-7088
-6428
-4864
-2560
204
3077
5669
7614
8619
8513
7269
5019
2035
-1297
-4539
-7248
-9049
-9681
-9038
-7188
-4366
-939
2634
5875
8346
9712
9788
8563
6207
3042
-501
-3941
-6814
-8739
-9467
-8916
-7182
-4519
-1308
2003
4963
7175
8354
8365
7239
5160
2444
-516
-3303
-5536
-6923
-7298
-6643
-5086
-2875
-345
2136
4221
5628
6182
5833
4664
2868
724
-1452
-3349
-4706
-5345
-5199
-4312
-2831
-982
963
2730
4077
4826
4889
4274
3083
1490
-280
-1987
-3406
-4357
-4727
-4482
-3669
-2402
-853
780
2297
3516
4299
4564
4293
3530
2374
963
-539
-1968
-3169
-4019
-4432
-4374
-3854
-2933
-1706
-298
1146
2484
3581
4326
4642
4491
3881
2864
1534
19
-1534
-2969
-4136
-4910
-5198
-4958
-4198
-2983
-1423
327
2094
3691
4949
5726
5928
5517
4520
3026
1176
-844
-2832
-4580
-5900
-6643
-6718
-6098
-4827
-3017
-840
1491
3741
5674
7079
7791
7709
6813
5165
2907
254
-2527
-5147
-7314
-8775
-9339
-8902
-7468
-5151
-2169
1173
4514
7475
9699
10901
10898
9642
7229
3899
9
-4001
-7658
-10516
-12206
-12491
-11297
-8729
-5066
-729
3765
7871
11077
12974
13311
12028
9271
5372
813
-3838
-7998
-11146
-12888
-13015
-11522
-8619
-4694
-263
4095
7826
10462
11692
11396
9663
6768
3134
-728
-4299
-7114
-8835
-9287
-8478
-6596
-3967
-1008
1837
4172
5695
6243
5814
4554
2730
682
-1234
-2706
-3514
-3561
-2891
-1669
-157
1337
2514
3135
3062
2285
925
-788
-2551
-4036
-4950
-5085
-4356
-2817
-664
1800
4203
6167
7359
7555
6669
4779
2112
-980
-4075
-6734
-8574
-9317
-8837
-7178
-4546
-1285
2174
5373
7890
9400
9714
8807
6814
4012
777
-2473
-5330
-7455
-8616
-8713
-7789
-6010
-3638
-988
1613
3874
5567
6556
6797
6338
5295
3833
2136
381
-1275
-2714
-3854
-4648
-5074
-5128
-4817
-4154
-3163
-1880
-366
1289
2965
4509
5751
6520
6672
6111
4818
2864
415
-2275
-4894
-7101
-8581
-9085
-8478
-6763
-4097
-778
2789
6139
8812
10420
10702
9573
7140
3699
-305
-4336
-7836
-10311
-11400
-10932
-8956
-5737
-1718
2532
6413
9370
10978
11010
9466
6578
2776
-1375
-5265
-8320
-10094
-10336
-9027
-6383
-2818
1112
4806
7698
9351
9524
8204
5614
2169
-1582
-5046
-7679
-9067
-8998
-7486
-4777
-1303
2379
5687
8091
9208
8857
7090
4183
596
-3107
-6340
-8590
-9498
-8916
-6931
-3851
-157
3572
6753
8887
9637
8887
6753
3572
-157
-3851
-6931
-8916
-9498
-8590
-6340
-3107
596
4183
7090
8857
9208
8091
5687
2379
-1303
-4777
-7486
-8998
-9067
-7679
-5046
-1582
2169
5614
8204
9524
9351
7698
4806
1112
-2818
-6383
-9027
-10336
-10094
-8320
-5265
-1375
2776
6578
9466
11010
10978
9370
6413
2532
-1718
-5737
-8956
-10932
-11400
-10311
-7836
-4336
-305
3699
7140
9573
10702
10420
8812
6139
2789
-778
-4097
-6763
-8478
-9085
-8581
-7101
-4894
-2275
415
2864
4818
6111
6672
6520
5751
4509
2965
1289
-366
-1880
-3163
-4154
-4817
-5128
-5074
-4648
-3854
-2714
-1275
381
2136
3833
5295
6338
6797
6556
5567
3874
1613
-988
-3638
-6010
-7789
-8713
-8616
-7455
-5330
-2473
777
4012
6814
8807
9714
9400
7890
5373
2174
-1285
-4546
-7178
-8837
-9317
-8574
-6734
-4075
-980
2112
4779
6669
7555
7359
6167
4203
1800
-664
-2817
-4356
-5085
-4950
-4036
-2551
-788
925
2285
3062
3135
2514
1337
-157
-1669
-2891
-3561
-3514
-2706
-1234
682
2730
4554
5814
6243
5695
4172
1837
-1008
-3967
-6596
-8478
-9287
-8835
-7114
-4299
-728
3134
6768
9663
11396
11692
10462
7826
4095
-263
-4694
-8619
-11522
-13015
-12888
-11146
-7998
-3838
813
5372
9271
12028
13311
12974
11077
7871
3765
-729
-5066
-8729
-11297
-12491
-12206
-10516
-7658
-4001
9
3899
7229
9642
10898
10901
9699
7475
4514
1173
-2169
-5151
-7468
-8902
-9339
-8775
-7314
-5147
-2527
254
2907
5165
6813
7709
7791
7079
5674
3741
1491
-840
-3017
-4827
-6098
-6718
-6643
-5900
-4580
-2832
-844
1176
3026
4520
5517
5928
5726
4949
3691
2094
327
-1423
-2983
-4198
-4958
-5198
-4910
-4136
-2969
-1534
19
1534
2864
3881
4491
4642
4326
3581
2484
1146
-298
-1706
-2933
-3854
-4374
-4432
-4019
-3169
-1968
-539
963
2374
3530
4293
4564
4299
3516
2297
780
-853
-2402
-3669
-4482
-4727
-4357
-3406
-1987
-280
1490
3083
4274
4889
4826
4077
2730
963
-982
-2831
-4312
-5199
-5345
-4706
-3349
-1452
724
2868
4664
5833
6182
5628
4221
2136
-345
-2875
-5086
-6643
-7298
-6923
-5536
-3303
-516
2444
5160
7239
8365
8354
7175
4963
2003
-1308
-4519
-7182
-8916
-9467
-8739
-6814
-3941
-501
3042
6207
8563
9788
9712
8346
5875
2634
-939
-4366
-7188
-9038
-9681
-9049
-7248
-4539
-1297
2035
5019
7269
8513
8619
7614
5669
3077
204
-2560
-4864
-6428
-7088
-6810
-5687
-3919
-1778
428
2410
3926
4818
5025
4584
3617
2307
865
-503
-1624
-2383
-2729
-2680
-2310
-1731
-1070
-445
53
375
514
505
410
305
258
316
494
770
1088
1371
1533
1501
1228
706
-25
-885
-1758
-2511
-3015
-3166
-2906
-2230
-1197
78
1439
2704
3695
4261
4304
3791
2766
1340
-312
-1986
-3462
-4542
-5076
-4981
-4253
-2972
-1291
582
2416
3975
5059
5527
5312
4434
2997
1177
-801
-2695
-4268
-5323
-5728
-5430
-4464
-2947
-1064
952
2855
4411
5428
0
0
0
0
0
0
0
0
0
0
0
0
0
0
0
0
0
0
0
0
0
0
0
0
0
0
0
0
0
0
0
0
0
0
0
0
0
0
0
0
0
0
0
0
0
0
0
0
0
0
0
0
0
0
0
0
0
0
0
0
0
0
0
0
0
0
0
9637
9061
7403
4864
1751
-1561
-4674
-7215
-8882
-9480
-8946
-7353
-4900
-1890
1310
4318
6775
8396
8999
8529
7060
4786
1992
-977
-3768
-6052
-7573
-8169
-7797
-6529
-4541
-2090
520
2979
5008
6386
6982
6761
5787
4207
2233
109
-1917
-3625
-4844
-5471
-5476
-4903
-3854
-2477
-941
583
1944
3021
3734
4049
3974
3552
2851
1952
945
-86
-1066
-1929
-2621
-3102
-3342
-3325
-3044
-2509
-1749
-808
247
1333
2354
3206
3793
4034
3879
3315
2374
1136
-281
-1730
-3047
-4077
-4689
-4797
-4370
-3443
-2110
-517
1152
2707
3964
4775
5046
4747
3919
2665
1137
-483
-2009
-3269
-4132
-4517
-4406
-3837
-2899
-1716
-430
816
1902
2735
3259
3460
3353
2982
2407
1691
895
72
-733
-1486
-2154
-2705
-3103
-3310
-3285
-2994
-2417
-1560
-460
809
2139
3391
4411
5051
5189
4751
3729
2187
266
-1829
-3854
-5552
-6684
-7073
-6623
-5344
-3354
-871
1811
4361
6451
7799
8214
7622
6078
3763
963
-1968
-4658
-6764
-8019
-8266
-7486
-5793
-3418
-683
2054
4443
6189
7093
7077
6188
4589
2529
306
-1777
-3463
-4563
-4987
-4749
-3957
-2786
-1450
-162
899
1617
1949
1927
1646
1237
842
578
516
667
978
1341
1621
1679
1410
763
-234
-1481
-2802
-3982
-4795
-5046
-4609
-3454
-1665
565
2956
5175
6886
7802
7728
6606
4521
1706
-1488
-4643
-7321
-9134
-9802
-9193
-7352
-4495
-983
2720
6121
8757
10265
10434
9237
6832
3542
-187
-3854
-6971
-9127
-10051
-9642
-7984
-5329
-2059
1370
4496
6911
8321
8578
7701
5861
3354
553
-2147
-4391
-5904
-6531
-6250
-5167
-3492
-1502
504
2252
3525
4196
4234
3704
2744
1540
290
-823
-1664
-2154
-2281
-2087
-1659
-1104
-528
-17
373
623
747
779
763
736
718
707
680
599
425
132
-278
-774
-1289
-1731
-1994
-1988
-1649
-967
7
1160
2327
3313
3922
3995
3443
2267
572
-1438
-3485
-5250
-6425
-6762
-6120
-4496
-2037
963
4108
6940
9013
9960
9551
7745
4701
773
-3532
-7623
-10901
-12853
-13128
-11596
-8382
-3854
1412
6717
11324
14566
15945
15207
12386
7808
2053
-4122
-9884
-14439
-17144
-17601
-15717
-11716
-6119
331
6771
12333
16267
18045
17433
14524
9723
3691
-2753
-8740
-13478
-16353
-17018
-15432
-11861
-6834
-1067
4647
9544
12997
14598
14206
11961
8248
3641
-1191
-5582
-8958
-10919
-11283
-10104
-7651
-4354
-739
2660
5378
7081
7611
6994
5428
3240
825
-1418
-3150
-4141
-4302
-3686
-2477
-945
598
1861
2616
2739
2227
1194
-149
-1539
-2701
-3399
-3480
-2897
-1720
-125
1635
3272
4506
5116
4974
4067
2502
489
-1685
-3706
-5275
-6155
-6205
-5404
-3854
-1763
583
2866
4772
6045
6518
6135
4959
3158
983
-1270
-3305
-4860
-5747
-5873
-5247
-3981
-2264
-338
1537
3124
4231
4741
4621
3922
2769
1340
-162
-1538
-2615
-3272
-3450
-3160
-2471
-1505
-413
647
1530
2125
2364
2234
1776
1071
238
-592
-1295
-1763
-1927
-1763
-1295
-592
238
1071
1776
2234
2364
2125
1530
647
-413
-1505
-2471
-3160
-3450
-3272
-2615
-1538
-162
1340
2769
3922
4621
4741
4231
3124
1537
-338
-2264
-3981
-5247
-5873
-5747
-4860
-3305
-1270
983
3158
4959
6135
6518
6045
4772
2866
583
-1763
-3854
-5404
-6205
-6155
-5275
-3706
-1685
489
2502
4067
4974
5116
4506
3272
1635
-125
-1720
-2897
-3480
-3399
-2701
-1539
-149
1194
2227
2739
2616
1861
598
-945
-2477
-3686
-4302
-4141
-3150
-1418
825
3240
5428
6994
7611
7081
5378
2660
-739
-4354
-7651
-10104
-11283
-10919
-8958
-5582
-1191
3641
8248
11961
14206
14598
12997
9544
4647
-1067
-6834
-11861
-15432
-17018
-16353
-13478
-8740
-2753
3691
9723
14524
17433
18045
16267
12333
6771
331
-6119
-11716
-15717
-17601
-17144
-14439
-9884
-4122
2053
7808
12386
15207
15945
14566
11324
6717
1412
-3854
-8382
-11596
-13128
-12853
-10901
-7623
-3532
773
4701
7745
9551
9960
9013
6940
4108
963
-2037
-4496
-6120
-6762
-6425
-5250
-3485
-1438
572
2267
3443
3995
3922
3313
2327
1160
7
-967
-1649
-1988
-1994
-1731
-1289
-774
-278
132
425
599
680
707
718
736
763
779
747
623
373
-17
-528
-1104
-1659
-2087
-2281
-2154
-1664
-823
290
1540
2744
3704
4234
4196
3525
2252
504
-1502
-3492
-5167
-6250
-6531
-5904
-4391
-2147
553
3354
5861
7701
8578
8321
6911
4496
1370
-2059
-5329
-7984
-9642
-10051
-9127
-6971
-3854
-187
3542
6832
9237
10434
10265
8757
6121
2720
-983
-4495
-7352
-9193
-9802
-9134
-7321
-4643
-1488
1706
4521
6606
7728
7802
6886
5175
2956
565
-1665
-3454
-4609
-5046
-4795
-3982
-2802
-1481
-234
763
1410
1679
1621
1341
978
667
516
578
842
1237
1646
1927
1949
1617
899
-162
-1450
-2786
-3957
-4749
-4987
-4563
-3463
-1777
306
2529
4589
6188
7077
7093
6189
4443
2054
-683
-3418
-5793
-7486
-8266
-8019
-6764
-4658
-1968
963
3763
6078
7622
8214
7799
6451
4361
1811
-871
-3354
-5344
-6623
-7073
-6684
-5552
-3854
-1829
266
2187
3729
4751
5189
5051
4411
3391
2139
809
-460
-1560
-2417
-2994
-3285
-3310
-3103
-2705
-2154
-1486
-733
72
895
1691
2407
2982
3353
3460
3259
2735
1902
816
-430
-1716
-2899
-3837
-4406
-4517
-4132
-3269
-2009
-483
1137
2665
3919
4747
5046
4775
3964
2707
1152
-517
-2110
-3443
-4370
-4797
-4689
-4077
-3047
-1730
-281
1136
2374
3315
3879
4034
3793
3206
2354
1333
247
-808
-1749
-2509
-3044
-3325
-3342
-3102
-2621
-1929
-1066
-86
945
1952
2851
3552
3974
4049
3734
3021
1944
583
-941
-2477
-3854
-4903
-5476
-5471
-4844
-3625
-1917
109
2233
4207
5787
6761
6982
6386
5008
2979
520
-2090
-4541
-6529
-7797
-8169
-7573
-6052
-3768
-977
1992
4786
7060
8529
8999
8396
6775
4318
1310
-1890
-4900
-7353
-8946
-9480
-8882
-7215
-4674
-1561
1751
4864
7403
9061
0
0
0
0
0
0
0
0
0
0
0
0
0
0
0
0
0
0
0
0
0
0
0
0
0
0
0
0
0
0
0
0
0
0
0
0
0
0
0
0
0
0
0
0
0
0
0
0
0
0
0
0
0
0
0
0
0
0
0
0
0
0
0
0
0
0
0
