0
4278
8485
12550
16402
19973
23203
26035
28419
30314
31684
32507
32766
32456
31581
30156
28203
25758
22860
19561
15917
11991
7852
3573
-771
-5106
-9352
-13436
-17284
-20829
-24006
-26759
-29038
-30801
-32015
-32660
-32720
-32196
-31094
-29434
-27244
-24563
-21439
-17925
-14087
-9991
-5712
-1327
3083
7441
11667
15683
19415
22796
25762
28259
30239
31667
32514
32764
32412
31462
29931
27847
25247
22178
18696
14865
10755
6443
2009
-2465
-6896
-11201
-15299
-19113
-22570
-25606
-28162
-30190
-31650
-32514
-32764
-32394
-31411
-29832
-27686
-25012
-21861
-18292
-14372
-10175
-5781
-1274
3259
7733
12062
16161
19951
23359
26318
28771
30668
31973
32659
32711
32127
30919
29107
26727
23823
20452
16679
12577
8226
3711
-879
-5455
-9926
-14204
-18204
-21846
-25058
-27775
-29942
-31516
-32464
-32766
-32415
-31417
-29790
-27567
-24790
-21514
-17805
-13736
-9388
-4849
-209
4437
8997
13377
17489
21248
24578
27411
29687
31359
32393
32765
32468
31507
29899
27676
24884
21579
17828
13707
9301
4700
0
-4703
-9311
-13729
-17864
-21629
-24947
-27746
-29968
-31566
-32503
-32761
-32332
-31225
-29460
-27076
-24119
-20653
-16748
-12488
-7961
-3263
1506
6246
10856
15238
19298
22949
26112
28719
30713
32051
32702
32651
31900
30461
28366
25658
22395
18646
14492
10022
5332
524
-4298
-9029
-13567
-17811
-21669
-25055
-27896
-30127
-31699
-32577
-32739
-32182
-30916
-28967
-26379
-23206
-19519
-15397
-10932
-6222
-1372
3511
8320
12945
17284
21240
24723
27655
29968
31611
32545
32748
32214
30954
28995
26381
23169
19431
15252
10724
5950
1038
-3899
-8751
-13405
-17757
-21705
-25159
-28038
-30277
-31822
-32637
-32702
-32014
-30588
-28456
-25665
-22280
-18377
-14047
-9388
-4509
477
5455
10308
14924
19194
23018
26305
28979
30974
32243
32756
32498
31476
29711
27244
24133
20449
16280
11722
6884
1880
-3170
-8148
-12935
-17416
-21484
-25041
-28000
-30291
-31856
-32659
-32677
-31909
-30373
-28105
-25157
-21600
-17520
-13013
-8189
-3163
1941
7001
11893
16499
20705
24407
27516
29953
31659
32589
32721
32049
30590
28377
25463
21921
17836
13307
8448
3377
-1780
-6896
-11843
-16499
-20746
-24479
-27603
-30040
-31727
-32621
-32699
-31957
-30413
-28105
-25088
-21439
-17247
-12618
-7668
-2522
2689
7836
12787
17416
21605
25247
28248
30530
32035
32723
32574
31592
29801
27244
23987
20112
15718
10917
5832
595
-4660
-9798
-14685
-19194
-23208
-26622
-29345
-31307
-32455
-32757
-32206
-30813
-28614
-25665
-22043
-17841
-13169
-8148
-2911
2405
7661
12717
17440
21705
25397
28419
30689
32146
32750
32483
31352
29385
26633
23169
19084
14487
9500
4255
-1105
-6439
-11603
-16457
-20870
-24723
-27911
-30346
-31961
-32712
-32578
-31559
-29684
-27001
-23582
-19519
-14922
-9916
-4636
771
6162
11386
16301
20770
24671
27896
30354
31977
32719
32558
31498
29565
26813
23317
19172
14492
9407
4058
-1405
-6833
-12073
-16978
-21411
-25247
-28377
-30713
-32188
-32760
-32410
-31148
-29007
-26047
-22351
-18021
-13179
-7961
-2516
3003
8440
13640
18454
22745
26389
29282
31340
32503
32737
32033
30409
27913
24613
20604
16000
10932
5547
0
-5550
-10942
-16021
-20637
-24657
-27963
-30458
-32068
-32745
-32468
-31244
-29107
-26118
-22364
-17952
-13013
-7689
-2137
3479
8997
14252
19090
23367
26955
29748
31662
32640
32650
31691
29790
27003
23411
19119
14256
8965
3403
-2262
-7862
-13230
-18204
-22633
-26385
-29345
-31423
-32556
-32707
-31871
-30072
-27362
-23823
-19561
-14703
-9397
-3803
1908
7565
12994
18030
22517
26318
29316
31419
32559
32702
31841
30001
27238
23635
19302
14372
8996
3339
-2422
-8112
-13553
-18577
-23026
-26761
-29667
-31650
-32648
-32629
-31591
-29565
-26615
-22829
-18327
-13249
-7752
-2009
3799
9491
14886
19815
24120
27666
30338
32052
32751
32412
31044
28690
25423
21345
16586
11295
5642
-193
-6025
-11667
-16938
-21669
-25706
-28920
-31206
-32489
-32726
-31909
-30063
-27244
-23544
-19081
-13998
-8460
-2644
3259
9060
14569
19606
24006
27626
30346
32075
32756
32366
30916
28451
25051
20827
15917
10480
4696
-1244
-7147
-12817
-18065
-22719
-26622
-29644
-31684
-32674
-32578
-31398
-29173
-25975
-21909
-17110
-11737
-5969
0
5972
11747
17130
21941
26016
29217
31436
32596
32657
31615
29504
26395
22390
17625
12260
6476
470
-5554
-11392
-16845
-21726
-25867
-29127
-31393
-32585
-32662
-31619
-29491
-26349
-22301
-17483
-12062
-6222
-166
5898
11762
17222
22088
26191
29387
31566
32648
32597
31411
29131
25835
21636
16679
11138
5205
-912
-7001
-12847
-18244
-23003
-26955
-29960
-31912
-32739
-32412
-30940
-28374
-24803
-20353
-15179
-9465
-3413
2763
8843
14612
19863
24407
28083
30758
32334
32755
32003
30103
27124
23169
18381
12929
7010
836
-5370
-11386
-16993
-21989
-26191
-29446
-31636
-32680
-32538
-31214
-28754
-25247
-20819
-15630
-9868
-3744
2518
8692
14551
19879
24480
28184
30855
32393
32739
31880
29845
26709
22585
17625
12011
5950
-333
-6607
-12639
-18204
-23094
-27128
-30152
-32055
-32763
-32248
-30528
-27666
-23767
-18976
-13473
-7461
-1167
5173
11322
17047
22132
26385
29644
31785
32724
32427
30901
28203
24435
19738
14288
8294
1981
-4409
-10635
-16457
-21654
-26025
-29402
-31656
-32697
-32485
-31027
-28377
-24634
-19943
-14481
-8460
-2109
4324
10594
16457
21686
26077
29459
31699
32710
32451
30929
28203
24378
19601
14056
7961
1552
-4919
-11201
-17047
-22227
-26537
-29806
-31906
-32751
-32307
-30590
-27666
-23648
-18696
-13002
-6791
-309
6187
12441
18204
23246
27366
30398
32222
32762
31995
29951
26709
22398
17189
11289
4935
-1619
-8112
-14281
-19879
-24678
-28486
-31147
-32552
-32643
-31416
-28917
-25247
-20553
-15023
-8882
-2378
4225
10659
16662
21989
26421
29777
31918
32756
32254
30432
27362
23169
18024
12137
5748
-879
-7473
-13762
-19485
-24407
-28323
-31070
-32533
-32650
-31414
-28875
-25136
-20353
-14721
-8475
-1874
4807
11292
17307
22602
26955
30182
32146
32765
32010
29911
26556
22083
16679
10571
4016
-2711
-9326
-15551
-21121
-25799
-29387
-31732
-32732
-32344
-30582
-27520
-23286
-18060
-12062
-5547
1206
7911
14280
20041
24947
28786
31393
32653
32513
30975
28105
24024
18906
12972
6476
-301
-7069
-13534
-19415
-24458
-28443
-31196
-32596
-32580
-31148
-28360
-24336
-19250
-13322
-6811
0
6813
13332
19269
24364
28393
31178
32594
32578
31129
28309
24241
19103
13120
6555
-301
-7147
-13680
-19609
-24671
-28641
-31340
-32648
-32505
-30916
-27948
-23735
-18460
-12360
-5706
1206
8067
14569
20421
25359
29162
31656
32728
32328
30473
27244
22786
17298
11027
4255
-2711
-9557
-15974
-21669
-26383
-29901
-32062
-32766
-31979
-29736
-26137
-21345
-15577
-9095
-2195
4807
11593
17850
23291
27666
30771
32464
32665
31362
28614
24546
19345
13249
6538
-477
-7473
-14125
-20126
-25196
-29098
-31650
-32732
-32292
-30349
-26991
-22374
-16712
-10266
-3339
3746
10659
17076
22694
27251
30530
32377
32702
31489
28793
24740
19519
13375
6597
-494
-7565
-14281
-20323
-25404
-29282
-31772
-32753
-32178
-30072
-26533
-21729
-15887
-9285
-2238
4919
11843
18204
23695
28052
31066
32589
32548
30942
27847
23411
17845
11416
4435
-2763
-9830
-16425
-22227
-26955
-30378
-32330
-32713
-31507
-28769
-24631
-19293
-13013
-6096
1120
8285
15047
21076
26077
29802
32068
32763
31850
29372
25451
20276
14101
7230
0
-7232
-14111
-20295
-25478
-29402
-31872
-32764
-32033
-29711
-25913
-20827
-14703
-7845
-595
6688
13640
19914
25196
29220
31785
32759
32093
29819
26047
20967
14832
7950
664
-6656
-13645
-19948
-25247
-29273
-31822
-32763
-32046
-29706
-25861
-20703
-14492
-7543
-209
7138
14125
20396
25629
29557
31977
32766
31880
29363
25342
20022
13674
6622
-771
-8129
-15071
-21240
-26318
-30042
-32219
-32734
-31559
-28754
-24461
-18901
-12360
-5177
2276
9615
16457
22447
27271
30678
32489
32608
31026
27825
23169
17302
10527
3199
-4298
-11573
-18244
-23960
-28419
-31387
-32705
-32302
-30198
-26501
-21406
-15179
-8148
-684
6817
13962
20369
25700
29668
32064
32757
31710
28975
24698
19103
12488
5205
-2358
-9798
-16717
-22745
-27557
-30894
-32577
-32513
-30703
-27244
-22319
-16192
-9191
-1693
5898
13175
19743
25247
29388
31941
32765
31816
29141
24884
19276
12618
5272
-2362
-9871
-16845
-22903
-27714
-31014
-32621
-32445
-30495
-26875
-21781
-15492
-8351
-749
6896
14165
20658
26016
29942
32220
32721
31417
28377
23767
17841
10926
3403
-4310
-11787
-18613
-24407
-28847
-31684
-32759
-32010
-29476
-25298
-19707
-13013
-5590
2148
9769
16845
22980
27828
31116
32659
32366
30254
26438
21133
14635
7310
-430
-8148
-15409
-21801
-26962
-30598
-32502
-32563
-30778
-27244
-22162
-15818
-8572
-836
6950
14343
20920
26305
30190
32350
32661
31103
27762
22829
16586
9388
1649
-6187
-13670
-20369
-25898
-29936
-32249
-32702
-31267
-28024
-23161
-16955
-9766
-2009
5867
13405
20168
25762
29860
32222
32709
31291
28049
23169
16936
9711
1916
-5992
-13553
-20323
-25904
-29968
-32275
-32687
-31179
-27837
-22855
-16527
-9222
-1372
6562
14111
20829
26318
30252
32397
32623
30916
27374
22206
15718
8294
373
-7571
-15067
-21669
-26980
-30683
-32556
-32483
-30469
-26631
-21197
-14492
-6916
1077
9009
16402
22811
27851
31216
32702
32218
29790
25564
19793
12824
5078
-2978
-10856
-18080
-24210
-28873
-31785
-32766
-31757
-28816
-24119
-17952
-10689
-2772
5316
13083
20053
25799
29968
32304
32662
31017
27469
22233
15630
8064
0
-8067
-15639
-22251
-27492
-31038
-32669
-32282
-29899
-25665
-19840
-12785
-4935
3223
11185
18454
24578
29176
31960
32754
31507
28295
23317
16881
9388
1306
-6859
-14599
-21426
-26913
-30713
-32587
-32415
-30206
-26096
-20343
-13307
-5431
2789
10837
18204
24423
29100
31937
32755
31498
28244
23199
16679
9099
938
-7285
-15047
-21854
-27271
-30951
-32659
-32282
-29844
-25497
-19519
-12290
-4271
4023
12062
19330
25359
29762
32252
32670
30984
27303
21861
15008
7184
-1105
-9326
-16947
-23474
-28484
-31650
-32766
-31757
-28687
-23753
-17274
-9670
-1435
6896
14781
21705
27215
30951
32666
32248
29720
25247
19119
11737
3583
-4807
-12886
-20121
-26035
-30239
-32455
-32534
-30469
-26395
-20578
-13400
-5336
3083
11302
18775
25007
29584
32200
32681
30992
27244
21684
14679
6695
-1736
-10055
-17706
-24178
-29038
-31959
-32744
-31340
-27837
-22468
-15592
-7668
771
9163
16942
23583
28641
31772
32764
31548
28203
22955
16155
8261
-193
-8637
-16499
-23246
-28419
-31667
-32766
-31641
-28366
-23161
-16378
-8479
0
8482
16388
23178
28387
31659
32766
31633
28334
23092
16267
8323
-193
-8699
-16610
-23382
-28547
-31748
-32764
-31521
-28105
-22748
-15818
-7793
771
9287
17161
23850
28887
31923
32744
31292
27666
22114
15023
6884
-1736
-10238
-18030
-24565
-29387
-32158
-32681
-30919
-26991
-21173
-13868
-5590
3083
11543
19194
25499
30012
32414
32534
30361
26047
19895
12336
3903
-4807
-13181
-20625
-26610
-30711
-32637
-32248
-29569
-24790
-18247
-10405
-1820
6896
15124
22277
27843
31423
32760
31757
28483
23169
16196
8060
-655
-9326
-17331
-24094
-29127
-32068
-32703
-30984
-27033
-21133
-13707
-5289
3511
12062
19743
25999
30374
32552
32371
29844
25150
18630
10754
2094
-6719
-15047
-22282
-27896
-31478
-32765
-31661
-28244
-22763
-15616
-7324
1506
10228
18204
24847
29668
32313
32585
30461
26096
19809
12062
3423
-5469
-13962
-21426
-27310
-31178
-32740
-31881
-28661
-23317
-16242
-7961
912
9721
17811
24578
29519
32265
32608
30520
26157
19840
12041
3339
-5613
-14150
-21629
-27492
-31296
-32755
-31758
-28377
-22863
-15630
-7219
1736
10564
18599
25234
29968
32443
32468
30041
25342
18725
10689
1842
-7147
-15598
-22868
-28404
-31785
-32751
-31227
-27327
-21345
-13736
-5078
3969
12717
20496
26712
30887
32702
32014
28875
23522
16364
7950
-1077
-10024
-18204
-24986
-29848
-32414
-32483
-30050
-25298
-18593
-10451
-1499
7571
16058
23305
28750
31969
32711
30916
26720
20449
12587
3744
-5391
-14111
-21734
-27666
-31442
-32766
-31533
-27837
-21964
-14372
-5653
3510
12401
20323
26654
30894
32710
31957
28692
23169
15822
7226
-1941
-10958
-19113
-25762
-30378
-32596
-32237
-29328
-24096
-16955
-8469
691
9799
18132
25028
29936
32465
32412
29778
24772
17791
9388
234
-8940
-17404
-24479
-29598
-32350
-32513
-30072
-25219
-18342
-9991
-836
8388
16942
24135
29387
32275
32563
30226
25451
18620
10283
1113
-8148
-16754
-24006
-29316
-32252
-32574
-30254
-25477
-18630
-10266
-1066
8222
16845
24098
29390
32286
32549
30156
25298
18372
9941
695
-8610
-17213
-24407
-29603
-32371
-32482
-29925
-24908
-17841
-9305
0
9307
17850
24924
29942
32491
32356
29546
24293
17028
8351
-1019
-10308
-18745
-25629
-30386
-32621
-32145
-28995
-23432
-15917
-7073
2362
11603
19879
26497
30903
32728
31816
28241
22301
14491
5464
-4023
-13175
-21224
-27492
-31451
-32766
-31324
-27244
-20868
-12732
-3519
5992
15001
22745
28568
31977
32682
30619
25962
19103
10622
1238
-8253
-17047
-24394
-29668
-32420
-32412
-29643
-24347
-16973
-8148
1373
10781
19269
26112
30723
32705
31886
28334
22351
14449
5304
-4298
-13534
-21608
-27826
-31650
-32749
-31026
-26627
-19930
-11510
-2094
7504
16457
23989
29446
32355
32460
29752
24461
17046
8148
-1459
-10942
-19477
-26318
-30870
-32732
-31742
-27983
-21780
-13674
-4371
5316
14541
22496
28484
31977
32669
30495
25645
18541
9807
209
-9410
-18204
-25397
-30356
-32640
-32046
-28625
-22675
-14721
-5464
4278
13645
21806
28038
31787
32719
30748
26047
19032
10324
695
-8997
-17892
-25196
-30256
-32621
-32077
-28669
-22701
-14703
-5389
4409
13816
21989
28193
31872
32694
30582
25725
18555
9715
0
-9718
-18563
-25739
-30598
-32699
-31850
-28126
-21861
-13619
-4144
5708
15047
23026
28920
32194
32549
29951
24631
17073
7961
-1876
-11547
-20168
-26955
-31287
-32766
-31257
-26894
-20073
-11416
-1713
8148
17267
24807
30076
32589
32113
28690
22632
14492
5018
-4919
-14407
-22570
-28657
-32104
-32591
-30072
-24775
-17189
-8012
1907
11653
20323
27113
31393
32763
31094
26539
19519
10683
852
-9060
-18132
-25519
-30530
-32697
-31816
-27965
-21503
-13031
-3339
6667
16052
23938
29584
32459
32292
29097
23169
15065
5543
-4501
-14125
-22423
-28612
-32108
-32578
-29977
-24546
-16798
-7461
2582
12385
21019
27666
31694
32721
30647
25665
18247
9095
-923
-10856
-19760
-26786
-31264
-32766
-31146
-26556
-19431
-10451
-470
9557
18675
26008
30855
32749
31507
27244
20368
11537
1595
-8501
-17784
-25359
-30497
-32702
-31758
-27754
-21074
-12360
-2451
7696
17103
24860
30215
32648
31922
28105
21563
12929
3039
-7147
-16643
-24525
-30025
-32607
-32016
-28309
-21844
-13249
-3359
6859
16412
24364
29939
32588
32050
28377
21924
13322
3413
-6833
-16412
-24382
-29960
-32596
-32028
-28309
-21804
-13150
-3199
7069
16643
24578
30089
32630
31946
28105
21482
12732
2719
-7565
-17103
-24947
-30318
-32680
-31797
-27754
-20951
-12062
-1970
8320
17784
25478
30633
32732
31565
27244
20200
11134
952
-9326
-18675
-26154
-31014
-32765
-31228
-26556
-19215
-9941
333
10578
19760
26955
31436
32749
30759
25665
17979
8475
-1887
-12062
-21019
-27851
-31864
-32650
-30126
-24546
-16475
-6728
3703
13762
22423
28806
32258
32427
29291
23169
14683
4696
-5772
-15653
-23938
-29777
-32571
-32033
-28214
-21503
-12587
-2378
8077
17706
25519
30711
32748
31416
26850
19519
10175
-219
-10594
-19879
-27113
-31549
-32726
-30520
-25157
-17189
-7439
3083
13289
22119
28657
32222
32441
29289
23092
14492
4381
-6187
-16114
-24364
-30076
-32652
-31820
-27666
-20619
-11416
-1017
9491
19008
26537
31287
32757
30792
25595
17709
7961
-2625
-12939
-21894
-28547
-32194
-32451
-29286
-23032
-14346
-4144
6498
16457
24678
30291
32699
31644
27238
19943
10531
0
-10533
-19951
-27251
-31656
-32694
-30254
-24592
-16309
-6286
4409
14637
23305
29487
32519
32077
28203
21312
12137
1660
-8997
-18692
-26385
-31248
-32757
-30748
-25434
-17383
-7461
3266
13645
22556
29038
32390
32248
28625
21909
12824
2351
-8378
-18204
-26061
-31098
-32765
-30880
-25645
-17625
-7689
3083
13524
22496
29023
32393
32235
28565
21780
12618
2077
-8692
-18516
-26318
-31245
-32755
-30681
-25247
-17046
-6975
3863
14280
23132
29446
32527
32033
28015
20915
11510
836
-9932
-19609
-27125
-31650
-32682
-30103
-24198
-15616
-5304
5596
15880
24407
30232
32705
31550
26894
19250
9465
-1373
-12062
-21411
-28379
-32188
-32412
-29022
-22395
-13267
-2656
8253
18244
26197
31222
32754
30619
25054
16679
6433
-4537
-15001
-23783
-29895
-32648
-31731
-27244
-19690
-9916
976
11762
21224
28293
32170
32415
28997
22301
13080
2378
-8595
-18599
-26497
-31393
-32729
-30352
-24528
-15917
-5494
5554
15974
24578
30386
32734
31352
26395
18425
8351
-2679
-13405
-22602
-29217
-32491
-32046
-27932
-20616
-10936
0
10939
20625
27944
32055
32482
29173
22507
13249
2462
-8610
-18692
-26622
-31481
-32707
-30156
-24119
-15293
-4696
6446
16845
25296
30817
32766
30916
25477
17079
6695
-4468
-15115
-24006
-30106
-32702
-31489
-26606
-18620
-8460
2689
13528
22788
29387
32552
31909
27532
19930
9991
-1120
-12103
-21669
-28693
-32350
-32208
-28280
-21025
-11295
-234
10856
20671
28052
32127
32412
28871
21921
12379
1372
-9799
-19815
-27487
-31906
-32545
-29328
-22632
-13249
-2291
8940
19113
27016
31708
32629
29666
23169
13911
2992
-8285
-18577
-26654
-31549
-32677
-29899
-23544
-14372
-3477
7836
18214
26411
31442
32702
30037
23764
14635
3744
-7598
-18030
-26293
-31393
-32711
-30086
-23833
-14703
-3796
7571
18026
26305
31405
32707
30050
23753
14577
3632
-7754
-18204
-26446
-31479
-32688
-29925
-23522
-14256
-3253
8148
18560
26712
31608
32650
29706
23135
13736
2656
-8751
-19090
-27095
-31785
-32581
-29385
-22585
-13013
-1842
9557
19786
27585
31994
32468
28947
21861
12081
809
-10564
-20637
-28166
-32219
-32293
-28377
-20951
-10932
440
11762
21629
28819
32437
32033
27653
19840
9561
-1907
-13142
-22745
-29519
-32621
-31661
-26755
-18514
-7961
3586
14689
23960
30239
32740
31148
25658
16955
6128
-5469
-16384
-25247
-30944
-32759
-30461
-24336
-15151
-4058
7546
18204
26572
31595
32638
29565
22763
13087
1756
-9798
-20118
-27896
-32148
-32332
-28424
-20915
-10754
771
12203
22088
29171
32552
31797
27001
18769
8148
-3511
-14727
-24069
-30346
-32754
-30984
-25260
-16309
-5272
6439
17331
26008
31359
32696
29845
23169
13521
2137
-9523
-19964
-27843
-32146
-32318
-28334
-20703
-10405
1234
12717
22564
29503
32637
31559
26407
17841
6968
-4807
-15965
-25058
-30909
-32757
-30361
-24028
-14577
-3233
8533
19194
27364
31977
32433
28669
21173
10917
-762
-12345
-22321
-29387
-32619
-31592
-26438
-17828
-6884
4961
16161
25247
31028
32744
30168
23635
13998
2522
-9287
-19879
-27860
-32179
-32265
-28105
-20242
-9711
2101
13640
23382
30040
32733
31103
25362
16267
5018
-6896
-17901
-26537
-31659
-32585
-29190
-21921
-11741
0
11743
21929
29201
32589
31641
26480
17791
6728
-5233
-16499
-25566
-31222
-32709
-29826
-22955
-13013
-1327
10537
20994
28641
32450
31909
27088
18630
7668
-4324
-15739
-25041
-30976
-32744
-30105
-23411
-13561
-1880
10055
20637
28436
32397
31982
27244
18822
7852
-4182
-15653
-25007
-30974
-32743
-30072
-23319
-13400
-1660
10308
20879
28612
32455
31881
26966
18377
7282
-4807
-16245
-25468
-31216
-32702
-29720
-22675
-12528
-664
11292
21705
29147
32596
31576
26225
17274
5950
-6193
-17489
-26383
-31650
-32564
-28995
-21433
-10917
1105
12978
23064
29968
32737
30984
24950
15465
3839
-8320
-19330
-27666
-32170
-32217
-27796
-19519
-8531
3643
15314
24860
30951
32739
29972
23032
12884
938
-11141
-21669
-29176
-32613
-31498
-25982
-16835
-5332
6918
18204
26944
31912
32410
28366
20343
9465
-2743
-14569
-24351
-30713
-32759
-30198
-23387
-13283
-1306
10856
21492
29100
32604
31507
25962
16748
5166
-7147
-18454
-27152
-32008
-32332
-28076
-19840
-8789
3510
15314
24947
31038
32720
29752
22551
12140
0
-12143
-22559
-29762
-32723
-31017
-24884
-15198
-3339
8998
20053
28242
32393
31908
26854
17952
6476
-5930
-17489
-26541
-31785
-32465
-28481
-20402
-9388
2978
14918
24714
30951
32730
29790
22554
12062
-172
-12385
-22811
-29942
-32746
-30813
-24421
-14492
-2462
9926
20879
28806
32556
31581
26021
16679
4912
-7571
-18956
-27585
-32200
-32127
-27374
-18630
-7167
5342
17076
26318
31719
32485
28504
20353
9222
-3259
-15267
-25041
-31147
-32687
-29434
-21861
-11077
1334
13553
23783
30517
32764
30189
23169
12736
423
-11953
-22570
-29860
-32743
-30792
-24293
-14202
-2009
10483
21426
29201
32652
31267
25247
15482
3419
-9153
-20369
-28563
-32514
-31633
-26047
-16586
-4654
7973
19415
27967
32350
31910
26709
17520
5712
-6950
-18577
-27428
-32179
-32116
-27244
-18292
-6597
6088
17864
26962
32015
32263
27666
18910
7310
-5391
-17284
-26579
-31872
-32366
-27983
-19380
-7852
4862
16845
26287
31760
32433
28203
19707
8226
-4501
-16550
-26094
-31684
-32472
-28334
-19895
-8434
4310
16402
26003
31651
32486
28377
19946
8475
-4288
-16402
-26016
-31662
-32478
-28334
-19861
-8351
4437
16550
26133
31717
32445
28203
19638
8060
-4756
-16845
-26351
-31812
-32386
-27983
-19276
-7602
5243
17284
26666
31941
32293
27666
18769
6975
-5898
-17864
-27071
-32095
-32157
-27244
-18113
-6176
6719
18577
27557
32265
31968
26709
17302
5205
-7702
-19415
-28111
-32434
-31710
-26047
-16326
-4058
8843
20369
28719
32588
31368
25247
15179
2736
-10137
-21426
-29364
-32705
-30922
-24293
-13853
-1238
11573
22570
30025
32764
30353
23169
12339
-434
-13142
-23783
-30678
-32739
-29638
-21861
-10632
2276
14829
25041
31296
32604
28754
20353
8727
-4282
-16616
-26318
-31849
-32328
-27676
-18630
-6622
6439
18480
27585
32302
31880
26381
16679
4318
-8734
-20396
-28806
-32620
-31227
-24845
-14492
-1820
11144
22329
29942
32763
30335
23047
12062
-859
-13645
-24243
-30951
-32688
-29173
-20967
-9388
3703
16202
26094
31785
32354
27709
18593
6476
-6688
-18775
-27832
-32393
-31718
-25913
-15915
-3339
9779
21317
29402
32723
30737
23764
12933
0
-12935
-23772
-30745
-32720
-29372
-21243
-9654
3510
16105
26077
31798
32332
27590
18342
6096
-7147
-19226
-28162
-32493
-31507
-25362
-15061
-2291
10856
22227
29953
32765
30198
22670
11416
-1716
-14569
-25028
-31370
-32548
-28366
-19509
-7435
5867
18204
27539
32330
31782
25982
15887
3163
-10086
-21669
-29667
-32753
-30413
-23032
-11831
1334
14281
24860
31312
32563
28403
19519
7387
-5976
-18347
-27666
-32377
-31693
-25725
-15465
-2622
10659
22164
29968
32766
30086
22374
10917
-2369
-15261
-25599
-31650
-32396
-27709
-18372
-5950
7473
19643
28516
32596
31195
24546
13765
664
-12550
-23653
-30771
-32702
-29116
-20616
-8634
4807
17440
27128
32230
31881
26137
15968
3092
-10308
-21966
-29901
-32766
-30072
-22272
-10689
2711
15653
25937
31812
32275
27244
17574
4908
-8595
-20637
-29162
-32712
-30681
-23411
-12140
1206
14349
25041
31451
32480
27948
18630
6117
-7445
-19735
-28641
-32634
-31026
-24089
-13013
301
13567
24501
31222
32570
28309
19172
6728
-6876
-19298
-28393
-32589
-31159
-24347
-13326
0
13328
24354
31166
32585
28360
19220
6748
-6896
-19347
-28443
-32604
-31103
-24198
-13087
301
13640
24608
31294
32533
28105
18778
6176
-7504
-19879
-28786
-32669
-30847
-23635
-12290
1206
14493
25247
31583
32389
27520
17828
5008
-8692
-20870
-29387
-32745
-30352
-22624
-10917
2711
15865
26229
31977
32094
26556
16335
3233
-10442
-22277
-30182
-32757
-29546
-21112
-8944
4807
17712
27483
32390
31559
25136
14256
845
-12717
-24026
-31070
-32598
-28334
-19032
-6345
7473
19964
28903
32697
30666
23169
11540
-2148
-15456
-26008
-31918
-32127
-26596
-16309
-3103
10659
22517
30346
32741
29270
20553
8148
-5719
-18563
-28078
-32552
-31179
-24202
-12874
771
14281
25223
31625
32332
27214
17189
4062
-9798
-21894
-30040
-32762
-29565
-21025
-8682
5233
18204
27882
32514
31257
24336
13002
-691
-14262
-25247
-31650
-32307
-27094
-16955
-3732
10171
22227
30239
32747
29289
20494
7961
-6025
-18915
-28356
-32621
-30929
-23586
-11931
1907
15400
26077
31982
32033
26215
15592
2109
-11762
-23479
-30889
-32629
-28377
-18910
-5966
8077
20637
29402
32756
30080
21861
9613
-4409
-17621
-27585
-32459
-31342
-24435
-13013
816
14497
25499
31785
32188
26631
16140
2656
-11322
-23203
-30782
-32650
-28456
-18976
-5969
8148
20755
29503
32763
29925
21514
9095
-5021
-18204
-27995
-32564
-31058
-23753
-12011
1977
15598
26305
32095
31880
25698
14703
952
-12978
-24480
-31393
-32418
-27360
-17165
-3744
10381
22559
30497
32702
28754
19394
6380
-7836
-20580
-29446
-32762
-29899
-21393
-8847
5370
18577
28275
32630
30814
23169
11138
-3003
-16579
-27016
-32334
-31523
-24733
-13249
751
14612
25700
31906
32048
26096
15179
1372
-12698
-24354
-31371
-32412
-27273
-16932
-3359
10856
23003
30758
32638
28280
18514
5205
-9101
-21669
-30089
-32747
-29131
-19930
-6905
7445
20371
29387
32762
29844
21189
8460
-5898
-19125
-28673
-32702
-30433
-22301
-9868
4468
17946
27963
32585
30916
23274
11134
-3159
-16845
-27275
-32428
-31305
-24119
-12260
1977
15833
26622
32247
31615
24845
13249
-923
-14918
-26016
-32055
-31858
-25461
-14105
0
14107
25468
31864
32046
25975
14832
792
-13405
-24986
-31684
-32188
-26395
-15435
-1452
12817
24578
31525
32292
26727
15917
1981
-12345
-24250
-31393
-32366
-26976
-16280
-2378
11993
24006
31293
32415
27148
16527
2644
-11762
-23850
-31230
-32442
-27244
-16660
-2779
11653
23783
31206
32451
27267
16679
2783
-11667
-23806
-31222
-32441
-27217
-16586
-2656
11803
23919
31277
32412
27094
16378
2398
-12062
-24120
-31370
-32361
-26894
-16056
-2009
12441
24407
31496
32285
26615
15616
1488
-12939
-24777
-31650
-32178
-26251
-15055
-836
13553
25223
31826
32033
25797
14372
52
-14280
-25739
-32015
-31841
-25247
-13561
863
15115
26318
32208
31592
24592
12618
-1908
-16052
-26950
-32393
-31276
-23823
-11540
3083
17085
27622
32556
30880
22932
10324
-4384
-18204
-28323
-32682
-30389
-21909
-8965
5807
19399
29038
32755
29790
20744
7461
-7347
-20658
-29748
-32757
-29067
-19428
-5811
8997
21966
30436
32669
28203
17952
4016
-10746
-23305
-31079
-32468
-27184
-16309
-2077
12583
24657
31656
32135
25992
14491
0
-14493
-25999
-32139
-31644
-24613
-12494
2208
16457
27304
32503
30975
23032
10317
-4537
-18454
-28547
-32719
-30103
-21238
-7961
6971
20458
29694
32757
29007
19220
5431
-9491
-22439
-30713
-32587
-27666
-16973
-2736
12073
24364
31568
32177
26060
14492
-108
-14689
-26197
-32222
-31498
-24174
-11781
3083
17304
27896
32634
30520
21996
8847
-6162
-19879
-29416
-32766
-29219
-19519
-5706
9311
22368
30711
32578
27570
16743
2378
-12491
-24723
-31732
-32033
-25558
-13674
1105
15653
26888
32428
31095
23169
10328
-4707
-18745
-28806
-32750
-29736
-20402
-6728
8378
21705
30414
32650
27932
17262
2911
-12062
-24465
-31651
-32083
-25665
-13765
1077
15692
26955
32455
31012
22932
9941
-5180
-19194
-29098
-32765
-29406
-19738
-5832
9326
22486
30817
32526
27244
16102
1495
-13436
-25478
-32035
-31693
-24521
-12062
2999
17416
28078
32680
30226
21243
7668
-7565
-21167
-30192
-32685
-28105
-17438
-2992
12103
24578
31727
31995
25321
13150
-1876
-16499
-27539
-32596
-30567
-21889
-8448
6833
20630
29936
32722
28377
17845
3419
-11753
-24364
-31659
-32040
-25423
-13249
1823
16499
27568
32607
30508
21729
8189
-7147
-20920
-30108
-32693
-28105
-17347
-2779
12401
24860
31856
31850
24838
12360
-2839
-17416
-28160
-32702
-30037
-20749
-6884
8501
22013
30668
32552
27244
15915
1066
-14020
-26008
-32243
-31342
-23500
-10451
4915
19194
29220
32766
29042
18871
4509
-10856
-23813
-31479
-32147
-25665
-13473
1720
16533
27666
32637
30335
21271
7461
-8015
-21705
-30552
-32578
-27327
-15968
-1038
14125
26133
32294
31228
23169
9920
-5554
-19786
-29584
-32748
-28565
-17970
-3339
12043
24723
31849
31816
24627
11897
-3511
-18132
-28673
-32755
-29458
-19519
-5177
10334
23516
31393
32182
25702
13414
-1907
-16800
-27896
-32682
-30072
-20653
-6555
9029
22570
30997
32395
26445
14492
-751
-15827
-27310
-32589
-30461
-21406
-7481
8148
21926
30713
32507
26894
15151
-48
-15238
-26955
-32522
-30664
-21804
-7961
7702
21608
30575
32549
27076
15403
202
-15047
-26852
-32503
-30703
-21861
-8002
7696
21629
30598
32538
27001
15255
0
-15257
-27007
-32541
-30582
-21579
-7602
8129
21989
30779
32468
26664
14703
-655
-15865
-27411
-32621
-30288
-20948
-6758
8997
22672
31098
32318
26047
13736
-1763
-16855
-28038
-32713
-29790
-19946
-5464
10289
23653
31516
32046
25116
12336
-3319
-18204
-28847
-32766
-29042
-18541
-3711
11987
24889
31977
31593
23823
10480
-5316
-19871
-29777
-32711
-27983
-16697
-1495
14059
26318
32404
30885
22114
8148
-7733
-21801
-30745
-32460
-26539
-14372
1180
16457
27860
32699
29832
19930
5325
-10537
-23916
-31650
-31910
-24631
-11530
4298
19113
29409
32747
28334
17210
2009
-13670
-26112
-32365
-30942
-22178
-8148
7817
21929
30833
32412
26285
13907
-1780
-17047
-28259
-32743
-29429
-19103
-4222
11667
24777
31977
31548
23586
9991
-5992
-20546
-30192
-32619
-27244
-15350
219
15739
27492
32660
30001
20149
5464
-10533
-24006
-31719
-31816
-24270
-10892
5106
19879
29873
32681
27625
15917
373
-15261
-27221
-32621
-30156
-20416
-5748
10308
23879
31684
31836
24293
10875
-5173
-19973
-29942
-32665
-27477
-15633
0
15636
27483
32666
29925
19920
5078
-10999
-24407
-31886
-31615
-23656
-9941
6193
20824
30386
32549
26782
14487
-1341
-16845
-28242
-32749
-29262
-18630
-3445
12583
25539
32252
31078
22301
8064
-8148
-22368
-31111
-32231
-25451
-12429
3643
18824
29387
32737
28047
16465
836
-15001
-27152
-32625
-30072
-20115
-5205
10989
24479
31937
31523
23335
9388
-6876
-21447
-30723
-32412
-26092
-13322
2743
18132
29038
32759
28371
16955
1338
-14612
-26944
-32596
-30164
-20247
-5304
10958
24501
31960
31477
23169
9099
-7236
-21774
-30894
-32323
-25702
-12676
3510
18824
29446
32724
27837
16000
166
-15711
-27666
-32707
-29572
-19041
-3744
12491
25602
32304
30916
21780
7184
-9215
-23305
-31551
-31880
-24205
-10451
5930
20824
30486
32483
26311
13518
-2679
-18204
-29147
-32749
-28098
-16364
-502
15488
27574
32702
29574
18976
3583
-12717
-25806
-32371
-30748
-21345
-6538
9926
23879
31785
31636
23467
9346
-7147
-21830
-30974
-32254
-25342
-11991
4409
19692
29968
32623
26976
14462
-1736
-17495
-28798
-32764
-28377
-16752
-852
15267
27492
32699
29554
18857
3339
-13034
-26077
-32450
-30520
-20777
-5712
10817
24578
32042
31291
22515
7961
-8637
-23021
-31496
-31881
-24075
-10079
6509
21426
30833
32307
25463
12062
-4448
-19815
-30076
-32585
-26689
-13907
2465
18204
29244
32732
27762
15616
-569
-16610
-28356
-32765
-28692
-17189
-1231
15047
27428
32699
29490
18630
2932
-13528
-26478
-32552
-30168
-19943
-4530
12062
25519
32337
30737
21133
6022
-10659
-24565
-32068
-31208
-22206
-7407
9326
23628
31760
31593
23169
8686
-8070
-22719
-31423
-31903
-24028
-9858
6896
21846
31070
32147
24790
10926
-5807
-21019
-30711
-32336
-25461
-11891
4807
20244
30356
32478
26047
12755
-3899
-19528
-30012
-32581
-26556
-13521
3083
18877
29687
32654
26991
14192
-2362
-18294
-29387
-32703
-27360
-14769
1736
17784
29119
32734
27666
15255
-1206
-17349
-28887
-32752
-27913
-15652
771
16993
28695
32761
28105
15962
-434
-16717
-28547
-32765
-28244
-16186
193
16523
28443
32766
28334
16326
-48
-16412
-28387
-32766
-28374
-16382
0
0
0
0
0
0
0
0
0
0
0
0
0
0
0
0
0
0
0
0
0
0
0
0
0
0
0
0
0
0
0
0
0
0
0
0
0
0
0
0
0
0
0
0
0
0
0
0
0
0
0
0
0
0
0
0
0
0
0
0
0
0
0
0
0
0
0
0
0
0
0
0
0
0
0
0
0
0
0
0
0
0
0
0
0
0
0
0
0
0
0
0
0
0
0
0
0
0
0
0
0
0
0
0
0
0
0
0
0
0
0
0
0
0
0
0
0
0
0
0
0
0
0
0
0
0
0
0
0
0
0
0
0
0
0
0
0
0
0
0
0
0
0
0
0
0
0
0
0
0
0
0
0
0
0
0
0
0
0
0
0
0
0
0
0
0
0
0
0
0
0
0
0
0
0
0
0
0
0
0
0
0
0
0
0
0
0
0
0
0
0
0
0
0
0
0
0
0
0
0
0
0
0
0
0
0
0
0
0
0
0
0
0
0
0
0
0
0
0
0
0
0
0
0
0
0
0
0
0
0
0
0
0
0
0
0
0
0
0
0
0
0
0
0
0
0
0
0
0
0
0
0
0
0
0
0
0
0
0
0
0
0
0
0
0
0
0
0
0
0
0
0
0
0
0
0
0
0
0
0
0
0
0
0
0
0
0
0
0
0
0
0
0
0
0
0
0
0
0
0
0
0
0
0
0
0
0
0
0
0
0
0
0
0
0
0
0
0
0
0
0
0
0
0
0
0
0
0
0
0
0
0
0
0
0
0
0
0
0
0
0
0
0
0
0
0
0
0
0
0
0
0
0
0
0
0
0
0
0
0
0
0
0
0
0
0
0
0
0
0
0
0
0
0
0
0
0
0
0
0
0
0
0
0
0
0
0
0
0
0
0
0
0
0
0
0
0
0
0
0
0
0
0
0
0
0
0
0
0
0
0
0
0
0
0
0
0
0
0
0
0
0
0
0
0
0
0
0
0
0
0
0
0
0
0
0
0
0
0
0
0
0
0
0
0
0
0
0
0
0
0
0
0
0
0
0
0
0
0
0
0
0
0
0
0
0
0
0
0
0
0
0
0
0
0
0
0
0
0
0
0
0
0
0
0
0
0
0
0
0
0
0
0
0
0
0
0
0
0
0
0
0
0
0
0
0
0
0
0
0
0
0
0
0
0
0
0
0
0
0
0
0
0
0
0
0
0
0
0
0
0
0
0
0
0
0
0
0
0
0
0
0
0
0
0
0
0
0
0
0
0
0
0
0
0
0
0
0
0
0
0
0
0
0
0
0
0
0
0
0
0
0
0
0
0
0
0
0
0
0
0
0
0
0
0
0
0
0
0
0
0
0
0
0
0
0
0
0
0
0
0
0
0
0
0
0
0
0
0
0
0
0
0
0
0
0
0
0
0
0
0
0
0
0
0
0
0
0
0
0
0
0
0
0
0
0
0
0
0
0
0
0
0
0
0
0
0
0
0
0
0
0
0
0
0
0
0
0
0
0
0
0
0
0
0
0
0
0
0
0
0
0
0
0
0
0
0
0
0
0
0
0
0
0
0
0
0
0
0
0
0
0
0
0
0
0
0
0
0
0
0
0
0
0
0
0
0
0
0
0
0
0
0
0
0
0
0
0
0
0
0
0
0
0
0
0
0
0
0
0
0
0
0
0
0
0
0
0
0
0
0
0
0
0
0
0
0
0
0
0
0
0
0
0
0
0
0
0
0
0
0
0
0
0
0
0
0
0
0
0
0
0
0
0
0
0
0
0
0
0
0
0
0
0
0
0
0
0
0
0
0
0
0
0
0
0
0
0
0
0
0
0
0
0
0
0
0
0
0
0
0
0
0
0
0
0
0
0
0
0
0
0
0
0
0
0
0
0
0
0
0
0
0
0
0
0
0
0
0
0
0
0
0
0
0
0
0
0
0
0
0
0
0
0
0
0
0
0
0
0
0
0
0
0
0
0
0
0
0
0
0
0
0
0
0
0
0
0
0
0
0
0
0
0
0
0
0
0
0
0
0
0
0
0
0
0
0
0
0
0
0
0
0
0
0
0
0
0
0
0
0
0
0
0
0
0
0
0
0
0
0
0
0
0
0
0
0
0
0
0
0
0
0
0
0
0
0
0
0
0
0
0
0
0
0
0
0
0
0
0
0
0
0
0
0
0
0
0
0
0
14043
13569
12185
9991
7148
3865
377
-3067
-6230
-8898
-10902
-12125
-12511
-12069
-10865
-9020
-6693
-4070
-1346
1288
3664
5644
7131
8069
8452
8310
7711
6745
5519
4141
2717
1335
66
-1041
-1963
-2696
-3252
-3652
-3924
-4094
-4182
-4196
-4138
-3996
-3753
-3388
-2882
-2222
-1407
-452
613
1741
2870
3929
4843
5539
5953
6039
5772
5152
4205
2986
1569
47
-1480
-2910
-4146
-5108
-5737
-5998
-5886
-5423
-4657
-3653
-2494
-1267
-58
1054
2008
2756
3273
3556
3618
3490
3212
2829
2388
1928
1483
1074
710
391
107
-155
-412
-679
-964
-1267
-1581
-1891
-2172
-2398
-2542
-2578
-2488
-2265
-1911
-1442
-886
-277
342
929
1445
1856
2140
2289
2308
2213
2034
1804
1560
1335
1155
1033
968
946
937
903
801
587
229
-294
-984
-1818
-2749
-3710
-4613
-5363
-5859
-6012
-5751
-5032
-3850
-2238
-273
1927
4217
6424
8370
9881
10805
11027
10482
9160
7115
4461
1364
-1963
-5283
-8348
-10922
-12797
-13816
-13883
-12974
-11138
-8499
-5244
-1607
2143
5730
8891
11393
13056
13767
13485
12250
10170
7420
4222
828
-2501
-5518
-8007
-9798
-10785
-10927
-10253
-8855
-6876
-4503
-1941
595
2911
4834
6237
7041
7221
6806
5872
4532
2928
1210
-466
-1966
-3175
-4013
-4436
-4439
-4054
-3340
-2384
-1281
-136
955
1906
2651
3146
3368
3321
3026
2524
1863
1100
292
-507
-1249
-1897
-2422
-2803
-3030
-3100
-3017
-2786
-2421
-1934
-1345
-674
53
810
1560
2267
2892
3394
3735
3883
3815
3519
2998
2273
1378
366
-698
-1745
-2698
-3488
-4050
-4341
-4334
-4028
-3444
-2630
-1651
-589
468
1434
2227
2785
3068
3062
2780
2264
1580
807
35
-644
-1154
-1433
-1446
-1189
-688
1
799
1608
2323
2845
3087
2990
2524
1699
561
-805
-2289
-3758
-5071
-6093
-6706
-6822
-6394
-5421
-3948
-2069
85
2355
4563
6532
8099
9128
9528
9252
8310
6765
4728
2349
-193
-2711
-5019
-6951
-8371
-9188
-9362
-8899
-7860
-6344
-4484
-2434
-352
1609
3319
4676
5615
6110
6173
5852
5220
4368
3394
2392
1444
610
-72
-590
-957
-1204
-1373
-1512
-1667
-1869
-2136
-2464
-2828
-3188
-3485
-3658
-3645
-3397
-2881
-2091
-1048
194
1560
2947
4243
5331
6102
6471
6377
5800
4762
3324
1588
-315
-2234
-4009
-5489
-6543
-7075
-7031
-6406
-5247
-3650
-1749
292
2295
4085
5499
6413
6741
6453
5573
4177
2392
378
-1682
-3601
-5200
-6332
-6889
-6815
-6111
-4834
-3093
-1041
1142
3263
5135
6590
7498
7777
7401
6399
4857
2907
714
-1533
-3648
-5455
-6806
-7596
-7769
-7326
-6318
-4844
-3042
-1073
890
2683
4163
5217
5778
5825
5385
4528
3361
2015
632
-648
-1705
-2444
-2808
-2783
-2395
-1711
-829
131
1045
1790
2263
2389
2133
1499
536
-667
-1996
-3311
-4469
-5331
-5784
-5745
-5174
-4082
-2527
-613
1517
3695
5738
7469
8729
9391
9375
8654
7259
5277
2843
132
-2651
-5300
-7609
-9400
-10534
-10922
-10534
-9400
-7609
-5300
-2651
132
2843
5277
7259
8654
9375
9391
8729
7469
5738
3695
1517
-613
-2527
-4082
-5174
-5745
-5784
-5331
-4469
-3311
-1996
-667
536
1499
2133
2389
2263
1790
1045
131
-829
-1711
-2395
-2783
-2808
-2444
-1705
-648
632
2015
3361
4528
5385
5825
5778
5217
4163
2683
890
-1073
-3042
-4844
-6318
-7326
-7769
-7596
-6806
-5455
-3648
-1533
714
2907
4857
6399
7401
7777
7498
6590
5135
3263
1142
-1041
-3093
-4834
-6111
-6815
-6889
-6332
-5200
-3601
-1682
378
2392
4177
5573
6453
6741
6413
5499
4085
2295
292
-1749
-3650
-5247
-6406
-7031
-7075
-6543
-5489
-4009
-2234
-315
1588
3324
4762
5800
6377
6471
6102
5331
4243
2947
1560
194
-1048
-2091
-2881
-3397
-3645
-3658
-3485
-3188
-2828
-2464
-2136
-1869
-1667
-1512
-1373
-1204
-957
-590
-72
610
1444
2392
3394
4368
5220
5852
6173
6110
5615
4676
3319
1609
-352
-2434
-4484
-6344
-7860
-8899
-9362
-9188
-8371
-6951
-5019
-2711
-193
2349
4728
6765
8310
9252
9528
9128
8099
6532
4563
2355
85
-2069
-3948
-5421
-6394
-6822
-6706
-6093
-5071
-3758
-2289
-805
561
1699
2524
2990
3087
2845
2323
1608
799
1
-688
-1189
-1446
-1433
-1154
-644
35
807
1580
2264
2780
3062
3068
2785
2227
1434
468
-589
-1651
-2630
-3444
-4028
-4334
-4341
-4050
-3488
-2698
-1745
-698
366
1378
2273
2998
3519
3815
3883
3735
3394
2892
2267
1560
810
53
-674
-1345
-1934
-2421
-2786
-3017
-3100
-3030
-2803
-2422
-1897
-1249
-507
292
1100
1863
2524
3026
3321
3368
3146
2651
1906
955
-136
-1281
-2384
-3340
-4054
-4439
-4436
-4013
-3175
-1966
-466
1210
2928
4532
5872
6806
7221
7041
6237
4834
2911
595
-1941
-4503
-6876
-8855
-10253
-10927
-10785
-9798
-8007
-5518
-2501
828
4222
7420
10170
12250
13485
13767
13056
11393
8891
5730
2143
-1607
-5244
-8499
-11138
-12974
-13883
-13816
-12797
-10922
-8348
-5283
-1963
1364
4461
7115
9160
10482
11027
10805
9881
8370
6424
4217
1927
-273
-2238
-3850
-5032
-5751
-6012
-5859
-5363
-4613
-3710
-2749
-1818
-984
-294
229
587
801
903
937
946
968
1033
1155
1335
1560
1804
2034
2213
2308
2289
2140
1856
1445
929
342
-277
-886
-1442
-1911
-2265
-2488
-2578
-2542
-2398
-2172
-1891
-1581
-1267
-964
-679
-412
-155
107
391
710
1074
1483
1928
2388
2829
3212
3490
3618
3556
3273
2756
2008
1054
-58
-1267
-2494
-3653
-4657
-5423
-5886
-5998
-5737
-5108
-4146
-2910
-1480
47
1569
2986
4205
5152
5772
6039
5953
5539
4843
3929
2870
1741
613
-452
-1407
-2222
-2882
-3388
-3753
-3996
-4138
-4196
-4182
-4094
-3924
-3652
-3252
-2696
-1963
-1041
66
1335
2717
4141
5519
6745
7711
8310
8452
8069
7131
5644
3664
1288
-1346
-4070
-6693
-9020
-10865
-12069
-12511
-12125
-10902
-8898
-6230
-3067
377
3865
7148
9991
12185
13569
0
0
0
0
0
0
0
0
0
0
0
0
0
0
0
0
0
0
0
0
0
0
0
0
0
0
0
0
0
0
0
0
0
0
0
0
0
0
0
0
0
0
0
0
0
0
0
0
0
0
0
0
0
0
0
0
0
0
0
0
0
0
0
0
0
0
0
-7801
-7580
-6929
-5886
-4511
-2883
-1096
746
2542
4188
5591
6672
7373
7656
7507
6937
5981
4693
3150
1438
-344
-2099
-3727
-5138
-6253
-7012
-7373
-7316
-6847
-5992
-4801
-3341
-1695
42
1772
3395
4818
5958
6748
7143
7118
6675
5841
4664
3215
1583
-135
-1834
-3411
-4769
-5827
-6521
-6810
-6680
-6142
-5236
-4022
-2580
-1005
601
2138
3509
4631
5439
5891
5968
5676
5047
4131
2998
1727
404
-886
-2064
-3064
-3833
-4338
-4563
-4514
-4211
-3691
-3001
-2194
-1327
-453
378
1126
1760
2258
2609
2815
2881
2822
2655
2399
2075
1701
1293
867
435
5
-411
-807
-1176
-1509
-1796
-2030
-2201
-2302
-2326
-2268
-2128
-1906
-1609
-1245
-826
-366
118
612
1098
1560
1983
2355
2661
2892
3036
3082
3022
2847
2548
2122
1567
889
99
-782
-1725
-2689
-3625
-4477
-5183
-5683
-5917
-5839
-5416
-4632
-3500
-2053
-356
1504
3419
5267
6916
8241
9126
9480
9244
8397
6962
5006
2636
0
-2732
-5375
-7739
-9651
-10964
-11570
-11413
-10490
-8856
-6619
-3934
-993
1995
4815
7266
9175
10411
10898
10617
9612
7978
5861
3439
910
-1527
-3691
-5426
-6623
-7223
-7221
-6663
-5645
-4295
-2767
-1219
199
1360
2171
2584
2593
2242
1609
804
-46
-816
-1389
-1674
-1618
-1208
-472
514
1650
2805
3842
4631
5061
5053
4571
3627
2280
632
-1177
-2992
-4646
-5985
-6877
-7233
-7010
-6219
-4924
-3238
-1310
686
2572
4178
5363
6026
6119
5649
4681
3325
1734
80
-1455
-2710
-3548
-3880
-3671
-2945
-1784
-322
1271
2808
4097
4966
5285
4971
4011
2455
422
-1915
-4342
-6623
-8520
-9823
-10361
-10032
-8805
-6731
-3940
-633
2935
6477
9697
12315
14093
14860
14522
13077
10612
7301
3389
-828
-5029
-8889
-12113
-14456
-15744
-15888
-14892
-12848
-9930
-6377
-2473
1479
5182
8368
10819
12384
12989
12640
11417
9467
6986
4200
1348
-1345
-3683
-5513
-6739
-7322
-7283
-6696
-5673
-4359
-2909
-1473
-185
847
1560
1924
1954
1699
1236
658
65
-447
-803
-947
-854
-529
-6
656
1384
2094
2704
3140
3349
3298
2980
2414
1643
729
-256
-1234
-2129
-2875
-3421
-3736
-3809
-3649
-3283
-2752
-2106
-1398
-679
5
620
1143
1560
1871
2084
2211
2267
2267
2221
2135
2009
1838
1614
1329
977
557
77
-449
-997
-1535
-2025
-2428
-2708
-2833
-2785
-2556
-2156
-1611
-960
-255
444
1080
1597
1950
2110
2066
1830
1431
917
351
-198
-665
-989
-1124
-1046
-754
-273
348
1043
1730
2320
2731
2892
2754
2296
1525
487
-746
-2076
-3388
-4558
-5468
-6016
-6124
-5752
-4896
-3596
-1933
-21
1997
3968
5732
7145
8083
8460
8232
7404
6025
4193
2038
-280
-2590
-4722
-6517
-7844
-8611
-8767
-8308
-7278
-5763
-3881
-1779
388
2463
4301
5779
6806
7328
7329
6830
5889
4593
3047
1370
-316
-1899
-3277
-4369
-5119
-5494
-5492
-5132
-4454
-3516
-2389
-1150
120
1347
2458
3391
4095
4532
4681
4532
4095
3391
2458
1347
120
-1150
-2389
-3516
-4454
-5132
-5492
-5494
-5119
-4369
-3277
-1899
-316
1370
3047
4593
5889
6830
7329
7328
6806
5779
4301
2463
388
-1779
-3881
-5763
-7278
-8308
-8767
-8611
-7844
-6517
-4722
-2590
-280
2038
4193
6025
7404
8232
8460
8083
7145
5732
3968
1997
-21
-1933
-3596
-4896
-5752
-6124
-6016
-5468
-4558
-3388
-2076
-746
487
1525
2296
2754
2892
2731
2320
1730
1043
348
-273
-754
-1046
-1124
-989
-665
-198
351
917
1431
1830
2066
2110
1950
1597
1080
444
-255
-960
-1611
-2156
-2556
-2785
-2833
-2708
-2428
-2025
-1535
-997
-449
77
557
977
1329
1614
1838
2009
2135
2221
2267
2267
2211
2084
1871
1560
1143
620
5
-679
-1398
-2106
-2752
-3283
-3649
-3809
-3736
-3421
-2875
-2129
-1234
-256
729
1643
2414
2980
3298
3349
3140
2704
2094
1384
656
-6
-529
-854
-947
-803
-447
65
658
1236
1699
1954
1924
1560
847
-185
-1473
-2909
-4359
-5673
-6696
-7283
-7322
-6739
-5513
-3683
-1345
1348
4200
6986
9467
11417
12640
12989
12384
10819
8368
5182
1479
-2473
-6377
-9930
-12848
-14892
-15888
-15744
-14456
-12113
-8889
-5029
-828
3389
7301
10612
13077
14522
14860
14093
12315
9697
6477
2935
-633
-3940
-6731
-8805
-10032
-10361
-9823
-8520
-6623
-4342
-1915
422
2455
4011
4971
5285
4966
4097
2808
1271
-322
-1784
-2945
-3671
-3880
-3548
-2710
-1455
80
1734
3325
4681
5649
6119
6026
5363
4178
2572
686
-1310
-3238
-4924
-6219
-7010
-7233
-6877
-5985
-4646
-2992
-1177
632
2280
3627
4571
5053
5061
4631
3842
2805
1650
514
-472
-1208
-1618
-1674
-1389
-816
-46
804
1609
2242
2593
2584
2171
1360
199
-1219
-2767
-4295
-5645
-6663
-7221
-7223
-6623
-5426
-3691
-1527
910
3439
5861
7978
9612
10617
10898
10411
9175
7266
4815
1995
-993
-3934
-6619
-8856
-10490
-11413
-11570
-10964
-9651
-7739
-5375
-2732
0
2636
5006
6962
8397
9244
9480
9126
8241
6916
5267
3419
1504
-356
-2053
-3500
-4632
-5416
-5839
-5917
-5683
-5183
-4477
-3625
-2689
-1725
-782
99
889
1567
2122
2548
2847
3022
3082
3036
2892
2661
2355
1983
1560
1098
612
118
-366
-826
-1245
-1609
-1906
-2128
-2268
-2326
-2302
-2201
-2030
-1796
-1509
-1176
-807
-411
5
435
867
1293
1701
2075
2399
2655
2822
2881
2815
2609
2258
1760
1126
378
-453
-1327
-2194
-3001
-3691
-4211
-4514
-4563
-4338
-3833
-3064
-2064
-886
404
1727
2998
4131
5047
5676
5968
5891
5439
4631
3509
2138
601
-1005
-2580
-4022
-5236
-6142
-6680
-6810
-6521
-5827
-4769
-3411
-1834
-135
1583
3215
4664
5841
6675
7118
7143
6748
5958
4818
3395
1772
42
-1695
-3341
-4801
-5992
-6847
-7316
-7373
-7012
-6253
-5138
-3727
-2099
-344
1438
3150
4693
5981
6937
7507
7656
7373
6672
5591
4188
2542
746
-1096
-2883
-4511
-5886
-6929
-7580
0
0
0
0
0
0
0
0
0
0
0
0
0
0
0
0
0
0
0
0
0
0
0
0
0
0
0
0
0
0
0
0
0
0
0
0
0
0
0
0
0
0
0
0
0
0
0
0
0
0
0
0
0
0
0
0
0
0
0
0
0
0
0
0
0
0
0
1560
1591
1674
1781
1871
1895
1802
1551
1115
488
-310
-1238
-2227
-3192
-4041
-4678
-5019
-5002
-4590
-3784
-2620
-1172
455
2135
3728
5095
6112
6679
6734
6259
5282
3876
2154
259
-1650
-3411
-4874
-5917
-6454
-6446
-5903
-4887
-3498
-1872
-165
1463
2864
3915
4528
4661
4323
3567
2491
1221
-96
-1315
-2298
-2939
-3167
-2958
-2335
-1369
-169
1127
2369
3408
4113
4384
4164
3449
2282
759
-986
-2792
-4482
-5886
-6853
-7270
-7070
-6243
-4834
-2944
-720
1656
3989
6080
7750
8853
9290
9017
8052
6467
4388
1981
-562
-3046
-5276
-7088
-8351
-8984
-8958
-8298
-7078
-5412
-3445
-1337
748
2662
4277
5498
6268
6572
6429
5894
5043
3969
2773
1547
376
-674
-1560
-2258
-2764
-3091
-3261
-3302
-3242
-3104
-2903
-2645
-2327
-1942
-1478
-929
-293
420
1187
1972
2725
3386
3895
4191
4225
3963
3394
2535
1429
146
-1221
-2565
-3772
-4730
-5346
-5546
-5294
-4589
-3471
-2018
-342
1420
3120
4609
5750
6434
6588
6185
5245
3834
2063
75
-1964
-3883
-5517
-6726
-7403
-7487
-6966
-5880
-4319
-2410
-310
1807
3773
5428
6645
7336
7456
7013
6058
4686
3022
1211
-595
-2257
-3648
-4678
-5289
-5468
-5237
-4655
-3808
-2799
-1736
-722
155
833
1277
1482
1475
1307
1043
761
535
427
483
721
1134
1684
2312
2938
3473
3829
3927
3709
3142
2228
1002
-468
-2085
-3730
-5274
-6587
-7548
-8062
-8061
-7518
-6444
-4894
-2958
-759
1560
3845
5941
7707
9025
9805
9999
9595
8623
7149
5270
3106
792
-1532
-3734
-5692
-7304
-8495
-9214
-9442
-9186
-8479
-7373
-5938
-4255
-2410
-494
1406
3210
4840
6233
7332
8094
8490
8502
8127
7378
6282
4881
3233
1412
-500
-2412
-4225
-5844
-7178
-8147
-8689
-8766
-8362
-7492
-6202
-4562
-2667
-631
1420
3360
5067
6435
7379
7844
7808
7285
6321
4995
3409
1683
-56
-1685
-3090
-4179
-4888
-5183
-5067
-4573
-3766
-2732
-1576
-406
670
1560
2188
2507
2500
2178
1586
791
-118
-1045
-1888
-2554
-2965
-3065
-2828
-2256
-1384
-273
987
2298
3547
4622
5425
5873
5911
5511
4683
3466
1935
186
-1663
-3484
-5149
-6537
-7546
-8096
-8141
-7669
-6702
-5300
-3548
-1560
537
2608
4521
6153
7405
8200
8495
8281
7582
6453
4977
3256
1405
-456
-2216
-3770
-5035
-5952
-6488
-6637
-6420
-5880
-5077
-4085
-2979
-1837
-727
295
1189
1930
2511
2939
3231
3412
3508
3544
3536
3492
3409
3273
3062
2750
2310
1719
967
56
-991
-2134
-3313
-4452
-5464
-6259
-6750
-6864
-6548
-5781
-4573
-2971
-1061
1042
3198
5249
7037
8412
9249
9457
8993
7862
6124
3890
1317
-1407
-4075
-6476
-8415
-9729
-10301
-10073
-9049
-7302
-4965
-2221
708
3582
6162
8230
9610
10179
9886
8749
6863
4384
1523
-1473
-4348
-6849
-8756
-9900
-10175
-9553
-8083
-5888
-3157
-127
2936
5766
8110
9761
10568
10456
9430
7574
5048
2069
-1103
-4194
-6934
-9082
-10452
-10922
-10452
-9082
-6934
-4194
-1103
2069
5048
7574
9430
10456
10568
9761
8110
5766
2936
-127
-3157
-5888
-8083
-9553
-10175
-9900
-8756
-6849
-4348
-1473
1523
4384
6863
8749
9886
10179
9610
8230
6162
3582
708
-2221
-4965
-7302
-9049
-10073
-10301
-9729
-8415
-6476
-4075
-1407
1317
3890
6124
7862
8993
9457
9249
8412
7037
5249
3198
1042
-1061
-2971
-4573
-5781
-6548
-6864
-6750
-6259
-5464
-4452
-3313
-2134
-991
56
967
1719
2310
2750
3062
3273
3409
3492
3536
3544
3508
3412
3231
2939
2511
1930
1189
295
-727
-1837
-2979
-4085
-5077
-5880
-6420
-6637
-6488
-5952
-5035
-3770
-2216
-456
1405
3256
4977
6453
7582
8281
8495
8200
7405
6153
4521
2608
537
-1560
-3548
-5300
-6702
-7669
-8141
-8096
-7546
-6537
-5149
-3484
-1663
186
1935
3466
4683
5511
5911
5873
5425
4622
3547
2298
987
-273
-1384
-2256
-2828
-3065
-2965
-2554
-1888
-1045
-118
791
1586
2178
2500
2507
2188
1560
670
-406
-1576
-2732
-3766
-4573
-5067
-5183
-4888
-4179
-3090
-1685
-56
1683
3409
4995
6321
7285
7808
7844
7379
6435
5067
3360
1420
-631
-2667
-4562
-6202
-7492
-8362
-8766
-8689
-8147
-7178
-5844
-4225
-2412
-500
1412
3233
4881
6282
7378
8127
8502
8490
8094
7332
6233
4840
3210
1406
-494
-2410
-4255
-5938
-7373
-8479
-9186
-9442
-9214
-8495
-7304
-5692
-3734
-1532
792
3106
5270
7149
8623
9595
9999
9805
9025
7707
5941
3845
1560
-759
-2958
-4894
-6444
-7518
-8061
-8062
-7548
-6587
-5274
-3730
-2085
-468
1002
2228
3142
3709
3927
3829
3473
2938
2312
1684
1134
721
483
427
535
761
1043
1307
1475
1482
1277
833
155
-722
-1736
-2799
-3808
-4655
-5237
-5468
-5289
-4678
-3648
-2257
-595
1211
3022
4686
6058
7013
7456
7336
6645
5428
3773
1807
-310
-2410
-4319
-5880
-6966
-7487
-7403
-6726
-5517
-3883
-1964
75
2063
3834
5245
6185
6588
6434
5750
4609
3120
1420
-342
-2018
-3471
-4589
-5294
-5546
-5346
-4730
-3772
-2565
-1221
146
1429
2535
3394
3963
4225
4191
3895
3386
2725
1972
1187
420
-293
-929
-1478
-1942
-2327
-2645
-2903
-3104
-3242
-3302
-3261
-3091
-2764
-2258
-1560
-674
376
1547
2773
3969
5043
5894
6429
6572
6268
5498
4277
2662
748
-1337
-3445
-5412
-7078
-8298
-8958
-8984
-8351
-7088
-5276
-3046
-562
1981
4388
6467
8052
9017
9290
8853
7750
6080
3989
1656
-720
-2944
-4834
-6243
-7070
-7270
-6853
-5886
-4482
-2792
-986
759
2282
3449
4164
4384
4113
3408
2369
1127
-169
-1369
-2335
-2958
-3167
-2939
-2298
-1315
-96
1221
2491
3567
4323
4661
4528
3915
2864
1463
-165
-1872
-3498
-4887
-5903
-6446
-6454
-5917
-4874
-3411
-1650
259
2154
3876
5282
6259
6734
6679
6112
5095
3728
2135
455
-1172
-2620
-3784
-4590
-5002
-5019
-4678
-4041
-3192
-2227
-1238
-310
488
1115
1551
1802
1895
1871
1781
1674
1591
0
0
0
0
0
0
0
0
0
0
0
0
0
0
0
0
0
0
0
0
0
0
0
0
0
0
0
0
0
0
0
0
0
0
0
0
0
0
0
0
0
0
0
0
0
0
0
0
0
0
0
0
0
0
0
0
0
0
0
0
0
0
0
0
0
0
0
14043
13532
12041
9687
6653
3175
-478
-4030
-7214
-9799
-11604
-12516
-12494
-11571
-9852
-7499
-4721
-1750
1175
3834
6036
7637
8554
8762
8300
7258
5771
4003
2130
322
-1268
-2523
-3365
-3765
-3738
-3343
-2673
-1842
-975
-188
415
762
814
571
71
-617
-1398
-2162
-2798
-3206
-3305
-3048
-2423
-1456
-212
1211
2694
4106
5311
6191
6650
6623
6089
5069
3625
1856
-107
-2117
-4022
-5672
-6941
-7730
-7978
-7669
-6828
-5523
-3855
-1955
32
1961
3691
5103
6105
6641
6693
6283
5466
4329
2976
1526
97
-1200
-2278
-3067
-3532
-3664
-3489
-3054
-2430
-1698
-947
-257
299
670
827
764
503
84
-428
-966
-1451
-1811
-1984
-1926
-1615
-1052
-269
684
1733
2792
3766
4563
5098
5305
5139
4585
3658
2402
892
-776
-2489
-4127
-5568
-6702
-7437
-7710
-7486
-6767
-5592
-4031
-2185
-174
1866
3798
5492
6833
7733
8134
8014
7389
6309
4856
3139
1280
-590
-2345
-3870
-5072
-5885
-6275
-6241
-5813
-5050
-4033
-2856
-1621
-424
648
1527
2168
2550
2681
2588
2320
1939
1511
1101
768
552
478
547
742
1026
1347
1646
1862
1938
1833
1520
995
276
-595
-1560
-2543
-3462
-4235
-4785
-5053
-4999
-4606
-3886
-2878
-1643
-263
1168
2555
3799
4817
5541
5927
5953
5628
4981
4066
2950
1712
434
-804
-1936
-2903
-3666
-4204
-4510
-4595
-4480
-4194
-3771
-3244
-2641
-1988
-1303
-597
117
837
1552
2251
2917
3526
4047
4444
4681
4719
4529
4090
3398
2465
1325
31
-1346
-2721
-4000
-5090
-5902
-6366
-6429
-6070
-5299
-4156
-2712
-1067
663
2354
3879
5124
5995
6426
6388
5886
4965
3702
2200
583
-1020
-2484
-3698
-4574
-5053
-5113
-4768
-4065
-3078
-1904
-650
575
1672
2558
3172
3483
3489
3213
2704
2028
1256
466
-274
-909
-1400
-1729
-1898
-1924
-1840
-1684
-1494
-1306
-1144
-1016
-918
-832
-726
-566
-316
51
551
1178
1906
2687
3454
4123
4605
4816
4681
4149
3203
1861
182
-1735
-3759
-5734
-7488
-8856
-9686
-9863
-9313
-8022
-6033
-3453
-443
2790
6011
8971
11429
13177
14050
13948
12844
10788
7908
4397
500
-3499
-7311
-10651
-13272
-14979
-15646
-15228
-13760
-11358
-8207
-4545
-646
3205
6736
9701
11908
13228
13603
13048
11646
9543
6927
4013
1028
-1813
-4320
-6343
-7780
-8583
-8756
-8351
-7461
-6203
-4711
-3122
-1560
-132
1083
2037
2712
3115
3279
3250
3080
2824
2528
2229
1947
1691
1456
1228
989
721
412
57
-335
-749
-1156
-1523
-1814
-1997
-2047
-1953
-1718
-1359
-913
-424
53
466
763
909
883
686
340
-111
-608
-1080
-1452
-1655
-1637
-1365
-834
-70
869
1905
2934
3844
4525
4879
4834
4351
3429
2114
491
-1316
-3163
-4885
-6323
-7332
-7800
-7657
-6885
-5524
-3665
-1450
943
3317
5466
7203
8370
8857
8613
7651
6047
3937
1502
-1043
-3477
-5582
-7172
-8105
-8300
-7742
-6484
-4646
-2399
46
2463
4626
6333
7425
7801
7425
6333
4626
2463
46
-2399
-4646
-6484
-7742
-8300
-8105
-7172
-5582
-3477
-1043
1502
3937
6047
7651
8613
8857
8370
7203
5466
3317
943
-1450
-3665
-5524
-6885
-7657
-7800
-7332
-6323
-4885
-3163
-1316
491
2114
3429
4351
4834
4879
4525
3844
2934
1905
869
-70
-834
-1365
-1637
-1655
-1452
-1080
-608
-111
340
686
883
909
763
466
53
-424
-913
-1359
-1718
-1953
-2047
-1997
-1814
-1523
-1156
-749
-335
57
412
721
989
1228
1456
1691
1947
2229
2528
2824
3080
3250
3279
3115
2712
2037
1083
-132
-1560
-3122
-4711
-6203
-7461
-8351
-8756
-8583
-7780
-6343
-4320
-1813
1028
4013
6927
9543
11646
13048
13603
13228
11908
9701
6736
3205
-646
-4545
-8207
-11358
-13760
-15228
-15646
-14979
-13272
-10651
-7311
-3499
500
4397
7908
10788
12844
13948
14050
13177
11429
8971
6011
2790
-443
-3453
-6033
-8022
-9313
-9863
-9686
-8856
-7488
-5734
-3759
-1735
182
1861
3203
4149
4681
4816
4605
4123
3454
2687
1906
1178
551
51
-316
-566
-726
-832
-918
-1016
-1144
-1306
-1494
-1684
-1840
-1924
-1898
-1729
-1400
-909
-274
466
1256
2028
2704
3213
3489
3483
3172
2558
1672
575
-650
-1904
-3078
-4065
-4768
-5113
-5053
-4574
-3698
-2484
-1020
583
2200
3702
4965
5886
6388
6426
5995
5124
3879
2354
663
-1067
-2712
-4156
-5299
-6070
-6429
-6366
-5902
-5090
-4000
-2721
-1346
31
1325
2465
3398
4090
4529
4719
4681
4444
4047
3526
2917
2251
1552
837
117
-597
-1303
-1988
-2641
-3244
-3771
-4194
-4480
-4595
-4510
-4204
-3666
-2903
-1936
-804
434
1712
2950
4066
4981
5628
5953
5927
5541
4817
3799
2555
1168
-263
-1643
-2878
-3886
-4606
-4999
-5053
-4785
-4235
-3462
-2543
-1560
-595
276
995
1520
1833
1938
1862
1646
1347
1026
742
547
478
552
768
1101
1511
1939
2320
2588
2681
2550
2168
1527
648
-424
-1621
-2856
-4033
-5050
-5813
-6241
-6275
-5885
-5072
-3870
-2345
-590
1280
3139
4856
6309
7389
8014
8134
7733
6833
5492
3798
1866
-174
-2185
-4031
-5592
-6767
-7486
-7710
-7437
-6702
-5568
-4127
-2489
-776
892
2402
3658
4585
5139
5305
5098
4563
3766
2792
1733
684
-269
-1052
-1615
-1926
-1984
-1811
-1451
-966
-428
84
503
764
827
670
299
-257
-947
-1698
-2430
-3054
-3489
-3664
-3532
-3067
-2278
-1200
97
1526
2976
4329
5466
6283
6693
6641
6105
5103
3691
1961
32
-1955
-3855
-5523
-6828
-7669
-7978
-7730
-6941
-5672
-4022
-2117
-107
1856
3625
5069
6089
6623
6650
6191
5311
4106
2694
1211
-212
-1456
-2423
-3048
-3305
-3206
-2798
-2162
-1398
-617
71
571
814
762
415
-188
-975
-1842
-2673
-3343
-3738
-3765
-3365
-2523
-1268
322
2130
4003
5771
7258
8300
8762
8554
7637
6036
3834
1175
-1750
-4721
-7499
-9852
-11571
-12494
-12516
-11604
-9799
-7214
-4030
-478
3175
6653
9687
12041
13532
0
0
0
0
0
0
0
0
0
0
0
0
0
0
0
0
0
0
0
0
0
0
0
0
0
0
0
0
0
0
0
0
0
0
0
0
0
0
0
0
0
0
0
0
0
0
0
0
0
0
0
0
0
0
0
0
0
0
0
0
0
0
0
0
0
0
0
