0
4278
8485
12550
16402
19973
23203
26035
28419
30314
31684
32507
32766
32456
31581
30156
28203
25758
22860
19561
15917
11991
7852
3573
-771
-5106
-9352
-13436
-17284
-20829
-24006
-26759
-29038
-30801
-32015
-32660
-32720
-32196
-31094
-29434
-27244
-24563
-21439
-17925
-14087
-9991
-5712
-1327
3083
7441
11667
15683
19415
22796
25762
28259
30239
31667
32514
32764
32412
31462
29931
27847
25247
22178
18696
14865
10755
6443
2009
-2465
-6896
-11201
-15299
-19113
-22570
-25606
-28162
-30190
-31650
-32514
-32764
-32394
-31411
-29832
-27686
-25012
-21861
-18292
-14372
-10175
-5781
-1274
3259
7733
12062
16161
19951
23359
26318
28771
30668
31973
32659
32711
32127
30919
29107
26727
23823
20452
16679
12577
8226
3711
-879
-5455
-9926
-14204
-18204
-21846
-25058
-27775
-29942
-31516
-32464
-32766
-32415
-31417
-29790
-27567
-24790
-21514
-17805
-13736
-9388
-4849
-209
4437
8997
13377
17489
21248
24578
27411
29687
31359
32393
32765
32468
31507
29899
27676
24884
21579
17828
13707
9301
4700
0
-4703
-9311
-13729
-17864
-21629
-24947
-27746
-29968
-31566
-32503
-32761
-32332
-31225
-29460
-27076
-24119
-20653
-16748
-12488
-7961
-3263
1506
6246
10856
15238
19298
22949
26112
28719
30713
32051
32702
32651
31900
30461
28366
25658
22395
18646
14492
10022
5332
524
-4298
-9029
-13567
-17811
-21669
-25055
-27896
-30127
-31699
-32577
-32739
-32182
-30916
-28967
-26379
-23206
-19519
-15397
-10932
-6222
-1372
3511
8320
12945
17284
21240
24723
27655
29968
31611
32545
32748
32214
30954
28995
26381
23169
19431
15252
10724
5950
1038
-3899
-8751
-13405
-17757
-21705
-25159
-28038
-30277
-31822
-32637
-32702
-32014
-30588
-28456
-25665
-22280
-18377
-14047
-9388
-4509
477
5455
10308
14924
19194
23018
26305
28979
30974
32243
32756
32498
31476
29711
27244
24133
20449
16280
11722
6884
1880
-3170
-8148
-12935
-17416
-21484
-25041
-28000
-30291
-31856
-32659
-32677
-31909
-30373
-28105
-25157
-21600
-17520
-13013
-8189
-3163
1941
7001
11893
16499
20705
24407
27516
29953
31659
32589
32721
32049
30590
28377
25463
21921
17836
13307
8448
3377
-1780
-6896
-11843
-16499
-20746
-24479
-27603
-30040
-31727
-32621
-32699
-31957
-30413
-28105
-25088
-21439
-17247
-12618
-7668
-2522
2689
7836
12787
17416
21605
25247
28248
30530
32035
32723
32574
31592
29801
27244
23987
20112
15718
10917
5832
595
-4660
-9798
-14685
-19194
-23208
-26622
-29345
-31307
-32455
-32757
-32206
-30813
-28614
-25665
-22043
-17841
-13169
-8148
-2911
2405
7661
12717
17440
21705
25397
28419
30689
32146
32750
32483
31352
29385
26633
23169
19084
14487
9500
4255
-1105
-6439
-11603
-16457
-20870
-24723
-27911
-30346
-31961
-32712
-32578
-31559
-29684
-27001
-23582
-19519
-14922
-9916
-4636
771
6162
11386
16301
20770
24671
27896
30354
31977
32719
32558
31498
29565
26813
23317
19172
14492
9407
4058
-1405
-6833
-12073
-16978
-21411
-25247
-28377
-30713
-32188
-32760
-32410
-31148
-29007
-26047
-22351
-18021
-13179
-7961
-2516
3003
8440
13640
18454
22745
26389
29282
31340
32503
32737
32033
30409
27913
24613
20604
16000
10932
5547
0
-5550
-10942
-16021
-20637
-24657
-27963
-30458
-32068
-32745
-32468
-31244
-29107
-26118
-22364
-17952
-13013
-7689
-2137
3479
8997
14252
19090
23367
26955
29748
31662
32640
32650
31691
29790
27003
23411
19119
14256
8965
3403
-2262
-7862
-13230
-18204
-22633
-26385
-29345
-31423
-32556
-32707
-31871
-30072
-27362
-23823
-19561
-14703
-9397
-3803
1908
7565
12994
18030
22517
26318
29316
31419
32559
32702
31841
30001
27238
23635
19302
14372
8996
3339
-2422
-8112
-13553
-18577
-23026
-26761
-29667
-31650
-32648
-32629
-31591
-29565
-26615
-22829
-18327
-13249
-7752
-2009
3799
9491
14886
19815
24120
27666
30338
32052
32751
32412
31044
28690
25423
21345
16586
11295
5642
-193
-6025
-11667
-16938
-21669
-25706
-28920
-31206
-32489
-32726
-31909
-30063
-27244
-23544
-19081
-13998
-8460
-2644
3259
9060
14569
19606
24006
27626
30346
32075
32756
32366
30916
28451
25051
20827
15917
10480
4696
-1244
-7147
-12817
-18065
-22719
-26622
-29644
-31684
-32674
-32578
-31398
-29173
-25975
-21909
-17110
-11737
-5969
0
5972
11747
17130
21941
26016
29217
31436
32596
32657
31615
29504
26395
22390
17625
12260
6476
470
-5554
-11392
-16845
-21726
-25867
-29127
-31393
-32585
-32662
-31619
-29491
-26349
-22301
-17483
-12062
-6222
-166
5898
11762
17222
22088
26191
29387
31566
32648
32597
31411
29131
25835
21636
16679
11138
5205
-912
-7001
-12847
-18244
-23003
-26955
-29960
-31912
-32739
-32412
-30940
-28374
-24803
-20353
-15179
-9465
-3413
2763
8843
14612
19863
24407
28083
30758
32334
32755
32003
30103
27124
23169
18381
12929
7010
836
-5370
-11386
-16993
-21989
-26191
-29446
-31636
-32680
-32538
-31214
-28754
-25247
-20819
-15630
-9868
-3744
2518
8692
14551
19879
24480
28184
30855
32393
32739
31880
29845
26709
22585
17625
12011
5950
-333
-6607
-12639
-18204
-23094
-27128
-30152
-32055
-32763
-32248
-30528
-27666
-23767
-18976
-13473
-7461
-1167
5173
11322
17047
22132
26385
29644
31785
32724
32427
30901
28203
24435
19738
14288
8294
1981
-4409
-10635
-16457
-21654
-26025
-29402
-31656
-32697
-32485
-31027
-28377
-24634
-19943
-14481
-8460
-2109
4324
10594
16457
21686
26077
29459
31699
32710
32451
30929
28203
24378
19601
14056
7961
1552
-4919
-11201
-17047
-22227
-26537
-29806
-31906
-32751
-32307
-30590
-27666
-23648
-18696
-13002
-6791
-309
6187
12441
18204
23246
27366
30398
32222
32762
31995
29951
26709
22398
17189
11289
4935
-1619
-8112
-14281
-19879
-24678
-28486
-31147
-32552
-32643
-31416
-28917
-25247
-20553
-15023
-8882
-2378
4225
10659
16662
21989
26421
29777
31918
32756
32254
30432
27362
23169
18024
12137
5748
-879
-7473
-13762
-19485
-24407
-28323
-31070
-32533
-32650
-31414
-28875
-25136
-20353
-14721
-8475
-1874
4807
11292
17307
22602
26955
30182
32146
32765
32010
29911
26556
22083
16679
10571
4016
-2711
-9326
-15551
-21121
-25799
-29387
-31732
-32732
-32344
-30582
-27520
-23286
-18060
-12062
-5547
1206
7911
14280
20041
24947
28786
31393
32653
32513
30975
28105
24024
18906
12972
6476
-301
-7069
-13534
-19415
-24458
-28443
-31196
-32596
-32580
-31148
-28360
-24336
-19250
-13322
-6811
0
6813
13332
19269
24364
28393
31178
32594
32578
31129
28309
24241
19103
13120
6555
-301
-7147
-13680
-19609
-24671
-28641
-31340
-32648
-32505
-30916
-27948
-23735
-18460
-12360
-5706
1206
8067
14569
20421
25359
29162
31656
32728
32328
30473
27244
22786
17298
11027
4255
-2711
-9557
-15974
-21669
-26383
-29901
-32062
-32766
-31979
-29736
-26137
-21345
-15577
-9095
-2195
4807
11593
17850
23291
27666
30771
32464
32665
31362
28614
24546
19345
13249
6538
-477
-7473
-14125
-20126
-25196
-29098
-31650
-32732
-32292
-30349
-26991
-22374
-16712
-10266
-3339
3746
10659
17076
22694
27251
30530
32377
32702
31489
28793
24740
19519
13375
6597
-494
-7565
-14281
-20323
-25404
-29282
-31772
-32753
-32178
-30072
-26533
-21729
-15887
-9285
-2238
4919
11843
18204
23695
28052
31066
32589
32548
30942
27847
23411
17845
11416
4435
-2763
-9830
-16425
-22227
-26955
-30378
-32330
-32713
-31507
-28769
-24631
-19293
-13013
-6096
1120
8285
15047
21076
26077
29802
32068
32763
31850
29372
25451
20276
14101
7230
0
-7232
-14111
-20295
-25478
-29402
-31872
-32764
-32033
-29711
-25913
-20827
-14703
-7845
-595
6688
13640
19914
25196
29220
31785
32759
32093
29819
26047
20967
14832
7950
664
-6656
-13645
-19948
-25247
-29273
-31822
-32763
-32046
-29706
-25861
-20703
-14492
-7543
-209
7138
14125
20396
25629
29557
31977
32766
31880
29363
25342
20022
13674
6622
-771
-8129
-15071
-21240
-26318
-30042
-32219
-32734
-31559
-28754
-24461
-18901
-12360
-5177
2276
9615
16457
22447
27271
30678
32489
32608
31026
27825
23169
17302
10527
3199
-4298
-11573
-18244
-23960
-28419
-31387
-32705
-32302
-30198
-26501
-21406
-15179
-8148
-684
6817
13962
20369
25700
29668
32064
32757
31710
28975
24698
19103
12488
5205
-2358
-9798
-16717
-22745
-27557
-30894
-32577
-32513
-30703
-27244
-22319
-16192
-9191
-1693
5898
13175
19743
25247
29388
31941
32765
31816
29141
24884
19276
12618
5272
-2362
-9871
-16845
-22903
-27714
-31014
-32621
-32445
-30495
-26875
-21781
-15492
-8351
-749
6896
14165
20658
26016
29942
32220
32721
31417
28377
23767
17841
10926
3403
-4310
-11787
-18613
-24407
-28847
-31684
-32759
-32010
-29476
-25298
-19707
-13013
-5590
2148
9769
16845
22980
27828
31116
32659
32366
30254
26438
21133
14635
7310
-430
-8148
-15409
-21801
-26962
-30598
-32502
-32563
-30778
-27244
-22162
-15818
-8572
-836
6950
14343
20920
26305
30190
32350
32661
31103
27762
22829
16586
9388
1649
-6187
-13670
-20369
-25898
-29936
-32249
-32702
-31267
-28024
-23161
-16955
-9766
-2009
5867
13405
20168
25762
29860
32222
32709
31291
28049
23169
16936
9711
1916
-5992
-13553
-20323
-25904
-29968
-32275
-32687
-31179
-27837
-22855
-16527
-9222
-1372
6562
14111
20829
26318
30252
32397
32623
30916
27374
22206
15718
8294
373
-7571
-15067
-21669
-26980
-30683
-32556
-32483
-30469
-26631
-21197
-14492
-6916
1077
9009
16402
22811
27851
31216
32702
32218
29790
25564
19793
12824
5078
-2978
-10856
-18080
-24210
-28873
-31785
-32766
-31757
-28816
-24119
-17952
-10689
-2772
5316
13083
20053
25799
29968
32304
32662
31017
27469
22233
15630
8064
0
-8067
-15639
-22251
-27492
-31038
-32669
-32282
-29899
-25665
-19840
-12785
-4935
3223
11185
18454
24578
29176
31960
32754
31507
28295
23317
16881
9388
1306
-6859
-14599
-21426
-26913
-30713
-32587
-32415
-30206
-26096
-20343
-13307
-5431
2789
10837
18204
24423
29100
31937
32755
31498
28244
23199
16679
9099
938
-7285
-15047
-21854
-27271
-30951
-32659
-32282
-29844
-25497
-19519
-12290
-4271
4023
12062
19330
25359
29762
32252
32670
30984
27303
21861
15008
7184
-1105
-9326
-16947
-23474
-28484
-31650
-32766
-31757
-28687
-23753
-17274
-9670
-1435
6896
14781
21705
27215
30951
32666
32248
29720
25247
19119
11737
3583
-4807
-12886
-20121
-26035
-30239
-32455
-32534
-30469
-26395
-20578
-13400
-5336
3083
11302
18775
25007
29584
32200
32681
30992
27244
21684
14679
6695
-1736
-10055
-17706
-24178
-29038
-31959
-32744
-31340
-27837
-22468
-15592
-7668
771
9163
16942
23583
28641
31772
32764
31548
28203
22955
16155
8261
-193
-8637
-16499
-23246
-28419
-31667
-32766
-31641
-28366
-23161
-16378
-8479
0
8482
16388
23178
28387
31659
32766
31633
28334
23092
16267
8323
-193
-8699
-16610
-23382
-28547
-31748
-32764
-31521
-28105
-22748
-15818
-7793
771
9287
17161
23850
28887
31923
32744
31292
27666
22114
15023
6884
-1736
-10238
-18030
-24565
-29387
-32158
-32681
-30919
-26991
-21173
-13868
-5590
3083
11543
19194
25499
30012
32414
32534
30361
26047
19895
12336
3903
-4807
-13181
-20625
-26610
-30711
-32637
-32248
-29569
-24790
-18247
-10405
-1820
6896
15124
22277
27843
31423
32760
31757
28483
23169
16196
8060
-655
-9326
-17331
-24094
-29127
-32068
-32703
-30984
-27033
-21133
-13707
-5289
3511
12062
19743
25999
30374
32552
32371
29844
25150
18630
10754
2094
-6719
-15047
-22282
-27896
-31478
-32765
-31661
-28244
-22763
-15616
-7324
1506
10228
18204
24847
29668
32313
32585
30461
26096
19809
12062
3423
-5469
-13962
-21426
-27310
-31178
-32740
-31881
-28661
-23317
-16242
-7961
912
9721
17811
24578
29519
32265
32608
30520
26157
19840
12041
3339
-5613
-14150
-21629
-27492
-31296
-32755
-31758
-28377
-22863
-15630
-7219
1736
10564
18599
25234
29968
32443
32468
30041
25342
18725
10689
1842
-7147
-15598
-22868
-28404
-31785
-32751
-31227
-27327
-21345
-13736
-5078
3969
12717
20496
26712
30887
32702
32014
28875
23522
16364
7950
-1077
-10024
-18204
-24986
-29848
-32414
-32483
-30050
-25298
-18593
-10451
-1499
7571
16058
23305
28750
31969
32711
30916
26720
20449
12587
3744
-5391
-14111
-21734
-27666
-31442
-32766
-31533
-27837
-21964
-14372
-5653
3510
12401
20323
26654
30894
32710
31957
28692
23169
15822
7226
-1941
-10958
-19113
-25762
-30378
-32596
-32237
-29328
-24096
-16955
-8469
691
9799
18132
25028
29936
32465
32412
29778
24772
17791
9388
234
-8940
-17404
-24479
-29598
-32350
-32513
-30072
-25219
-18342
-9991
-836
8388
16942
24135
29387
32275
32563
30226
25451
18620
10283
1113
-8148
-16754
-24006
-29316
-32252
-32574
-30254
-25477
-18630
-10266
-1066
8222
16845
24098
29390
32286
32549
30156
25298
18372
9941
695
-8610
-17213
-24407
-29603
-32371
-32482
-29925
-24908
-17841
-9305
0
9307
17850
24924
29942
32491
32356
29546
24293
17028
8351
-1019
-10308
-18745
-25629
-30386
-32621
-32145
-28995
-23432
-15917
-7073
2362
11603
19879
26497
30903
32728
31816
28241
22301
14491
5464
-4023
-13175
-21224
-27492
-31451
-32766
-31324
-27244
-20868
-12732
-3519
5992
15001
22745
28568
31977
32682
30619
25962
19103
10622
1238
-8253
-17047
-24394
-29668
-32420
-32412
-29643
-24347
-16973
-8148
1373
10781
19269
26112
30723
32705
31886
28334
22351
14449
5304
-4298
-13534
-21608
-27826
-31650
-32749
-31026
-26627
-19930
-11510
-2094
7504
16457
23989
29446
32355
32460
29752
24461
17046
8148
-1459
-10942
-19477
-26318
-30870
-32732
-31742
-27983
-21780
-13674
-4371
5316
14541
22496
28484
31977
32669
30495
25645
18541
9807
209
-9410
-18204
-25397
-30356
-32640
-32046
-28625
-22675
-14721
-5464
4278
13645
21806
28038
31787
32719
30748
26047
19032
10324
695
-8997
-17892
-25196
-30256
-32621
-32077
-28669
-22701
-14703
-5389
4409
13816
21989
28193
31872
32694
30582
25725
18555
9715
0
-9718
-18563
-25739
-30598
-32699
-31850
-28126
-21861
-13619
-4144
5708
15047
23026
28920
32194
32549
29951
24631
17073
7961
-1876
-11547
-20168
-26955
-31287
-32766
-31257
-26894
-20073
-11416
-1713
8148
17267
24807
30076
32589
32113
28690
22632
14492
5018
-4919
-14407
-22570
-28657
-32104
-32591
-30072
-24775
-17189
-8012
1907
11653
20323
27113
31393
32763
31094
26539
19519
10683
852
-9060
-18132
-25519
-30530
-32697
-31816
-27965
-21503
-13031
-3339
6667
16052
23938
29584
32459
32292
29097
23169
15065
5543
-4501
-14125
-22423
-28612
-32108
-32578
-29977
-24546
-16798
-7461
2582
12385
21019
27666
31694
32721
30647
25665
18247
9095
-923
-10856
-19760
-26786
-31264
-32766
-31146
-26556
-19431
-10451
-470
9557
18675
26008
30855
32749
31507
27244
20368
11537
1595
-8501
-17784
-25359
-30497
-32702
-31758
-27754
-21074
-12360
-2451
7696
17103
24860
30215
32648
31922
28105
21563
12929
3039
-7147
-16643
-24525
-30025
-32607
-32016
-28309
-21844
-13249
-3359
6859
16412
24364
29939
32588
32050
28377
21924
13322
3413
-6833
-16412
-24382
-29960
-32596
-32028
-28309
-21804
-13150
-3199
7069
16643
24578
30089
32630
31946
28105
21482
12732
2719
-7565
-17103
-24947
-30318
-32680
-31797
-27754
-20951
-12062
-1970
8320
17784
25478
30633
32732
31565
27244
20200
11134
952
-9326
-18675
-26154
-31014
-32765
-31228
-26556
-19215
-9941
333
10578
19760
26955
31436
32749
30759
25665
17979
8475
-1887
-12062
-21019
-27851
-31864
-32650
-30126
-24546
-16475
-6728
3703
13762
22423
28806
32258
32427
29291
23169
14683
4696
-5772
-15653
-23938
-29777
-32571
-32033
-28214
-21503
-12587
-2378
8077
17706
25519
30711
32748
31416
26850
19519
10175
-219
-10594
-19879
-27113
-31549
-32726
-30520
-25157
-17189
-7439
3083
13289
22119
28657
32222
32441
29289
23092
14492
4381
-6187
-16114
-24364
-30076
-32652
-31820
-27666
-20619
-11416
-1017
9491
19008
26537
31287
32757
30792
25595
17709
7961
-2625
-12939
-21894
-28547
-32194
-32451
-29286
-23032
-14346
-4144
6498
16457
24678
30291
32699
31644
27238
19943
10531
0
-10533
-19951
-27251
-31656
-32694
-30254
-24592
-16309
-6286
4409
14637
23305
29487
32519
32077
28203
21312
12137
1660
-8997
-18692
-26385
-31248
-32757
-30748
-25434
-17383
-7461
3266
13645
22556
29038
32390
32248
28625
21909
12824
2351
-8378
-18204
-26061
-31098
-32765
-30880
-25645
-17625
-7689
3083
13524
22496
29023
32393
32235
28565
21780
12618
2077
-8692
-18516
-26318
-31245
-32755
-30681
-25247
-17046
-6975
3863
14280
23132
29446
32527
32033
28015
20915
11510
836
-9932
-19609
-27125
-31650
-32682
-30103
-24198
-15616
-5304
5596
15880
24407
30232
32705
31550
26894
19250
9465
-1373
-12062
-21411
-28379
-32188
-32412
-29022
-22395
-13267
-2656
8253
18244
26197
31222
32754
30619
25054
16679
6433
-4537
-15001
-23783
-29895
-32648
-31731
-27244
-19690
-9916
976
11762
21224
28293
32170
32415
28997
22301
13080
2378
-8595
-18599
-26497
-31393
-32729
-30352
-24528
-15917
-5494
5554
15974
24578
30386
32734
31352
26395
18425
8351
-2679
-13405
-22602
-29217
-32491
-32046
-27932
-20616
-10936
0
10939
20625
27944
32055
32482
29173
22507
13249
2462
-8610
-18692
-26622
-31481
-32707
-30156
-24119
-15293
-4696
6446
16845
25296
30817
32766
30916
25477
17079
6695
-4468
-15115
-24006
-30106
-32702
-31489
-26606
-18620
-8460
2689
13528
22788
29387
32552
31909
27532
19930
9991
-1120
-12103
-21669
-28693
-32350
-32208
-28280
-21025
-11295
-234
10856
20671
28052
32127
32412
28871
21921
12379
1372
-9799
-19815
-27487
-31906
-32545
-29328
-22632
-13249
-2291
8940
19113
27016
31708
32629
29666
23169
13911
2992
-8285
-18577
-26654
-31549
-32677
-29899
-23544
-14372
-3477
7836
18214
26411
31442
32702
30037
23764
14635
3744
-7598
-18030
-26293
-31393
-32711
-30086
-23833
-14703
-3796
7571
18026
26305
31405
32707
30050
23753
14577
3632
-7754
-18204
-26446
-31479
-32688
-29925
-23522
-14256
-3253
8148
18560
26712
31608
32650
29706
23135
13736
2656
-8751
-19090
-27095
-31785
-32581
-29385
-22585
-13013
-1842
9557
19786
27585
31994
32468
28947
21861
12081
809
-10564
-20637
-28166
-32219
-32293
-28377
-20951
-10932
440
11762
21629
28819
32437
32033
27653
19840
9561
-1907
-13142
-22745
-29519
-32621
-31661
-26755
-18514
-7961
3586
14689
23960
30239
32740
31148
25658
16955
6128
-5469
-16384
-25247
-30944
-32759
-30461
-24336
-15151
-4058
7546
18204
26572
31595
32638
29565
22763
13087
1756
-9798
-20118
-27896
-32148
-32332
-28424
-20915
-10754
771
12203
22088
29171
32552
31797
27001
18769
8148
-3511
-14727
-24069
-30346
-32754
-30984
-25260
-16309
-5272
6439
17331
26008
31359
32696
29845
23169
13521
2137
-9523
-19964
-27843
-32146
-32318
-28334
-20703
-10405
1234
12717
22564
29503
32637
31559
26407
17841
6968
-4807
-15965
-25058
-30909
-32757
-30361
-24028
-14577
-3233
8533
19194
27364
31977
32433
28669
21173
10917
-762
-12345
-22321
-29387
-32619
-31592
-26438
-17828
-6884
4961
16161
25247
31028
32744
30168
23635
13998
2522
-9287
-19879
-27860
-32179
-32265
-28105
-20242
-9711
2101
13640
23382
30040
32733
31103
25362
16267
5018
-6896
-17901
-26537
-31659
-32585
-29190
-21921
-11741
0
11743
21929
29201
32589
31641
26480
17791
6728
-5233
-16499
-25566
-31222
-32709
-29826
-22955
-13013
-1327
10537
20994
28641
32450
31909
27088
18630
7668
-4324
-15739
-25041
-30976
-32744
-30105
-23411
-13561
-1880
10055
20637
28436
32397
31982
27244
18822
7852
-4182
-15653
-25007
-30974
-32743
-30072
-23319
-13400
-1660
10308
20879
28612
32455
31881
26966
18377
7282
-4807
-16245
-25468
-31216
-32702
-29720
-22675
-12528
-664
11292
21705
29147
32596
31576
26225
17274
5950
-6193
-17489
-26383
-31650
-32564
-28995
-21433
-10917
1105
12978
23064
29968
32737
30984
24950
15465
3839
-8320
-19330
-27666
-32170
-32217
-27796
-19519
-8531
3643
15314
24860
30951
32739
29972
23032
12884
938
-11141
-21669
-29176
-32613
-31498
-25982
-16835
-5332
6918
18204
26944
31912
32410
28366
20343
9465
-2743
-14569
-24351
-30713
-32759
-30198
-23387
-13283
-1306
10856
21492
29100
32604
31507
25962
16748
5166
-7147
-18454
-27152
-32008
-32332
-28076
-19840
-8789
3510
15314
24947
31038
32720
29752
22551
12140
0
-12143
-22559
-29762
-32723
-31017
-24884
-15198
-3339
8998
20053
28242
32393
31908
26854
17952
6476
-5930
-17489
-26541
-31785
-32465
-28481
-20402
-9388
2978
14918
24714
30951
32730
29790
22554
12062
-172
-12385
-22811
-29942
-32746
-30813
-24421
-14492
-2462
9926
20879
28806
32556
31581
26021
16679
4912
-7571
-18956
-27585
-32200
-32127
-27374
-18630
-7167
5342
17076
26318
31719
32485
28504
20353
9222
-3259
-15267
-25041
-31147
-32687
-29434
-21861
-11077
1334
13553
23783
30517
32764
30189
23169
12736
423
-11953
-22570
-29860
-32743
-30792
-24293
-14202
-2009
10483
21426
29201
32652
31267
25247
15482
3419
-9153
-20369
-28563
-32514
-31633
-26047
-16586
-4654
7973
19415
27967
32350
31910
26709
17520
5712
-6950
-18577
-27428
-32179
-32116
-27244
-18292
-6597
6088
17864
26962
32015
32263
27666
18910
7310
-5391
-17284
-26579
-31872
-32366
-27983
-19380
-7852
4862
16845
26287
31760
32433
28203
19707
8226
-4501
-16550
-26094
-31684
-32472
-28334
-19895
-8434
4310
16402
26003
31651
32486
28377
19946
8475
-4288
-16402
-26016
-31662
-32478
-28334
-19861
-8351
4437
16550
26133
31717
32445
28203
19638
8060
-4756
-16845
-26351
-31812
-32386
-27983
-19276
-7602
5243
17284
26666
31941
32293
27666
18769
6975
-5898
-17864
-27071
-32095
-32157
-27244
-18113
-6176
6719
18577
27557
32265
31968
26709
17302
5205
-7702
-19415
-28111
-32434
-31710
-26047
-16326
-4058
8843
20369
28719
32588
31368
25247
15179
2736
-10137
-21426
-29364
-32705
-30922
-24293
-13853
-1238
11573
22570
30025
32764
30353
23169
12339
-434
-13142
-23783
-30678
-32739
-29638
-21861
-10632
2276
14829
25041
31296
32604
28754
20353
8727
-4282
-16616
-26318
-31849
-32328
-27676
-18630
-6622
6439
18480
27585
32302
31880
26381
16679
4318
-8734
-20396
-28806
-32620
-31227
-24845
-14492
-1820
11144
22329
29942
32763
30335
23047
12062
-859
-13645
-24243
-30951
-32688
-29173
-20967
-9388
3703
16202
26094
31785
32354
27709
18593
6476
-6688
-18775
-27832
-32393
-31718
-25913
-15915
-3339
9779
21317
29402
32723
30737
23764
12933
0
-12935
-23772
-30745
-32720
-29372
-21243
-9654
3510
16105
26077
31798
32332
27590
18342
6096
-7147
-19226
-28162
-32493
-31507
-25362
-15061
-2291
10856
22227
29953
32765
30198
22670
11416
-1716
-14569
-25028
-31370
-32548
-28366
-19509
-7435
5867
18204
27539
32330
31782
25982
15887
3163
-10086
-21669
-29667
-32753
-30413
-23032
-11831
1334
14281
24860
31312
32563
28403
19519
7387
-5976
-18347
-27666
-32377
-31693
-25725
-15465
-2622
10659
22164
29968
32766
30086
22374
10917
-2369
-15261
-25599
-31650
-32396
-27709
-18372
-5950
7473
19643
28516
32596
31195
24546
13765
664
-12550
-23653
-30771
-32702
-29116
-20616
-8634
4807
17440
27128
32230
31881
26137
15968
3092
-10308
-21966
-29901
-32766
-30072
-22272
-10689
2711
15653
25937
31812
32275
27244
17574
4908
-8595
-20637
-29162
-32712
-30681
-23411
-12140
1206
14349
25041
31451
32480
27948
18630
6117
-7445
-19735
-28641
-32634
-31026
-24089
-13013
301
13567
24501
31222
32570
28309
19172
6728
-6876
-19298
-28393
-32589
-31159
-24347
-13326
0
13328
24354
31166
32585
28360
19220
6748
-6896
-19347
-28443
-32604
-31103
-24198
-13087
301
13640
24608
31294
32533
28105
18778
6176
-7504
-19879
-28786
-32669
-30847
-23635
-12290
1206
14493
25247
31583
32389
27520
17828
5008
-8692
-20870
-29387
-32745
-30352
-22624
-10917
2711
15865
26229
31977
32094
26556
16335
3233
-10442
-22277
-30182
-32757
-29546
-21112
-8944
4807
17712
27483
32390
31559
25136
14256
845
-12717
-24026
-31070
-32598
-28334
-19032
-6345
7473
19964
28903
32697
30666
23169
11540
-2148
-15456
-26008
-31918
-32127
-26596
-16309
-3103
10659
22517
30346
32741
29270
20553
8148
-5719
-18563
-28078
-32552
-31179
-24202
-12874
771
14281
25223
31625
32332
27214
17189
4062
-9798
-21894
-30040
-32762
-29565
-21025
-8682
5233
18204
27882
32514
31257
24336
13002
-691
-14262
-25247
-31650
-32307
-27094
-16955
-3732
10171
22227
30239
32747
29289
20494
7961
-6025
-18915
-28356
-32621
-30929
-23586
-11931
1907
15400
26077
31982
32033
26215
15592
2109
-11762
-23479
-30889
-32629
-28377
-18910
-5966
8077
20637
29402
32756
30080
21861
9613
-4409
-17621
-27585
-32459
-31342
-24435
-13013
816
14497
25499
31785
32188
26631
16140
2656
-11322
-23203
-30782
-32650
-28456
-18976
-5969
8148
20755
29503
32763
29925
21514
9095
-5021
-18204
-27995
-32564
-31058
-23753
-12011
1977
15598
26305
32095
31880
25698
14703
952
-12978
-24480
-31393
-32418
-27360
-17165
-3744
10381
22559
30497
32702
28754
19394
6380
-7836
-20580
-29446
-32762
-29899
-21393
-8847
5370
18577
28275
32630
30814
23169
11138
-3003
-16579
-27016
-32334
-31523
-24733
-13249
751
14612
25700
31906
32048
26096
15179
1372
-12698
-24354
-31371
-32412
-27273
-16932
-3359
10856
23003
30758
32638
28280
18514
5205
-9101
-21669
-30089
-32747
-29131
-19930
-6905
7445
20371
29387
32762
29844
21189
8460
-5898
-19125
-28673
-32702
-30433
-22301
-9868
4468
17946
27963
32585
30916
23274
11134
-3159
-16845
-27275
-32428
-31305
-24119
-12260
1977
15833
26622
32247
31615
24845
13249
-923
-14918
-26016
-32055
-31858
-25461
-14105
0
14107
25468
31864
32046
25975
14832
792
-13405
-24986
-31684
-32188
-26395
-15435
-1452
12817
24578
31525
32292
26727
15917
1981
-12345
-24250
-31393
-32366
-26976
-16280
-2378
11993
24006
31293
32415
27148
16527
2644
-11762
-23850
-31230
-32442
-27244
-16660
-2779
11653
23783
31206
32451
27267
16679
2783
-11667
-23806
-31222
-32441
-27217
-16586
-2656
11803
23919
31277
32412
27094
16378
2398
-12062
-24120
-31370
-32361
-26894
-16056
-2009
12441
24407
31496
32285
26615
15616
1488
-12939
-24777
-31650
-32178
-26251
-15055
-836
13553
25223
31826
32033
25797
14372
52
-14280
-25739
-32015
-31841
-25247
-13561
863
15115
26318
32208
31592
24592
12618
-1908
-16052
-26950
-32393
-31276
-23823
-11540
3083
17085
27622
32556
30880
22932
10324
-4384
-18204
-28323
-32682
-30389
-21909
-8965
5807
19399
29038
32755
29790
20744
7461
-7347
-20658
-29748
-32757
-29067
-19428
-5811
8997
21966
30436
32669
28203
17952
4016
-10746
-23305
-31079
-32468
-27184
-16309
-2077
12583
24657
31656
32135
25992
14491
0
-14493
-25999
-32139
-31644
-24613
-12494
2208
16457
27304
32503
30975
23032
10317
-4537
-18454
-28547
-32719
-30103
-21238
-7961
6971
20458
29694
32757
29007
19220
5431
-9491
-22439
-30713
-32587
-27666
-16973
-2736
12073
24364
31568
32177
26060
14492
-108
-14689
-26197
-32222
-31498
-24174
-11781
3083
17304
27896
32634
30520
21996
8847
-6162
-19879
-29416
-32766
-29219
-19519
-5706
9311
22368
30711
32578
27570
16743
2378
-12491
-24723
-31732
-32033
-25558
-13674
1105
15653
26888
32428
31095
23169
10328
-4707
-18745
-28806
-32750
-29736
-20402
-6728
8378
21705
30414
32650
27932
17262
2911
-12062
-24465
-31651
-32083
-25665
-13765
1077
15692
26955
32455
31012
22932
9941
-5180
-19194
-29098
-32765
-29406
-19738
-5832
9326
22486
30817
32526
27244
16102
1495
-13436
-25478
-32035
-31693
-24521
-12062
2999
17416
28078
32680
30226
21243
7668
-7565
-21167
-30192
-32685
-28105
-17438
-2992
12103
24578
31727
31995
25321
13150
-1876
-16499
-27539
-32596
-30567
-21889
-8448
6833
20630
29936
32722
28377
17845
3419
-11753
-24364
-31659
-32040
-25423
-13249
1823
16499
27568
32607
30508
21729
8189
-7147
-20920
-30108
-32693
-28105
-17347
-2779
12401
24860
31856
31850
24838
12360
-2839
-17416
-28160
-32702
-30037
-20749
-6884
8501
22013
30668
32552
27244
15915
1066
-14020
-26008
-32243
-31342
-23500
-10451
4915
19194
29220
32766
29042
18871
4509
-10856
-23813
-31479
-32147
-25665
-13473
1720
16533
27666
32637
30335
21271
7461
-8015
-21705
-30552
-32578
-27327
-15968
-1038
14125
26133
32294
31228
23169
9920
-5554
-19786
-29584
-32748
-28565
-17970
-3339
12043
24723
31849
31816
24627
11897
-3511
-18132
-28673
-32755
-29458
-19519
-5177
10334
23516
31393
32182
25702
13414
-1907
-16800
-27896
-32682
-30072
-20653
-6555
9029
22570
30997
32395
26445
14492
-751
-15827
-27310
-32589
-30461
-21406
-7481
8148
21926
30713
32507
26894
15151
-48
-15238
-26955
-32522
-30664
-21804
-7961
7702
21608
30575
32549
27076
15403
202
-15047
-26852
-32503
-30703
-21861
-8002
7696
21629
30598
32538
27001
15255
0
-15257
-27007
-32541
-30582
-21579
-7602
8129
21989
30779
32468
26664
14703
-655
-15865
-27411
-32621
-30288
-20948
-6758
8997
22672
31098
32318
26047
13736
-1763
-16855
-28038
-32713
-29790
-19946
-5464
10289
23653
31516
32046
25116
12336
-3319
-18204
-28847
-32766
-29042
-18541
-3711
11987
24889
31977
31593
23823
10480
-5316
-19871
-29777
-32711
-27983
-16697
-1495
14059
26318
32404
30885
22114
8148
-7733
-21801
-30745
-32460
-26539
-14372
1180
16457
27860
32699
29832
19930
5325
-10537
-23916
-31650
-31910
-24631
-11530
4298
19113
29409
32747
28334
17210
2009
-13670
-26112
-32365
-30942
-22178
-8148
7817
21929
30833
32412
26285
13907
-1780
-17047
-28259
-32743
-29429
-19103
-4222
11667
24777
31977
31548
23586
9991
-5992
-20546
-30192
-32619
-27244
-15350
219
15739
27492
32660
30001
20149
5464
-10533
-24006
-31719
-31816
-24270
-10892
5106
19879
29873
32681
27625
15917
373
-15261
-27221
-32621
-30156
-20416
-5748
10308
23879
31684
31836
24293
10875
-5173
-19973
-29942
-32665
-27477
-15633
0
15636
27483
32666
29925
19920
5078
-10999
-24407
-31886
-31615
-23656
-9941
6193
20824
30386
32549
26782
14487
-1341
-16845
-28242
-32749
-29262
-18630
-3445
12583
25539
32252
31078
22301
8064
-8148
-22368
-31111
-32231
-25451
-12429
3643
18824
29387
32737
28047
16465
836
-15001
-27152
-32625
-30072
-20115
-5205
10989
24479
31937
31523
23335
9388
-6876
-21447
-30723
-32412
-26092
-13322
2743
18132
29038
32759
28371
16955
1338
-14612
-26944
-32596
-30164
-20247
-5304
10958
24501
31960
31477
23169
9099
-7236
-21774
-30894
-32323
-25702
-12676
3510
18824
29446
32724
27837
16000
166
-15711
-27666
-32707
-29572
-19041
-3744
12491
25602
32304
30916
21780
7184
-9215
-23305
-31551
-31880
-24205
-10451
5930
20824
30486
32483
26311
13518
-2679
-18204
-29147
-32749
-28098
-16364
-502
15488
27574
32702
29574
18976
3583
-12717
-25806
-32371
-30748
-21345
-6538
9926
23879
31785
31636
23467
9346
-7147
-21830
-30974
-32254
-25342
-11991
4409
19692
29968
32623
26976
14462
-1736
-17495
-28798
-32764
-28377
-16752
-852
15267
27492
32699
29554
18857
3339
-13034
-26077
-32450
-30520
-20777
-5712
10817
24578
32042
31291
22515
7961
-8637
-23021
-31496
-31881
-24075
-10079
6509
21426
30833
32307
25463
12062
-4448
-19815
-30076
-32585
-26689
-13907
2465
18204
29244
32732
27762
15616
-569
-16610
-28356
-32765
-28692
-17189
-1231
15047
27428
32699
29490
18630
2932
-13528
-26478
-32552
-30168
-19943
-4530
12062
25519
32337
30737
21133
6022
-10659
-24565
-32068
-31208
-22206
-7407
9326
23628
31760
31593
23169
8686
-8070
-22719
-31423
-31903
-24028
-9858
6896
21846
31070
32147
24790
10926
-5807
-21019
-30711
-32336
-25461
-11891
4807
20244
30356
32478
26047
12755
-3899
-19528
-30012
-32581
-26556
-13521
3083
18877
29687
32654
26991
14192
-2362
-18294
-29387
-32703
-27360
-14769
1736
17784
29119
32734
27666
15255
-1206
-17349
-28887
-32752
-27913
-15652
771
16993
28695
32761
28105
15962
-434
-16717
-28547
-32765
-28244
-16186
193
16523
28443
32766
28334
16326
-48
-16412
-28387
-32766
-28374
-16382
0
0
0
0
0
0
0
0
0
0
0
0
0
0
0
0
0
0
0
0
0
0
0
0
0
0
0
0
0
0
0
0
0
0
0
0
0
0
0
0
0
0
0
0
0
0
0
0
0
0
0
0
0
0
0
0
0
0
0
0
0
0
0
0
0
0
0
0
0
0
0
0
0
0
0
0
0
0
0
0
0
0
0
0
0
0
0
0
0
0
0
0
0
0
0
0
0
0
0
0
0
0
0
0
0
0
0
0
0
0
0
0
0
0
0
0
0
0
0
0
0
0
0
0
0
0
0
0
0
0
0
0
0
0
0
0
0
0
0
0
0
0
0
0
0
0
0
0
0
0
0
0
0
0
0
0
0
0
0
0
0
0
0
0
0
0
0
0
0
0
0
0
0
0
0
0
0
0
0
0
0
0
0
0
0
0
0
0
0
0
0
0
0
0
0
0
0
0
0
0
0
0
0
0
0
0
0
0
0
0
0
0
0
0
0
0
0
0
0
0
0
0
0
0
0
0
0
0
0
0
0
0
0
0
0
0
0
0
0
0
0
0
0
0
0
0
0
0
0
0
0
0
0
0
0
0
0
0
0
0
0
0
0
0
0
0
0
0
0
0
0
0
0
0
0
0
0
0
0
0
0
0
0
0
0
0
0
0
0
0
0
0
0
0
0
0
0
0
0
0
0
0
0
0
0
0
0
0
0
0
0
0
0
0
0
0
0
0
0
0
0
0
0
0
0
0
0
0
0
0
0
0
0
0
0
0
0
0
0
0
0
0
0
0
0
0
0
0
0
0
0
0
0
0
0
0
0
0
0
0
0
0
0
0
0
0
0
0
0
0
0
0
0
0
0
0
0
0
0
0
0
0
0
0
0
0
0
0
0
0
0
0
0
0
0
0
0
0
0
0
0
0
0
0
0
0
0
0
0
0
0
0
0
0
0
0
0
0
0
0
0
0
0
0
0
0
0
0
0
0
0
0
0
0
0
0
0
0
0
0
0
0
0
0
0
0
0
0
0
0
0
0
0
0
0
0
0
0
0
0
0
0
0
0
0
0
0
0
0
0
0
0
0
0
0
0
0
0
0
0
0
0
0
0
0
0
0
0
0
0
0
0
0
0
0
0
0
0
0
0
0
0
0
0
0
0
0
0
0
0
0
0
0
0
0
0
0
0
0
0
0
0
0
0
0
0
0
0
0
0
0
0
0
0
0
0
0
0
0
0
0
0
0
0
0
0
0
0
0
0
0
0
0
0
0
0
0
0
0
0
0
0
0
0
0
0
0
0
0
0
0
0
0
0
0
0
0
0
0
0
0
0
0
0
0
0
0
0
0
0
0
0
0
0
0
0
0
0
0
0
0
0
0
0
0
0
0
0
0
0
0
0
0
0
0
0
0
0
0
0
0
0
0
0
0
0
0
0
0
0
0
0
0
0
0
0
0
0
0
0
0
0
0
0
0
0
0
0
0
0
0
0
0
0
0
0
0
0
0
0
0
0
0
0
0
0
0
0
0
0
0
0
0
0
0
0
0
0
0
0
0
0
0
0
0
0
0
0
0
0
0
0
0
0
0
0
0
0
0
0
0
0
0
0
0
0
0
0
0
0
0
0
0
0
0
0
0
0
0
0
0
0
0
0
0
0
0
0
0
0
0
0
0
0
0
0
0
0
0
0
0
0
0
0
0
0
0
0
0
0
0
0
0
0
0
0
0
0
0
0
0
0
0
0
0
0
0
0
0
0
0
0
0
0
0
0
0
0
0
0
0
0
0
0
0
0
0
0
0
0
0
0
0
0
0
0
0
0
0
0
0
0
0
0
0
0
0
0
0
0
0
0
0
0
0
0
0
0
0
0
0
0
0
0
0
0
0
0
0
0
0
0
0
0
0
0
0
0
0
0
0
0
0
0
0
0
0
0
0
0
0
0
0
0
0
0
0
0
0
0
0
0
0
0
0
0
0
0
0
0
0
0
0
0
0
0
0
0
0
0
0
0
0
0
0
0
0
0
0
0
0
0
0
0
0
0
0
0
0
0
0
0
0
0
0
0
0
0
0
0
0
0
0
0
0
0
0
0
0
0
0
0
0
0
0
0
0
0
0
0
0
0
0
0
0
0
0
0
0
0
0
0
0
0
0
0
0
0
0
0
0
0
0
0
0
0
0
0
0
0
20851
19456
15460
9401
2097
-5469
-12282
-17431
-20231
-20318
-17696
-12730
-6102
1289
8450
14424
18424
19935
18782
15148
9547
2752
-4315
-10711
-15594
-18336
-18610
-16420
-12101
-6268
275
6648
12009
15670
17188
16412
13502
8900
3258
-2649
-8036
-12210
-14659
-15118
-13595
-10360
-5899
-845
4116
8341
11309
12687
12369
10478
7338
3422
-718
-4534
-7549
-9422
-9984
-9248
-7399
-4757
-1722
1285
3881
5770
6774
6853
6091
4680
2873
950
-830
-2262
-3220
-3662
-3629
-3222
-2579
-1845
-1142
-554
-113
194
422
638
907
1269
1721
2216
2666
2957
2972
2615
1841
667
-812
-2434
-3985
-5228
-5940
-5948
-5165
-3611
-1421
1161
3818
6187
7921
8732
8442
7017
4573
1381
-2171
-5627
-8516
-10422
-11042
-10238
-8057
-4734
-670
3621
7578
10665
12448
12653
11212
8276
4196
-513
-5246
-9380
-12362
-13784
-13437
-11344
-7759
-3137
1927
6776
10777
13403
14308
13369
10708
6670
1781
-3320
-7973
-11577
-13670
-13993
-12519
-9456
-5217
-364
4468
8657
11671
13143
12909
11034
7791
3627
-899
-5200
-8726
-11045
-11893
-11203
-9112
-5932
-2108
1847
5420
8168
9770
10065
9071
6971
4086
822
-2381
-5117
-7055
-7990
-7855
-6730
-4819
-2418
130
2485
4354
5525
5896
5478
4388
2824
1034
-723
-2213
-3259
-3758
-3696
-3138
-2214
-1097
29
997
1678
1999
1951
1586
1001
323
-316
-800
-1049
-1028
-753
-286
275
819
1234
1432
1358
1008
422
-316
-1094
-1787
-2277
-2472
-2318
-1815
-1010
0
1087
2105
2911
3386
3449
3074
2288
1175
-137
-1492
-2721
-3668
-4208
-4261
-3805
-2880
-1582
-55
1527
2981
4132
4839
5007
4602
3655
2260
563
-1247
-2970
-4407
-5383
-5775
-5520
-4626
-3176
-1316
754
2806
4603
5930
6619
6567
5754
4248
2198
-176
-2609
-4819
-6538
-7546
-7698
-6948
-5351
-3070
-352
2491
5123
7222
8516
8825
8081
6342
3791
715
-2524
-5537
-7948
-9446
-9825
-9012
-7080
-4243
-832
2740
6037
8643
10223
10564
9605
7447
4343
669
-3120
-6555
-9201
-10720
-10913
-9749
-7367
-4061
-245
3602
6996
9508
10823
10777
9381
6819
3420
-378
-4092
-7250
-9458
-10446
-10103
-8491
-5835
-2490
1103
4483
7219
8976
9550
8894
7124
4498
1378
-1817
-4673
-6830
-8029
-8148
-7210
-5379
-2929
-208
2411
4587
6050
6636
6310
5161
3387
1264
-898
-2798
-4186
-4897
-4869
-4152
-2890
-1301
359
1841
2928
3479
3439
2845
1823
558
-729
-1826
-2553
-2796
-2522
-1783
-709
514
1678
2579
3057
3014
2440
1406
64
-1381
-2705
-3687
-4157
-4013
-3245
-1935
-252
1573
3282
4620
5377
5417
4704
3303
1382
-816
-3000
-4874
-6171
-6698
-6360
-5174
-3272
-884
1688
4116
6081
7318
7652
7023
5492
3238
535
-2282
-4862
-6877
-8069
-8280
-7472
-5737
-3280
-398
2558
5228
7285
8474
8648
7782
5977
3447
495
-2525
-5254
-7367
-8610
-8836
-8019
-6254
-3752
-806
2236
5017
7212
8564
8915
8227
6579
4164
1266
-1779
-4618
-6920
-8417
-8936
-8417
-6920
-4618
-1779
1266
4164
6579
8227
8915
8564
7212
5017
2236
-806
-3752
-6254
-8019
-8836
-8610
-7367
-5254
-2525
495
3447
5977
7782
8648
8474
7285
5228
2558
-398
-3280
-5737
-7472
-8280
-8069
-6877
-4862
-2282
535
3238
5492
7023
7652
7318
6081
4116
1688
-884
-3272
-5174
-6360
-6698
-6171
-4874
-3000
-816
1382
3303
4704
5417
5377
4620
3282
1573
-252
-1935
-3245
-4013
-4157
-3687
-2705
-1381
64
1406
2440
3014
3057
2579
1678
514
-709
-1783
-2522
-2796
-2553
-1826
-729
558
1823
2845
3439
3479
2928
1841
359
-1301
-2890
-4152
-4869
-4897
-4186
-2798
-898
1264
3387
5161
6310
6636
6050
4587
2411
-208
-2929
-5379
-7210
-8148
-8029
-6830
-4673
-1817
1378
4498
7124
8894
9550
8976
7219
4483
1103
-2490
-5835
-8491
-10103
-10446
-9458
-7250
-4092
-378
3420
6819
9381
10777
10823
9508
6996
3602
-245
-4061
-7367
-9749
-10913
-10720
-9201
-6555
-3120
669
4343
7447
9605
10564
10223
8643
6037
2740
-832
-4243
-7080
-9012
-9825
-9446
-7948
-5537
-2524
715
3791
6342
8081
8825
8516
7222
5123
2491
-352
-3070
-5351
-6948
-7698
-7546
-6538
-4819
-2609
-176
2198
4248
5754
6567
6619
5930
4603
2806
754
-1316
-3176
-4626
-5520
-5775
-5383
-4407
-2970
-1247
563
2260
3655
4602
5007
4839
4132
2981
1527
-55
-1582
-2880
-3805
-4261
-4208
-3668
-2721
-1492
-137
1175
2288
3074
3449
3386
2911
2105
1087
0
-1010
-1815
-2318
-2472
-2277
-1787
-1094
-316
422
1008
1358
1432
1234
819
275
-286
-753
-1028
-1049
-800
-316
323
1001
1586
1951
1999
1678
997
29
-1097
-2214
-3138
-3696
-3758
-3259
-2213
-723
1034
2824
4388
5478
5896
5525
4354
2485
130
-2418
-4819
-6730
-7855
-7990
-7055
-5117
-2381
822
4086
6971
9071
10065
9770
8168
5420
1847
-2108
-5932
-9112
-11203
-11893
-11045
-8726
-5200
-899
3627
7791
11034
12909
13143
11671
8657
4468
-364
-5217
-9456
-12519
-13993
-13670
-11577
-7973
-3320
1781
6670
10708
13369
14308
13403
10777
6776
1927
-3137
-7759
-11344
-13437
-13784
-12362
-9380
-5246
-513
4196
8276
11212
12653
12448
10665
7578
3621
-670
-4734
-8057
-10238
-11042
-10422
-8516
-5627
-2171
1381
4573
7017
8442
8732
7921
6187
3818
1161
-1421
-3611
-5165
-5948
-5940
-5228
-3985
-2434
-812
667
1841
2615
2972
2957
2666
2216
1721
1269
907
638
422
194
-113
-554
-1142
-1845
-2579
-3222
-3629
-3662
-3220
-2262
-830
950
2873
4680
6091
6853
6774
5770
3881
1285
-1722
-4757
-7399
-9248
-9984
-9422
-7549
-4534
-718
3422
7338
10478
12369
12687
11309
8341
4116
-845
-5899
-10360
-13595
-15118
-14659
-12210
-8036
-2649
3258
8900
13502
16412
17188
15670
12009
6648
275
-6268
-12101
-16420
-18610
-18336
-15594
-10711
-4315
2752
9547
15148
18782
19935
18424
14424
8450
1289
-6102
-12730
-17696
-20318
-20231
-17431
-12282
-5469
2097
9401
15460
19456
0
0
0
0
0
0
0
0
0
0
0
0
0
0
0
0
0
0
0
0
0
0
0
0
0
0
0
0
0
0
0
0
0
0
0
0
0
0
0
0
0
0
0
0
0
0
0
0
0
0
0
0
0
0
0
0
0
0
0
0
0
0
0
0
0
0
0
-8936
-8377
-6771
-4317
-1321
1844
4783
7128
8584
8967
8225
6447
3853
764
-2430
-5332
-7572
-8865
-9042
-8073
-6075
-3295
-81
3160
6017
8122
9200
9106
7843
5564
2555
-803
-4080
-6852
-8755
-9536
-9084
-7448
-4830
-1563
1930
5197
7808
9413
9795
8890
6808
3813
291
-3295
-6474
-8820
-10014
-9889
-8447
-5870
-2491
1246
4849
7833
9796
10465
9739
7704
4620
891
-2988
-6500
-9170
-10632
-10680
-9294
-6649
-3089
915
4831
8131
10368
11233
10598
8537
5315
1356
-2816
-6644
-9613
-11319
-11527
-10197
-7499
-3783
461
4671
8286
10823
11939
11480
9500
6254
2169
-2219
-6333
-9627
-11668
-12184
-11106
-8572
-4916
-614
3770
7666
10566
12094
12056
10460
7519
3618
-736
-4979
-8567
-11042
-12096
-11603
-9638
-6465
-2497
1752
5744
8976
11049
11716
10912
8756
5539
1676
-2341
-6012
-8889
-10629
-11039
-10095
-7937
-4854
-1239
2455
5783
8351
9867
10176
9269
7285
4487
1224
-2106
-5113
-7455
-8878
-9243
-8538
-6874
-4468
-1613
1355
4100
6320
7783
8347
7975
6731
4774
2334
-311
-2873
-5077
-6694
-7563
-7605
-6829
-5330
-3276
-891
1569
3843
5693
6924
7409
7097
6023
4299
2109
-312
-2708
-4819
-6415
-7318
-7424
-6715
-5262
-3218
-803
1717
4065
5975
7229
7680
7271
6042
4124
1731
-867
-3377
-5510
-7023
-7740
-7577
-6552
-4783
-2474
109
2669
4914
6587
7501
7557
6759
5205
3082
639
-1843
-4083
-5834
-6906
-7195
-6684
-5448
-3641
-1474
804
2946
4724
5957
6530
6403
5610
4252
2488
509
-1478
-3277
-4714
-5658
-6028
-5802
-5013
-3742
-2115
-286
1574
3293
4711
5691
6135
5988
5249
3969
2252
250
-1850
-3843
-5518
-6686
-7198
-6963
-5964
-4268
-2021
557
3197
5603
7486
8601
8776
7943
6146
3549
422
-2887
-5989
-8501
-10092
-10529
-9710
-7686
-4659
-963
2967
6656
9636
11515
12024
11061
8705
5215
1000
-3426
-7512
-10737
-12674
-13057
-11810
-9065
-5148
-542
4176
8409
11612
13368
13444
11820
8696
4468
-324
-5069
-9155
-12060
-13415
-13051
-11027
-7616
-3268
1442
5905
9543
11898
12683
11822
9459
5930
1721
-2600
-6468
-9385
-10993
-11120
-9793
-7235
-3827
-55
3565
6555
8539
9291
8766
7094
4560
1557
-1475
-4113
-6010
-6940
-6830
-5760
-3947
-1706
599
2619
4064
4748
4617
3748
2331
639
-1022
-2367
-3170
-3310
-2782
-1700
-274
1222
2506
3326
3510
2994
1841
224
-1590
-3290
-4568
-5171
-4945
-3867
-2053
254
2719
4961
6611
7374
7076
5696
3377
415
-2787
-5768
-8081
-9353
-9353
-8023
-5497
-2089
1750
5490
8599
10617
11225
10296
7917
4382
156
-4188
-8051
-10886
-12280
-12016
-10104
-6785
-2498
2174
6593
10147
12339
12858
11623
8799
4769
88
-4598
-8643
-11490
-12748
-12249
-10071
-6526
-2116
2538
6789
10046
11865
12009
10477
7508
3539
-854
-5045
-8442
-10574
-11160
-10142
-7694
-4195
-169
3790
7109
9314
10103
9385
7293
4161
471
-3216
-6348
-8464
-9257
-8623
-6675
-3723
-225
3278
6251
8238
8936
8238
6251
3278
-225
-3723
-6675
-8623
-9257
-8464
-6348
-3216
471
4161
7293
9385
10103
9314
7109
3790
-169
-4195
-7694
-10142
-11160
-10574
-8442
-5045
-854
3539
7508
10477
12009
11865
10046
6789
2538
-2116
-6526
-10071
-12249
-12748
-11490
-8643
-4598
88
4769
8799
11623
12858
12339
10147
6593
2174
-2498
-6785
-10104
-12016
-12280
-10886
-8051
-4188
156
4382
7917
10296
11225
10617
8599
5490
1750
-2089
-5497
-8023
-9353
-9353
-8081
-5768
-2787
415
3377
5696
7076
7374
6611
4961
2719
254
-2053
-3867
-4945
-5171
-4568
-3290
-1590
224
1841
2994
3510
3326
2506
1222
-274
-1700
-2782
-3310
-3170
-2367
-1022
639
2331
3748
4617
4748
4064
2619
599
-1706
-3947
-5760
-6830
-6940
-6010
-4113
-1475
1557
4560
7094
8766
9291
8539
6555
3565
-55
-3827
-7235
-9793
-11120
-10993
-9385
-6468
-2600
1721
5930
9459
11822
12683
11898
9543
5905
1442
-3268
-7616
-11027
-13051
-13415
-12060
-9155
-5069
-324
4468
8696
11820
13444
13368
11612
8409
4176
-542
-5148
-9065
-11810
-13057
-12674
-10737
-7512
-3426
1000
5215
8705
11061
12024
11515
9636
6656
2967
-963
-4659
-7686
-9710
-10529
-10092
-8501
-5989
-2887
422
3549
6146
7943
8776
8601
7486
5603
3197
557
-2021
-4268
-5964
-6963
-7198
-6686
-5518
-3843
-1850
250
2252
3969
5249
5988
6135
5691
4711
3293
1574
-286
-2115
-3742
-5013
-5802
-6028
-5658
-4714
-3277
-1478
509
2488
4252
5610
6403
6530
5957
4724
2946
804
-1474
-3641
-5448
-6684
-7195
-6906
-5834
-4083
-1843
639
3082
5205
6759
7557
7501
6587
4914
2669
109
-2474
-4783
-6552
-7577
-7740
-7023
-5510
-3377
-867
1731
4124
6042
7271
7680
7229
5975
4065
1717
-803
-3218
-5262
-6715
-7424
-7318
-6415
-4819
-2708
-312
2109
4299
6023
7097
7409
6924
5693
3843
1569
-891
-3276
-5330
-6829
-7605
-7563
-6694
-5077
-2873
-311
2334
4774
6731
7975
8347
7783
6320
4100
1355
-1613
-4468
-6874
-8538
-9243
-8878
-7455
-5113
-2106
1224
4487
7285
9269
10176
9867
8351
5783
2455
-1239
-4854
-7937
-10095
-11039
-10629
-8889
-6012
-2341
1676
5539
8756
10912
11716
11049
8976
5744
1752
-2497
-6465
-9638
-11603
-12096
-11042
-8567
-4979
-736
3618
7519
10460
12056
12094
10566
7666
3770
-614
-4916
-8572
-11106
-12184
-11668
-9627
-6333
-2219
2169
6254
9500
11480
11939
10823
8286
4671
461
-3783
-7499
-10197
-11527
-11319
-9613
-6644
-2816
1356
5315
8537
10598
11233
10368
8131
4831
915
-3089
-6649
-9294
-10680
-10632
-9170
-6500
-2988
891
4620
7704
9739
10465
9796
7833
4849
1246
-2491
-5870
-8447
-9889
-10014
-8820
-6474
-3295
291
3813
6808
8890
9795
9413
7808
5197
1930
-1563
-4830
-7448
-9084
-9536
-8755
-6852
-4080
-803
2555
5564
7843
9106
9200
8122
6017
3160
-81
-3295
-6075
-8073
-9042
-8865
-7572
-5332
-2430
764
3853
6447
8225
8967
8584
7128
4783
1844
-1321
-4317
-6771
-8377
0
0
0
0
0
0
0
0
0
0
0
0
0
0
0
0
0
0
0
0
0
0
0
0
0
0
0
0
0
0
0
0
0
0
0
0
0
0
0
0
0
0
0
0
0
0
0
0
0
0
0
0
0
0
0
0
0
0
0
0
0
0
0
0
0
0
0
-8936
-8253
-6307
-3387
67
3541
6510
8521
9263
8611
6644
3639
29
-3658
-6878
-9145
-10110
-9607
-7681
-4588
-754
3280
6937
9684
11111
10990
9309
6278
2301
-2079
-6258
-9650
-11771
-12309
-11167
-8481
-4598
-36
4592
8659
11610
13038
12738
10741
7303
2876
-1955
-6551
-10305
-12721
-13482
-12490
-9879
-5994
-1347
3456
7794
11110
12986
13195
11729
8793
4781
216
-4316
-8244
-11085
-12502
-12346
-10667
-7707
-3862
372
4468
7925
10340
11447
11152
9530
6819
3377
-360
-3943
-6954
-9060
-10048
-9846
-8523
-6272
-3387
-219
2864
5523
7481
8548
8645
7798
6135
3865
1248
-1424
-3875
-5854
-7172
-7711
-7435
-6390
-4696
-2535
-133
2264
4414
6096
7138
7430
6936
5701
3845
1557
-926
-3340
-5420
-6932
-7695
-7606
-6657
-4934
-2617
40
2738
5161
7018
8077
8192
7333
5584
3141
289
-2627
-5251
-7255
-8381
-8479
-7526
-5634
-3034
-50
2938
5552
7455
8403
8274
7088
5003
2293
-681
-3529
-5877
-7421
-7963
-7447
-5955
-3704
-1009
1754
4210
6030
6975
6937
5941
4153
1841
-650
-2965
-4773
-5828
-5995
-5275
-3797
-1801
400
2468
4090
5024
5140
4431
3022
1142
-903
-2785
-4201
-4920
-4819
-3907
-2321
-306
1818
3710
5056
5623
5291
4083
2157
-210
-2665
-4828
-6350
-6968
-6549
-5111
-2826
-1
2964
5637
7610
8566
8323
6870
4370
1144
-2373
-5691
-8333
-9904
-10150
-8995
-6560
-3149
791
4730
8124
10496
11499
10967
8946
5683
1602
-2758
-6812
-10011
-11915
-12256
-10975
-8232
-4385
58
4508
8376
11146
12455
12130
10223
6991
2869
-1593
-5807
-9222
-11401
-12073
-11175
-8849
-5424
-1371
2770
6459
9225
10734
10825
9528
7057
3770
125
-3394
-6336
-8346
-9203
-8853
-7400
-5090
-2270
665
3331
5397
6639
6954
6372
5042
3201
1137
-857
-2528
-3689
-4246
-4200
-3638
-2715
-1617
-532
382
1021
1344
1378
1200
922
661
514
541
745
1075
1438
1711
1773
1527
929
0
-1170
-2429
-3580
-4418
-4756
-4468
-3508
-1933
100
2348
4510
6269
7339
7508
6678
4884
2303
-765
-3937
-6785
-8903
-9962
-9761
-8261
-5598
-2073
1881
5757
9036
11259
12093
11376
9153
5667
1339
-3285
-7608
-11055
-13152
-13594
-12287
-9365
-5178
-249
4794
9297
12668
14454
14404
12502
8977
4268
-1026
-6226
-10662
-13756
-15106
-14530
-12097
-8117
-3099
2313
7426
11586
14261
15114
14044
11197
6945
1841
-3459
-8280
-12010
-14187
-14548
-13068
-9956
-5627
-645
4348
8723
11934
13594
13519
11749
8537
4315
-365
-4907
-8742
-11403
-12583
-12166
-10243
-7091
-3134
1113
5112
8371
10505
11279
10636
8697
5743
2170
-1558
-4978
-7676
-9344
-9811
-9061
-7230
-4583
-1472
1702
4552
6741
8030
8297
7554
5931
3664
1053
-1571
-3895
-5653
-6660
-6834
-6193
-4853
-3008
-900
1208
3072
4488
5314
5489
5028
4021
2613
989
-657
-2139
-3304
-4042
-4300
-4080
-3436
-2465
-1289
-44
1136
2138
2873
3284
3353
3092
2545
1778
872
-84
-1007
-1816
-2444
-2842
-2978
-2842
-2444
-1816
-1007
-84
872
1778
2545
3092
3353
3284
2873
2138
1136
-44
-1289
-2465
-3436
-4080
-4300
-4042
-3304
-2139
-657
989
2613
4021
5028
5489
5314
4488
3072
1208
-900
-3008
-4853
-6193
-6834
-6660
-5653
-3895
-1571
1053
3664
5931
7554
8297
8030
6741
4552
1702
-1472
-4583
-7230
-9061
-9811
-9344
-7676
-4978
-1558
2170
5743
8697
10636
11279
10505
8371
5112
1113
-3134
-7091
-10243
-12166
-12583
-11403
-8742
-4907
-365
4315
8537
11749
13519
13594
11934
8723
4348
-645
-5627
-9956
-13068
-14548
-14187
-12010
-8280
-3459
1841
6945
11197
14044
15114
14261
11586
7426
2313
-3099
-8117
-12097
-14530
-15106
-13756
-10662
-6226
-1026
4268
8977
12502
14404
14454
12668
9297
4794
-249
-5178
-9365
-12287
-13594
-13152
-11055
-7608
-3285
1339
5667
9153
11376
12093
11259
9036
5757
1881
-2073
-5598
-8261
-9761
-9962
-8903
-6785
-3937
-765
2303
4884
6678
7508
7339
6269
4510
2348
100
-1933
-3508
-4468
-4756
-4418
-3580
-2429
-1170
0
929
1527
1773
1711
1438
1075
745
541
514
661
922
1200
1378
1344
1021
382
-532
-1617
-2715
-3638
-4200
-4246
-3689
-2528
-857
1137
3201
5042
6372
6954
6639
5397
3331
665
-2270
-5090
-7400
-8853
-9203
-8346
-6336
-3394
125
3770
7057
9528
10825
10734
9225
6459
2770
-1371
-5424
-8849
-11175
-12073
-11401
-9222
-5807
-1593
2869
6991
10223
12130
12455
11146
8376
4508
58
-4385
-8232
-10975
-12256
-11915
-10011
-6812
-2758
1602
5683
8946
10967
11499
10496
8124
4730
791
-3149
-6560
-8995
-10150
-9904
-8333
-5691
-2373
1144
4370
6870
8323
8566
7610
5637
2964
-1
-2826
-5111
-6549
-6968
-6350
-4828
-2665
-210
2157
4083
5291
5623
5056
3710
1818
-306
-2321
-3907
-4819
-4920
-4201
-2785
-903
1142
3022
4431
5140
5024
4090
2468
400
-1801
-3797
-5275
-5995
-5828
-4773
-2965
-650
1841
4153
5941
6937
6975
6030
4210
1754
-1009
-3704
-5955
-7447
-7963
-7421
-5877
-3529
-681
2293
5003
7088
8274
8403
7455
5552
2938
-50
-3034
-5634
-7526
-8479
-8381
-7255
-5251
-2627
289
3141
5584
7333
8192
8077
7018
5161
2738
40
-2617
-4934
-6657
-7606
-7695
-6932
-5420
-3340
-926
1557
3845
5701
6936
7430
7138
6096
4414
2264
-133
-2535
-4696
-6390
-7435
-7711
-7172
-5854
-3875
-1424
1248
3865
6135
7798
8645
8548
7481
5523
2864
-219
-3387
-6272
-8523
-9846
-10048
-9060
-6954
-3943
-360
3377
6819
9530
11152
11447
10340
7925
4468
372
-3862
-7707
-10667
-12346
-12502
-11085
-8244
-4316
216
4781
8793
11729
13195
12986
11110
7794
3456
-1347
-5994
-9879
-12490
-13482
-12721
-10305
-6551
-1955
2876
7303
10741
12738
13038
11610
8659
4592
-36
-4598
-8481
-11167
-12309
-11771
-9650
-6258
-2079
2301
6278
9309
10990
11111
9684
6937
3280
-754
-4588
-7681
-9607
-10110
-9145
-6878
-3658
29
3639
6644
8611
9263
8521
6510
3541
67
-3387
-6307
-8253
0
0
0
0
0
0
0
0
0
0
0
0
0
0
0
0
0
0
0
0
0
0
0
0
0
0
0
0
0
0
0
0
0
0
0
0
0
0
0
0
0
0
0
0
0
0
0
0
0
0
0
0
0
0
0
0
0
0
0
0
0
0
0
0
0
0
0
14894
13828
10781
6189
706
-4885
-9788
-13302
-14923
-14417
-11853
-7590
-2233
3460
8684
12695
14923
15048
13048
9200
4043
-1700
-7226
-11759
-14662
-15528
-14235
-10961
-6162
-504
5228
10244
13850
15554
15126
12632
8423
3081
-2657
-8009
-12249
-14810
-15359
-13842
-10482
-5754
-310
5110
9782
13092
14619
14191
11901
8090
3294
-1831
-6602
-10399
-12747
-13380
-12264
-9599
-5782
-1351
3097
6986
9834
11317
11304
9865
7254
3863
168
-3344
-6240
-8191
-9013
-8679
-7317
-5174
-2579
106
2545
4463
5679
6123
5832
4933
3612
2085
558
-796
-1863
-2590
-2980
-3085
-2978
-2739
-2429
-2083
-1705
-1271
-742
-83
718
1642
2622
3549
4285
4683
4611
3982
2776
1060
-1015
-3223
-5284
-6904
-7816
-7822
-6830
-4878
-2141
1084
4409
7400
9640
10782
10607
9057
6259
2511
-1742
-5971
-9620
-12188
-13294
-12737
-10526
-6891
-2255
2809
7661
11664
14279
15132
14074
11198
6839
1530
-4061
-9222
-13282
-15706
-16164
-14577
-11128
-6244
-538
5264
10425
14285
16350
16355
14300
10450
5296
-501
-6208
-11101
-14569
-16185
-15762
-13374
-9346
-4202
1393
6734
11154
14116
15274
14518
11982
8019
3154
-1985
-6756
-10575
-12994
-13754
-12809
-10326
-6660
-2301
2192
6265
9433
11344
11812
10838
8601
5424
1734
-2000
-5326
-7864
-9347
-9652
-8804
-6964
-4407
-1474
1465
4065
6043
7205
7470
6866
5521
3641
1479
-698
-2645
-4159
-5106
-5425
-5133
-4312
-3098
-1653
-153
1238
2388
3199
3622
3651
3321
2699
1873
941
0
-864
-1583
-2106
-2406
-2479
-2336
-2006
-1529
-953
-329
291
861
1339
1691
1895
1939
1823
1561
1176
701
175
-358
-857
-1281
-1598
-1784
-1823
-1715
-1466
-1097
-633
-109
435
962
1428
1796
2031
2105
2003
1717
1258
650
-64
-831
-1581
-2238
-2726
-2978
-2942
-2592
-1934
-1008
106
1304
2455
3423
4076
4311
4063
3321
2134
608
-1095
-2786
-4254
-5303
-5777
-5577
-4685
-3169
-1178
1065
3296
5234
6621
7252
7011
5885
3976
1489
-1285
-4008
-6332
-7946
-8617
-8225
-6784
-4441
-1466
1781
4894
7471
9167
9742
9093
7275
4494
1085
-2526
-5882
-8545
-10161
-10506
-9514
-7294
-4116
-377
3448
6868
9436
10815
10817
9433
6832
3345
-580
-4440
-7733
-10034
-11042
-10629
-8848
-5934
-2266
1676
5380
8368
10253
10800
9946
7814
4694
1000
-2779
-6152
-8682
-10051
-10095
-8827
-6432
-3241
315
3766
6660
8629
9432
8986
7375
4835
1721
-1546
-4531
-6848
-8206
-8450
-7576
-5727
-3174
-273
2579
5008
6703
7457
7199
5993
4028
1589
-983
-3341
-5175
-6257
-6465
-5800
-4379
-2418
-199
1970
3800
5055
5583
5339
4381
2863
1010
-917
-2654
-3972
-4706
-4776
-4194
-3061
-1549
125
1729
3047
3910
4215
3939
3135
1930
498
-961
-2250
-3200
-3693
-3675
-3163
-2239
-1037
275
1520
2535
3190
3407
3168
2515
1543
385
-801
-1863
-2663
-3102
-3131
-2753
-2022
-1040
64
1148
2072
2721
3014
2918
2450
1670
682
-389
-1406
-2241
-2788
-2978
-2788
-2241
-1406
-389
682
1670
2450
2918
3014
2721
2072
1148
64
-1040
-2022
-2753
-3131
-3102
-2663
-1863
-801
385
1543
2515
3168
3407
3190
2535
1520
275
-1037
-2239
-3163
-3675
-3693
-3200
-2250
-961
498
1930
3135
3939
4215
3910
3047
1729
125
-1549
-3061
-4194
-4776
-4706
-3972
-2654
-917
1010
2863
4381
5339
5583
5055
3800
1970
-199
-2418
-4379
-5800
-6465
-6257
-5175
-3341
-983
1589
4028
5993
7199
7457
6703
5008
2579
-273
-3174
-5727
-7576
-8450
-8206
-6848
-4531
-1546
1721
4835
7375
8986
9432
8629
6660
3766
315
-3241
-6432
-8827
-10095
-10051
-8682
-6152
-2779
1000
4694
7814
9946
10800
10253
8368
5380
1676
-2266
-5934
-8848
-10629
-11042
-10034
-7733
-4440
-580
3345
6832
9433
10817
10815
9436
6868
3448
-377
-4116
-7294
-9514
-10506
-10161
-8545
-5882
-2526
1085
4494
7275
9093
9742
9167
7471
4894
1781
-1466
-4441
-6784
-8225
-8617
-7946
-6332
-4008
-1285
1489
3976
5885
7011
7252
6621
5234
3296
1065
-1178
-3169
-4685
-5577
-5777
-5303
-4254
-2786
-1095
608
2134
3321
4063
4311
4076
3423
2455
1304
106
-1008
-1934
-2592
-2942
-2978
-2726
-2238
-1581
-831
-64
650
1258
1717
2003
2105
2031
1796
1428
962
435
-109
-633
-1097
-1466
-1715
-1823
-1784
-1598
-1281
-857
-358
175
701
1176
1561
1823
1939
1895
1691
1339
861
291
-329
-953
-1529
-2006
-2336
-2479
-2406
-2106
-1583
-864
0
941
1873
2699
3321
3651
3622
3199
2388
1238
-153
-1653
-3098
-4312
-5133
-5425
-5106
-4159
-2645
-698
1479
3641
5521
6866
7470
7205
6043
4065
1465
-1474
-4407
-6964
-8804
-9652
-9347
-7864
-5326
-2000
1734
5424
8601
10838
11812
11344
9433
6265
2192
-2301
-6660
-10326
-12809
-13754
-12994
-10575
-6756
-1985
3154
8019
11982
14518
15274
14116
11154
6734
1393
-4202
-9346
-13374
-15762
-16185
-14569
-11101
-6208
-501
5296
10450
14300
16355
16350
14285
10425
5264
-538
-6244
-11128
-14577
-16164
-15706
-13282
-9222
-4061
1530
6839
11198
14074
15132
14279
11664
7661
2809
-2255
-6891
-10526
-12737
-13294
-12188
-9620
-5971
-1742
2511
6259
9057
10607
10782
9640
7400
4409
1084
-2141
-4878
-6830
-7822
-7816
-6904
-5284
-3223
-1015
1060
2776
3982
4611
4683
4285
3549
2622
1642
718
-83
-742
-1271
-1705
-2083
-2429
-2739
-2978
-3085
-2980
-2590
-1863
-796
558
2085
3612
4933
5832
6123
5679
4463
2545
106
-2579
-5174
-7317
-8679
-9013
-8191
-6240
-3344
168
3863
7254
9865
11304
11317
9834
6986
3097
-1351
-5782
-9599
-12264
-13380
-12747
-10399
-6602
-1831
3294
8090
11901
14191
14619
13092
9782
5110
-310
-5754
-10482
-13842
-15359
-14810
-12249
-8009
-2657
3081
8423
12632
15126
15554
13850
10244
5228
-504
-6162
-10961
-14235
-15528
-14662
-11759
-7226
-1700
4043
9200
13048
15048
14923
12695
8684
3460
-2233
-7590
-11853
-14417
-14923
-13302
-9788
-4885
706
6189
10781
13828
0
0
0
0
0
0
0
0
0
0
0
0
0
0
0
0
0
0
0
0
0
0
0
0
0
0
0
0
0
0
0
0
0
0
0
0
0
0
0
0
0
0
0
0
0
0
0
0
0
0
0
0
0
0
0
0
0
0
0
0
0
0
0
0
0
0
0
8936
8345
6654
4091
1003
-2192
-5070
-7247
-8443
-8512
-7462
-5454
-2775
204
3080
5472
7076
7702
7299
5957
3891
1406
-1148
-3428
-5141
-6088
-6183
-5464
-4077
-2255
-275
1582
3072
4021
4345
4058
3262
2124
848
-362
-1335
-1953
-2173
-2021
-1587
-1001
-408
63
323
334
121
-237
-626
-917
-996
-789
-280
481
1383
2267
2956
3284
3130
2442
1256
-301
-2029
-3674
-4969
-5676
-5627
-4754
-3112
-875
1675
4192
6307
7684
8073
7354
5558
2877
-360
-3726
-6752
-8993
-10095
-9851
-8233
-5408
-1721
2348
6248
9429
11422
11911
10777
8127
4282
-260
-4890
-8970
-11921
-13307
-12899
-10713
-7010
-2270
2872
7718
11591
13941
14417
12922
9631
4972
-433
-5850
-10532
-13824
-15255
-14607
-11946
-7618
-2202
3563
8890
13038
15426
15712
13840
10053
4861
-1030
-6813
-11690
-14985
-16236
-15262
-12186
-7424
-1625
4416
9871
13987
16195
16186
13958
9813
4315
-1781
-7642
-12465
-15587
-16581
-15311
-11952
-6963
-1027
5044
10425
14384
16383
16156
13740
9468
3926
-2129
-7879
-12547
-15506
-16367
-15025
-11673
-6774
-996
4879
10064
13872
15805
15621
13365
9356
4147
-1558
-7000
-11460
-14362
-15343
-14300
-11399
-7048
-1841
3528
8356
12020
14067
14259
12608
9365
4983
51
-4782
-8899
-11789
-13112
-12740
-10765
-7483
-3345
1097
5276
8672
10885
11676
10995
8978
5924
2250
-1567
-5053
-7792
-9481
-9960
-9222
-7413
-4799
-1730
1403
4228
6427
7774
8157
7585
6177
4141
1746
-717
-2969
-4772
-5957
-6433
-6193
-5310
-3916
-2190
-331
1464
3019
4196
4901
5094
4785
4027
2912
1559
98
-1334
-2610
-3619
-4275
-4522
-4340
-3745
-2789
-1558
-164
1263
2586
3672
4407
4706
4526
3873
2800
1407
-165
-1755
-3191
-4310
-4983
-5124
-4705
-3759
-2381
-717
1050
2725
4116
5062
5450
5231
4423
3114
1448
-385
-2182
-3738
-4876
-5469
-5450
-4824
-3664
-2101
-313
1497
3132
4410
5194
5403
5021
4096
2736
1094
-648
-2304
-3696
-4679
-5155
-5080
-4468
-3390
-1964
-343
1303
2803
4004
4782
5060
4811
4061
2888
1413
-212
-1823
-3251
-4348
-4995
-5123
-4711
-3797
-2470
-866
849
2495
3893
4889
5368
5270
4596
3410
1836
40
-1781
-3425
-4707
-5478
-5644
-5181
-4135
-2617
-797
1120
2918
4391
5370
5742
5464
4571
3165
1410
-490
-2318
-3866
-4960
-5482
-5383
-4683
-3475
-1907
-163
1554
3056
4182
4819
4916
4482
3586
2347
911
-558
-1908
-3004
-3750
-4091
-4020
-3569
-2807
-1822
-719
399
1438
2319
2983
3388
3516
3366
2950
2297
1447
452
-622
-1701
-2698
-3523
-4088
-4316
-4147
-3557
-2558
-1211
378
2064
3669
5006
5896
6195
5814
4737
3032
849
-1587
-4005
-6110
-7625
-8324
-8068
-6825
-4687
-1864
1335
4537
7346
9392
10385
10150
8659
6043
2580
-1334
-5228
-8617
-11058
-12214
-11897
-10101
-7005
-2957
1560
5998
9798
12470
13654
13172
11051
7524
3008
-1948
-6734
-10749
-13482
-14576
-13879
-11460
-7607
-2789
2397
7311
11339
13976
14894
13976
11339
7311
2397
-2789
-7607
-11460
-13879
-14576
-13482
-10749
-6734
-1948
3008
7524
11051
13172
13654
12470
9798
5998
1560
-2957
-7005
-10101
-11897
-12214
-11058
-8617
-5228
-1334
2580
6043
8659
10150
10385
9392
7346
4537
1335
-1864
-4687
-6825
-8068
-8324
-7625
-6110
-4005
-1587
849
3032
4737
5814
6195
5896
5006
3669
2064
378
-1211
-2558
-3557
-4147
-4316
-4088
-3523
-2698
-1701
-622
452
1447
2297
2950
3366
3516
3388
2983
2319
1438
399
-719
-1822
-2807
-3569
-4020
-4091
-3750
-3004
-1908
-558
911
2347
3586
4482
4916
4819
4182
3056
1554
-163
-1907
-3475
-4683
-5383
-5482
-4960
-3866
-2318
-490
1410
3165
4571
5464
5742
5370
4391
2918
1120
-797
-2617
-4135
-5181
-5644
-5478
-4707
-3425
-1781
40
1836
3410
4596
5270
5368
4889
3893
2495
849
-866
-2470
-3797
-4711
-5123
-4995
-4348
-3251
-1823
-212
1413
2888
4061
4811
5060
4782
4004
2803
1303
-343
-1964
-3390
-4468
-5080
-5155
-4679
-3696
-2304
-648
1094
2736
4096
5021
5403
5194
4410
3132
1497
-313
-2101
-3664
-4824
-5450
-5469
-4876
-3738
-2182
-385
1448
3114
4423
5231
5450
5062
4116
2725
1050
-717
-2381
-3759
-4705
-5124
-4983
-4310
-3191
-1755
-165
1407
2800
3873
4526
4706
4407
3672
2586
1263
-164
-1558
-2789
-3745
-4340
-4522
-4275
-3619
-2610
-1334
98
1559
2912
4027
4785
5094
4901
4196
3019
1464
-331
-2190
-3916
-5310
-6193
-6433
-5957
-4772
-2969
-717
1746
4141
6177
7585
8157
7774
6427
4228
1403
-1730
-4799
-7413
-9222
-9960
-9481
-7792
-5053
-1567
2250
5924
8978
10995
11676
10885
8672
5276
1097
-3345
-7483
-10765
-12740
-13112
-11789
-8899
-4782
51
4983
9365
12608
14259
14067
12020
8356
3528
-1841
-7048
-11399
-14300
-15343
-14362
-11460
-7000
-1558
4147
9356
13365
15621
15805
13872
10064
4879
-996
-6774
-11673
-15025
-16367
-15506
-12547
-7879
-2129
3926
9468
13740
16156
16383
14384
10425
5044
-1027
-6963
-11952
-15311
-16581
-15587
-12465
-7642
-1781
4315
9813
13958
16186
16195
13987
9871
4416
-1625
-7424
-12186
-15262
-16236
-14985
-11690
-6813
-1030
4861
10053
13840
15712
15426
13038
8890
3563
-2202
-7618
-11946
-14607
-15255
-13824
-10532
-5850
-433
4972
9631
12922
14417
13941
11591
7718
2872
-2270
-7010
-10713
-12899
-13307
-11921
-8970
-4890
-260
4282
8127
10777
11911
11422
9429
6248
2348
-1721
-5408
-8233
-9851
-10095
-8993
-6752
-3726
-360
2877
5558
7354
8073
7684
6307
4192
1675
-875
-3112
-4754
-5627
-5676
-4969
-3674
-2029
-301
1256
2442
3130
3284
2956
2267
1383
481
-280
-789
-996
-917
-626
-237
121
334
323
63
-408
-1001
-1587
-2021
-2173
-1953
-1335
-362
848
2124
3262
4058
4345
4021
3072
1582
-275
-2255
-4077
-5464
-6183
-6088
-5141
-3428
-1148
1406
3891
5957
7299
7702
7076
5472
3080
204
-2775
-5454
-7462
-8512
-8443
-7247
-5070
-2192
1003
4091
6654
8345
0
0
0
0
0
0
0
0
0
0
0
0
0
0
0
0
0
0
0
0
0
0
0
0
0
0
0
0
0
0
0
0
0
0
0
0
0
0
0
0
0
0
0
0
0
0
0
0
0
0
0
0
0
0
0
0
0
0
0
0
0
0
0
0
0
0
0
-2978
-2882
-2593
-2117
-1465
-661
256
1231
2189
3040
3688
4041
4023
3588
2734
1506
1
-1637
-3233
-4596
-5543
-5924
-5645
-4685
-3105
-1050
1264
3574
5597
7067
7768
7567
6436
4464
1849
-1116
-4084
-6684
-8575
-9489
-9270
-7897
-5496
-2326
1243
4779
7836
10013
11008
10659
8968
6110
2413
-1677
-5654
-9011
-11307
-12228
-11626
-9546
-6225
-2060
2430
6680
10143
12364
13040
12066
9544
5782
1249
-3479
-7795
-11140
-13073
-13336
-11885
-8900
-4760
-1
4760
8904
11888
13323
13020
11021
7592
3186
-1613
-6171
-9885
-12269
-13012
-12027
-9456
-5653
-1137
3479
7576
10606
12169
12070
10337
7226
3174
-1252
-5442
-8823
-10936
-11505
-10469
-7989
-4430
-302
3810
7327
9759
10771
10235
8241
5085
1228
-2769
-6334
-8953
-10253
-10050
-8378
-5482
-1786
2173
5819
8619
10162
10216
8766
6014
2352
-1693
-5538
-8618
-10479
-10836
-9619
-6984
-3291
940
5111
8621
10958
11771
10919
8499
4829
407
-4153
-8214
-11200
-12675
-12413
-10425
-6963
-2485
2403
7036
10775
13098
13671
12401
9440
5175
172
-4901
-9363
-12612
-14207
-13927
-11803
-8113
-3342
1879
6863
10953
13614
14501
13503
10761
6639
1684
-3456
-8116
-11700
-13756
-14039
-12535
-9462
-5235
-410
4389
8557
11579
13099
12959
11215
8124
4107
-313
-4579
-8168
-10662
-11789
-11459
-9764
-6959
-3424
388
4011
7023
9096
10030
9770
8403
6143
3292
206
-2758
-5277
-7100
-8068
-8127
-7324
-5795
-3740
-1399
976
3150
4924
6149
6736
6661
5957
4709
3043
1115
-900
-2827
-4493
-5748
-6472
-6586
-6060
-4923
-3259
-1209
1038
3265
5236
6729
7558
7594
6793
5198
2949
270
-2550
-5189
-7327
-8688
-9075
-8399
-6700
-4142
-1005
2347
5512
8093
9753
10260
9521
7596
4696
1164
-2571
-6044
-8815
-10524
-10941
-9997
-7798
-4611
-831
3064
6583
9276
10802
10965
9749
7314
3975
165
-3624
-6911
-9281
-10443
-10265
-8794
-6240
-2955
625
4034
6838
8691
9385
8864
7238
4754
1767
-1317
-4096
-6221
-7447
-7658
-6880
-5269
-3084
-648
1702
3661
4996
5576
5382
4505
3125
1478
-180
-1619
-2655
-3187
-3198
-2754
-1987
-1067
-171
545
980
1090
903
505
20
-409
-661
-649
-344
215
934
1669
2258
2551
2436
1866
872
-436
-1882
-3245
-4295
-4831
-4714
-3893
-2426
-472
1722
3857
5617
6723
6970
6268
4658
2311
-483
-3360
-5925
-7806
-8714
-8482
-7095
-4699
-1585
1847
5142
7849
9582
10082
9250
7166
4083
395
-3413
-6835
-9404
-10764
-10718
-9253
-6550
-2958
1051
4948
8214
10412
11246
10602
8565
5404
1539
-2516
-6225
-9100
-10766
-11010
-9814
-7346
-3945
-69
3766
7057
9381
10447
10136
8515
5820
2425
-1210
-4606
-7326
-9032
-9529
-8784
-6931
-4242
-1092
2095
4909
6998
8120
8168
7178
5319
2865
157
-2450
-4630
-6129
-6792
-6581
-5570
-3930
-1902
237
2221
3817
4857
5256
5013
4207
2976
1498
-36
-1450
-2598
-3380
-3748
-3706
-3298
-2601
-1711
-726
258
1164
1928
2502
2858
2978
2858
2502
1928
1164
258
-726
-1711
-2601
-3298
-3706
-3748
-3380
-2598
-1450
-36
1498
2976
4207
5013
5256
4857
3817
2221
237
-1902
-3930
-5570
-6581
-6792
-6129
-4630
-2450
157
2865
5319
7178
8168
8120
6998
4909
2095
-1092
-4242
-6931
-8784
-9529
-9032
-7326
-4606
-1210
2425
5820
8515
10136
10447
9381
7057
3766
-69
-3945
-7346
-9814
-11010
-10766
-9100
-6225
-2516
1539
5404
8565
10602
11246
10412
8214
4948
1051
-2958
-6550
-9253
-10718
-10764
-9404
-6835
-3413
395
4083
7166
9250
10082
9582
7849
5142
1847
-1585
-4699
-7095
-8482
-8714
-7806
-5925
-3360
-483
2311
4658
6268
6970
6723
5617
3857
1722
-472
-2426
-3893
-4714
-4831
-4295
-3245
-1882
-436
872
1866
2436
2551
2258
1669
934
215
-344
-649
-661
-409
20
505
903
1090
980
545
-171
-1067
-1987
-2754
-3198
-3187
-2655
-1619
-180
1478
3125
4505
5382
5576
4996
3661
1702
-648
-3084
-5269
-6880
-7658
-7447
-6221
-4096
-1317
1767
4754
7238
8864
9385
8691
6838
4034
625
-2955
-6240
-8794
-10265
-10443
-9281
-6911
-3624
165
3975
7314
9749
10965
10802
9276
6583
3064
-831
-4611
-7798
-9997
-10941
-10524
-8815
-6044
-2571
1164
4696
7596
9521
10260
9753
8093
5512
2347
-1005
-4142
-6700
-8399
-9075
-8688
-7327
-5189
-2550
270
2949
5198
6793
7594
7558
6729
5236
3265
1038
-1209
-3259
-4923
-6060
-6586
-6472
-5748
-4493
-2827
-900
1115
3043
4709
5957
6661
6736
6149
4924
3150
976
-1399
-3740
-5795
-7324
-8127
-8068
-7100
-5277
-2758
206
3292
6143
8403
9770
10030
9096
7023
4011
388
-3424
-6959
-9764
-11459
-11789
-10662
-8168
-4579
-313
4107
8124
11215
12959
13099
11579
8557
4389
-410
-5235
-9462
-12535
-14039
-13756
-11700
-8116
-3456
1684
6639
10761
13503
14501
13614
10953
6863
1879
-3342
-8113
-11803
-13927
-14207
-12612
-9363
-4901
172
5175
9440
12401
13671
13098
10775
7036
2403
-2485
-6963
-10425
-12413
-12675
-11200
-8214
-4153
407
4829
8499
10919
11771
10958
8621
5111
940
-3291
-6984
-9619
-10836
-10479
-8618
-5538
-1693
2352
6014
8766
10216
10162
8619
5819
2173
-1786
-5482
-8378
-10050
-10253
-8953
-6334
-2769
1228
5085
8241
10235
10771
9759
7327
3810
-302
-4430
-7989
-10469
-11505
-10936
-8823
-5442
-1252
3174
7226
10337
12070
12169
10606
7576
3479
-1137
-5653
-9456
-12027
-13012
-12269
-9885
-6171
-1613
3186
7592
11021
13020
13323
11888
8904
4760
-1
-4760
-8900
-11885
-13336
-13073
-11140
-7795
-3479
1249
5782
9544
12066
13040
12364
10143
6680
2430
-2060
-6225
-9546
-11626
-12228
-11307
-9011
-5654
-1677
2413
6110
8968
10659
11008
10013
7836
4779
1243
-2326
-5496
-7897
-9270
-9489
-8575
-6684
-4084
-1116
1849
4464
6436
7567
7768
7067
5597
3574
1264
-1050
-3105
-4685
-5645
-5924
-5543
-4596
-3233
-1637
1
1506
2734
3588
4023
4041
3688
3040
2189
1231
256
-661
-1465
-2117
-2593
-2882
0
0
0
0
0
0
0
0
0
0
0
0
0
0
0
0
0
0
0
0
0
0
0
0
0
0
0
0
0
0
0
0
0
0
0
0
0
0
0
0
0
0
0
0
0
0
0
0
0
0
0
0
0
0
0
0
0
0
0
0
0
0
0
0
0
0
0
