0
4278
8485
12550
16402
19973
23203
26035
28419
30314
31684
32507
32766
32456
31581
30156
28203
25758
22860
19561
15917
11991
7852
3573
-771
-5106
-9352
-13436
-17284
-20829
-24006
-26759
-29038
-30801
-32015
-32660
-32720
-32196
-31094
-29434
-27244
-24563
-21439
-17925
-14087
-9991
-5712
-1327
3083
7441
11667
15683
19415
22796
25762
28259
30239
31667
32514
32764
32412
31462
29931
27847
25247
22178
18696
14865
10755
6443
2009
-2465
-6896
-11201
-15299
-19113
-22570
-25606
-28162
-30190
-31650
-32514
-32764
-32394
-31411
-29832
-27686
-25012
-21861
-18292
-14372
-10175
-5781
-1274
3259
7733
12062
16161
19951
23359
26318
28771
30668
31973
32659
32711
32127
30919
29107
26727
23823
20452
16679
12577
8226
3711
-879
-5455
-9926
-14204
-18204
-21846
-25058
-27775
-29942
-31516
-32464
-32766
-32415
-31417
-29790
-27567
-24790
-21514
-17805
-13736
-9388
-4849
-209
4437
8997
13377
17489
21248
24578
27411
29687
31359
32393
32765
32468
31507
29899
27676
24884
21579
17828
13707
9301
4700
0
-4703
-9311
-13729
-17864
-21629
-24947
-27746
-29968
-31566
-32503
-32761
-32332
-31225
-29460
-27076
-24119
-20653
-16748
-12488
-7961
-3263
1506
6246
10856
15238
19298
22949
26112
28719
30713
32051
32702
32651
31900
30461
28366
25658
22395
18646
14492
10022
5332
524
-4298
-9029
-13567
-17811
-21669
-25055
-27896
-30127
-31699
-32577
-32739
-32182
-30916
-28967
-26379
-23206
-19519
-15397
-10932
-6222
-1372
3511
8320
12945
17284
21240
24723
27655
29968
31611
32545
32748
32214
30954
28995
26381
23169
19431
15252
10724
5950
1038
-3899
-8751
-13405
-17757
-21705
-25159
-28038
-30277
-31822
-32637
-32702
-32014
-30588
-28456
-25665
-22280
-18377
-14047
-9388
-4509
477
5455
10308
14924
19194
23018
26305
28979
30974
32243
32756
32498
31476
29711
27244
24133
20449
16280
11722
6884
1880
-3170
-8148
-12935
-17416
-21484
-25041
-28000
-30291
-31856
-32659
-32677
-31909
-30373
-28105
-25157
-21600
-17520
-13013
-8189
-3163
1941
7001
11893
16499
20705
24407
27516
29953
31659
32589
32721
32049
30590
28377
25463
21921
17836
13307
8448
3377
-1780
-6896
-11843
-16499
-20746
-24479
-27603
-30040
-31727
-32621
-32699
-31957
-30413
-28105
-25088
-21439
-17247
-12618
-7668
-2522
2689
7836
12787
17416
21605
25247
28248
30530
32035
32723
32574
31592
29801
27244
23987
20112
15718
10917
5832
595
-4660
-9798
-14685
-19194
-23208
-26622
-29345
-31307
-32455
-32757
-32206
-30813
-28614
-25665
-22043
-17841
-13169
-8148
-2911
2405
7661
12717
17440
21705
25397
28419
30689
32146
32750
32483
31352
29385
26633
23169
19084
14487
9500
4255
-1105
-6439
-11603
-16457
-20870
-24723
-27911
-30346
-31961
-32712
-32578
-31559
-29684
-27001
-23582
-19519
-14922
-9916
-4636
771
6162
11386
16301
20770
24671
27896
30354
31977
32719
32558
31498
29565
26813
23317
19172
14492
9407
4058
-1405
-6833
-12073
-16978
-21411
-25247
-28377
-30713
-32188
-32760
-32410
-31148
-29007
-26047
-22351
-18021
-13179
-7961
-2516
3003
8440
13640
18454
22745
26389
29282
31340
32503
32737
32033
30409
27913
24613
20604
16000
10932
5547
0
-5550
-10942
-16021
-20637
-24657
-27963
-30458
-32068
-32745
-32468
-31244
-29107
-26118
-22364
-17952
-13013
-7689
-2137
3479
8997
14252
19090
23367
26955
29748
31662
32640
32650
31691
29790
27003
23411
19119
14256
8965
3403
-2262
-7862
-13230
-18204
-22633
-26385
-29345
-31423
-32556
-32707
-31871
-30072
-27362
-23823
-19561
-14703
-9397
-3803
1908
7565
12994
18030
22517
26318
29316
31419
32559
32702
31841
30001
27238
23635
19302
14372
8996
3339
-2422
-8112
-13553
-18577
-23026
-26761
-29667
-31650
-32648
-32629
-31591
-29565
-26615
-22829
-18327
-13249
-7752
-2009
3799
9491
14886
19815
24120
27666
30338
32052
32751
32412
31044
28690
25423
21345
16586
11295
5642
-193
-6025
-11667
-16938
-21669
-25706
-28920
-31206
-32489
-32726
-31909
-30063
-27244
-23544
-19081
-13998
-8460
-2644
3259
9060
14569
19606
24006
27626
30346
32075
32756
32366
30916
28451
25051
20827
15917
10480
4696
-1244
-7147
-12817
-18065
-22719
-26622
-29644
-31684
-32674
-32578
-31398
-29173
-25975
-21909
-17110
-11737
-5969
0
5972
11747
17130
21941
26016
29217
31436
32596
32657
31615
29504
26395
22390
17625
12260
6476
470
-5554
-11392
-16845
-21726
-25867
-29127
-31393
-32585
-32662
-31619
-29491
-26349
-22301
-17483
-12062
-6222
-166
5898
11762
17222
22088
26191
29387
31566
32648
32597
31411
29131
25835
21636
16679
11138
5205
-912
-7001
-12847
-18244
-23003
-26955
-29960
-31912
-32739
-32412
-30940
-28374
-24803
-20353
-15179
-9465
-3413
2763
8843
14612
19863
24407
28083
30758
32334
32755
32003
30103
27124
23169
18381
12929
7010
836
-5370
-11386
-16993
-21989
-26191
-29446
-31636
-32680
-32538
-31214
-28754
-25247
-20819
-15630
-9868
-3744
2518
8692
14551
19879
24480
28184
30855
32393
32739
31880
29845
26709
22585
17625
12011
5950
-333
-6607
-12639
-18204
-23094
-27128
-30152
-32055
-32763
-32248
-30528
-27666
-23767
-18976
-13473
-7461
-1167
5173
11322
17047
22132
26385
29644
31785
32724
32427
30901
28203
24435
19738
14288
8294
1981
-4409
-10635
-16457
-21654
-26025
-29402
-31656
-32697
-32485
-31027
-28377
-24634
-19943
-14481
-8460
-2109
4324
10594
16457
21686
26077
29459
31699
32710
32451
30929
28203
24378
19601
14056
7961
1552
-4919
-11201
-17047
-22227
-26537
-29806
-31906
-32751
-32307
-30590
-27666
-23648
-18696
-13002
-6791
-309
6187
12441
18204
23246
27366
30398
32222
32762
31995
29951
26709
22398
17189
11289
4935
-1619
-8112
-14281
-19879
-24678
-28486
-31147
-32552
-32643
-31416
-28917
-25247
-20553
-15023
-8882
-2378
4225
10659
16662
21989
26421
29777
31918
32756
32254
30432
27362
23169
18024
12137
5748
-879
-7473
-13762
-19485
-24407
-28323
-31070
-32533
-32650
-31414
-28875
-25136
-20353
-14721
-8475
-1874
4807
11292
17307
22602
26955
30182
32146
32765
32010
29911
26556
22083
16679
10571
4016
-2711
-9326
-15551
-21121
-25799
-29387
-31732
-32732
-32344
-30582
-27520
-23286
-18060
-12062
-5547
1206
7911
14280
20041
24947
28786
31393
32653
32513
30975
28105
24024
18906
12972
6476
-301
-7069
-13534
-19415
-24458
-28443
-31196
-32596
-32580
-31148
-28360
-24336
-19250
-13322
-6811
0
6813
13332
19269
24364
28393
31178
32594
32578
31129
28309
24241
19103
13120
6555
-301
-7147
-13680
-19609
-24671
-28641
-31340
-32648
-32505
-30916
-27948
-23735
-18460
-12360
-5706
1206
8067
14569
20421
25359
29162
31656
32728
32328
30473
27244
22786
17298
11027
4255
-2711
-9557
-15974
-21669
-26383
-29901
-32062
-32766
-31979
-29736
-26137
-21345
-15577
-9095
-2195
4807
11593
17850
23291
27666
30771
32464
32665
31362
28614
24546
19345
13249
6538
-477
-7473
-14125
-20126
-25196
-29098
-31650
-32732
-32292
-30349
-26991
-22374
-16712
-10266
-3339
3746
10659
17076
22694
27251
30530
32377
32702
31489
28793
24740
19519
13375
6597
-494
-7565
-14281
-20323
-25404
-29282
-31772
-32753
-32178
-30072
-26533
-21729
-15887
-9285
-2238
4919
11843
18204
23695
28052
31066
32589
32548
30942
27847
23411
17845
11416
4435
-2763
-9830
-16425
-22227
-26955
-30378
-32330
-32713
-31507
-28769
-24631
-19293
-13013
-6096
1120
8285
15047
21076
26077
29802
32068
32763
31850
29372
25451
20276
14101
7230
0
-7232
-14111
-20295
-25478
-29402
-31872
-32764
-32033
-29711
-25913
-20827
-14703
-7845
-595
6688
13640
19914
25196
29220
31785
32759
32093
29819
26047
20967
14832
7950
664
-6656
-13645
-19948
-25247
-29273
-31822
-32763
-32046
-29706
-25861
-20703
-14492
-7543
-209
7138
14125
20396
25629
29557
31977
32766
31880
29363
25342
20022
13674
6622
-771
-8129
-15071
-21240
-26318
-30042
-32219
-32734
-31559
-28754
-24461
-18901
-12360
-5177
2276
9615
16457
22447
27271
30678
32489
32608
31026
27825
23169
17302
10527
3199
-4298
-11573
-18244
-23960
-28419
-31387
-32705
-32302
-30198
-26501
-21406
-15179
-8148
-684
6817
13962
20369
25700
29668
32064
32757
31710
28975
24698
19103
12488
5205
-2358
-9798
-16717
-22745
-27557
-30894
-32577
-32513
-30703
-27244
-22319
-16192
-9191
-1693
5898
13175
19743
25247
29388
31941
32765
31816
29141
24884
19276
12618
5272
-2362
-9871
-16845
-22903
-27714
-31014
-32621
-32445
-30495
-26875
-21781
-15492
-8351
-749
6896
14165
20658
26016
29942
32220
32721
31417
28377
23767
17841
10926
3403
-4310
-11787
-18613
-24407
-28847
-31684
-32759
-32010
-29476
-25298
-19707
-13013
-5590
2148
9769
16845
22980
27828
31116
32659
32366
30254
26438
21133
14635
7310
-430
-8148
-15409
-21801
-26962
-30598
-32502
-32563
-30778
-27244
-22162
-15818
-8572
-836
6950
14343
20920
26305
30190
32350
32661
31103
27762
22829
16586
9388
1649
-6187
-13670
-20369
-25898
-29936
-32249
-32702
-31267
-28024
-23161
-16955
-9766
-2009
5867
13405
20168
25762
29860
32222
32709
31291
28049
23169
16936
9711
1916
-5992
-13553
-20323
-25904
-29968
-32275
-32687
-31179
-27837
-22855
-16527
-9222
-1372
6562
14111
20829
26318
30252
32397
32623
30916
27374
22206
15718
8294
373
-7571
-15067
-21669
-26980
-30683
-32556
-32483
-30469
-26631
-21197
-14492
-6916
1077
9009
16402
22811
27851
31216
32702
32218
29790
25564
19793
12824
5078
-2978
-10856
-18080
-24210
-28873
-31785
-32766
-31757
-28816
-24119
-17952
-10689
-2772
5316
13083
20053
25799
29968
32304
32662
31017
27469
22233
15630
8064
0
-8067
-15639
-22251
-27492
-31038
-32669
-32282
-29899
-25665
-19840
-12785
-4935
3223
11185
18454
24578
29176
31960
32754
31507
28295
23317
16881
9388
1306
-6859
-14599
-21426
-26913
-30713
-32587
-32415
-30206
-26096
-20343
-13307
-5431
2789
10837
18204
24423
29100
31937
32755
31498
28244
23199
16679
9099
938
-7285
-15047
-21854
-27271
-30951
-32659
-32282
-29844
-25497
-19519
-12290
-4271
4023
12062
19330
25359
29762
32252
32670
30984
27303
21861
15008
7184
-1105
-9326
-16947
-23474
-28484
-31650
-32766
-31757
-28687
-23753
-17274
-9670
-1435
6896
14781
21705
27215
30951
32666
32248
29720
25247
19119
11737
3583
-4807
-12886
-20121
-26035
-30239
-32455
-32534
-30469
-26395
-20578
-13400
-5336
3083
11302
18775
25007
29584
32200
32681
30992
27244
21684
14679
6695
-1736
-10055
-17706
-24178
-29038
-31959
-32744
-31340
-27837
-22468
-15592
-7668
771
9163
16942
23583
28641
31772
32764
31548
28203
22955
16155
8261
-193
-8637
-16499
-23246
-28419
-31667
-32766
-31641
-28366
-23161
-16378
-8479
0
8482
16388
23178
28387
31659
32766
31633
28334
23092
16267
8323
-193
-8699
-16610
-23382
-28547
-31748
-32764
-31521
-28105
-22748
-15818
-7793
771
9287
17161
23850
28887
31923
32744
31292
27666
22114
15023
6884
-1736
-10238
-18030
-24565
-29387
-32158
-32681
-30919
-26991
-21173
-13868
-5590
3083
11543
19194
25499
30012
32414
32534
30361
26047
19895
12336
3903
-4807
-13181
-20625
-26610
-30711
-32637
-32248
-29569
-24790
-18247
-10405
-1820
6896
15124
22277
27843
31423
32760
31757
28483
23169
16196
8060
-655
-9326
-17331
-24094
-29127
-32068
-32703
-30984
-27033
-21133
-13707
-5289
3511
12062
19743
25999
30374
32552
32371
29844
25150
18630
10754
2094
-6719
-15047
-22282
-27896
-31478
-32765
-31661
-28244
-22763
-15616
-7324
1506
10228
18204
24847
29668
32313
32585
30461
26096
19809
12062
3423
-5469
-13962
-21426
-27310
-31178
-32740
-31881
-28661
-23317
-16242
-7961
912
9721
17811
24578
29519
32265
32608
30520
26157
19840
12041
3339
-5613
-14150
-21629
-27492
-31296
-32755
-31758
-28377
-22863
-15630
-7219
1736
10564
18599
25234
29968
32443
32468
30041
25342
18725
10689
1842
-7147
-15598
-22868
-28404
-31785
-32751
-31227
-27327
-21345
-13736
-5078
3969
12717
20496
26712
30887
32702
32014
28875
23522
16364
7950
-1077
-10024
-18204
-24986
-29848
-32414
-32483
-30050
-25298
-18593
-10451
-1499
7571
16058
23305
28750
31969
32711
30916
26720
20449
12587
3744
-5391
-14111
-21734
-27666
-31442
-32766
-31533
-27837
-21964
-14372
-5653
3510
12401
20323
26654
30894
32710
31957
28692
23169
15822
7226
-1941
-10958
-19113
-25762
-30378
-32596
-32237
-29328
-24096
-16955
-8469
691
9799
18132
25028
29936
32465
32412
29778
24772
17791
9388
234
-8940
-17404
-24479
-29598
-32350
-32513
-30072
-25219
-18342
-9991
-836
8388
16942
24135
29387
32275
32563
30226
25451
18620
10283
1113
-8148
-16754
-24006
-29316
-32252
-32574
-30254
-25477
-18630
-10266
-1066
8222
16845
24098
29390
32286
32549
30156
25298
18372
9941
695
-8610
-17213
-24407
-29603
-32371
-32482
-29925
-24908
-17841
-9305
0
9307
17850
24924
29942
32491
32356
29546
24293
17028
8351
-1019
-10308
-18745
-25629
-30386
-32621
-32145
-28995
-23432
-15917
-7073
2362
11603
19879
26497
30903
32728
31816
28241
22301
14491
5464
-4023
-13175
-21224
-27492
-31451
-32766
-31324
-27244
-20868
-12732
-3519
5992
15001
22745
28568
31977
32682
30619
25962
19103
10622
1238
-8253
-17047
-24394
-29668
-32420
-32412
-29643
-24347
-16973
-8148
1373
10781
19269
26112
30723
32705
31886
28334
22351
14449
5304
-4298
-13534
-21608
-27826
-31650
-32749
-31026
-26627
-19930
-11510
-2094
7504
16457
23989
29446
32355
32460
29752
24461
17046
8148
-1459
-10942
-19477
-26318
-30870
-32732
-31742
-27983
-21780
-13674
-4371
5316
14541
22496
28484
31977
32669
30495
25645
18541
9807
209
-9410
-18204
-25397
-30356
-32640
-32046
-28625
-22675
-14721
-5464
4278
13645
21806
28038
31787
32719
30748
26047
19032
10324
695
-8997
-17892
-25196
-30256
-32621
-32077
-28669
-22701
-14703
-5389
4409
13816
21989
28193
31872
32694
30582
25725
18555
9715
0
-9718
-18563
-25739
-30598
-32699
-31850
-28126
-21861
-13619
-4144
5708
15047
23026
28920
32194
32549
29951
24631
17073
7961
-1876
-11547
-20168
-26955
-31287
-32766
-31257
-26894
-20073
-11416
-1713
8148
17267
24807
30076
32589
32113
28690
22632
14492
5018
-4919
-14407
-22570
-28657
-32104
-32591
-30072
-24775
-17189
-8012
1907
11653
20323
27113
31393
32763
31094
26539
19519
10683
852
-9060
-18132
-25519
-30530
-32697
-31816
-27965
-21503
-13031
-3339
6667
16052
23938
29584
32459
32292
29097
23169
15065
5543
-4501
-14125
-22423
-28612
-32108
-32578
-29977
-24546
-16798
-7461
2582
12385
21019
27666
31694
32721
30647
25665
18247
9095
-923
-10856
-19760
-26786
-31264
-32766
-31146
-26556
-19431
-10451
-470
9557
18675
26008
30855
32749
31507
27244
20368
11537
1595
-8501
-17784
-25359
-30497
-32702
-31758
-27754
-21074
-12360
-2451
7696
17103
24860
30215
32648
31922
28105
21563
12929
3039
-7147
-16643
-24525
-30025
-32607
-32016
-28309
-21844
-13249
-3359
6859
16412
24364
29939
32588
32050
28377
21924
13322
3413
-6833
-16412
-24382
-29960
-32596
-32028
-28309
-21804
-13150
-3199
7069
16643
24578
30089
32630
31946
28105
21482
12732
2719
-7565
-17103
-24947
-30318
-32680
-31797
-27754
-20951
-12062
-1970
8320
17784
25478
30633
32732
31565
27244
20200
11134
952
-9326
-18675
-26154
-31014
-32765
-31228
-26556
-19215
-9941
333
10578
19760
26955
31436
32749
30759
25665
17979
8475
-1887
-12062
-21019
-27851
-31864
-32650
-30126
-24546
-16475
-6728
3703
13762
22423
28806
32258
32427
29291
23169
14683
4696
-5772
-15653
-23938
-29777
-32571
-32033
-28214
-21503
-12587
-2378
8077
17706
25519
30711
32748
31416
26850
19519
10175
-219
-10594
-19879
-27113
-31549
-32726
-30520
-25157
-17189
-7439
3083
13289
22119
28657
32222
32441
29289
23092
14492
4381
-6187
-16114
-24364
-30076
-32652
-31820
-27666
-20619
-11416
-1017
9491
19008
26537
31287
32757
30792
25595
17709
7961
-2625
-12939
-21894
-28547
-32194
-32451
-29286
-23032
-14346
-4144
6498
16457
24678
30291
32699
31644
27238
19943
10531
0
-10533
-19951
-27251
-31656
-32694
-30254
-24592
-16309
-6286
4409
14637
23305
29487
32519
32077
28203
21312
12137
1660
-8997
-18692
-26385
-31248
-32757
-30748
-25434
-17383
-7461
3266
13645
22556
29038
32390
32248
28625
21909
12824
2351
-8378
-18204
-26061
-31098
-32765
-30880
-25645
-17625
-7689
3083
13524
22496
29023
32393
32235
28565
21780
12618
2077
-8692
-18516
-26318
-31245
-32755
-30681
-25247
-17046
-6975
3863
14280
23132
29446
32527
32033
28015
20915
11510
836
-9932
-19609
-27125
-31650
-32682
-30103
-24198
-15616
-5304
5596
15880
24407
30232
32705
31550
26894
19250
9465
-1373
-12062
-21411
-28379
-32188
-32412
-29022
-22395
-13267
-2656
8253
18244
26197
31222
32754
30619
25054
16679
6433
-4537
-15001
-23783
-29895
-32648
-31731
-27244
-19690
-9916
976
11762
21224
28293
32170
32415
28997
22301
13080
2378
-8595
-18599
-26497
-31393
-32729
-30352
-24528
-15917
-5494
5554
15974
24578
30386
32734
31352
26395
18425
8351
-2679
-13405
-22602
-29217
-32491
-32046
-27932
-20616
-10936
0
10939
20625
27944
32055
32482
29173
22507
13249
2462
-8610
-18692
-26622
-31481
-32707
-30156
-24119
-15293
-4696
6446
16845
25296
30817
32766
30916
25477
17079
6695
-4468
-15115
-24006
-30106
-32702
-31489
-26606
-18620
-8460
2689
13528
22788
29387
32552
31909
27532
19930
9991
-1120
-12103
-21669
-28693
-32350
-32208
-28280
-21025
-11295
-234
10856
20671
28052
32127
32412
28871
21921
12379
1372
-9799
-19815
-27487
-31906
-32545
-29328
-22632
-13249
-2291
8940
19113
27016
31708
32629
29666
23169
13911
2992
-8285
-18577
-26654
-31549
-32677
-29899
-23544
-14372
-3477
7836
18214
26411
31442
32702
30037
23764
14635
3744
-7598
-18030
-26293
-31393
-32711
-30086
-23833
-14703
-3796
7571
18026
26305
31405
32707
30050
23753
14577
3632
-7754
-18204
-26446
-31479
-32688
-29925
-23522
-14256
-3253
8148
18560
26712
31608
32650
29706
23135
13736
2656
-8751
-19090
-27095
-31785
-32581
-29385
-22585
-13013
-1842
9557
19786
27585
31994
32468
28947
21861
12081
809
-10564
-20637
-28166
-32219
-32293
-28377
-20951
-10932
440
11762
21629
28819
32437
32033
27653
19840
9561
-1907
-13142
-22745
-29519
-32621
-31661
-26755
-18514
-7961
3586
14689
23960
30239
32740
31148
25658
16955
6128
-5469
-16384
-25247
-30944
-32759
-30461
-24336
-15151
-4058
7546
18204
26572
31595
32638
29565
22763
13087
1756
-9798
-20118
-27896
-32148
-32332
-28424
-20915
-10754
771
12203
22088
29171
32552
31797
27001
18769
8148
-3511
-14727
-24069
-30346
-32754
-30984
-25260
-16309
-5272
6439
17331
26008
31359
32696
29845
23169
13521
2137
-9523
-19964
-27843
-32146
-32318
-28334
-20703
-10405
1234
12717
22564
29503
32637
31559
26407
17841
6968
-4807
-15965
-25058
-30909
-32757
-30361
-24028
-14577
-3233
8533
19194
27364
31977
32433
28669
21173
10917
-762
-12345
-22321
-29387
-32619
-31592
-26438
-17828
-6884
4961
16161
25247
31028
32744
30168
23635
13998
2522
-9287
-19879
-27860
-32179
-32265
-28105
-20242
-9711
2101
13640
23382
30040
32733
31103
25362
16267
5018
-6896
-17901
-26537
-31659
-32585
-29190
-21921
-11741
0
11743
21929
29201
32589
31641
26480
17791
6728
-5233
-16499
-25566
-31222
-32709
-29826
-22955
-13013
-1327
10537
20994
28641
32450
31909
27088
18630
7668
-4324
-15739
-25041
-30976
-32744
-30105
-23411
-13561
-1880
10055
20637
28436
32397
31982
27244
18822
7852
-4182
-15653
-25007
-30974
-32743
-30072
-23319
-13400
-1660
10308
20879
28612
32455
31881
26966
18377
7282
-4807
-16245
-25468
-31216
-32702
-29720
-22675
-12528
-664
11292
21705
29147
32596
31576
26225
17274
5950
-6193
-17489
-26383
-31650
-32564
-28995
-21433
-10917
1105
12978
23064
29968
32737
30984
24950
15465
3839
-8320
-19330
-27666
-32170
-32217
-27796
-19519
-8531
3643
15314
24860
30951
32739
29972
23032
12884
938
-11141
-21669
-29176
-32613
-31498
-25982
-16835
-5332
6918
18204
26944
31912
32410
28366
20343
9465
-2743
-14569
-24351
-30713
-32759
-30198
-23387
-13283
-1306
10856
21492
29100
32604
31507
25962
16748
5166
-7147
-18454
-27152
-32008
-32332
-28076
-19840
-8789
3510
15314
24947
31038
32720
29752
22551
12140
0
-12143
-22559
-29762
-32723
-31017
-24884
-15198
-3339
8998
20053
28242
32393
31908
26854
17952
6476
-5930
-17489
-26541
-31785
-32465
-28481
-20402
-9388
2978
14918
24714
30951
32730
29790
22554
12062
-172
-12385
-22811
-29942
-32746
-30813
-24421
-14492
-2462
9926
20879
28806
32556
31581
26021
16679
4912
-7571
-18956
-27585
-32200
-32127
-27374
-18630
-7167
5342
17076
26318
31719
32485
28504
20353
9222
-3259
-15267
-25041
-31147
-32687
-29434
-21861
-11077
1334
13553
23783
30517
32764
30189
23169
12736
423
-11953
-22570
-29860
-32743
-30792
-24293
-14202
-2009
10483
21426
29201
32652
31267
25247
15482
3419
-9153
-20369
-28563
-32514
-31633
-26047
-16586
-4654
7973
19415
27967
32350
31910
26709
17520
5712
-6950
-18577
-27428
-32179
-32116
-27244
-18292
-6597
6088
17864
26962
32015
32263
27666
18910
7310
-5391
-17284
-26579
-31872
-32366
-27983
-19380
-7852
4862
16845
26287
31760
32433
28203
19707
8226
-4501
-16550
-26094
-31684
-32472
-28334
-19895
-8434
4310
16402
26003
31651
32486
28377
19946
8475
-4288
-16402
-26016
-31662
-32478
-28334
-19861
-8351
4437
16550
26133
31717
32445
28203
19638
8060
-4756
-16845
-26351
-31812
-32386
-27983
-19276
-7602
5243
17284
26666
31941
32293
27666
18769
6975
-5898
-17864
-27071
-32095
-32157
-27244
-18113
-6176
6719
18577
27557
32265
31968
26709
17302
5205
-7702
-19415
-28111
-32434
-31710
-26047
-16326
-4058
8843
20369
28719
32588
31368
25247
15179
2736
-10137
-21426
-29364
-32705
-30922
-24293
-13853
-1238
11573
22570
30025
32764
30353
23169
12339
-434
-13142
-23783
-30678
-32739
-29638
-21861
-10632
2276
14829
25041
31296
32604
28754
20353
8727
-4282
-16616
-26318
-31849
-32328
-27676
-18630
-6622
6439
18480
27585
32302
31880
26381
16679
4318
-8734
-20396
-28806
-32620
-31227
-24845
-14492
-1820
11144
22329
29942
32763
30335
23047
12062
-859
-13645
-24243
-30951
-32688
-29173
-20967
-9388
3703
16202
26094
31785
32354
27709
18593
6476
-6688
-18775
-27832
-32393
-31718
-25913
-15915
-3339
9779
21317
29402
32723
30737
23764
12933
0
-12935
-23772
-30745
-32720
-29372
-21243
-9654
3510
16105
26077
31798
32332
27590
18342
6096
-7147
-19226
-28162
-32493
-31507
-25362
-15061
-2291
10856
22227
29953
32765
30198
22670
11416
-1716
-14569
-25028
-31370
-32548
-28366
-19509
-7435
5867
18204
27539
32330
31782
25982
15887
3163
-10086
-21669
-29667
-32753
-30413
-23032
-11831
1334
14281
24860
31312
32563
28403
19519
7387
-5976
-18347
-27666
-32377
-31693
-25725
-15465
-2622
10659
22164
29968
32766
30086
22374
10917
-2369
-15261
-25599
-31650
-32396
-27709
-18372
-5950
7473
19643
28516
32596
31195
24546
13765
664
-12550
-23653
-30771
-32702
-29116
-20616
-8634
4807
17440
27128
32230
31881
26137
15968
3092
-10308
-21966
-29901
-32766
-30072
-22272
-10689
2711
15653
25937
31812
32275
27244
17574
4908
-8595
-20637
-29162
-32712
-30681
-23411
-12140
1206
14349
25041
31451
32480
27948
18630
6117
-7445
-19735
-28641
-32634
-31026
-24089
-13013
301
13567
24501
31222
32570
28309
19172
6728
-6876
-19298
-28393
-32589
-31159
-24347
-13326
0
13328
24354
31166
32585
28360
19220
6748
-6896
-19347
-28443
-32604
-31103
-24198
-13087
301
13640
24608
31294
32533
28105
18778
6176
-7504
-19879
-28786
-32669
-30847
-23635
-12290
1206
14493
25247
31583
32389
27520
17828
5008
-8692
-20870
-29387
-32745
-30352
-22624
-10917
2711
15865
26229
31977
32094
26556
16335
3233
-10442
-22277
-30182
-32757
-29546
-21112
-8944
4807
17712
27483
32390
31559
25136
14256
845
-12717
-24026
-31070
-32598
-28334
-19032
-6345
7473
19964
28903
32697
30666
23169
11540
-2148
-15456
-26008
-31918
-32127
-26596
-16309
-3103
10659
22517
30346
32741
29270
20553
8148
-5719
-18563
-28078
-32552
-31179
-24202
-12874
771
14281
25223
31625
32332
27214
17189
4062
-9798
-21894
-30040
-32762
-29565
-21025
-8682
5233
18204
27882
32514
31257
24336
13002
-691
-14262
-25247
-31650
-32307
-27094
-16955
-3732
10171
22227
30239
32747
29289
20494
7961
-6025
-18915
-28356
-32621
-30929
-23586
-11931
1907
15400
26077
31982
32033
26215
15592
2109
-11762
-23479
-30889
-32629
-28377
-18910
-5966
8077
20637
29402
32756
30080
21861
9613
-4409
-17621
-27585
-32459
-31342
-24435
-13013
816
14497
25499
31785
32188
26631
16140
2656
-11322
-23203
-30782
-32650
-28456
-18976
-5969
8148
20755
29503
32763
29925
21514
9095
-5021
-18204
-27995
-32564
-31058
-23753
-12011
1977
15598
26305
32095
31880
25698
14703
952
-12978
-24480
-31393
-32418
-27360
-17165
-3744
10381
22559
30497
32702
28754
19394
6380
-7836
-20580
-29446
-32762
-29899
-21393
-8847
5370
18577
28275
32630
30814
23169
11138
-3003
-16579
-27016
-32334
-31523
-24733
-13249
751
14612
25700
31906
32048
26096
15179
1372
-12698
-24354
-31371
-32412
-27273
-16932
-3359
10856
23003
30758
32638
28280
18514
5205
-9101
-21669
-30089
-32747
-29131
-19930
-6905
7445
20371
29387
32762
29844
21189
8460
-5898
-19125
-28673
-32702
-30433
-22301
-9868
4468
17946
27963
32585
30916
23274
11134
-3159
-16845
-27275
-32428
-31305
-24119
-12260
1977
15833
26622
32247
31615
24845
13249
-923
-14918
-26016
-32055
-31858
-25461
-14105
0
14107
25468
31864
32046
25975
14832
792
-13405
-24986
-31684
-32188
-26395
-15435
-1452
12817
24578
31525
32292
26727
15917
1981
-12345
-24250
-31393
-32366
-26976
-16280
-2378
11993
24006
31293
32415
27148
16527
2644
-11762
-23850
-31230
-32442
-27244
-16660
-2779
11653
23783
31206
32451
27267
16679
2783
-11667
-23806
-31222
-32441
-27217
-16586
-2656
11803
23919
31277
32412
27094
16378
2398
-12062
-24120
-31370
-32361
-26894
-16056
-2009
12441
24407
31496
32285
26615
15616
1488
-12939
-24777
-31650
-32178
-26251
-15055
-836
13553
25223
31826
32033
25797
14372
52
-14280
-25739
-32015
-31841
-25247
-13561
863
15115
26318
32208
31592
24592
12618
-1908
-16052
-26950
-32393
-31276
-23823
-11540
3083
17085
27622
32556
30880
22932
10324
-4384
-18204
-28323
-32682
-30389
-21909
-8965
5807
19399
29038
32755
29790
20744
7461
-7347
-20658
-29748
-32757
-29067
-19428
-5811
8997
21966
30436
32669
28203
17952
4016
-10746
-23305
-31079
-32468
-27184
-16309
-2077
12583
24657
31656
32135
25992
14491
0
-14493
-25999
-32139
-31644
-24613
-12494
2208
16457
27304
32503
30975
23032
10317
-4537
-18454
-28547
-32719
-30103
-21238
-7961
6971
20458
29694
32757
29007
19220
5431
-9491
-22439
-30713
-32587
-27666
-16973
-2736
12073
24364
31568
32177
26060
14492
-108
-14689
-26197
-32222
-31498
-24174
-11781
3083
17304
27896
32634
30520
21996
8847
-6162
-19879
-29416
-32766
-29219
-19519
-5706
9311
22368
30711
32578
27570
16743
2378
-12491
-24723
-31732
-32033
-25558
-13674
1105
15653
26888
32428
31095
23169
10328
-4707
-18745
-28806
-32750
-29736
-20402
-6728
8378
21705
30414
32650
27932
17262
2911
-12062
-24465
-31651
-32083
-25665
-13765
1077
15692
26955
32455
31012
22932
9941
-5180
-19194
-29098
-32765
-29406
-19738
-5832
9326
22486
30817
32526
27244
16102
1495
-13436
-25478
-32035
-31693
-24521
-12062
2999
17416
28078
32680
30226
21243
7668
-7565
-21167
-30192
-32685
-28105
-17438
-2992
12103
24578
31727
31995
25321
13150
-1876
-16499
-27539
-32596
-30567
-21889
-8448
6833
20630
29936
32722
28377
17845
3419
-11753
-24364
-31659
-32040
-25423
-13249
1823
16499
27568
32607
30508
21729
8189
-7147
-20920
-30108
-32693
-28105
-17347
-2779
12401
24860
31856
31850
24838
12360
-2839
-17416
-28160
-32702
-30037
-20749
-6884
8501
22013
30668
32552
27244
15915
1066
-14020
-26008
-32243
-31342
-23500
-10451
4915
19194
29220
32766
29042
18871
4509
-10856
-23813
-31479
-32147
-25665
-13473
1720
16533
27666
32637
30335
21271
7461
-8015
-21705
-30552
-32578
-27327
-15968
-1038
14125
26133
32294
31228
23169
9920
-5554
-19786
-29584
-32748
-28565
-17970
-3339
12043
24723
31849
31816
24627
11897
-3511
-18132
-28673
-32755
-29458
-19519
-5177
10334
23516
31393
32182
25702
13414
-1907
-16800
-27896
-32682
-30072
-20653
-6555
9029
22570
30997
32395
26445
14492
-751
-15827
-27310
-32589
-30461
-21406
-7481
8148
21926
30713
32507
26894
15151
-48
-15238
-26955
-32522
-30664
-21804
-7961
7702
21608
30575
32549
27076
15403
202
-15047
-26852
-32503
-30703
-21861
-8002
7696
21629
30598
32538
27001
15255
0
-15257
-27007
-32541
-30582
-21579
-7602
8129
21989
30779
32468
26664
14703
-655
-15865
-27411
-32621
-30288
-20948
-6758
8997
22672
31098
32318
26047
13736
-1763
-16855
-28038
-32713
-29790
-19946
-5464
10289
23653
31516
32046
25116
12336
-3319
-18204
-28847
-32766
-29042
-18541
-3711
11987
24889
31977
31593
23823
10480
-5316
-19871
-29777
-32711
-27983
-16697
-1495
14059
26318
32404
30885
22114
8148
-7733
-21801
-30745
-32460
-26539
-14372
1180
16457
27860
32699
29832
19930
5325
-10537
-23916
-31650
-31910
-24631
-11530
4298
19113
29409
32747
28334
17210
2009
-13670
-26112
-32365
-30942
-22178
-8148
7817
21929
30833
32412
26285
13907
-1780
-17047
-28259
-32743
-29429
-19103
-4222
11667
24777
31977
31548
23586
9991
-5992
-20546
-30192
-32619
-27244
-15350
219
15739
27492
32660
30001
20149
5464
-10533
-24006
-31719
-31816
-24270
-10892
5106
19879
29873
32681
27625
15917
373
-15261
-27221
-32621
-30156
-20416
-5748
10308
23879
31684
31836
24293
10875
-5173
-19973
-29942
-32665
-27477
-15633
0
15636
27483
32666
29925
19920
5078
-10999
-24407
-31886
-31615
-23656
-9941
6193
20824
30386
32549
26782
14487
-1341
-16845
-28242
-32749
-29262
-18630
-3445
12583
25539
32252
31078
22301
8064
-8148
-22368
-31111
-32231
-25451
-12429
3643
18824
29387
32737
28047
16465
836
-15001
-27152
-32625
-30072
-20115
-5205
10989
24479
31937
31523
23335
9388
-6876
-21447
-30723
-32412
-26092
-13322
2743
18132
29038
32759
28371
16955
1338
-14612
-26944
-32596
-30164
-20247
-5304
10958
24501
31960
31477
23169
9099
-7236
-21774
-30894
-32323
-25702
-12676
3510
18824
29446
32724
27837
16000
166
-15711
-27666
-32707
-29572
-19041
-3744
12491
25602
32304
30916
21780
7184
-9215
-23305
-31551
-31880
-24205
-10451
5930
20824
30486
32483
26311
13518
-2679
-18204
-29147
-32749
-28098
-16364
-502
15488
27574
32702
29574
18976
3583
-12717
-25806
-32371
-30748
-21345
-6538
9926
23879
31785
31636
23467
9346
-7147
-21830
-30974
-32254
-25342
-11991
4409
19692
29968
32623
26976
14462
-1736
-17495
-28798
-32764
-28377
-16752
-852
15267
27492
32699
29554
18857
3339
-13034
-26077
-32450
-30520
-20777
-5712
10817
24578
32042
31291
22515
7961
-8637
-23021
-31496
-31881
-24075
-10079
6509
21426
30833
32307
25463
12062
-4448
-19815
-30076
-32585
-26689
-13907
2465
18204
29244
32732
27762
15616
-569
-16610
-28356
-32765
-28692
-17189
-1231
15047
27428
32699
29490
18630
2932
-13528
-26478
-32552
-30168
-19943
-4530
12062
25519
32337
30737
21133
6022
-10659
-24565
-32068
-31208
-22206
-7407
9326
23628
31760
31593
23169
8686
-8070
-22719
-31423
-31903
-24028
-9858
6896
21846
31070
32147
24790
10926
-5807
-21019
-30711
-32336
-25461
-11891
4807
20244
30356
32478
26047
12755
-3899
-19528
-30012
-32581
-26556
-13521
3083
18877
29687
32654
26991
14192
-2362
-18294
-29387
-32703
-27360
-14769
1736
17784
29119
32734
27666
15255
-1206
-17349
-28887
-32752
-27913
-15652
771
16993
28695
32761
28105
15962
-434
-16717
-28547
-32765
-28244
-16186
193
16523
28443
32766
28334
16326
-48
-16412
-28387
-32766
-28374
-16382
0
0
0
0
0
0
0
0
0
0
0
0
0
0
0
0
0
0
0
0
0
0
0
0
0
0
0
0
0
0
0
0
0
0
0
0
0
0
0
0
0
0
0
0
0
0
0
0
0
0
0
0
0
0
0
0
0
0
0
0
0
0
0
0
0
0
0
0
0
0
0
0
0
0
0
0
0
0
0
0
0
0
0
0
0
0
0
0
0
0
0
0
0
0
0
0
0
0
0
0
0
0
0
0
0
0
0
0
0
0
0
0
0
0
0
0
0
0
0
0
0
0
0
0
0
0
0
0
0
0
0
0
0
0
0
0
0
0
0
0
0
0
0
0
0
0
0
0
0
0
0
0
0
0
0
0
0
0
0
0
0
0
0
0
0
0
0
0
0
0
0
0
0
0
0
0
0
0
0
0
0
0
0
0
0
0
0
0
0
0
0
0
0
0
0
0
0
0
0
0
0
0
0
0
0
0
0
0
0
0
0
0
0
0
0
0
0
0
0
0
0
0
0
0
0
0
0
0
0
0
0
0
0
0
0
0
0
0
0
0
0
0
0
0
0
0
0
0
0
0
0
0
0
0
0
0
0
0
0
0
0
0
0
0
0
0
0
0
0
0
0
0
0
0
0
0
0
0
0
0
0
0
0
0
0
0
0
0
0
0
0
0
0
0
0
0
0
0
0
0
0
0
0
0
0
0
0
0
0
0
0
0
0
0
0
0
0
0
0
0
0
0
0
0
0
0
0
0
0
0
0
0
0
0
0
0
0
0
0
0
0
0
0
0
0
0
0
0
0
0
0
0
0
0
0
0
0
0
0
0
0
0
0
0
0
0
0
0
0
0
0
0
0
0
0
0
0
0
0
0
0
0
0
0
0
0
0
0
0
0
0
0
0
0
0
0
0
0
0
0
0
0
0
0
0
0
0
0
0
0
0
0
0
0
0
0
0
0
0
0
0
0
0
0
0
0
0
0
0
0
0
0
0
0
0
0
0
0
0
0
0
0
0
0
0
0
0
0
0
0
0
0
0
0
0
0
0
0
0
0
0
0
0
0
0
0
0
0
0
0
0
0
0
0
0
0
0
0
0
0
0
0
0
0
0
0
0
0
0
0
0
0
0
0
0
0
0
0
0
0
0
0
0
0
0
0
0
0
0
0
0
0
0
0
0
0
0
0
0
0
0
0
0
0
0
0
0
0
0
0
0
0
0
0
0
0
0
0
0
0
0
0
0
0
0
0
0
0
0
0
0
0
0
0
0
0
0
0
0
0
0
0
0
0
0
0
0
0
0
0
0
0
0
0
0
0
0
0
0
0
0
0
0
0
0
0
0
0
0
0
0
0
0
0
0
0
0
0
0
0
0
0
0
0
0
0
0
0
0
0
0
0
0
0
0
0
0
0
0
0
0
0
0
0
0
0
0
0
0
0
0
0
0
0
0
0
0
0
0
0
0
0
0
0
0
0
0
0
0
0
0
0
0
0
0
0
0
0
0
0
0
0
0
0
0
0
0
0
0
0
0
0
0
0
0
0
0
0
0
0
0
0
0
0
0
0
0
0
0
0
0
0
0
0
0
0
0
0
0
0
0
0
0
0
0
0
0
0
0
0
0
0
0
0
0
0
0
0
0
0
0
0
0
0
0
0
0
0
0
0
0
0
0
0
0
0
0
0
0
0
0
0
0
0
0
0
0
0
0
0
0
0
0
0
0
0
0
0
0
0
0
0
0
0
0
0
0
0
0
0
0
0
0
0
0
0
0
0
0
0
0
0
0
0
0
0
0
0
0
0
0
0
0
0
0
0
0
0
0
0
0
0
0
0
0
0
0
0
0
0
0
0
0
0
0
0
0
0
0
0
0
0
0
0
0
0
0
0
0
0
0
0
0
0
0
0
0
0
0
0
0
0
0
0
0
0
0
0
0
0
0
0
0
0
0
0
0
0
0
0
0
0
0
0
0
0
0
0
0
0
0
0
0
0
0
0
0
0
0
0
0
0
0
0
0
0
0
0
0
0
0
0
0
0
0
0
0
0
0
0
0
0
0
0
0
0
0
0
0
0
0
0
0
0
0
0
0
0
0
0
0
0
0
0
0
0
0
0
0
0
0
0
0
0
0
0
0
0
0
0
0
0
0
0
0
0
0
0
0
0
0
0
0
0
0
0
0
0
0
0
4964
4792
4265
3360
2064
410
-1494
-3465
-5242
-6535
-7073
-6670
-5280
-3022
-181
2826
5531
7486
8355
7982
6419
3922
900
-2157
-4775
-6570
-7320
-6987
-5712
-3771
-1515
702
2582
3923
4636
4737
4316
3510
2463
1304
140
-947
-1891
-2632
-3111
-3278
-3102
-2585
-1777
-779
269
1211
1905
2255
2236
1903
1378
819
377
154
172
360
577
643
403
-223
-1199
-2362
-3447
-4141
-4165
-3353
-1712
551
3055
5308
6813
7182
6234
4053
992
-2384
-5418
-7492
-8166
-7283
-5011
-1812
1646
4647
6568
7031
5982
3705
754
-2172
-4395
-5413
-5015
-3333
-806
1922
4163
5342
5142
3578
999
-1993
-4689
-6436
-6792
-5635
-3192
13
3281
5896
7292
7183
5622
2986
-120
-3007
-5062
-5888
-5393
-3794
-1559
716
2465
3279
3013
1814
73
-1672
-2887
-3171
-2369
-613
1698
4001
5693
6283
5514
3432
385
-3047
-6177
-8356
-9112
-8256
-5911
-2494
1380
5028
7824
9323
9333
7930
5423
2276
-992
-3905
-6100
-7369
-7663
-7062
-5735
-3888
-1732
536
2734
4689
6223
7158
7333
6634
5037
2645
-294
-3404
-6213
-8242
-9091
-8530
-6563
-3456
297
4056
7149
9003
9268
7889
5126
1510
-2262
-5474
-7524
-8053
-7016
-4684
-1579
1637
4310
5924
6210
5193
3168
631
-1843
-3731
-4667
-4520
-3405
-1647
312
2019
3112
3399
2894
1795
427
-846
-1719
-2008
-1699
-938
16
862
1338
1292
724
-217
-1272
-2134
-2531
-2298
-1420
-46
1541
2995
3971
4219
3635
2293
428
-1605
-3414
-4644
-5054
-4566
-3279
-1442
595
2456
3815
4452
4299
3436
2072
491
-1002
-2152
-2789
-2859
-2421
-1627
-678
217
889
1234
1229
927
439
-94
-542
-799
-812
-584
-169
344
852
1255
1475
1471
1236
800
222
-426
-1065
-1619
-2023
-2229
-2203
-1932
-1425
-710
160
1110
2043
2846
3405
3612
3389
2705
1587
128
-1508
-3115
-4456
-5306
-5486
-4904
-3574
-1632
678
3032
5074
6470
6970
6455
4964
2697
-10
-2742
-5067
-6614
-7138
-6564
-5002
-2729
-138
2334
4287
5423
5606
4877
3441
1617
-223
-1740
-2686
-2952
-2584
-1762
-751
162
739
843
469
-252
-1096
-1789
-2085
-1824
-977
339
1881
3324
4334
4638
4092
2716
703
-1612
-3816
-5492
-6301
-6055
-4754
-2594
66
2768
5037
6469
6805
5979
4133
1588
-1207
-3766
-5640
-6506
-6222
-4850
-2644
-4
2596
4692
5916
6057
5098
3223
777
-1794
-4023
-5510
-5988
-5377
-3795
-1533
992
3326
5049
5860
5628
4415
2459
129
-2151
-3979
-5053
-5220
-4501
-3081
-1259
610
2196
3246
3638
3388
2636
1601
529
-366
-951
-1187
-1131
-909
-669
-537
-578
-780
-1056
-1274
-1298
-1031
-453
365
1275
2076
2572
2620
2173
1300
174
-961
-1853
-2299
-2203
-1601
-663
351
1154
1505
1276
496
-645
-1839
-2722
-2975
-2405
-1013
988
3205
5136
6286
6280
4963
2455
-851
-4358
-7373
-9256
-9553
-8107
-5100
-1036
3359
7272
9963
10922
9963
7272
3359
-1036
-5100
-8107
-9553
-9256
-7373
-4358
-851
2455
4963
6280
6286
5136
3205
988
-1013
-2405
-2975
-2722
-1839
-645
496
1276
1505
1154
351
-663
-1601
-2203
-2299
-1853
-961
174
1300
2173
2620
2572
2076
1275
365
-453
-1031
-1298
-1274
-1056
-780
-578
-537
-669
-909
-1131
-1187
-951
-366
529
1601
2636
3388
3638
3246
2196
610
-1259
-3081
-4501
-5220
-5053
-3979
-2151
129
2459
4415
5628
5860
5049
3326
992
-1533
-3795
-5377
-5988
-5510
-4023
-1794
777
3223
5098
6057
5916
4692
2596
-4
-2644
-4850
-6222
-6506
-5640
-3766
-1207
1588
4133
5979
6805
6469
5037
2768
66
-2594
-4754
-6055
-6301
-5492
-3816
-1612
703
2716
4092
4638
4334
3324
1881
339
-977
-1824
-2085
-1789
-1096
-252
469
843
739
162
-751
-1762
-2584
-2952
-2686
-1740
-223
1617
3441
4877
5606
5423
4287
2334
-138
-2729
-5002
-6564
-7138
-6614
-5067
-2742
-10
2697
4964
6455
6970
6470
5074
3032
678
-1632
-3574
-4904
-5486
-5306
-4456
-3115
-1508
128
1587
2705
3389
3612
3405
2846
2043
1110
160
-710
-1425
-1932
-2203
-2229
-2023
-1619
-1065
-426
222
800
1236
1471
1475
1255
852
344
-169
-584
-812
-799
-542
-94
439
927
1229
1234
889
217
-678
-1627
-2421
-2859
-2789
-2152
-1002
491
2072
3436
4299
4452
3815
2456
595
-1442
-3279
-4566
-5054
-4644
-3414
-1605
428
2293
3635
4219
3971
2995
1541
-46
-1420
-2298
-2531
-2134
-1272
-217
724
1292
1338
862
16
-938
-1699
-2008
-1719
-846
427
1795
2894
3399
3112
2019
312
-1647
-3405
-4520
-4667
-3731
-1843
631
3168
5193
6210
5924
4310
1637
-1579
-4684
-7016
-8053
-7524
-5474
-2262
1510
5126
7889
9268
9003
7149
4056
297
-3456
-6563
-8530
-9091
-8242
-6213
-3404
-294
2645
5037
6634
7333
7158
6223
4689
2734
536
-1732
-3888
-5735
-7062
-7663
-7369
-6100
-3905
-992
2276
5423
7930
9333
9323
7824
5028
1380
-2494
-5911
-8256
-9112
-8356
-6177
-3047
385
3432
5514
6283
5693
4001
1698
-613
-2369
-3171
-2887
-1672
73
1814
3013
3279
2465
716
-1559
-3794
-5393
-5888
-5062
-3007
-120
2986
5622
7183
7292
5896
3281
13
-3192
-5635
-6792
-6436
-4689
-1993
999
3578
5142
5342
4163
1922
-806
-3333
-5015
-5413
-4395
-2172
754
3705
5982
7031
6568
4647
1646
-1812
-5011
-7283
-8166
-7492
-5418
-2384
992
4053
6234
7182
6813
5308
3055
551
-1712
-3353
-4165
-4141
-3447
-2362
-1199
-223
403
643
577
360
172
154
377
819
1378
1903
2236
2255
1905
1211
269
-779
-1777
-2585
-3102
-3278
-3111
-2632
-1891
-947
140
1304
2463
3510
4316
4737
4636
3923
2582
702
-1515
-3771
-5712
-6987
-7320
-6570
-4775
-2157
900
3922
6419
7982
8355
7486
5531
2826
-181
-3022
-5280
-6670
-7073
-6535
-5242
-3465
-1494
410
2064
3360
4265
4792
0
0
0
0
0
0
0
0
0
0
0
0
0
0
0
0
0
0
0
0
0
0
0
0
0
0
0
0
0
0
0
0
0
0
0
0
0
0
0
0
0
0
0
0
0
0
0
0
0
0
0
0
0
0
0
0
0
0
0
0
0
0
0
0
0
0
0
-2978
-2518
-1251
510
2324
3724
4324
3914
2509
351
-2134
-4437
-6059
-6630
-5982
-4190
-1555
1454
4298
6465
7576
7449
6128
3866
1066
-1796
-4265
-5983
-6740
-6503
-5396
-3664
-1616
434
2221
3557
4353
4602
4371
3760
2888
1860
767
-323
-1360
-2296
-3083
-3663
-3979
-3971
-3596
-2841
-1728
-327
1241
2821
4227
5267
5771
5613
4737
3181
1078
-1342
-3776
-5881
-7325
-7838
-7267
-5613
-3050
87
3344
6215
8222
9009
8408
6482
3525
21
-3439
-6268
-7983
-8305
-7214
-4951
-1974
1137
3794
5516
6031
5322
3626
1375
-902
-2698
-3637
-3554
-2528
-856
1021
2624
3544
3540
2590
897
-1163
-3130
-4559
-5125
-4693
-3339
-1330
937
3036
4590
5355
5255
4383
2963
1283
-371
-1783
-2829
-3489
-3813
-3881
-3756
-3449
-2916
-2079
-866
730
2614
4566
6261
7323
7413
6314
4015
748
-3021
-6663
-9496
-10925
-10573
-8380
-4636
52
4867
8935
11496
12062
10517
7145
2579
-2325
-6661
-9647
-10781
-9929
-7346
-3606
522
4240
6874
8011
7557
5737
3028
40
-2617
-4461
-5223
-4876
-3626
-1833
72
1698
2758
3125
2835
2051
1012
-32
-881
-1412
-1599
-1490
-1185
-792
-403
-72
184
377
527
647
731
757
697
537
285
-14
-292
-471
-490
-330
-28
319
581
626
361
-225
-1043
-1908
-2575
-2793
-2376
-1264
437
2456
4392
5797
6273
5570
3665
792
-2581
-5836
-8321
-9484
-9005
-6867
-3384
852
5082
8525
10538
10745
9113
5957
1875
-2377
-6040
-8498
-9395
-8694
-6658
-3779
-657
2131
4150
5178
5228
4515
3368
2141
1113
427
73
-86
-257
-625
-1290
-2217
-3234
-4070
-4430
-4081
-2925
-1053
1259
3601
5506
6562
6506
5294
3119
379
-2405
-4703
-6084
-6310
-5385
-3545
-1203
1144
3035
4133
4297
3597
2285
724
-709
-1708
-2108
-1908
-1260
-412
362
845
925
622
74
-508
-913
-985
-678
-71
654
1266
1547
1361
701
-297
-1388
-2270
-2667
-2404
-1463
0
1680
3190
4149
4279
3475
1843
-314
-2560
-4415
-5467
-5466
-4383
-2423
18
2442
4354
5372
5314
4231
2393
224
-1796
-3248
-3856
-3557
-2499
-1002
522
1682
2189
1940
1030
-268
-1577
-2507
-2760
-2204
-911
853
2687
4149
4857
4583
3313
1256
-1196
-3555
-5334
-6157
-5842
-4441
-2228
359
2815
4669
5586
5431
4293
2458
340
-1613
-3017
-3630
-3402
-2472
-1128
263
1351
1877
1734
993
-124
-1299
-2192
-2531
-2173
-1147
354
2008
3439
4300
4352
3523
1929
-145
-2307
-4129
-5244
-5420
-4611
-2968
-807
1452
3381
4616
4945
4340
2964
1130
-766
-2333
-3265
-3404
-2772
-1559
-80
1300
2250
2543
2110
1054
-371
-1824
-2942
-3434
-3140
-2074
-424
1486
3264
4527
4989
4517
3168
1172
-1106
-3245
-4846
-5612
-5409
-4284
-2453
-260
1897
3646
4703
4925
4330
3078
1437
-279
-1774
-2818
-3286
-3170
-2566
-1642
-600
369
1119
1562
1681
1515
1141
652
138
-325
-687
-915
-992
-915
-687
-325
138
652
1141
1515
1681
1562
1119
369
-600
-1642
-2566
-3170
-3286
-2818
-1774
-279
1437
3078
4330
4925
4703
3646
1897
-260
-2453
-4284
-5409
-5612
-4846
-3245
-1106
1172
3168
4517
4989
4527
3264
1486
-424
-2074
-3140
-3434
-2942
-1824
-371
1054
2110
2543
2250
1300
-80
-1559
-2772
-3404
-3265
-2333
-766
1130
2964
4340
4945
4616
3381
1452
-807
-2968
-4611
-5420
-5244
-4129
-2307
-145
1929
3523
4352
4300
3439
2008
354
-1147
-2173
-2531
-2192
-1299
-124
993
1734
1877
1351
263
-1128
-2472
-3402
-3630
-3017
-1613
340
2458
4293
5431
5586
4669
2815
359
-2228
-4441
-5842
-6157
-5334
-3555
-1196
1256
3313
4583
4857
4149
2687
853
-911
-2204
-2760
-2507
-1577
-268
1030
1940
2189
1682
522
-1002
-2499
-3557
-3856
-3248
-1796
224
2393
4231
5314
5372
4354
2442
18
-2423
-4383
-5466
-5467
-4415
-2560
-314
1843
3475
4279
4149
3190
1680
0
-1463
-2404
-2667
-2270
-1388
-297
701
1361
1547
1266
654
-71
-678
-985
-913
-508
74
622
925
845
362
-412
-1260
-1908
-2108
-1708
-709
724
2285
3597
4297
4133
3035
1144
-1203
-3545
-5385
-6310
-6084
-4703
-2405
379
3119
5294
6506
6562
5506
3601
1259
-1053
-2925
-4081
-4430
-4070
-3234
-2217
-1290
-625
-257
-86
73
427
1113
2141
3368
4515
5228
5178
4150
2131
-657
-3779
-6658
-8694
-9395
-8498
-6040
-2377
1875
5957
9113
10745
10538
8525
5082
852
-3384
-6867
-9005
-9484
-8321
-5836
-2581
792
3665
5570
6273
5797
4392
2456
437
-1264
-2376
-2793
-2575
-1908
-1043
-225
361
626
581
319
-28
-330
-490
-471
-292
-14
285
537
697
757
731
647
527
377
184
-72
-403
-792
-1185
-1490
-1599
-1412
-881
-32
1012
2051
2835
3125
2758
1698
72
-1833
-3626
-4876
-5223
-4461
-2617
40
3028
5737
7557
8011
6874
4240
522
-3606
-7346
-9929
-10781
-9647
-6661
-2325
2579
7145
10517
12062
11496
8935
4867
52
-4636
-8380
-10573
-10925
-9496
-6663
-3021
748
4015
6314
7413
7323
6261
4566
2614
730
-866
-2079
-2916
-3449
-3756
-3881
-3813
-3489
-2829
-1783
-371
1283
2963
4383
5255
5355
4590
3036
937
-1330
-3339
-4693
-5125
-4559
-3130
-1163
897
2590
3540
3544
2624
1021
-856
-2528
-3554
-3637
-2698
-902
1375
3626
5322
6031
5516
3794
1137
-1974
-4951
-7214
-8305
-7983
-6268
-3439
21
3525
6482
8408
9009
8222
6215
3344
87
-3050
-5613
-7267
-7838
-7325
-5881
-3776
-1342
1078
3181
4737
5613
5771
5267
4227
2821
1241
-327
-1728
-2841
-3596
-3971
-3979
-3663
-3083
-2296
-1360
-323
767
1860
2888
3760
4371
4602
4353
3557
2221
434
-1616
-3664
-5396
-6503
-6740
-5983
-4265
-1796
1066
3866
6128
7449
7576
6465
4298
1454
-1555
-4190
-5982
-6630
-6059
-4437
-2134
351
2509
3914
4324
3724
2324
510
-1251
-2518
0
0
0
0
0
0
0
0
0
0
0
0
0
0
0
0
0
0
0
0
0
0
0
0
0
0
0
0
0
0
0
0
0
0
0
0
0
0
0
0
0
0
0
0
0
0
0
0
0
0
0
0
0
0
0
0
0
0
0
0
0
0
0
0
0
0
0
-2978
-2687
-1870
-687
633
1836
2694
3048
2835
2101
986
-302
-1537
-2506
-3051
-3095
-2644
-1785
-660
554
1681
2564
3090
3194
2865
2144
1117
-92
-1337
-2458
-3296
-3718
-3633
-3013
-1907
-442
1182
2722
3921
4559
4490
3684
2236
363
-1629
-3400
-4632
-5093
-4688
-3479
-1674
402
2378
3902
4710
4678
3842
2389
610
-1153
-2588
-3464
-3677
-3259
-2360
-1206
-42
922
1555
1821
1774
1531
1226
968
811
738
671
504
142
-458
-1258
-2136
-2899
-3331
-3245
-2538
-1231
516
2427
4151
5335
5696
5093
3560
1312
-1283
-3782
-5738
-6796
-6758
-5622
-3582
-993
1705
4066
5721
6440
6169
5022
3249
1178
-853
-2561
-3754
-4356
-4397
-3984
-3261
-2369
-1415
-461
473
1390
2285
3124
3831
4289
4366
3943
2958
1435
-494
-2598
-4573
-6090
-6858
-6680
-5503
-3439
-755
2159
4861
6919
7998
7912
6660
4430
1562
-1500
-4292
-6400
-7526
-7537
-6476
-4547
-2077
541
2923
4741
5780
5957
5323
4042
2357
538
-1155
-2516
-3412
-3793
-3688
-3183
-2401
-1473
-522
356
1097
1663
2040
2228
2233
2063
1729
1248
647
-32
-730
-1377
-1893
-2209
-2272
-2062
-1593
-920
-128
677
1390
1914
2184
2170
1882
1366
696
-38
-749
-1353
-1783
-1995
-1967
-1701
-1220
-571
176
938
1614
2101
2310
2178
1689
883
-134
-1210
-2153
-2777
-2932
-2542
-1633
-339
1112
2440
3361
3650
3197
2043
380
-1471
-3126
-4212
-4452
-3736
-2155
0
2296
4237
5374
5405
4255
2103
-639
-3412
-5614
-6739
-6487
-4847
-2102
1209
4412
6828
7925
7436
5426
2280
-1369
-4780
-7253
-8283
-7673
-5567
-2423
1091
4249
6420
7206
6521
4601
1939
-839
-3121
-4450
-4621
-3722
-2093
-234
1330
2189
2145
1264
-146
-1623
-2671
-2904
-2150
-510
1652
3804
5360
5844
5010
2924
-38
-3262
-6035
-7704
-7843
-6353
-3504
120
3747
6588
8020
7728
5786
2642
-983
-4258
-6435
-7020
-5891
-3330
44
3415
5957
7032
6335
3977
458
-3435
-6808
-8855
-9045
-7244
-3747
775
5422
9245
11451
11565
9525
5690
763
-4354
-8741
-11633
-12561
-11423
-8485
-4305
378
4799
8291
10392
10898
9868
7577
4448
965
-2397
-5244
-7285
-8354
-8401
-7482
-5739
-3386
-692
2034
4474
6326
7344
7381
6418
4585
2150
-511
-2980
-4863
-5867
-5859
-4894
-3207
-1161
820
2352
3162
3151
2409
1194
-140
-1223
-1763
-1611
-804
447
1813
2918
3438
3178
2125
454
-1507
-3356
-4698
-5240
-4854
-3602
-1722
426
2443
3974
4777
4770
4032
2773
1276
-169
-1333
-2082
-2394
-2345
-2069
-1711
-1383
-1139
-966
-802
-564
-187
344
990
1652
2201
2512
2500
2144
1497
671
-185
-935
-1476
-1770
-1845
-1777
-1661
-1571
-1529
-1497
-1379
-1057
-433
524
1748
3064
4214
4909
4896
4033
2342
26
-2547
-4915
-6609
-7255
-6668
-4902
-2250
803
3683
5838
6865
6592
5120
2798
145
-2266
-3937
-4556
-4065
-2665
-767
1112
2480
2978
2480
1112
-767
-2665
-4065
-4556
-3937
-2266
145
2798
5120
6592
6865
5838
3683
803
-2250
-4902
-6668
-7255
-6609
-4915
-2547
26
2342
4033
4896
4909
4214
3064
1748
524
-433
-1057
-1379
-1497
-1529
-1571
-1661
-1777
-1845
-1770
-1476
-935
-185
671
1497
2144
2500
2512
2201
1652
990
344
-187
-564
-802
-966
-1139
-1383
-1711
-2069
-2345
-2394
-2082
-1333
-169
1276
2773
4032
4770
4777
3974
2443
426
-1722
-3602
-4854
-5240
-4698
-3356
-1507
454
2125
3178
3438
2918
1813
447
-804
-1611
-1763
-1223
-140
1194
2409
3151
3162
2352
820
-1161
-3207
-4894
-5859
-5867
-4863
-2980
-511
2150
4585
6418
7381
7344
6326
4474
2034
-692
-3386
-5739
-7482
-8401
-8354
-7285
-5244
-2397
965
4448
7577
9868
10898
10392
8291
4799
378
-4305
-8485
-11423
-12561
-11633
-8741
-4354
763
5690
9525
11565
11451
9245
5422
775
-3747
-7244
-9045
-8855
-6808
-3435
458
3977
6335
7032
5957
3415
44
-3330
-5891
-7020
-6435
-4258
-983
2642
5786
7728
8020
6588
3747
120
-3504
-6353
-7843
-7704
-6035
-3262
-38
2924
5010
5844
5360
3804
1652
-510
-2150
-2904
-2671
-1623
-146
1264
2145
2189
1330
-234
-2093
-3722
-4621
-4450
-3121
-839
1939
4601
6521
7206
6420
4249
1091
-2423
-5567
-7673
-8283
-7253
-4780
-1369
2280
5426
7436
7925
6828
4412
1209
-2102
-4847
-6487
-6739
-5614
-3412
-639
2103
4255
5405
5374
4237
2296
0
-2155
-3736
-4452
-4212
-3126
-1471
380
2043
3197
3650
3361
2440
1112
-339
-1633
-2542
-2932
-2777
-2153
-1210
-134
883
1689
2178
2310
2101
1614
938
176
-571
-1220
-1701
-1967
-1995
-1783
-1353
-749
-38
696
1366
1882
2170
2184
1914
1390
677
-128
-920
-1593
-2062
-2272
-2209
-1893
-1377
-730
-32
647
1248
1729
2063
2233
2228
2040
1663
1097
356
-522
-1473
-2401
-3183
-3688
-3793
-3412
-2516
-1155
538
2357
4042
5323
5957
5780
4741
2923
541
-2077
-4547
-6476
-7537
-7526
-6400
-4292
-1500
1562
4430
6660
7912
7998
6919
4861
2159
-755
-3439
-5503
-6680
-6858
-6090
-4573
-2598
-494
1435
2958
3943
4366
4289
3831
3124
2285
1390
473
-461
-1415
-2369
-3261
-3984
-4397
-4356
-3754
-2561
-853
1178
3249
5022
6169
6440
5721
4066
1705
-993
-3582
-5622
-6758
-6796
-5738
-3782
-1283
1312
3560
5093
5696
5335
4151
2427
516
-1231
-2538
-3245
-3331
-2899
-2136
-1258
-458
142
504
671
738
811
968
1226
1531
1774
1821
1555
922
-42
-1206
-2360
-3259
-3677
-3464
-2588
-1153
610
2389
3842
4678
4710
3902
2378
402
-1674
-3479
-4688
-5093
-4632
-3400
-1629
363
2236
3684
4490
4559
3921
2722
1182
-442
-1907
-3013
-3633
-3718
-3296
-2458
-1337
-92
1117
2144
2865
3194
3090
2564
1681
554
-660
-1785
-2644
-3095
-3051
-2506
-1537
-302
986
2101
2835
3048
2694
1836
633
-687
-1870
-2687
0
0
0
0
0
0
0
0
0
0
0
0
0
0
0
0
0
0
0
0
0
0
0
0
0
0
0
0
0
0
0
0
0
0
0
0
0
0
0
0
0
0
0
0
0
0
0
0
0
0
0
0
0
0
0
0
0
0
0
0
0
0
0
0
0
0
0
