0
4278
8485
12550
16402
19973
23203
26035
28419
30314
31684
32507
32766
32456
31581
30156
28203
25758
22860
19561
15917
11991
7852
3573
-771
-5106
-9352
-13436
-17284
-20829
-24006
-26759
-29038
-30801
-32015
-32660
-32720
-32196
-31094
-29434
-27244
-24563
-21439
-17925
-14087
-9991
-5712
-1327
3083
7441
11667
15683
19415
22796
25762
28259
30239
31667
32514
32764
32412
31462
29931
27847
25247
22178
18696
14865
10755
6443
2009
-2465
-6896
-11201
-15299
-19113
-22570
-25606
-28162
-30190
-31650
-32514
-32764
-32394
-31411
-29832
-27686
-25012
-21861
-18292
-14372
-10175
-5781
-1274
3259
7733
12062
16161
19951
23359
26318
28771
30668
31973
32659
32711
32127
30919
29107
26727
23823
20452
16679
12577
8226
3711
-879
-5455
-9926
-14204
-18204
-21846
-25058
-27775
-29942
-31516
-32464
-32766
-32415
-31417
-29790
-27567
-24790
-21514
-17805
-13736
-9388
-4849
-209
4437
8997
13377
17489
21248
24578
27411
29687
31359
32393
32765
32468
31507
29899
27676
24884
21579
17828
13707
9301
4700
0
-4703
-9311
-13729
-17864
-21629
-24947
-27746
-29968
-31566
-32503
-32761
-32332
-31225
-29460
-27076
-24119
-20653
-16748
-12488
-7961
-3263
1506
6246
10856
15238
19298
22949
26112
28719
30713
32051
32702
32651
31900
30461
28366
25658
22395
18646
14492
10022
5332
524
-4298
-9029
-13567
-17811
-21669
-25055
-27896
-30127
-31699
-32577
-32739
-32182
-30916
-28967
-26379
-23206
-19519
-15397
-10932
-6222
-1372
3511
8320
12945
17284
21240
24723
27655
29968
31611
32545
32748
32214
30954
28995
26381
23169
19431
15252
10724
5950
1038
-3899
-8751
-13405
-17757
-21705
-25159
-28038
-30277
-31822
-32637
-32702
-32014
-30588
-28456
-25665
-22280
-18377
-14047
-9388
-4509
477
5455
10308
14924
19194
23018
26305
28979
30974
32243
32756
32498
31476
29711
27244
24133
20449
16280
11722
6884
1880
-3170
-8148
-12935
-17416
-21484
-25041
-28000
-30291
-31856
-32659
-32677
-31909
-30373
-28105
-25157
-21600
-17520
-13013
-8189
-3163
1941
7001
11893
16499
20705
24407
27516
29953
31659
32589
32721
32049
30590
28377
25463
21921
17836
13307
8448
3377
-1780
-6896
-11843
-16499
-20746
-24479
-27603
-30040
-31727
-32621
-32699
-31957
-30413
-28105
-25088
-21439
-17247
-12618
-7668
-2522
2689
7836
12787
17416
21605
25247
28248
30530
32035
32723
32574
31592
29801
27244
23987
20112
15718
10917
5832
595
-4660
-9798
-14685
-19194
-23208
-26622
-29345
-31307
-32455
-32757
-32206
-30813
-28614
-25665
-22043
-17841
-13169
-8148
-2911
2405
7661
12717
17440
21705
25397
28419
30689
32146
32750
32483
31352
29385
26633
23169
19084
14487
9500
4255
-1105
-6439
-11603
-16457
-20870
-24723
-27911
-30346
-31961
-32712
-32578
-31559
-29684
-27001
-23582
-19519
-14922
-9916
-4636
771
6162
11386
16301
20770
24671
27896
30354
31977
32719
32558
31498
29565
26813
23317
19172
14492
9407
4058
-1405
-6833
-12073
-16978
-21411
-25247
-28377
-30713
-32188
-32760
-32410
-31148
-29007
-26047
-22351
-18021
-13179
-7961
-2516
3003
8440
13640
18454
22745
26389
29282
31340
32503
32737
32033
30409
27913
24613
20604
16000
10932
5547
0
-5550
-10942
-16021
-20637
-24657
-27963
-30458
-32068
-32745
-32468
-31244
-29107
-26118
-22364
-17952
-13013
-7689
-2137
3479
8997
14252
19090
23367
26955
29748
31662
32640
32650
31691
29790
27003
23411
19119
14256
8965
3403
-2262
-7862
-13230
-18204
-22633
-26385
-29345
-31423
-32556
-32707
-31871
-30072
-27362
-23823
-19561
-14703
-9397
-3803
1908
7565
12994
18030
22517
26318
29316
31419
32559
32702
31841
30001
27238
23635
19302
14372
8996
3339
-2422
-8112
-13553
-18577
-23026
-26761
-29667
-31650
-32648
-32629
-31591
-29565
-26615
-22829
-18327
-13249
-7752
-2009
3799
9491
14886
19815
24120
27666
30338
32052
32751
32412
31044
28690
25423
21345
16586
11295
5642
-193
-6025
-11667
-16938
-21669
-25706
-28920
-31206
-32489
-32726
-31909
-30063
-27244
-23544
-19081
-13998
-8460
-2644
3259
9060
14569
19606
24006
27626
30346
32075
32756
32366
30916
28451
25051
20827
15917
10480
4696
-1244
-7147
-12817
-18065
-22719
-26622
-29644
-31684
-32674
-32578
-31398
-29173
-25975
-21909
-17110
-11737
-5969
0
5972
11747
17130
21941
26016
29217
31436
32596
32657
31615
29504
26395
22390
17625
12260
6476
470
-5554
-11392
-16845
-21726
-25867
-29127
-31393
-32585
-32662
-31619
-29491
-26349
-22301
-17483
-12062
-6222
-166
5898
11762
17222
22088
26191
29387
31566
32648
32597
31411
29131
25835
21636
16679
11138
5205
-912
-7001
-12847
-18244
-23003
-26955
-29960
-31912
-32739
-32412
-30940
-28374
-24803
-20353
-15179
-9465
-3413
2763
8843
14612
19863
24407
28083
30758
32334
32755
32003
30103
27124
23169
18381
12929
7010
836
-5370
-11386
-16993
-21989
-26191
-29446
-31636
-32680
-32538
-31214
-28754
-25247
-20819
-15630
-9868
-3744
2518
8692
14551
19879
24480
28184
30855
32393
32739
31880
29845
26709
22585
17625
12011
5950
-333
-6607
-12639
-18204
-23094
-27128
-30152
-32055
-32763
-32248
-30528
-27666
-23767
-18976
-13473
-7461
-1167
5173
11322
17047
22132
26385
29644
31785
32724
32427
30901
28203
24435
19738
14288
8294
1981
-4409
-10635
-16457
-21654
-26025
-29402
-31656
-32697
-32485
-31027
-28377
-24634
-19943
-14481
-8460
-2109
4324
10594
16457
21686
26077
29459
31699
32710
32451
30929
28203
24378
19601
14056
7961
1552
-4919
-11201
-17047
-22227
-26537
-29806
-31906
-32751
-32307
-30590
-27666
-23648
-18696
-13002
-6791
-309
6187
12441
18204
23246
27366
30398
32222
32762
31995
29951
26709
22398
17189
11289
4935
-1619
-8112
-14281
-19879
-24678
-28486
-31147
-32552
-32643
-31416
-28917
-25247
-20553
-15023
-8882
-2378
4225
10659
16662
21989
26421
29777
31918
32756
32254
30432
27362
23169
18024
12137
5748
-879
-7473
-13762
-19485
-24407
-28323
-31070
-32533
-32650
-31414
-28875
-25136
-20353
-14721
-8475
-1874
4807
11292
17307
22602
26955
30182
32146
32765
32010
29911
26556
22083
16679
10571
4016
-2711
-9326
-15551
-21121
-25799
-29387
-31732
-32732
-32344
-30582
-27520
-23286
-18060
-12062
-5547
1206
7911
14280
20041
24947
28786
31393
32653
32513
30975
28105
24024
18906
12972
6476
-301
-7069
-13534
-19415
-24458
-28443
-31196
-32596
-32580
-31148
-28360
-24336
-19250
-13322
-6811
0
6813
13332
19269
24364
28393
31178
32594
32578
31129
28309
24241
19103
13120
6555
-301
-7147
-13680
-19609
-24671
-28641
-31340
-32648
-32505
-30916
-27948
-23735
-18460
-12360
-5706
1206
8067
14569
20421
25359
29162
31656
32728
32328
30473
27244
22786
17298
11027
4255
-2711
-9557
-15974
-21669
-26383
-29901
-32062
-32766
-31979
-29736
-26137
-21345
-15577
-9095
-2195
4807
11593
17850
23291
27666
30771
32464
32665
31362
28614
24546
19345
13249
6538
-477
-7473
-14125
-20126
-25196
-29098
-31650
-32732
-32292
-30349
-26991
-22374
-16712
-10266
-3339
3746
10659
17076
22694
27251
30530
32377
32702
31489
28793
24740
19519
13375
6597
-494
-7565
-14281
-20323
-25404
-29282
-31772
-32753
-32178
-30072
-26533
-21729
-15887
-9285
-2238
4919
11843
18204
23695
28052
31066
32589
32548
30942
27847
23411
17845
11416
4435
-2763
-9830
-16425
-22227
-26955
-30378
-32330
-32713
-31507
-28769
-24631
-19293
-13013
-6096
1120
8285
15047
21076
26077
29802
32068
32763
31850
29372
25451
20276
14101
7230
0
-7232
-14111
-20295
-25478
-29402
-31872
-32764
-32033
-29711
-25913
-20827
-14703
-7845
-595
6688
13640
19914
25196
29220
31785
32759
32093
29819
26047
20967
14832
7950
664
-6656
-13645
-19948
-25247
-29273
-31822
-32763
-32046
-29706
-25861
-20703
-14492
-7543
-209
7138
14125
20396
25629
29557
31977
32766
31880
29363
25342
20022
13674
6622
-771
-8129
-15071
-21240
-26318
-30042
-32219
-32734
-31559
-28754
-24461
-18901
-12360
-5177
2276
9615
16457
22447
27271
30678
32489
32608
31026
27825
23169
17302
10527
3199
-4298
-11573
-18244
-23960
-28419
-31387
-32705
-32302
-30198
-26501
-21406
-15179
-8148
-684
6817
13962
20369
25700
29668
32064
32757
31710
28975
24698
19103
12488
5205
-2358
-9798
-16717
-22745
-27557
-30894
-32577
-32513
-30703
-27244
-22319
-16192
-9191
-1693
5898
13175
19743
25247
29388
31941
32765
31816
29141
24884
19276
12618
5272
-2362
-9871
-16845
-22903
-27714
-31014
-32621
-32445
-30495
-26875
-21781
-15492
-8351
-749
6896
14165
20658
26016
29942
32220
32721
31417
28377
23767
17841
10926
3403
-4310
-11787
-18613
-24407
-28847
-31684
-32759
-32010
-29476
-25298
-19707
-13013
-5590
2148
9769
16845
22980
27828
31116
32659
32366
30254
26438
21133
14635
7310
-430
-8148
-15409
-21801
-26962
-30598
-32502
-32563
-30778
-27244
-22162
-15818
-8572
-836
6950
14343
20920
26305
30190
32350
32661
31103
27762
22829
16586
9388
1649
-6187
-13670
-20369
-25898
-29936
-32249
-32702
-31267
-28024
-23161
-16955
-9766
-2009
5867
13405
20168
25762
29860
32222
32709
31291
28049
23169
16936
9711
1916
-5992
-13553
-20323
-25904
-29968
-32275
-32687
-31179
-27837
-22855
-16527
-9222
-1372
6562
14111
20829
26318
30252
32397
32623
30916
27374
22206
15718
8294
373
-7571
-15067
-21669
-26980
-30683
-32556
-32483
-30469
-26631
-21197
-14492
-6916
1077
9009
16402
22811
27851
31216
32702
32218
29790
25564
19793
12824
5078
-2978
-10856
-18080
-24210
-28873
-31785
-32766
-31757
-28816
-24119
-17952
-10689
-2772
5316
13083
20053
25799
29968
32304
32662
31017
27469
22233
15630
8064
0
-8067
-15639
-22251
-27492
-31038
-32669
-32282
-29899
-25665
-19840
-12785
-4935
3223
11185
18454
24578
29176
31960
32754
31507
28295
23317
16881
9388
1306
-6859
-14599
-21426
-26913
-30713
-32587
-32415
-30206
-26096
-20343
-13307
-5431
2789
10837
18204
24423
29100
31937
32755
31498
28244
23199
16679
9099
938
-7285
-15047
-21854
-27271
-30951
-32659
-32282
-29844
-25497
-19519
-12290
-4271
4023
12062
19330
25359
29762
32252
32670
30984
27303
21861
15008
7184
-1105
-9326
-16947
-23474
-28484
-31650
-32766
-31757
-28687
-23753
-17274
-9670
-1435
6896
14781
21705
27215
30951
32666
32248
29720
25247
19119
11737
3583
-4807
-12886
-20121
-26035
-30239
-32455
-32534
-30469
-26395
-20578
-13400
-5336
3083
11302
18775
25007
29584
32200
32681
30992
27244
21684
14679
6695
-1736
-10055
-17706
-24178
-29038
-31959
-32744
-31340
-27837
-22468
-15592
-7668
771
9163
16942
23583
28641
31772
32764
31548
28203
22955
16155
8261
-193
-8637
-16499
-23246
-28419
-31667
-32766
-31641
-28366
-23161
-16378
-8479
0
8482
16388
23178
28387
31659
32766
31633
28334
23092
16267
8323
-193
-8699
-16610
-23382
-28547
-31748
-32764
-31521
-28105
-22748
-15818
-7793
771
9287
17161
23850
28887
31923
32744
31292
27666
22114
15023
6884
-1736
-10238
-18030
-24565
-29387
-32158
-32681
-30919
-26991
-21173
-13868
-5590
3083
11543
19194
25499
30012
32414
32534
30361
26047
19895
12336
3903
-4807
-13181
-20625
-26610
-30711
-32637
-32248
-29569
-24790
-18247
-10405
-1820
6896
15124
22277
27843
31423
32760
31757
28483
23169
16196
8060
-655
-9326
-17331
-24094
-29127
-32068
-32703
-30984
-27033
-21133
-13707
-5289
3511
12062
19743
25999
30374
32552
32371
29844
25150
18630
10754
2094
-6719
-15047
-22282
-27896
-31478
-32765
-31661
-28244
-22763
-15616
-7324
1506
10228
18204
24847
29668
32313
32585
30461
26096
19809
12062
3423
-5469
-13962
-21426
-27310
-31178
-32740
-31881
-28661
-23317
-16242
-7961
912
9721
17811
24578
29519
32265
32608
30520
26157
19840
12041
3339
-5613
-14150
-21629
-27492
-31296
-32755
-31758
-28377
-22863
-15630
-7219
1736
10564
18599
25234
29968
32443
32468
30041
25342
18725
10689
1842
-7147
-15598
-22868
-28404
-31785
-32751
-31227
-27327
-21345
-13736
-5078
3969
12717
20496
26712
30887
32702
32014
28875
23522
16364
7950
-1077
-10024
-18204
-24986
-29848
-32414
-32483
-30050
-25298
-18593
-10451
-1499
7571
16058
23305
28750
31969
32711
30916
26720
20449
12587
3744
-5391
-14111
-21734
-27666
-31442
-32766
-31533
-27837
-21964
-14372
-5653
3510
12401
20323
26654
30894
32710
31957
28692
23169
15822
7226
-1941
-10958
-19113
-25762
-30378
-32596
-32237
-29328
-24096
-16955
-8469
691
9799
18132
25028
29936
32465
32412
29778
24772
17791
9388
234
-8940
-17404
-24479
-29598
-32350
-32513
-30072
-25219
-18342
-9991
-836
8388
16942
24135
29387
32275
32563
30226
25451
18620
10283
1113
-8148
-16754
-24006
-29316
-32252
-32574
-30254
-25477
-18630
-10266
-1066
8222
16845
24098
29390
32286
32549
30156
25298
18372
9941
695
-8610
-17213
-24407
-29603
-32371
-32482
-29925
-24908
-17841
-9305
0
9307
17850
24924
29942
32491
32356
29546
24293
17028
8351
-1019
-10308
-18745
-25629
-30386
-32621
-32145
-28995
-23432
-15917
-7073
2362
11603
19879
26497
30903
32728
31816
28241
22301
14491
5464
-4023
-13175
-21224
-27492
-31451
-32766
-31324
-27244
-20868
-12732
-3519
5992
15001
22745
28568
31977
32682
30619
25962
19103
10622
1238
-8253
-17047
-24394
-29668
-32420
-32412
-29643
-24347
-16973
-8148
1373
10781
19269
26112
30723
32705
31886
28334
22351
14449
5304
-4298
-13534
-21608
-27826
-31650
-32749
-31026
-26627
-19930
-11510
-2094
7504
16457
23989
29446
32355
32460
29752
24461
17046
8148
-1459
-10942
-19477
-26318
-30870
-32732
-31742
-27983
-21780
-13674
-4371
5316
14541
22496
28484
31977
32669
30495
25645
18541
9807
209
-9410
-18204
-25397
-30356
-32640
-32046
-28625
-22675
-14721
-5464
4278
13645
21806
28038
31787
32719
30748
26047
19032
10324
695
-8997
-17892
-25196
-30256
-32621
-32077
-28669
-22701
-14703
-5389
4409
13816
21989
28193
31872
32694
30582
25725
18555
9715
0
-9718
-18563
-25739
-30598
-32699
-31850
-28126
-21861
-13619
-4144
5708
15047
23026
28920
32194
32549
29951
24631
17073
7961
-1876
-11547
-20168
-26955
-31287
-32766
-31257
-26894
-20073
-11416
-1713
8148
17267
24807
30076
32589
32113
28690
22632
14492
5018
-4919
-14407
-22570
-28657
-32104
-32591
-30072
-24775
-17189
-8012
1907
11653
20323
27113
31393
32763
31094
26539
19519
10683
852
-9060
-18132
-25519
-30530
-32697
-31816
-27965
-21503
-13031
-3339
6667
16052
23938
29584
32459
32292
29097
23169
15065
5543
-4501
-14125
-22423
-28612
-32108
-32578
-29977
-24546
-16798
-7461
2582
12385
21019
27666
31694
32721
30647
25665
18247
9095
-923
-10856
-19760
-26786
-31264
-32766
-31146
-26556
-19431
-10451
-470
9557
18675
26008
30855
32749
31507
27244
20368
11537
1595
-8501
-17784
-25359
-30497
-32702
-31758
-27754
-21074
-12360
-2451
7696
17103
24860
30215
32648
31922
28105
21563
12929
3039
-7147
-16643
-24525
-30025
-32607
-32016
-28309
-21844
-13249
-3359
6859
16412
24364
29939
32588
32050
28377
21924
13322
3413
-6833
-16412
-24382
-29960
-32596
-32028
-28309
-21804
-13150
-3199
7069
16643
24578
30089
32630
31946
28105
21482
12732
2719
-7565
-17103
-24947
-30318
-32680
-31797
-27754
-20951
-12062
-1970
8320
17784
25478
30633
32732
31565
27244
20200
11134
952
-9326
-18675
-26154
-31014
-32765
-31228
-26556
-19215
-9941
333
10578
19760
26955
31436
32749
30759
25665
17979
8475
-1887
-12062
-21019
-27851
-31864
-32650
-30126
-24546
-16475
-6728
3703
13762
22423
28806
32258
32427
29291
23169
14683
4696
-5772
-15653
-23938
-29777
-32571
-32033
-28214
-21503
-12587
-2378
8077
17706
25519
30711
32748
31416
26850
19519
10175
-219
-10594
-19879
-27113
-31549
-32726
-30520
-25157
-17189
-7439
3083
13289
22119
28657
32222
32441
29289
23092
14492
4381
-6187
-16114
-24364
-30076
-32652
-31820
-27666
-20619
-11416
-1017
9491
19008
26537
31287
32757
30792
25595
17709
7961
-2625
-12939
-21894
-28547
-32194
-32451
-29286
-23032
-14346
-4144
6498
16457
24678
30291
32699
31644
27238
19943
10531
0
-10533
-19951
-27251
-31656
-32694
-30254
-24592
-16309
-6286
4409
14637
23305
29487
32519
32077
28203
21312
12137
1660
-8997
-18692
-26385
-31248
-32757
-30748
-25434
-17383
-7461
3266
13645
22556
29038
32390
32248
28625
21909
12824
2351
-8378
-18204
-26061
-31098
-32765
-30880
-25645
-17625
-7689
3083
13524
22496
29023
32393
32235
28565
21780
12618
2077
-8692
-18516
-26318
-31245
-32755
-30681
-25247
-17046
-6975
3863
14280
23132
29446
32527
32033
28015
20915
11510
836
-9932
-19609
-27125
-31650
-32682
-30103
-24198
-15616
-5304
5596
15880
24407
30232
32705
31550
26894
19250
9465
-1373
-12062
-21411
-28379
-32188
-32412
-29022
-22395
-13267
-2656
8253
18244
26197
31222
32754
30619
25054
16679
6433
-4537
-15001
-23783
-29895
-32648
-31731
-27244
-19690
-9916
976
11762
21224
28293
32170
32415
28997
22301
13080
2378
-8595
-18599
-26497
-31393
-32729
-30352
-24528
-15917
-5494
5554
15974
24578
30386
32734
31352
26395
18425
8351
-2679
-13405
-22602
-29217
-32491
-32046
-27932
-20616
-10936
0
10939
20625
27944
32055
32482
29173
22507
13249
2462
-8610
-18692
-26622
-31481
-32707
-30156
-24119
-15293
-4696
6446
16845
25296
30817
32766
30916
25477
17079
6695
-4468
-15115
-24006
-30106
-32702
-31489
-26606
-18620
-8460
2689
13528
22788
29387
32552
31909
27532
19930
9991
-1120
-12103
-21669
-28693
-32350
-32208
-28280
-21025
-11295
-234
10856
20671
28052
32127
32412
28871
21921
12379
1372
-9799
-19815
-27487
-31906
-32545
-29328
-22632
-13249
-2291
8940
19113
27016
31708
32629
29666
23169
13911
2992
-8285
-18577
-26654
-31549
-32677
-29899
-23544
-14372
-3477
7836
18214
26411
31442
32702
30037
23764
14635
3744
-7598
-18030
-26293
-31393
-32711
-30086
-23833
-14703
-3796
7571
18026
26305
31405
32707
30050
23753
14577
3632
-7754
-18204
-26446
-31479
-32688
-29925
-23522
-14256
-3253
8148
18560
26712
31608
32650
29706
23135
13736
2656
-8751
-19090
-27095
-31785
-32581
-29385
-22585
-13013
-1842
9557
19786
27585
31994
32468
28947
21861
12081
809
-10564
-20637
-28166
-32219
-32293
-28377
-20951
-10932
440
11762
21629
28819
32437
32033
27653
19840
9561
-1907
-13142
-22745
-29519
-32621
-31661
-26755
-18514
-7961
3586
14689
23960
30239
32740
31148
25658
16955
6128
-5469
-16384
-25247
-30944
-32759
-30461
-24336
-15151
-4058
7546
18204
26572
31595
32638
29565
22763
13087
1756
-9798
-20118
-27896
-32148
-32332
-28424
-20915
-10754
771
12203
22088
29171
32552
31797
27001
18769
8148
-3511
-14727
-24069
-30346
-32754
-30984
-25260
-16309
-5272
6439
17331
26008
31359
32696
29845
23169
13521
2137
-9523
-19964
-27843
-32146
-32318
-28334
-20703
-10405
1234
12717
22564
29503
32637
31559
26407
17841
6968
-4807
-15965
-25058
-30909
-32757
-30361
-24028
-14577
-3233
8533
19194
27364
31977
32433
28669
21173
10917
-762
-12345
-22321
-29387
-32619
-31592
-26438
-17828
-6884
4961
16161
25247
31028
32744
30168
23635
13998
2522
-9287
-19879
-27860
-32179
-32265
-28105
-20242
-9711
2101
13640
23382
30040
32733
31103
25362
16267
5018
-6896
-17901
-26537
-31659
-32585
-29190
-21921
-11741
0
11743
21929
29201
32589
31641
26480
17791
6728
-5233
-16499
-25566
-31222
-32709
-29826
-22955
-13013
-1327
10537
20994
28641
32450
31909
27088
18630
7668
-4324
-15739
-25041
-30976
-32744
-30105
-23411
-13561
-1880
10055
20637
28436
32397
31982
27244
18822
7852
-4182
-15653
-25007
-30974
-32743
-30072
-23319
-13400
-1660
10308
20879
28612
32455
31881
26966
18377
7282
-4807
-16245
-25468
-31216
-32702
-29720
-22675
-12528
-664
11292
21705
29147
32596
31576
26225
17274
5950
-6193
-17489
-26383
-31650
-32564
-28995
-21433
-10917
1105
12978
23064
29968
32737
30984
24950
15465
3839
-8320
-19330
-27666
-32170
-32217
-27796
-19519
-8531
3643
15314
24860
30951
32739
29972
23032
12884
938
-11141
-21669
-29176
-32613
-31498
-25982
-16835
-5332
6918
18204
26944
31912
32410
28366
20343
9465
-2743
-14569
-24351
-30713
-32759
-30198
-23387
-13283
-1306
10856
21492
29100
32604
31507
25962
16748
5166
-7147
-18454
-27152
-32008
-32332
-28076
-19840
-8789
3510
15314
24947
31038
32720
29752
22551
12140
0
-12143
-22559
-29762
-32723
-31017
-24884
-15198
-3339
8998
20053
28242
32393
31908
26854
17952
6476
-5930
-17489
-26541
-31785
-32465
-28481
-20402
-9388
2978
14918
24714
30951
32730
29790
22554
12062
-172
-12385
-22811
-29942
-32746
-30813
-24421
-14492
-2462
9926
20879
28806
32556
31581
26021
16679
4912
-7571
-18956
-27585
-32200
-32127
-27374
-18630
-7167
5342
17076
26318
31719
32485
28504
20353
9222
-3259
-15267
-25041
-31147
-32687
-29434
-21861
-11077
1334
13553
23783
30517
32764
30189
23169
12736
423
-11953
-22570
-29860
-32743
-30792
-24293
-14202
-2009
10483
21426
29201
32652
31267
25247
15482
3419
-9153
-20369
-28563
-32514
-31633
-26047
-16586
-4654
7973
19415
27967
32350
31910
26709
17520
5712
-6950
-18577
-27428
-32179
-32116
-27244
-18292
-6597
6088
17864
26962
32015
32263
27666
18910
7310
-5391
-17284
-26579
-31872
-32366
-27983
-19380
-7852
4862
16845
26287
31760
32433
28203
19707
8226
-4501
-16550
-26094
-31684
-32472
-28334
-19895
-8434
4310
16402
26003
31651
32486
28377
19946
8475
-4288
-16402
-26016
-31662
-32478
-28334
-19861
-8351
4437
16550
26133
31717
32445
28203
19638
8060
-4756
-16845
-26351
-31812
-32386
-27983
-19276
-7602
5243
17284
26666
31941
32293
27666
18769
6975
-5898
-17864
-27071
-32095
-32157
-27244
-18113
-6176
6719
18577
27557
32265
31968
26709
17302
5205
-7702
-19415
-28111
-32434
-31710
-26047
-16326
-4058
8843
20369
28719
32588
31368
25247
15179
2736
-10137
-21426
-29364
-32705
-30922
-24293
-13853
-1238
11573
22570
30025
32764
30353
23169
12339
-434
-13142
-23783
-30678
-32739
-29638
-21861
-10632
2276
14829
25041
31296
32604
28754
20353
8727
-4282
-16616
-26318
-31849
-32328
-27676
-18630
-6622
6439
18480
27585
32302
31880
26381
16679
4318
-8734
-20396
-28806
-32620
-31227
-24845
-14492
-1820
11144
22329
29942
32763
30335
23047
12062
-859
-13645
-24243
-30951
-32688
-29173
-20967
-9388
3703
16202
26094
31785
32354
27709
18593
6476
-6688
-18775
-27832
-32393
-31718
-25913
-15915
-3339
9779
21317
29402
32723
30737
23764
12933
0
-12935
-23772
-30745
-32720
-29372
-21243
-9654
3510
16105
26077
31798
32332
27590
18342
6096
-7147
-19226
-28162
-32493
-31507
-25362
-15061
-2291
10856
22227
29953
32765
30198
22670
11416
-1716
-14569
-25028
-31370
-32548
-28366
-19509
-7435
5867
18204
27539
32330
31782
25982
15887
3163
-10086
-21669
-29667
-32753
-30413
-23032
-11831
1334
14281
24860
31312
32563
28403
19519
7387
-5976
-18347
-27666
-32377
-31693
-25725
-15465
-2622
10659
22164
29968
32766
30086
22374
10917
-2369
-15261
-25599
-31650
-32396
-27709
-18372
-5950
7473
19643
28516
32596
31195
24546
13765
664
-12550
-23653
-30771
-32702
-29116
-20616
-8634
4807
17440
27128
32230
31881
26137
15968
3092
-10308
-21966
-29901
-32766
-30072
-22272
-10689
2711
15653
25937
31812
32275
27244
17574
4908
-8595
-20637
-29162
-32712
-30681
-23411
-12140
1206
14349
25041
31451
32480
27948
18630
6117
-7445
-19735
-28641
-32634
-31026
-24089
-13013
301
13567
24501
31222
32570
28309
19172
6728
-6876
-19298
-28393
-32589
-31159
-24347
-13326
0
13328
24354
31166
32585
28360
19220
6748
-6896
-19347
-28443
-32604
-31103
-24198
-13087
301
13640
24608
31294
32533
28105
18778
6176
-7504
-19879
-28786
-32669
-30847
-23635
-12290
1206
14493
25247
31583
32389
27520
17828
5008
-8692
-20870
-29387
-32745
-30352
-22624
-10917
2711
15865
26229
31977
32094
26556
16335
3233
-10442
-22277
-30182
-32757
-29546
-21112
-8944
4807
17712
27483
32390
31559
25136
14256
845
-12717
-24026
-31070
-32598
-28334
-19032
-6345
7473
19964
28903
32697
30666
23169
11540
-2148
-15456
-26008
-31918
-32127
-26596
-16309
-3103
10659
22517
30346
32741
29270
20553
8148
-5719
-18563
-28078
-32552
-31179
-24202
-12874
771
14281
25223
31625
32332
27214
17189
4062
-9798
-21894
-30040
-32762
-29565
-21025
-8682
5233
18204
27882
32514
31257
24336
13002
-691
-14262
-25247
-31650
-32307
-27094
-16955
-3732
10171
22227
30239
32747
29289
20494
7961
-6025
-18915
-28356
-32621
-30929
-23586
-11931
1907
15400
26077
31982
32033
26215
15592
2109
-11762
-23479
-30889
-32629
-28377
-18910
-5966
8077
20637
29402
32756
30080
21861
9613
-4409
-17621
-27585
-32459
-31342
-24435
-13013
816
14497
25499
31785
32188
26631
16140
2656
-11322
-23203
-30782
-32650
-28456
-18976
-5969
8148
20755
29503
32763
29925
21514
9095
-5021
-18204
-27995
-32564
-31058
-23753
-12011
1977
15598
26305
32095
31880
25698
14703
952
-12978
-24480
-31393
-32418
-27360
-17165
-3744
10381
22559
30497
32702
28754
19394
6380
-7836
-20580
-29446
-32762
-29899
-21393
-8847
5370
18577
28275
32630
30814
23169
11138
-3003
-16579
-27016
-32334
-31523
-24733
-13249
751
14612
25700
31906
32048
26096
15179
1372
-12698
-24354
-31371
-32412
-27273
-16932
-3359
10856
23003
30758
32638
28280
18514
5205
-9101
-21669
-30089
-32747
-29131
-19930
-6905
7445
20371
29387
32762
29844
21189
8460
-5898
-19125
-28673
-32702
-30433
-22301
-9868
4468
17946
27963
32585
30916
23274
11134
-3159
-16845
-27275
-32428
-31305
-24119
-12260
1977
15833
26622
32247
31615
24845
13249
-923
-14918
-26016
-32055
-31858
-25461
-14105
0
14107
25468
31864
32046
25975
14832
792
-13405
-24986
-31684
-32188
-26395
-15435
-1452
12817
24578
31525
32292
26727
15917
1981
-12345
-24250
-31393
-32366
-26976
-16280
-2378
11993
24006
31293
32415
27148
16527
2644
-11762
-23850
-31230
-32442
-27244
-16660
-2779
11653
23783
31206
32451
27267
16679
2783
-11667
-23806
-31222
-32441
-27217
-16586
-2656
11803
23919
31277
32412
27094
16378
2398
-12062
-24120
-31370
-32361
-26894
-16056
-2009
12441
24407
31496
32285
26615
15616
1488
-12939
-24777
-31650
-32178
-26251
-15055
-836
13553
25223
31826
32033
25797
14372
52
-14280
-25739
-32015
-31841
-25247
-13561
863
15115
26318
32208
31592
24592
12618
-1908
-16052
-26950
-32393
-31276
-23823
-11540
3083
17085
27622
32556
30880
22932
10324
-4384
-18204
-28323
-32682
-30389
-21909
-8965
5807
19399
29038
32755
29790
20744
7461
-7347
-20658
-29748
-32757
-29067
-19428
-5811
8997
21966
30436
32669
28203
17952
4016
-10746
-23305
-31079
-32468
-27184
-16309
-2077
12583
24657
31656
32135
25992
14491
0
-14493
-25999
-32139
-31644
-24613
-12494
2208
16457
27304
32503
30975
23032
10317
-4537
-18454
-28547
-32719
-30103
-21238
-7961
6971
20458
29694
32757
29007
19220
5431
-9491
-22439
-30713
-32587
-27666
-16973
-2736
12073
24364
31568
32177
26060
14492
-108
-14689
-26197
-32222
-31498
-24174
-11781
3083
17304
27896
32634
30520
21996
8847
-6162
-19879
-29416
-32766
-29219
-19519
-5706
9311
22368
30711
32578
27570
16743
2378
-12491
-24723
-31732
-32033
-25558
-13674
1105
15653
26888
32428
31095
23169
10328
-4707
-18745
-28806
-32750
-29736
-20402
-6728
8378
21705
30414
32650
27932
17262
2911
-12062
-24465
-31651
-32083
-25665
-13765
1077
15692
26955
32455
31012
22932
9941
-5180
-19194
-29098
-32765
-29406
-19738
-5832
9326
22486
30817
32526
27244
16102
1495
-13436
-25478
-32035
-31693
-24521
-12062
2999
17416
28078
32680
30226
21243
7668
-7565
-21167
-30192
-32685
-28105
-17438
-2992
12103
24578
31727
31995
25321
13150
-1876
-16499
-27539
-32596
-30567
-21889
-8448
6833
20630
29936
32722
28377
17845
3419
-11753
-24364
-31659
-32040
-25423
-13249
1823
16499
27568
32607
30508
21729
8189
-7147
-20920
-30108
-32693
-28105
-17347
-2779
12401
24860
31856
31850
24838
12360
-2839
-17416
-28160
-32702
-30037
-20749
-6884
8501
22013
30668
32552
27244
15915
1066
-14020
-26008
-32243
-31342
-23500
-10451
4915
19194
29220
32766
29042
18871
4509
-10856
-23813
-31479
-32147
-25665
-13473
1720
16533
27666
32637
30335
21271
7461
-8015
-21705
-30552
-32578
-27327
-15968
-1038
14125
26133
32294
31228
23169
9920
-5554
-19786
-29584
-32748
-28565
-17970
-3339
12043
24723
31849
31816
24627
11897
-3511
-18132
-28673
-32755
-29458
-19519
-5177
10334
23516
31393
32182
25702
13414
-1907
-16800
-27896
-32682
-30072
-20653
-6555
9029
22570
30997
32395
26445
14492
-751
-15827
-27310
-32589
-30461
-21406
-7481
8148
21926
30713
32507
26894
15151
-48
-15238
-26955
-32522
-30664
-21804
-7961
7702
21608
30575
32549
27076
15403
202
-15047
-26852
-32503
-30703
-21861
-8002
7696
21629
30598
32538
27001
15255
0
-15257
-27007
-32541
-30582
-21579
-7602
8129
21989
30779
32468
26664
14703
-655
-15865
-27411
-32621
-30288
-20948
-6758
8997
22672
31098
32318
26047
13736
-1763
-16855
-28038
-32713
-29790
-19946
-5464
10289
23653
31516
32046
25116
12336
-3319
-18204
-28847
-32766
-29042
-18541
-3711
11987
24889
31977
31593
23823
10480
-5316
-19871
-29777
-32711
-27983
-16697
-1495
14059
26318
32404
30885
22114
8148
-7733
-21801
-30745
-32460
-26539
-14372
1180
16457
27860
32699
29832
19930
5325
-10537
-23916
-31650
-31910
-24631
-11530
4298
19113
29409
32747
28334
17210
2009
-13670
-26112
-32365
-30942
-22178
-8148
7817
21929
30833
32412
26285
13907
-1780
-17047
-28259
-32743
-29429
-19103
-4222
11667
24777
31977
31548
23586
9991
-5992
-20546
-30192
-32619
-27244
-15350
219
15739
27492
32660
30001
20149
5464
-10533
-24006
-31719
-31816
-24270
-10892
5106
19879
29873
32681
27625
15917
373
-15261
-27221
-32621
-30156
-20416
-5748
10308
23879
31684
31836
24293
10875
-5173
-19973
-29942
-32665
-27477
-15633
0
15636
27483
32666
29925
19920
5078
-10999
-24407
-31886
-31615
-23656
-9941
6193
20824
30386
32549
26782
14487
-1341
-16845
-28242
-32749
-29262
-18630
-3445
12583
25539
32252
31078
22301
8064
-8148
-22368
-31111
-32231
-25451
-12429
3643
18824
29387
32737
28047
16465
836
-15001
-27152
-32625
-30072
-20115
-5205
10989
24479
31937
31523
23335
9388
-6876
-21447
-30723
-32412
-26092
-13322
2743
18132
29038
32759
28371
16955
1338
-14612
-26944
-32596
-30164
-20247
-5304
10958
24501
31960
31477
23169
9099
-7236
-21774
-30894
-32323
-25702
-12676
3510
18824
29446
32724
27837
16000
166
-15711
-27666
-32707
-29572
-19041
-3744
12491
25602
32304
30916
21780
7184
-9215
-23305
-31551
-31880
-24205
-10451
5930
20824
30486
32483
26311
13518
-2679
-18204
-29147
-32749
-28098
-16364
-502
15488
27574
32702
29574
18976
3583
-12717
-25806
-32371
-30748
-21345
-6538
9926
23879
31785
31636
23467
9346
-7147
-21830
-30974
-32254
-25342
-11991
4409
19692
29968
32623
26976
14462
-1736
-17495
-28798
-32764
-28377
-16752
-852
15267
27492
32699
29554
18857
3339
-13034
-26077
-32450
-30520
-20777
-5712
10817
24578
32042
31291
22515
7961
-8637
-23021
-31496
-31881
-24075
-10079
6509
21426
30833
32307
25463
12062
-4448
-19815
-30076
-32585
-26689
-13907
2465
18204
29244
32732
27762
15616
-569
-16610
-28356
-32765
-28692
-17189
-1231
15047
27428
32699
29490
18630
2932
-13528
-26478
-32552
-30168
-19943
-4530
12062
25519
32337
30737
21133
6022
-10659
-24565
-32068
-31208
-22206
-7407
9326
23628
31760
31593
23169
8686
-8070
-22719
-31423
-31903
-24028
-9858
6896
21846
31070
32147
24790
10926
-5807
-21019
-30711
-32336
-25461
-11891
4807
20244
30356
32478
26047
12755
-3899
-19528
-30012
-32581
-26556
-13521
3083
18877
29687
32654
26991
14192
-2362
-18294
-29387
-32703
-27360
-14769
1736
17784
29119
32734
27666
15255
-1206
-17349
-28887
-32752
-27913
-15652
771
16993
28695
32761
28105
15962
-434
-16717
-28547
-32765
-28244
-16186
193
16523
28443
32766
28334
16326
-48
-16412
-28387
-32766
-28374
-16382
0
0
0
0
0
0
0
0
0
0
0
0
0
0
0
0
0
0
0
0
0
0
0
0
0
0
0
0
0
0
0
0
0
0
0
0
0
0
0
0
0
0
0
0
0
0
0
0
0
0
0
0
0
0
0
0
0
0
0
0
0
0
0
0
0
0
0
0
0
0
0
0
0
0
0
0
0
0
0
0
0
0
0
0
0
0
0
0
0
0
0
0
0
0
0
0
0
0
0
0
0
0
0
0
0
0
0
0
0
0
0
0
0
0
0
0
0
0
0
0
0
0
0
0
0
0
0
0
0
0
0
0
0
0
0
0
0
0
0
0
0
0
0
0
0
0
0
0
0
0
0
0
0
0
0
0
0
0
0
0
0
0
0
0
0
0
0
0
0
0
0
0
0
0
0
0
0
0
0
0
0
0
0
0
0
0
0
0
0
0
0
0
0
0
0
0
0
0
0
0
0
0
0
0
0
0
0
0
0
0
0
0
0
0
0
0
0
0
0
0
0
0
0
0
0
0
0
0
0
0
0
0
0
0
0
0
0
0
0
0
0
0
0
0
0
0
0
0
0
0
0
0
0
0
0
0
0
0
0
0
0
0
0
0
0
0
0
0
0
0
0
0
0
0
0
0
0
0
0
0
0
0
0
0
0
0
0
0
0
0
0
0
0
0
0
0
0
0
0
0
0
0
0
0
0
0
0
0
0
0
0
0
0
0
0
0
0
0
0
0
0
0
0
0
0
0
0
0
0
0
0
0
0
0
0
0
0
0
0
0
0
0
0
0
0
0
0
0
0
0
0
0
0
0
0
0
0
0
0
0
0
0
0
0
0
0
0
0
0
0
0
0
0
0
0
0
0
0
0
0
0
0
0
0
0
0
0
0
0
0
0
0
0
0
0
0
0
0
0
0
0
0
0
0
0
0
0
0
0
0
0
0
0
0
0
0
0
0
0
0
0
0
0
0
0
0
0
0
0
0
0
0
0
0
0
0
0
0
0
0
0
0
0
0
0
0
0
0
0
0
0
0
0
0
0
0
0
0
0
0
0
0
0
0
0
0
0
0
0
0
0
0
0
0
0
0
0
0
0
0
0
0
0
0
0
0
0
0
0
0
0
0
0
0
0
0
0
0
0
0
0
0
0
0
0
0
0
0
0
0
0
0
0
0
0
0
0
0
0
0
0
0
0
0
0
0
0
0
0
0
0
0
0
0
0
0
0
0
0
0
0
0
0
0
0
0
0
0
0
0
0
0
0
0
0
0
0
0
0
0
0
0
0
0
0
0
0
0
0
0
0
0
0
0
0
0
0
0
0
0
0
0
0
0
0
0
0
0
0
0
0
0
0
0
0
0
0
0
0
0
0
0
0
0
0
0
0
0
0
0
0
0
0
0
0
0
0
0
0
0
0
0
0
0
0
0
0
0
0
0
0
0
0
0
0
0
0
0
0
0
0
0
0
0
0
0
0
0
0
0
0
0
0
0
0
0
0
0
0
0
0
0
0
0
0
0
0
0
0
0
0
0
0
0
0
0
0
0
0
0
0
0
0
0
0
0
0
0
0
0
0
0
0
0
0
0
0
0
0
0
0
0
0
0
0
0
0
0
0
0
0
0
0
0
0
0
0
0
0
0
0
0
0
0
0
0
0
0
0
0
0
0
0
0
0
0
0
0
0
0
0
0
0
0
0
0
0
0
0
0
0
0
0
0
0
0
0
0
0
0
0
0
0
0
0
0
0
0
0
0
0
0
0
0
0
0
0
0
0
0
0
0
0
0
0
0
0
0
0
0
0
0
0
0
0
0
0
0
0
0
0
0
0
0
0
0
0
0
0
0
0
0
0
0
0
0
0
0
0
0
0
0
0
0
0
0
0
0
0
0
0
0
0
0
0
0
0
0
0
0
0
0
0
0
0
0
0
0
0
0
0
0
0
0
0
0
0
0
0
0
0
0
0
0
0
0
0
0
0
0
0
0
0
0
0
0
0
0
0
0
0
0
0
0
0
0
0
0
0
0
0
0
0
0
0
0
0
0
0
0
0
0
0
0
0
0
0
0
0
0
0
0
0
0
0
0
0
0
0
0
0
0
0
0
0
0
0
0
0
0
0
0
0
0
0
0
0
0
0
0
0
0
0
0
0
0
0
0
0
0
0
0
0
0
0
0
0
0
0
0
14563
13627
10944
6868
1936
-3204
-7887
-11509
-13617
-13963
-12531
-9541
-5410
-695
3985
8038
10965
12432
12305
10660
7763
4032
-31
-3906
-7123
-9319
-10285
-9973
-8501
-6120
-3178
-62
2848
5231
6857
7604
7468
6544
5008
3084
1011
-985
-2718
-4051
-4907
-5261
-5137
-4592
-3705
-2566
-1269
91
1425
2643
3659
4392
4771
4744
4282
3396
2135
597
-1080
-2731
-4171
-5226
-5750
-5653
-4910
-3579
-1791
255
2323
4159
5533
6266
6256
5495
4071
2159
0
-2136
-3982
-5308
-5957
-5864
-5059
-3669
-1891
32
1850
3334
4315
4698
4478
3730
2597
1264
-70
-1227
-2071
-2525
-2583
-2300
-1779
-1152
-551
-83
182
231
100
-130
-356
-470
-387
-61
497
1223
1999
2678
3107
3152
2728
1818
485
-1131
-2827
-4364
-5499
-6022
-5793
-4769
-3014
-704
1892
4450
6621
8088
8609
8054
6432
3893
721
-2704
-5950
-8586
-10246
-10673
-9764
-7586
-4374
-508
3538
7252
10146
11830
12059
10769
8095
4352
0
-4413
-8323
-11222
-12725
-12624
-10920
-7819
-3713
871
5344
9126
11725
12806
12232
10084
6652
2397
-2115
-6287
-9571
-11541
-11954
-10780
-8201
-4592
-461
3620
7097
9507
10543
10098
8273
5363
1808
-1867
-5137
-7543
-8765
-8661
-7290
-4894
-1861
1332
4200
6315
7373
7240
5966
3777
1038
-1807
-4305
-6060
-6802
-6420
-4983
-2727
-17
2709
5017
6534
7013
6371
4701
2259
-578
-3370
-5683
-7154
-7550
-6803
-5022
-2471
464
3346
5741
7294
7779
7132
5461
3023
189
-2618
-4990
-6588
-7203
-6772
-5396
-3311
-853
1599
3686
5115
5711
5436
4386
2777
898
-933
-2430
-3377
-3664
-3300
-2408
-1195
85
1182
1890
2084
1748
967
-83
-1174
-2063
-2542
-2477
-1834
-690
777
2317
3649
4510
4702
4129
2819
926
-1291
-3507
-5377
-6590
-6924
-6281
-4707
-2389
370
3193
5682
7479
8317
8063
6732
4494
1642
-1443
-4353
-6703
-8190
-8629
-7980
-6347
-3959
-1139
1747
4340
6330
7501
7749
7090
5650
3640
1327
-1010
-3111
-4764
-5827
-6234
-5994
-5181
-3917
-2352
-645
1046
2585
3855
4766
5254
5286
4853
3979
2720
1166
-561
-2309
-3908
-5181
-5969
-6148
-5652
-4490
-2752
-609
1702
3906
5718
6887
7233
6675
5250
3115
533
-2163
-4611
-6472
-7480
-7483
-6469
-4570
-2049
740
3399
5546
6873
7191
6461
4800
2466
-181
-2739
-4818
-6106
-6415
-5710
-4118
-1902
575
2914
4737
5753
5800
4877
3136
867
-1557
-3736
-5309
-6011
-5719
-4469
-2457
0
2509
4665
6119
6628
6101
4609
2378
-251
-2874
-5086
-6548
-7038
-6484
-4977
-2752
-150
2434
4620
6092
6653
6250
4978
3059
805
-1434
-3330
-4626
-5170
-4940
-4035
-2655
-1060
477
1720
2501
2754
2513
1901
1103
321
-262
-525
-426
-15
578
1177
1587
1643
1246
392
-824
-2216
-3533
-4507
-4898
-4548
-3410
-1571
750
3236
5507
7188
7968
7654
6210
3773
642
-2762
-5960
-8475
-9915
-10032
-8764
-6250
-2815
1075
4882
8068
10182
10922
10182
8068
4882
1075
-2815
-6250
-8764
-10032
-9915
-8475
-5960
-2762
642
3773
6210
7654
7968
7188
5507
3236
750
-1571
-3410
-4548
-4898
-4507
-3533
-2216
-824
392
1246
1643
1587
1177
578
-15
-426
-525
-262
321
1103
1901
2513
2754
2501
1720
477
-1060
-2655
-4035
-4940
-5170
-4626
-3330
-1434
805
3059
4978
6250
6653
6092
4620
2434
-150
-2752
-4977
-6484
-7038
-6548
-5086
-2874
-251
2378
4609
6101
6628
6119
4665
2509
0
-2457
-4469
-5719
-6011
-5309
-3736
-1557
867
3136
4877
5800
5753
4737
2914
575
-1902
-4118
-5710
-6415
-6106
-4818
-2739
-181
2466
4800
6461
7191
6873
5546
3399
740
-2049
-4570
-6469
-7483
-7480
-6472
-4611
-2163
533
3115
5250
6675
7233
6887
5718
3906
1702
-609
-2752
-4490
-5652
-6148
-5969
-5181
-3908
-2309
-561
1166
2720
3979
4853
5286
5254
4766
3855
2585
1046
-645
-2352
-3917
-5181
-5994
-6234
-5827
-4764
-3111
-1010
1327
3640
5650
7090
7749
7501
6330
4340
1747
-1139
-3959
-6347
-7980
-8629
-8190
-6703
-4353
-1443
1642
4494
6732
8063
8317
7479
5682
3193
370
-2389
-4707
-6281
-6924
-6590
-5377
-3507
-1291
926
2819
4129
4702
4510
3649
2317
777
-690
-1834
-2477
-2542
-2063
-1174
-83
967
1748
2084
1890
1182
85
-1195
-2408
-3300
-3664
-3377
-2430
-933
898
2777
4386
5436
5711
5115
3686
1599
-853
-3311
-5396
-6772
-7203
-6588
-4990
-2618
189
3023
5461
7132
7779
7294
5741
3346
464
-2471
-5022
-6803
-7550
-7154
-5683
-3370
-578
2259
4701
6371
7013
6534
5017
2709
-17
-2727
-4983
-6420
-6802
-6060
-4305
-1807
1038
3777
5966
7240
7373
6315
4200
1332
-1861
-4894
-7290
-8661
-8765
-7543
-5137
-1867
1808
5363
8273
10098
10543
9507
7097
3620
-461
-4592
-8201
-10780
-11954
-11541
-9571
-6287
-2115
2397
6652
10084
12232
12806
11725
9126
5344
871
-3713
-7819
-10920
-12624
-12725
-11222
-8323
-4413
0
4352
8095
10769
12059
11830
10146
7252
3538
-508
-4374
-7586
-9764
-10673
-10246
-8586
-5950
-2704
721
3893
6432
8054
8609
8088
6621
4450
1892
-704
-3014
-4769
-5793
-6022
-5499
-4364
-2827
-1131
485
1818
2728
3152
3107
2678
1999
1223
497
-61
-387
-470
-356
-130
100
231
182
-83
-551
-1152
-1779
-2300
-2583
-2525
-2071
-1227
-70
1264
2597
3730
4478
4698
4315
3334
1850
32
-1891
-3669
-5059
-5864
-5957
-5308
-3982
-2136
0
2159
4071
5495
6256
6266
5533
4159
2323
255
-1791
-3579
-4910
-5653
-5750
-5226
-4171
-2731
-1080
597
2135
3396
4282
4744
4771
4392
3659
2643
1425
91
-1269
-2566
-3705
-4592
-5137
-5261
-4907
-4051
-2718
-985
1011
3084
5008
6544
7468
7604
6857
5231
2848
-62
-3178
-6120
-8501
-9973
-10285
-9319
-7123
-3906
-31
4032
7763
10660
12305
12432
10965
8038
3985
-695
-5410
-9541
-12531
-13963
-13617
-11509
-7887
-3204
1936
6868
10944
13627
0
0
0
0
0
0
0
0
0
0
0
0
0
0
0
0
0
0
0
0
0
0
0
0
0
0
0
0
0
0
0
0
0
0
0
0
0
0
0
0
0
0
0
0
0
0
0
0
0
0
0
0
0
0
0
0
0
0
0
0
0
0
0
0
0
0
0
3640
3500
3088
2426
1555
529
-583
-1702
-2736
-3592
-4181
-4426
-4272
-3695
-2709
-1372
212
1905
3536
4922
5885
6277
6000
5021
3393
1249
-1202
-3692
-5925
-7608
-8492
-8409
-7299
-5228
-2391
906
4276
7296
9563
10744
10631
9174
6495
2882
-1236
-5349
-8922
-11471
-12629
-12201
-10195
-6833
-2520
2199
6713
10426
12835
13608
12625
10002
6076
1363
-3514
-7911
-11245
-13082
-13193
-11585
-8500
-4375
216
4650
8337
10806
11766
11147
9096
5956
2205
-1612
-4973
-7443
-8741
-8772
-7629
-5571
-2971
-257
2165
3968
4953
5069
4416
3211
1745
327
-777
-1389
-1448
-1015
-261
576
1242
1513
1252
437
-828
-2329
-3771
-4836
-5242
-4803
-3464
-1333
1331
4151
6682
8489
9213
8640
6748
3718
-78
-4128
-7849
-10674
-12143
-11974
-10119
-6774
-2361
2525
7205
11008
13376
13944
12602
9509
5081
-74
-5238
-9689
-12804
-14152
-13551
-11101
-7162
-2302
2785
7386
10866
12764
12853
11167
7996
3832
-705
-4961
-8345
-10412
-10922
-9872
-7483
-4163
-435
3139
6050
7909
8503
7816
6026
3463
557
-2235
-4500
-5927
-6350
-5767
-4330
-2310
-57
2067
3741
4731
4921
4327
3082
1414
-399
-2076
-3368
-4104
-4203
-3684
-2656
-1292
196
1601
2738
3475
3747
3552
2948
2037
942
-204
-1286
-2206
-2894
-3308
-3430
-3260
-2810
-2105
-1182
-92
1095
2292
3388
4259
4781
4844
4372
3344
1805
-122
-2245
-4318
-6065
-7221
-7572
-6988
-5457
-3098
-153
3029
6040
8462
9927
10176
9101
6774
3442
-494
-4531
-8126
-10777
-12091
-11846
-10029
-6843
-2685
1901
6306
9931
12277
13014
12032
9454
5627
1069
-3599
-7749
-10821
-12411
-12324
-10599
-7502
-3482
889
5009
8321
10397
10995
10086
7856
4666
1002
-2604
-5652
-7745
-8638
-8273
-6776
-4431
-1628
1193
3623
5328
6107
5910
4838
3121
1072
-963
-2663
-3779
-4173
-3830
-2854
-1450
119
1579
2684
3259
3225
2608
1530
185
-1192
-2372
-3159
-3429
-3143
-2350
-1180
179
1522
2644
3384
3640
3388
2676
1619
372
-887
-1994
-2811
-3250
-3282
-2931
-2268
-1399
-439
495
1309
1933
2332
2497
2446
2209
1827
1336
770
158
-473
-1099
-1685
-2192
-2571
-2770
-2740
-2447
-1878
-1052
-28
1104
2224
3195
3882
4173
3997
3334
2232
797
-810
-2399
-3768
-4733
-5158
-4969
-4172
-2852
-1165
683
2462
3949
4958
5363
5120
4266
2917
1252
-516
-2168
-3503
-4373
-4692
-4451
-3710
-2590
-1252
128
1386
2383
3029
3286
3172
2745
2097
1332
551
-160
-746
-1179
-1459
-1606
-1652
-1629
-1559
-1453
-1305
-1095
-804
-413
80
659
1282
1885
2390
2712
2781
2546
1994
1154
100
-1057
-2182
-3130
-3768
-3995
-3757
-3058
-1964
-595
889
2309
3484
4265
4547
4288
3515
2321
852
-710
-2174
-3361
-4129
-4392
-4128
-3383
-2262
-913
489
1774
2788
3421
3616
3373
2751
1850
801
-254
-1186
-1887
-2292
-2380
-2174
-1734
-1149
-516
70
534
828
936
878
698
459
226
60
0
60
226
459
698
878
936
828
534
70
-516
-1149
-1734
-2174
-2380
-2292
-1887
-1186
-254
801
1850
2751
3373
3616
3421
2788
1774
489
-913
-2262
-3383
-4128
-4392
-4129
-3361
-2174
-710
852
2321
3515
4288
4547
4265
3484
2309
889
-595
-1964
-3058
-3757
-3995
-3768
-3130
-2182
-1057
100
1154
1994
2546
2781
2712
2390
1885
1282
659
80
-413
-804
-1095
-1305
-1453
-1559
-1629
-1652
-1606
-1459
-1179
-746
-160
551
1332
2097
2745
3172
3286
3029
2383
1386
128
-1252
-2590
-3710
-4451
-4692
-4373
-3503
-2168
-516
1252
2917
4266
5120
5363
4958
3949
2462
683
-1165
-2852
-4172
-4969
-5158
-4733
-3768
-2399
-810
797
2232
3334
3997
4173
3882
3195
2224
1104
-28
-1052
-1878
-2447
-2740
-2770
-2571
-2192
-1685
-1099
-473
158
770
1336
1827
2209
2446
2497
2332
1933
1309
495
-439
-1399
-2268
-2931
-3282
-3250
-2811
-1994
-887
372
1619
2676
3388
3640
3384
2644
1522
179
-1180
-2350
-3143
-3429
-3159
-2372
-1192
185
1530
2608
3225
3259
2684
1579
119
-1450
-2854
-3830
-4173
-3779
-2663
-963
1072
3121
4838
5910
6107
5328
3623
1193
-1628
-4431
-6776
-8273
-8638
-7745
-5652
-2604
1002
4666
7856
10086
10995
10397
8321
5009
889
-3482
-7502
-10599
-12324
-12411
-10821
-7749
-3599
1069
5627
9454
12032
13014
12277
9931
6306
1901
-2685
-6843
-10029
-11846
-12091
-10777
-8126
-4531
-494
3442
6774
9101
10176
9927
8462
6040
3029
-153
-3098
-5457
-6988
-7572
-7221
-6065
-4318
-2245
-122
1805
3344
4372
4844
4781
4259
3388
2292
1095
-92
-1182
-2105
-2810
-3260
-3430
-3308
-2894
-2206
-1286
-204
942
2037
2948
3552
3747
3475
2738
1601
196
-1292
-2656
-3684
-4203
-4104
-3368
-2076
-399
1414
3082
4327
4921
4731
3741
2067
-57
-2310
-4330
-5767
-6350
-5927
-4500
-2235
557
3463
6026
7816
8503
7909
6050
3139
-435
-4163
-7483
-9872
-10922
-10412
-8345
-4961
-705
3832
7996
11167
12853
12764
10866
7386
2785
-2302
-7162
-11101
-13551
-14152
-12804
-9689
-5238
-74
5081
9509
12602
13944
13376
11008
7205
2525
-2361
-6774
-10119
-11974
-12143
-10674
-7849
-4128
-78
3718
6748
8640
9213
8489
6682
4151
1331
-1333
-3464
-4803
-5242
-4836
-3771
-2329
-828
437
1252
1513
1242
576
-261
-1015
-1448
-1389
-777
327
1745
3211
4416
5069
4953
3968
2165
-257
-2971
-5571
-7629
-8772
-8741
-7443
-4973
-1612
2205
5956
9096
11147
11766
10806
8337
4650
216
-4375
-8500
-11585
-13193
-13082
-11245
-7911
-3514
1363
6076
10002
12625
13608
12835
10426
6713
2199
-2520
-6833
-10195
-12201
-12629
-11471
-8922
-5349
-1236
2882
6495
9174
10631
10744
9563
7296
4276
906
-2391
-5228
-7299
-8409
-8492
-7608
-5925
-3692
-1202
1249
3393
5021
6000
6277
5885
4922
3536
1905
212
-1372
-2709
-3695
-4272
-4426
-4181
-3592
-2736
-1702
-583
529
1555
2426
3088
3500
0
0
0
0
0
0
0
0
0
0
0
0
0
0
0
0
0
0
0
0
0
0
0
0
0
0
0
0
0
0
0
0
0
0
0
0
0
0
0
0
0
0
0
0
0
0
0
0
0
0
0
0
0
0
0
0
0
0
0
0
0
0
0
0
0
0
0
3640
3474
2987
2207
1187
3
-1247
-2445
-3461
-4164
-4444
-4224
-3479
-2251
-647
1159
2950
4486
5538
5924
5540
4382
2556
271
-2179
-4460
-6241
-7238
-7268
-6278
-4359
-1744
1222
4129
6555
8133
8604
7863
5979
3187
-133
-3518
-6480
-8581
-9500
-9079
-7354
-4552
-1060
2629
5989
8531
9884
9844
8408
5775
2318
-1469
-5049
-7911
-9652
-10030
-9003
-6727
-3539
100
3673
6678
8705
9490
8954
7204
4519
1299
-1990
-4894
-7025
-8123
-8082
-6962
-4973
-2433
279
2786
4759
5971
6316
5817
4617
2940
1060
-749
-2255
-3295
-3793
-3763
-3293
-2524
-1619
-731
21
570
902
1053
1090
1092
1126
1232
1408
1612
1771
1796
1605
1144
407
-558
-1649
-2718
-3598
-4126
-4173
-3672
-2630
-1140
632
2464
4108
5327
5928
5798
4916
3367
1329
-946
-3170
-5053
-6345
-6869
-6550
-5419
-3613
-1356
1070
3368
5254
6504
6972
6612
5481
3725
1563
-745
-2929
-4741
-5985
-6533
-6341
-5449
-3971
-2083
0
2049
3845
5198
5970
6084
5536
4386
2762
839
-1173
-3055
-4597
-5622
-6008
-5703
-4731
-3196
-1272
815
2816
4481
5596
6010
5659
4576
2894
828
-1347
-3338
-4868
-5716
-5758
-4978
-3481
-1481
733
2833
4499
5472
5594
4832
3292
1204
-1111
-3288
-4971
-5873
-5824
-4798
-2929
-488
2148
4559
6342
7178
6886
5457
3062
36
-3174
-6074
-8192
-9160
-8771
-7022
-4114
-438
3484
7075
9783
11173
10990
9207
6032
1886
-2656
-6949
-10368
-12405
-12742
-11303
-8267
-4045
776
5523
9528
12228
13249
12454
9966
6148
1548
-3183
-7388
-10494
-12098
-12018
-10318
-7290
-3404
765
4623
7648
9460
9873
8915
6809
3937
766
-2219
-4600
-6080
-6521
-5961
-4592
-2721
-708
1090
2390
3019
2942
2258
1177
-26
-1065
-1699
-1774
-1257
-242
1069
2406
3472
4007
3836
2904
1297
-773
-2996
-5008
-6457
-7062
-6658
-5235
-2940
-67
2990
5793
7925
9054
8985
7695
5336
2215
-1248
-4583
-7336
-9135
-9743
-9090
-7281
-4577
-1356
1946
4897
7129
8385
8554
7675
5926
3585
992
-1510
-3621
-5123
-5901
-5950
-5361
-4298
-2960
-1548
-230
876
1719
2299
2664
2880
3008
3086
3112
3049
2827
2367
1605
517
-864
-2435
-4028
-5428
-6405
-6748
-6307
-5026
-2967
-312
2647
5544
7985
9604
10117
9375
7390
4346
586
-3432
-7192
-10189
-11998
-12338
-11116
-8447
-4640
-165
4408
8488
11540
13156
13116
11417
8272
4088
-595
-5174
-9061
-11763
-12950
-12491
-10472
-7181
-3064
1332
5444
8754
10867
11553
10774
8683
5596
1944
-1784
-5116
-7649
-9104
-9353
-8431
-6520
-3920
-1000
1851
4281
6011
6875
6827
5944
4400
2445
359
-1585
-3156
-4190
-4608
-4418
-3705
-2614
-1324
-20
1131
2002
2515
2651
2441
1958
1302
583
-96
-654
-1035
-1218
-1213
-1053
-789
-475
-167
93
278
377
395
348
261
158
62
-9
-50
-59
-44
-13
19
45
58
55
38
13
-13
-35
-49
-51
-44
-30
-15
-4
0
-4
-15
-30
-44
-51
-49
-35
-13
13
38
55
58
45
19
-13
-44
-59
-50
-9
62
158
261
348
395
377
278
93
-167
-475
-789
-1053
-1213
-1218
-1035
-654
-96
583
1302
1958
2441
2651
2515
2002
1131
-20
-1324
-2614
-3705
-4418
-4608
-4190
-3156
-1585
359
2445
4400
5944
6827
6875
6011
4281
1851
-1000
-3920
-6520
-8431
-9353
-9104
-7649
-5116
-1784
1944
5596
8683
10774
11553
10867
8754
5444
1332
-3064
-7181
-10472
-12491
-12950
-11763
-9061
-5174
-595
4088
8272
11417
13116
13156
11540
8488
4408
-165
-4640
-8447
-11116
-12338
-11998
-10189
-7192
-3432
586
4346
7390
9375
10117
9604
7985
5544
2647
-312
-2967
-5026
-6307
-6748
-6405
-5428
-4028
-2435
-864
517
1605
2367
2827
3049
3112
3086
3008
2880
2664
2299
1719
876
-230
-1548
-2960
-4298
-5361
-5950
-5901
-5123
-3621
-1510
992
3585
5926
7675
8554
8385
7129
4897
1946
-1356
-4577
-7281
-9090
-9743
-9135
-7336
-4583
-1248
2215
5336
7695
8985
9054
7925
5793
2990
-67
-2940
-5235
-6658
-7062
-6457
-5008
-2996
-773
1297
2904
3836
4007
3472
2406
1069
-242
-1257
-1774
-1699
-1065
-26
1177
2258
2942
3019
2390
1090
-708
-2721
-4592
-5961
-6521
-6080
-4600
-2219
766
3937
6809
8915
9873
9460
7648
4623
765
-3404
-7290
-10318
-12018
-12098
-10494
-7388
-3183
1548
6148
9966
12454
13249
12228
9528
5523
776
-4045
-8267
-11303
-12742
-12405
-10368
-6949
-2656
1886
6032
9207
10990
11173
9783
7075
3484
-438
-4114
-7022
-8771
-9160
-8192
-6074
-3174
36
3062
5457
6886
7178
6342
4559
2148
-488
-2929
-4798
-5824
-5873
-4971
-3288
-1111
1204
3292
4832
5594
5472
4499
2833
733
-1481
-3481
-4978
-5758
-5716
-4868
-3338
-1347
828
2894
4576
5659
6010
5596
4481
2816
815
-1272
-3196
-4731
-5703
-6008
-5622
-4597
-3055
-1173
839
2762
4386
5536
6084
5970
5198
3845
2049
0
-2083
-3971
-5449
-6341
-6533
-5985
-4741
-2929
-745
1563
3725
5481
6612
6972
6504
5254
3368
1070
-1356
-3613
-5419
-6550
-6869
-6345
-5053
-3170
-946
1329
3367
4916
5798
5928
5327
4108
2464
632
-1140
-2630
-3672
-4173
-4126
-3598
-2718
-1649
-558
407
1144
1605
1796
1771
1612
1408
1232
1126
1092
1090
1053
902
570
21
-731
-1619
-2524
-3293
-3763
-3793
-3295
-2255
-749
1060
2940
4617
5817
6316
5971
4759
2786
279
-2433
-4973
-6962
-8082
-8123
-7025
-4894
-1990
1299
4519
7204
8954
9490
8705
6678
3673
100
-3539
-6727
-9003
-10030
-9652
-7911
-5049
-1469
2318
5775
8408
9844
9884
8531
5989
2629
-1060
-4552
-7354
-9079
-9500
-8581
-6480
-3518
-133
3187
5979
7863
8604
8133
6555
4129
1222
-1744
-4359
-6278
-7268
-7238
-6241
-4460
-2179
271
2556
4382
5540
5924
5538
4486
2950
1159
-647
-2251
-3479
-4224
-4444
-4164
-3461
-2445
-1247
3
1187
2207
2987
3474
0
0
0
0
0
0
0
0
0
0
0
0
0
0
0
0
0
0
0
0
0
0
0
0
0
0
0
0
0
0
0
0
0
0
0
0
0
0
0
0
0
0
0
0
0
0
0
0
0
0
0
0
0
0
0
0
0
0
0
0
0
0
0
0
0
0
0
3640
3490
3045
2327
1376
251
-965
-2172
-3249
-4073
-4527
-4519
-4001
-2979
-1524
228
2090
3837
5237
6082
6220
5579
4187
2176
-229
-2737
-5023
-6770
-7721
-7711
-6698
-4772
-2152
838
3817
6390
8203
8997
8641
7156
4716
1623
-1725
-4894
-7467
-9104
-9585
-8842
-6970
-4210
-921
2472
5534
7876
9208
9374
8371
6347
3576
422
-2712
-5441
-7438
-8482
-8477
-7462
-5598
-3144
-416
2249
4544
6220
7116
7173
6431
5020
3136
1012
-1107
-3001
-4485
-5436
-5792
-5556
-4789
-3594
-2108
-480
1136
2599
3787
4605
4989
4911
4380
3439
2168
675
-907
-2432
-3750
-4725
-5244
-5236
-4678
-3609
-2122
-362
1485
3218
4636
5568
5889
5547
4563
3036
1135
-922
-2896
-4550
-5682
-6151
-5896
-4943
-3406
-1469
634
2649
4333
5484
5967
5732
4815
3338
1489
-501
-2390
-3950
-4999
-5422
-5183
-4329
-2980
-1314
457
2117
3465
4349
4676
4425
3647
2454
1007
-505
-1897
-3000
-3688
-3892
-3603
-2877
-1820
-577
685
1808
2653
3119
3161
2788
2062
1093
16
-1019
-1876
-2444
-2654
-2487
-1978
-1206
-289
640
1450
2027
2292
2214
1812
1151
332
-518
-1275
-1827
-2096
-2045
-1687
-1082
-324
467
1174
1690
1941
1893
1563
1006
316
-398
-1024
-1469
-1670
-1604
-1295
-802
-216
362
838
1136
1215
1075
754
323
-129
-513
-753
-804
-657
-345
64
483
817
986
936
658
186
-403
-1006
-1504
-1790
-1785
-1459
-835
6
941
1820
2489
2820
2733
2209
1303
134
-1127
-2290
-3166
-3605
-3521
-2906
-1835
-459
1017
2371
3391
3915
3854
3212
2084
645
-881
-2255
-3258
-3733
-3607
-2907
-1751
-338
1095
2305
3086
3307
2932
2027
754
-658
-1955
-2895
-3296
-3065
-2224
-903
677
2240
3498
4203
4193
3421
1972
49
-2049
-3980
-5407
-6059
-5779
-4551
-2514
57
2789
5265
7088
7948
7669
6243
3839
778
-2509
-5548
-7886
-9166
-9181
-7907
-5508
-2314
1224
4610
7365
9101
9585
8761
6765
3897
576
-2723
-5548
-7523
-8411
-8142
-6813
-4671
-2064
611
2980
4737
5696
5804
5145
3910
2363
784
-578
-1548
-2044
-2092
-1803
-1348
-915
-663
-690
-1007
-1535
-2119
-2559
-2656
-2256
-1291
194
2041
3986
5707
6867
7186
6485
4736
2083
-1173
-4601
-7705
-9994
-11063
-10662
-8744
-5490
-1285
3317
7684
11182
13280
13629
12122
8916
4418
-769
-5932
-10347
-13389
-14618
-13855
-11202
-7032
-1935
3366
8128
11686
13558
13512
11595
8126
3641
-1185
-5649
-9117
-11121
-11426
-10058
-7294
-3612
388
4080
6908
8473
8591
7314
4916
1843
-1363
-4157
-6076
-6815
-6276
-4577
-2032
899
3699
5866
7007
6898
5525
3084
-45
-3360
-6316
-8411
-9268
-8696
-6722
-3594
257
4278
7877
10506
11750
11384
9412
6064
1772
-2895
-7310
-10871
-13086
-13642
-12445
-9631
-5551
-718
4256
8747
12190
14158
14411
12921
9877
5651
755
-4224
-8700
-12151
-14182
-14568
-13278
-10469
-6473
-1750
3159
7701
11365
13740
14563
13740
11365
7701
3159
-1750
-6473
-10469
-13278
-14568
-14182
-12151
-8700
-4224
755
5651
9877
12921
14411
14158
12190
8747
4256
-718
-5551
-9631
-12445
-13642
-13086
-10871
-7310
-2895
1772
6064
9412
11384
11750
10506
7877
4278
257
-3594
-6722
-8696
-9268
-8411
-6316
-3360
-45
3084
5525
6898
7007
5866
3699
899
-2032
-4577
-6276
-6815
-6076
-4157
-1363
1843
4916
7314
8591
8473
6908
4080
388
-3612
-7294
-10058
-11426
-11121
-9117
-5649
-1185
3641
8126
11595
13512
13558
11686
8128
3366
-1935
-7032
-11202
-13855
-14618
-13389
-10347
-5932
-769
4418
8916
12122
13629
13280
11182
7684
3317
-1285
-5490
-8744
-10662
-11063
-9994
-7705
-4601
-1173
2083
4736
6485
7186
6867
5707
3986
2041
194
-1291
-2256
-2656
-2559
-2119
-1535
-1007
-690
-663
-915
-1348
-1803
-2092
-2044
-1548
-578
784
2363
3910
5145
5804
5696
4737
2980
611
-2064
-4671
-6813
-8142
-8411
-7523
-5548
-2723
576
3897
6765
8761
9585
9101
7365
4610
1224
-2314
-5508
-7907
-9181
-9166
-7886
-5548
-2509
778
3839
6243
7669
7948
7088
5265
2789
57
-2514
-4551
-5779
-6059
-5407
-3980
-2049
49
1972
3421
4193
4203
3498
2240
677
-903
-2224
-3065
-3296
-2895
-1955
-658
754
2027
2932
3307
3086
2305
1095
-338
-1751
-2907
-3607
-3733
-3258
-2255
-881
645
2084
3212
3854
3915
3391
2371
1017
-459
-1835
-2906
-3521
-3605
-3166
-2290
-1127
134
1303
2209
2733
2820
2489
1820
941
6
-835
-1459
-1785
-1790
-1504
-1006
-403
186
658
936
986
817
483
64
-345
-657
-804
-753
-513
-129
323
754
1075
1215
1136
838
362
-216
-802
-1295
-1604
-1670
-1469
-1024
-398
316
1006
1563
1893
1941
1690
1174
467
-324
-1082
-1687
-2045
-2096
-1827
-1275
-518
332
1151
1812
2214
2292
2027
1450
640
-289
-1206
-1978
-2487
-2654
-2444
-1876
-1019
16
1093
2062
2788
3161
3119
2653
1808
685
-577
-1820
-2877
-3603
-3892
-3688
-3000
-1897
-505
1007
2454
3647
4425
4676
4349
3465
2117
457
-1314
-2980
-4329
-5183
-5422
-4999
-3950
-2390
-501
1489
3338
4815
5732
5967
5484
4333
2649
634
-1469
-3406
-4943
-5896
-6151
-5682
-4550
-2896
-922
1135
3036
4563
5547
5889
5568
4636
3218
1485
-362
-2122
-3609
-4678
-5236
-5244
-4725
-3750
-2432
-907
675
2168
3439
4380
4911
4989
4605
3787
2599
1136
-480
-2108
-3594
-4789
-5556
-5792
-5436
-4485
-3001
-1107
1012
3136
5020
6431
7173
7116
6220
4544
2249
-416
-3144
-5598
-7462
-8477
-8482
-7438
-5441
-2712
422
3576
6347
8371
9374
9208
7876
5534
2472
-921
-4210
-6970
-8842
-9585
-9104
-7467
-4894
-1725
1623
4716
7156
8641
8997
8203
6390
3817
838
-2152
-4772
-6698
-7711
-7721
-6770
-5023
-2737
-229
2176
4187
5579
6220
6082
5237
3837
2090
228
-1524
-2979
-4001
-4519
-4527
-4073
-3249
-2172
-965
251
1376
2327
3045
3490
0
0
0
0
0
0
0
0
0
0
0
0
0
0
0
0
0
0
0
0
0
0
0
0
0
0
0
0
0
0
0
0
0
0
0
0
0
0
0
0
0
0
0
0
0
0
0
0
0
0
0
0
0
0
0
0
0
0
0
0
0
0
0
0
0
0
0
