36.7813211217173
31.125540560009224
40.77458549999692
40.24609408605758
32.854125863528594
43.8006948649043
44.132909878655965
34.97641524490072
49.724973051903454
44.8953575495422
38.03897302622835
49.63867440132029
38.11104851148392
29.720173547071237
50.708912914115885
42.696059405499525
47.10456643189296
35.61148955552945
59.314943442378485
63.79189128183367
61.346114769888224
73.27515672231213
61.52050028007128
71.11573438600345
74.95321681543066
73.35721173800894
60.974583906226066
86.08448809265622
96.08697188252452
96.8923490507543
90.33505299280846
88.79797170694752
61.60982059700598
62.182596338851425
76.3934314205092
72.94376142890417
76.11683015198358
70.65121316259331
66.48604670249392
76.72056470055573
82.32326162076687
86.12553961295231
85.40930211986395
96.98787985366224
70.3104333531007
79.63135669055428
80.9127074903384
68.41128535541182
65.03656116286537
64.11492278914075
58.042625535834645
58.7530464801123
69.8802950369609
60.89029004193748
76.0636623489005
80.10008287498187
59.113756800282715
72.80177101447156
63.12745361231891
71.06843130372688
61.38690731120398
54.35121302448519
68.97219127834214
70.24896502960941
67.48139249592059
63.19985045367625
65.9092804825115
76.79978893757382
77.93295465381794
66.24056761546638
55.340734483933346
63.28304847367035
86.37924871762519
90.55537656688715
81.25453692060483
72.88437335447487
57.97090552301072
75.80940151270028
75.90320845377829
70.83154655256776
67.406892606291
66.69076873597412
71.13609049759287
64.91931518648043
75.64344216736367
100.7464133721221
100.84147704383778
90.40234487544978
87.77041765408222
75.05698916583758
67.28935350681823
68.59444537696125
53.21619066948799
73.19458002942935
67.7353065533798
65.73926439086391
68.3018140468933
76.3271192050437
75.43089989393914
74.02639633238067
81.45997074313772
78.23023004814766
70.70230652766033
70.33136977397768
64.55477226796373
51.26720784061889
72.20742659584117
100.2358549138043
100.49458024735003
99.04916459749117
95.51384724947235
77.63167819514655
77.13533369420864
75.31947723203344
72.76074447465835
65.72559965197786
62.201474584592226
62.725473714244245
84.17862675336514
82.1343879472971
69.64747941401545
70.41476974293809
81.4508652678981
82.1696037100942
61.3914022167406
63.772233631860125
61.26982886326944
62.89421884798358
55.82791849436953
60.47892129539682
60.07519208180973
62.75034059671051
69.29562237673096
62.432912383604624
72.53474193402927
67.81799509213945
74.22507172342829
68.71162775799989
48.36007304790856
56.60154436688801
63.064935367870135
57.217328122978074
69.4603075339717
50.71761161738239
106.87100685838101
106.70929148835071
95.22461329517662
90.56614235521127
85.70991826465986
77.96569474977707
67.23044984753413
54.461056641048074
72.90334471565629
70.20892153387076
64.80177406321778
79.05176936208585
78.92935303884892
64.66246609655884
73.11185631102899
77.31113834697379
70.80019456734112
58.46904993325845
73.05198782904493
69.40579265443037
68.88147739293626
72.78996182899989
61.9688908167671
70.38125786577265
69.13972749641476
61.09124537743487
70.07916026129051
70.49129269869185
73.21538307969634
59.98927269340794
70.39951490550116
69.31144306990261
75.35190595913075
74.92353072861847
59.79871853518781
74.80778974028748
74.21592758470739
76.63376436123318
59.907037585160495
68.38156653552008
73.50987678260815
78.57170247082405
78.43586127941332
66.16049603743762
70.547815662145
77.25265055531055
80.14452808646384
79.80691999581629
70.77394006737008
82.29808869841882
83.27085533192371
70.42316926553559
73.53522041380215
65.77830922584212
65.03897633842625
60.315970943491166
68.57935472466382
88.61770810842651
89.28097520767578
68.91151574595939
76.22185676183128
71.64251409738317
70.73627202735656
62.37396992952377
60.45110397163665
55.055883583261156
55.81152164240413
78.40320534768671
75.35427825711012
69.76334353165883
77.26195187389757
77.3904960878602
65.03705977486969
65.11142592156136
54.87163895840126
82.84519827981362
81.7638357339477
57.804877071290534
74.77376942173925
84.57731475395319
85.78874295748298
74.56098075526984
77.55254947606542
51.88005533323672
55.14549661988979
86.40122540909937
70.85824395653441
87.11618796886569
75.27779521535395
73.06778819699348
78.37612861612253
78.88852929293719
63.737576132144476
55.63684620482552
74.3658522987198
69.65910745393273
83.96813892685884
83.94845959998565
76.30604549921479
81.14441412711032
75.82162973028731
71.87403748097218
72.82342348180936
85.97145930926146
85.60422276089801
49.90893638876079
54.75741175736669
77.81420429049348
81.25796877927803
65.93455966083303
68.03205155819086
85.22805510924663
87.09615821060976
75.49321874647202
59.64563764017119
71.45638546613038
75.12971185713256
70.21228886044598
69.9037209692866
47.10154147795383
44.35710751717633
60.9286314921124
67.45713423212413
57.538242220291764
67.6615098122415
72.20148805945469
81.91620647406981
78.54021542971876
65.4146364885616
51.78312279550766
54.50357410027444
67.91416924993362
63.75645462639339
72.84291311187806
67.21213380449889
75.0639093343164
64.0152727916284
73.52020364802577
50.21016440426824
56.843378258980664
50.10585581427806
63.230155832493494
75.88561654579985
77.16280215872493
73.49217899212556
80.16143422902992
76.14937182036502
69.9682642205172
64.51413730953438
53.64252494312204
74.80420071312741
75.00677109129701
87.14455729054727
80.53741316980718
105.6533830533055
107.69916091260734
99.99569255774658
89.4412611750081
87.48180966215884
66.22432659795767
46.24556295009771
46.832228165692264
55.89842366869675
69.62813087909383
71.35301880594417
69.7908082323706
62.73411167127166
57.461337374184815
63.927985129937674
67.91313754932739
74.41151322809854
76.35067342084366
79.56074788499949
73.25385080296414
68.47515705384116
64.09084385602127
65.46866707220008
77.18371765239239
65.97402207762335
71.3404766872976
53.82782993429677
58.39962021215311
65.70321458040345
64.51617767174791
106.4448817810765
100.44384355942134
100.60275558748259
100.27610510073887
99.63759443159312
92.52766886189886
78.59109582509588
47.84366680083827
69.30139150784524
60.480307500234815
65.70847638345053
57.081101342096375
84.94217189952164
86.63065805205972
75.40001354506991
57.633708756608144
57.294437626064216
63.425902024433434
57.94850657847556
62.48944149229579
50.99934179012116
66.06988461378063
76.64305611625107
57.51990466293255
66.56088378183779
68.83683013101451
53.57916488898389
55.492036451414954
59.61529203638396
62.30949685495073
55.46103838729833
57.703382518866974
66.09663731937175
64.85525838006333
71.92834247752518
68.51007693537485
65.85671647023392
70.42351209971626
55.83663470185823
86.73225256070529
85.42410639407407
68.17815400386934
64.54930104919205
51.2973116130201
59.669446373317086
68.18616216643422
71.20728549345802
