0
4278
8485
12550
16402
19973
23203
26035
28419
30314
31684
32507
32766
32456
31581
30156
28203
25758
22860
19561
15917
11991
7852
3573
-771
-5106
-9352
-13436
-17284
-20829
-24006
-26759
-29038
-30801
-32015
-32660
-32720
-32196
-31094
-29434
-27244
-24563
-21439
-17925
-14087
-9991
-5712
-1327
3083
7441
11667
15683
19415
22796
25762
28259
30239
31667
32514
32764
32412
31462
29931
27847
25247
22178
18696
14865
10755
6443
2009
-2465
-6896
-11201
-15299
-19113
-22570
-25606
-28162
-30190
-31650
-32514
-32764
-32394
-31411
-29832
-27686
-25012
-21861
-18292
-14372
-10175
-5781
-1274
3259
7733
12062
16161
19951
23359
26318
28771
30668
31973
32659
32711
32127
30919
29107
26727
23823
20452
16679
12577
8226
3711
-879
-5455
-9926
-14204
-18204
-21846
-25058
-27775
-29942
-31516
-32464
-32766
-32415
-31417
-29790
-27567
-24790
-21514
-17805
-13736
-9388
-4849
-209
4437
8997
13377
17489
21248
24578
27411
29687
31359
32393
32765
32468
31507
29899
27676
24884
21579
17828
13707
9301
4700
0
-4703
-9311
-13729
-17864
-21629
-24947
-27746
-29968
-31566
-32503
-32761
-32332
-31225
-29460
-27076
-24119
-20653
-16748
-12488
-7961
-3263
1506
6246
10856
15238
19298
22949
26112
28719
30713
32051
32702
32651
31900
30461
28366
25658
22395
18646
14492
10022
5332
524
-4298
-9029
-13567
-17811
-21669
-25055
-27896
-30127
-31699
-32577
-32739
-32182
-30916
-28967
-26379
-23206
-19519
-15397
-10932
-6222
-1372
3511
8320
12945
17284
21240
24723
27655
29968
31611
32545
32748
32214
30954
28995
26381
23169
19431
15252
10724
5950
1038
-3899
-8751
-13405
-17757
-21705
-25159
-28038
-30277
-31822
-32637
-32702
-32014
-30588
-28456
-25665
-22280
-18377
-14047
-9388
-4509
477
5455
10308
14924
19194
23018
26305
28979
30974
32243
32756
32498
31476
29711
27244
24133
20449
16280
11722
6884
1880
-3170
-8148
-12935
-17416
-21484
-25041
-28000
-30291
-31856
-32659
-32677
-31909
-30373
-28105
-25157
-21600
-17520
-13013
-8189
-3163
1941
7001
11893
16499
20705
24407
27516
29953
31659
32589
32721
32049
30590
28377
25463
21921
17836
13307
8448
3377
-1780
-6896
-11843
-16499
-20746
-24479
-27603
-30040
-31727
-32621
-32699
-31957
-30413
-28105
-25088
-21439
-17247
-12618
-7668
-2522
2689
7836
12787
17416
21605
25247
28248
30530
32035
32723
32574
31592
29801
27244
23987
20112
15718
10917
5832
595
-4660
-9798
-14685
-19194
-23208
-26622
-29345
-31307
-32455
-32757
-32206
-30813
-28614
-25665
-22043
-17841
-13169
-8148
-2911
2405
7661
12717
17440
21705
25397
28419
30689
32146
32750
32483
31352
29385
26633
23169
19084
14487
9500
4255
-1105
-6439
-11603
-16457
-20870
-24723
-27911
-30346
-31961
-32712
-32578
-31559
-29684
-27001
-23582
-19519
-14922
-9916
-4636
771
6162
11386
16301
20770
24671
27896
30354
31977
32719
32558
31498
29565
26813
23317
19172
14492
9407
4058
-1405
-6833
-12073
-16978
-21411
-25247
-28377
-30713
-32188
-32760
-32410
-31148
-29007
-26047
-22351
-18021
-13179
-7961
-2516
3003
8440
13640
18454
22745
26389
29282
31340
32503
32737
32033
30409
27913
24613
20604
16000
10932
5547
0
-5550
-10942
-16021
-20637
-24657
-27963
-30458
-32068
-32745
-32468
-31244
-29107
-26118
-22364
-17952
-13013
-7689
-2137
3479
8997
14252
19090
23367
26955
29748
31662
32640
32650
31691
29790
27003
23411
19119
14256
8965
3403
-2262
-7862
-13230
-18204
-22633
-26385
-29345
-31423
-32556
-32707
-31871
-30072
-27362
-23823
-19561
-14703
-9397
-3803
1908
7565
12994
18030
22517
26318
29316
31419
32559
32702
31841
30001
27238
23635
19302
14372
8996
3339
-2422
-8112
-13553
-18577
-23026
-26761
-29667
-31650
-32648
-32629
-31591
-29565
-26615
-22829
-18327
-13249
-7752
-2009
3799
9491
14886
19815
24120
27666
30338
32052
32751
32412
31044
28690
25423
21345
16586
11295
5642
-193
-6025
-11667
-16938
-21669
-25706
-28920
-31206
-32489
-32726
-31909
-30063
-27244
-23544
-19081
-13998
-8460
-2644
3259
9060
14569
19606
24006
27626
30346
32075
32756
32366
30916
28451
25051
20827
15917
10480
4696
-1244
-7147
-12817
-18065
-22719
-26622
-29644
-31684
-32674
-32578
-31398
-29173
-25975
-21909
-17110
-11737
-5969
0
5972
11747
17130
21941
26016
29217
31436
32596
32657
31615
29504
26395
22390
17625
12260
6476
470
-5554
-11392
-16845
-21726
-25867
-29127
-31393
-32585
-32662
-31619
-29491
-26349
-22301
-17483
-12062
-6222
-166
5898
11762
17222
22088
26191
29387
31566
32648
32597
31411
29131
25835
21636
16679
11138
5205
-912
-7001
-12847
-18244
-23003
-26955
-29960
-31912
-32739
-32412
-30940
-28374
-24803
-20353
-15179
-9465
-3413
2763
8843
14612
19863
24407
28083
30758
32334
32755
32003
30103
27124
23169
18381
12929
7010
836
-5370
-11386
-16993
-21989
-26191
-29446
-31636
-32680
-32538
-31214
-28754
-25247
-20819
-15630
-9868
-3744
2518
8692
14551
19879
24480
28184
30855
32393
32739
31880
29845
26709
22585
17625
12011
5950
-333
-6607
-12639
-18204
-23094
-27128
-30152
-32055
-32763
-32248
-30528
-27666
-23767
-18976
-13473
-7461
-1167
5173
11322
17047
22132
26385
29644
31785
32724
32427
30901
28203
24435
19738
14288
8294
1981
-4409
-10635
-16457
-21654
-26025
-29402
-31656
-32697
-32485
-31027
-28377
-24634
-19943
-14481
-8460
-2109
4324
10594
16457
21686
26077
29459
31699
32710
32451
30929
28203
24378
19601
14056
7961
1552
-4919
-11201
-17047
-22227
-26537
-29806
-31906
-32751
-32307
-30590
-27666
-23648
-18696
-13002
-6791
-309
6187
12441
18204
23246
27366
30398
32222
32762
31995
29951
26709
22398
17189
11289
4935
-1619
-8112
-14281
-19879
-24678
-28486
-31147
-32552
-32643
-31416
-28917
-25247
-20553
-15023
-8882
-2378
4225
10659
16662
21989
26421
29777
31918
32756
32254
30432
27362
23169
18024
12137
5748
-879
-7473
-13762
-19485
-24407
-28323
-31070
-32533
-32650
-31414
-28875
-25136
-20353
-14721
-8475
-1874
4807
11292
17307
22602
26955
30182
32146
32765
32010
29911
26556
22083
16679
10571
4016
-2711
-9326
-15551
-21121
-25799
-29387
-31732
-32732
-32344
-30582
-27520
-23286
-18060
-12062
-5547
1206
7911
14280
20041
24947
28786
31393
32653
32513
30975
28105
24024
18906
12972
6476
-301
-7069
-13534
-19415
-24458
-28443
-31196
-32596
-32580
-31148
-28360
-24336
-19250
-13322
-6811
0
6813
13332
19269
24364
28393
31178
32594
32578
31129
28309
24241
19103
13120
6555
-301
-7147
-13680
-19609
-24671
-28641
-31340
-32648
-32505
-30916
-27948
-23735
-18460
-12360
-5706
1206
8067
14569
20421
25359
29162
31656
32728
32328
30473
27244
22786
17298
11027
4255
-2711
-9557
-15974
-21669
-26383
-29901
-32062
-32766
-31979
-29736
-26137
-21345
-15577
-9095
-2195
4807
11593
17850
23291
27666
30771
32464
32665
31362
28614
24546
19345
13249
6538
-477
-7473
-14125
-20126
-25196
-29098
-31650
-32732
-32292
-30349
-26991
-22374
-16712
-10266
-3339
3746
10659
17076
22694
27251
30530
32377
32702
31489
28793
24740
19519
13375
6597
-494
-7565
-14281
-20323
-25404
-29282
-31772
-32753
-32178
-30072
-26533
-21729
-15887
-9285
-2238
4919
11843
18204
23695
28052
31066
32589
32548
30942
27847
23411
17845
11416
4435
-2763
-9830
-16425
-22227
-26955
-30378
-32330
-32713
-31507
-28769
-24631
-19293
-13013
-6096
1120
8285
15047
21076
26077
29802
32068
32763
31850
29372
25451
20276
14101
7230
0
-7232
-14111
-20295
-25478
-29402
-31872
-32764
-32033
-29711
-25913
-20827
-14703
-7845
-595
6688
13640
19914
25196
29220
31785
32759
32093
29819
26047
20967
14832
7950
664
-6656
-13645
-19948
-25247
-29273
-31822
-32763
-32046
-29706
-25861
-20703
-14492
-7543
-209
7138
14125
20396
25629
29557
31977
32766
31880
29363
25342
20022
13674
6622
-771
-8129
-15071
-21240
-26318
-30042
-32219
-32734
-31559
-28754
-24461
-18901
-12360
-5177
2276
9615
16457
22447
27271
30678
32489
32608
31026
27825
23169
17302
10527
3199
-4298
-11573
-18244
-23960
-28419
-31387
-32705
-32302
-30198
-26501
-21406
-15179
-8148
-684
6817
13962
20369
25700
29668
32064
32757
31710
28975
24698
19103
12488
5205
-2358
-9798
-16717
-22745
-27557
-30894
-32577
-32513
-30703
-27244
-22319
-16192
-9191
-1693
5898
13175
19743
25247
29388
31941
32765
31816
29141
24884
19276
12618
5272
-2362
-9871
-16845
-22903
-27714
-31014
-32621
-32445
-30495
-26875
-21781
-15492
-8351
-749
6896
14165
20658
26016
29942
32220
32721
31417
28377
23767
17841
10926
3403
-4310
-11787
-18613
-24407
-28847
-31684
-32759
-32010
-29476
-25298
-19707
-13013
-5590
2148
9769
16845
22980
27828
31116
32659
32366
30254
26438
21133
14635
7310
-430
-8148
-15409
-21801
-26962
-30598
-32502
-32563
-30778
-27244
-22162
-15818
-8572
-836
6950
14343
20920
26305
30190
32350
32661
31103
27762
22829
16586
9388
1649
-6187
-13670
-20369
-25898
-29936
-32249
-32702
-31267
-28024
-23161
-16955
-9766
-2009
5867
13405
20168
25762
29860
32222
32709
31291
28049
23169
16936
9711
1916
-5992
-13553
-20323
-25904
-29968
-32275
-32687
-31179
-27837
-22855
-16527
-9222
-1372
6562
14111
20829
26318
30252
32397
32623
30916
27374
22206
15718
8294
373
-7571
-15067
-21669
-26980
-30683
-32556
-32483
-30469
-26631
-21197
-14492
-6916
1077
9009
16402
22811
27851
31216
32702
32218
29790
25564
19793
12824
5078
-2978
-10856
-18080
-24210
-28873
-31785
-32766
-31757
-28816
-24119
-17952
-10689
-2772
5316
13083
20053
25799
29968
32304
32662
31017
27469
22233
15630
8064
0
-8067
-15639
-22251
-27492
-31038
-32669
-32282
-29899
-25665
-19840
-12785
-4935
3223
11185
18454
24578
29176
31960
32754
31507
28295
23317
16881
9388
1306
-6859
-14599
-21426
-26913
-30713
-32587
-32415
-30206
-26096
-20343
-13307
-5431
2789
10837
18204
24423
29100
31937
32755
31498
28244
23199
16679
9099
938
-7285
-15047
-21854
-27271
-30951
-32659
-32282
-29844
-25497
-19519
-12290
-4271
4023
12062
19330
25359
29762
32252
32670
30984
27303
21861
15008
7184
-1105
-9326
-16947
-23474
-28484
-31650
-32766
-31757
-28687
-23753
-17274
-9670
-1435
6896
14781
21705
27215
30951
32666
32248
29720
25247
19119
11737
3583
-4807
-12886
-20121
-26035
-30239
-32455
-32534
-30469
-26395
-20578
-13400
-5336
3083
11302
18775
25007
29584
32200
32681
30992
27244
21684
14679
6695
-1736
-10055
-17706
-24178
-29038
-31959
-32744
-31340
-27837
-22468
-15592
-7668
771
9163
16942
23583
28641
31772
32764
31548
28203
22955
16155
8261
-193
-8637
-16499
-23246
-28419
-31667
-32766
-31641
-28366
-23161
-16378
-8479
0
8482
16388
23178
28387
31659
32766
31633
28334
23092
16267
8323
-193
-8699
-16610
-23382
-28547
-31748
-32764
-31521
-28105
-22748
-15818
-7793
771
9287
17161
23850
28887
31923
32744
31292
27666
22114
15023
6884
-1736
-10238
-18030
-24565
-29387
-32158
-32681
-30919
-26991
-21173
-13868
-5590
3083
11543
19194
25499
30012
32414
32534
30361
26047
19895
12336
3903
-4807
-13181
-20625
-26610
-30711
-32637
-32248
-29569
-24790
-18247
-10405
-1820
6896
15124
22277
27843
31423
32760
31757
28483
23169
16196
8060
-655
-9326
-17331
-24094
-29127
-32068
-32703
-30984
-27033
-21133
-13707
-5289
3511
12062
19743
25999
30374
32552
32371
29844
25150
18630
10754
2094
-6719
-15047
-22282
-27896
-31478
-32765
-31661
-28244
-22763
-15616
-7324
1506
10228
18204
24847
29668
32313
32585
30461
26096
19809
12062
3423
-5469
-13962
-21426
-27310
-31178
-32740
-31881
-28661
-23317
-16242
-7961
912
9721
17811
24578
29519
32265
32608
30520
26157
19840
12041
3339
-5613
-14150
-21629
-27492
-31296
-32755
-31758
-28377
-22863
-15630
-7219
1736
10564
18599
25234
29968
32443
32468
30041
25342
18725
10689
1842
-7147
-15598
-22868
-28404
-31785
-32751
-31227
-27327
-21345
-13736
-5078
3969
12717
20496
26712
30887
32702
32014
28875
23522
16364
7950
-1077
-10024
-18204
-24986
-29848
-32414
-32483
-30050
-25298
-18593
-10451
-1499
7571
16058
23305
28750
31969
32711
30916
26720
20449
12587
3744
-5391
-14111
-21734
-27666
-31442
-32766
-31533
-27837
-21964
-14372
-5653
3510
12401
20323
26654
30894
32710
31957
28692
23169
15822
7226
-1941
-10958
-19113
-25762
-30378
-32596
-32237
-29328
-24096
-16955
-8469
691
9799
18132
25028
29936
32465
32412
29778
24772
17791
9388
234
-8940
-17404
-24479
-29598
-32350
-32513
-30072
-25219
-18342
-9991
-836
8388
16942
24135
29387
32275
32563
30226
25451
18620
10283
1113
-8148
-16754
-24006
-29316
-32252
-32574
-30254
-25477
-18630
-10266
-1066
8222
16845
24098
29390
32286
32549
30156
25298
18372
9941
695
-8610
-17213
-24407
-29603
-32371
-32482
-29925
-24908
-17841
-9305
0
9307
17850
24924
29942
32491
32356
29546
24293
17028
8351
-1019
-10308
-18745
-25629
-30386
-32621
-32145
-28995
-23432
-15917
-7073
2362
11603
19879
26497
30903
32728
31816
28241
22301
14491
5464
-4023
-13175
-21224
-27492
-31451
-32766
-31324
-27244
-20868
-12732
-3519
5992
15001
22745
28568
31977
32682
30619
25962
19103
10622
1238
-8253
-17047
-24394
-29668
-32420
-32412
-29643
-24347
-16973
-8148
1373
10781
19269
26112
30723
32705
31886
28334
22351
14449
5304
-4298
-13534
-21608
-27826
-31650
-32749
-31026
-26627
-19930
-11510
-2094
7504
16457
23989
29446
32355
32460
29752
24461
17046
8148
-1459
-10942
-19477
-26318
-30870
-32732
-31742
-27983
-21780
-13674
-4371
5316
14541
22496
28484
31977
32669
30495
25645
18541
9807
209
-9410
-18204
-25397
-30356
-32640
-32046
-28625
-22675
-14721
-5464
4278
13645
21806
28038
31787
32719
30748
26047
19032
10324
695
-8997
-17892
-25196
-30256
-32621
-32077
-28669
-22701
-14703
-5389
4409
13816
21989
28193
31872
32694
30582
25725
18555
9715
0
-9718
-18563
-25739
-30598
-32699
-31850
-28126
-21861
-13619
-4144
5708
15047
23026
28920
32194
32549
29951
24631
17073
7961
-1876
-11547
-20168
-26955
-31287
-32766
-31257
-26894
-20073
-11416
-1713
8148
17267
24807
30076
32589
32113
28690
22632
14492
5018
-4919
-14407
-22570
-28657
-32104
-32591
-30072
-24775
-17189
-8012
1907
11653
20323
27113
31393
32763
31094
26539
19519
10683
852
-9060
-18132
-25519
-30530
-32697
-31816
-27965
-21503
-13031
-3339
6667
16052
23938
29584
32459
32292
29097
23169
15065
5543
-4501
-14125
-22423
-28612
-32108
-32578
-29977
-24546
-16798
-7461
2582
12385
21019
27666
31694
32721
30647
25665
18247
9095
-923
-10856
-19760
-26786
-31264
-32766
-31146
-26556
-19431
-10451
-470
9557
18675
26008
30855
32749
31507
27244
20368
11537
1595
-8501
-17784
-25359
-30497
-32702
-31758
-27754
-21074
-12360
-2451
7696
17103
24860
30215
32648
31922
28105
21563
12929
3039
-7147
-16643
-24525
-30025
-32607
-32016
-28309
-21844
-13249
-3359
6859
16412
24364
29939
32588
32050
28377
21924
13322
3413
-6833
-16412
-24382
-29960
-32596
-32028
-28309
-21804
-13150
-3199
7069
16643
24578
30089
32630
31946
28105
21482
12732
2719
-7565
-17103
-24947
-30318
-32680
-31797
-27754
-20951
-12062
-1970
8320
17784
25478
30633
32732
31565
27244
20200
11134
952
-9326
-18675
-26154
-31014
-32765
-31228
-26556
-19215
-9941
333
10578
19760
26955
31436
32749
30759
25665
17979
8475
-1887
-12062
-21019
-27851
-31864
-32650
-30126
-24546
-16475
-6728
3703
13762
22423
28806
32258
32427
29291
23169
14683
4696
-5772
-15653
-23938
-29777
-32571
-32033
-28214
-21503
-12587
-2378
8077
17706
25519
30711
32748
31416
26850
19519
10175
-219
-10594
-19879
-27113
-31549
-32726
-30520
-25157
-17189
-7439
3083
13289
22119
28657
32222
32441
29289
23092
14492
4381
-6187
-16114
-24364
-30076
-32652
-31820
-27666
-20619
-11416
-1017
9491
19008
26537
31287
32757
30792
25595
17709
7961
-2625
-12939
-21894
-28547
-32194
-32451
-29286
-23032
-14346
-4144
6498
16457
24678
30291
32699
31644
27238
19943
10531
0
-10533
-19951
-27251
-31656
-32694
-30254
-24592
-16309
-6286
4409
14637
23305
29487
32519
32077
28203
21312
12137
1660
-8997
-18692
-26385
-31248
-32757
-30748
-25434
-17383
-7461
3266
13645
22556
29038
32390
32248
28625
21909
12824
2351
-8378
-18204
-26061
-31098
-32765
-30880
-25645
-17625
-7689
3083
13524
22496
29023
32393
32235
28565
21780
12618
2077
-8692
-18516
-26318
-31245
-32755
-30681
-25247
-17046
-6975
3863
14280
23132
29446
32527
32033
28015
20915
11510
836
-9932
-19609
-27125
-31650
-32682
-30103
-24198
-15616
-5304
5596
15880
24407
30232
32705
31550
26894
19250
9465
-1373
-12062
-21411
-28379
-32188
-32412
-29022
-22395
-13267
-2656
8253
18244
26197
31222
32754
30619
25054
16679
6433
-4537
-15001
-23783
-29895
-32648
-31731
-27244
-19690
-9916
976
11762
21224
28293
32170
32415
28997
22301
13080
2378
-8595
-18599
-26497
-31393
-32729
-30352
-24528
-15917
-5494
5554
15974
24578
30386
32734
31352
26395
18425
8351
-2679
-13405
-22602
-29217
-32491
-32046
-27932
-20616
-10936
0
10939
20625
27944
32055
32482
29173
22507
13249
2462
-8610
-18692
-26622
-31481
-32707
-30156
-24119
-15293
-4696
6446
16845
25296
30817
32766
30916
25477
17079
6695
-4468
-15115
-24006
-30106
-32702
-31489
-26606
-18620
-8460
2689
13528
22788
29387
32552
31909
27532
19930
9991
-1120
-12103
-21669
-28693
-32350
-32208
-28280
-21025
-11295
-234
10856
20671
28052
32127
32412
28871
21921
12379
1372
-9799
-19815
-27487
-31906
-32545
-29328
-22632
-13249
-2291
8940
19113
27016
31708
32629
29666
23169
13911
2992
-8285
-18577
-26654
-31549
-32677
-29899
-23544
-14372
-3477
7836
18214
26411
31442
32702
30037
23764
14635
3744
-7598
-18030
-26293
-31393
-32711
-30086
-23833
-14703
-3796
7571
18026
26305
31405
32707
30050
23753
14577
3632
-7754
-18204
-26446
-31479
-32688
-29925
-23522
-14256
-3253
8148
18560
26712
31608
32650
29706
23135
13736
2656
-8751
-19090
-27095
-31785
-32581
-29385
-22585
-13013
-1842
9557
19786
27585
31994
32468
28947
21861
12081
809
-10564
-20637
-28166
-32219
-32293
-28377
-20951
-10932
440
11762
21629
28819
32437
32033
27653
19840
9561
-1907
-13142
-22745
-29519
-32621
-31661
-26755
-18514
-7961
3586
14689
23960
30239
32740
31148
25658
16955
6128
-5469
-16384
-25247
-30944
-32759
-30461
-24336
-15151
-4058
7546
18204
26572
31595
32638
29565
22763
13087
1756
-9798
-20118
-27896
-32148
-32332
-28424
-20915
-10754
771
12203
22088
29171
32552
31797
27001
18769
8148
-3511
-14727
-24069
-30346
-32754
-30984
-25260
-16309
-5272
6439
17331
26008
31359
32696
29845
23169
13521
2137
-9523
-19964
-27843
-32146
-32318
-28334
-20703
-10405
1234
12717
22564
29503
32637
31559
26407
17841
6968
-4807
-15965
-25058
-30909
-32757
-30361
-24028
-14577
-3233
8533
19194
27364
31977
32433
28669
21173
10917
-762
-12345
-22321
-29387
-32619
-31592
-26438
-17828
-6884
4961
16161
25247
31028
32744
30168
23635
13998
2522
-9287
-19879
-27860
-32179
-32265
-28105
-20242
-9711
2101
13640
23382
30040
32733
31103
25362
16267
5018
-6896
-17901
-26537
-31659
-32585
-29190
-21921
-11741
0
11743
21929
29201
32589
31641
26480
17791
6728
-5233
-16499
-25566
-31222
-32709
-29826
-22955
-13013
-1327
10537
20994
28641
32450
31909
27088
18630
7668
-4324
-15739
-25041
-30976
-32744
-30105
-23411
-13561
-1880
10055
20637
28436
32397
31982
27244
18822
7852
-4182
-15653
-25007
-30974
-32743
-30072
-23319
-13400
-1660
10308
20879
28612
32455
31881
26966
18377
7282
-4807
-16245
-25468
-31216
-32702
-29720
-22675
-12528
-664
11292
21705
29147
32596
31576
26225
17274
5950
-6193
-17489
-26383
-31650
-32564
-28995
-21433
-10917
1105
12978
23064
29968
32737
30984
24950
15465
3839
-8320
-19330
-27666
-32170
-32217
-27796
-19519
-8531
3643
15314
24860
30951
32739
29972
23032
12884
938
-11141
-21669
-29176
-32613
-31498
-25982
-16835
-5332
6918
18204
26944
31912
32410
28366
20343
9465
-2743
-14569
-24351
-30713
-32759
-30198
-23387
-13283
-1306
10856
21492
29100
32604
31507
25962
16748
5166
-7147
-18454
-27152
-32008
-32332
-28076
-19840
-8789
3510
15314
24947
31038
32720
29752
22551
12140
0
-12143
-22559
-29762
-32723
-31017
-24884
-15198
-3339
8998
20053
28242
32393
31908
26854
17952
6476
-5930
-17489
-26541
-31785
-32465
-28481
-20402
-9388
2978
14918
24714
30951
32730
29790
22554
12062
-172
-12385
-22811
-29942
-32746
-30813
-24421
-14492
-2462
9926
20879
28806
32556
31581
26021
16679
4912
-7571
-18956
-27585
-32200
-32127
-27374
-18630
-7167
5342
17076
26318
31719
32485
28504
20353
9222
-3259
-15267
-25041
-31147
-32687
-29434
-21861
-11077
1334
13553
23783
30517
32764
30189
23169
12736
423
-11953
-22570
-29860
-32743
-30792
-24293
-14202
-2009
10483
21426
29201
32652
31267
25247
15482
3419
-9153
-20369
-28563
-32514
-31633
-26047
-16586
-4654
7973
19415
27967
32350
31910
26709
17520
5712
-6950
-18577
-27428
-32179
-32116
-27244
-18292
-6597
6088
17864
26962
32015
32263
27666
18910
7310
-5391
-17284
-26579
-31872
-32366
-27983
-19380
-7852
4862
16845
26287
31760
32433
28203
19707
8226
-4501
-16550
-26094
-31684
-32472
-28334
-19895
-8434
4310
16402
26003
31651
32486
28377
19946
8475
-4288
-16402
-26016
-31662
-32478
-28334
-19861
-8351
4437
16550
26133
31717
32445
28203
19638
8060
-4756
-16845
-26351
-31812
-32386
-27983
-19276
-7602
5243
17284
26666
31941
32293
27666
18769
6975
-5898
-17864
-27071
-32095
-32157
-27244
-18113
-6176
6719
18577
27557
32265
31968
26709
17302
5205
-7702
-19415
-28111
-32434
-31710
-26047
-16326
-4058
8843
20369
28719
32588
31368
25247
15179
2736
-10137
-21426
-29364
-32705
-30922
-24293
-13853
-1238
11573
22570
30025
32764
30353
23169
12339
-434
-13142
-23783
-30678
-32739
-29638
-21861
-10632
2276
14829
25041
31296
32604
28754
20353
8727
-4282
-16616
-26318
-31849
-32328
-27676
-18630
-6622
6439
18480
27585
32302
31880
26381
16679
4318
-8734
-20396
-28806
-32620
-31227
-24845
-14492
-1820
11144
22329
29942
32763
30335
23047
12062
-859
-13645
-24243
-30951
-32688
-29173
-20967
-9388
3703
16202
26094
31785
32354
27709
18593
6476
-6688
-18775
-27832
-32393
-31718
-25913
-15915
-3339
9779
21317
29402
32723
30737
23764
12933
0
-12935
-23772
-30745
-32720
-29372
-21243
-9654
3510
16105
26077
31798
32332
27590
18342
6096
-7147
-19226
-28162
-32493
-31507
-25362
-15061
-2291
10856
22227
29953
32765
30198
22670
11416
-1716
-14569
-25028
-31370
-32548
-28366
-19509
-7435
5867
18204
27539
32330
31782
25982
15887
3163
-10086
-21669
-29667
-32753
-30413
-23032
-11831
1334
14281
24860
31312
32563
28403
19519
7387
-5976
-18347
-27666
-32377
-31693
-25725
-15465
-2622
10659
22164
29968
32766
30086
22374
10917
-2369
-15261
-25599
-31650
-32396
-27709
-18372
-5950
7473
19643
28516
32596
31195
24546
13765
664
-12550
-23653
-30771
-32702
-29116
-20616
-8634
4807
17440
27128
32230
31881
26137
15968
3092
-10308
-21966
-29901
-32766
-30072
-22272
-10689
2711
15653
25937
31812
32275
27244
17574
4908
-8595
-20637
-29162
-32712
-30681
-23411
-12140
1206
14349
25041
31451
32480
27948
18630
6117
-7445
-19735
-28641
-32634
-31026
-24089
-13013
301
13567
24501
31222
32570
28309
19172
6728
-6876
-19298
-28393
-32589
-31159
-24347
-13326
0
13328
24354
31166
32585
28360
19220
6748
-6896
-19347
-28443
-32604
-31103
-24198
-13087
301
13640
24608
31294
32533
28105
18778
6176
-7504
-19879
-28786
-32669
-30847
-23635
-12290
1206
14493
25247
31583
32389
27520
17828
5008
-8692
-20870
-29387
-32745
-30352
-22624
-10917
2711
15865
26229
31977
32094
26556
16335
3233
-10442
-22277
-30182
-32757
-29546
-21112
-8944
4807
17712
27483
32390
31559
25136
14256
845
-12717
-24026
-31070
-32598
-28334
-19032
-6345
7473
19964
28903
32697
30666
23169
11540
-2148
-15456
-26008
-31918
-32127
-26596
-16309
-3103
10659
22517
30346
32741
29270
20553
8148
-5719
-18563
-28078
-32552
-31179
-24202
-12874
771
14281
25223
31625
32332
27214
17189
4062
-9798
-21894
-30040
-32762
-29565
-21025
-8682
5233
18204
27882
32514
31257
24336
13002
-691
-14262
-25247
-31650
-32307
-27094
-16955
-3732
10171
22227
30239
32747
29289
20494
7961
-6025
-18915
-28356
-32621
-30929
-23586
-11931
1907
15400
26077
31982
32033
26215
15592
2109
-11762
-23479
-30889
-32629
-28377
-18910
-5966
8077
20637
29402
32756
30080
21861
9613
-4409
-17621
-27585
-32459
-31342
-24435
-13013
816
14497
25499
31785
32188
26631
16140
2656
-11322
-23203
-30782
-32650
-28456
-18976
-5969
8148
20755
29503
32763
29925
21514
9095
-5021
-18204
-27995
-32564
-31058
-23753
-12011
1977
15598
26305
32095
31880
25698
14703
952
-12978
-24480
-31393
-32418
-27360
-17165
-3744
10381
22559
30497
32702
28754
19394
6380
-7836
-20580
-29446
-32762
-29899
-21393
-8847
5370
18577
28275
32630
30814
23169
11138
-3003
-16579
-27016
-32334
-31523
-24733
-13249
751
14612
25700
31906
32048
26096
15179
1372
-12698
-24354
-31371
-32412
-27273
-16932
-3359
10856
23003
30758
32638
28280
18514
5205
-9101
-21669
-30089
-32747
-29131
-19930
-6905
7445
20371
29387
32762
29844
21189
8460
-5898
-19125
-28673
-32702
-30433
-22301
-9868
4468
17946
27963
32585
30916
23274
11134
-3159
-16845
-27275
-32428
-31305
-24119
-12260
1977
15833
26622
32247
31615
24845
13249
-923
-14918
-26016
-32055
-31858
-25461
-14105
0
14107
25468
31864
32046
25975
14832
792
-13405
-24986
-31684
-32188
-26395
-15435
-1452
12817
24578
31525
32292
26727
15917
1981
-12345
-24250
-31393
-32366
-26976
-16280
-2378
11993
24006
31293
32415
27148
16527
2644
-11762
-23850
-31230
-32442
-27244
-16660
-2779
11653
23783
31206
32451
27267
16679
2783
-11667
-23806
-31222
-32441
-27217
-16586
-2656
11803
23919
31277
32412
27094
16378
2398
-12062
-24120
-31370
-32361
-26894
-16056
-2009
12441
24407
31496
32285
26615
15616
1488
-12939
-24777
-31650
-32178
-26251
-15055
-836
13553
25223
31826
32033
25797
14372
52
-14280
-25739
-32015
-31841
-25247
-13561
863
15115
26318
32208
31592
24592
12618
-1908
-16052
-26950
-32393
-31276
-23823
-11540
3083
17085
27622
32556
30880
22932
10324
-4384
-18204
-28323
-32682
-30389
-21909
-8965
5807
19399
29038
32755
29790
20744
7461
-7347
-20658
-29748
-32757
-29067
-19428
-5811
8997
21966
30436
32669
28203
17952
4016
-10746
-23305
-31079
-32468
-27184
-16309
-2077
12583
24657
31656
32135
25992
14491
0
-14493
-25999
-32139
-31644
-24613
-12494
2208
16457
27304
32503
30975
23032
10317
-4537
-18454
-28547
-32719
-30103
-21238
-7961
6971
20458
29694
32757
29007
19220
5431
-9491
-22439
-30713
-32587
-27666
-16973
-2736
12073
24364
31568
32177
26060
14492
-108
-14689
-26197
-32222
-31498
-24174
-11781
3083
17304
27896
32634
30520
21996
8847
-6162
-19879
-29416
-32766
-29219
-19519
-5706
9311
22368
30711
32578
27570
16743
2378
-12491
-24723
-31732
-32033
-25558
-13674
1105
15653
26888
32428
31095
23169
10328
-4707
-18745
-28806
-32750
-29736
-20402
-6728
8378
21705
30414
32650
27932
17262
2911
-12062
-24465
-31651
-32083
-25665
-13765
1077
15692
26955
32455
31012
22932
9941
-5180
-19194
-29098
-32765
-29406
-19738
-5832
9326
22486
30817
32526
27244
16102
1495
-13436
-25478
-32035
-31693
-24521
-12062
2999
17416
28078
32680
30226
21243
7668
-7565
-21167
-30192
-32685
-28105
-17438
-2992
12103
24578
31727
31995
25321
13150
-1876
-16499
-27539
-32596
-30567
-21889
-8448
6833
20630
29936
32722
28377
17845
3419
-11753
-24364
-31659
-32040
-25423
-13249
1823
16499
27568
32607
30508
21729
8189
-7147
-20920
-30108
-32693
-28105
-17347
-2779
12401
24860
31856
31850
24838
12360
-2839
-17416
-28160
-32702
-30037
-20749
-6884
8501
22013
30668
32552
27244
15915
1066
-14020
-26008
-32243
-31342
-23500
-10451
4915
19194
29220
32766
29042
18871
4509
-10856
-23813
-31479
-32147
-25665
-13473
1720
16533
27666
32637
30335
21271
7461
-8015
-21705
-30552
-32578
-27327
-15968
-1038
14125
26133
32294
31228
23169
9920
-5554
-19786
-29584
-32748
-28565
-17970
-3339
12043
24723
31849
31816
24627
11897
-3511
-18132
-28673
-32755
-29458
-19519
-5177
10334
23516
31393
32182
25702
13414
-1907
-16800
-27896
-32682
-30072
-20653
-6555
9029
22570
30997
32395
26445
14492
-751
-15827
-27310
-32589
-30461
-21406
-7481
8148
21926
30713
32507
26894
15151
-48
-15238
-26955
-32522
-30664
-21804
-7961
7702
21608
30575
32549
27076
15403
202
-15047
-26852
-32503
-30703
-21861
-8002
7696
21629
30598
32538
27001
15255
0
-15257
-27007
-32541
-30582
-21579
-7602
8129
21989
30779
32468
26664
14703
-655
-15865
-27411
-32621
-30288
-20948
-6758
8997
22672
31098
32318
26047
13736
-1763
-16855
-28038
-32713
-29790
-19946
-5464
10289
23653
31516
32046
25116
12336
-3319
-18204
-28847
-32766
-29042
-18541
-3711
11987
24889
31977
31593
23823
10480
-5316
-19871
-29777
-32711
-27983
-16697
-1495
14059
26318
32404
30885
22114
8148
-7733
-21801
-30745
-32460
-26539
-14372
1180
16457
27860
32699
29832
19930
5325
-10537
-23916
-31650
-31910
-24631
-11530
4298
19113
29409
32747
28334
17210
2009
-13670
-26112
-32365
-30942
-22178
-8148
7817
21929
30833
32412
26285
13907
-1780
-17047
-28259
-32743
-29429
-19103
-4222
11667
24777
31977
31548
23586
9991
-5992
-20546
-30192
-32619
-27244
-15350
219
15739
27492
32660
30001
20149
5464
-10533
-24006
-31719
-31816
-24270
-10892
5106
19879
29873
32681
27625
15917
373
-15261
-27221
-32621
-30156
-20416
-5748
10308
23879
31684
31836
24293
10875
-5173
-19973
-29942
-32665
-27477
-15633
0
15636
27483
32666
29925
19920
5078
-10999
-24407
-31886
-31615
-23656
-9941
6193
20824
30386
32549
26782
14487
-1341
-16845
-28242
-32749
-29262
-18630
-3445
12583
25539
32252
31078
22301
8064
-8148
-22368
-31111
-32231
-25451
-12429
3643
18824
29387
32737
28047
16465
836
-15001
-27152
-32625
-30072
-20115
-5205
10989
24479
31937
31523
23335
9388
-6876
-21447
-30723
-32412
-26092
-13322
2743
18132
29038
32759
28371
16955
1338
-14612
-26944
-32596
-30164
-20247
-5304
10958
24501
31960
31477
23169
9099
-7236
-21774
-30894
-32323
-25702
-12676
3510
18824
29446
32724
27837
16000
166
-15711
-27666
-32707
-29572
-19041
-3744
12491
25602
32304
30916
21780
7184
-9215
-23305
-31551
-31880
-24205
-10451
5930
20824
30486
32483
26311
13518
-2679
-18204
-29147
-32749
-28098
-16364
-502
15488
27574
32702
29574
18976
3583
-12717
-25806
-32371
-30748
-21345
-6538
9926
23879
31785
31636
23467
9346
-7147
-21830
-30974
-32254
-25342
-11991
4409
19692
29968
32623
26976
14462
-1736
-17495
-28798
-32764
-28377
-16752
-852
15267
27492
32699
29554
18857
3339
-13034
-26077
-32450
-30520
-20777
-5712
10817
24578
32042
31291
22515
7961
-8637
-23021
-31496
-31881
-24075
-10079
6509
21426
30833
32307
25463
12062
-4448
-19815
-30076
-32585
-26689
-13907
2465
18204
29244
32732
27762
15616
-569
-16610
-28356
-32765
-28692
-17189
-1231
15047
27428
32699
29490
18630
2932
-13528
-26478
-32552
-30168
-19943
-4530
12062
25519
32337
30737
21133
6022
-10659
-24565
-32068
-31208
-22206
-7407
9326
23628
31760
31593
23169
8686
-8070
-22719
-31423
-31903
-24028
-9858
6896
21846
31070
32147
24790
10926
-5807
-21019
-30711
-32336
-25461
-11891
4807
20244
30356
32478
26047
12755
-3899
-19528
-30012
-32581
-26556
-13521
3083
18877
29687
32654
26991
14192
-2362
-18294
-29387
-32703
-27360
-14769
1736
17784
29119
32734
27666
15255
-1206
-17349
-28887
-32752
-27913
-15652
771
16993
28695
32761
28105
15962
-434
-16717
-28547
-32765
-28244
-16186
193
16523
28443
32766
28334
16326
-48
-16412
-28387
-32766
-28374
-16382
0
0
0
0
0
0
0
0
0
0
0
0
0
0
0
0
0
0
0
0
0
0
0
0
0
0
0
0
0
0
0
0
0
0
0
0
0
0
0
0
0
0
0
0
0
0
0
0
0
0
0
0
0
0
0
0
0
0
0
0
0
0
0
0
0
0
0
0
0
0
0
0
0
0
0
0
0
0
0
0
0
0
0
0
0
0
0
0
0
0
0
0
0
0
0
0
0
0
0
0
0
0
0
0
0
0
0
0
0
0
0
0
0
0
0
0
0
0
0
0
0
0
0
0
0
0
0
0
0
0
0
0
0
0
0
0
0
0
0
0
0
0
0
0
0
0
0
0
0
0
0
0
0
0
0
0
0
0
0
0
0
0
0
0
0
0
0
0
0
0
0
0
0
0
0
0
0
0
0
0
0
0
0
0
0
0
0
0
0
0
0
0
0
0
0
0
0
0
0
0
0
0
0
0
0
0
0
0
0
0
0
0
0
0
0
0
0
0
0
0
0
0
0
0
0
0
0
0
0
0
0
0
0
0
0
0
0
0
0
0
0
0
0
0
0
0
0
0
0
0
0
0
0
0
0
0
0
0
0
0
0
0
0
0
0
0
0
0
0
0
0
0
0
0
0
0
0
0
0
0
0
0
0
0
0
0
0
0
0
0
0
0
0
0
0
0
0
0
0
0
0
0
0
0
0
0
0
0
0
0
0
0
0
0
0
0
0
0
0
0
0
0
0
0
0
0
0
0
0
0
0
0
0
0
0
0
0
0
0
0
0
0
0
0
0
0
0
0
0
0
0
0
0
0
0
0
0
0
0
0
0
0
0
0
0
0
0
0
0
0
0
0
0
0
0
0
0
0
0
0
0
0
0
0
0
0
0
0
0
0
0
0
0
0
0
0
0
0
0
0
0
0
0
0
0
0
0
0
0
0
0
0
0
0
0
0
0
0
0
0
0
0
0
0
0
0
0
0
0
0
0
0
0
0
0
0
0
0
0
0
0
0
0
0
0
0
0
0
0
0
0
0
0
0
0
0
0
0
0
0
0
0
0
0
0
0
0
0
0
0
0
0
0
0
0
0
0
0
0
0
0
0
0
0
0
0
0
0
0
0
0
0
0
0
0
0
0
0
0
0
0
0
0
0
0
0
0
0
0
0
0
0
0
0
0
0
0
0
0
0
0
0
0
0
0
0
0
0
0
0
0
0
0
0
0
0
0
0
0
0
0
0
0
0
0
0
0
0
0
0
0
0
0
0
0
0
0
0
0
0
0
0
0
0
0
0
0
0
0
0
0
0
0
0
0
0
0
0
0
0
0
0
0
0
0
0
0
0
0
0
0
0
0
0
0
0
0
0
0
0
0
0
0
0
0
0
0
0
0
0
0
0
0
0
0
0
0
0
0
0
0
0
0
0
0
0
0
0
0
0
0
0
0
0
0
0
0
0
0
0
0
0
0
0
0
0
0
0
0
0
0
0
0
0
0
0
0
0
0
0
0
0
0
0
0
0
0
0
0
0
0
0
0
0
0
0
0
0
0
0
0
0
0
0
0
0
0
0
0
0
0
0
0
0
0
0
0
0
0
0
0
0
0
0
0
0
0
0
0
0
0
0
0
0
0
0
0
0
0
0
0
0
0
0
0
0
0
0
0
0
0
0
0
0
0
0
0
0
0
0
0
0
0
0
0
0
0
0
0
0
0
0
0
0
0
0
0
0
0
0
0
0
0
0
0
0
0
0
0
0
0
0
0
0
0
0
0
0
0
0
0
0
0
0
0
0
0
0
0
0
0
0
0
0
0
0
0
0
0
0
0
0
0
0
0
0
0
0
0
0
0
0
0
0
0
0
0
0
0
0
0
0
0
0
0
0
0
0
0
0
0
0
0
0
0
0
0
0
0
0
0
0
0
0
0
0
0
0
0
0
0
0
0
0
0
0
0
0
0
0
0
0
0
0
0
0
0
0
0
0
0
0
0
0
0
0
0
0
0
0
0
0
0
0
0
0
0
0
0
0
0
0
0
0
0
0
0
0
0
0
0
0
0
0
0
0
0
0
0
0
0
0
0
0
0
0
0
0
0
0
0
0
0
0
0
0
0
0
0
0
0
0
0
0
0
0
0
0
0
0
0
0
0
0
0
0
0
0
0
0
0
0
0
0
0
0
0
0
0
0
11915
11564
10534
8890
6733
4198
1441
-1367
-4058
-6472
-8467
-9933
-10792
-11007
-10583
-9562
-8025
-6079
-3856
-1497
852
3054
4986
6549
7671
8313
8465
8152
7422
6348
5016
3522
1962
427
-1001
-2259
-3299
-4095
-4635
-4928
-4994
-4862
-4568
-4147
-3634
-3059
-2444
-1805
-1155
-496
165
828
1486
2131
2746
3310
3797
4176
4417
4489
4370
4043
3506
2767
1853
802
-333
-1492
-2607
-3611
-4438
-5034
-5358
-5386
-5114
-4559
-3755
-2754
-1621
-430
744
1830
2763
3493
3985
4223
4210
3966
3526
2937
2252
1525
809
149
-419
-874
-1204
-1412
-1511
-1522
-1471
-1385
-1291
-1211
-1159
-1141
-1157
-1198
-1249
-1292
-1307
-1275
-1182
-1017
-777
-466
-92
328
776
1231
1670
2071
2417
2690
2879
2973
2968
2858
2641
2317
1884
1346
707
-24
-834
-1702
-2599
-3488
-4323
-5053
-5619
-5965
-6037
-5791
-5197
-4247
-2953
-1356
475
2450
4452
6353
8016
9309
10115
10339
9924
8853
7155
4908
2234
-705
-3721
-6609
-9162
-11190
-12535
-13081
-12767
-11595
-9630
-6995
-3869
-467
2969
6197
8982
11125
12475
12937
12488
11171
9096
6431
3384
192
-2900
-5664
-7900
-9455
-10232
-10201
-9396
-7914
-5900
-3540
-1039
1391
3558
5296
6483
7049
6980
6316
5147
3601
1834
11
-1704
-3168
-4265
-4917
-5092
-4799
-4090
-3050
-1788
-426
911
2113
3083
3755
4092
4091
3776
3198
2425
1536
610
-276
-1063
-1705
-2177
-2473
-2602
-2588
-2463
-2262
-2017
-1754
-1489
-1228
-968
-697
-401
-65
322
762
1247
1757
2259
2713
3074
3296
3338
3174
2790
2193
1411
491
-503
-1497
-2410
-3165
-3697
-3956
-3919
-3586
-2989
-2181
-1239
-251
685
1484
2069
2386
2410
2149
1639
949
164
-612
-1278
-1742
-1928
-1791
-1323
-551
460
1613
2789
3855
4682
5153
5180
4714
3749
2331
549
-1465
-3551
-5532
-7229
-8479
-9152
-9161
-8473
-7113
-5164
-2761
-80
2674
5291
7566
9320
10416
10771
10361
9225
7461
5212
2663
14
-2530
-4782
-6585
-7824
-8439
-8423
-7823
-6732
-5280
-3616
-1898
-275
1127
2219
2945
3297
3307
3039
2584
2044
1521
1105
862
827
999
1344
1797
2272
2671
2899
2872
2535
1864
876
-374
-1795
-3265
-4648
-5803
-6600
-6934
-6739
-5993
-4726
-3018
-995
1184
3340
5285
6847
7882
8288
8020
7087
5563
3571
1281
-1108
-3391
-5365
-6856
-7731
-7912
-7384
-6195
-4452
-2313
27
2358
4468
6166
7298
7762
7516
6581
5043
3037
744
-1632
-3882
-5808
-7242
-8060
-8195
-7639
-6445
-4721
-2617
-318
1982
4091
5837
7085
7745
7781
7209
6100
4566
2750
818
-1065
-2748
-4099
-5026
-5478
-5451
-4982
-4147
-3053
-1823
-586
537
1445
2060
2342
2288
1927
1324
565
-248
-1010
-1622
-2001
-2091
-1864
-1328
-521
487
1606
2729
3746
4549
5049
5178
4897
4203
3125
1727
98
-1648
-3387
-4991
-6339
-7323
-7863
-7907
-7437
-6473
-5066
-3302
-1291
837
2949
4905
6578
7859
8662
8936
8662
7859
6578
4905
2949
837
-1291
-3302
-5066
-6473
-7437
-7907
-7863
-7323
-6339
-4991
-3387
-1648
98
1727
3125
4203
4897
5178
5049
4549
3746
2729
1606
487
-521
-1328
-1864
-2091
-2001
-1622
-1010
-248
565
1324
1927
2288
2342
2060
1445
537
-586
-1823
-3053
-4147
-4982
-5451
-5478
-5026
-4099
-2748
-1065
818
2750
4566
6100
7209
7781
7745
7085
5837
4091
1982
-318
-2617
-4721
-6445
-7639
-8195
-8060
-7242
-5808
-3882
-1632
744
3037
5043
6581
7516
7762
7298
6166
4468
2358
27
-2313
-4452
-6195
-7384
-7912
-7731
-6856
-5365
-3391
-1108
1281
3571
5563
7087
8020
8288
7882
6847
5285
3340
1184
-995
-3018
-4726
-5993
-6739
-6934
-6600
-5803
-4648
-3265
-1795
-374
876
1864
2535
2872
2899
2671
2272
1797
1344
999
827
862
1105
1521
2044
2584
3039
3307
3297
2945
2219
1127
-275
-1898
-3616
-5280
-6732
-7823
-8423
-8439
-7824
-6585
-4782
-2530
14
2663
5212
7461
9225
10361
10771
10416
9320
7566
5291
2674
-80
-2761
-5164
-7113
-8473
-9161
-9152
-8479
-7229
-5532
-3551
-1465
549
2331
3749
4714
5180
5153
4682
3855
2789
1613
460
-551
-1323
-1791
-1928
-1742
-1278
-612
164
949
1639
2149
2410
2386
2069
1484
685
-251
-1239
-2181
-2989
-3586
-3919
-3956
-3697
-3165
-2410
-1497
-503
491
1411
2193
2790
3174
3338
3296
3074
2713
2259
1757
1247
762
322
-65
-401
-697
-968
-1228
-1489
-1754
-2017
-2262
-2463
-2588
-2602
-2473
-2177
-1705
-1063
-276
610
1536
2425
3198
3776
4091
4092
3755
3083
2113
911
-426
-1788
-3050
-4090
-4799
-5092
-4917
-4265
-3168
-1704
11
1834
3601
5147
6316
6980
7049
6483
5296
3558
1391
-1039
-3540
-5900
-7914
-9396
-10201
-10232
-9455
-7900
-5664
-2900
192
3384
6431
9096
11171
12488
12937
12475
11125
8982
6197
2969
-467
-3869
-6995
-9630
-11595
-12767
-13081
-12535
-11190
-9162
-6609
-3721
-705
2234
4908
7155
8853
9924
10339
10115
9309
8016
6353
4452
2450
475
-1356
-2953
-4247
-5197
-5791
-6037
-5965
-5619
-5053
-4323
-3488
-2599
-1702
-834
-24
707
1346
1884
2317
2641
2858
2968
2973
2879
2690
2417
2071
1670
1231
776
328
-92
-466
-777
-1017
-1182
-1275
-1307
-1292
-1249
-1198
-1157
-1141
-1159
-1211
-1291
-1385
-1471
-1522
-1511
-1412
-1204
-874
-419
149
809
1525
2252
2937
3526
3966
4210
4223
3985
3493
2763
1830
744
-430
-1621
-2754
-3755
-4559
-5114
-5386
-5358
-5034
-4438
-3611
-2607
-1492
-333
802
1853
2767
3506
4043
4370
4489
4417
4176
3797
3310
2746
2131
1486
828
165
-496
-1155
-1805
-2444
-3059
-3634
-4147
-4568
-4862
-4994
-4928
-4635
-4095
-3299
-2259
-1001
427
1962
3522
5016
6348
7422
8152
8465
8313
7671
6549
4986
3054
852
-1497
-3856
-6079
-8025
-9562
-10583
-11007
-10792
-9933
-8467
-6472
-4058
-1367
1441
4198
6733
8890
10534
11564
0
0
0
0
0
0
0
0
0
0
0
0
0
0
0
0
0
0
0
0
0
0
0
0
0
0
0
0
0
0
0
0
0
0
0
0
0
0
0
0
0
0
0
0
0
0
0
0
0
0
0
0
0
0
0
0
0
0
0
0
0
0
0
0
0
0
0
-5957
-5819
-5410
-4747
-3858
-2782
-1565
-260
1071
2370
3574
4621
5460
6042
6334
6312
5971
5318
4379
3195
1822
326
-1213
-2719
-4106
-5298
-6224
-6829
-7070
-6928
-6402
-5514
-4306
-2842
-1197
535
2260
3878
5295
6426
7202
7572
7509
7012
6102
4829
3262
1492
-380
-2243
-3986
-5502
-6697
-7495
-7844
-7719
-7123
-6090
-4680
-2979
-1092
860
2757
4475
5904
6952
7549
7658
7273
6421
5162
3582
1792
-84
-1918
-3584
-4968
-5979
-6553
-6660
-6303
-5521
-4384
-2987
-1445
121
1590
2851
3816
4420
4632
4457
3931
3119
2111
1013
-67
-1024
-1768
-2234
-2382
-2210
-1746
-1051
-207
681
1509
2172
2579
2668
2402
1786
857
-310
-1615
-2935
-4138
-5097
-5698
-5856
-5521
-4683
-3380
-1690
270
2354
4400
6240
7719
8702
9095
8843
7947
6453
4458
2101
-452
-3019
-5412
-7459
-9013
-9966
-10254
-9864
-8835
-7250
-5232
-2931
-513
1852
4011
5829
7202
8068
8403
8224
7582
6558
5252
3774
2234
732
-646
-1839
-2808
-3538
-4034
-4321
-4430
-4402
-4272
-4072
-3822
-3530
-3195
-2803
-2337
-1780
-1117
-343
532
1487
2482
3464
4370
5131
5680
5959
5921
5545
4830
3804
2518
1048
-513
-2063
-3498
-4719
-5643
-6209
-6382
-6159
-5565
-4654
-3501
-2198
-844
461
1632
2594
3297
3716
3851
3726
3384
2884
2292
1674
1089
586
196
-64
-200
-231
-188
-108
-32
3
-27
-141
-340
-612
-932
-1268
-1582
-1837
-2002
-2053
-1980
-1786
-1489
-1115
-700
-283
99
416
650
793
854
855
828
812
846
962
1182
1511
1935
2417
2905
3330
3616
3688
3478
2941
2055
832
-678
-2394
-4200
-5956
-7510
-8710
-9419
-9527
-8965
-7715
-5813
-3355
-487
2601
5691
8549
10951
12695
13625
13640
12711
10879
8258
5027
1414
-2318
-5896
-9056
-11565
-13241
-13968
-13707
-12493
-10440
-7723
-4568
-1228
2034
4972
7373
9079
9994
10092
9420
8086
6250
4107
1868
-259
-2094
-3491
-4359
-4662
-4424
-3723
-2680
-1446
-184
947
1812
2307
2375
2010
1256
200
-1032
-2298
-3446
-4337
-4854
-4920
-4503
-3619
-2335
-757
975
2707
4280
5548
6393
6736
6545
5836
4675
3165
1443
-337
-2022
-3468
-4559
-5215
-5398
-5117
-4426
-3415
-2199
-913
312
1355
2121
2547
2610
2327
1753
974
95
-766
-1501
-2011
-2229
-2119
-1682
-957
-18
1036
2095
3041
3766
4183
4236
3902
3200
2184
940
-420
-1776
-3005
-3994
-4657
-4935
-4809
-4297
-3455
-2368
-1143
99
1245
2188
2849
3177
3160
2819
2212
1424
556
-282
-986
-1468
-1665
-1548
-1125
-438
435
1395
2326
3110
3638
3824
3610
2981
1960
613
-957
-2623
-4236
-5647
-6715
-7323
-7390
-6877
-5795
-4201
-2201
63
2425
4702
6716
8302
9330
9707
9392
8395
6781
4662
2189
-457
-3086
-5504
-7534
-9029
-9880
-10029
-9466
-8236
-6433
-4191
-1674
933
3444
5678
7478
8719
9318
9238
8491
7138
5281
3059
633
-1819
-4123
-6111
-7642
-8607
-8936
-8607
-7642
-6111
-4123
-1819
633
3059
5281
7138
8491
9238
9318
8719
7478
5678
3444
933
-1674
-4191
-6433
-8236
-9466
-10029
-9880
-9029
-7534
-5504
-3086
-457
2189
4662
6781
8395
9392
9707
9330
8302
6716
4702
2425
63
-2201
-4201
-5795
-6877
-7390
-7323
-6715
-5647
-4236
-2623
-957
613
1960
2981
3610
3824
3638
3110
2326
1395
435
-438
-1125
-1548
-1665
-1468
-986
-282
556
1424
2212
2819
3160
3177
2849
2188
1245
99
-1143
-2368
-3455
-4297
-4809
-4935
-4657
-3994
-3005
-1776
-420
940
2184
3200
3902
4236
4183
3766
3041
2095
1036
-18
-957
-1682
-2119
-2229
-2011
-1501
-766
95
974
1753
2327
2610
2547
2121
1355
312
-913
-2199
-3415
-4426
-5117
-5398
-5215
-4559
-3468
-2022
-337
1443
3165
4675
5836
6545
6736
6393
5548
4280
2707
975
-757
-2335
-3619
-4503
-4920
-4854
-4337
-3446
-2298
-1032
200
1256
2010
2375
2307
1812
947
-184
-1446
-2680
-3723
-4424
-4662
-4359
-3491
-2094
-259
1868
4107
6250
8086
9420
10092
9994
9079
7373
4972
2034
-1228
-4568
-7723
-10440
-12493
-13707
-13968
-13241
-11565
-9056
-5896
-2318
1414
5027
8258
10879
12711
13640
13625
12695
10951
8549
5691
2601
-487
-3355
-5813
-7715
-8965
-9527
-9419
-8710
-7510
-5956
-4200
-2394
-678
832
2055
2941
3478
3688
3616
3330
2905
2417
1935
1511
1182
962
846
812
828
855
854
793
650
416
99
-283
-700
-1115
-1489
-1786
-1980
-2053
-2002
-1837
-1582
-1268
-932
-612
-340
-141
-27
3
-32
-108
-188
-231
-200
-64
196
586
1089
1674
2292
2884
3384
3726
3851
3716
3297
2594
1632
461
-844
-2198
-3501
-4654
-5565
-6159
-6382
-6209
-5643
-4719
-3498
-2063
-513
1048
2518
3804
4830
5545
5921
5959
5680
5131
4370
3464
2482
1487
532
-343
-1117
-1780
-2337
-2803
-3195
-3530
-3822
-4072
-4272
-4402
-4430
-4321
-4034
-3538
-2808
-1839
-646
732
2234
3774
5252
6558
7582
8224
8403
8068
7202
5829
4011
1852
-513
-2931
-5232
-7250
-8835
-9864
-10254
-9966
-9013
-7459
-5412
-3019
-452
2101
4458
6453
7947
8843
9095
8702
7719
6240
4400
2354
270
-1690
-3380
-4683
-5521
-5856
-5698
-5097
-4138
-2935
-1615
-310
857
1786
2402
2668
2579
2172
1509
681
-207
-1051
-1746
-2210
-2382
-2234
-1768
-1024
-67
1013
2111
3119
3931
4457
4632
4420
3816
2851
1590
121
-1445
-2987
-4384
-5521
-6303
-6660
-6553
-5979
-4968
-3584
-1918
-84
1792
3582
5162
6421
7273
7658
7549
6952
5904
4475
2757
860
-1092
-2979
-4680
-6090
-7123
-7719
-7844
-7495
-6697
-5502
-3986
-2243
-380
1492
3262
4829
6102
7012
7509
7572
7202
6426
5295
3878
2260
535
-1197
-2842
-4306
-5514
-6402
-6928
-7070
-6829
-6224
-5298
-4106
-2719
-1213
326
1822
3195
4379
5318
5971
6312
6334
6042
5460
4621
3574
2370
1071
-260
-1565
-2782
-3858
-4747
-5410
-5819
0
0
0
0
0
0
0
0
0
0
0
0
0
0
0
0
0
0
0
0
0
0
0
0
0
0
0
0
0
0
0
0
0
0
0
0
0
0
0
0
0
0
0
0
0
0
0
0
0
0
0
0
0
0
0
0
0
0
0
0
0
0
0
0
0
0
0
11915
11428
10012
7788
4952
1749
-1545
-4652
-7309
-9302
-10476
-10752
-10133
-8700
-6605
-4055
-1289
1439
3890
5860
7194
7804
7674
6857
5470
3679
1683
-308
-2096
-3511
-4427
-4777
-4553
-3809
-2653
-1231
282
1711
2890
3685
4005
3813
3126
2016
603
-963
-2515
-3883
-4918
-5502
-5562
-5079
-4087
-2672
-961
889
2709
4329
5602
6413
6691
6415
5618
4378
2814
1070
-696
-2331
-3700
-4697
-5257
-5359
-5029
-4330
-3358
-2232
-1075
-5
877
1502
1835
1876
1665
1269
778
289
-101
-314
-295
-21
491
1195
2007
2825
3533
4018
4183
3958
3310
2248
827
-854
-2667
-4455
-6054
-7307
-8077
-8263
-7813
-6727
-5062
-2925
-472
2110
4619
6852
8624
9784
10230
9917
8861
7140
4886
2273
-493
-3198
-5634
-7613
-8991
-9669
-9611
-8837
-7424
-5499
-3227
-794
1604
3786
5590
6891
7610
7717
7232
6222
4790
3070
1210
-638
-2334
-3755
-4810
-5439
-5621
-5373
-4740
-3796
-2632
-1350
-51
1170
2234
3078
3661
3967
3998
3776
3337
2727
1998
1201
387
-400
-1125
-1758
-2280
-2676
-2940
-3071
-3069
-2940
-2691
-2332
-1873
-1330
-721
-67
606
1272
1900
2459
2918
3252
3439
3464
3322
3017
2561
1979
1299
557
-206
-955
-1650
-2259
-2758
-3129
-3362
-3457
-3418
-3258
-2991
-2632
-2199
-1706
-1166
-589
16
643
1283
1923
2551
3146
3685
4137
4472
4655
4655
4445
4007
3335
2437
1338
78
-1285
-2684
-4039
-5269
-6291
-7032
-7431
-7447
-7058
-6271
-5116
-3647
-1940
-88
1805
3635
5297
6697
7757
8419
8649
8438
7804
6783
5437
3839
2073
231
-1598
-3330
-4888
-6205
-7231
-7927
-8272
-8256
-7886
-7179
-6165
-4883
-3384
-1725
28
1807
3535
5135
6532
7654
8436
8828
8795
8320
7411
6099
4441
2518
429
-1709
-3774
-5641
-7194
-8332
-8978
-9088
-8651
-7693
-6277
-4499
-2480
-359
1716
3603
5173
6323
6980
7113
6730
5879
4646
3144
1507
-124
-1614
-2839
-3705
-4150
-4150
-3723
-2925
-1846
-598
687
1880
2859
3521
3793
3640
3065
2110
854
-594
-2107
-3551
-4790
-5708
-6211
-6240
-5774
-4833
-3475
-1794
89
2039
3911
5567
6885
7768
8153
8012
7356
6233
4725
2935
988
-988
-2865
-4529
-5882
-6854
-7402
-7514
-7207
-6524
-5528
-4299
-2922
-1487
-75
1237
2395
3352
4085
4583
4852
4910
4782
4498
4092
3592
3025
2414
1773
1115
445
-229
-906
-1578
-2236
-2866
-3449
-3960
-4374
-4660
-4790
-4737
-4481
-4010
-3324
-2434
-1365
-158
1136
2456
3729
4883
5843
6543
6925
6947
6587
5843
4739
3322
1661
-155
-2022
-3827
-5457
-6802
-7767
-8277
-8285
-7775
-6764
-5305
-3482
-1410
778
2937
4918
6579
7801
8489
8588
8083
7002
5417
3441
1215
-1096
-3320
-5288
-6847
-7875
-8289
-8054
-7183
-5742
-3843
-1635
706
2993
5039
6676
7767
8220
7992
7097
5605
3633
1342
-1080
-3435
-5526
-7178
-8250
-8650
-8339
-7338
-5726
-3632
-1227
1292
3719
5852
7516
8574
8936
8574
7516
5852
3719
1292
-1227
-3632
-5726
-7338
-8339
-8650
-8250
-7178
-5526
-3435
-1080
1342
3633
5605
7097
7992
8220
7767
6676
5039
2993
706
-1635
-3843
-5742
-7183
-8054
-8289
-7875
-6847
-5288
-3320
-1096
1215
3441
5417
7002
8083
8588
8489
7801
6579
4918
2937
778
-1410
-3482
-5305
-6764
-7775
-8285
-8277
-7767
-6802
-5457
-3827
-2022
-155
1661
3322
4739
5843
6587
6947
6925
6543
5843
4883
3729
2456
1136
-158
-1365
-2434
-3324
-4010
-4481
-4737
-4790
-4660
-4374
-3960
-3449
-2866
-2236
-1578
-906
-229
445
1115
1773
2414
3025
3592
4092
4498
4782
4910
4852
4583
4085
3352
2395
1237
-75
-1487
-2922
-4299
-5528
-6524
-7207
-7514
-7402
-6854
-5882
-4529
-2865
-988
988
2935
4725
6233
7356
8012
8153
7768
6885
5567
3911
2039
89
-1794
-3475
-4833
-5774
-6240
-6211
-5708
-4790
-3551
-2107
-594
854
2110
3065
3640
3793
3521
2859
1880
687
-598
-1846
-2925
-3723
-4150
-4150
-3705
-2839
-1614
-124
1507
3144
4646
5879
6730
7113
6980
6323
5173
3603
1716
-359
-2480
-4499
-6277
-7693
-8651
-9088
-8978
-8332
-7194
-5641
-3774
-1709
429
2518
4441
6099
7411
8320
8795
8828
8436
7654
6532
5135
3535
1807
28
-1725
-3384
-4883
-6165
-7179
-7886
-8256
-8272
-7927
-7231
-6205
-4888
-3330
-1598
231
2073
3839
5437
6783
7804
8438
8649
8419
7757
6697
5297
3635
1805
-88
-1940
-3647
-5116
-6271
-7058
-7447
-7431
-7032
-6291
-5269
-4039
-2684
-1285
78
1338
2437
3335
4007
4445
4655
4655
4472
4137
3685
3146
2551
1923
1283
643
16
-589
-1166
-1706
-2199
-2632
-2991
-3258
-3418
-3457
-3362
-3129
-2758
-2259
-1650
-955
-206
557
1299
1979
2561
3017
3322
3464
3439
3252
2918
2459
1900
1272
606
-67
-721
-1330
-1873
-2332
-2691
-2940
-3069
-3071
-2940
-2676
-2280
-1758
-1125
-400
387
1201
1998
2727
3337
3776
3998
3967
3661
3078
2234
1170
-51
-1350
-2632
-3796
-4740
-5373
-5621
-5439
-4810
-3755
-2334
-638
1210
3070
4790
6222
7232
7717
7610
6891
5590
3786
1604
-794
-3227
-5499
-7424
-8837
-9611
-9669
-8991
-7613
-5634
-3198
-493
2273
4886
7140
8861
9917
10230
9784
8624
6852
4619
2110
-472
-2925
-5062
-6727
-7813
-8263
-8077
-7307
-6054
-4455
-2667
-854
827
2248
3310
3958
4183
4018
3533
2825
2007
1195
491
-21
-295
-314
-101
289
778
1269
1665
1876
1835
1502
877
-5
-1075
-2232
-3358
-4330
-5029
-5359
-5257
-4697
-3700
-2331
-696
1070
2814
4378
5618
6415
6691
6413
5602
4329
2709
889
-961
-2672
-4087
-5079
-5562
-5502
-4918
-3883
-2515
-963
603
2016
3126
3813
4005
3685
2890
1711
282
-1231
-2653
-3809
-4553
-4777
-4427
-3511
-2096
-308
1683
3679
5470
6857
7674
7804
7194
5860
3890
1439
-1289
-4055
-6605
-8700
-10133
-10752
-10476
-9302
-7309
-4652
-1545
1749
4952
7788
10012
11428
0
0
0
0
0
0
0
0
0
0
0
0
0
0
0
0
0
0
0
0
0
0
0
0
0
0
0
0
0
0
0
0
0
0
0
0
0
0
0
0
0
0
0
0
0
0
0
0
0
0
0
0
0
0
0
0
0
0
0
0
0
0
0
0
0
0
0
8936
8655
7832
6527
4831
2863
761
-1333
-3285
-4970
-6292
-7180
-7603
-7558
-7080
-6228
-5084
-3740
-2295
-845
527
1753
2784
3590
4163
4508
4647
4606
4416
4106
3702
3221
2676
2072
1413
698
-65
-869
-1694
-2512
-3287
-3974
-4525
-4893
-5035
-4919
-4530
-3870
-2961
-1849
-595
721
2016
3199
4188
4913
5322
5389
5115
4525
3671
2626
1475
310
-780
-1718
-2442
-2914
-3122
-3078
-2820
-2402
-1893
-1363
-881
-503
-268
-192
-269
-469
-744
-1033
-1268
-1384
-1330
-1068
-587
98
947
1894
2857
3742
4455
4910
5039
4800
4183
3212
1943
463
-1118
-2680
-4099
-5258
-6063
-6447
-6379
-5865
-4949
-3709
-2250
-693
834
2214
3342
4141
4567
4613
4307
3709
2903
1991
1077
258
-384
-793
-946
-849
-543
-93
414
886
1231
1369
1246
834
144
-781
-1865
-3006
-4088
-4988
-5593
-5811
-5579
-4873
-3713
-2161
-318
1682
3688
5540
7082
8182
8739
8696
8041
6815
5102
3027
744
-1574
-3759
-5649
-7111
-8048
-8406
-8178
-7405
-6170
-4586
-2793
-937
835
2397
3644
4506
4950
4982
4644
4005
3157
2204
1247
382
-315
-794
-1030
-1027
-817
-453
-2
460
860
1132
1226
1114
790
270
-405
-1180
-1988
-2753
-3404
-3877
-4121
-4103
-3811
-3252
-2455
-1465
-340
850
2037
3148
4120
4896
5432
5698
5678
5371
4791
3961
2919
1710
390
-983
-2347
-3635
-4784
-5730
-6420
-6806
-6854
-6545
-5877
-4869
-3559
-2008
-294
1489
3237
4842
6198
7209
7800
7919
7544
6688
5398
3754
1862
-146
-2135
-3961
-5494
-6624
-7271
-7390
-6979
-6079
-4765
-3148
-1363
446
2134
3569
4642
5279
5443
5143
4424
3371
2095
722
-613
-1789
-2701
-3274
-3469
-3287
-2765
-1977
-1019
-5
950
1741
2283
2518
2427
2025
1367
534
-370
-1233
-1945
-2412
-2566
-2375
-1846
-1026
0
1121
2206
3121
3743
3973
3749
3053
1920
430
-1288
-3080
-4764
-6161
-7105
-7463
-7150
-6139
-4467
-2234
401
3233
6026
8535
10527
11799
12203
11657
10155
7772
4659
1032
-2842
-6668
-10146
-12996
-14981
-15928
-15742
-14416
-12029
-8747
-4803
-483
3896
8017
11580
14330
16077
16706
16190
14585
12029
8726
4929
920
-3012
-6598
-9601
-11840
-13198
-13627
-13153
-11862
-9897
-7440
-4696
-1874
826
3235
5215
6677
7578
7922
7756
7156
6224
5072
3812
2548
1364
323
-537
-1204
-1687
-2008
-2204
-2312
-2370
-2404
-2432
-2459
-2478
-2471
-2415
-2286
-2062
-1730
-1287
-744
-127
529
1179
1773
2262
2605
2769
2739
2517
2124
1596
985
350
-246
-746
-1100
-1275
-1257
-1053
-692
-221
298
799
1209
1466
1521
1345
934
307
-486
-1381
-2292
-3126
-3791
-4203
-4298
-4035
-3407
-2436
-1180
273
1819
3332
4687
5763
6461
6705
6459
5721
4535
2978
1164
-770
-2678
-4409
-5823
-6808
-7281
-7202
-6576
-5450
-3914
-2093
-134
1804
3565
5006
6011
6501
6439
5838
4752
3278
1546
-292
-2080
-3660
-4898
-5687
-5957
-5687
-4898
-3660
-2080
-292
1546
3278
4752
5838
6439
6501
6011
5006
3565
1804
-134
-2093
-3914
-5450
-6576
-7202
-7281
-6808
-5823
-4409
-2678
-770
1164
2978
4535
5721
6459
6705
6461
5763
4687
3332
1819
273
-1180
-2436
-3407
-4035
-4298
-4203
-3791
-3126
-2292
-1381
-486
307
934
1345
1521
1466
1209
799
298
-221
-692
-1053
-1257
-1275
-1100
-746
-246
350
985
1596
2124
2517
2739
2769
2605
2262
1773
1179
529
-127
-744
-1287
-1730
-2062
-2286
-2415
-2471
-2478
-2459
-2432
-2404
-2370
-2312
-2204
-2008
-1687
-1204
-537
323
1364
2548
3812
5072
6224
7156
7756
7922
7578
6677
5215
3235
826
-1874
-4696
-7440
-9897
-11862
-13153
-13627
-13198
-11840
-9601
-6598
-3012
920
4929
8726
12029
14585
16190
16706
16077
14330
11580
8017
3896
-483
-4803
-8747
-12029
-14416
-15742
-15928
-14981
-12996
-10146
-6668
-2842
1032
4659
7772
10155
11657
12203
11799
10527
8535
6026
3233
401
-2234
-4467
-6139
-7150
-7463
-7105
-6161
-4764
-3080
-1288
430
1920
3053
3749
3973
3743
3121
2206
1121
0
-1026
-1846
-2375
-2566
-2412
-1945
-1233
-370
534
1367
2025
2427
2518
2283
1741
950
-5
-1019
-1977
-2765
-3287
-3469
-3274
-2701
-1789
-613
722
2095
3371
4424
5143
5443
5279
4642
3569
2134
446
-1363
-3148
-4765
-6079
-6979
-7390
-7271
-6624
-5494
-3961
-2135
-146
1862
3754
5398
6688
7544
7919
7800
7209
6198
4842
3237
1489
-294
-2008
-3559
-4869
-5877
-6545
-6854
-6806
-6420
-5730
-4784
-3635
-2347
-983
390
1710
2919
3961
4791
5371
5678
5698
5432
4896
4120
3148
2037
850
-340
-1465
-2455
-3252
-3811
-4103
-4121
-3877
-3404
-2753
-1988
-1180
-405
270
790
1114
1226
1132
860
460
-2
-453
-817
-1027
-1030
-794
-315
382
1247
2204
3157
4005
4644
4982
4950
4506
3644
2397
835
-937
-2793
-4586
-6170
-7405
-8178
-8406
-8048
-7111
-5649
-3759
-1574
744
3027
5102
6815
8041
8696
8739
8182
7082
5540
3688
1682
-318
-2161
-3713
-4873
-5579
-5811
-5593
-4988
-4088
-3006
-1865
-781
144
834
1246
1369
1231
886
414
-93
-543
-849
-946
-793
-384
258
1077
1991
2903
3709
4307
4613
4567
4141
3342
2214
834
-693
-2250
-3709
-4949
-5865
-6379
-6447
-6063
-5258
-4099
-2680
-1118
463
1943
3212
4183
4800
5039
4910
4455
3742
2857
1894
947
98
-587
-1068
-1330
-1384
-1268
-1033
-744
-469
-269
-192
-268
-503
-881
-1363
-1893
-2402
-2820
-3078
-3122
-2914
-2442
-1718
-780
310
1475
2626
3671
4525
5115
5389
5322
4913
4188
3199
2016
721
-595
-1849
-2961
-3870
-4530
-4919
-5035
-4893
-4525
-3974
-3287
-2512
-1694
-869
-65
698
1413
2072
2676
3221
3702
4106
4416
4606
4647
4508
4163
3590
2784
1753
527
-845
-2295
-3740
-5084
-6228
-7080
-7558
-7603
-7180
-6292
-4970
-3285
-1333
761
2863
4831
6527
7832
8655
0
0
0
0
0
0
0
0
0
0
0
0
0
0
0
0
0
0
0
0
0
0
0
0
0
0
0
0
0
0
0
0
0
0
0
0
0
0
0
0
0
0
0
0
0
0
0
0
0
0
0
0
0
0
0
0
0
0
0
0
0
0
0
0
0
0
0
