0
4278
8485
12550
16402
19973
23203
26035
28419
30314
31684
32507
32766
32456
31581
30156
28203
25758
22860
19561
15917
11991
7852
3573
-771
-5106
-9352
-13436
-17284
-20829
-24006
-26759
-29038
-30801
-32015
-32660
-32720
-32196
-31094
-29434
-27244
-24563
-21439
-17925
-14087
-9991
-5712
-1327
3083
7441
11667
15683
19415
22796
25762
28259
30239
31667
32514
32764
32412
31462
29931
27847
25247
22178
18696
14865
10755
6443
2009
-2465
-6896
-11201
-15299
-19113
-22570
-25606
-28162
-30190
-31650
-32514
-32764
-32394
-31411
-29832
-27686
-25012
-21861
-18292
-14372
-10175
-5781
-1274
3259
7733
12062
16161
19951
23359
26318
28771
30668
31973
32659
32711
32127
30919
29107
26727
23823
20452
16679
12577
8226
3711
-879
-5455
-9926
-14204
-18204
-21846
-25058
-27775
-29942
-31516
-32464
-32766
-32415
-31417
-29790
-27567
-24790
-21514
-17805
-13736
-9388
-4849
-209
4437
8997
13377
17489
21248
24578
27411
29687
31359
32393
32765
32468
31507
29899
27676
24884
21579
17828
13707
9301
4700
0
-4703
-9311
-13729
-17864
-21629
-24947
-27746
-29968
-31566
-32503
-32761
-32332
-31225
-29460
-27076
-24119
-20653
-16748
-12488
-7961
-3263
1506
6246
10856
15238
19298
22949
26112
28719
30713
32051
32702
32651
31900
30461
28366
25658
22395
18646
14492
10022
5332
524
-4298
-9029
-13567
-17811
-21669
-25055
-27896
-30127
-31699
-32577
-32739
-32182
-30916
-28967
-26379
-23206
-19519
-15397
-10932
-6222
-1372
3511
8320
12945
17284
21240
24723
27655
29968
31611
32545
32748
32214
30954
28995
26381
23169
19431
15252
10724
5950
1038
-3899
-8751
-13405
-17757
-21705
-25159
-28038
-30277
-31822
-32637
-32702
-32014
-30588
-28456
-25665
-22280
-18377
-14047
-9388
-4509
477
5455
10308
14924
19194
23018
26305
28979
30974
32243
32756
32498
31476
29711
27244
24133
20449
16280
11722
6884
1880
-3170
-8148
-12935
-17416
-21484
-25041
-28000
-30291
-31856
-32659
-32677
-31909
-30373
-28105
-25157
-21600
-17520
-13013
-8189
-3163
1941
7001
11893
16499
20705
24407
27516
29953
31659
32589
32721
32049
30590
28377
25463
21921
17836
13307
8448
3377
-1780
-6896
-11843
-16499
-20746
-24479
-27603
-30040
-31727
-32621
-32699
-31957
-30413
-28105
-25088
-21439
-17247
-12618
-7668
-2522
2689
7836
12787
17416
21605
25247
28248
30530
32035
32723
32574
31592
29801
27244
23987
20112
15718
10917
5832
595
-4660
-9798
-14685
-19194
-23208
-26622
-29345
-31307
-32455
-32757
-32206
-30813
-28614
-25665
-22043
-17841
-13169
-8148
-2911
2405
7661
12717
17440
21705
25397
28419
30689
32146
32750
32483
31352
29385
26633
23169
19084
14487
9500
4255
-1105
-6439
-11603
-16457
-20870
-24723
-27911
-30346
-31961
-32712
-32578
-31559
-29684
-27001
-23582
-19519
-14922
-9916
-4636
771
6162
11386
16301
20770
24671
27896
30354
31977
32719
32558
31498
29565
26813
23317
19172
14492
9407
4058
-1405
-6833
-12073
-16978
-21411
-25247
-28377
-30713
-32188
-32760
-32410
-31148
-29007
-26047
-22351
-18021
-13179
-7961
-2516
3003
8440
13640
18454
22745
26389
29282
31340
32503
32737
32033
30409
27913
24613
20604
16000
10932
5547
0
-5550
-10942
-16021
-20637
-24657
-27963
-30458
-32068
-32745
-32468
-31244
-29107
-26118
-22364
-17952
-13013
-7689
-2137
3479
8997
14252
19090
23367
26955
29748
31662
32640
32650
31691
29790
27003
23411
19119
14256
8965
3403
-2262
-7862
-13230
-18204
-22633
-26385
-29345
-31423
-32556
-32707
-31871
-30072
-27362
-23823
-19561
-14703
-9397
-3803
1908
7565
12994
18030
22517
26318
29316
31419
32559
32702
31841
30001
27238
23635
19302
14372
8996
3339
-2422
-8112
-13553
-18577
-23026
-26761
-29667
-31650
-32648
-32629
-31591
-29565
-26615
-22829
-18327
-13249
-7752
-2009
3799
9491
14886
19815
24120
27666
30338
32052
32751
32412
31044
28690
25423
21345
16586
11295
5642
-193
-6025
-11667
-16938
-21669
-25706
-28920
-31206
-32489
-32726
-31909
-30063
-27244
-23544
-19081
-13998
-8460
-2644
3259
9060
14569
19606
24006
27626
30346
32075
32756
32366
30916
28451
25051
20827
15917
10480
4696
-1244
-7147
-12817
-18065
-22719
-26622
-29644
-31684
-32674
-32578
-31398
-29173
-25975
-21909
-17110
-11737
-5969
0
5972
11747
17130
21941
26016
29217
31436
32596
32657
31615
29504
26395
22390
17625
12260
6476
470
-5554
-11392
-16845
-21726
-25867
-29127
-31393
-32585
-32662
-31619
-29491
-26349
-22301
-17483
-12062
-6222
-166
5898
11762
17222
22088
26191
29387
31566
32648
32597
31411
29131
25835
21636
16679
11138
5205
-912
-7001
-12847
-18244
-23003
-26955
-29960
-31912
-32739
-32412
-30940
-28374
-24803
-20353
-15179
-9465
-3413
2763
8843
14612
19863
24407
28083
30758
32334
32755
32003
30103
27124
23169
18381
12929
7010
836
-5370
-11386
-16993
-21989
-26191
-29446
-31636
-32680
-32538
-31214
-28754
-25247
-20819
-15630
-9868
-3744
2518
8692
14551
19879
24480
28184
30855
32393
32739
31880
29845
26709
22585
17625
12011
5950
-333
-6607
-12639
-18204
-23094
-27128
-30152
-32055
-32763
-32248
-30528
-27666
-23767
-18976
-13473
-7461
-1167
5173
11322
17047
22132
26385
29644
31785
32724
32427
30901
28203
24435
19738
14288
8294
1981
-4409
-10635
-16457
-21654
-26025
-29402
-31656
-32697
-32485
-31027
-28377
-24634
-19943
-14481
-8460
-2109
4324
10594
16457
21686
26077
29459
31699
32710
32451
30929
28203
24378
19601
14056
7961
1552
-4919
-11201
-17047
-22227
-26537
-29806
-31906
-32751
-32307
-30590
-27666
-23648
-18696
-13002
-6791
-309
6187
12441
18204
23246
27366
30398
32222
32762
31995
29951
26709
22398
17189
11289
4935
-1619
-8112
-14281
-19879
-24678
-28486
-31147
-32552
-32643
-31416
-28917
-25247
-20553
-15023
-8882
-2378
4225
10659
16662
21989
26421
29777
31918
32756
32254
30432
27362
23169
18024
12137
5748
-879
-7473
-13762
-19485
-24407
-28323
-31070
-32533
-32650
-31414
-28875
-25136
-20353
-14721
-8475
-1874
4807
11292
17307
22602
26955
30182
32146
32765
32010
29911
26556
22083
16679
10571
4016
-2711
-9326
-15551
-21121
-25799
-29387
-31732
-32732
-32344
-30582
-27520
-23286
-18060
-12062
-5547
1206
7911
14280
20041
24947
28786
31393
32653
32513
30975
28105
24024
18906
12972
6476
-301
-7069
-13534
-19415
-24458
-28443
-31196
-32596
-32580
-31148
-28360
-24336
-19250
-13322
-6811
0
6813
13332
19269
24364
28393
31178
32594
32578
31129
28309
24241
19103
13120
6555
-301
-7147
-13680
-19609
-24671
-28641
-31340
-32648
-32505
-30916
-27948
-23735
-18460
-12360
-5706
1206
8067
14569
20421
25359
29162
31656
32728
32328
30473
27244
22786
17298
11027
4255
-2711
-9557
-15974
-21669
-26383
-29901
-32062
-32766
-31979
-29736
-26137
-21345
-15577
-9095
-2195
4807
11593
17850
23291
27666
30771
32464
32665
31362
28614
24546
19345
13249
6538
-477
-7473
-14125
-20126
-25196
-29098
-31650
-32732
-32292
-30349
-26991
-22374
-16712
-10266
-3339
3746
10659
17076
22694
27251
30530
32377
32702
31489
28793
24740
19519
13375
6597
-494
-7565
-14281
-20323
-25404
-29282
-31772
-32753
-32178
-30072
-26533
-21729
-15887
-9285
-2238
4919
11843
18204
23695
28052
31066
32589
32548
30942
27847
23411
17845
11416
4435
-2763
-9830
-16425
-22227
-26955
-30378
-32330
-32713
-31507
-28769
-24631
-19293
-13013
-6096
1120
8285
15047
21076
26077
29802
32068
32763
31850
29372
25451
20276
14101
7230
0
-7232
-14111
-20295
-25478
-29402
-31872
-32764
-32033
-29711
-25913
-20827
-14703
-7845
-595
6688
13640
19914
25196
29220
31785
32759
32093
29819
26047
20967
14832
7950
664
-6656
-13645
-19948
-25247
-29273
-31822
-32763
-32046
-29706
-25861
-20703
-14492
-7543
-209
7138
14125
20396
25629
29557
31977
32766
31880
29363
25342
20022
13674
6622
-771
-8129
-15071
-21240
-26318
-30042
-32219
-32734
-31559
-28754
-24461
-18901
-12360
-5177
2276
9615
16457
22447
27271
30678
32489
32608
31026
27825
23169
17302
10527
3199
-4298
-11573
-18244
-23960
-28419
-31387
-32705
-32302
-30198
-26501
-21406
-15179
-8148
-684
6817
13962
20369
25700
29668
32064
32757
31710
28975
24698
19103
12488
5205
-2358
-9798
-16717
-22745
-27557
-30894
-32577
-32513
-30703
-27244
-22319
-16192
-9191
-1693
5898
13175
19743
25247
29388
31941
32765
31816
29141
24884
19276
12618
5272
-2362
-9871
-16845
-22903
-27714
-31014
-32621
-32445
-30495
-26875
-21781
-15492
-8351
-749
6896
14165
20658
26016
29942
32220
32721
31417
28377
23767
17841
10926
3403
-4310
-11787
-18613
-24407
-28847
-31684
-32759
-32010
-29476
-25298
-19707
-13013
-5590
2148
9769
16845
22980
27828
31116
32659
32366
30254
26438
21133
14635
7310
-430
-8148
-15409
-21801
-26962
-30598
-32502
-32563
-30778
-27244
-22162
-15818
-8572
-836
6950
14343
20920
26305
30190
32350
32661
31103
27762
22829
16586
9388
1649
-6187
-13670
-20369
-25898
-29936
-32249
-32702
-31267
-28024
-23161
-16955
-9766
-2009
5867
13405
20168
25762
29860
32222
32709
31291
28049
23169
16936
9711
1916
-5992
-13553
-20323
-25904
-29968
-32275
-32687
-31179
-27837
-22855
-16527
-9222
-1372
6562
14111
20829
26318
30252
32397
32623
30916
27374
22206
15718
8294
373
-7571
-15067
-21669
-26980
-30683
-32556
-32483
-30469
-26631
-21197
-14492
-6916
1077
9009
16402
22811
27851
31216
32702
32218
29790
25564
19793
12824
5078
-2978
-10856
-18080
-24210
-28873
-31785
-32766
-31757
-28816
-24119
-17952
-10689
-2772
5316
13083
20053
25799
29968
32304
32662
31017
27469
22233
15630
8064
0
-8067
-15639
-22251
-27492
-31038
-32669
-32282
-29899
-25665
-19840
-12785
-4935
3223
11185
18454
24578
29176
31960
32754
31507
28295
23317
16881
9388
1306
-6859
-14599
-21426
-26913
-30713
-32587
-32415
-30206
-26096
-20343
-13307
-5431
2789
10837
18204
24423
29100
31937
32755
31498
28244
23199
16679
9099
938
-7285
-15047
-21854
-27271
-30951
-32659
-32282
-29844
-25497
-19519
-12290
-4271
4023
12062
19330
25359
29762
32252
32670
30984
27303
21861
15008
7184
-1105
-9326
-16947
-23474
-28484
-31650
-32766
-31757
-28687
-23753
-17274
-9670
-1435
6896
14781
21705
27215
30951
32666
32248
29720
25247
19119
11737
3583
-4807
-12886
-20121
-26035
-30239
-32455
-32534
-30469
-26395
-20578
-13400
-5336
3083
11302
18775
25007
29584
32200
32681
30992
27244
21684
14679
6695
-1736
-10055
-17706
-24178
-29038
-31959
-32744
-31340
-27837
-22468
-15592
-7668
771
9163
16942
23583
28641
31772
32764
31548
28203
22955
16155
8261
-193
-8637
-16499
-23246
-28419
-31667
-32766
-31641
-28366
-23161
-16378
-8479
0
8482
16388
23178
28387
31659
32766
31633
28334
23092
16267
8323
-193
-8699
-16610
-23382
-28547
-31748
-32764
-31521
-28105
-22748
-15818
-7793
771
9287
17161
23850
28887
31923
32744
31292
27666
22114
15023
6884
-1736
-10238
-18030
-24565
-29387
-32158
-32681
-30919
-26991
-21173
-13868
-5590
3083
11543
19194
25499
30012
32414
32534
30361
26047
19895
12336
3903
-4807
-13181
-20625
-26610
-30711
-32637
-32248
-29569
-24790
-18247
-10405
-1820
6896
15124
22277
27843
31423
32760
31757
28483
23169
16196
8060
-655
-9326
-17331
-24094
-29127
-32068
-32703
-30984
-27033
-21133
-13707
-5289
3511
12062
19743
25999
30374
32552
32371
29844
25150
18630
10754
2094
-6719
-15047
-22282
-27896
-31478
-32765
-31661
-28244
-22763
-15616
-7324
1506
10228
18204
24847
29668
32313
32585
30461
26096
19809
12062
3423
-5469
-13962
-21426
-27310
-31178
-32740
-31881
-28661
-23317
-16242
-7961
912
9721
17811
24578
29519
32265
32608
30520
26157
19840
12041
3339
-5613
-14150
-21629
-27492
-31296
-32755
-31758
-28377
-22863
-15630
-7219
1736
10564
18599
25234
29968
32443
32468
30041
25342
18725
10689
1842
-7147
-15598
-22868
-28404
-31785
-32751
-31227
-27327
-21345
-13736
-5078
3969
12717
20496
26712
30887
32702
32014
28875
23522
16364
7950
-1077
-10024
-18204
-24986
-29848
-32414
-32483
-30050
-25298
-18593
-10451
-1499
7571
16058
23305
28750
31969
32711
30916
26720
20449
12587
3744
-5391
-14111
-21734
-27666
-31442
-32766
-31533
-27837
-21964
-14372
-5653
3510
12401
20323
26654
30894
32710
31957
28692
23169
15822
7226
-1941
-10958
-19113
-25762
-30378
-32596
-32237
-29328
-24096
-16955
-8469
691
9799
18132
25028
29936
32465
32412
29778
24772
17791
9388
234
-8940
-17404
-24479
-29598
-32350
-32513
-30072
-25219
-18342
-9991
-836
8388
16942
24135
29387
32275
32563
30226
25451
18620
10283
1113
-8148
-16754
-24006
-29316
-32252
-32574
-30254
-25477
-18630
-10266
-1066
8222
16845
24098
29390
32286
32549
30156
25298
18372
9941
695
-8610
-17213
-24407
-29603
-32371
-32482
-29925
-24908
-17841
-9305
0
9307
17850
24924
29942
32491
32356
29546
24293
17028
8351
-1019
-10308
-18745
-25629
-30386
-32621
-32145
-28995
-23432
-15917
-7073
2362
11603
19879
26497
30903
32728
31816
28241
22301
14491
5464
-4023
-13175
-21224
-27492
-31451
-32766
-31324
-27244
-20868
-12732
-3519
5992
15001
22745
28568
31977
32682
30619
25962
19103
10622
1238
-8253
-17047
-24394
-29668
-32420
-32412
-29643
-24347
-16973
-8148
1373
10781
19269
26112
30723
32705
31886
28334
22351
14449
5304
-4298
-13534
-21608
-27826
-31650
-32749
-31026
-26627
-19930
-11510
-2094
7504
16457
23989
29446
32355
32460
29752
24461
17046
8148
-1459
-10942
-19477
-26318
-30870
-32732
-31742
-27983
-21780
-13674
-4371
5316
14541
22496
28484
31977
32669
30495
25645
18541
9807
209
-9410
-18204
-25397
-30356
-32640
-32046
-28625
-22675
-14721
-5464
4278
13645
21806
28038
31787
32719
30748
26047
19032
10324
695
-8997
-17892
-25196
-30256
-32621
-32077
-28669
-22701
-14703
-5389
4409
13816
21989
28193
31872
32694
30582
25725
18555
9715
0
-9718
-18563
-25739
-30598
-32699
-31850
-28126
-21861
-13619
-4144
5708
15047
23026
28920
32194
32549
29951
24631
17073
7961
-1876
-11547
-20168
-26955
-31287
-32766
-31257
-26894
-20073
-11416
-1713
8148
17267
24807
30076
32589
32113
28690
22632
14492
5018
-4919
-14407
-22570
-28657
-32104
-32591
-30072
-24775
-17189
-8012
1907
11653
20323
27113
31393
32763
31094
26539
19519
10683
852
-9060
-18132
-25519
-30530
-32697
-31816
-27965
-21503
-13031
-3339
6667
16052
23938
29584
32459
32292
29097
23169
15065
5543
-4501
-14125
-22423
-28612
-32108
-32578
-29977
-24546
-16798
-7461
2582
12385
21019
27666
31694
32721
30647
25665
18247
9095
-923
-10856
-19760
-26786
-31264
-32766
-31146
-26556
-19431
-10451
-470
9557
18675
26008
30855
32749
31507
27244
20368
11537
1595
-8501
-17784
-25359
-30497
-32702
-31758
-27754
-21074
-12360
-2451
7696
17103
24860
30215
32648
31922
28105
21563
12929
3039
-7147
-16643
-24525
-30025
-32607
-32016
-28309
-21844
-13249
-3359
6859
16412
24364
29939
32588
32050
28377
21924
13322
3413
-6833
-16412
-24382
-29960
-32596
-32028
-28309
-21804
-13150
-3199
7069
16643
24578
30089
32630
31946
28105
21482
12732
2719
-7565
-17103
-24947
-30318
-32680
-31797
-27754
-20951
-12062
-1970
8320
17784
25478
30633
32732
31565
27244
20200
11134
952
-9326
-18675
-26154
-31014
-32765
-31228
-26556
-19215
-9941
333
10578
19760
26955
31436
32749
30759
25665
17979
8475
-1887
-12062
-21019
-27851
-31864
-32650
-30126
-24546
-16475
-6728
3703
13762
22423
28806
32258
32427
29291
23169
14683
4696
-5772
-15653
-23938
-29777
-32571
-32033
-28214
-21503
-12587
-2378
8077
17706
25519
30711
32748
31416
26850
19519
10175
-219
-10594
-19879
-27113
-31549
-32726
-30520
-25157
-17189
-7439
3083
13289
22119
28657
32222
32441
29289
23092
14492
4381
-6187
-16114
-24364
-30076
-32652
-31820
-27666
-20619
-11416
-1017
9491
19008
26537
31287
32757
30792
25595
17709
7961
-2625
-12939
-21894
-28547
-32194
-32451
-29286
-23032
-14346
-4144
6498
16457
24678
30291
32699
31644
27238
19943
10531
0
-10533
-19951
-27251
-31656
-32694
-30254
-24592
-16309
-6286
4409
14637
23305
29487
32519
32077
28203
21312
12137
1660
-8997
-18692
-26385
-31248
-32757
-30748
-25434
-17383
-7461
3266
13645
22556
29038
32390
32248
28625
21909
12824
2351
-8378
-18204
-26061
-31098
-32765
-30880
-25645
-17625
-7689
3083
13524
22496
29023
32393
32235
28565
21780
12618
2077
-8692
-18516
-26318
-31245
-32755
-30681
-25247
-17046
-6975
3863
14280
23132
29446
32527
32033
28015
20915
11510
836
-9932
-19609
-27125
-31650
-32682
-30103
-24198
-15616
-5304
5596
15880
24407
30232
32705
31550
26894
19250
9465
-1373
-12062
-21411
-28379
-32188
-32412
-29022
-22395
-13267
-2656
8253
18244
26197
31222
32754
30619
25054
16679
6433
-4537
-15001
-23783
-29895
-32648
-31731
-27244
-19690
-9916
976
11762
21224
28293
32170
32415
28997
22301
13080
2378
-8595
-18599
-26497
-31393
-32729
-30352
-24528
-15917
-5494
5554
15974
24578
30386
32734
31352
26395
18425
8351
-2679
-13405
-22602
-29217
-32491
-32046
-27932
-20616
-10936
0
10939
20625
27944
32055
32482
29173
22507
13249
2462
-8610
-18692
-26622
-31481
-32707
-30156
-24119
-15293
-4696
6446
16845
25296
30817
32766
30916
25477
17079
6695
-4468
-15115
-24006
-30106
-32702
-31489
-26606
-18620
-8460
2689
13528
22788
29387
32552
31909
27532
19930
9991
-1120
-12103
-21669
-28693
-32350
-32208
-28280
-21025
-11295
-234
10856
20671
28052
32127
32412
28871
21921
12379
1372
-9799
-19815
-27487
-31906
-32545
-29328
-22632
-13249
-2291
8940
19113
27016
31708
32629
29666
23169
13911
2992
-8285
-18577
-26654
-31549
-32677
-29899
-23544
-14372
-3477
7836
18214
26411
31442
32702
30037
23764
14635
3744
-7598
-18030
-26293
-31393
-32711
-30086
-23833
-14703
-3796
7571
18026
26305
31405
32707
30050
23753
14577
3632
-7754
-18204
-26446
-31479
-32688
-29925
-23522
-14256
-3253
8148
18560
26712
31608
32650
29706
23135
13736
2656
-8751
-19090
-27095
-31785
-32581
-29385
-22585
-13013
-1842
9557
19786
27585
31994
32468
28947
21861
12081
809
-10564
-20637
-28166
-32219
-32293
-28377
-20951
-10932
440
11762
21629
28819
32437
32033
27653
19840
9561
-1907
-13142
-22745
-29519
-32621
-31661
-26755
-18514
-7961
3586
14689
23960
30239
32740
31148
25658
16955
6128
-5469
-16384
-25247
-30944
-32759
-30461
-24336
-15151
-4058
7546
18204
26572
31595
32638
29565
22763
13087
1756
-9798
-20118
-27896
-32148
-32332
-28424
-20915
-10754
771
12203
22088
29171
32552
31797
27001
18769
8148
-3511
-14727
-24069
-30346
-32754
-30984
-25260
-16309
-5272
6439
17331
26008
31359
32696
29845
23169
13521
2137
-9523
-19964
-27843
-32146
-32318
-28334
-20703
-10405
1234
12717
22564
29503
32637
31559
26407
17841
6968
-4807
-15965
-25058
-30909
-32757
-30361
-24028
-14577
-3233
8533
19194
27364
31977
32433
28669
21173
10917
-762
-12345
-22321
-29387
-32619
-31592
-26438
-17828
-6884
4961
16161
25247
31028
32744
30168
23635
13998
2522
-9287
-19879
-27860
-32179
-32265
-28105
-20242
-9711
2101
13640
23382
30040
32733
31103
25362
16267
5018
-6896
-17901
-26537
-31659
-32585
-29190
-21921
-11741
0
11743
21929
29201
32589
31641
26480
17791
6728
-5233
-16499
-25566
-31222
-32709
-29826
-22955
-13013
-1327
10537
20994
28641
32450
31909
27088
18630
7668
-4324
-15739
-25041
-30976
-32744
-30105
-23411
-13561
-1880
10055
20637
28436
32397
31982
27244
18822
7852
-4182
-15653
-25007
-30974
-32743
-30072
-23319
-13400
-1660
10308
20879
28612
32455
31881
26966
18377
7282
-4807
-16245
-25468
-31216
-32702
-29720
-22675
-12528
-664
11292
21705
29147
32596
31576
26225
17274
5950
-6193
-17489
-26383
-31650
-32564
-28995
-21433
-10917
1105
12978
23064
29968
32737
30984
24950
15465
3839
-8320
-19330
-27666
-32170
-32217
-27796
-19519
-8531
3643
15314
24860
30951
32739
29972
23032
12884
938
-11141
-21669
-29176
-32613
-31498
-25982
-16835
-5332
6918
18204
26944
31912
32410
28366
20343
9465
-2743
-14569
-24351
-30713
-32759
-30198
-23387
-13283
-1306
10856
21492
29100
32604
31507
25962
16748
5166
-7147
-18454
-27152
-32008
-32332
-28076
-19840
-8789
3510
15314
24947
31038
32720
29752
22551
12140
0
-12143
-22559
-29762
-32723
-31017
-24884
-15198
-3339
8998
20053
28242
32393
31908
26854
17952
6476
-5930
-17489
-26541
-31785
-32465
-28481
-20402
-9388
2978
14918
24714
30951
32730
29790
22554
12062
-172
-12385
-22811
-29942
-32746
-30813
-24421
-14492
-2462
9926
20879
28806
32556
31581
26021
16679
4912
-7571
-18956
-27585
-32200
-32127
-27374
-18630
-7167
5342
17076
26318
31719
32485
28504
20353
9222
-3259
-15267
-25041
-31147
-32687
-29434
-21861
-11077
1334
13553
23783
30517
32764
30189
23169
12736
423
-11953
-22570
-29860
-32743
-30792
-24293
-14202
-2009
10483
21426
29201
32652
31267
25247
15482
3419
-9153
-20369
-28563
-32514
-31633
-26047
-16586
-4654
7973
19415
27967
32350
31910
26709
17520
5712
-6950
-18577
-27428
-32179
-32116
-27244
-18292
-6597
6088
17864
26962
32015
32263
27666
18910
7310
-5391
-17284
-26579
-31872
-32366
-27983
-19380
-7852
4862
16845
26287
31760
32433
28203
19707
8226
-4501
-16550
-26094
-31684
-32472
-28334
-19895
-8434
4310
16402
26003
31651
32486
28377
19946
8475
-4288
-16402
-26016
-31662
-32478
-28334
-19861
-8351
4437
16550
26133
31717
32445
28203
19638
8060
-4756
-16845
-26351
-31812
-32386
-27983
-19276
-7602
5243
17284
26666
31941
32293
27666
18769
6975
-5898
-17864
-27071
-32095
-32157
-27244
-18113
-6176
6719
18577
27557
32265
31968
26709
17302
5205
-7702
-19415
-28111
-32434
-31710
-26047
-16326
-4058
8843
20369
28719
32588
31368
25247
15179
2736
-10137
-21426
-29364
-32705
-30922
-24293
-13853
-1238
11573
22570
30025
32764
30353
23169
12339
-434
-13142
-23783
-30678
-32739
-29638
-21861
-10632
2276
14829
25041
31296
32604
28754
20353
8727
-4282
-16616
-26318
-31849
-32328
-27676
-18630
-6622
6439
18480
27585
32302
31880
26381
16679
4318
-8734
-20396
-28806
-32620
-31227
-24845
-14492
-1820
11144
22329
29942
32763
30335
23047
12062
-859
-13645
-24243
-30951
-32688
-29173
-20967
-9388
3703
16202
26094
31785
32354
27709
18593
6476
-6688
-18775
-27832
-32393
-31718
-25913
-15915
-3339
9779
21317
29402
32723
30737
23764
12933
0
-12935
-23772
-30745
-32720
-29372
-21243
-9654
3510
16105
26077
31798
32332
27590
18342
6096
-7147
-19226
-28162
-32493
-31507
-25362
-15061
-2291
10856
22227
29953
32765
30198
22670
11416
-1716
-14569
-25028
-31370
-32548
-28366
-19509
-7435
5867
18204
27539
32330
31782
25982
15887
3163
-10086
-21669
-29667
-32753
-30413
-23032
-11831
1334
14281
24860
31312
32563
28403
19519
7387
-5976
-18347
-27666
-32377
-31693
-25725
-15465
-2622
10659
22164
29968
32766
30086
22374
10917
-2369
-15261
-25599
-31650
-32396
-27709
-18372
-5950
7473
19643
28516
32596
31195
24546
13765
664
-12550
-23653
-30771
-32702
-29116
-20616
-8634
4807
17440
27128
32230
31881
26137
15968
3092
-10308
-21966
-29901
-32766
-30072
-22272
-10689
2711
15653
25937
31812
32275
27244
17574
4908
-8595
-20637
-29162
-32712
-30681
-23411
-12140
1206
14349
25041
31451
32480
27948
18630
6117
-7445
-19735
-28641
-32634
-31026
-24089
-13013
301
13567
24501
31222
32570
28309
19172
6728
-6876
-19298
-28393
-32589
-31159
-24347
-13326
0
13328
24354
31166
32585
28360
19220
6748
-6896
-19347
-28443
-32604
-31103
-24198
-13087
301
13640
24608
31294
32533
28105
18778
6176
-7504
-19879
-28786
-32669
-30847
-23635
-12290
1206
14493
25247
31583
32389
27520
17828
5008
-8692
-20870
-29387
-32745
-30352
-22624
-10917
2711
15865
26229
31977
32094
26556
16335
3233
-10442
-22277
-30182
-32757
-29546
-21112
-8944
4807
17712
27483
32390
31559
25136
14256
845
-12717
-24026
-31070
-32598
-28334
-19032
-6345
7473
19964
28903
32697
30666
23169
11540
-2148
-15456
-26008
-31918
-32127
-26596
-16309
-3103
10659
22517
30346
32741
29270
20553
8148
-5719
-18563
-28078
-32552
-31179
-24202
-12874
771
14281
25223
31625
32332
27214
17189
4062
-9798
-21894
-30040
-32762
-29565
-21025
-8682
5233
18204
27882
32514
31257
24336
13002
-691
-14262
-25247
-31650
-32307
-27094
-16955
-3732
10171
22227
30239
32747
29289
20494
7961
-6025
-18915
-28356
-32621
-30929
-23586
-11931
1907
15400
26077
31982
32033
26215
15592
2109
-11762
-23479
-30889
-32629
-28377
-18910
-5966
8077
20637
29402
32756
30080
21861
9613
-4409
-17621
-27585
-32459
-31342
-24435
-13013
816
14497
25499
31785
32188
26631
16140
2656
-11322
-23203
-30782
-32650
-28456
-18976
-5969
8148
20755
29503
32763
29925
21514
9095
-5021
-18204
-27995
-32564
-31058
-23753
-12011
1977
15598
26305
32095
31880
25698
14703
952
-12978
-24480
-31393
-32418
-27360
-17165
-3744
10381
22559
30497
32702
28754
19394
6380
-7836
-20580
-29446
-32762
-29899
-21393
-8847
5370
18577
28275
32630
30814
23169
11138
-3003
-16579
-27016
-32334
-31523
-24733
-13249
751
14612
25700
31906
32048
26096
15179
1372
-12698
-24354
-31371
-32412
-27273
-16932
-3359
10856
23003
30758
32638
28280
18514
5205
-9101
-21669
-30089
-32747
-29131
-19930
-6905
7445
20371
29387
32762
29844
21189
8460
-5898
-19125
-28673
-32702
-30433
-22301
-9868
4468
17946
27963
32585
30916
23274
11134
-3159
-16845
-27275
-32428
-31305
-24119
-12260
1977
15833
26622
32247
31615
24845
13249
-923
-14918
-26016
-32055
-31858
-25461
-14105
0
14107
25468
31864
32046
25975
14832
792
-13405
-24986
-31684
-32188
-26395
-15435
-1452
12817
24578
31525
32292
26727
15917
1981
-12345
-24250
-31393
-32366
-26976
-16280
-2378
11993
24006
31293
32415
27148
16527
2644
-11762
-23850
-31230
-32442
-27244
-16660
-2779
11653
23783
31206
32451
27267
16679
2783
-11667
-23806
-31222
-32441
-27217
-16586
-2656
11803
23919
31277
32412
27094
16378
2398
-12062
-24120
-31370
-32361
-26894
-16056
-2009
12441
24407
31496
32285
26615
15616
1488
-12939
-24777
-31650
-32178
-26251
-15055
-836
13553
25223
31826
32033
25797
14372
52
-14280
-25739
-32015
-31841
-25247
-13561
863
15115
26318
32208
31592
24592
12618
-1908
-16052
-26950
-32393
-31276
-23823
-11540
3083
17085
27622
32556
30880
22932
10324
-4384
-18204
-28323
-32682
-30389
-21909
-8965
5807
19399
29038
32755
29790
20744
7461
-7347
-20658
-29748
-32757
-29067
-19428
-5811
8997
21966
30436
32669
28203
17952
4016
-10746
-23305
-31079
-32468
-27184
-16309
-2077
12583
24657
31656
32135
25992
14491
0
-14493
-25999
-32139
-31644
-24613
-12494
2208
16457
27304
32503
30975
23032
10317
-4537
-18454
-28547
-32719
-30103
-21238
-7961
6971
20458
29694
32757
29007
19220
5431
-9491
-22439
-30713
-32587
-27666
-16973
-2736
12073
24364
31568
32177
26060
14492
-108
-14689
-26197
-32222
-31498
-24174
-11781
3083
17304
27896
32634
30520
21996
8847
-6162
-19879
-29416
-32766
-29219
-19519
-5706
9311
22368
30711
32578
27570
16743
2378
-12491
-24723
-31732
-32033
-25558
-13674
1105
15653
26888
32428
31095
23169
10328
-4707
-18745
-28806
-32750
-29736
-20402
-6728
8378
21705
30414
32650
27932
17262
2911
-12062
-24465
-31651
-32083
-25665
-13765
1077
15692
26955
32455
31012
22932
9941
-5180
-19194
-29098
-32765
-29406
-19738
-5832
9326
22486
30817
32526
27244
16102
1495
-13436
-25478
-32035
-31693
-24521
-12062
2999
17416
28078
32680
30226
21243
7668
-7565
-21167
-30192
-32685
-28105
-17438
-2992
12103
24578
31727
31995
25321
13150
-1876
-16499
-27539
-32596
-30567
-21889
-8448
6833
20630
29936
32722
28377
17845
3419
-11753
-24364
-31659
-32040
-25423
-13249
1823
16499
27568
32607
30508
21729
8189
-7147
-20920
-30108
-32693
-28105
-17347
-2779
12401
24860
31856
31850
24838
12360
-2839
-17416
-28160
-32702
-30037
-20749
-6884
8501
22013
30668
32552
27244
15915
1066
-14020
-26008
-32243
-31342
-23500
-10451
4915
19194
29220
32766
29042
18871
4509
-10856
-23813
-31479
-32147
-25665
-13473
1720
16533
27666
32637
30335
21271
7461
-8015
-21705
-30552
-32578
-27327
-15968
-1038
14125
26133
32294
31228
23169
9920
-5554
-19786
-29584
-32748
-28565
-17970
-3339
12043
24723
31849
31816
24627
11897
-3511
-18132
-28673
-32755
-29458
-19519
-5177
10334
23516
31393
32182
25702
13414
-1907
-16800
-27896
-32682
-30072
-20653
-6555
9029
22570
30997
32395
26445
14492
-751
-15827
-27310
-32589
-30461
-21406
-7481
8148
21926
30713
32507
26894
15151
-48
-15238
-26955
-32522
-30664
-21804
-7961
7702
21608
30575
32549
27076
15403
202
-15047
-26852
-32503
-30703
-21861
-8002
7696
21629
30598
32538
27001
15255
0
-15257
-27007
-32541
-30582
-21579
-7602
8129
21989
30779
32468
26664
14703
-655
-15865
-27411
-32621
-30288
-20948
-6758
8997
22672
31098
32318
26047
13736
-1763
-16855
-28038
-32713
-29790
-19946
-5464
10289
23653
31516
32046
25116
12336
-3319
-18204
-28847
-32766
-29042
-18541
-3711
11987
24889
31977
31593
23823
10480
-5316
-19871
-29777
-32711
-27983
-16697
-1495
14059
26318
32404
30885
22114
8148
-7733
-21801
-30745
-32460
-26539
-14372
1180
16457
27860
32699
29832
19930
5325
-10537
-23916
-31650
-31910
-24631
-11530
4298
19113
29409
32747
28334
17210
2009
-13670
-26112
-32365
-30942
-22178
-8148
7817
21929
30833
32412
26285
13907
-1780
-17047
-28259
-32743
-29429
-19103
-4222
11667
24777
31977
31548
23586
9991
-5992
-20546
-30192
-32619
-27244
-15350
219
15739
27492
32660
30001
20149
5464
-10533
-24006
-31719
-31816
-24270
-10892
5106
19879
29873
32681
27625
15917
373
-15261
-27221
-32621
-30156
-20416
-5748
10308
23879
31684
31836
24293
10875
-5173
-19973
-29942
-32665
-27477
-15633
0
15636
27483
32666
29925
19920
5078
-10999
-24407
-31886
-31615
-23656
-9941
6193
20824
30386
32549
26782
14487
-1341
-16845
-28242
-32749
-29262
-18630
-3445
12583
25539
32252
31078
22301
8064
-8148
-22368
-31111
-32231
-25451
-12429
3643
18824
29387
32737
28047
16465
836
-15001
-27152
-32625
-30072
-20115
-5205
10989
24479
31937
31523
23335
9388
-6876
-21447
-30723
-32412
-26092
-13322
2743
18132
29038
32759
28371
16955
1338
-14612
-26944
-32596
-30164
-20247
-5304
10958
24501
31960
31477
23169
9099
-7236
-21774
-30894
-32323
-25702
-12676
3510
18824
29446
32724
27837
16000
166
-15711
-27666
-32707
-29572
-19041
-3744
12491
25602
32304
30916
21780
7184
-9215
-23305
-31551
-31880
-24205
-10451
5930
20824
30486
32483
26311
13518
-2679
-18204
-29147
-32749
-28098
-16364
-502
15488
27574
32702
29574
18976
3583
-12717
-25806
-32371
-30748
-21345
-6538
9926
23879
31785
31636
23467
9346
-7147
-21830
-30974
-32254
-25342
-11991
4409
19692
29968
32623
26976
14462
-1736
-17495
-28798
-32764
-28377
-16752
-852
15267
27492
32699
29554
18857
3339
-13034
-26077
-32450
-30520
-20777
-5712
10817
24578
32042
31291
22515
7961
-8637
-23021
-31496
-31881
-24075
-10079
6509
21426
30833
32307
25463
12062
-4448
-19815
-30076
-32585
-26689
-13907
2465
18204
29244
32732
27762
15616
-569
-16610
-28356
-32765
-28692
-17189
-1231
15047
27428
32699
29490
18630
2932
-13528
-26478
-32552
-30168
-19943
-4530
12062
25519
32337
30737
21133
6022
-10659
-24565
-32068
-31208
-22206
-7407
9326
23628
31760
31593
23169
8686
-8070
-22719
-31423
-31903
-24028
-9858
6896
21846
31070
32147
24790
10926
-5807
-21019
-30711
-32336
-25461
-11891
4807
20244
30356
32478
26047
12755
-3899
-19528
-30012
-32581
-26556
-13521
3083
18877
29687
32654
26991
14192
-2362
-18294
-29387
-32703
-27360
-14769
1736
17784
29119
32734
27666
15255
-1206
-17349
-28887
-32752
-27913
-15652
771
16993
28695
32761
28105
15962
-434
-16717
-28547
-32765
-28244
-16186
193
16523
28443
32766
28334
16326
-48
-16412
-28387
-32766
-28374
-16382
0
0
0
0
0
0
0
0
0
0
0
0
0
0
0
0
0
0
0
0
0
0
0
0
0
0
0
0
0
0
0
0
0
0
0
0
0
0
0
0
0
0
0
0
0
0
0
0
0
0
0
0
0
0
0
0
0
0
0
0
0
0
0
0
0
0
0
0
0
0
0
0
0
0
0
0
0
0
0
0
0
0
0
0
0
0
0
0
0
0
0
0
0
0
0
0
0
0
0
0
0
0
0
0
0
0
0
0
0
0
0
0
0
0
0
0
0
0
0
0
0
0
0
0
0
0
0
0
0
0
0
0
0
0
0
0
0
0
0
0
0
0
0
0
0
0
0
0
0
0
0
0
0
0
0
0
0
0
0
0
0
0
0
0
0
0
0
0
0
0
0
0
0
0
0
0
0
0
0
0
0
0
0
0
0
0
0
0
0
0
0
0
0
0
0
0
0
0
0
0
0
0
0
0
0
0
0
0
0
0
0
0
0
0
0
0
0
0
0
0
0
0
0
0
0
0
0
0
0
0
0
0
0
0
0
0
0
0
0
0
0
0
0
0
0
0
0
0
0
0
0
0
0
0
0
0
0
0
0
0
0
0
0
0
0
0
0
0
0
0
0
0
0
0
0
0
0
0
0
0
0
0
0
0
0
0
0
0
0
0
0
0
0
0
0
0
0
0
0
0
0
0
0
0
0
0
0
0
0
0
0
0
0
0
0
0
0
0
0
0
0
0
0
0
0
0
0
0
0
0
0
0
0
0
0
0
0
0
0
0
0
0
0
0
0
0
0
0
0
0
0
0
0
0
0
0
0
0
0
0
0
0
0
0
0
0
0
0
0
0
0
0
0
0
0
0
0
0
0
0
0
0
0
0
0
0
0
0
0
0
0
0
0
0
0
0
0
0
0
0
0
0
0
0
0
0
0
0
0
0
0
0
0
0
0
0
0
0
0
0
0
0
0
0
0
0
0
0
0
0
0
0
0
0
0
0
0
0
0
0
0
0
0
0
0
0
0
0
0
0
0
0
0
0
0
0
0
0
0
0
0
0
0
0
0
0
0
0
0
0
0
0
0
0
0
0
0
0
0
0
0
0
0
0
0
0
0
0
0
0
0
0
0
0
0
0
0
0
0
0
0
0
0
0
0
0
0
0
0
0
0
0
0
0
0
0
0
0
0
0
0
0
0
0
0
0
0
0
0
0
0
0
0
0
0
0
0
0
0
0
0
0
0
0
0
0
0
0
0
0
0
0
0
0
0
0
0
0
0
0
0
0
0
0
0
0
0
0
0
0
0
0
0
0
0
0
0
0
0
0
0
0
0
0
0
0
0
0
0
0
0
0
0
0
0
0
0
0
0
0
0
0
0
0
0
0
0
0
0
0
0
0
0
0
0
0
0
0
0
0
0
0
0
0
0
0
0
0
0
0
0
0
0
0
0
0
0
0
0
0
0
0
0
0
0
0
0
0
0
0
0
0
0
0
0
0
0
0
0
0
0
0
0
0
0
0
0
0
0
0
0
0
0
0
0
0
0
0
0
0
0
0
0
0
0
0
0
0
0
0
0
0
0
0
0
0
0
0
0
0
0
0
0
0
0
0
0
0
0
0
0
0
0
0
0
0
0
0
0
0
0
0
0
0
0
0
0
0
0
0
0
0
0
0
0
0
0
0
0
0
0
0
0
0
0
0
0
0
0
0
0
0
0
0
0
0
0
0
0
0
0
0
0
0
0
0
0
0
0
0
0
0
0
0
0
0
0
0
0
0
0
0
0
0
0
0
0
0
0
0
0
0
0
0
0
0
0
0
0
0
0
0
0
0
0
0
0
0
0
0
0
0
0
0
0
0
0
0
0
0
0
0
0
0
0
0
0
0
0
0
0
0
0
0
0
0
0
0
0
0
0
0
0
0
0
0
0
0
0
0
0
0
0
0
0
0
0
0
0
0
0
0
0
0
0
0
0
0
0
0
0
0
0
0
0
0
0
0
0
0
0
0
0
0
0
0
0
0
0
0
0
0
0
0
0
0
0
0
0
0
0
0
0
0
0
0
0
0
0
0
0
0
0
0
0
0
0
0
0
0
0
0
0
0
0
0
0
0
0
0
0
0
0
0
0
0
0
0
0
0
0
0
0
0
0
0
0
0
0
0
0
0
0
0
0
0
0
0
0
0
18203
17355
14889
11037
6159
714
-4788
-9836
-13957
-16770
-18015
-17582
-15516
-12016
-7414
-2143
3301
8413
12718
15821
17442
17439
15824
12759
8538
3562
-1701
-6764
-11161
-14491
-16459
-16896
-15780
-13231
-9500
-4943
9
4901
9283
12763
15035
15911
15333
13375
10239
6230
1725
-2857
-7103
-10636
-13151
-14443
-14422
-13118
-10675
-7338
-3425
701
4672
8139
10809
12468
12998
12384
10714
8162
4979
1458
-2085
-5345
-8053
-9996
-11035
-11115
-10263
-8586
-6254
-3486
-528
2369
4973
7083
8550
9284
9257
8504
7115
5226
3003
630
-1708
-3838
-5611
-6913
-7667
-7842
-7445
-6526
-5164
-3467
-1560
422
2347
4086
5526
6574
7163
7255
6842
5948
4627
2963
1063
-945
-2927
-4739
-6248
-7333
-7901
-7891
-7281
-6095
-4401
-2310
30
2445
4746
6742
8261
9158
9337
8755
7431
5450
2953
133
-2779
-5542
-7913
-9675
-10658
-10755
-9930
-8230
-5780
-2775
535
3868
6930
9445
11180
11965
11713
10427
8205
5228
1752
-1920
-5463
-8558
-10922
-12336
-12663
-11865
-10006
-7245
-3826
-56
3727
7181
9992
11905
12747
12442
11019
8611
5441
1800
-1976
-5543
-8577
-10804
-12028
-12147
-11163
-9179
-6392
-3069
475
3911
6922
9237
10656
11065
10449
8887
6548
3670
538
-2548
-5299
-7465
-8859
-9373
-8987
-7771
-5869
-3491
-885
1686
3975
5767
6908
7313
6976
5965
4416
2513
470
-1492
-3173
-4408
-5089
-5171
-4676
-3689
-2347
-822
699
2039
3043
3603
3664
3234
2379
1216
-101
-1403
-2519
-3301
-3640
-3483
-2833
-1757
-374
1154
2646
3914
4791
5149
4915
4082
2710
925
-1096
-3142
-4987
-6416
-7251
-7370
-6720
-5329
-3306
-828
1869
4521
6854
8617
9607
9691
8825
7056
4526
1454
-1875
-5147
-8040
-10260
-11571
-11820
-10953
-9021
-6182
-2683
1156
4981
8427
11160
12906
13483
12814
10942
8021
4309
143
-4093
-8008
-11231
-13455
-14463
-14150
-12535
-9758
-6067
-1800
2652
6881
10495
13160
14629
14766
13558
11118
7672
3538
-902
-5242
-9084
-12079
-13960
-14563
-13842
-11876
-8857
-5071
-872
3351
7215
10371
12544
13550
13317
11888
9415
6144
2388
-1500
-5165
-8278
-10567
-11846
-12024
-11114
-9229
-6569
-3401
-29
3231
6088
8292
9664
10110
9624
8286
6254
3745
1010
-1687
-4100
-6016
-7281
-7810
-7592
-6686
-5215
-3352
-1295
746
2577
4034
5000
5412
5269
4623
3577
2266
845
-527
-1713
-2597
-3108
-3220
-2951
-2365
-1554
-635
269
1046
1602
1874
1838
1508
937
208
-576
-1307
-1878
-2205
-2229
-1932
-1332
-487
513
1557
2519
3279
3734
3810
3471
2725
1627
269
-1219
-2692
-3996
-4988
-5551
-5603
-5113
-4103
-2644
-858
1096
3042
4793
6174
7041
7293
6885
5831
4208
2146
-178
-2560
-4784
-6644
-7961
-8603
-8495
-7628
-6064
-3927
-1396
1310
3957
6308
8149
9310
9677
9205
7923
5933
3400
536
-2409
-5184
-7542
-9276
-10227
-10307
-9500
-7868
-5547
-2731
339
3402
6193
8471
10037
10752
10552
9451
7539
4977
1984
-1184
-4260
-6977
-9104
-10457
-10922
-10457
-9104
-6977
-4260
-1184
1984
4977
7539
9451
10552
10752
10037
8471
6193
3402
339
-2731
-5547
-7868
-9500
-10307
-10227
-9276
-7542
-5184
-2409
536
3400
5933
7923
9205
9677
9310
8149
6308
3957
1310
-1396
-3927
-6064
-7628
-8495
-8603
-7961
-6644
-4784
-2560
-178
2146
4208
5831
6885
7293
7041
6174
4793
3042
1096
-858
-2644
-4103
-5113
-5603
-5551
-4988
-3996
-2692
-1219
269
1627
2725
3471
3810
3734
3279
2519
1557
513
-487
-1332
-1932
-2229
-2205
-1878
-1307
-576
208
937
1508
1838
1874
1602
1046
269
-635
-1554
-2365
-2951
-3220
-3108
-2597
-1713
-527
845
2266
3577
4623
5269
5412
5000
4034
2577
746
-1295
-3352
-5215
-6686
-7592
-7810
-7281
-6016
-4100
-1687
1010
3745
6254
8286
9624
10110
9664
8292
6088
3231
-29
-3401
-6569
-9229
-11114
-12024
-11846
-10567
-8278
-5165
-1500
2388
6144
9415
11888
13317
13550
12544
10371
7215
3351
-872
-5071
-8857
-11876
-13842
-14563
-13960
-12079
-9084
-5242
-902
3538
7672
11118
13558
14766
14629
13160
10495
6881
2652
-1800
-6067
-9758
-12535
-14150
-14463
-13455
-11231
-8008
-4093
143
4309
8021
10942
12814
13483
12906
11160
8427
4981
1156
-2683
-6182
-9021
-10953
-11820
-11571
-10260
-8040
-5147
-1875
1454
4526
7056
8825
9691
9607
8617
6854
4521
1869
-828
-3306
-5329
-6720
-7370
-7251
-6416
-4987
-3142
-1096
925
2710
4082
4915
5149
4791
3914
2646
1154
-374
-1757
-2833
-3483
-3640
-3301
-2519
-1403
-101
1216
2379
3234
3664
3603
3043
2039
699
-822
-2347
-3689
-4676
-5171
-5089
-4408
-3173
-1492
470
2513
4416
5965
6976
7313
6908
5767
3975
1686
-885
-3491
-5869
-7771
-8987
-9373
-8859
-7465
-5299
-2548
538
3670
6548
8887
10449
11065
10656
9237
6922
3911
475
-3069
-6392
-9179
-11163
-12147
-12028
-10804
-8577
-5543
-1976
1800
5441
8611
11019
12442
12747
11905
9992
7181
3727
-56
-3826
-7245
-10006
-11865
-12663
-12336
-10922
-8558
-5463
-1920
1752
5228
8205
10427
11713
11965
11180
9445
6930
3868
535
-2775
-5780
-8230
-9930
-10755
-10658
-9675
-7913
-5542
-2779
133
2953
5450
7431
8755
9337
9158
8261
6742
4746
2445
30
-2310
-4401
-6095
-7281
-7891
-7901
-7333
-6248
-4739
-2927
-945
1063
2963
4627
5948
6842
7255
7163
6574
5526
4086
2347
422
-1560
-3467
-5164
-6526
-7445
-7842
-7667
-6913
-5611
-3838
-1708
630
3003
5226
7115
8504
9257
9284
8550
7083
4973
2369
-528
-3486
-6254
-8586
-10263
-11115
-11035
-9996
-8053
-5345
-2085
1458
4979
8162
10714
12384
12998
12468
10809
8139
4672
701
-3425
-7338
-10675
-13118
-14422
-14443
-13151
-10636
-7103
-2857
1725
6230
10239
13375
15333
15911
15035
12763
9283
4901
9
-4943
-9500
-13231
-15780
-16896
-16459
-14491
-11161
-6764
-1701
3562
8538
12759
15824
17439
17442
15821
12718
8413
3301
-2143
-7414
-12016
-15516
-17582
-18015
-16770
-13957
-9836
-4788
714
6159
11037
14889
17355
0
0
0
0
0
0
0
0
0
0
0
0
0
0
0
0
0
0
0
0
0
0
0
0
0
0
0
0
0
0
0
0
0
0
0
0
0
0
0
0
0
0
0
0
0
0
0
0
0
0
0
0
0
0
0
0
0
0
0
0
0
0
0
0
0
0
0
-10922
-10416
-8946
-6648
-3734
-475
2828
5870
8367
10090
10876
10654
9444
7357
4587
1390
-1935
-5081
-7755
-9708
-10756
-10802
-9840
-7959
-5335
-2210
1122
4351
7175
9327
10605
10888
10147
8450
5955
2896
-440
-3740
-6691
-9013
-10485
-10966
-10407
-8857
-6461
-3443
-89
3282
6351
8824
10461
11102
10682
9235
6896
3883
483
-2980
-6176
-8794
-10580
-11355
-11040
-9656
-7330
-4279
-793
2796
6143
8922
10860
11763
11535
10188
7842
4714
1100
-2655
-6190
-9163
-11279
-12326
-12192
-10878
-8499
-5272
-1501
2456
6221
9430
11766
12996
12991
11736
9340
6020
2085
-2093
-6119
-9605
-12212
-13682
-13862
-12724
-10361
-6988
-2916
1473
5768
9559
12481
14251
14691
13749
11503
8154
4012
-539
-5074
-9167
-12430
-14551
-15326
-14675
-12651
-9439
-5333
-713
3990
8342
11934
14432
15602
15333
13650
10707
6778
2225
-2528
-7046
-10912
-13771
-15364
-15550
-14316
-11784
-8191
-3874
769
5313
9343
12496
14495
15168
14467
12473
9379
5480
1139
-3246
-7281
-10607
-12937
-14078
-13949
-12585
-10133
-6833
-2998
1019
4859
8183
10711
12240
12663
11972
10262
7714
4577
1144
-2274
-5383
-7925
-9701
-10588
-10548
-9622
-7930
-5649
-3001
-227
2433
4765
6594
7797
8313
8142
7342
6019
4313
2386
402
-1482
-3134
-4450
-5362
-5843
-5896
-5558
-4886
-3956
-2846
-1637
-404
787
1884
2843
3631
4223
4599
4745
4650
4308
3720
2896
1858
644
-691
-2077
-3427
-4643
-5626
-6278
-6517
-6284
-5553
-4337
-2692
-718
1448
3640
5675
7366
8547
9079
8877
7911
6220
3912
1153
-1835
-4803
-7488
-9637
-11037
-11531
-11037
-9559
-7192
-4113
-572
3129
6668
9721
12002
13283
13424
12382
10221
7108
3302
-871
-5045
-8846
-11926
-13996
-14855
-14408
-12678
-9802
-6026
-1679
2854
7170
10880
13646
15215
15441
14297
11883
8411
4192
-396
-4944
-9043
-12327
-14506
-15388
-14903
-13102
-10155
-6336
-1993
2479
6682
10241
12847
14282
14434
13311
11034
7827
3993
-111
-4118
-7670
-10464
-12268
-12948
-12475
-10922
-8460
-5335
-1846
1685
4944
7652
9590
10617
10680
9814
8137
5835
3142
313
-2393
-4746
-6559
-7704
-8122
-7823
-6882
-5424
-3617
-1645
307
2071
3510
4528
5080
5166
4830
4150
3227
2174
1098
96
-759
-1423
-1878
-2132
-2215
-2170
-2043
-1880
-1715
-1565
-1433
-1305
-1156
-952
-664
-267
244
860
1546
2250
2901
3422
3736
3773
3489
2864
1915
695
-708
-2181
-3587
-4786
-5648
-6063
-5958
-5308
-4137
-2522
-591
1493
3545
5368
6783
7638
7831
7319
6122
4329
2087
-407
-2931
-5249
-7141
-8422
-8958
-8685
-7615
-5833
-3495
-810
1976
4605
6833
8447
9294
9292
8437
6807
4553
1885
-945
-3676
-6051
-7850
-8909
-9133
-8509
-7105
-5061
-2578
102
2726
5045
6845
7963
8308
7862
6686
4909
2718
334
-2006
-4078
-5686
-6688
-7005
-6627
-5615
-4092
-2229
-225
1709
3383
4632
5345
5469
5015
4054
2709
1141
-470
-1947
-3132
-3901
-4184
-3964
-3282
-2232
-947
415
1692
2730
3406
3640
3406
2730
1692
415
-947
-2232
-3282
-3964
-4184
-3901
-3132
-1947
-470
1141
2709
4054
5015
5469
5345
4632
3383
1709
-225
-2229
-4092
-5615
-6627
-7005
-6688
-5686
-4078
-2006
334
2718
4909
6686
7862
8308
7963
6845
5045
2726
102
-2578
-5061
-7105
-8509
-9133
-8909
-7850
-6051
-3676
-945
1885
4553
6807
8437
9292
9294
8447
6833
4605
1976
-810
-3495
-5833
-7615
-8685
-8958
-8422
-7141
-5249
-2931
-407
2087
4329
6122
7319
7831
7638
6783
5368
3545
1493
-591
-2522
-4137
-5308
-5958
-6063
-5648
-4786
-3587
-2181
-708
695
1915
2864
3489
3773
3736
3422
2901
2250
1546
860
244
-267
-664
-952
-1156
-1305
-1433
-1565
-1715
-1880
-2043
-2170
-2215
-2132
-1878
-1423
-759
96
1098
2174
3227
4150
4830
5166
5080
4528
3510
2071
307
-1645
-3617
-5424
-6882
-7823
-8122
-7704
-6559
-4746
-2393
313
3142
5835
8137
9814
10680
10617
9590
7652
4944
1685
-1846
-5335
-8460
-10922
-12475
-12948
-12268
-10464
-7670
-4118
-111
3993
7827
11034
13311
14434
14282
12847
10241
6682
2479
-1993
-6336
-10155
-13102
-14903
-15388
-14506
-12327
-9043
-4944
-396
4192
8411
11883
14297
15441
15215
13646
10880
7170
2854
-1679
-6026
-9802
-12678
-14408
-14855
-13996
-11926
-8846
-5045
-871
3302
7108
10221
12382
13424
13283
12002
9721
6668
3129
-572
-4113
-7192
-9559
-11037
-11531
-11037
-9637
-7488
-4803
-1835
1153
3912
6220
7911
8877
9079
8547
7366
5675
3640
1448
-718
-2692
-4337
-5553
-6284
-6517
-6278
-5626
-4643
-3427
-2077
-691
644
1858
2896
3720
4308
4650
4745
4599
4223
3631
2843
1884
787
-404
-1637
-2846
-3956
-4886
-5558
-5896
-5843
-5362
-4450
-3134
-1482
402
2386
4313
6019
7342
8142
8313
7797
6594
4765
2433
-227
-3001
-5649
-7930
-9622
-10548
-10588
-9701
-7925
-5383
-2274
1144
4577
7714
10262
11972
12663
12240
10711
8183
4859
1019
-2998
-6833
-10133
-12585
-13949
-14078
-12937
-10607
-7281
-3246
1139
5480
9379
12473
14467
15168
14495
12496
9343
5313
769
-3874
-8191
-11784
-14316
-15550
-15364
-13771
-10912
-7046
-2528
2225
6778
10707
13650
15333
15602
14432
11934
8342
3990
-713
-5333
-9439
-12651
-14675
-15326
-14551
-12430
-9167
-5074
-539
4012
8154
11503
13749
14691
14251
12481
9559
5768
1473
-2916
-6988
-10361
-12724
-13862
-13682
-12212
-9605
-6119
-2093
2085
6020
9340
11736
12991
12996
11766
9430
6221
2456
-1501
-5272
-8499
-10878
-12192
-12326
-11279
-9163
-6190
-2655
1100
4714
7842
10188
11535
11763
10860
8922
6143
2796
-793
-4279
-7330
-9656
-11040
-11355
-10580
-8794
-6176
-2980
483
3883
6896
9235
10682
11102
10461
8824
6351
3282
-89
-3443
-6461
-8857
-10407
-10966
-10485
-9013
-6691
-3740
-440
2896
5955
8450
10147
10888
10605
9327
7175
4351
1122
-2210
-5335
-7959
-9840
-10802
-10756
-9708
-7755
-5081
-1935
1390
4587
7357
9444
10654
10876
10090
8367
5870
2828
-475
-3734
-6648
-8946
-10416
0
0
0
0
0
0
0
0
0
0
0
0
0
0
0
0
0
0
0
0
0
0
0
0
0
0
0
0
0
0
0
0
0
0
0
0
0
0
0
0
0
0
0
0
0
0
0
0
0
0
0
0
0
0
0
0
0
0
0
0
0
0
0
0
0
0
0
-18203
-17394
-15041
-11356
-6675
-1420
3933
8907
13058
16020
17539
17493
15902
12927
8852
4054
-1026
-5933
-10233
-13554
-15620
-16273
-15488
-13365
-10128
-6090
-1631
2842
6935
10298
12658
13842
13788
12546
10274
7211
3660
-47
-3579
-6636
-8977
-10437
-10937
-10491
-9194
-7212
-4762
-2085
573
2988
4974
6401
7199
7361
6938
6027
4758
3276
1728
246
-1066
-2136
-2928
-3437
-3689
-3728
-3605
-3372
-3071
-2729
-2355
-1942
-1470
-914
-254
519
1400
2353
3322
4227
4973
5458
5590
5293
4527
3291
1637
-337
-2488
-4634
-6578
-8118
-9075
-9307
-8732
-7339
-5195
-2444
702
3978
7089
9738
11655
12621
12497
11240
8912
5677
1793
-2409
-6557
-10265
-13177
-14995
-15515
-14645
-12422
-9009
-4685
178
5148
9772
13615
16308
17577
17276
15400
12093
7631
2404
-3120
-8440
-13066
-16562
-18594
-18958
-17602
-14634
-10309
-5012
776
6531
11724
15874
18596
19634
18887
16418
12449
7344
1569
-4344
-9854
-14454
-17723
-19363
-19229
-17339
-13874
-9161
-3640
2174
7747
12566
16192
18300
18710
17400
14508
10316
5228
-276
-5683
-10492
-14268
-16673
-17504
-16707
-14380
-10764
-6215
-1171
3888
8492
12221
14741
15840
15443
13615
10558
6582
2079
-2515
-6769
-10289
-12759
-13970
-13837
-12403
-9835
-6403
-2453
1627
5446
8647
10941
12130
12129
10969
8789
5826
2383
-1194
-4559
-7393
-9436
-10509
-10534
-9535
-7635
-5042
-2024
1112
4060
6537
8310
9225
9211
8291
6577
4253
1562
-1224
-3832
-6009
-7549
-8315
-8247
-7366
-5774
-3640
-1183
1352
3718
5684
7067
7740
7649
6813
5323
3333
1041
-1328
-3547
-5405
-6728
-7396
-7353
-6611
-5246
-3396
-1237
1022
3172
5013
6376
7140
7239
6670
5492
3817
1802
-365
-2489
-4378
-5864
-6818
-7157
-6857
-5949
-4518
-2695
-643
1457
3423
5082
6294
6956
7015
6470
5370
3813
1934
-105
-2132
-3974
-5476
-6514
-7001
-6898
-6215
-5010
-3384
-1475
559
2550
4331
5755
6702
7093
6895
6123
4838
3145
1183
-885
-2890
-4665
-6060
-6958
-7281
-6998
-6128
-4740
-2947
-895
1245
3295
5082
6454
7290
7517
7110
6099
4564
2633
466
-1753
-3835
-5603
-6901
-7615
-7679
-7086
-5881
-4165
-2085
181
2438
4489
6154
7288
7790
7615
6776
5347
3453
1260
-1038
-3239
-5148
-6598
-7460
-7661
-7185
-6077
-4440
-2423
-207
2005
4018
5653
6766
7261
7102
6310
4964
3193
1163
-936
-2916
-4596
-5829
-6509
-6586
-6063
-5000
-3507
-1731
158
1983
3577
4796
5537
5744
5413
4589
3365
1868
250
-1332
-2730
-3815
-4495
-4718
-4480
-3821
-2822
-1593
-266
1025
2153
3011
3525
3658
3412
2830
1986
980
-75
-1066
-1890
-2466
-2741
-2698
-2355
-1762
-994
-145
686
1405
1931
2208
2209
1939
1434
758
-7
-772
-1445
-1944
-2210
-2210
-1941
-1430
-733
70
891
1634
2213
2558
2624
2398
1895
1166
284
-658
-1560
-2323
-2863
-3116
-3048
-2661
-1987
-1092
-63
993
1970
2766
3296
3502
3360
2879
2105
1113
2
-1116
-2132
-2940
-3461
-3640
-3461
-2940
-2132
-1116
2
1113
2105
2879
3360
3502
3296
2766
1970
993
-63
-1092
-1987
-2661
-3048
-3116
-2863
-2323
-1560
-658
284
1166
1895
2398
2624
2558
2213
1634
891
70
-733
-1430
-1941
-2210
-2210
-1944
-1445
-772
-7
758
1434
1939
2209
2208
1931
1405
686
-145
-994
-1762
-2355
-2698
-2741
-2466
-1890
-1066
-75
980
1986
2830
3412
3658
3525
3011
2153
1025
-266
-1593
-2822
-3821
-4480
-4718
-4495
-3815
-2730
-1332
250
1868
3365
4589
5413
5744
5537
4796
3577
1983
158
-1731
-3507
-5000
-6063
-6586
-6509
-5829
-4596
-2916
-936
1163
3193
4964
6310
7102
7261
6766
5653
4018
2005
-207
-2423
-4440
-6077
-7185
-7661
-7460
-6598
-5148
-3239
-1038
1260
3453
5347
6776
7615
7790
7288
6154
4489
2438
181
-2085
-4165
-5881
-7086
-7679
-7615
-6901
-5603
-3835
-1753
466
2633
4564
6099
7110
7517
7290
6454
5082
3295
1245
-895
-2947
-4740
-6128
-6998
-7281
-6958
-6060
-4665
-2890
-885
1183
3145
4838
6123
6895
7093
6702
5755
4331
2550
559
-1475
-3384
-5010
-6215
-6898
-7001
-6514
-5476
-3974
-2132
-105
1934
3813
5370
6470
7015
6956
6294
5082
3423
1457
-643
-2695
-4518
-5949
-6857
-7157
-6818
-5864
-4378
-2489
-365
1802
3817
5492
6670
7239
7140
6376
5013
3172
1022
-1237
-3396
-5246
-6611
-7353
-7396
-6728
-5405
-3547
-1328
1041
3333
5323
6813
7649
7740
7067
5684
3718
1352
-1183
-3640
-5774
-7366
-8247
-8315
-7549
-6009
-3832
-1224
1562
4253
6577
8291
9211
9225
8310
6537
4060
1112
-2024
-5042
-7635
-9535
-10534
-10509
-9436
-7393
-4559
-1194
2383
5826
8789
10969
12129
12130
10941
8647
5446
1627
-2453
-6403
-9835
-12403
-13837
-13970
-12759
-10289
-6769
-2515
2079
6582
10558
13615
15443
15840
14741
12221
8492
3888
-1171
-6215
-10764
-14380
-16707
-17504
-16673
-14268
-10492
-5683
-276
5228
10316
14508
17400
18710
18300
16192
12566
7747
2174
-3640
-9161
-13874
-17339
-19229
-19363
-17723
-14454
-9854
-4344
1569
7344
12449
16418
18887
19634
18596
15874
11724
6531
776
-5012
-10309
-14634
-17602
-18958
-18594
-16562
-13066
-8440
-3120
2404
7631
12093
15400
17276
17577
16308
13615
9772
5148
178
-4685
-9009
-12422
-14645
-15515
-14995
-13177
-10265
-6557
-2409
1793
5677
8912
11240
12497
12621
11655
9738
7089
3978
702
-2444
-5195
-7339
-8732
-9307
-9075
-8118
-6578
-4634
-2488
-337
1637
3291
4527
5293
5590
5458
4973
4227
3322
2353
1400
519
-254
-914
-1470
-1942
-2355
-2729
-3071
-3372
-3605
-3728
-3689
-3437
-2928
-2136
-1066
246
1728
3276
4758
6027
6938
7361
7199
6401
4974
2988
573
-2085
-4762
-7212
-9194
-10491
-10937
-10437
-8977
-6636
-3579
-47
3660
7211
10274
12546
13788
13842
12658
10298
6935
2842
-1631
-6090
-10128
-13365
-15488
-16273
-15620
-13554
-10233
-5933
-1026
4054
8852
12927
15902
17493
17539
16020
13058
8907
3933
-1420
-6675
-11356
-15041
-17394
0
0
0
0
0
0
0
0
0
0
0
0
0
0
0
0
0
0
0
0
0
0
0
0
0
0
0
0
0
0
0
0
0
0
0
0
0
0
0
0
0
0
0
0
0
0
0
0
0
0
0
0
0
0
0
0
0
0
0
0
0
0
0
0
0
0
0
-18203
-17468
-15320
-11934
-7581
-2611
2573
7555
11931
15347
17523
18282
17559
15408
12000
7609
2589
-2652
-7691
-12113
-15557
-17738
-18472
-17694
-15463
-11957
-7460
-2337
2988
8081
12518
15930
18031
18642
17709
15305
11626
6976
1740
-3645
-8729
-13087
-16351
-18246
-18612
-17417
-14761
-10869
-6069
-766
4587
9542
13677
16643
18191
18194
16657
13715
9626
4743
-512
-5690
-10348
-14091
-16604
-17682
-17243
-15336
-12140
-7939
-3106
1937
6755
10935
14125
16061
16593
15694
13463
10112
5948
1345
-3292
-7561
-11100
-13614
-14906
-14888
-13589
-11149
-7805
-3868
304
4346
7907
10691
12477
13135
12641
11071
8594
5454
1946
-1611
-4906
-7661
-9654
-10737
-10852
-10024
-8364
-6050
-3313
-410
2395
4864
6793
8041
8529
8255
7281
5731
3773
1602
-576
-2570
-4214
-5385
-6011
-6071
-5600
-4678
-3421
-1967
-462
953
2160
3067
3619
3798
3625
3151
2453
1621
749
-74
-775
-1300
-1623
-1738
-1666
-1446
-1127
-765
-414
-118
90
197
205
129
0
-146
-272
-343
-333
-229
-34
235
552
877
1167
1379
1477
1436
1244
908
449
-93
-673
-1234
-1720
-2079
-2271
-2270
-2067
-1675
-1123
-455
269
990
1641
2165
2515
2660
2586
2299
1824
1199
479
-276
-1006
-1652
-2164
-2504
-2648
-2591
-2340
-1919
-1364
-720
-34
642
1264
1789
2185
2429
2508
2421
2176
1790
1288
700
62
-589
-1214
-1776
-2239
-2569
-2742
-2739
-2551
-2179
-1638
-954
-164
680
1523
2301
2951
3414
3640
3596
3265
2655
1795
742
-430
-1633
-2765
-3726
-4423
-4783
-4753
-4317
-3489
-2323
-903
656
2224
3662
4835
5628
5954
5764
5055
3873
2307
485
-1434
-3281
-4884
-6090
-6776
-6865
-6333
-5214
-3596
-1617
547
2702
4647
6196
7200
7554
7215
6205
4608
2566
265
-2080
-4251
-6040
-7275
-7834
-7659
-6761
-5222
-3186
-844
1579
3852
5757
7108
7774
7691
6867
5382
3382
1064
-1344
-3606
-5499
-6838
-7492
-7399
-6572
-5096
-3124
-855
1477
3640
5413
6618
7135
6914
5982
4438
2446
214
-2024
-4036
-5610
-6581
-6848
-6384
-5238
-3530
-1443
801
2964
4813
6147
6820
6754
5950
4488
2519
250
-2078
-4215
-5927
-7023
-7374
-6929
-5723
-3869
-1555
980
3471
5652
7281
8174
8220
7393
5761
3476
763
-2102
-4827
-7121
-8737
-9489
-9279
-8106
-6067
-3353
-226
3002
6006
8474
10142
10823
10428
8974
6586
3485
-29
-3613
-6909
-9581
-11352
-12027
-11523
-9870
-7214
-3803
35
3927
7488
10361
12254
12969
12422
10651
7820
4195
126
-3990
-7751
-10784
-12787
-13555
-13006
-11186
-8267
-4531
-339
3896
7764
10881
12942
13742
13202
11374
8437
4681
474
-3768
-7630
-10732
-12771
-13549
-12994
-11166
-8251
-4542
-410
3732
7476
10453
12370
13045
12420
10567
7679
4053
59
-3899
-7426
-10171
-11864
-12344
-11572
-9639
-6751
-3210
617
4341
7580
10008
11384
11576
10574
8491
5551
2063
-1607
-5079
-7993
-10052
-11044
-10874
-9565
-7258
-4199
-711
2838
6080
8672
10344
10922
10344
8672
6080
2838
-711
-4199
-7258
-9565
-10874
-11044
-10052
-7993
-5079
-1607
2063
5551
8491
10574
11576
11384
10008
7580
4341
617
-3210
-6751
-9639
-11572
-12344
-11864
-10171
-7426
-3899
59
4053
7679
10567
12420
13045
12370
10453
7476
3732
-410
-4542
-8251
-11166
-12994
-13549
-12771
-10732
-7630
-3768
474
4681
8437
11374
13202
13742
12942
10881
7764
3896
-339
-4531
-8267
-11186
-13006
-13555
-12787
-10784
-7751
-3990
126
4195
7820
10651
12422
12969
12254
10361
7488
3927
35
-3803
-7214
-9870
-11523
-12027
-11352
-9581
-6909
-3613
-29
3485
6586
8974
10428
10823
10142
8474
6006
3002
-226
-3353
-6067
-8106
-9279
-9489
-8737
-7121
-4827
-2102
763
3476
5761
7393
8220
8174
7281
5652
3471
980
-1555
-3869
-5723
-6929
-7374
-7023
-5927
-4215
-2078
250
2519
4488
5950
6754
6820
6147
4813
2964
801
-1443
-3530
-5238
-6384
-6848
-6581
-5610
-4036
-2024
214
2446
4438
5982
6914
7135
6618
5413
3640
1477
-855
-3124
-5096
-6572
-7399
-7492
-6838
-5499
-3606
-1344
1064
3382
5382
6867
7691
7774
7108
5757
3852
1579
-844
-3186
-5222
-6761
-7659
-7834
-7275
-6040
-4251
-2080
265
2566
4608
6205
7215
7554
7200
6196
4647
2702
547
-1617
-3596
-5214
-6333
-6865
-6776
-6090
-4884
-3281
-1434
485
2307
3873
5055
5764
5954
5628
4835
3662
2224
656
-903
-2323
-3489
-4317
-4753
-4783
-4423
-3726
-2765
-1633
-430
742
1795
2655
3265
3596
3640
3414
2951
2301
1523
680
-164
-954
-1638
-2179
-2551
-2739
-2742
-2569
-2239
-1776
-1214
-589
62
700
1288
1790
2176
2421
2508
2429
2185
1789
1264
642
-34
-720
-1364
-1919
-2340
-2591
-2648
-2504
-2164
-1652
-1006
-276
479
1199
1824
2299
2586
2660
2515
2165
1641
990
269
-455
-1123
-1675
-2067
-2270
-2271
-2079
-1720
-1234
-673
-93
449
908
1244
1436
1477
1379
1167
877
552
235
-34
-229
-333
-343
-272
-146
0
129
205
197
90
-118
-414
-765
-1127
-1446
-1666
-1738
-1623
-1300
-775
-74
749
1621
2453
3151
3625
3798
3619
3067
2160
953
-462
-1967
-3421
-4678
-5600
-6071
-6011
-5385
-4214
-2570
-576
1602
3773
5731
7281
8255
8529
8041
6793
4864
2395
-410
-3313
-6050
-8364
-10024
-10852
-10737
-9654
-7661
-4906
-1611
1946
5454
8594
11071
12641
13135
12477
10691
7907
4346
304
-3868
-7805
-11149
-13589
-14888
-14906
-13614
-11100
-7561
-3292
1345
5948
10112
13463
15694
16593
16061
14125
10935
6755
1937
-3106
-7939
-12140
-15336
-17243
-17682
-16604
-14091
-10348
-5690
-512
4743
9626
13715
16657
18194
18191
16643
13677
9542
4587
-766
-6069
-10869
-14761
-17417
-18612
-18246
-16351
-13087
-8729
-3645
1740
6976
11626
15305
17709
18642
18031
15930
12518
8081
2988
-2337
-7460
-11957
-15463
-17694
-18472
-17738
-15557
-12113
-7691
-2652
2589
7609
12000
15408
17559
18282
17523
15347
11931
7555
2573
-2611
-7581
-11934
-15320
-17468
0
0
0
0
0
0
0
0
0
0
0
0
0
0
0
0
0
0
0
0
0
0
0
0
0
0
0
0
0
0
0
0
0
0
0
0
0
0
0
0
0
0
0
0
0
0
0
0
0
0
0
0
0
0
0
0
0
0
0
0
0
0
0
0
0
0
0
3640
3517
3155
2579
1826
946
0
-953
-1847
-2622
-3224
-3612
-3758
-3648
-3287
-2695
-1910
-981
30
1058
2032
2884
3553
3988
4153
4029
3617
2937
2029
950
-227
-1424
-2554
-3532
-4282
-4741
-4863
-4627
-4037
-3124
-1944
-576
882
2324
3636
4713
5460
5808
5712
5165
4191
2854
1245
-514
-2290
-3937
-5319
-6313
-6826
-6798
-6215
-5107
-3549
-1657
421
2519
4462
6082
7236
7813
7752
7041
5725
3901
1714
-657
-3017
-5163
-6908
-8095
-8614
-8408
-7485
-5914
-3820
-1378
1205
3710
5918
7636
8711
9044
8603
7421
5598
3289
695
-1959
-4443
-6539
-8065
-8888
-8940
-8219
-6792
-4788
-2388
194
2731
5000
6805
7993
8468
8200
7224
5640
3600
1292
-1072
-3283
-5148
-6512
-7268
-7366
-6819
-5696
-4119
-2244
-251
1675
3368
4684
5522
5832
5613
4914
3827
2476
1001
-452
-1752
-2788
-3484
-3804
-3750
-3364
-2717
-1901
-1018
-168
563
1112
1443
1552
1461
1219
889
542
246
53
0
93
317
630
971
1270
1455
1466
1259
821
168
-652
-1563
-2466
-3251
-3810
-4050
-3903
-3340
-2375
-1066
483
2137
3735
5111
6107
6595
6489
5755
4423
2584
384
-1984
-4303
-6347
-7904
-8801
-8920
-8213
-6710
-4518
-1817
1159
4142
6849
9018
10426
10917
10416
8942
6603
3596
182
-3329
-6615
-9365
-11311
-12257
-12098
-10827
-8545
-5447
-1808
2041
5748
8968
11399
12808
13057
12115
10061
7078
3439
-521
-4440
-7955
-10741
-12541
-13190
-12632
-10922
-8223
-4791
-947
2948
6537
9488
11534
12498
12302
10981
8674
5610
2089
-1554
-4977
-7866
-9962
-11086
-11156
-10191
-8309
-5713
-2668
525
3559
6150
8067
9150
9326
8612
7113
5005
2520
-81
-2540
-4619
-6130
-6949
-7030
-6403
-5172
-3497
-1579
365
2126
3524
4427
4765
4534
3795
2664
1298
-122
-1419
-2436
-3051
-3199
-2874
-2127
-1066
163
1393
2452
3191
3495
3304
2619
1503
75
-1498
-3030
-4324
-5203
-5532
-5231
-4289
-2772
-810
1403
3640
5655
7213
8115
8226
7485
5920
3647
864
-2169
-5157
-7791
-9787
-10913
-11015
-10038
-8030
-5149
-1642
2170
5925
9254
11817
13337
13633
12636
10401
7106
3036
-1440
-5906
-9936
-13133
-15174
-15836
-15026
-12788
-9304
-4877
93
5148
9816
13649
16276
17430
16983
14953
11509
6954
1700
-3770
-8952
-13359
-16575
-18291
-18335
-16691
-13500
-9048
-3738
1940
7467
12331
16081
18368
18978
17854
15095
10956
5816
148
-5526
-10690
-14868
-17683
-18880
-18355
-16165
-12517
-7751
-2308
3311
8595
13064
16319
18073
18179
16644
13621
9398
4371
-996
-6217
-10820
-14398
-16642
-17366
-16524
-14216
-10667
-6215
-1271
3712
8292
12064
14704
15998
15852
14304
11517
7760
3384
-1212
-5620
-9455
-12389
-14183
-14703
-13929
-11955
-8977
-5277
-1192
2917
6693
9817
12034
13173
13158
12017
9871
6925
3446
-258
-3871
-7089
-9649
-11350
-12067
-11758
-10471
-8330
-5529
-2310
1051
4277
7106
9311
10721
11231
10812
9508
7435
4769
1731
-1429
-4457
-7108
-9168
-10475
-10922
-10475
-9168
-7108
-4457
-1429
1731
4769
7435
9508
10812
11231
10721
9311
7106
4277
1051
-2310
-5529
-8330
-10471
-11758
-12067
-11350
-9649
-7089
-3871
-258
3446
6925
9871
12017
13158
13173
12034
9817
6693
2917
-1192
-5277
-8977
-11955
-13929
-14703
-14183
-12389
-9455
-5620
-1212
3384
7760
11517
14304
15852
15998
14704
12064
8292
3712
-1271
-6215
-10667
-14216
-16524
-17366
-16642
-14398
-10820
-6217
-996
4371
9398
13621
16644
18179
18073
16319
13064
8595
3311
-2308
-7751
-12517
-16165
-18355
-18880
-17683
-14868
-10690
-5526
148
5816
10956
15095
17854
18978
18368
16081
12331
7467
1940
-3738
-9048
-13500
-16691
-18335
-18291
-16575
-13359
-8952
-3770
1700
6954
11509
14953
16983
17430
16276
13649
9816
5148
93
-4877
-9304
-12788
-15026
-15836
-15174
-13133
-9936
-5906
-1440
3036
7106
10401
12636
13633
13337
11817
9254
5925
2170
-1642
-5149
-8030
-10038
-11015
-10913
-9787
-7791
-5157
-2169
864
3647
5920
7485
8226
8115
7213
5655
3640
1403
-810
-2772
-4289
-5231
-5532
-5203
-4324
-3030
-1498
75
1503
2619
3304
3495
3191
2452
1393
163
-1066
-2127
-2874
-3199
-3051
-2436
-1419
-122
1298
2664
3795
4534
4765
4427
3524
2126
365
-1579
-3497
-5172
-6403
-7030
-6949
-6130
-4619
-2540
-81
2520
5005
7113
8612
9326
9150
8067
6150
3559
525
-2668
-5713
-8309
-10191
-11156
-11086
-9962
-7866
-4977
-1554
2089
5610
8674
10981
12302
12498
11534
9488
6537
2948
-947
-4791
-8223
-10922
-12632
-13190
-12541
-10741
-7955
-4440
-521
3439
7078
10061
12115
13057
12808
11399
8968
5748
2041
-1808
-5447
-8545
-10827
-12098
-12257
-11311
-9365
-6615
-3329
182
3596
6603
8942
10416
10917
10426
9018
6849
4142
1159
-1817
-4518
-6710
-8213
-8920
-8801
-7904
-6347
-4303
-1984
384
2584
4423
5755
6489
6595
6107
5111
3735
2137
483
-1066
-2375
-3340
-3903
-4050
-3810
-3251
-2466
-1563
-652
168
821
1259
1466
1455
1270
971
630
317
93
0
53
246
542
889
1219
1461
1552
1443
1112
563
-168
-1018
-1901
-2717
-3364
-3750
-3804
-3484
-2788
-1752
-452
1001
2476
3827
4914
5613
5832
5522
4684
3368
1675
-251
-2244
-4119
-5696
-6819
-7366
-7268
-6512
-5148
-3283
-1072
1292
3600
5640
7224
8200
8468
7993
6805
5000
2731
194
-2388
-4788
-6792
-8219
-8940
-8888
-8065
-6539
-4443
-1959
695
3289
5598
7421
8603
9044
8711
7636
5918
3710
1205
-1378
-3820
-5914
-7485
-8408
-8614
-8095
-6908
-5163
-3017
-657
1714
3901
5725
7041
7752
7813
7236
6082
4462
2519
421
-1657
-3549
-5107
-6215
-6798
-6826
-6313
-5319
-3937
-2290
-514
1245
2854
4191
5165
5712
5808
5460
4713
3636
2324
882
-576
-1944
-3124
-4037
-4627
-4863
-4741
-4282
-3532
-2554
-1424
-227
950
2029
2937
3617
4029
4153
3988
3553
2884
2032
1058
30
-981
-1910
-2695
-3287
-3648
-3758
-3612
-3224
-2622
-1847
-953
0
946
1826
2579
3155
3517
0
0
0
0
0
0
0
0
0
0
0
0
0
0
0
0
0
0
0
0
0
0
0
0
0
0
0
0
0
0
0
0
0
0
0
0
0
0
0
0
0
0
0
0
0
0
0
0
0
0
0
0
0
0
0
0
0
0
0
0
0
0
0
0
0
0
0
-3640
-3479
-3010
-2271
-1322
-243
876
1939
2853
3534
3917
3957
3640
2981
2025
845
-462
-1787
-3008
-4011
-4694
-4978
-4816
-4199
-3161
-1774
-148
1580
3256
4720
5826
6449
6506
5960
4828
3185
1156
-1088
-3351
-5420
-7093
-8191
-8582
-8194
-7024
-5143
-2691
126
3067
5860
8237
9957
10830
10737
9645
7613
4792
1412
-2233
-5817
-9001
-11475
-12983
-13347
-12493
-10458
-7390
-3539
764
5136
9172
12490
14760
15741
15305
13453
10318
6154
1319
-3757
-8614
-12798
-15907
-17633
-17784
-16315
-13326
-9063
-3892
1728
7290
12283
16238
18777
19646
18740
16117
11996
6732
796
-5278
-10938
-15660
-19006
-20657
-20449
-18386
-14644
-9554
-3573
2759
8868
14195
18254
20671
21224
19861
16704
12042
6299
0
-6283
-11979
-16573
-19652
-20945
-20344
-17916
-13894
-8656
-2686
3467
9245
14127
17682
19604
19740
18102
14865
10346
4975
-747
-6298
-11177
-14956
-17315
-18073
-17195
-14800
-11140
-6578
-1551
3474
8042
11754
14300
15485
15248
13657
10904
7281
3149
-1096
-5067
-8414
-10859
-12222
-12428
-11515
-9622
-6973
-3849
-564
2572
5281
7340
8602
9004
8569
7399
5660
3561
1328
-814
-2670
-4089
-4977
-5304
-5100
-4447
-3470
-2312
-1125
-42
825
1412
1692
1684
1445
1061
629
250
4
-49
109
464
962
1523
2043
2420
2558
2387
1871
1022
-107
-1418
-2780
-4041
-5047
-5655
-5758
-5293
-4254
-2699
-744
1443
3661
5688
7310
8340
8640
8138
6839
4825
2257
-646
-3623
-6390
-8676
-10246
-10922
-10610
-9305
-7098
-4169
-771
2790
6187
9098
11242
12401
12448
11358
9209
6183
2547
-1374
-5221
-8640
-11309
-12977
-13481
-12764
-10884
-8005
-4387
-357
3715
7461
10536
12658
13635
13378
11915
9381
6013
2120
-1938
-5794
-9097
-11552
-12943
-13156
-12183
-10128
-7190
-3648
166
3906
7232
9849
11535
12154
11671
10153
7761
4729
1349
-2065
-5205
-7793
-9611
-10517
-10455
-9461
-7655
-5228
-2418
504
3273
5642
7414
8451
8691
8145
6898
5095
2925
603
-1652
-3640
-5195
-6197
-6589
-6369
-5595
-4372
-2842
-1165
493
1983
3179
3993
4380
4340
3913
3174
2223
1171
129
-801
-1544
-2046
-2288
-2278
-2053
-1667
-1188
-685
-223
147
395
509
497
388
222
44
-97
-166
-136
0
233
534
863
1169
1399
1506
1454
1226
824
274
-378
-1073
-1736
-2293
-2674
-2826
-2713
-2328
-1689
-845
132
1155
2125
2945
3527
3806
3739
3321
2578
1569
381
-879
-2095
-3150
-3943
-4391
-4447
-4095
-3361
-2308
-1026
367
1746
2983
3961
4589
4805
4586
3949
2951
1681
254
-1198
-2545
-3664
-4451
-4835
-4782
-4298
-3428
-2252
-879
565
1951
3153
4062
4600
4719
4414
3715
2689
1432
60
-1302
-2533
-3522
-4185
-4464
-4340
-3829
-2981
-1878
-621
673
1891
2923
3680
4097
4142
3817
3155
2220
1099
-105
-1284
-2334
-3161
-3697
-3895
-3744
-3259
-2489
-1505
-396
736
1793
2681
3322
3661
3670
3351
2735
1877
855
-239
-1308
-2257
-3002
-3477
-3640
-3477
-3002
-2257
-1308
-239
855
1877
2735
3351
3670
3661
3322
2681
1793
736
-396
-1505
-2489
-3259
-3744
-3895
-3697
-3161
-2334
-1284
-105
1099
2220
3155
3817
4142
4097
3680
2923
1891
673
-621
-1878
-2981
-3829
-4340
-4464
-4185
-3522
-2533
-1302
60
1432
2689
3715
4414
4719
4600
4062
3153
1951
565
-879
-2252
-3428
-4298
-4782
-4835
-4451
-3664
-2545
-1198
254
1681
2951
3949
4586
4805
4589
3961
2983
1746
367
-1026
-2308
-3361
-4095
-4447
-4391
-3943
-3150
-2095
-879
381
1569
2578
3321
3739
3806
3527
2945
2125
1155
132
-845
-1689
-2328
-2713
-2826
-2674
-2293
-1736
-1073
-378
274
824
1226
1454
1506
1399
1169
863
534
233
0
-136
-166
-97
44
222
388
497
509
395
147
-223
-685
-1188
-1667
-2053
-2278
-2288
-2046
-1544
-801
129
1171
2223
3174
3913
4340
4380
3993
3179
1983
493
-1165
-2842
-4372
-5595
-6369
-6589
-6197
-5195
-3640
-1652
603
2925
5095
6898
8145
8691
8451
7414
5642
3273
504
-2418
-5228
-7655
-9461
-10455
-10517
-9611
-7793
-5205
-2065
1349
4729
7761
10153
11671
12154
11535
9849
7232
3906
166
-3648
-7190
-10128
-12183
-13156
-12943
-11552
-9097
-5794
-1938
2120
6013
9381
11915
13378
13635
12658
10536
7461
3715
-357
-4387
-8005
-10884
-12764
-13481
-12977
-11309
-8640
-5221
-1374
2547
6183
9209
11358
12448
12401
11242
9098
6187
2790
-771
-4169
-7098
-9305
-10610
-10922
-10246
-8676
-6390
-3623
-646
2257
4825
6839
8138
8640
8340
7310
5688
3661
1443
-744
-2699
-4254
-5293
-5758
-5655
-5047
-4041
-2780
-1418
-107
1022
1871
2387
2558
2420
2043
1523
962
464
109
-49
4
250
629
1061
1445
1684
1692
1412
825
-42
-1125
-2312
-3470
-4447
-5100
-5304
-4977
-4089
-2670
-814
1328
3561
5660
7399
8569
9004
8602
7340
5281
2572
-564
-3849
-6973
-9622
-11515
-12428
-12222
-10859
-8414
-5067
-1096
3149
7281
10904
13657
15248
15485
14300
11754
8042
3474
-1551
-6578
-11140
-14800
-17195
-18073
-17315
-14956
-11177
-6298
-747
4975
10346
14865
18102
19740
19604
17682
14127
9245
3467
-2686
-8656
-13894
-17916
-20344
-20945
-19652
-16573
-11979
-6283
0
6299
12042
16704
19861
21224
20671
18254
14195
8868
2759
-3573
-9554
-14644
-18386
-20449
-20657
-19006
-15660
-10938
-5278
796
6732
11996
16117
18740
19646
18777
16238
12283
7290
1728
-3892
-9063
-13326
-16315
-17784
-17633
-15907
-12798
-8614
-3757
1319
6154
10318
13453
15305
15741
14760
12490
9172
5136
764
-3539
-7390
-10458
-12493
-13347
-12983
-11475
-9001
-5817
-2233
1412
4792
7613
9645
10737
10830
9957
8237
5860
3067
126
-2691
-5143
-7024
-8194
-8582
-8191
-7093
-5420
-3351
-1088
1156
3185
4828
5960
6506
6449
5826
4720
3256
1580
-148
-1774
-3161
-4199
-4816
-4978
-4694
-4011
-3008
-1787
-462
845
2025
2981
3640
3957
3917
3534
2853
1939
876
-243
-1322
-2271
-3010
-3479
0
0
0
0
0
0
0
0
0
0
0
0
0
0
0
0
0
0
0
0
0
0
0
0
0
0
0
0
0
0
0
0
0
0
0
0
0
0
0
0
0
0
0
0
0
0
0
0
0
0
0
0
0
0
0
0
0
0
0
0
0
0
0
0
0
0
0
25485
24334
20987
15751
9106
1659
-5910
-12913
-18717
-22801
-24805
-24562
-22111
-17692
-11726
-4768
2540
9532
15580
20146
22839
23442
21932
18480
13433
7276
586
-6019
-11947
-16674
-19800
-21078
-20440
-17990
-13997
-8864
-3088
2789
8235
12769
16011
17711
17769
16239
13319
9326
4666
-210
-4853
-8850
-11869
-13681
-14181
-13389
-11446
-8592
-5139
-1438
2156
5321
7793
9391
10030
9719
8562
6733
4461
1998
-402
-2519
-4175
-5257
-5721
-5594
-4960
-3952
-2727
-1450
-274
679
1332
1653
1660
1415
1009
553
155
-91
-121
89
523
1123
1795
2427
2898
3098
2945
2396
1457
185
-1312
-2891
-4379
-5600
-6390
-6621
-6214
-5153
-3493
-1354
1082
3594
5935
7863
9161
9667
9287
8011
5918
3169
0
-3306
-6439
-9095
-11005
-11961
-11843
-10626
-8392
-5322
-1680
2207
5985
9299
11831
13329
13637
12703
10594
7488
3656
-557
-4770
-8593
-11671
-13716
-14530
-14032
-12259
-9366
-5614
-1344
3056
7185
10665
13179
14500
14508
13208
10722
7281
3204
-1135
-5341
-9032
-11878
-13629
-14137
-13369
-11408
-8449
-4770
-716
3342
7037
10040
12093
13025
12773
11383
9001
5864
2269
-1447
-4949
-7926
-10122
-11358
-11547
-10701
-8922
-6397
-3375
-140
3008
5791
7969
9366
9883
9502
8288
6379
3971
1298
-1388
-3849
-5872
-7293
-8007
-7981
-7246
-5900
-4087
-1991
187
2251
4021
5352
6145
6355
5992
5116
3830
2268
585
-1064
-2535
-3705
-4487
-4831
-4730
-4216
-3357
-2247
-998
272
1451
2441
3163
3569
3640
3387
2849
2087
1179
210
-732
-1568
-2230
-2670
-2857
-2787
-2476
-1958
-1284
-517
274
1023
1668
2155
2445
2518
2367
2009
1474
807
65
-687
-1388
-1976
-2396
-2611
-2596
-2347
-1878
-1226
-441
411
1258
2023
2634
3029
3163
3012
2577
1885
986
-46
-1125
-2151
-3029
-3670
-4002
-3979
-3586
-2840
-1794
-531
843
2205
3428
4391
4991
5157
4851
4082
2899
1395
-303
-2046
-3675
-5031
-5977
-6408
-6264
-5536
-4269
-2559
-551
1579
3640
5437
6794
7571
7676
7078
5812
3973
1714
-765
-3245
-5494
-7301
-8484
-8921
-8552
-7391
-5528
-3118
-370
2468
5139
7394
9016
9847
9794
8848
7081
4642
1744
-1353
-4370
-7029
-9082
-10334
-10662
-10025
-8473
-6138
-3226
0
3250
6227
8659
10320
11055
10793
9555
7449
4665
1455
-1889
-5066
-7785
-9800
-10929
-11070
-10214
-8439
-5910
-2860
432
3669
6557
8836
10304
10835
10387
9010
6836
4070
968
-2187
-5109
-7537
-9258
-10126
-10073
-9119
-7362
-4973
-2177
767
3592
6045
7913
9037
9331
8785
7465
5505
3095
462
-2152
-4514
-6417
-7702
-8268
-8082
-7180
-5660
-3677
-1419
902
3079
4920
6270
7022
7126
6593
5489
3931
2071
86
-1843
-3548
-4882
-5739
-6058
-5828
-5088
-3921
-2445
-801
858
2387
3652
4551
5017
5023
4583
3751
2614
1281
-121
-1470
-2647
-3554
-4120
-4304
-4103
-3543
-2685
-1611
-421
777
1881
2794
3442
3772
3763
3420
2779
1900
862
-240
-1313
-2262
-3005
-3478
-3640
-3478
-3005
-2262
-1313
-240
862
1900
2779
3420
3763
3772
3442
2794
1881
777
-421
-1611
-2685
-3543
-4103
-4304
-4120
-3554
-2647
-1470
-121
1281
2614
3751
4583
5023
5017
4551
3652
2387
858
-801
-2445
-3921
-5088
-5828
-6058
-5739
-4882
-3548
-1843
86
2071
3931
5489
6593
7126
7022
6270
4920
3079
902
-1419
-3677
-5660
-7180
-8082
-8268
-7702
-6417
-4514
-2152
462
3095
5505
7465
8785
9331
9037
7913
6045
3592
767
-2177
-4973
-7362
-9119
-10073
-10126
-9258
-7537
-5109
-2187
968
4070
6836
9010
10387
10835
10304
8836
6557
3669
432
-2860
-5910
-8439
-10214
-11070
-10929
-9800
-7785
-5066
-1889
1455
4665
7449
9555
10793
11055
10320
8659
6227
3250
0
-3226
-6138
-8473
-10025
-10662
-10334
-9082
-7029
-4370
-1353
1744
4642
7081
8848
9794
9847
9016
7394
5139
2468
-370
-3118
-5528
-7391
-8552
-8921
-8484
-7301
-5494
-3245
-765
1714
3973
5812
7078
7676
7571
6794
5437
3640
1579
-551
-2559
-4269
-5536
-6264
-6408
-5977
-5031
-3675
-2046
-303
1395
2899
4082
4851
5157
4991
4391
3428
2205
843
-531
-1794
-2840
-3586
-3979
-4002
-3670
-3029
-2151
-1125
-46
986
1885
2577
3012
3163
3029
2634
2023
1258
411
-441
-1226
-1878
-2347
-2596
-2611
-2396
-1976
-1388
-687
65
807
1474
2009
2367
2518
2445
2155
1668
1023
274
-517
-1284
-1958
-2476
-2787
-2857
-2670
-2230
-1568
-732
210
1179
2087
2849
3387
3640
3569
3163
2441
1451
272
-998
-2247
-3357
-4216
-4730
-4831
-4487
-3705
-2535
-1064
585
2268
3830
5116
5992
6355
6145
5352
4021
2251
187
-1991
-4087
-5900
-7246
-7981
-8007
-7293
-5872
-3849
-1388
1298
3971
6379
8288
9502
9883
9366
7969
5791
3008
-140
-3375
-6397
-8922
-10701
-11547
-11358
-10122
-7926
-4949
-1447
2269
5864
9001
11383
12773
13025
12093
10040
7037
3342
-716
-4770
-8449
-11408
-13369
-14137
-13629
-11878
-9032
-5341
-1135
3204
7281
10722
13208
14508
14500
13179
10665
7185
3056
-1344
-5614
-9366
-12259
-14032
-14530
-13716
-11671
-8593
-4770
-557
3656
7488
10594
12703
13637
13329
11831
9299
5985
2207
-1680
-5322
-8392
-10626
-11843
-11961
-11005
-9095
-6439
-3306
0
3169
5918
8011
9287
9667
9161
7863
5935
3594
1082
-1354
-3493
-5153
-6214
-6621
-6390
-5600
-4379
-2891
-1312
185
1457
2396
2945
3098
2898
2427
1795
1123
523
89
-121
-91
155
553
1009
1415
1660
1653
1332
679
-274
-1450
-2727
-3952
-4960
-5594
-5721
-5257
-4175
-2519
-402
1998
4461
6733
8562
9719
10030
9391
7793
5321
2156
-1438
-5139
-8592
-11446
-13389
-14181
-13681
-11869
-8850
-4853
-210
4666
9326
13319
16239
17769
17711
16011
12769
8235
2789
-3088
-8864
-13997
-17990
-20440
-21078
-19800
-16674
-11947
-6019
586
7276
13433
18480
21932
23442
22839
20146
15580
9532
2540
-4768
-11726
-17692
-22111
-24562
-24805
-22801
-18717
-12913
-5910
1659
9106
15751
20987
24334
0
0
0
0
0
0
0
0
0
0
0
0
0
0
0
0
0
0
0
0
0
0
0
0
0
0
0
0
0
0
0
0
0
0
0
0
0
0
0
0
0
0
0
0
0
0
0
0
0
0
0
0
0
0
0
0
0
0
0
0
0
0
0
0
0
0
0
