0
4278
8485
12550
16402
19973
23203
26035
28419
30314
31684
32507
32766
32456
31581
30156
28203
25758
22860
19561
15917
11991
7852
3573
-771
-5106
-9352
-13436
-17284
-20829
-24006
-26759
-29038
-30801
-32015
-32660
-32720
-32196
-31094
-29434
-27244
-24563
-21439
-17925
-14087
-9991
-5712
-1327
3083
7441
11667
15683
19415
22796
25762
28259
30239
31667
32514
32764
32412
31462
29931
27847
25247
22178
18696
14865
10755
6443
2009
-2465
-6896
-11201
-15299
-19113
-22570
-25606
-28162
-30190
-31650
-32514
-32764
-32394
-31411
-29832
-27686
-25012
-21861
-18292
-14372
-10175
-5781
-1274
3259
7733
12062
16161
19951
23359
26318
28771
30668
31973
32659
32711
32127
30919
29107
26727
23823
20452
16679
12577
8226
3711
-879
-5455
-9926
-14204
-18204
-21846
-25058
-27775
-29942
-31516
-32464
-32766
-32415
-31417
-29790
-27567
-24790
-21514
-17805
-13736
-9388
-4849
-209
4437
8997
13377
17489
21248
24578
27411
29687
31359
32393
32765
32468
31507
29899
27676
24884
21579
17828
13707
9301
4700
0
-4703
-9311
-13729
-17864
-21629
-24947
-27746
-29968
-31566
-32503
-32761
-32332
-31225
-29460
-27076
-24119
-20653
-16748
-12488
-7961
-3263
1506
6246
10856
15238
19298
22949
26112
28719
30713
32051
32702
32651
31900
30461
28366
25658
22395
18646
14492
10022
5332
524
-4298
-9029
-13567
-17811
-21669
-25055
-27896
-30127
-31699
-32577
-32739
-32182
-30916
-28967
-26379
-23206
-19519
-15397
-10932
-6222
-1372
3511
8320
12945
17284
21240
24723
27655
29968
31611
32545
32748
32214
30954
28995
26381
23169
19431
15252
10724
5950
1038
-3899
-8751
-13405
-17757
-21705
-25159
-28038
-30277
-31822
-32637
-32702
-32014
-30588
-28456
-25665
-22280
-18377
-14047
-9388
-4509
477
5455
10308
14924
19194
23018
26305
28979
30974
32243
32756
32498
31476
29711
27244
24133
20449
16280
11722
6884
1880
-3170
-8148
-12935
-17416
-21484
-25041
-28000
-30291
-31856
-32659
-32677
-31909
-30373
-28105
-25157
-21600
-17520
-13013
-8189
-3163
1941
7001
11893
16499
20705
24407
27516
29953
31659
32589
32721
32049
30590
28377
25463
21921
17836
13307
8448
3377
-1780
-6896
-11843
-16499
-20746
-24479
-27603
-30040
-31727
-32621
-32699
-31957
-30413
-28105
-25088
-21439
-17247
-12618
-7668
-2522
2689
7836
12787
17416
21605
25247
28248
30530
32035
32723
32574
31592
29801
27244
23987
20112
15718
10917
5832
595
-4660
-9798
-14685
-19194
-23208
-26622
-29345
-31307
-32455
-32757
-32206
-30813
-28614
-25665
-22043
-17841
-13169
-8148
-2911
2405
7661
12717
17440
21705
25397
28419
30689
32146
32750
32483
31352
29385
26633
23169
19084
14487
9500
4255
-1105
-6439
-11603
-16457
-20870
-24723
-27911
-30346
-31961
-32712
-32578
-31559
-29684
-27001
-23582
-19519
-14922
-9916
-4636
771
6162
11386
16301
20770
24671
27896
30354
31977
32719
32558
31498
29565
26813
23317
19172
14492
9407
4058
-1405
-6833
-12073
-16978
-21411
-25247
-28377
-30713
-32188
-32760
-32410
-31148
-29007
-26047
-22351
-18021
-13179
-7961
-2516
3003
8440
13640
18454
22745
26389
29282
31340
32503
32737
32033
30409
27913
24613
20604
16000
10932
5547
0
-5550
-10942
-16021
-20637
-24657
-27963
-30458
-32068
-32745
-32468
-31244
-29107
-26118
-22364
-17952
-13013
-7689
-2137
3479
8997
14252
19090
23367
26955
29748
31662
32640
32650
31691
29790
27003
23411
19119
14256
8965
3403
-2262
-7862
-13230
-18204
-22633
-26385
-29345
-31423
-32556
-32707
-31871
-30072
-27362
-23823
-19561
-14703
-9397
-3803
1908
7565
12994
18030
22517
26318
29316
31419
32559
32702
31841
30001
27238
23635
19302
14372
8996
3339
-2422
-8112
-13553
-18577
-23026
-26761
-29667
-31650
-32648
-32629
-31591
-29565
-26615
-22829
-18327
-13249
-7752
-2009
3799
9491
14886
19815
24120
27666
30338
32052
32751
32412
31044
28690
25423
21345
16586
11295
5642
-193
-6025
-11667
-16938
-21669
-25706
-28920
-31206
-32489
-32726
-31909
-30063
-27244
-23544
-19081
-13998
-8460
-2644
3259
9060
14569
19606
24006
27626
30346
32075
32756
32366
30916
28451
25051
20827
15917
10480
4696
-1244
-7147
-12817
-18065
-22719
-26622
-29644
-31684
-32674
-32578
-31398
-29173
-25975
-21909
-17110
-11737
-5969
0
5972
11747
17130
21941
26016
29217
31436
32596
32657
31615
29504
26395
22390
17625
12260
6476
470
-5554
-11392
-16845
-21726
-25867
-29127
-31393
-32585
-32662
-31619
-29491
-26349
-22301
-17483
-12062
-6222
-166
5898
11762
17222
22088
26191
29387
31566
32648
32597
31411
29131
25835
21636
16679
11138
5205
-912
-7001
-12847
-18244
-23003
-26955
-29960
-31912
-32739
-32412
-30940
-28374
-24803
-20353
-15179
-9465
-3413
2763
8843
14612
19863
24407
28083
30758
32334
32755
32003
30103
27124
23169
18381
12929
7010
836
-5370
-11386
-16993
-21989
-26191
-29446
-31636
-32680
-32538
-31214
-28754
-25247
-20819
-15630
-9868
-3744
2518
8692
14551
19879
24480
28184
30855
32393
32739
31880
29845
26709
22585
17625
12011
5950
-333
-6607
-12639
-18204
-23094
-27128
-30152
-32055
-32763
-32248
-30528
-27666
-23767
-18976
-13473
-7461
-1167
5173
11322
17047
22132
26385
29644
31785
32724
32427
30901
28203
24435
19738
14288
8294
1981
-4409
-10635
-16457
-21654
-26025
-29402
-31656
-32697
-32485
-31027
-28377
-24634
-19943
-14481
-8460
-2109
4324
10594
16457
21686
26077
29459
31699
32710
32451
30929
28203
24378
19601
14056
7961
1552
-4919
-11201
-17047
-22227
-26537
-29806
-31906
-32751
-32307
-30590
-27666
-23648
-18696
-13002
-6791
-309
6187
12441
18204
23246
27366
30398
32222
32762
31995
29951
26709
22398
17189
11289
4935
-1619
-8112
-14281
-19879
-24678
-28486
-31147
-32552
-32643
-31416
-28917
-25247
-20553
-15023
-8882
-2378
4225
10659
16662
21989
26421
29777
31918
32756
32254
30432
27362
23169
18024
12137
5748
-879
-7473
-13762
-19485
-24407
-28323
-31070
-32533
-32650
-31414
-28875
-25136
-20353
-14721
-8475
-1874
4807
11292
17307
22602
26955
30182
32146
32765
32010
29911
26556
22083
16679
10571
4016
-2711
-9326
-15551
-21121
-25799
-29387
-31732
-32732
-32344
-30582
-27520
-23286
-18060
-12062
-5547
1206
7911
14280
20041
24947
28786
31393
32653
32513
30975
28105
24024
18906
12972
6476
-301
-7069
-13534
-19415
-24458
-28443
-31196
-32596
-32580
-31148
-28360
-24336
-19250
-13322
-6811
0
6813
13332
19269
24364
28393
31178
32594
32578
31129
28309
24241
19103
13120
6555
-301
-7147
-13680
-19609
-24671
-28641
-31340
-32648
-32505
-30916
-27948
-23735
-18460
-12360
-5706
1206
8067
14569
20421
25359
29162
31656
32728
32328
30473
27244
22786
17298
11027
4255
-2711
-9557
-15974
-21669
-26383
-29901
-32062
-32766
-31979
-29736
-26137
-21345
-15577
-9095
-2195
4807
11593
17850
23291
27666
30771
32464
32665
31362
28614
24546
19345
13249
6538
-477
-7473
-14125
-20126
-25196
-29098
-31650
-32732
-32292
-30349
-26991
-22374
-16712
-10266
-3339
3746
10659
17076
22694
27251
30530
32377
32702
31489
28793
24740
19519
13375
6597
-494
-7565
-14281
-20323
-25404
-29282
-31772
-32753
-32178
-30072
-26533
-21729
-15887
-9285
-2238
4919
11843
18204
23695
28052
31066
32589
32548
30942
27847
23411
17845
11416
4435
-2763
-9830
-16425
-22227
-26955
-30378
-32330
-32713
-31507
-28769
-24631
-19293
-13013
-6096
1120
8285
15047
21076
26077
29802
32068
32763
31850
29372
25451
20276
14101
7230
0
-7232
-14111
-20295
-25478
-29402
-31872
-32764
-32033
-29711
-25913
-20827
-14703
-7845
-595
6688
13640
19914
25196
29220
31785
32759
32093
29819
26047
20967
14832
7950
664
-6656
-13645
-19948
-25247
-29273
-31822
-32763
-32046
-29706
-25861
-20703
-14492
-7543
-209
7138
14125
20396
25629
29557
31977
32766
31880
29363
25342
20022
13674
6622
-771
-8129
-15071
-21240
-26318
-30042
-32219
-32734
-31559
-28754
-24461
-18901
-12360
-5177
2276
9615
16457
22447
27271
30678
32489
32608
31026
27825
23169
17302
10527
3199
-4298
-11573
-18244
-23960
-28419
-31387
-32705
-32302
-30198
-26501
-21406
-15179
-8148
-684
6817
13962
20369
25700
29668
32064
32757
31710
28975
24698
19103
12488
5205
-2358
-9798
-16717
-22745
-27557
-30894
-32577
-32513
-30703
-27244
-22319
-16192
-9191
-1693
5898
13175
19743
25247
29388
31941
32765
31816
29141
24884
19276
12618
5272
-2362
-9871
-16845
-22903
-27714
-31014
-32621
-32445
-30495
-26875
-21781
-15492
-8351
-749
6896
14165
20658
26016
29942
32220
32721
31417
28377
23767
17841
10926
3403
-4310
-11787
-18613
-24407
-28847
-31684
-32759
-32010
-29476
-25298
-19707
-13013
-5590
2148
9769
16845
22980
27828
31116
32659
32366
30254
26438
21133
14635
7310
-430
-8148
-15409
-21801
-26962
-30598
-32502
-32563
-30778
-27244
-22162
-15818
-8572
-836
6950
14343
20920
26305
30190
32350
32661
31103
27762
22829
16586
9388
1649
-6187
-13670
-20369
-25898
-29936
-32249
-32702
-31267
-28024
-23161
-16955
-9766
-2009
5867
13405
20168
25762
29860
32222
32709
31291
28049
23169
16936
9711
1916
-5992
-13553
-20323
-25904
-29968
-32275
-32687
-31179
-27837
-22855
-16527
-9222
-1372
6562
14111
20829
26318
30252
32397
32623
30916
27374
22206
15718
8294
373
-7571
-15067
-21669
-26980
-30683
-32556
-32483
-30469
-26631
-21197
-14492
-6916
1077
9009
16402
22811
27851
31216
32702
32218
29790
25564
19793
12824
5078
-2978
-10856
-18080
-24210
-28873
-31785
-32766
-31757
-28816
-24119
-17952
-10689
-2772
5316
13083
20053
25799
29968
32304
32662
31017
27469
22233
15630
8064
0
-8067
-15639
-22251
-27492
-31038
-32669
-32282
-29899
-25665
-19840
-12785
-4935
3223
11185
18454
24578
29176
31960
32754
31507
28295
23317
16881
9388
1306
-6859
-14599
-21426
-26913
-30713
-32587
-32415
-30206
-26096
-20343
-13307
-5431
2789
10837
18204
24423
29100
31937
32755
31498
28244
23199
16679
9099
938
-7285
-15047
-21854
-27271
-30951
-32659
-32282
-29844
-25497
-19519
-12290
-4271
4023
12062
19330
25359
29762
32252
32670
30984
27303
21861
15008
7184
-1105
-9326
-16947
-23474
-28484
-31650
-32766
-31757
-28687
-23753
-17274
-9670
-1435
6896
14781
21705
27215
30951
32666
32248
29720
25247
19119
11737
3583
-4807
-12886
-20121
-26035
-30239
-32455
-32534
-30469
-26395
-20578
-13400
-5336
3083
11302
18775
25007
29584
32200
32681
30992
27244
21684
14679
6695
-1736
-10055
-17706
-24178
-29038
-31959
-32744
-31340
-27837
-22468
-15592
-7668
771
9163
16942
23583
28641
31772
32764
31548
28203
22955
16155
8261
-193
-8637
-16499
-23246
-28419
-31667
-32766
-31641
-28366
-23161
-16378
-8479
0
8482
16388
23178
28387
31659
32766
31633
28334
23092
16267
8323
-193
-8699
-16610
-23382
-28547
-31748
-32764
-31521
-28105
-22748
-15818
-7793
771
9287
17161
23850
28887
31923
32744
31292
27666
22114
15023
6884
-1736
-10238
-18030
-24565
-29387
-32158
-32681
-30919
-26991
-21173
-13868
-5590
3083
11543
19194
25499
30012
32414
32534
30361
26047
19895
12336
3903
-4807
-13181
-20625
-26610
-30711
-32637
-32248
-29569
-24790
-18247
-10405
-1820
6896
15124
22277
27843
31423
32760
31757
28483
23169
16196
8060
-655
-9326
-17331
-24094
-29127
-32068
-32703
-30984
-27033
-21133
-13707
-5289
3511
12062
19743
25999
30374
32552
32371
29844
25150
18630
10754
2094
-6719
-15047
-22282
-27896
-31478
-32765
-31661
-28244
-22763
-15616
-7324
1506
10228
18204
24847
29668
32313
32585
30461
26096
19809
12062
3423
-5469
-13962
-21426
-27310
-31178
-32740
-31881
-28661
-23317
-16242
-7961
912
9721
17811
24578
29519
32265
32608
30520
26157
19840
12041
3339
-5613
-14150
-21629
-27492
-31296
-32755
-31758
-28377
-22863
-15630
-7219
1736
10564
18599
25234
29968
32443
32468
30041
25342
18725
10689
1842
-7147
-15598
-22868
-28404
-31785
-32751
-31227
-27327
-21345
-13736
-5078
3969
12717
20496
26712
30887
32702
32014
28875
23522
16364
7950
-1077
-10024
-18204
-24986
-29848
-32414
-32483
-30050
-25298
-18593
-10451
-1499
7571
16058
23305
28750
31969
32711
30916
26720
20449
12587
3744
-5391
-14111
-21734
-27666
-31442
-32766
-31533
-27837
-21964
-14372
-5653
3510
12401
20323
26654
30894
32710
31957
28692
23169
15822
7226
-1941
-10958
-19113
-25762
-30378
-32596
-32237
-29328
-24096
-16955
-8469
691
9799
18132
25028
29936
32465
32412
29778
24772
17791
9388
234
-8940
-17404
-24479
-29598
-32350
-32513
-30072
-25219
-18342
-9991
-836
8388
16942
24135
29387
32275
32563
30226
25451
18620
10283
1113
-8148
-16754
-24006
-29316
-32252
-32574
-30254
-25477
-18630
-10266
-1066
8222
16845
24098
29390
32286
32549
30156
25298
18372
9941
695
-8610
-17213
-24407
-29603
-32371
-32482
-29925
-24908
-17841
-9305
0
9307
17850
24924
29942
32491
32356
29546
24293
17028
8351
-1019
-10308
-18745
-25629
-30386
-32621
-32145
-28995
-23432
-15917
-7073
2362
11603
19879
26497
30903
32728
31816
28241
22301
14491
5464
-4023
-13175
-21224
-27492
-31451
-32766
-31324
-27244
-20868
-12732
-3519
5992
15001
22745
28568
31977
32682
30619
25962
19103
10622
1238
-8253
-17047
-24394
-29668
-32420
-32412
-29643
-24347
-16973
-8148
1373
10781
19269
26112
30723
32705
31886
28334
22351
14449
5304
-4298
-13534
-21608
-27826
-31650
-32749
-31026
-26627
-19930
-11510
-2094
7504
16457
23989
29446
32355
32460
29752
24461
17046
8148
-1459
-10942
-19477
-26318
-30870
-32732
-31742
-27983
-21780
-13674
-4371
5316
14541
22496
28484
31977
32669
30495
25645
18541
9807
209
-9410
-18204
-25397
-30356
-32640
-32046
-28625
-22675
-14721
-5464
4278
13645
21806
28038
31787
32719
30748
26047
19032
10324
695
-8997
-17892
-25196
-30256
-32621
-32077
-28669
-22701
-14703
-5389
4409
13816
21989
28193
31872
32694
30582
25725
18555
9715
0
-9718
-18563
-25739
-30598
-32699
-31850
-28126
-21861
-13619
-4144
5708
15047
23026
28920
32194
32549
29951
24631
17073
7961
-1876
-11547
-20168
-26955
-31287
-32766
-31257
-26894
-20073
-11416
-1713
8148
17267
24807
30076
32589
32113
28690
22632
14492
5018
-4919
-14407
-22570
-28657
-32104
-32591
-30072
-24775
-17189
-8012
1907
11653
20323
27113
31393
32763
31094
26539
19519
10683
852
-9060
-18132
-25519
-30530
-32697
-31816
-27965
-21503
-13031
-3339
6667
16052
23938
29584
32459
32292
29097
23169
15065
5543
-4501
-14125
-22423
-28612
-32108
-32578
-29977
-24546
-16798
-7461
2582
12385
21019
27666
31694
32721
30647
25665
18247
9095
-923
-10856
-19760
-26786
-31264
-32766
-31146
-26556
-19431
-10451
-470
9557
18675
26008
30855
32749
31507
27244
20368
11537
1595
-8501
-17784
-25359
-30497
-32702
-31758
-27754
-21074
-12360
-2451
7696
17103
24860
30215
32648
31922
28105
21563
12929
3039
-7147
-16643
-24525
-30025
-32607
-32016
-28309
-21844
-13249
-3359
6859
16412
24364
29939
32588
32050
28377
21924
13322
3413
-6833
-16412
-24382
-29960
-32596
-32028
-28309
-21804
-13150
-3199
7069
16643
24578
30089
32630
31946
28105
21482
12732
2719
-7565
-17103
-24947
-30318
-32680
-31797
-27754
-20951
-12062
-1970
8320
17784
25478
30633
32732
31565
27244
20200
11134
952
-9326
-18675
-26154
-31014
-32765
-31228
-26556
-19215
-9941
333
10578
19760
26955
31436
32749
30759
25665
17979
8475
-1887
-12062
-21019
-27851
-31864
-32650
-30126
-24546
-16475
-6728
3703
13762
22423
28806
32258
32427
29291
23169
14683
4696
-5772
-15653
-23938
-29777
-32571
-32033
-28214
-21503
-12587
-2378
8077
17706
25519
30711
32748
31416
26850
19519
10175
-219
-10594
-19879
-27113
-31549
-32726
-30520
-25157
-17189
-7439
3083
13289
22119
28657
32222
32441
29289
23092
14492
4381
-6187
-16114
-24364
-30076
-32652
-31820
-27666
-20619
-11416
-1017
9491
19008
26537
31287
32757
30792
25595
17709
7961
-2625
-12939
-21894
-28547
-32194
-32451
-29286
-23032
-14346
-4144
6498
16457
24678
30291
32699
31644
27238
19943
10531
0
-10533
-19951
-27251
-31656
-32694
-30254
-24592
-16309
-6286
4409
14637
23305
29487
32519
32077
28203
21312
12137
1660
-8997
-18692
-26385
-31248
-32757
-30748
-25434
-17383
-7461
3266
13645
22556
29038
32390
32248
28625
21909
12824
2351
-8378
-18204
-26061
-31098
-32765
-30880
-25645
-17625
-7689
3083
13524
22496
29023
32393
32235
28565
21780
12618
2077
-8692
-18516
-26318
-31245
-32755
-30681
-25247
-17046
-6975
3863
14280
23132
29446
32527
32033
28015
20915
11510
836
-9932
-19609
-27125
-31650
-32682
-30103
-24198
-15616
-5304
5596
15880
24407
30232
32705
31550
26894
19250
9465
-1373
-12062
-21411
-28379
-32188
-32412
-29022
-22395
-13267
-2656
8253
18244
26197
31222
32754
30619
25054
16679
6433
-4537
-15001
-23783
-29895
-32648
-31731
-27244
-19690
-9916
976
11762
21224
28293
32170
32415
28997
22301
13080
2378
-8595
-18599
-26497
-31393
-32729
-30352
-24528
-15917
-5494
5554
15974
24578
30386
32734
31352
26395
18425
8351
-2679
-13405
-22602
-29217
-32491
-32046
-27932
-20616
-10936
0
10939
20625
27944
32055
32482
29173
22507
13249
2462
-8610
-18692
-26622
-31481
-32707
-30156
-24119
-15293
-4696
6446
16845
25296
30817
32766
30916
25477
17079
6695
-4468
-15115
-24006
-30106
-32702
-31489
-26606
-18620
-8460
2689
13528
22788
29387
32552
31909
27532
19930
9991
-1120
-12103
-21669
-28693
-32350
-32208
-28280
-21025
-11295
-234
10856
20671
28052
32127
32412
28871
21921
12379
1372
-9799
-19815
-27487
-31906
-32545
-29328
-22632
-13249
-2291
8940
19113
27016
31708
32629
29666
23169
13911
2992
-8285
-18577
-26654
-31549
-32677
-29899
-23544
-14372
-3477
7836
18214
26411
31442
32702
30037
23764
14635
3744
-7598
-18030
-26293
-31393
-32711
-30086
-23833
-14703
-3796
7571
18026
26305
31405
32707
30050
23753
14577
3632
-7754
-18204
-26446
-31479
-32688
-29925
-23522
-14256
-3253
8148
18560
26712
31608
32650
29706
23135
13736
2656
-8751
-19090
-27095
-31785
-32581
-29385
-22585
-13013
-1842
9557
19786
27585
31994
32468
28947
21861
12081
809
-10564
-20637
-28166
-32219
-32293
-28377
-20951
-10932
440
11762
21629
28819
32437
32033
27653
19840
9561
-1907
-13142
-22745
-29519
-32621
-31661
-26755
-18514
-7961
3586
14689
23960
30239
32740
31148
25658
16955
6128
-5469
-16384
-25247
-30944
-32759
-30461
-24336
-15151
-4058
7546
18204
26572
31595
32638
29565
22763
13087
1756
-9798
-20118
-27896
-32148
-32332
-28424
-20915
-10754
771
12203
22088
29171
32552
31797
27001
18769
8148
-3511
-14727
-24069
-30346
-32754
-30984
-25260
-16309
-5272
6439
17331
26008
31359
32696
29845
23169
13521
2137
-9523
-19964
-27843
-32146
-32318
-28334
-20703
-10405
1234
12717
22564
29503
32637
31559
26407
17841
6968
-4807
-15965
-25058
-30909
-32757
-30361
-24028
-14577
-3233
8533
19194
27364
31977
32433
28669
21173
10917
-762
-12345
-22321
-29387
-32619
-31592
-26438
-17828
-6884
4961
16161
25247
31028
32744
30168
23635
13998
2522
-9287
-19879
-27860
-32179
-32265
-28105
-20242
-9711
2101
13640
23382
30040
32733
31103
25362
16267
5018
-6896
-17901
-26537
-31659
-32585
-29190
-21921
-11741
0
11743
21929
29201
32589
31641
26480
17791
6728
-5233
-16499
-25566
-31222
-32709
-29826
-22955
-13013
-1327
10537
20994
28641
32450
31909
27088
18630
7668
-4324
-15739
-25041
-30976
-32744
-30105
-23411
-13561
-1880
10055
20637
28436
32397
31982
27244
18822
7852
-4182
-15653
-25007
-30974
-32743
-30072
-23319
-13400
-1660
10308
20879
28612
32455
31881
26966
18377
7282
-4807
-16245
-25468
-31216
-32702
-29720
-22675
-12528
-664
11292
21705
29147
32596
31576
26225
17274
5950
-6193
-17489
-26383
-31650
-32564
-28995
-21433
-10917
1105
12978
23064
29968
32737
30984
24950
15465
3839
-8320
-19330
-27666
-32170
-32217
-27796
-19519
-8531
3643
15314
24860
30951
32739
29972
23032
12884
938
-11141
-21669
-29176
-32613
-31498
-25982
-16835
-5332
6918
18204
26944
31912
32410
28366
20343
9465
-2743
-14569
-24351
-30713
-32759
-30198
-23387
-13283
-1306
10856
21492
29100
32604
31507
25962
16748
5166
-7147
-18454
-27152
-32008
-32332
-28076
-19840
-8789
3510
15314
24947
31038
32720
29752
22551
12140
0
-12143
-22559
-29762
-32723
-31017
-24884
-15198
-3339
8998
20053
28242
32393
31908
26854
17952
6476
-5930
-17489
-26541
-31785
-32465
-28481
-20402
-9388
2978
14918
24714
30951
32730
29790
22554
12062
-172
-12385
-22811
-29942
-32746
-30813
-24421
-14492
-2462
9926
20879
28806
32556
31581
26021
16679
4912
-7571
-18956
-27585
-32200
-32127
-27374
-18630
-7167
5342
17076
26318
31719
32485
28504
20353
9222
-3259
-15267
-25041
-31147
-32687
-29434
-21861
-11077
1334
13553
23783
30517
32764
30189
23169
12736
423
-11953
-22570
-29860
-32743
-30792
-24293
-14202
-2009
10483
21426
29201
32652
31267
25247
15482
3419
-9153
-20369
-28563
-32514
-31633
-26047
-16586
-4654
7973
19415
27967
32350
31910
26709
17520
5712
-6950
-18577
-27428
-32179
-32116
-27244
-18292
-6597
6088
17864
26962
32015
32263
27666
18910
7310
-5391
-17284
-26579
-31872
-32366
-27983
-19380
-7852
4862
16845
26287
31760
32433
28203
19707
8226
-4501
-16550
-26094
-31684
-32472
-28334
-19895
-8434
4310
16402
26003
31651
32486
28377
19946
8475
-4288
-16402
-26016
-31662
-32478
-28334
-19861
-8351
4437
16550
26133
31717
32445
28203
19638
8060
-4756
-16845
-26351
-31812
-32386
-27983
-19276
-7602
5243
17284
26666
31941
32293
27666
18769
6975
-5898
-17864
-27071
-32095
-32157
-27244
-18113
-6176
6719
18577
27557
32265
31968
26709
17302
5205
-7702
-19415
-28111
-32434
-31710
-26047
-16326
-4058
8843
20369
28719
32588
31368
25247
15179
2736
-10137
-21426
-29364
-32705
-30922
-24293
-13853
-1238
11573
22570
30025
32764
30353
23169
12339
-434
-13142
-23783
-30678
-32739
-29638
-21861
-10632
2276
14829
25041
31296
32604
28754
20353
8727
-4282
-16616
-26318
-31849
-32328
-27676
-18630
-6622
6439
18480
27585
32302
31880
26381
16679
4318
-8734
-20396
-28806
-32620
-31227
-24845
-14492
-1820
11144
22329
29942
32763
30335
23047
12062
-859
-13645
-24243
-30951
-32688
-29173
-20967
-9388
3703
16202
26094
31785
32354
27709
18593
6476
-6688
-18775
-27832
-32393
-31718
-25913
-15915
-3339
9779
21317
29402
32723
30737
23764
12933
0
-12935
-23772
-30745
-32720
-29372
-21243
-9654
3510
16105
26077
31798
32332
27590
18342
6096
-7147
-19226
-28162
-32493
-31507
-25362
-15061
-2291
10856
22227
29953
32765
30198
22670
11416
-1716
-14569
-25028
-31370
-32548
-28366
-19509
-7435
5867
18204
27539
32330
31782
25982
15887
3163
-10086
-21669
-29667
-32753
-30413
-23032
-11831
1334
14281
24860
31312
32563
28403
19519
7387
-5976
-18347
-27666
-32377
-31693
-25725
-15465
-2622
10659
22164
29968
32766
30086
22374
10917
-2369
-15261
-25599
-31650
-32396
-27709
-18372
-5950
7473
19643
28516
32596
31195
24546
13765
664
-12550
-23653
-30771
-32702
-29116
-20616
-8634
4807
17440
27128
32230
31881
26137
15968
3092
-10308
-21966
-29901
-32766
-30072
-22272
-10689
2711
15653
25937
31812
32275
27244
17574
4908
-8595
-20637
-29162
-32712
-30681
-23411
-12140
1206
14349
25041
31451
32480
27948
18630
6117
-7445
-19735
-28641
-32634
-31026
-24089
-13013
301
13567
24501
31222
32570
28309
19172
6728
-6876
-19298
-28393
-32589
-31159
-24347
-13326
0
13328
24354
31166
32585
28360
19220
6748
-6896
-19347
-28443
-32604
-31103
-24198
-13087
301
13640
24608
31294
32533
28105
18778
6176
-7504
-19879
-28786
-32669
-30847
-23635
-12290
1206
14493
25247
31583
32389
27520
17828
5008
-8692
-20870
-29387
-32745
-30352
-22624
-10917
2711
15865
26229
31977
32094
26556
16335
3233
-10442
-22277
-30182
-32757
-29546
-21112
-8944
4807
17712
27483
32390
31559
25136
14256
845
-12717
-24026
-31070
-32598
-28334
-19032
-6345
7473
19964
28903
32697
30666
23169
11540
-2148
-15456
-26008
-31918
-32127
-26596
-16309
-3103
10659
22517
30346
32741
29270
20553
8148
-5719
-18563
-28078
-32552
-31179
-24202
-12874
771
14281
25223
31625
32332
27214
17189
4062
-9798
-21894
-30040
-32762
-29565
-21025
-8682
5233
18204
27882
32514
31257
24336
13002
-691
-14262
-25247
-31650
-32307
-27094
-16955
-3732
10171
22227
30239
32747
29289
20494
7961
-6025
-18915
-28356
-32621
-30929
-23586
-11931
1907
15400
26077
31982
32033
26215
15592
2109
-11762
-23479
-30889
-32629
-28377
-18910
-5966
8077
20637
29402
32756
30080
21861
9613
-4409
-17621
-27585
-32459
-31342
-24435
-13013
816
14497
25499
31785
32188
26631
16140
2656
-11322
-23203
-30782
-32650
-28456
-18976
-5969
8148
20755
29503
32763
29925
21514
9095
-5021
-18204
-27995
-32564
-31058
-23753
-12011
1977
15598
26305
32095
31880
25698
14703
952
-12978
-24480
-31393
-32418
-27360
-17165
-3744
10381
22559
30497
32702
28754
19394
6380
-7836
-20580
-29446
-32762
-29899
-21393
-8847
5370
18577
28275
32630
30814
23169
11138
-3003
-16579
-27016
-32334
-31523
-24733
-13249
751
14612
25700
31906
32048
26096
15179
1372
-12698
-24354
-31371
-32412
-27273
-16932
-3359
10856
23003
30758
32638
28280
18514
5205
-9101
-21669
-30089
-32747
-29131
-19930
-6905
7445
20371
29387
32762
29844
21189
8460
-5898
-19125
-28673
-32702
-30433
-22301
-9868
4468
17946
27963
32585
30916
23274
11134
-3159
-16845
-27275
-32428
-31305
-24119
-12260
1977
15833
26622
32247
31615
24845
13249
-923
-14918
-26016
-32055
-31858
-25461
-14105
0
14107
25468
31864
32046
25975
14832
792
-13405
-24986
-31684
-32188
-26395
-15435
-1452
12817
24578
31525
32292
26727
15917
1981
-12345
-24250
-31393
-32366
-26976
-16280
-2378
11993
24006
31293
32415
27148
16527
2644
-11762
-23850
-31230
-32442
-27244
-16660
-2779
11653
23783
31206
32451
27267
16679
2783
-11667
-23806
-31222
-32441
-27217
-16586
-2656
11803
23919
31277
32412
27094
16378
2398
-12062
-24120
-31370
-32361
-26894
-16056
-2009
12441
24407
31496
32285
26615
15616
1488
-12939
-24777
-31650
-32178
-26251
-15055
-836
13553
25223
31826
32033
25797
14372
52
-14280
-25739
-32015
-31841
-25247
-13561
863
15115
26318
32208
31592
24592
12618
-1908
-16052
-26950
-32393
-31276
-23823
-11540
3083
17085
27622
32556
30880
22932
10324
-4384
-18204
-28323
-32682
-30389
-21909
-8965
5807
19399
29038
32755
29790
20744
7461
-7347
-20658
-29748
-32757
-29067
-19428
-5811
8997
21966
30436
32669
28203
17952
4016
-10746
-23305
-31079
-32468
-27184
-16309
-2077
12583
24657
31656
32135
25992
14491
0
-14493
-25999
-32139
-31644
-24613
-12494
2208
16457
27304
32503
30975
23032
10317
-4537
-18454
-28547
-32719
-30103
-21238
-7961
6971
20458
29694
32757
29007
19220
5431
-9491
-22439
-30713
-32587
-27666
-16973
-2736
12073
24364
31568
32177
26060
14492
-108
-14689
-26197
-32222
-31498
-24174
-11781
3083
17304
27896
32634
30520
21996
8847
-6162
-19879
-29416
-32766
-29219
-19519
-5706
9311
22368
30711
32578
27570
16743
2378
-12491
-24723
-31732
-32033
-25558
-13674
1105
15653
26888
32428
31095
23169
10328
-4707
-18745
-28806
-32750
-29736
-20402
-6728
8378
21705
30414
32650
27932
17262
2911
-12062
-24465
-31651
-32083
-25665
-13765
1077
15692
26955
32455
31012
22932
9941
-5180
-19194
-29098
-32765
-29406
-19738
-5832
9326
22486
30817
32526
27244
16102
1495
-13436
-25478
-32035
-31693
-24521
-12062
2999
17416
28078
32680
30226
21243
7668
-7565
-21167
-30192
-32685
-28105
-17438
-2992
12103
24578
31727
31995
25321
13150
-1876
-16499
-27539
-32596
-30567
-21889
-8448
6833
20630
29936
32722
28377
17845
3419
-11753
-24364
-31659
-32040
-25423
-13249
1823
16499
27568
32607
30508
21729
8189
-7147
-20920
-30108
-32693
-28105
-17347
-2779
12401
24860
31856
31850
24838
12360
-2839
-17416
-28160
-32702
-30037
-20749
-6884
8501
22013
30668
32552
27244
15915
1066
-14020
-26008
-32243
-31342
-23500
-10451
4915
19194
29220
32766
29042
18871
4509
-10856
-23813
-31479
-32147
-25665
-13473
1720
16533
27666
32637
30335
21271
7461
-8015
-21705
-30552
-32578
-27327
-15968
-1038
14125
26133
32294
31228
23169
9920
-5554
-19786
-29584
-32748
-28565
-17970
-3339
12043
24723
31849
31816
24627
11897
-3511
-18132
-28673
-32755
-29458
-19519
-5177
10334
23516
31393
32182
25702
13414
-1907
-16800
-27896
-32682
-30072
-20653
-6555
9029
22570
30997
32395
26445
14492
-751
-15827
-27310
-32589
-30461
-21406
-7481
8148
21926
30713
32507
26894
15151
-48
-15238
-26955
-32522
-30664
-21804
-7961
7702
21608
30575
32549
27076
15403
202
-15047
-26852
-32503
-30703
-21861
-8002
7696
21629
30598
32538
27001
15255
0
-15257
-27007
-32541
-30582
-21579
-7602
8129
21989
30779
32468
26664
14703
-655
-15865
-27411
-32621
-30288
-20948
-6758
8997
22672
31098
32318
26047
13736
-1763
-16855
-28038
-32713
-29790
-19946
-5464
10289
23653
31516
32046
25116
12336
-3319
-18204
-28847
-32766
-29042
-18541
-3711
11987
24889
31977
31593
23823
10480
-5316
-19871
-29777
-32711
-27983
-16697
-1495
14059
26318
32404
30885
22114
8148
-7733
-21801
-30745
-32460
-26539
-14372
1180
16457
27860
32699
29832
19930
5325
-10537
-23916
-31650
-31910
-24631
-11530
4298
19113
29409
32747
28334
17210
2009
-13670
-26112
-32365
-30942
-22178
-8148
7817
21929
30833
32412
26285
13907
-1780
-17047
-28259
-32743
-29429
-19103
-4222
11667
24777
31977
31548
23586
9991
-5992
-20546
-30192
-32619
-27244
-15350
219
15739
27492
32660
30001
20149
5464
-10533
-24006
-31719
-31816
-24270
-10892
5106
19879
29873
32681
27625
15917
373
-15261
-27221
-32621
-30156
-20416
-5748
10308
23879
31684
31836
24293
10875
-5173
-19973
-29942
-32665
-27477
-15633
0
15636
27483
32666
29925
19920
5078
-10999
-24407
-31886
-31615
-23656
-9941
6193
20824
30386
32549
26782
14487
-1341
-16845
-28242
-32749
-29262
-18630
-3445
12583
25539
32252
31078
22301
8064
-8148
-22368
-31111
-32231
-25451
-12429
3643
18824
29387
32737
28047
16465
836
-15001
-27152
-32625
-30072
-20115
-5205
10989
24479
31937
31523
23335
9388
-6876
-21447
-30723
-32412
-26092
-13322
2743
18132
29038
32759
28371
16955
1338
-14612
-26944
-32596
-30164
-20247
-5304
10958
24501
31960
31477
23169
9099
-7236
-21774
-30894
-32323
-25702
-12676
3510
18824
29446
32724
27837
16000
166
-15711
-27666
-32707
-29572
-19041
-3744
12491
25602
32304
30916
21780
7184
-9215
-23305
-31551
-31880
-24205
-10451
5930
20824
30486
32483
26311
13518
-2679
-18204
-29147
-32749
-28098
-16364
-502
15488
27574
32702
29574
18976
3583
-12717
-25806
-32371
-30748
-21345
-6538
9926
23879
31785
31636
23467
9346
-7147
-21830
-30974
-32254
-25342
-11991
4409
19692
29968
32623
26976
14462
-1736
-17495
-28798
-32764
-28377
-16752
-852
15267
27492
32699
29554
18857
3339
-13034
-26077
-32450
-30520
-20777
-5712
10817
24578
32042
31291
22515
7961
-8637
-23021
-31496
-31881
-24075
-10079
6509
21426
30833
32307
25463
12062
-4448
-19815
-30076
-32585
-26689
-13907
2465
18204
29244
32732
27762
15616
-569
-16610
-28356
-32765
-28692
-17189
-1231
15047
27428
32699
29490
18630
2932
-13528
-26478
-32552
-30168
-19943
-4530
12062
25519
32337
30737
21133
6022
-10659
-24565
-32068
-31208
-22206
-7407
9326
23628
31760
31593
23169
8686
-8070
-22719
-31423
-31903
-24028
-9858
6896
21846
31070
32147
24790
10926
-5807
-21019
-30711
-32336
-25461
-11891
4807
20244
30356
32478
26047
12755
-3899
-19528
-30012
-32581
-26556
-13521
3083
18877
29687
32654
26991
14192
-2362
-18294
-29387
-32703
-27360
-14769
1736
17784
29119
32734
27666
15255
-1206
-17349
-28887
-32752
-27913
-15652
771
16993
28695
32761
28105
15962
-434
-16717
-28547
-32765
-28244
-16186
193
16523
28443
32766
28334
16326
-48
-16412
-28387
-32766
-28374
-16382
0
0
0
0
0
0
0
0
0
0
0
0
0
0
0
0
0
0
0
0
0
0
0
0
0
0
0
0
0
0
0
0
0
0
0
0
0
0
0
0
0
0
0
0
0
0
0
0
0
0
0
0
0
0
0
0
0
0
0
0
0
0
0
0
0
0
0
0
0
0
0
0
0
0
0
0
0
0
0
0
0
0
0
0
0
0
0
0
0
0
0
0
0
0
0
0
0
0
0
0
0
0
0
0
0
0
0
0
0
0
0
0
0
0
0
0
0
0
0
0
0
0
0
0
0
0
0
0
0
0
0
0
0
0
0
0
0
0
0
0
0
0
0
0
0
0
0
0
0
0
0
0
0
0
0
0
0
0
0
0
0
0
0
0
0
0
0
0
0
0
0
0
0
0
0
0
0
0
0
0
0
0
0
0
0
0
0
0
0
0
0
0
0
0
0
0
0
0
0
0
0
0
0
0
0
0
0
0
0
0
0
0
0
0
0
0
0
0
0
0
0
0
0
0
0
0
0
0
0
0
0
0
0
0
0
0
0
0
0
0
0
0
0
0
0
0
0
0
0
0
0
0
0
0
0
0
0
0
0
0
0
0
0
0
0
0
0
0
0
0
0
0
0
0
0
0
0
0
0
0
0
0
0
0
0
0
0
0
0
0
0
0
0
0
0
0
0
0
0
0
0
0
0
0
0
0
0
0
0
0
0
0
0
0
0
0
0
0
0
0
0
0
0
0
0
0
0
0
0
0
0
0
0
0
0
0
0
0
0
0
0
0
0
0
0
0
0
0
0
0
0
0
0
0
0
0
0
0
0
0
0
0
0
0
0
0
0
0
0
0
0
0
0
0
0
0
0
0
0
0
0
0
0
0
0
0
0
0
0
0
0
0
0
0
0
0
0
0
0
0
0
0
0
0
0
0
0
0
0
0
0
0
0
0
0
0
0
0
0
0
0
0
0
0
0
0
0
0
0
0
0
0
0
0
0
0
0
0
0
0
0
0
0
0
0
0
0
0
0
0
0
0
0
0
0
0
0
0
0
0
0
0
0
0
0
0
0
0
0
0
0
0
0
0
0
0
0
0
0
0
0
0
0
0
0
0
0
0
0
0
0
0
0
0
0
0
0
0
0
0
0
0
0
0
0
0
0
0
0
0
0
0
0
0
0
0
0
0
0
0
0
0
0
0
0
0
0
0
0
0
0
0
0
0
0
0
0
0
0
0
0
0
0
0
0
0
0
0
0
0
0
0
0
0
0
0
0
0
0
0
0
0
0
0
0
0
0
0
0
0
0
0
0
0
0
0
0
0
0
0
0
0
0
0
0
0
0
0
0
0
0
0
0
0
0
0
0
0
0
0
0
0
0
0
0
0
0
0
0
0
0
0
0
0
0
0
0
0
0
0
0
0
0
0
0
0
0
0
0
0
0
0
0
0
0
0
0
0
0
0
0
0
0
0
0
0
0
0
0
0
0
0
0
0
0
0
0
0
0
0
0
0
0
0
0
0
0
0
0
0
0
0
0
0
0
0
0
0
0
0
0
0
0
0
0
0
0
0
0
0
0
0
0
0
0
0
0
0
0
0
0
0
0
0
0
0
0
0
0
0
0
0
0
0
0
0
0
0
0
0
0
0
0
0
0
0
0
0
0
0
0
0
0
0
0
0
0
0
0
0
0
0
0
0
0
0
0
0
0
0
0
0
0
0
0
0
0
0
0
0
0
0
0
0
0
0
0
0
0
0
0
0
0
0
0
0
0
0
0
0
0
0
0
0
0
0
0
0
0
0
0
0
0
0
0
0
0
0
0
0
0
0
0
0
0
0
0
0
0
0
0
0
0
0
0
0
0
0
0
0
0
0
0
0
0
0
0
0
0
0
0
0
0
0
0
0
0
0
0
0
0
0
0
0
0
0
0
0
0
0
0
0
0
0
0
0
0
0
0
0
0
0
0
0
0
0
0
0
0
0
0
0
0
0
0
0
0
0
0
0
0
0
0
0
0
0
0
0
0
0
0
0
0
0
0
0
0
0
0
0
0
0
0
0
0
0
0
0
0
0
0
0
0
0
0
0
0
0
0
0
0
0
0
0
0
0
0
0
0
0
0
0
0
0
0
0
0
0
0
0
0
0
0
0
0
0
0
0
0
0
0
0
0
0
0
0
0
0
0
0
14563
14063
12600
10280
7271
3788
81
-3587
-6961
-9811
-11946
-13233
-13600
-13045
-11632
-9481
-6765
-3688
-474
2651
5482
7838
9582
10628
10943
10545
9502
7923
5945
3723
1418
-817
-2848
-4564
-5887
-6773
-7211
-7220
-6844
-6147
-5203
-4091
-2888
-1661
-470
641
1640
2507
3232
3810
4241
4525
4661
4648
4479
4150
3658
3003
2193
1245
188
-937
-2080
-3180
-4171
-4988
-5567
-5857
-5823
-5447
-4735
-3718
-2449
-1002
532
2057
3469
4673
5585
6142
6306
6066
5441
4480
3253
1850
374
-1071
-2386
-3483
-4295
-4777
-4915
-4718
-4225
-3493
-2597
-1620
-645
250
1002
1565
1913
2045
1981
1760
1434
1063
708
424
255
228
349
605
962
1372
1773
2099
2286
2280
2041
1550
815
-133
-1239
-2425
-3598
-4656
-5499
-6034
-6187
-5909
-5182
-4021
-2479
-641
1380
3449
5420
7145
8486
9325
9577
9195
8173
6554
4426
1914
-822
-3604
-6239
-8542
-10344
-11506
-11932
-11572
-10431
-8570
-6101
-3180
0
3226
6277
8941
11029
12392
12928
12592
11403
9437
6828
3756
436
-2899
-6015
-8693
-10744
-12026
-12451
-11996
-10702
-8671
-6060
-3067
82
3153
5920
8180
9774
10594
10595
9795
8273
6167
3656
948
-1733
-4176
-6188
-7615
-8356
-8369
-7672
-6343
-4512
-2349
-51
2176
4141
5671
6639
6967
6635
5682
4202
2334
253
-1849
-3780
-5363
-6453
-6950
-6808
-6035
-4701
-2921
-853
1321
3410
5228
6617
7452
7660
7223
6178
4615
2668
504
-1692
-3737
-5461
-6723
-7426
-7522
-7016
-5963
-4468
-2667
-722
1198
2934
4346
5327
5816
5794
5294
4386
3179
1802
395
-905
-1982
-2743
-3135
-3142
-2792
-2148
-1303
-369
534
1295
1817
2034
1911
1456
713
-239
-1297
-2341
-3245
-3897
-4204
-4104
-3574
-2635
-1346
193
1860
3507
4989
6164
6916
7161
6854
6000
4647
2887
848
-1317
-3443
-5368
-6942
-8045
-8591
-8540
-7897
-6712
-5077
-3115
-969
1206
3259
5053
6474
7442
7910
7872
7355
6419
5147
3640
2005
349
-1230
-2651
-3848
-4779
-5419
-5766
-5831
-5636
-5215
-4600
-3827
-2930
-1942
-891
191
1279
2337
3332
4222
4965
5515
5828
5867
5602
5020
4126
2946
1530
-49
-1702
-3323
-4799
-6021
-6888
-7321
-7269
-6715
-5682
-4228
-2451
-474
1554
3481
5157
6445
7241
7478
7132
6231
4847
3094
1118
-913
-2829
-4466
-5687
-6389
-6515
-6059
-5069
-3639
-1902
-20
1831
3481
4778
5601
5873
5571
4722
3408
1750
-94
-1952
-3647
-5019
-5935
-6306
-6091
-5306
-4016
-2336
-416
1573
3453
5056
6238
6895
6970
6458
5407
3912
2107
150
-1787
-3543
-4972
-5961
-6442
-6392
-5837
-4848
-3530
-2016
-449
1031
2300
3260
3850
4049
3877
3390
2673
1830
973
204
-387
-744
-840
-684
-319
181
726
1213
1546
1643
1449
943
144
-893
-2077
-3290
-4400
-5272
-5786
-5847
-5398
-4428
-2976
-1131
976
3181
5301
7147
8548
9362
9492
8895
7590
5656
3228
486
-2360
-5086
-7476
-9337
-10517
-10922
-10517
-9337
-7476
-5086
-2360
486
3228
5656
7590
8895
9492
9362
8548
7147
5301
3181
976
-1131
-2976
-4428
-5398
-5847
-5786
-5272
-4400
-3290
-2077
-893
144
943
1449
1643
1546
1213
726
181
-319
-684
-840
-744
-387
204
973
1830
2673
3390
3877
4049
3850
3260
2300
1031
-449
-2016
-3530
-4848
-5837
-6392
-6442
-5961
-4972
-3543
-1787
150
2107
3912
5407
6458
6970
6895
6238
5056
3453
1573
-416
-2336
-4016
-5306
-6091
-6306
-5935
-5019
-3647
-1952
-94
1750
3408
4722
5571
5873
5601
4778
3481
1831
-20
-1902
-3639
-5069
-6059
-6515
-6389
-5687
-4466
-2829
-913
1118
3094
4847
6231
7132
7478
7241
6445
5157
3481
1554
-474
-2451
-4228
-5682
-6715
-7269
-7321
-6888
-6021
-4799
-3323
-1702
-49
1530
2946
4126
5020
5602
5867
5828
5515
4965
4222
3332
2337
1279
191
-891
-1942
-2930
-3827
-4600
-5215
-5636
-5831
-5766
-5419
-4779
-3848
-2651
-1230
349
2005
3640
5147
6419
7355
7872
7910
7442
6474
5053
3259
1206
-969
-3115
-5077
-6712
-7897
-8540
-8591
-8045
-6942
-5368
-3443
-1317
848
2887
4647
6000
6854
7161
6916
6164
4989
3507
1860
193
-1346
-2635
-3574
-4104
-4204
-3897
-3245
-2341
-1297
-239
713
1456
1911
2034
1817
1295
534
-369
-1303
-2148
-2792
-3142
-3135
-2743
-1982
-905
395
1802
3179
4386
5294
5794
5816
5327
4346
2934
1198
-722
-2667
-4468
-5963
-7016
-7522
-7426
-6723
-5461
-3737
-1692
504
2668
4615
6178
7223
7660
7452
6617
5228
3410
1321
-853
-2921
-4701
-6035
-6808
-6950
-6453
-5363
-3780
-1849
253
2334
4202
5682
6635
6967
6639
5671
4141
2176
-51
-2349
-4512
-6343
-7672
-8369
-8356
-7615
-6188
-4176
-1733
948
3656
6167
8273
9795
10595
10594
9774
8180
5920
3153
82
-3067
-6060
-8671
-10702
-11996
-12451
-12026
-10744
-8693
-6015
-2899
436
3756
6828
9437
11403
12592
12928
12392
11029
8941
6277
3226
0
-3180
-6101
-8570
-10431
-11572
-11932
-11506
-10344
-8542
-6239
-3604
-822
1914
4426
6554
8173
9195
9577
9325
8486
7145
5420
3449
1380
-641
-2479
-4021
-5182
-5909
-6187
-6034
-5499
-4656
-3598
-2425
-1239
-133
815
1550
2041
2280
2286
2099
1773
1372
962
605
349
228
255
424
708
1063
1434
1760
1981
2045
1913
1565
1002
250
-645
-1620
-2597
-3493
-4225
-4718
-4915
-4777
-4295
-3483
-2386
-1071
374
1850
3253
4480
5441
6066
6306
6142
5585
4673
3469
2057
532
-1002
-2449
-3718
-4735
-5447
-5823
-5857
-5567
-4988
-4171
-3180
-2080
-937
188
1245
2193
3003
3658
4150
4479
4648
4661
4525
4241
3810
3232
2507
1640
641
-470
-1661
-2888
-4091
-5203
-6147
-6844
-7220
-7211
-6773
-5887
-4564
-2848
-817
1418
3723
5945
7923
9502
10545
10943
10628
9582
7838
5482
2651
-474
-3688
-6765
-9481
-11632
-13045
-13600
-13233
-11946
-9811
-6961
-3587
81
3788
7271
10280
12600
14063
0
0
0
0
0
0
0
0
0
0
0
0
0
0
0
0
0
0
0
0
0
0
0
0
0
0
0
0
0
0
0
0
0
0
0
0
0
0
0
0
0
0
0
0
0
0
0
0
0
0
0
0
0
0
0
0
0
0
0
0
0
0
0
0
0
0
0
-10922
-10542
-9431
-7669
-5386
-2746
60
2833
5377
7517
9108
10050
10290
9826
8708
7030
4923
2544
64
-2344
-4522
-6331
-7665
-8456
-8673
-8329
-7470
-6177
-4553
-2715
-789
1102
2848
4350
5534
6348
6765
6782
6419
5712
4716
3493
2116
660
-799
-2190
-3446
-4505
-5315
-5838
-6045
-5922
-5470
-4707
-3667
-2399
-967
549
2065
3490
4733
5709
6347
6595
6421
5825
4831
3496
1900
147
-1644
-3349
-4845
-6020
-6786
-7080
-6876
-6184
-5051
-3560
-1820
38
1876
3555
4951
5961
6515
6580
6161
5304
4088
2619
1023
-568
-2031
-3254
-4152
-4672
-4795
-4540
-3959
-3129
-2147
-1116
-139
695
1321
1697
1814
1695
1389
965
505
94
-192
-296
-183
148
673
1331
2041
2706
3223
3496
3447
3027
2222
1060
-391
-2028
-3715
-5300
-6627
-7550
-7947
-7738
-6887
-5417
-3404
-978
1689
4396
6924
9063
10621
11449
11451
10596
8921
6529
3585
303
-3074
-6290
-9098
-11279
-12662
-13139
-12669
-11288
-9101
-6277
-3029
393
3736
6752
9226
10988
11928
12003
11236
9717
7587
5032
2259
-516
-3092
-5290
-6977
-8064
-8520
-8362
-7658
-6511
-5054
-3428
-1776
-227
1117
2182
2933
3365
3507
3414
3152
2797
2419
2078
1814
1644
1563
1545
1547
1520
1410
1174
780
219
-495
-1328
-2219
-3094
-3870
-4464
-4803
-4830
-4515
-3857
-2887
-1666
-283
1157
2542
3757
4701
5297
5496
5285
4686
3758
2588
1282
-39
-1260
-2277
-3007
-3399
-3439
-3147
-2579
-1820
-971
-144
555
1039
1243
1138
733
75
-754
-1648
-2485
-3140
-3501
-3482
-3029
-2136
-843
763
2556
4378
6054
7409
8283
8550
8131
7003
5204
2837
58
-2929
-5893
-8592
-10792
-12293
-12942
-12650
-11402
-9259
-6357
-2895
874
4673
8213
11220
13460
14755
14998
14164
12313
9580
6171
2343
-1617
-5414
-8771
-11444
-13249
-14071
-13874
-12699
-10664
-7947
-4774
-1399
1917
4932
7434
9262
10315
10559
10026
8808
7046
4917
2616
338
-1735
-3457
-4719
-5461
-5674
-5397
-4710
-3725
-2571
-1382
-285
616
1245
1563
1565
1286
790
163
-496
-1089
-1525
-1733
-1671
-1326
-718
99
1050
2041
2969
3732
4242
4433
4264
3729
2856
1702
354
-1083
-2496
-3768
-4795
-5491
-5795
-5682
-5157
-4260
-3063
-1658
-154
1331
2688
3816
4637
5097
5175
4880
4250
3351
2265
1086
-85
-1158
-2053
-2710
-3091
-3185
-3008
-2597
-2010
-1317
-593
86
655
1060
1268
1267
1066
695
205
-345
-886
-1352
-1679
-1820
-1742
-1436
-912
-206
628
1523
2398
3171
3765
4110
4158
3879
3271
2360
1194
-150
-1583
-3000
-4293
-5357
-6102
-6456
-6373
-5839
-4872
-3524
-1875
-33
1879
3726
5377
6706
7611
8015
7877
7193
6000
4370
2412
257
-1944
-4036
-5869
-7307
-8244
-8608
-8367
-7534
-6166
-4359
-2244
27
2288
4372
6125
7418
8156
8285
7798
6732
5173
3241
1085
-1126
-3224
-5046
-6453
-7336
-7630
-7317
-6423
-5025
-3235
-1199
917
2946
4723
6105
6981
7281
6981
6105
4723
2946
917
-1199
-3235
-5025
-6423
-7317
-7630
-7336
-6453
-5046
-3224
-1126
1085
3241
5173
6732
7798
8285
8156
7418
6125
4372
2288
27
-2244
-4359
-6166
-7534
-8367
-8608
-8244
-7307
-5869
-4036
-1944
257
2412
4370
6000
7193
7877
8015
7611
6706
5377
3726
1879
-33
-1875
-3524
-4872
-5839
-6373
-6456
-6102
-5357
-4293
-3000
-1583
-150
1194
2360
3271
3879
4158
4110
3765
3171
2398
1523
628
-206
-912
-1436
-1742
-1820
-1679
-1352
-886
-345
205
695
1066
1267
1268
1060
655
86
-593
-1317
-2010
-2597
-3008
-3185
-3091
-2710
-2053
-1158
-85
1086
2265
3351
4250
4880
5175
5097
4637
3816
2688
1331
-154
-1658
-3063
-4260
-5157
-5682
-5795
-5491
-4795
-3768
-2496
-1083
354
1702
2856
3729
4264
4433
4242
3732
2969
2041
1050
99
-718
-1326
-1671
-1733
-1525
-1089
-496
163
790
1286
1565
1563
1245
616
-285
-1382
-2571
-3725
-4710
-5397
-5674
-5461
-4719
-3457
-1735
338
2616
4917
7046
8808
10026
10559
10315
9262
7434
4932
1917
-1399
-4774
-7947
-10664
-12699
-13874
-14071
-13249
-11444
-8771
-5414
-1617
2343
6171
9580
12313
14164
14998
14755
13460
11220
8213
4673
874
-2895
-6357
-9259
-11402
-12650
-12942
-12293
-10792
-8592
-5893
-2929
58
2837
5204
7003
8131
8550
8283
7409
6054
4378
2556
763
-843
-2136
-3029
-3482
-3501
-3140
-2485
-1648
-754
75
733
1138
1243
1039
555
-144
-971
-1820
-2579
-3147
-3439
-3399
-3007
-2277
-1260
-39
1282
2588
3758
4686
5285
5496
5297
4701
3757
2542
1157
-283
-1666
-2887
-3857
-4515
-4830
-4803
-4464
-3870
-3094
-2219
-1328
-495
219
780
1174
1410
1520
1547
1545
1563
1644
1814
2078
2419
2797
3152
3414
3507
3365
2933
2182
1117
-227
-1776
-3428
-5054
-6511
-7658
-8362
-8520
-8064
-6977
-5290
-3092
-516
2259
5032
7587
9717
11236
12003
11928
10988
9226
6752
3736
393
-3029
-6277
-9101
-11288
-12669
-13139
-12662
-11279
-9098
-6290
-3074
303
3585
6529
8921
10596
11451
11449
10621
9063
6924
4396
1689
-978
-3404
-5417
-6887
-7738
-7947
-7550
-6627
-5300
-3715
-2028
-391
1060
2222
3027
3447
3496
3223
2706
2041
1331
673
148
-183
-296
-192
94
505
965
1389
1695
1814
1697
1321
695
-139
-1116
-2147
-3129
-3959
-4540
-4795
-4672
-4152
-3254
-2031
-568
1023
2619
4088
5304
6161
6580
6515
5961
4951
3555
1876
38
-1820
-3560
-5051
-6184
-6876
-7080
-6786
-6020
-4845
-3349
-1644
147
1900
3496
4831
5825
6421
6595
6347
5709
4733
3490
2065
549
-967
-2399
-3667
-4707
-5470
-5922
-6045
-5838
-5315
-4505
-3446
-2190
-799
660
2116
3493
4716
5712
6419
6782
6765
6348
5534
4350
2848
1102
-789
-2715
-4553
-6177
-7470
-8329
-8673
-8456
-7665
-6331
-4522
-2344
64
2544
4923
7030
8708
9826
10290
10050
9108
7517
5377
2833
60
-2746
-5386
-7669
-9431
-10542
0
0
0
0
0
0
0
0
0
0
0
0
0
0
0
0
0
0
0
0
0
0
0
0
0
0
0
0
0
0
0
0
0
0
0
0
0
0
0
0
0
0
0
0
0
0
0
0
0
0
0
0
0
0
0
0
0
0
0
0
0
0
0
0
0
0
0
3640
3559
3315
2916
2371
1696
912
49
-855
-1759
-2612
-3362
-3956
-4347
-4494
-4369
-3962
-3279
-2352
-1227
26
1328
2587
3711
4612
5215
5468
5338
4827
3963
2804
1433
-48
-1528
-2894
-4040
-4878
-5344
-5406
-5064
-4352
-3334
-2099
-754
589
1820
2842
3578
3981
4034
3755
3188
2408
1501
566
-302
-1020
-1525
-1779
-1773
-1531
-1102
-556
21
544
931
1116
1058
746
200
-527
-1360
-2199
-2941
-3479
-3725
-3612
-3108
-2219
-992
487
2102
3712
5165
6314
7029
7213
6810
5813
4269
2276
-23
-2453
-4818
-6917
-8567
-9613
-9947
-9517
-8333
-6467
-4051
-1266
1674
4539
7100
9149
10519
11095
10827
9731
7893
5458
2617
-402
-3364
-6035
-8209
-9721
-10463
-10389
-9520
-7943
-5798
-3267
-563
2096
4501
6468
7856
8575
8593
7935
6682
4960
2929
767
-1343
-3235
-4763
-5822
-6350
-6331
-5797
-4820
-3508
-1986
-394
1132
2471
3525
4224
4533
4453
4016
3281
2330
1252
144
-905
-1820
-2540
-3026
-3263
-3254
-3023
-2607
-2050
-1404
-717
-34
607
1180
1664
2050
2332
2511
2589
2569
2452
2239
1930
1523
1022
434
-228
-944
-1683
-2406
-3069
-3622
-4015
-4203
-4149
-3832
-3244
-2402
-1339
-112
1206
2532
3771
4832
5632
6101
6191
5881
5176
4114
2757
1191
-480
-2147
-3697
-5027
-6048
-6694
-6928
-6740
-6150
-5204
-3972
-2538
-998
551
2021
3331
4418
5237
5765
5996
5942
5628
5089
4365
3495
2519
1471
381
-723
-1820
-2884
-3889
-4805
-5596
-6222
-6636
-6793
-6651
-6174
-5341
-4153
-2631
-825
1186
3301
5396
7332
8967
10165
10807
10806
10113
8726
6694
4118
1144
-2041
-5226
-8187
-10705
-12586
-13673
-13862
-13115
-11458
-8990
-5871
-2312
1435
5106
8433
11175
13132
14161
14191
13227
11348
8703
5499
1982
-1578
-4917
-7790
-9993
-11381
-11876
-11476
-10246
-8320
-5880
-3146
-352
2271
4520
6230
7291
7653
7332
6402
4992
3264
1404
-398
-1969
-3165
-3885
-4079
-3753
-2965
-1820
-457
964
2280
3340
4018
4230
3937
3154
1944
415
-1291
-3014
-4585
-5848
-6671
-6960
-6669
-5801
-4412
-2603
-513
1691
3836
5748
7273
8290
8717
8521
7719
6375
4594
2513
288
-1917
-3947
-5665
-6963
-7768
-8049
-7814
-7109
-6010
-4615
-3035
-1386
224
1702
2975
3992
4727
5178
5361
5306
5052
4640
4109
3491
2809
2078
1305
491
-362
-1252
-2168
-3087
-3976
-4791
-5476
-5972
-6216
-6156
-5749
-4975
-3839
-2374
-643
1260
3224
5114
6793
8128
8999
9315
9022
8106
6603
4593
2199
-417
-3078
-5588
-7761
-9429
-10457
-10759
-10297
-9097
-7237
-4849
-2108
781
3605
6149
8220
9663
10371
10293
9441
7889
5765
3240
518
-2182
-4651
-6694
-8155
-8928
-8963
-8273
-6926
-5049
-2806
-391
1989
4137
5875
7064
7614
7487
6708
5356
3555
1470
-711
-2800
-4612
-5990
-6819
-7028
-6605
-5590
-4076
-2199
-125
1962
3880
5460
6563
7093
7003
6301
5048
3351
1358
-758
-2815
-4636
-6061
-6969
-7281
-6969
-6061
-4636
-2815
-758
1358
3351
5048
6301
7003
7093
6563
5460
3880
1962
-125
-2199
-4076
-5590
-6605
-7028
-6819
-5990
-4612
-2800
-711
1470
3555
5356
6708
7487
7614
7064
5875
4137
1989
-391
-2806
-5049
-6926
-8273
-8963
-8928
-8155
-6694
-4651
-2182
518
3240
5765
7889
9441
10293
10371
9663
8220
6149
3605
781
-2108
-4849
-7237
-9097
-10297
-10759
-10457
-9429
-7761
-5588
-3078
-417
2199
4593
6603
8106
9022
9315
8999
8128
6793
5114
3224
1260
-643
-2374
-3839
-4975
-5749
-6156
-6216
-5972
-5476
-4791
-3976
-3087
-2168
-1252
-362
491
1305
2078
2809
3491
4109
4640
5052
5306
5361
5178
4727
3992
2975
1702
224
-1386
-3035
-4615
-6010
-7109
-7814
-8049
-7768
-6963
-5665
-3947
-1917
288
2513
4594
6375
7719
8521
8717
8290
7273
5748
3836
1691
-513
-2603
-4412
-5801
-6669
-6960
-6671
-5848
-4585
-3014
-1291
415
1944
3154
3937
4230
4018
3340
2280
964
-457
-1820
-2965
-3753
-4079
-3885
-3165
-1969
-398
1404
3264
4992
6402
7332
7653
7291
6230
4520
2271
-352
-3146
-5880
-8320
-10246
-11476
-11876
-11381
-9993
-7790
-4917
-1578
1982
5499
8703
11348
13227
14191
14161
13132
11175
8433
5106
1435
-2312
-5871
-8990
-11458
-13115
-13862
-13673
-12586
-10705
-8187
-5226
-2041
1144
4118
6694
8726
10113
10806
10807
10165
8967
7332
5396
3301
1186
-825
-2631
-4153
-5341
-6174
-6651
-6793
-6636
-6222
-5596
-4805
-3889
-2884
-1820
-723
381
1471
2519
3495
4365
5089
5628
5942
5996
5765
5237
4418
3331
2021
551
-998
-2538
-3972
-5204
-6150
-6740
-6928
-6694
-6048
-5027
-3697
-2147
-480
1191
2757
4114
5176
5881
6191
6101
5632
4832
3771
2532
1206
-112
-1339
-2402
-3244
-3832
-4149
-4203
-4015
-3622
-3069
-2406
-1683
-944
-228
434
1022
1523
1930
2239
2452
2569
2589
2511
2332
2050
1664
1180
607
-34
-717
-1404
-2050
-2607
-3023
-3254
-3263
-3026
-2540
-1820
-905
144
1252
2330
3281
4016
4453
4533
4224
3525
2471
1132
-394
-1986
-3508
-4820
-5797
-6331
-6350
-5822
-4763
-3235
-1343
767
2929
4960
6682
7935
8593
8575
7856
6468
4501
2096
-563
-3267
-5798
-7943
-9520
-10389
-10463
-9721
-8209
-6035
-3364
-402
2617
5458
7893
9731
10827
11095
10519
9149
7100
4539
1674
-1266
-4051
-6467
-8333
-9517
-9947
-9613
-8567
-6917
-4818
-2453
-23
2276
4269
5813
6810
7213
7029
6314
5165
3712
2102
487
-992
-2219
-3108
-3612
-3725
-3479
-2941
-2199
-1360
-527
200
746
1058
1116
931
544
21
-556
-1102
-1531
-1773
-1779
-1525
-1020
-302
566
1501
2408
3188
3755
4034
3981
3578
2842
1820
589
-754
-2099
-3334
-4352
-5064
-5406
-5344
-4878
-4040
-2894
-1528
-48
1433
2804
3963
4827
5338
5468
5215
4612
3711
2587
1328
26
-1227
-2352
-3279
-3962
-4369
-4494
-4347
-3956
-3362
-2612
-1759
-855
49
912
1696
2371
2916
3315
3559
0
0
0
0
0
0
0
0
0
0
0
0
0
0
0
0
0
0
0
0
0
0
0
0
0
0
0
0
0
0
0
0
0
0
0
0
0
0
0
0
0
0
0
0
0
0
0
0
0
0
0
0
0
0
0
0
0
0
0
0
0
0
0
0
0
0
0
10922
10555
9479
7771
5549
2971
215
-2528
-5071
-7242
-8898
-9934
-10291
-9958
-8972
-7416
-5411
-3106
-665
1740
3949
5819
7236
8125
8447
8209
7453
6259
4732
2992
1171
-603
-2218
-3577
-4611
-5279
-5570
-5502
-5117
-4475
-3649
-2717
-1752
-821
21
739
1315
1744
2038
2221
2319
2362
2375
2376
2374
2364
2335
2263
2123
1886
1531
1043
420
-324
-1160
-2044
-2916
-3711
-4360
-4797
-4965
-4827
-4363
-3580
-2512
-1217
225
1720
3160
4440
5461
6141
6423
6277
5706
4747
3466
1953
319
-1317
-2837
-4133
-5115
-5720
-5916
-5702
-5113
-4210
-3077
-1813
-524
689
1741
2561
3107
3365
3348
3093
2660
2119
1544
1009
572
274
135
149
287
502
733
912
974
868
559
36
-681
-1550
-2499
-3438
-4267
-4886
-5201
-5142
-4666
-3764
-2469
-851
985
2907
4764
6401
7672
8454
8656
8234
7189
5577
3501
1104
-1438
-3937
-6200
-8051
-9343
-9973
-9888
-9093
-7649
-5667
-3304
-742
1820
4188
6186
7671
8544
8761
8329
7312
5817
3987
1988
-7
-1839
-3366
-4484
-5130
-5289
-4993
-4313
-3353
-2239
-1103
-69
755
1295
1511
1404
1014
416
-291
-996
-1584
-1953
-2025
-1757
-1142
-218
940
2226
3509
4651
5517
5991
5987
5461
4416
2906
1027
-1079
-3251
-5308
-7072
-8384
-9118
-9191
-8575
-7297
-5439
-3135
-555
2105
4642
6862
8592
9702
10110
9789
8773
7146
5042
2628
91
-2375
-4592
-6403
-7691
-8383
-8458
-7942
-6907
-5461
-3737
-1884
-46
1641
3068
4153
4851
5153
5082
4691
4051
3248
2367
1489
679
-15
-567
-971
-1240
-1402
-1491
-1544
-1592
-1658
-1749
-1861
-1972
-2053
-2066
-1973
-1743
-1356
-809
-118
678
1526
2356
3089
3648
3962
3977
3664
3022
2081
902
-424
-1791
-3078
-4162
-4934
-5305
-5220
-4662
-3654
-2265
-600
1203
2991
4601
5880
6699
6961
6617
5670
4174
2234
0
-2349
-4617
-6607
-8138
-9063
-9281
-8746
-7475
-5546
-3092
-295
2631
5461
7965
9940
11218
11683
11283
10031
8006
5346
2242
-1081
-4382
-7420
-9969
-11844
-12907
-13080
-12350
-10768
-8447
-5552
-2285
1126
4451
7464
9967
11800
12852
13065
12441
11035
8952
6339
3373
248
-2836
-5691
-8146
-10060
-11330
-11897
-11742
-10893
-9418
-7419
-5024
-2385
339
2988
5410
7468
9050
10072
10484
10273
9462
8107
6298
4149
1795
-619
-2946
-5042
-6781
-8058
-8801
-8970
-8564
-7621
-6212
-4444
-2442
-352
1679
3511
5017
6099
6692
6767
6339
5461
4219
2730
1126
-453
-1876
-3024
-3807
-4172
-4104
-3626
-2804
-1734
-533
666
1736
2559
3045
3136
2815
2108
1083
-159
-1491
-2772
-3858
-4624
-4968
-4827
-4184
-3071
-1565
211
2107
3952
5573
6809
7529
7643
7113
5958
4252
2125
-256
-2695
-4986
-6929
-8350
-9119
-9158
-8453
-7052
-5066
-2658
-28
2601
5007
6985
8366
9034
8935
8082
6556
4495
2085
-455
-2902
-5037
-6672
-7666
-7938
-7471
-6317
-4593
-2465
-136
2171
4239
5874
6921
7281
6921
5874
4239
2171
-136
-2465
-4593
-6317
-7471
-7938
-7666
-6672
-5037
-2902
-455
2085
4495
6556
8082
8935
9034
8366
6985
5007
2601
-28
-2658
-5066
-7052
-8453
-9158
-9119
-8350
-6929
-4986
-2695
-256
2125
4252
5958
7113
7643
7529
6809
5573
3952
2107
211
-1565
-3071
-4184
-4827
-4968
-4624
-3858
-2772
-1491
-159
1083
2108
2815
3136
3045
2559
1736
666
-533
-1734
-2804
-3626
-4104
-4172
-3807
-3024
-1876
-453
1126
2730
4219
5461
6339
6767
6692
6099
5017
3511
1679
-352
-2442
-4444
-6212
-7621
-8564
-8970
-8801
-8058
-6781
-5042
-2946
-619
1795
4149
6298
8107
9462
10273
10484
10072
9050
7468
5410
2988
339
-2385
-5024
-7419
-9418
-10893
-11742
-11897
-11330
-10060
-8146
-5691
-2836
248
3373
6339
8952
11035
12441
13065
12852
11800
9967
7464
4451
1126
-2285
-5552
-8447
-10768
-12350
-13080
-12907
-11844
-9969
-7420
-4382
-1081
2242
5346
8006
10031
11283
11683
11218
9940
7965
5461
2631
-295
-3092
-5546
-7475
-8746
-9281
-9063
-8138
-6607
-4617
-2349
0
2234
4174
5670
6617
6961
6699
5880
4601
2991
1203
-600
-2265
-3654
-4662
-5220
-5305
-4934
-4162
-3078
-1791
-424
902
2081
3022
3664
3977
3962
3648
3089
2356
1526
678
-118
-809
-1356
-1743
-1973
-2066
-2053
-1972
-1861
-1749
-1658
-1592
-1544
-1491
-1402
-1240
-971
-567
-15
679
1489
2367
3248
4051
4691
5082
5153
4851
4153
3068
1641
-46
-1884
-3737
-5461
-6907
-7942
-8458
-8383
-7691
-6403
-4592
-2375
91
2628
5042
7146
8773
9789
10110
9702
8592
6862
4642
2105
-555
-3135
-5439
-7297
-8575
-9191
-9118
-8384
-7072
-5308
-3251
-1079
1027
2906
4416
5461
5987
5991
5517
4651
3509
2226
940
-218
-1142
-1757
-2025
-1953
-1584
-996
-291
416
1014
1404
1511
1295
755
-69
-1103
-2239
-3353
-4313
-4993
-5289
-5130
-4484
-3366
-1839
-7
1988
3987
5817
7312
8329
8761
8544
7671
6186
4188
1820
-742
-3304
-5667
-7649
-9093
-9888
-9973
-9343
-8051
-6200
-3937
-1438
1104
3501
5577
7189
8234
8656
8454
7672
6401
4764
2907
985
-851
-2469
-3764
-4666
-5142
-5201
-4886
-4267
-3438
-2499
-1550
-681
36
559
868
974
912
733
502
287
149
135
274
572
1009
1544
2119
2660
3093
3348
3365
3107
2561
1741
689
-524
-1813
-3077
-4210
-5113
-5702
-5916
-5720
-5115
-4133
-2837
-1317
319
1953
3466
4747
5706
6277
6423
6141
5461
4440
3160
1720
225
-1217
-2512
-3580
-4363
-4827
-4965
-4797
-4360
-3711
-2916
-2044
-1160
-324
420
1043
1531
1886
2123
2263
2335
2364
2374
2376
2375
2362
2319
2221
2038
1744
1315
739
21
-821
-1752
-2717
-3649
-4475
-5117
-5502
-5570
-5279
-4611
-3577
-2218
-603
1171
2992
4732
6259
7453
8209
8447
8125
7236
5819
3949
1740
-665
-3106
-5411
-7416
-8972
-9958
-10291
-9934
-8898
-7242
-5071
-2528
215
2971
5549
7771
9479
10555
0
0
0
0
0
0
0
0
0
0
0
0
0
0
0
0
0
0
0
0
0
0
0
0
0
0
0
0
0
0
0
0
0
0
0
0
0
0
0
0
0
0
0
0
0
0
0
0
0
0
0
0
0
0
0
0
0
0
0
0
0
0
0
0
0
0
0
