0
4278
8485
12550
16402
19973
23203
26035
28419
30314
31684
32507
32766
32456
31581
30156
28203
25758
22860
19561
15917
11991
7852
3573
-771
-5106
-9352
-13436
-17284
-20829
-24006
-26759
-29038
-30801
-32015
-32660
-32720
-32196
-31094
-29434
-27244
-24563
-21439
-17925
-14087
-9991
-5712
-1327
3083
7441
11667
15683
19415
22796
25762
28259
30239
31667
32514
32764
32412
31462
29931
27847
25247
22178
18696
14865
10755
6443
2009
-2465
-6896
-11201
-15299
-19113
-22570
-25606
-28162
-30190
-31650
-32514
-32764
-32394
-31411
-29832
-27686
-25012
-21861
-18292
-14372
-10175
-5781
-1274
3259
7733
12062
16161
19951
23359
26318
28771
30668
31973
32659
32711
32127
30919
29107
26727
23823
20452
16679
12577
8226
3711
-879
-5455
-9926
-14204
-18204
-21846
-25058
-27775
-29942
-31516
-32464
-32766
-32415
-31417
-29790
-27567
-24790
-21514
-17805
-13736
-9388
-4849
-209
4437
8997
13377
17489
21248
24578
27411
29687
31359
32393
32765
32468
31507
29899
27676
24884
21579
17828
13707
9301
4700
0
-4703
-9311
-13729
-17864
-21629
-24947
-27746
-29968
-31566
-32503
-32761
-32332
-31225
-29460
-27076
-24119
-20653
-16748
-12488
-7961
-3263
1506
6246
10856
15238
19298
22949
26112
28719
30713
32051
32702
32651
31900
30461
28366
25658
22395
18646
14492
10022
5332
524
-4298
-9029
-13567
-17811
-21669
-25055
-27896
-30127
-31699
-32577
-32739
-32182
-30916
-28967
-26379
-23206
-19519
-15397
-10932
-6222
-1372
3511
8320
12945
17284
21240
24723
27655
29968
31611
32545
32748
32214
30954
28995
26381
23169
19431
15252
10724
5950
1038
-3899
-8751
-13405
-17757
-21705
-25159
-28038
-30277
-31822
-32637
-32702
-32014
-30588
-28456
-25665
-22280
-18377
-14047
-9388
-4509
477
5455
10308
14924
19194
23018
26305
28979
30974
32243
32756
32498
31476
29711
27244
24133
20449
16280
11722
6884
1880
-3170
-8148
-12935
-17416
-21484
-25041
-28000
-30291
-31856
-32659
-32677
-31909
-30373
-28105
-25157
-21600
-17520
-13013
-8189
-3163
1941
7001
11893
16499
20705
24407
27516
29953
31659
32589
32721
32049
30590
28377
25463
21921
17836
13307
8448
3377
-1780
-6896
-11843
-16499
-20746
-24479
-27603
-30040
-31727
-32621
-32699
-31957
-30413
-28105
-25088
-21439
-17247
-12618
-7668
-2522
2689
7836
12787
17416
21605
25247
28248
30530
32035
32723
32574
31592
29801
27244
23987
20112
15718
10917
5832
595
-4660
-9798
-14685
-19194
-23208
-26622
-29345
-31307
-32455
-32757
-32206
-30813
-28614
-25665
-22043
-17841
-13169
-8148
-2911
2405
7661
12717
17440
21705
25397
28419
30689
32146
32750
32483
31352
29385
26633
23169
19084
14487
9500
4255
-1105
-6439
-11603
-16457
-20870
-24723
-27911
-30346
-31961
-32712
-32578
-31559
-29684
-27001
-23582
-19519
-14922
-9916
-4636
771
6162
11386
16301
20770
24671
27896
30354
31977
32719
32558
31498
29565
26813
23317
19172
14492
9407
4058
-1405
-6833
-12073
-16978
-21411
-25247
-28377
-30713
-32188
-32760
-32410
-31148
-29007
-26047
-22351
-18021
-13179
-7961
-2516
3003
8440
13640
18454
22745
26389
29282
31340
32503
32737
32033
30409
27913
24613
20604
16000
10932
5547
0
-5550
-10942
-16021
-20637
-24657
-27963
-30458
-32068
-32745
-32468
-31244
-29107
-26118
-22364
-17952
-13013
-7689
-2137
3479
8997
14252
19090
23367
26955
29748
31662
32640
32650
31691
29790
27003
23411
19119
14256
8965
3403
-2262
-7862
-13230
-18204
-22633
-26385
-29345
-31423
-32556
-32707
-31871
-30072
-27362
-23823
-19561
-14703
-9397
-3803
1908
7565
12994
18030
22517
26318
29316
31419
32559
32702
31841
30001
27238
23635
19302
14372
8996
3339
-2422
-8112
-13553
-18577
-23026
-26761
-29667
-31650
-32648
-32629
-31591
-29565
-26615
-22829
-18327
-13249
-7752
-2009
3799
9491
14886
19815
24120
27666
30338
32052
32751
32412
31044
28690
25423
21345
16586
11295
5642
-193
-6025
-11667
-16938
-21669
-25706
-28920
-31206
-32489
-32726
-31909
-30063
-27244
-23544
-19081
-13998
-8460
-2644
3259
9060
14569
19606
24006
27626
30346
32075
32756
32366
30916
28451
25051
20827
15917
10480
4696
-1244
-7147
-12817
-18065
-22719
-26622
-29644
-31684
-32674
-32578
-31398
-29173
-25975
-21909
-17110
-11737
-5969
0
5972
11747
17130
21941
26016
29217
31436
32596
32657
31615
29504
26395
22390
17625
12260
6476
470
-5554
-11392
-16845
-21726
-25867
-29127
-31393
-32585
-32662
-31619
-29491
-26349
-22301
-17483
-12062
-6222
-166
5898
11762
17222
22088
26191
29387
31566
32648
32597
31411
29131
25835
21636
16679
11138
5205
-912
-7001
-12847
-18244
-23003
-26955
-29960
-31912
-32739
-32412
-30940
-28374
-24803
-20353
-15179
-9465
-3413
2763
8843
14612
19863
24407
28083
30758
32334
32755
32003
30103
27124
23169
18381
12929
7010
836
-5370
-11386
-16993
-21989
-26191
-29446
-31636
-32680
-32538
-31214
-28754
-25247
-20819
-15630
-9868
-3744
2518
8692
14551
19879
24480
28184
30855
32393
32739
31880
29845
26709
22585
17625
12011
5950
-333
-6607
-12639
-18204
-23094
-27128
-30152
-32055
-32763
-32248
-30528
-27666
-23767
-18976
-13473
-7461
-1167
5173
11322
17047
22132
26385
29644
31785
32724
32427
30901
28203
24435
19738
14288
8294
1981
-4409
-10635
-16457
-21654
-26025
-29402
-31656
-32697
-32485
-31027
-28377
-24634
-19943
-14481
-8460
-2109
4324
10594
16457
21686
26077
29459
31699
32710
32451
30929
28203
24378
19601
14056
7961
1552
-4919
-11201
-17047
-22227
-26537
-29806
-31906
-32751
-32307
-30590
-27666
-23648
-18696
-13002
-6791
-309
6187
12441
18204
23246
27366
30398
32222
32762
31995
29951
26709
22398
17189
11289
4935
-1619
-8112
-14281
-19879
-24678
-28486
-31147
-32552
-32643
-31416
-28917
-25247
-20553
-15023
-8882
-2378
4225
10659
16662
21989
26421
29777
31918
32756
32254
30432
27362
23169
18024
12137
5748
-879
-7473
-13762
-19485
-24407
-28323
-31070
-32533
-32650
-31414
-28875
-25136
-20353
-14721
-8475
-1874
4807
11292
17307
22602
26955
30182
32146
32765
32010
29911
26556
22083
16679
10571
4016
-2711
-9326
-15551
-21121
-25799
-29387
-31732
-32732
-32344
-30582
-27520
-23286
-18060
-12062
-5547
1206
7911
14280
20041
24947
28786
31393
32653
32513
30975
28105
24024
18906
12972
6476
-301
-7069
-13534
-19415
-24458
-28443
-31196
-32596
-32580
-31148
-28360
-24336
-19250
-13322
-6811
0
6813
13332
19269
24364
28393
31178
32594
32578
31129
28309
24241
19103
13120
6555
-301
-7147
-13680
-19609
-24671
-28641
-31340
-32648
-32505
-30916
-27948
-23735
-18460
-12360
-5706
1206
8067
14569
20421
25359
29162
31656
32728
32328
30473
27244
22786
17298
11027
4255
-2711
-9557
-15974
-21669
-26383
-29901
-32062
-32766
-31979
-29736
-26137
-21345
-15577
-9095
-2195
4807
11593
17850
23291
27666
30771
32464
32665
31362
28614
24546
19345
13249
6538
-477
-7473
-14125
-20126
-25196
-29098
-31650
-32732
-32292
-30349
-26991
-22374
-16712
-10266
-3339
3746
10659
17076
22694
27251
30530
32377
32702
31489
28793
24740
19519
13375
6597
-494
-7565
-14281
-20323
-25404
-29282
-31772
-32753
-32178
-30072
-26533
-21729
-15887
-9285
-2238
4919
11843
18204
23695
28052
31066
32589
32548
30942
27847
23411
17845
11416
4435
-2763
-9830
-16425
-22227
-26955
-30378
-32330
-32713
-31507
-28769
-24631
-19293
-13013
-6096
1120
8285
15047
21076
26077
29802
32068
32763
31850
29372
25451
20276
14101
7230
0
-7232
-14111
-20295
-25478
-29402
-31872
-32764
-32033
-29711
-25913
-20827
-14703
-7845
-595
6688
13640
19914
25196
29220
31785
32759
32093
29819
26047
20967
14832
7950
664
-6656
-13645
-19948
-25247
-29273
-31822
-32763
-32046
-29706
-25861
-20703
-14492
-7543
-209
7138
14125
20396
25629
29557
31977
32766
31880
29363
25342
20022
13674
6622
-771
-8129
-15071
-21240
-26318
-30042
-32219
-32734
-31559
-28754
-24461
-18901
-12360
-5177
2276
9615
16457
22447
27271
30678
32489
32608
31026
27825
23169
17302
10527
3199
-4298
-11573
-18244
-23960
-28419
-31387
-32705
-32302
-30198
-26501
-21406
-15179
-8148
-684
6817
13962
20369
25700
29668
32064
32757
31710
28975
24698
19103
12488
5205
-2358
-9798
-16717
-22745
-27557
-30894
-32577
-32513
-30703
-27244
-22319
-16192
-9191
-1693
5898
13175
19743
25247
29388
31941
32765
31816
29141
24884
19276
12618
5272
-2362
-9871
-16845
-22903
-27714
-31014
-32621
-32445
-30495
-26875
-21781
-15492
-8351
-749
6896
14165
20658
26016
29942
32220
32721
31417
28377
23767
17841
10926
3403
-4310
-11787
-18613
-24407
-28847
-31684
-32759
-32010
-29476
-25298
-19707
-13013
-5590
2148
9769
16845
22980
27828
31116
32659
32366
30254
26438
21133
14635
7310
-430
-8148
-15409
-21801
-26962
-30598
-32502
-32563
-30778
-27244
-22162
-15818
-8572
-836
6950
14343
20920
26305
30190
32350
32661
31103
27762
22829
16586
9388
1649
-6187
-13670
-20369
-25898
-29936
-32249
-32702
-31267
-28024
-23161
-16955
-9766
-2009
5867
13405
20168
25762
29860
32222
32709
31291
28049
23169
16936
9711
1916
-5992
-13553
-20323
-25904
-29968
-32275
-32687
-31179
-27837
-22855
-16527
-9222
-1372
6562
14111
20829
26318
30252
32397
32623
30916
27374
22206
15718
8294
373
-7571
-15067
-21669
-26980
-30683
-32556
-32483
-30469
-26631
-21197
-14492
-6916
1077
9009
16402
22811
27851
31216
32702
32218
29790
25564
19793
12824
5078
-2978
-10856
-18080
-24210
-28873
-31785
-32766
-31757
-28816
-24119
-17952
-10689
-2772
5316
13083
20053
25799
29968
32304
32662
31017
27469
22233
15630
8064
0
-8067
-15639
-22251
-27492
-31038
-32669
-32282
-29899
-25665
-19840
-12785
-4935
3223
11185
18454
24578
29176
31960
32754
31507
28295
23317
16881
9388
1306
-6859
-14599
-21426
-26913
-30713
-32587
-32415
-30206
-26096
-20343
-13307
-5431
2789
10837
18204
24423
29100
31937
32755
31498
28244
23199
16679
9099
938
-7285
-15047
-21854
-27271
-30951
-32659
-32282
-29844
-25497
-19519
-12290
-4271
4023
12062
19330
25359
29762
32252
32670
30984
27303
21861
15008
7184
-1105
-9326
-16947
-23474
-28484
-31650
-32766
-31757
-28687
-23753
-17274
-9670
-1435
6896
14781
21705
27215
30951
32666
32248
29720
25247
19119
11737
3583
-4807
-12886
-20121
-26035
-30239
-32455
-32534
-30469
-26395
-20578
-13400
-5336
3083
11302
18775
25007
29584
32200
32681
30992
27244
21684
14679
6695
-1736
-10055
-17706
-24178
-29038
-31959
-32744
-31340
-27837
-22468
-15592
-7668
771
9163
16942
23583
28641
31772
32764
31548
28203
22955
16155
8261
-193
-8637
-16499
-23246
-28419
-31667
-32766
-31641
-28366
-23161
-16378
-8479
0
8482
16388
23178
28387
31659
32766
31633
28334
23092
16267
8323
-193
-8699
-16610
-23382
-28547
-31748
-32764
-31521
-28105
-22748
-15818
-7793
771
9287
17161
23850
28887
31923
32744
31292
27666
22114
15023
6884
-1736
-10238
-18030
-24565
-29387
-32158
-32681
-30919
-26991
-21173
-13868
-5590
3083
11543
19194
25499
30012
32414
32534
30361
26047
19895
12336
3903
-4807
-13181
-20625
-26610
-30711
-32637
-32248
-29569
-24790
-18247
-10405
-1820
6896
15124
22277
27843
31423
32760
31757
28483
23169
16196
8060
-655
-9326
-17331
-24094
-29127
-32068
-32703
-30984
-27033
-21133
-13707
-5289
3511
12062
19743
25999
30374
32552
32371
29844
25150
18630
10754
2094
-6719
-15047
-22282
-27896
-31478
-32765
-31661
-28244
-22763
-15616
-7324
1506
10228
18204
24847
29668
32313
32585
30461
26096
19809
12062
3423
-5469
-13962
-21426
-27310
-31178
-32740
-31881
-28661
-23317
-16242
-7961
912
9721
17811
24578
29519
32265
32608
30520
26157
19840
12041
3339
-5613
-14150
-21629
-27492
-31296
-32755
-31758
-28377
-22863
-15630
-7219
1736
10564
18599
25234
29968
32443
32468
30041
25342
18725
10689
1842
-7147
-15598
-22868
-28404
-31785
-32751
-31227
-27327
-21345
-13736
-5078
3969
12717
20496
26712
30887
32702
32014
28875
23522
16364
7950
-1077
-10024
-18204
-24986
-29848
-32414
-32483
-30050
-25298
-18593
-10451
-1499
7571
16058
23305
28750
31969
32711
30916
26720
20449
12587
3744
-5391
-14111
-21734
-27666
-31442
-32766
-31533
-27837
-21964
-14372
-5653
3510
12401
20323
26654
30894
32710
31957
28692
23169
15822
7226
-1941
-10958
-19113
-25762
-30378
-32596
-32237
-29328
-24096
-16955
-8469
691
9799
18132
25028
29936
32465
32412
29778
24772
17791
9388
234
-8940
-17404
-24479
-29598
-32350
-32513
-30072
-25219
-18342
-9991
-836
8388
16942
24135
29387
32275
32563
30226
25451
18620
10283
1113
-8148
-16754
-24006
-29316
-32252
-32574
-30254
-25477
-18630
-10266
-1066
8222
16845
24098
29390
32286
32549
30156
25298
18372
9941
695
-8610
-17213
-24407
-29603
-32371
-32482
-29925
-24908
-17841
-9305
0
9307
17850
24924
29942
32491
32356
29546
24293
17028
8351
-1019
-10308
-18745
-25629
-30386
-32621
-32145
-28995
-23432
-15917
-7073
2362
11603
19879
26497
30903
32728
31816
28241
22301
14491
5464
-4023
-13175
-21224
-27492
-31451
-32766
-31324
-27244
-20868
-12732
-3519
5992
15001
22745
28568
31977
32682
30619
25962
19103
10622
1238
-8253
-17047
-24394
-29668
-32420
-32412
-29643
-24347
-16973
-8148
1373
10781
19269
26112
30723
32705
31886
28334
22351
14449
5304
-4298
-13534
-21608
-27826
-31650
-32749
-31026
-26627
-19930
-11510
-2094
7504
16457
23989
29446
32355
32460
29752
24461
17046
8148
-1459
-10942
-19477
-26318
-30870
-32732
-31742
-27983
-21780
-13674
-4371
5316
14541
22496
28484
31977
32669
30495
25645
18541
9807
209
-9410
-18204
-25397
-30356
-32640
-32046
-28625
-22675
-14721
-5464
4278
13645
21806
28038
31787
32719
30748
26047
19032
10324
695
-8997
-17892
-25196
-30256
-32621
-32077
-28669
-22701
-14703
-5389
4409
13816
21989
28193
31872
32694
30582
25725
18555
9715
0
-9718
-18563
-25739
-30598
-32699
-31850
-28126
-21861
-13619
-4144
5708
15047
23026
28920
32194
32549
29951
24631
17073
7961
-1876
-11547
-20168
-26955
-31287
-32766
-31257
-26894
-20073
-11416
-1713
8148
17267
24807
30076
32589
32113
28690
22632
14492
5018
-4919
-14407
-22570
-28657
-32104
-32591
-30072
-24775
-17189
-8012
1907
11653
20323
27113
31393
32763
31094
26539
19519
10683
852
-9060
-18132
-25519
-30530
-32697
-31816
-27965
-21503
-13031
-3339
6667
16052
23938
29584
32459
32292
29097
23169
15065
5543
-4501
-14125
-22423
-28612
-32108
-32578
-29977
-24546
-16798
-7461
2582
12385
21019
27666
31694
32721
30647
25665
18247
9095
-923
-10856
-19760
-26786
-31264
-32766
-31146
-26556
-19431
-10451
-470
9557
18675
26008
30855
32749
31507
27244
20368
11537
1595
-8501
-17784
-25359
-30497
-32702
-31758
-27754
-21074
-12360
-2451
7696
17103
24860
30215
32648
31922
28105
21563
12929
3039
-7147
-16643
-24525
-30025
-32607
-32016
-28309
-21844
-13249
-3359
6859
16412
24364
29939
32588
32050
28377
21924
13322
3413
-6833
-16412
-24382
-29960
-32596
-32028
-28309
-21804
-13150
-3199
7069
16643
24578
30089
32630
31946
28105
21482
12732
2719
-7565
-17103
-24947
-30318
-32680
-31797
-27754
-20951
-12062
-1970
8320
17784
25478
30633
32732
31565
27244
20200
11134
952
-9326
-18675
-26154
-31014
-32765
-31228
-26556
-19215
-9941
333
10578
19760
26955
31436
32749
30759
25665
17979
8475
-1887
-12062
-21019
-27851
-31864
-32650
-30126
-24546
-16475
-6728
3703
13762
22423
28806
32258
32427
29291
23169
14683
4696
-5772
-15653
-23938
-29777
-32571
-32033
-28214
-21503
-12587
-2378
8077
17706
25519
30711
32748
31416
26850
19519
10175
-219
-10594
-19879
-27113
-31549
-32726
-30520
-25157
-17189
-7439
3083
13289
22119
28657
32222
32441
29289
23092
14492
4381
-6187
-16114
-24364
-30076
-32652
-31820
-27666
-20619
-11416
-1017
9491
19008
26537
31287
32757
30792
25595
17709
7961
-2625
-12939
-21894
-28547
-32194
-32451
-29286
-23032
-14346
-4144
6498
16457
24678
30291
32699
31644
27238
19943
10531
0
-10533
-19951
-27251
-31656
-32694
-30254
-24592
-16309
-6286
4409
14637
23305
29487
32519
32077
28203
21312
12137
1660
-8997
-18692
-26385
-31248
-32757
-30748
-25434
-17383
-7461
3266
13645
22556
29038
32390
32248
28625
21909
12824
2351
-8378
-18204
-26061
-31098
-32765
-30880
-25645
-17625
-7689
3083
13524
22496
29023
32393
32235
28565
21780
12618
2077
-8692
-18516
-26318
-31245
-32755
-30681
-25247
-17046
-6975
3863
14280
23132
29446
32527
32033
28015
20915
11510
836
-9932
-19609
-27125
-31650
-32682
-30103
-24198
-15616
-5304
5596
15880
24407
30232
32705
31550
26894
19250
9465
-1373
-12062
-21411
-28379
-32188
-32412
-29022
-22395
-13267
-2656
8253
18244
26197
31222
32754
30619
25054
16679
6433
-4537
-15001
-23783
-29895
-32648
-31731
-27244
-19690
-9916
976
11762
21224
28293
32170
32415
28997
22301
13080
2378
-8595
-18599
-26497
-31393
-32729
-30352
-24528
-15917
-5494
5554
15974
24578
30386
32734
31352
26395
18425
8351
-2679
-13405
-22602
-29217
-32491
-32046
-27932
-20616
-10936
0
10939
20625
27944
32055
32482
29173
22507
13249
2462
-8610
-18692
-26622
-31481
-32707
-30156
-24119
-15293
-4696
6446
16845
25296
30817
32766
30916
25477
17079
6695
-4468
-15115
-24006
-30106
-32702
-31489
-26606
-18620
-8460
2689
13528
22788
29387
32552
31909
27532
19930
9991
-1120
-12103
-21669
-28693
-32350
-32208
-28280
-21025
-11295
-234
10856
20671
28052
32127
32412
28871
21921
12379
1372
-9799
-19815
-27487
-31906
-32545
-29328
-22632
-13249
-2291
8940
19113
27016
31708
32629
29666
23169
13911
2992
-8285
-18577
-26654
-31549
-32677
-29899
-23544
-14372
-3477
7836
18214
26411
31442
32702
30037
23764
14635
3744
-7598
-18030
-26293
-31393
-32711
-30086
-23833
-14703
-3796
7571
18026
26305
31405
32707
30050
23753
14577
3632
-7754
-18204
-26446
-31479
-32688
-29925
-23522
-14256
-3253
8148
18560
26712
31608
32650
29706
23135
13736
2656
-8751
-19090
-27095
-31785
-32581
-29385
-22585
-13013
-1842
9557
19786
27585
31994
32468
28947
21861
12081
809
-10564
-20637
-28166
-32219
-32293
-28377
-20951
-10932
440
11762
21629
28819
32437
32033
27653
19840
9561
-1907
-13142
-22745
-29519
-32621
-31661
-26755
-18514
-7961
3586
14689
23960
30239
32740
31148
25658
16955
6128
-5469
-16384
-25247
-30944
-32759
-30461
-24336
-15151
-4058
7546
18204
26572
31595
32638
29565
22763
13087
1756
-9798
-20118
-27896
-32148
-32332
-28424
-20915
-10754
771
12203
22088
29171
32552
31797
27001
18769
8148
-3511
-14727
-24069
-30346
-32754
-30984
-25260
-16309
-5272
6439
17331
26008
31359
32696
29845
23169
13521
2137
-9523
-19964
-27843
-32146
-32318
-28334
-20703
-10405
1234
12717
22564
29503
32637
31559
26407
17841
6968
-4807
-15965
-25058
-30909
-32757
-30361
-24028
-14577
-3233
8533
19194
27364
31977
32433
28669
21173
10917
-762
-12345
-22321
-29387
-32619
-31592
-26438
-17828
-6884
4961
16161
25247
31028
32744
30168
23635
13998
2522
-9287
-19879
-27860
-32179
-32265
-28105
-20242
-9711
2101
13640
23382
30040
32733
31103
25362
16267
5018
-6896
-17901
-26537
-31659
-32585
-29190
-21921
-11741
0
11743
21929
29201
32589
31641
26480
17791
6728
-5233
-16499
-25566
-31222
-32709
-29826
-22955
-13013
-1327
10537
20994
28641
32450
31909
27088
18630
7668
-4324
-15739
-25041
-30976
-32744
-30105
-23411
-13561
-1880
10055
20637
28436
32397
31982
27244
18822
7852
-4182
-15653
-25007
-30974
-32743
-30072
-23319
-13400
-1660
10308
20879
28612
32455
31881
26966
18377
7282
-4807
-16245
-25468
-31216
-32702
-29720
-22675
-12528
-664
11292
21705
29147
32596
31576
26225
17274
5950
-6193
-17489
-26383
-31650
-32564
-28995
-21433
-10917
1105
12978
23064
29968
32737
30984
24950
15465
3839
-8320
-19330
-27666
-32170
-32217
-27796
-19519
-8531
3643
15314
24860
30951
32739
29972
23032
12884
938
-11141
-21669
-29176
-32613
-31498
-25982
-16835
-5332
6918
18204
26944
31912
32410
28366
20343
9465
-2743
-14569
-24351
-30713
-32759
-30198
-23387
-13283
-1306
10856
21492
29100
32604
31507
25962
16748
5166
-7147
-18454
-27152
-32008
-32332
-28076
-19840
-8789
3510
15314
24947
31038
32720
29752
22551
12140
0
-12143
-22559
-29762
-32723
-31017
-24884
-15198
-3339
8998
20053
28242
32393
31908
26854
17952
6476
-5930
-17489
-26541
-31785
-32465
-28481
-20402
-9388
2978
14918
24714
30951
32730
29790
22554
12062
-172
-12385
-22811
-29942
-32746
-30813
-24421
-14492
-2462
9926
20879
28806
32556
31581
26021
16679
4912
-7571
-18956
-27585
-32200
-32127
-27374
-18630
-7167
5342
17076
26318
31719
32485
28504
20353
9222
-3259
-15267
-25041
-31147
-32687
-29434
-21861
-11077
1334
13553
23783
30517
32764
30189
23169
12736
423
-11953
-22570
-29860
-32743
-30792
-24293
-14202
-2009
10483
21426
29201
32652
31267
25247
15482
3419
-9153
-20369
-28563
-32514
-31633
-26047
-16586
-4654
7973
19415
27967
32350
31910
26709
17520
5712
-6950
-18577
-27428
-32179
-32116
-27244
-18292
-6597
6088
17864
26962
32015
32263
27666
18910
7310
-5391
-17284
-26579
-31872
-32366
-27983
-19380
-7852
4862
16845
26287
31760
32433
28203
19707
8226
-4501
-16550
-26094
-31684
-32472
-28334
-19895
-8434
4310
16402
26003
31651
32486
28377
19946
8475
-4288
-16402
-26016
-31662
-32478
-28334
-19861
-8351
4437
16550
26133
31717
32445
28203
19638
8060
-4756
-16845
-26351
-31812
-32386
-27983
-19276
-7602
5243
17284
26666
31941
32293
27666
18769
6975
-5898
-17864
-27071
-32095
-32157
-27244
-18113
-6176
6719
18577
27557
32265
31968
26709
17302
5205
-7702
-19415
-28111
-32434
-31710
-26047
-16326
-4058
8843
20369
28719
32588
31368
25247
15179
2736
-10137
-21426
-29364
-32705
-30922
-24293
-13853
-1238
11573
22570
30025
32764
30353
23169
12339
-434
-13142
-23783
-30678
-32739
-29638
-21861
-10632
2276
14829
25041
31296
32604
28754
20353
8727
-4282
-16616
-26318
-31849
-32328
-27676
-18630
-6622
6439
18480
27585
32302
31880
26381
16679
4318
-8734
-20396
-28806
-32620
-31227
-24845
-14492
-1820
11144
22329
29942
32763
30335
23047
12062
-859
-13645
-24243
-30951
-32688
-29173
-20967
-9388
3703
16202
26094
31785
32354
27709
18593
6476
-6688
-18775
-27832
-32393
-31718
-25913
-15915
-3339
9779
21317
29402
32723
30737
23764
12933
0
-12935
-23772
-30745
-32720
-29372
-21243
-9654
3510
16105
26077
31798
32332
27590
18342
6096
-7147
-19226
-28162
-32493
-31507
-25362
-15061
-2291
10856
22227
29953
32765
30198
22670
11416
-1716
-14569
-25028
-31370
-32548
-28366
-19509
-7435
5867
18204
27539
32330
31782
25982
15887
3163
-10086
-21669
-29667
-32753
-30413
-23032
-11831
1334
14281
24860
31312
32563
28403
19519
7387
-5976
-18347
-27666
-32377
-31693
-25725
-15465
-2622
10659
22164
29968
32766
30086
22374
10917
-2369
-15261
-25599
-31650
-32396
-27709
-18372
-5950
7473
19643
28516
32596
31195
24546
13765
664
-12550
-23653
-30771
-32702
-29116
-20616
-8634
4807
17440
27128
32230
31881
26137
15968
3092
-10308
-21966
-29901
-32766
-30072
-22272
-10689
2711
15653
25937
31812
32275
27244
17574
4908
-8595
-20637
-29162
-32712
-30681
-23411
-12140
1206
14349
25041
31451
32480
27948
18630
6117
-7445
-19735
-28641
-32634
-31026
-24089
-13013
301
13567
24501
31222
32570
28309
19172
6728
-6876
-19298
-28393
-32589
-31159
-24347
-13326
0
13328
24354
31166
32585
28360
19220
6748
-6896
-19347
-28443
-32604
-31103
-24198
-13087
301
13640
24608
31294
32533
28105
18778
6176
-7504
-19879
-28786
-32669
-30847
-23635
-12290
1206
14493
25247
31583
32389
27520
17828
5008
-8692
-20870
-29387
-32745
-30352
-22624
-10917
2711
15865
26229
31977
32094
26556
16335
3233
-10442
-22277
-30182
-32757
-29546
-21112
-8944
4807
17712
27483
32390
31559
25136
14256
845
-12717
-24026
-31070
-32598
-28334
-19032
-6345
7473
19964
28903
32697
30666
23169
11540
-2148
-15456
-26008
-31918
-32127
-26596
-16309
-3103
10659
22517
30346
32741
29270
20553
8148
-5719
-18563
-28078
-32552
-31179
-24202
-12874
771
14281
25223
31625
32332
27214
17189
4062
-9798
-21894
-30040
-32762
-29565
-21025
-8682
5233
18204
27882
32514
31257
24336
13002
-691
-14262
-25247
-31650
-32307
-27094
-16955
-3732
10171
22227
30239
32747
29289
20494
7961
-6025
-18915
-28356
-32621
-30929
-23586
-11931
1907
15400
26077
31982
32033
26215
15592
2109
-11762
-23479
-30889
-32629
-28377
-18910
-5966
8077
20637
29402
32756
30080
21861
9613
-4409
-17621
-27585
-32459
-31342
-24435
-13013
816
14497
25499
31785
32188
26631
16140
2656
-11322
-23203
-30782
-32650
-28456
-18976
-5969
8148
20755
29503
32763
29925
21514
9095
-5021
-18204
-27995
-32564
-31058
-23753
-12011
1977
15598
26305
32095
31880
25698
14703
952
-12978
-24480
-31393
-32418
-27360
-17165
-3744
10381
22559
30497
32702
28754
19394
6380
-7836
-20580
-29446
-32762
-29899
-21393
-8847
5370
18577
28275
32630
30814
23169
11138
-3003
-16579
-27016
-32334
-31523
-24733
-13249
751
14612
25700
31906
32048
26096
15179
1372
-12698
-24354
-31371
-32412
-27273
-16932
-3359
10856
23003
30758
32638
28280
18514
5205
-9101
-21669
-30089
-32747
-29131
-19930
-6905
7445
20371
29387
32762
29844
21189
8460
-5898
-19125
-28673
-32702
-30433
-22301
-9868
4468
17946
27963
32585
30916
23274
11134
-3159
-16845
-27275
-32428
-31305
-24119
-12260
1977
15833
26622
32247
31615
24845
13249
-923
-14918
-26016
-32055
-31858
-25461
-14105
0
14107
25468
31864
32046
25975
14832
792
-13405
-24986
-31684
-32188
-26395
-15435
-1452
12817
24578
31525
32292
26727
15917
1981
-12345
-24250
-31393
-32366
-26976
-16280
-2378
11993
24006
31293
32415
27148
16527
2644
-11762
-23850
-31230
-32442
-27244
-16660
-2779
11653
23783
31206
32451
27267
16679
2783
-11667
-23806
-31222
-32441
-27217
-16586
-2656
11803
23919
31277
32412
27094
16378
2398
-12062
-24120
-31370
-32361
-26894
-16056
-2009
12441
24407
31496
32285
26615
15616
1488
-12939
-24777
-31650
-32178
-26251
-15055
-836
13553
25223
31826
32033
25797
14372
52
-14280
-25739
-32015
-31841
-25247
-13561
863
15115
26318
32208
31592
24592
12618
-1908
-16052
-26950
-32393
-31276
-23823
-11540
3083
17085
27622
32556
30880
22932
10324
-4384
-18204
-28323
-32682
-30389
-21909
-8965
5807
19399
29038
32755
29790
20744
7461
-7347
-20658
-29748
-32757
-29067
-19428
-5811
8997
21966
30436
32669
28203
17952
4016
-10746
-23305
-31079
-32468
-27184
-16309
-2077
12583
24657
31656
32135
25992
14491
0
-14493
-25999
-32139
-31644
-24613
-12494
2208
16457
27304
32503
30975
23032
10317
-4537
-18454
-28547
-32719
-30103
-21238
-7961
6971
20458
29694
32757
29007
19220
5431
-9491
-22439
-30713
-32587
-27666
-16973
-2736
12073
24364
31568
32177
26060
14492
-108
-14689
-26197
-32222
-31498
-24174
-11781
3083
17304
27896
32634
30520
21996
8847
-6162
-19879
-29416
-32766
-29219
-19519
-5706
9311
22368
30711
32578
27570
16743
2378
-12491
-24723
-31732
-32033
-25558
-13674
1105
15653
26888
32428
31095
23169
10328
-4707
-18745
-28806
-32750
-29736
-20402
-6728
8378
21705
30414
32650
27932
17262
2911
-12062
-24465
-31651
-32083
-25665
-13765
1077
15692
26955
32455
31012
22932
9941
-5180
-19194
-29098
-32765
-29406
-19738
-5832
9326
22486
30817
32526
27244
16102
1495
-13436
-25478
-32035
-31693
-24521
-12062
2999
17416
28078
32680
30226
21243
7668
-7565
-21167
-30192
-32685
-28105
-17438
-2992
12103
24578
31727
31995
25321
13150
-1876
-16499
-27539
-32596
-30567
-21889
-8448
6833
20630
29936
32722
28377
17845
3419
-11753
-24364
-31659
-32040
-25423
-13249
1823
16499
27568
32607
30508
21729
8189
-7147
-20920
-30108
-32693
-28105
-17347
-2779
12401
24860
31856
31850
24838
12360
-2839
-17416
-28160
-32702
-30037
-20749
-6884
8501
22013
30668
32552
27244
15915
1066
-14020
-26008
-32243
-31342
-23500
-10451
4915
19194
29220
32766
29042
18871
4509
-10856
-23813
-31479
-32147
-25665
-13473
1720
16533
27666
32637
30335
21271
7461
-8015
-21705
-30552
-32578
-27327
-15968
-1038
14125
26133
32294
31228
23169
9920
-5554
-19786
-29584
-32748
-28565
-17970
-3339
12043
24723
31849
31816
24627
11897
-3511
-18132
-28673
-32755
-29458
-19519
-5177
10334
23516
31393
32182
25702
13414
-1907
-16800
-27896
-32682
-30072
-20653
-6555
9029
22570
30997
32395
26445
14492
-751
-15827
-27310
-32589
-30461
-21406
-7481
8148
21926
30713
32507
26894
15151
-48
-15238
-26955
-32522
-30664
-21804
-7961
7702
21608
30575
32549
27076
15403
202
-15047
-26852
-32503
-30703
-21861
-8002
7696
21629
30598
32538
27001
15255
0
-15257
-27007
-32541
-30582
-21579
-7602
8129
21989
30779
32468
26664
14703
-655
-15865
-27411
-32621
-30288
-20948
-6758
8997
22672
31098
32318
26047
13736
-1763
-16855
-28038
-32713
-29790
-19946
-5464
10289
23653
31516
32046
25116
12336
-3319
-18204
-28847
-32766
-29042
-18541
-3711
11987
24889
31977
31593
23823
10480
-5316
-19871
-29777
-32711
-27983
-16697
-1495
14059
26318
32404
30885
22114
8148
-7733
-21801
-30745
-32460
-26539
-14372
1180
16457
27860
32699
29832
19930
5325
-10537
-23916
-31650
-31910
-24631
-11530
4298
19113
29409
32747
28334
17210
2009
-13670
-26112
-32365
-30942
-22178
-8148
7817
21929
30833
32412
26285
13907
-1780
-17047
-28259
-32743
-29429
-19103
-4222
11667
24777
31977
31548
23586
9991
-5992
-20546
-30192
-32619
-27244
-15350
219
15739
27492
32660
30001
20149
5464
-10533
-24006
-31719
-31816
-24270
-10892
5106
19879
29873
32681
27625
15917
373
-15261
-27221
-32621
-30156
-20416
-5748
10308
23879
31684
31836
24293
10875
-5173
-19973
-29942
-32665
-27477
-15633
0
15636
27483
32666
29925
19920
5078
-10999
-24407
-31886
-31615
-23656
-9941
6193
20824
30386
32549
26782
14487
-1341
-16845
-28242
-32749
-29262
-18630
-3445
12583
25539
32252
31078
22301
8064
-8148
-22368
-31111
-32231
-25451
-12429
3643
18824
29387
32737
28047
16465
836
-15001
-27152
-32625
-30072
-20115
-5205
10989
24479
31937
31523
23335
9388
-6876
-21447
-30723
-32412
-26092
-13322
2743
18132
29038
32759
28371
16955
1338
-14612
-26944
-32596
-30164
-20247
-5304
10958
24501
31960
31477
23169
9099
-7236
-21774
-30894
-32323
-25702
-12676
3510
18824
29446
32724
27837
16000
166
-15711
-27666
-32707
-29572
-19041
-3744
12491
25602
32304
30916
21780
7184
-9215
-23305
-31551
-31880
-24205
-10451
5930
20824
30486
32483
26311
13518
-2679
-18204
-29147
-32749
-28098
-16364
-502
15488
27574
32702
29574
18976
3583
-12717
-25806
-32371
-30748
-21345
-6538
9926
23879
31785
31636
23467
9346
-7147
-21830
-30974
-32254
-25342
-11991
4409
19692
29968
32623
26976
14462
-1736
-17495
-28798
-32764
-28377
-16752
-852
15267
27492
32699
29554
18857
3339
-13034
-26077
-32450
-30520
-20777
-5712
10817
24578
32042
31291
22515
7961
-8637
-23021
-31496
-31881
-24075
-10079
6509
21426
30833
32307
25463
12062
-4448
-19815
-30076
-32585
-26689
-13907
2465
18204
29244
32732
27762
15616
-569
-16610
-28356
-32765
-28692
-17189
-1231
15047
27428
32699
29490
18630
2932
-13528
-26478
-32552
-30168
-19943
-4530
12062
25519
32337
30737
21133
6022
-10659
-24565
-32068
-31208
-22206
-7407
9326
23628
31760
31593
23169
8686
-8070
-22719
-31423
-31903
-24028
-9858
6896
21846
31070
32147
24790
10926
-5807
-21019
-30711
-32336
-25461
-11891
4807
20244
30356
32478
26047
12755
-3899
-19528
-30012
-32581
-26556
-13521
3083
18877
29687
32654
26991
14192
-2362
-18294
-29387
-32703
-27360
-14769
1736
17784
29119
32734
27666
15255
-1206
-17349
-28887
-32752
-27913
-15652
771
16993
28695
32761
28105
15962
-434
-16717
-28547
-32765
-28244
-16186
193
16523
28443
32766
28334
16326
-48
-16412
-28387
-32766
-28374
-16382
0
0
0
0
0
0
0
0
0
0
0
0
0
0
0
0
0
0
0
0
0
0
0
0
0
0
0
0
0
0
0
0
0
0
0
0
0
0
0
0
0
0
0
0
0
0
0
0
0
0
0
0
0
0
0
0
0
0
0
0
0
0
0
0
0
0
0
0
0
0
0
0
0
0
0
0
0
0
0
0
0
0
0
0
0
0
0
0
0
0
0
0
0
0
0
0
0
0
0
0
0
0
0
0
0
0
0
0
0
0
0
0
0
0
0
0
0
0
0
0
0
0
0
0
0
0
0
0
0
0
0
0
0
0
0
0
0
0
0
0
0
0
0
0
0
0
0
0
0
0
0
0
0
0
0
0
0
0
0
0
0
0
0
0
0
0
0
0
0
0
0
0
0
0
0
0
0
0
0
0
0
0
0
0
0
0
0
0
0
0
0
0
0
0
0
0
0
0
0
0
0
0
0
0
0
0
0
0
0
0
0
0
0
0
0
0
0
0
0
0
0
0
0
0
0
0
0
0
0
0
0
0
0
0
0
0
0
0
0
0
0
0
0
0
0
0
0
0
0
0
0
0
0
0
0
0
0
0
0
0
0
0
0
0
0
0
0
0
0
0
0
0
0
0
0
0
0
0
0
0
0
0
0
0
0
0
0
0
0
0
0
0
0
0
0
0
0
0
0
0
0
0
0
0
0
0
0
0
0
0
0
0
0
0
0
0
0
0
0
0
0
0
0
0
0
0
0
0
0
0
0
0
0
0
0
0
0
0
0
0
0
0
0
0
0
0
0
0
0
0
0
0
0
0
0
0
0
0
0
0
0
0
0
0
0
0
0
0
0
0
0
0
0
0
0
0
0
0
0
0
0
0
0
0
0
0
0
0
0
0
0
0
0
0
0
0
0
0
0
0
0
0
0
0
0
0
0
0
0
0
0
0
0
0
0
0
0
0
0
0
0
0
0
0
0
0
0
0
0
0
0
0
0
0
0
0
0
0
0
0
0
0
0
0
0
0
0
0
0
0
0
0
0
0
0
0
0
0
0
0
0
0
0
0
0
0
0
0
0
0
0
0
0
0
0
0
0
0
0
0
0
0
0
0
0
0
0
0
0
0
0
0
0
0
0
0
0
0
0
0
0
0
0
0
0
0
0
0
0
0
0
0
0
0
0
0
0
0
0
0
0
0
0
0
0
0
0
0
0
0
0
0
0
0
0
0
0
0
0
0
0
0
0
0
0
0
0
0
0
0
0
0
0
0
0
0
0
0
0
0
0
0
0
0
0
0
0
0
0
0
0
0
0
0
0
0
0
0
0
0
0
0
0
0
0
0
0
0
0
0
0
0
0
0
0
0
0
0
0
0
0
0
0
0
0
0
0
0
0
0
0
0
0
0
0
0
0
0
0
0
0
0
0
0
0
0
0
0
0
0
0
0
0
0
0
0
0
0
0
0
0
0
0
0
0
0
0
0
0
0
0
0
0
0
0
0
0
0
0
0
0
0
0
0
0
0
0
0
0
0
0
0
0
0
0
0
0
0
0
0
0
0
0
0
0
0
0
0
0
0
0
0
0
0
0
0
0
0
0
0
0
0
0
0
0
0
0
0
0
0
0
0
0
0
0
0
0
0
0
0
0
0
0
0
0
0
0
0
0
0
0
0
0
0
0
0
0
0
0
0
0
0
0
0
0
0
0
0
0
0
0
0
0
0
0
0
0
0
0
0
0
0
0
0
0
0
0
0
0
0
0
0
0
0
0
0
0
0
0
0
0
0
0
0
0
0
0
0
0
0
0
0
0
0
0
0
0
0
0
0
0
0
0
0
0
0
0
0
0
0
0
0
0
0
0
0
0
0
0
0
0
0
0
0
0
0
0
0
0
0
0
0
0
0
0
0
0
0
0
0
0
0
0
0
0
0
0
0
0
0
0
0
0
0
0
0
0
0
0
0
0
0
0
0
0
0
0
0
0
0
0
0
0
0
0
0
0
0
0
0
0
0
0
0
0
0
0
0
0
0
0
0
0
0
0
0
0
0
0
0
0
0
0
0
0
0
0
0
0
0
0
0
0
0
0
0
0
0
0
0
0
0
0
0
0
0
0
0
0
0
0
0
0
0
0
0
0
0
0
0
0
0
0
0
0
0
0
0
0
0
0
0
0
0
0
0
0
0
0
0
15291
14747
13155
10632
7363
3589
-415
-4361
-7964
-10968
-13167
-14411
-14626
-13813
-12047
-9471
-6285
-2726
944
4466
7595
10124
11892
12800
12811
11956
10322
8050
5320
2334
-694
-3560
-6080
-8101
-9515
-10258
-10316
-9721
-8547
-6898
-4906
-2714
-468
1692
3644
5284
6537
7356
7722
7642
7148
6293
5141
3769
2257
688
-859
-2312
-3604
-4682
-5499
-6025
-6238
-6134
-5719
-5013
-4050
-2878
-1555
-146
1273
2627
3839
4840
5568
5976
6037
5743
5109
4170
2984
1625
180
-1256
-2592
-3741
-4629
-5203
-5431
-5308
-4853
-4109
-3140
-2025
-848
303
1350
2225
2880
3289
3446
3370
3097
2678
2171
1637
1129
693
356
128
1
-49
-61
-81
-153
-319
-604
-1020
-1554
-2174
-2824
-3435
-3926
-4217
-4233
-3918
-3240
-2200
-834
785
2555
4343
6002
7381
8336
8750
8537
7661
6138
4037
1483
-1353
-4269
-7039
-9438
-11258
-12326
-12523
-11792
-10149
-7683
-4551
-973
2791
6458
9742
12380
14152
14902
14552
13106
10659
7383
3520
-638
-4776
-8573
-11735
-14014
-15234
-15298
-14204
-12041
-8982
-5271
-1204
2898
6714
9946
12349
13747
14047
13246
11431
8770
5497
1892
-1743
-5113
-7950
-10035
-11221
-11438
-10700
-9103
-6812
-4049
-1068
1863
4493
6600
8017
8645
8455
7496
5882
3785
1418
-989
-3210
-5037
-6308
-6914
-6812
-6026
-4643
-2808
-704
1462
3479
5154
6326
6882
6771
6001
4644
2825
713
-1497
-3603
-5412
-6758
-7518
-7623
-7062
-5884
-4193
-2137
103
2336
4368
6030
7183
7737
7656
6957
5712
4038
2085
23
-1970
-3736
-5134
-6063
-6468
-6340
-5719
-4683
-3348
-1845
-317
1101
2294
3172
3684
3816
3594
3075
2347
1509
668
-75
-642
-975
-1051
-877
-494
29
607
1146
1552
1746
1671
1301
644
-254
-1321
-2454
-3534
-4440
-5057
-5290
-5075
-4386
-3242
-1705
122
2103
4079
5881
7347
8333
8730
8474
7550
6001
3921
1452
-1228
-3918
-6410
-8506
-10034
-10864
-10915
-10169
-8667
-6509
-3849
-878
2184
5113
7691
9727
11072
11626
11353
10276
8478
6098
3314
331
-2631
-5360
-7665
-9388
-10419
-10699
-10229
-9062
-7302
-5092
-2603
-22
2464
4685
6494
7780
8475
8558
8052
7020
5564
3807
1890
-44
-1858
-3432
-4671
-5508
-5913
-5886
-5459
-4691
-3662
-2464
-1196
46
1178
2126
2839
3284
3454
3361
3035
2522
1877
1162
436
-242
-825
-1277
-1573
-1702
-1668
-1488
-1187
-800
-366
74
484
826
1073
1204
1209
1088
850
513
104
-345
-799
-1221
-1574
-1827
-1954
-1938
-1769
-1451
-997
-431
213
895
1569
2187
2700
3067
3252
3230
2990
2534
1880
1061
123
-877
-1877
-2809
-3607
-4211
-4573
-4656
-4443
-3936
-3156
-2143
-956
333
1645
2896
4002
4888
5491
5766
5687
5252
4481
3417
2123
676
-834
-2315
-3674
-4826
-5696
-6231
-6395
-6177
-5587
-4661
-3454
-2037
-497
1076
2590
3954
5089
5930
6428
6555
6305
5695
4761
3556
2150
624
-934
-2439
-3805
-4955
-5826
-6369
-6553
-6369
-5826
-4955
-3805
-2439
-934
624
2150
3556
4761
5695
6305
6555
6428
5930
5089
3954
2590
1076
-497
-2037
-3454
-4661
-5587
-6177
-6395
-6231
-5696
-4826
-3674
-2315
-834
676
2123
3417
4481
5252
5687
5766
5491
4888
4002
2896
1645
333
-956
-2143
-3156
-3936
-4443
-4656
-4573
-4211
-3607
-2809
-1877
-877
123
1061
1880
2534
2990
3230
3252
3067
2700
2187
1569
895
213
-431
-997
-1451
-1769
-1938
-1954
-1827
-1574
-1221
-799
-345
104
513
850
1088
1209
1204
1073
826
484
74
-366
-800
-1187
-1488
-1668
-1702
-1573
-1277
-825
-242
436
1162
1877
2522
3035
3361
3454
3284
2839
2126
1178
46
-1196
-2464
-3662
-4691
-5459
-5886
-5913
-5508
-4671
-3432
-1858
-44
1890
3807
5564
7020
8052
8558
8475
7780
6494
4685
2464
-22
-2603
-5092
-7302
-9062
-10229
-10699
-10419
-9388
-7665
-5360
-2631
331
3314
6098
8478
10276
11353
11626
11072
9727
7691
5113
2184
-878
-3849
-6509
-8667
-10169
-10915
-10864
-10034
-8506
-6410
-3918
-1228
1452
3921
6001
7550
8474
8730
8333
7347
5881
4079
2103
122
-1705
-3242
-4386
-5075
-5290
-5057
-4440
-3534
-2454
-1321
-254
644
1301
1671
1746
1552
1146
607
29
-494
-877
-1051
-975
-642
-75
668
1509
2347
3075
3594
3816
3684
3172
2294
1101
-317
-1845
-3348
-4683
-5719
-6340
-6468
-6063
-5134
-3736
-1970
23
2085
4038
5712
6957
7656
7737
7183
6030
4368
2336
103
-2137
-4193
-5884
-7062
-7623
-7518
-6758
-5412
-3603
-1497
713
2825
4644
6001
6771
6882
6326
5154
3479
1462
-704
-2808
-4643
-6026
-6812
-6914
-6308
-5037
-3210
-989
1418
3785
5882
7496
8455
8645
8017
6600
4493
1863
-1068
-4049
-6812
-9103
-10700
-11438
-11221
-10035
-7950
-5113
-1743
1892
5497
8770
11431
13246
14047
13747
12349
9946
6714
2898
-1204
-5271
-8982
-12041
-14204
-15298
-15234
-14014
-11735
-8573
-4776
-638
3520
7383
10659
13106
14552
14902
14152
12380
9742
6458
2791
-973
-4551
-7683
-10149
-11792
-12523
-12326
-11258
-9438
-7039
-4269
-1353
1483
4037
6138
7661
8537
8750
8336
7381
6002
4343
2555
785
-834
-2200
-3240
-3918
-4233
-4217
-3926
-3435
-2824
-2174
-1554
-1020
-604
-319
-153
-81
-61
-49
1
128
356
693
1129
1637
2171
2678
3097
3370
3446
3289
2880
2225
1350
303
-848
-2025
-3140
-4109
-4853
-5308
-5431
-5203
-4629
-3741
-2592
-1256
180
1625
2984
4170
5109
5743
6037
5976
5568
4840
3839
2627
1273
-146
-1555
-2878
-4050
-5013
-5719
-6134
-6238
-6025
-5499
-4682
-3604
-2312
-859
688
2257
3769
5141
6293
7148
7642
7722
7356
6537
5284
3644
1692
-468
-2714
-4906
-6898
-8547
-9721
-10316
-10258
-9515
-8101
-6080
-3560
-694
2334
5320
8050
10322
11956
12811
12800
11892
10124
7595
4466
944
-2726
-6285
-9471
-12047
-13813
-14626
-14411
-13167
-10968
-7964
-4361
-415
3589
7363
10632
13155
14747
0
0
0
0
0
0
0
0
0
0
0
0
0
0
0
0
0
0
0
0
0
0
0
0
0
0
0
0
0
0
0
0
0
0
0
0
0
0
0
0
0
0
0
0
0
0
0
0
0
0
0
0
0
0
0
0
0
0
0
0
0
0
0
0
0
0
0
-10922
-10554
-9476
-7758
-5515
-2896
-74
2758
5414
7711
9491
10632
11051
10713
9638
7894
5594
2895
-19
-2948
-5686
-8039
-9838
-10951
-11293
-10834
-9599
-7672
-5187
-2320
723
3722
6457
8727
10361
11236
11284
10500
8940
6718
4001
993
-2078
-4982
-7498
-9436
-10649
-11049
-10608
-9365
-7421
-4931
-2091
874
3735
6270
8285
9631
10212
9993
9006
7341
5142
2593
-95
-2709
-5043
-6919
-8199
-8798
-8690
-7906
-6530
-4695
-2566
-326
1837
3753
5276
6300
6767
6668
6044
4977
3587
2013
402
-1103
-2379
-3333
-3906
-4080
-3880
-3362
-2612
-1733
-834
-17
630
1051
1216
1130
832
388
-120
-598
-957
-1121
-1036
-683
-73
742
1684
2649
3518
4172
4504
4432
3910
2933
1544
-166
-2070
-4009
-5805
-7282
-8279
-8666
-8360
-7335
-5626
-3333
-611
2338
5282
7976
10184
11701
12369
12096
10863
8730
5834
2379
-1379
-5152
-8641
-11564
-13677
-14794
-14808
-13697
-11527
-8452
-4697
-546
3683
7666
11095
13704
15291
15734
15001
13154
10339
6780
2756
-1422
-5433
-8974
-11783
-13662
-14486
-14219
-12908
-10684
-7744
-4335
-734
2775
5929
8500
10317
11274
11343
10563
9045
6950
4478
1850
-713
-3014
-4884
-6207
-6918
-7014
-6541
-5597
-4311
-2836
-1326
70
1232
2070
2536
2625
2375
1856
1167
418
-276
-817
-1124
-1149
-880
-340
412
1290
2188
2996
3603
3919
3879
3450
2641
1495
95
-1450
-3011
-4451
-5639
-6460
-6827
-6688
-6036
-4902
-3362
-1524
477
2492
4368
5965
7160
7865
8030
7643
6738
5385
3686
1766
-235
-2181
-3939
-5399
-6475
-7113
-7292
-7024
-6351
-5339
-4071
-2641
-1143
331
1704
2912
3908
4662
5164
5415
5430
5228
4833
4272
3567
2742
1815
808
-256
-1356
-2457
-3521
-4504
-5352
-6010
-6421
-6534
-6308
-5719
-4760
-3454
-1848
-16
1941
3909
5756
7348
8561
9285
9442
8986
7916
6274
4148
1664
-1017
-3715
-6240
-8407
-10053
-11045
-11299
-10780
-9510
-7568
-5084
-2230
793
3768
6482
8737
10372
11269
11367
10666
9222
7150
4610
1796
-1082
-3811
-6194
-8062
-9292
-9811
-9603
-8708
-7218
-5269
-3026
-675
1600
3628
5263
6397
6970
6966
6421
5412
4051
2474
829
-738
-2100
-3148
-3813
-4060
-3896
-3368
-2550
-1544
-464
573
1461
2110
2458
2475
2166
1567
746
-206
-1189
-2095
-2824
-3292
-3440
-3237
-2687
-1827
-724
531
1833
3064
4115
4884
5295
5299
4879
4055
2878
1431
-180
-1836
-3409
-4779
-5837
-6499
-6709
-6445
-5720
-4583
-3110
-1406
409
2209
3868
5268
6315
6937
7092
6775
6009
4852
3384
1707
-62
-1806
-3411
-4772
-5804
-6446
-6664
-6452
-5834
-4857
-3593
-2129
-566
995
2456
3725
4727
5405
5725
5678
5276
4555
3571
2392
1101
-218
-1480
-2607
-3531
-4198
-4575
-4646
-4417
-3912
-3173
-2257
-1229
-163
870
1802
2574
3138
3464
3536
3360
2956
2362
1626
808
-30
-826
-1522
-2069
-2431
-2584
-2525
-2264
-1826
-1253
-593
96
761
1343
1797
2085
2184
2085
1797
1343
761
96
-593
-1253
-1826
-2264
-2525
-2584
-2431
-2069
-1522
-826
-30
808
1626
2362
2956
3360
3536
3464
3138
2574
1802
870
-163
-1229
-2257
-3173
-3912
-4417
-4646
-4575
-4198
-3531
-2607
-1480
-218
1101
2392
3571
4555
5276
5678
5725
5405
4727
3725
2456
995
-566
-2129
-3593
-4857
-5834
-6452
-6664
-6446
-5804
-4772
-3411
-1806
-62
1707
3384
4852
6009
6775
7092
6937
6315
5268
3868
2209
409
-1406
-3110
-4583
-5720
-6445
-6709
-6499
-5837
-4779
-3409
-1836
-180
1431
2878
4055
4879
5299
5295
4884
4115
3064
1833
531
-724
-1827
-2687
-3237
-3440
-3292
-2824
-2095
-1189
-206
746
1567
2166
2475
2458
2110
1461
573
-464
-1544
-2550
-3368
-3896
-4060
-3813
-3148
-2100
-738
829
2474
4051
5412
6421
6966
6970
6397
5263
3628
1600
-675
-3026
-5269
-7218
-8708
-9603
-9811
-9292
-8062
-6194
-3811
-1082
1796
4610
7150
9222
10666
11367
11269
10372
8737
6482
3768
793
-2230
-5084
-7568
-9510
-10780
-11299
-11045
-10053
-8407
-6240
-3715
-1017
1664
4148
6274
7916
8986
9442
9285
8561
7348
5756
3909
1941
-16
-1848
-3454
-4760
-5719
-6308
-6534
-6421
-6010
-5352
-4504
-3521
-2457
-1356
-256
808
1815
2742
3567
4272
4833
5228
5430
5415
5164
4662
3908
2912
1704
331
-1143
-2641
-4071
-5339
-6351
-7024
-7292
-7113
-6475
-5399
-3939
-2181
-235
1766
3686
5385
6738
7643
8030
7865
7160
5965
4368
2492
477
-1524
-3362
-4902
-6036
-6688
-6827
-6460
-5639
-4451
-3011
-1450
95
1495
2641
3450
3879
3919
3603
2996
2188
1290
412
-340
-880
-1149
-1124
-817
-276
418
1167
1856
2375
2625
2536
2070
1232
70
-1326
-2836
-4311
-5597
-6541
-7014
-6918
-6207
-4884
-3014
-713
1850
4478
6950
9045
10563
11343
11274
10317
8500
5929
2775
-734
-4335
-7744
-10684
-12908
-14219
-14486
-13662
-11783
-8974
-5433
-1422
2756
6780
10339
13154
15001
15734
15291
13704
11095
7666
3683
-546
-4697
-8452
-11527
-13697
-14808
-14794
-13677
-11564
-8641
-5152
-1379
2379
5834
8730
10863
12096
12369
11701
10184
7976
5282
2338
-611
-3333
-5626
-7335
-8360
-8666
-8279
-7282
-5805
-4009
-2070
-166
1544
2933
3910
4432
4504
4172
3518
2649
1684
742
-73
-683
-1036
-1121
-957
-598
-120
388
832
1130
1216
1051
630
-17
-834
-1733
-2612
-3362
-3880
-4080
-3906
-3333
-2379
-1103
402
2013
3587
4977
6044
6668
6767
6300
5276
3753
1837
-326
-2566
-4695
-6530
-7906
-8690
-8798
-8199
-6919
-5043
-2709
-95
2593
5142
7341
9006
9993
10212
9631
8285
6270
3735
874
-2091
-4931
-7421
-9365
-10608
-11049
-10649
-9436
-7498
-4982
-2078
993
4001
6718
8940
10500
11284
11236
10361
8727
6457
3722
723
-2320
-5187
-7672
-9599
-10834
-11293
-10951
-9838
-8039
-5686
-2948
-19
2895
5594
7894
9638
10713
11051
10632
9491
7711
5414
2758
-74
-2896
-5515
-7758
-9476
-10554
0
0
0
0
0
0
0
0
0
0
0
0
0
0
0
0
0
0
0
0
0
0
0
0
0
0
0
0
0
0
0
0
0
0
0
0
0
0
0
0
0
0
0
0
0
0
0
0
0
0
0
0
0
0
0
0
0
0
0
0
0
0
0
0
0
0
0
-10922
-10522
-9352
-7499
-5101
-2337
588
3459
6066
8218
9761
10586
10641
9927
8505
6485
4022
1297
-1488
-4135
-6455
-8289
-9516
-10058
-9892
-9043
-7584
-5630
-3328
-842
1651
3983
6001
7577
8619
9073
8925
8204
6974
5328
3384
1274
-865
-2901
-4713
-6197
-7277
-7899
-8040
-7707
-6931
-5768
-4291
-2591
-764
1087
2861
4464
5812
6832
7471
7696
7491
6864
5846
4486
2853
1033
-876
-2771
-4541
-6081
-7296
-8103
-8443
-8281
-7610
-6456
-4875
-2953
-799
1455
3669
5700
7410
8679
9410
9544
9055
7962
6325
4242
1847
-704
-3241
-5589
-7584
-9086
-9983
-10208
-9739
-8602
-6874
-4671
-2145
525
3155
5558
7566
9036
9868
10005
9443
8226
6448
4241
1768
-790
-3250
-5435
-7193
-8404
-8991
-8924
-8221
-6948
-5210
-3145
-913
1318
3386
5141
6464
7270
7513
7195
6356
5078
3469
1664
-194
-1964
-3513
-4730
-5534
-5878
-5752
-5183
-4231
-2985
-1553
-55
1387
2661
3670
4341
4629
4524
4045
3240
2184
970
-297
-1514
-2579
-3405
-3928
-4107
-3930
-3414
-2605
-1570
-396
818
1974
2974
3733
4188
4297
4047
3454
2562
1438
171
-1138
-2386
-3469
-4296
-4795
-4920
-4652
-4003
-3018
-1768
-347
1134
2561
3816
4797
5419
5623
5385
4714
3654
2282
702
-963
-2582
-4022
-5165
-5910
-6191
-5975
-5270
-4125
-2626
-888
947
2732
4316
5566
6369
6651
6379
5564
4266
2584
655
-1362
-3299
-4987
-6277
-7050
-7229
-6785
-5743
-4178
-2214
-10
2248
4368
6164
7470
8164
8168
7464
6096
4161
1813
-760
-3343
-5717
-7674
-9036
-9673
-9512
-8546
-6838
-4511
-1747
1234
4190
6873
9057
10549
11213
10980
9853
7908
5291
2206
-1102
-4369
-7330
-9743
-11408
-12185
-12006
-10881
-8896
-6208
-3032
378
3752
6819
9337
11110
12003
11953
10976
9162
6669
3707
520
-2630
-5495
-7852
-9524
-10396
-10424
-9633
-8116
-6024
-3551
-918
1649
3941
5776
7023
7605
7510
6785
5531
3895
2049
179
-1536
-2943
-3922
-4403
-4368
-3854
-2942
-1756
-442
842
1947
2744
3139
3083
2578
1673
465
-916
-2318
-3580
-4553
-5110
-5164
-4677
-3660
-2183
-359
1654
3682
5534
7030
8017
8382
8061
7051
5410
3252
737
-1935
-4554
-6903
-8785
-10040
-10557
-10282
-9227
-7467
-5132
-2402
515
3398
6026
8202
9769
10617
10696
10014
8641
6696
4339
1757
-854
-3304
-5424
-7079
-8175
-8667
-8560
-7903
-6783
-5316
-3634
-1874
-163
1387
2694
3702
4389
4762
4853
4711
4395
3968
3483
2984
2495
2026
1569
1103
600
32
-623
-1374
-2213
-3110
-4017
-4866
-5578
-6069
-6258
-6080
-5490
-4474
-3055
-1293
718
2852
4960
6884
8466
9564
10065
9897
9035
7508
5398
2837
-4
-2929
-5724
-8182
-10118
-11380
-11868
-11537
-10405
-8551
-6109
-3257
-203
2830
5624
7982
9741
10790
11071
10588
9401
7624
5407
2932
390
-2033
-4170
-5885
-7084
-7720
-7795
-7353
-6477
-5278
-3882
-2417
-1004
256
1292
2062
2558
2801
2838
2732
2553
2369
2233
2184
2233
2369
2553
2732
2838
2801
2558
2062
1292
256
-1004
-2417
-3882
-5278
-6477
-7353
-7795
-7720
-7084
-5885
-4170
-2033
390
2932
5407
7624
9401
10588
11071
10790
9741
7982
5624
2830
-203
-3257
-6109
-8551
-10405
-11537
-11868
-11380
-10118
-8182
-5724
-2929
-4
2837
5398
7508
9035
9897
10065
9564
8466
6884
4960
2852
718
-1293
-3055
-4474
-5490
-6080
-6258
-6069
-5578
-4866
-4017
-3110
-2213
-1374
-623
32
600
1103
1569
2026
2495
2984
3483
3968
4395
4711
4853
4762
4389
3702
2694
1387
-163
-1874
-3634
-5316
-6783
-7903
-8560
-8667
-8175
-7079
-5424
-3304
-854
1757
4339
6696
8641
10014
10696
10617
9769
8202
6026
3398
515
-2402
-5132
-7467
-9227
-10282
-10557
-10040
-8785
-6903
-4554
-1935
737
3252
5410
7051
8061
8382
8017
7030
5534
3682
1654
-359
-2183
-3660
-4677
-5164
-5110
-4553
-3580
-2318
-916
465
1673
2578
3083
3139
2744
1947
842
-442
-1756
-2942
-3854
-4368
-4403
-3922
-2943
-1536
179
2049
3895
5531
6785
7510
7605
7023
5776
3941
1649
-918
-3551
-6024
-8116
-9633
-10424
-10396
-9524
-7852
-5495
-2630
520
3707
6669
9162
10976
11953
12003
11110
9337
6819
3752
378
-3032
-6208
-8896
-10881
-12006
-12185
-11408
-9743
-7330
-4369
-1102
2206
5291
7908
9853
10980
11213
10549
9057
6873
4190
1234
-1747
-4511
-6838
-8546
-9512
-9673
-9036
-7674
-5717
-3343
-760
1813
4161
6096
7464
8168
8164
7470
6164
4368
2248
-10
-2214
-4178
-5743
-6785
-7229
-7050
-6277
-4987
-3299
-1362
655
2584
4266
5564
6379
6651
6369
5566
4316
2732
947
-888
-2626
-4125
-5270
-5975
-6191
-5910
-5165
-4022
-2582
-963
702
2282
3654
4714
5385
5623
5419
4797
3816
2561
1134
-347
-1768
-3018
-4003
-4652
-4920
-4795
-4296
-3469
-2386
-1138
171
1438
2562
3454
4047
4297
4188
3733
2974
1974
818
-396
-1570
-2605
-3414
-3930
-4107
-3928
-3405
-2579
-1514
-297
970
2184
3240
4045
4524
4629
4341
3670
2661
1387
-55
-1553
-2985
-4231
-5183
-5752
-5878
-5534
-4730
-3513
-1964
-194
1664
3469
5078
6356
7195
7513
7270
6464
5141
3386
1318
-913
-3145
-5210
-6948
-8221
-8924
-8991
-8404
-7193
-5435
-3250
-790
1768
4241
6448
8226
9443
10005
9868
9036
7566
5558
3155
525
-2145
-4671
-6874
-8602
-9739
-10208
-9983
-9086
-7584
-5589
-3241
-704
1847
4242
6325
7962
9055
9544
9410
8679
7410
5700
3669
1455
-799
-2953
-4875
-6456
-7610
-8281
-8443
-8103
-7296
-6081
-4541
-2771
-876
1033
2853
4486
5846
6864
7491
7696
7471
6832
5812
4464
2861
1087
-764
-2591
-4291
-5768
-6931
-7707
-8040
-7899
-7277
-6197
-4713
-2901
-865
1274
3384
5328
6974
8204
8925
9073
8619
7577
6001
3983
1651
-842
-3328
-5630
-7584
-9043
-9892
-10058
-9516
-8289
-6455
-4135
-1488
1297
4022
6485
8505
9927
10641
10586
9761
8218
6066
3459
588
-2337
-5101
-7499
-9352
-10522
0
0
0
0
0
0
0
0
0
0
0
0
0
0
0
0
0
0
0
0
0
0
0
0
0
0
0
0
0
0
0
0
0
0
0
0
0
0
0
0
0
0
0
0
0
0
0
0
0
0
0
0
0
0
0
0
0
0
0
0
0
0
0
0
0
0
0
6553
6332
5684
4654
3314
1756
89
-1573
-3118
-4441
-5455
-6094
-6320
-6124
-5525
-4569
-3327
-1888
-350
1181
2605
3830
4781
5402
5661
5552
5092
4323
3302
2104
810
-494
-1727
-2815
-3695
-4321
-4666
-4720
-4492
-4008
-3307
-2441
-1468
-448
557
1492
2308
2965
3434
3700
3758
3614
3286
2801
2189
1488
737
-24
-759
-1433
-2018
-2488
-2828
-3025
-3077
-2986
-2760
-2413
-1963
-1432
-843
-221
405
1014
1578
2076
2488
2796
2987
3051
2984
2783
2453
2002
1444
799
88
-659
-1412
-2137
-2795
-3351
-3769
-4019
-4073
-3914
-3534
-2936
-2137
-1166
-67
1106
2289
3411
4399
5182
5696
5891
5732
5205
4321
3115
1647
-2
-1734
-3437
-4993
-6291
-7228
-7724
-7723
-7203
-6178
-4698
-2850
-749
1465
3642
5623
7263
8434
9040
9024
8372
7119
5344
3169
746
-1749
-4133
-6229
-7876
-8950
-9366
-9092
-8147
-6603
-4582
-2239
239
2661
4837
6596
7803
8370
8259
7492
6142
4332
2223
0
-2145
-4028
-5490
-6409
-6716
-6395
-5487
-4087
-2336
-405
1517
3242
4602
5461
5732
5382
4440
2991
1174
-835
-2839
-4632
-6026
-6862
-7032
-6489
-5249
-3398
-1082
1503
4129
6553
8539
9882
10425
10078
8825
6728
3928
632
-2901
-6383
-9519
-12030
-13682
-14305
-13807
-12189
-9541
-6043
-1948
2435
6767
10705
13929
16169
17230
17006
15492
12783
9069
4623
-224
-5107
-9656
-13523
-16414
-18108
-18476
-17492
-15233
-11873
-7668
-2938
1962
6669
10837
14167
16428
17475
17256
15816
13289
9888
5884
1588
-2682
-6618
-9950
-12462
-14008
-14521
-14011
-12567
-10338
-7525
-4361
-1088
2056
4863
7160
8827
9798
10064
9668
8695
7267
5523
3611
1674
-161
-1794
-3150
-4187
-4891
-5276
-5374
-5230
-4894
-4415
-3837
-3193
-2505
-1786
-1040
-267
531
1350
2173
2977
3724
4368
4858
5139
5163
4892
4308
3413
2237
835
-709
-2299
-3818
-5148
-6178
-6811
-6979
-6644
-5811
-4523
-2864
-952
1069
3045
4814
6231
7176
7562
7352
6553
5225
3472
1437
-711
-2797
-4641
-6088
-7013
-7337
-7030
-6120
-4683
-2846
-769
1366
3373
5073
6317
6993
7040
6453
5284
3633
1647
-498
-2613
-4510
-6017
-7000
-7369
-7087
-6175
-4710
-2815
-655
1585
3713
5544
6920
7723
7883
7385
6272
4637
2618
384
-1879
-3986
-5764
-7073
-7810
-7925
-7418
-6340
-4790
-2902
-833
1245
3170
4795
6002
6714
6894
6553
5743
4552
3094
1500
-97
-1573
-2821
-3760
-4344
-4560
-4426
-3991
-3325
-2513
-1643
-799
-51
547
967
1204
1275
1214
1072
902
758
683
710
848
1091
1410
1761
2088
2331
2429
2336
2018
1464
688
-270
-1350
-2470
-3539
-4460
-5140
-5503
-5492
-5079
-4269
-3097
-1632
29
1773
3473
5002
6241
7091
7478
7365
6749
5664
4180
2396
433
-1573
-3487
-5179
-6535
-7468
-7919
-7865
-7317
-6319
-4943
-3286
-1458
422
2239
3884
5265
6310
6969
7219
7062
6523
5644
4486
3121
1625
79
-1439
-2858
-4112
-5146
-5917
-6392
-6553
-6392
-5917
-5146
-4112
-2858
-1439
79
1625
3121
4486
5644
6523
7062
7219
6969
6310
5265
3884
2239
422
-1458
-3286
-4943
-6319
-7317
-7865
-7919
-7468
-6535
-5179
-3487
-1573
433
2396
4180
5664
6749
7365
7478
7091
6241
5002
3473
1773
29
-1632
-3097
-4269
-5079
-5492
-5503
-5140
-4460
-3539
-2470
-1350
-270
688
1464
2018
2336
2429
2331
2088
1761
1410
1091
848
710
683
758
902
1072
1214
1275
1204
967
547
-51
-799
-1643
-2513
-3325
-3991
-4426
-4560
-4344
-3760
-2821
-1573
-97
1500
3094
4552
5743
6553
6894
6714
6002
4795
3170
1245
-833
-2902
-4790
-6340
-7418
-7925
-7810
-7073
-5764
-3986
-1879
384
2618
4637
6272
7385
7883
7723
6920
5544
3713
1585
-655
-2815
-4710
-6175
-7087
-7369
-7000
-6017
-4510
-2613
-498
1647
3633
5284
6453
7040
6993
6317
5073
3373
1366
-769
-2846
-4683
-6120
-7030
-7337
-7013
-6088
-4641
-2797
-711
1437
3472
5225
6553
7352
7562
7176
6231
4814
3045
1069
-952
-2864
-4523
-5811
-6644
-6979
-6811
-6178
-5148
-3818
-2299
-709
835
2237
3413
4308
4892
5163
5139
4858
4368
3724
2977
2173
1350
531
-267
-1040
-1786
-2505
-3193
-3837
-4415
-4894
-5230
-5374
-5276
-4891
-4187
-3150
-1794
-161
1674
3611
5523
7267
8695
9668
10064
9798
8827
7160
4863
2056
-1088
-4361
-7525
-10338
-12567
-14011
-14521
-14008
-12462
-9950
-6618
-2682
1588
5884
9888
13289
15816
17256
17475
16428
14167
10837
6669
1962
-2938
-7668
-11873
-15233
-17492
-18476
-18108
-16414
-13523
-9656
-5107
-224
4623
9069
12783
15492
17006
17230
16169
13929
10705
6767
2435
-1948
-6043
-9541
-12189
-13807
-14305
-13682
-12030
-9519
-6383
-2901
632
3928
6728
8825
10078
10425
9882
8539
6553
4129
1503
-1082
-3398
-5249
-6489
-7032
-6862
-6026
-4632
-2839
-835
1174
2991
4440
5382
5732
5461
4602
3242
1517
-405
-2336
-4087
-5487
-6395
-6716
-6409
-5490
-4028
-2145
0
2223
4332
6142
7492
8259
8370
7803
6596
4837
2661
239
-2239
-4582
-6603
-8147
-9092
-9366
-8950
-7876
-6229
-4133
-1749
746
3169
5344
7119
8372
9024
9040
8434
7263
5623
3642
1465
-749
-2850
-4698
-6178
-7203
-7723
-7724
-7228
-6291
-4993
-3437
-1734
-2
1647
3115
4321
5205
5732
5891
5696
5182
4399
3411
2289
1106
-67
-1166
-2137
-2936
-3534
-3914
-4073
-4019
-3769
-3351
-2795
-2137
-1412
-659
88
799
1444
2002
2453
2783
2984
3051
2987
2796
2488
2076
1578
1014
405
-221
-843
-1432
-1963
-2413
-2760
-2986
-3077
-3025
-2828
-2488
-2018
-1433
-759
-24
737
1488
2189
2801
3286
3614
3758
3700
3434
2965
2308
1492
557
-448
-1468
-2441
-3307
-4008
-4492
-4720
-4666
-4321
-3695
-2815
-1727
-494
810
2104
3302
4323
5092
5552
5661
5402
4781
3830
2605
1181
-350
-1888
-3327
-4569
-5525
-6124
-6320
-6094
-5455
-4441
-3118
-1573
89
1756
3314
4654
5684
6332
0
0
0
0
0
0
0
0
0
0
0
0
0
0
0
0
0
0
0
0
0
0
0
0
0
0
0
0
0
0
0
0
0
0
0
0
0
0
0
0
0
0
0
0
0
0
0
0
0
0
0
0
0
0
0
0
0
0
0
0
0
0
0
0
0
0
0
-2184
-2221
-2320
-2447
-2553
-2577
-2456
-2138
-1585
-786
241
1450
2762
4075
5273
6232
6840
7000
6652
5772
4382
2554
400
-1925
-4250
-6385
-8149
-9381
-9958
-9805
-8906
-7305
-5107
-2469
410
3309
5997
8258
9906
10804
10874
10108
8564
6367
3695
767
-2178
-4901
-7183
-8842
-9753
-9855
-9155
-7731
-5722
-3313
-724
1817
4090
5904
7111
7625
7423
6549
5107
3255
1181
-903
-2796
-4314
-5315
-5709
-5468
-4627
-3281
-1577
304
2164
3804
5047
5753
5838
5276
4108
2436
413
-1766
-3890
-5744
-7135
-7909
-7966
-7271
-5860
-3836
-1363
1350
4066
6541
8546
9889
10433
10108
8917
6943
4336
1305
-1900
-5014
-7772
-9937
-11322
-11803
-11331
-9939
-7737
-4904
-1672
1692
4912
7723
9894
11251
11688
11176
9768
7589
4830
1727
-1456
-4455
-7023
-8952
-10095
-10370
-9773
-8374
-6309
-3770
-985
1800
4347
6441
7910
8641
8588
7774
6289
4279
1933
-530
-2891
-4938
-6493
-7424
-7657
-7180
-6045
-4359
-2281
0
2279
4353
6039
7187
7697
7526
6688
5256
3352
1139
-1195
-3455
-5450
-7015
-8018
-8378
-8065
-7104
-5572
-3592
-1320
1064
3377
5440
7098
8228
8749
8628
7881
6570
4798
2700
430
-1845
-3968
-5791
-7194
-8089
-8427
-8199
-7434
-6198
-4585
-2712
-710
1289
3158
4781
6065
6942
7370
7341
6871
6004
4809
3366
1770
119
-1487
-2960
-4220
-5203
-5863
-6175
-6133
-5753
-5065
-4119
-2975
-1702
-375
932
2148
3210
4065
4672
5006
5060
4840
4368
3682
2826
1856
831
-191
-1154
-2008
-2715
-3245
-3582
-3723
-3676
-3460
-3102
-2633
-2088
-1502
-903
-319
230
734
1184
1581
1925
2220
2469
2671
2824
2918
2940
2872
2697
2396
1957
1372
646
-205
-1153
-2153
-3151
-4081
-4872
-5455
-5766
-5751
-5378
-4634
-3534
-2121
-463
1345
3191
4953
6502
7717
8494
8754
8449
7571
6151
4262
2013
-455
-2983
-5398
-7530
-9224
-10351
-10818
-10577
-9629
-8024
-5859
-3275
-440
2454
5214
7651
9598
10922
11532
11388
10501
8932
6792
4225
1406
-1474
-4227
-6673
-8657
-10060
-10801
-10849
-10215
-8960
-7178
-4998
-2570
-52
2396
4627
6514
7956
8884
9265
9099
8420
7288
5788
4018
2088
110
-1810
-3574
-5099
-6316
-7175
-7648
-7723
-7407
-6723
-5712
-4423
-2920
-1273
440
2139
3744
5172
6351
7215
7710
7797
7459
6699
5542
4037
2258
298
-1735
-3722
-5540
-7069
-8202
-8855
-8967
-8512
-7500
-5981
-4039
-1790
623
3042
5304
7249
8738
9658
9935
9537
8481
6829
4691
2210
-441
-3079
-5514
-7571
-9101
-9992
-10176
-9638
-8416
-6596
-4311
-1727
967
3577
5913
7804
9116
9757
9684
8909
7495
5552
3229
700
-1844
-4218
-6248
-7789
-8734
-9022
-8642
-7633
-6079
-4104
-1862
476
2736
4753
6381
7506
8056
8000
7353
6175
4563
2643
564
-1518
-3450
-5093
-6330
-7078
-7291
-6962
-6126
-4850
-3237
-1410
495
2337
3984
5317
6244
6702
6662
6134
5160
3815
2200
433
-1355
-3036
-4488
-5607
-6312
-6553
-6312
-5607
-4488
-3036
-1355
433
2200
3815
5160
6134
6662
6702
6244
5317
3984
2337
495
-1410
-3237
-4850
-6126
-6962
-7291
-7078
-6330
-5093
-3450
-1518
564
2643
4563
6175
7353
8000
8056
7506
6381
4753
2736
476
-1862
-4104
-6079
-7633
-8642
-9022
-8734
-7789
-6248
-4218
-1844
700
3229
5552
7495
8909
9684
9757
9116
7804
5913
3577
967
-1727
-4311
-6596
-8416
-9638
-10176
-9992
-9101
-7571
-5514
-3079
-441
2210
4691
6829
8481
9537
9935
9658
8738
7249
5304
3042
623
-1790
-4039
-5981
-7500
-8512
-8967
-8855
-8202
-7069
-5540
-3722
-1735
298
2258
4037
5542
6699
7459
7797
7710
7215
6351
5172
3744
2139
440
-1273
-2920
-4423
-5712
-6723
-7407
-7723
-7648
-7175
-6316
-5099
-3574
-1810
110
2088
4018
5788
7288
8420
9099
9265
8884
7956
6514
4627
2396
-52
-2570
-4998
-7178
-8960
-10215
-10849
-10801
-10060
-8657
-6673
-4227
-1474
1406
4225
6792
8932
10501
11388
11532
10922
9598
7651
5214
2454
-440
-3275
-5859
-8024
-9629
-10577
-10818
-10351
-9224
-7530
-5398
-2983
-455
2013
4262
6151
7571
8449
8754
8494
7717
6502
4953
3191
1345
-463
-2121
-3534
-4634
-5378
-5751
-5766
-5455
-4872
-4081
-3151
-2153
-1153
-205
646
1372
1957
2396
2697
2872
2940
2918
2824
2671
2469
2220
1925
1581
1184
734
230
-319
-903
-1502
-2088
-2633
-3102
-3460
-3676
-3723
-3582
-3245
-2715
-2008
-1154
-191
831
1856
2826
3682
4368
4840
5060
5006
4672
4065
3210
2148
932
-375
-1702
-2975
-4119
-5065
-5753
-6133
-6175
-5863
-5203
-4220
-2960
-1487
119
1770
3366
4809
6004
6871
7341
7370
6942
6065
4781
3158
1289
-710
-2712
-4585
-6198
-7434
-8199
-8427
-8089
-7194
-5791
-3968
-1845
430
2700
4798
6570
7881
8628
8749
8228
7098
5440
3377
1064
-1320
-3592
-5572
-7104
-8065
-8378
-8018
-7015
-5450
-3455
-1195
1139
3352
5256
6688
7526
7697
7187
6039
4353
2279
0
-2281
-4359
-6045
-7180
-7657
-7424
-6493
-4938
-2891
-530
1933
4279
6289
7774
8588
8641
7910
6441
4347
1800
-985
-3770
-6309
-8374
-9773
-10370
-10095
-8952
-7023
-4455
-1456
1727
4830
7589
9768
11176
11688
11251
9894
7723
4912
1692
-1672
-4904
-7737
-9939
-11331
-11803
-11322
-9937
-7772
-5014
-1900
1305
4336
6943
8917
10108
10433
9889
8546
6541
4066
1350
-1363
-3836
-5860
-7271
-7966
-7909
-7135
-5744
-3890
-1766
413
2436
4108
5276
5838
5753
5047
3804
2164
304
-1577
-3281
-4627
-5468
-5709
-5315
-4314
-2796
-903
1181
3255
5107
6549
7423
7625
7111
5904
4090
1817
-724
-3313
-5722
-7731
-9155
-9855
-9753
-8842
-7183
-4901
-2178
767
3695
6367
8564
10108
10874
10804
9906
8258
5997
3309
410
-2469
-5107
-7305
-8906
-9805
-9958
-9381
-8149
-6385
-4250
-1925
400
2554
4382
5772
6652
7000
6840
6232
5273
4075
2762
1450
241
-786
-1585
-2138
-2456
-2577
-2553
-2447
-2320
-2221
0
0
0
0
0
0
0
0
0
0
0
0
0
0
0
0
0
0
0
0
0
0
0
0
0
0
0
0
0
0
0
0
0
0
0
0
0
0
0
0
0
0
0
0
0
0
0
0
0
0
0
0
0
0
0
0
0
0
0
0
0
0
0
0
0
0
0
