36.127995714689185
35.44929976359406
60.82780766252982
61.86533122599579
52.06513226012089
51.85942852659278
45.86972869692909
34.05957252662342
46.21092133619893
43.24130182617821
43.61734950687084
41.07553659972625
36.77422797981076
45.101940372122925
47.3930387292981
43.25887428212368
41.96886746435658
55.6722202382125
48.06149032481697
56.99640082281761
47.74715860410077
60.92373729039149
61.145516929693244
53.244844741021105
51.58885800592667
64.6079924672729
53.82392287210087
64.34692772301011
63.93363986230132
48.90937062002712
76.29528661597986
73.4302033445181
81.50364582574286
83.08314461017616
70.7940309699241
61.56730174405699
69.06822771306983
76.89962960080281
68.44208167690775
66.59667803925434
71.7935456484068
70.71957870552377
55.44333167351123
74.64533814882378
70.43142611660375
56.91042679959332
53.98916246461568
81.07040534312902
80.743734338444
72.456041325384
73.26836718613276
76.85995921116339
74.1854909043072
65.79631576330668
78.20667792911506
82.58906222455656
72.29039744236465
68.44953150542081
68.41760838366051
70.41097443501509
74.37031559984094
69.37492700976227
73.40303743082195
73.65613200621951
61.05730555102159
65.07760661217395
75.6318207581472
74.61966078181597
70.58946613043018
78.64017785333897
70.6975232887221
67.83528218335853
78.51330200360798
81.66375538615746
79.05311873288079
74.71465794015464
69.5880147089868
71.55076435110777
65.82704473034883
77.72500165440655
80.1937981842047
64.21811482417328
70.34969364089753
79.02688697623611
79.85934429573621
77.0114533261618
66.52048484312863
79.70718181507254
66.05222756507646
65.5070276820658
61.67247647468451
72.99897533722903
77.88492064659165
53.06570851751835
60.764847441537235
64.89784705070616
74.8413723757832
82.83951439028499
74.32064665105322
81.89802233820082
79.070251041436
59.273994196115126
68.93432774388995
68.9343431958766
72.52157725824182
66.21036758657989
73.2484922786296
55.49388554969897
72.3980782060108
49.84635530966593
57.12966260148566
62.56715953544452
73.65628194612829
61.14760163800728
72.79002734708976
61.72302192705228
69.95476669856376
60.41881411721151
61.10079143081002
71.88162404856004
68.73095426479156
60.508493249856585
75.82014206891768
70.89960708648
56.30555328603145
60.917119926838865
78.13642571667198
74.70560348979232
81.85813975135103
82.19903918144821
74.60682386890782
79.41785741410254
67.19628433211476
60.090637561553734
66.8852439029501
79.9982585637955
84.97953484954552
78.61297488554833
76.30332110226317
74.12168888761448
75.49910056788234
70.84627709867037
70.95736172690957
52.47594695872308
66.51721230578482
66.27405809783457
72.5258500636001
66.23034234878419
54.303739754464075
73.2832290241072
78.85702202177873
79.78690425689918
74.631348603389
65.4381629972971
74.50098952516744
80.22332479170683
51.12902183214476
74.83827502211987
77.59160722860489
77.81962566428037
73.2155051047833
64.49644651822429
62.21610983450974
74.81827773979
79.37171828364629
70.55132267329185
66.10324576332705
67.57357660030871
76.09395896473622
76.45382053650003
68.89118648519285
55.20520136028358
67.496302485021
55.96606936340099
75.57755479019119
