-81
-93
-103
-112
-120
-122
-122
-116
-109
-98
-88
-76
-66
-56
-48
-40
-34
-30
-28
-26
-29
-33
-41
-52
-61
-73
-79
-85
-89
-89
-89
-85
-80
-72
-65
-57
-50
-44
-39
-35
-33
-32
-33
-34
-40
-45
-57
-71
-88
-104
-117
-130
-137
-142
-144
-143
-137
-128
-117
-106
-92
-78
-64
-50
-34
-18
-5
8
16
24
25
24
18
9
-3
-17
-29
-42
-51
-57
-63
-67
-69
-68
-66
-61
-57
-50
-45
-38
-32
-27
-23
-22
-23
-26
-29
-29
-32
-31
-30
-29
-26
-22
-19
-15
-17
-16
-19
-24
-27
-34
-40
-43
-44
-40
-33
-23
-16
-5
4
15
25
36
47
55
64
71
74
75
69
61
48
35
19
5
-7
-21
-33
-46
-54
-66
-74
-83
-91
-95
-98
-96
-89
-81
-71
-60
-48
-37
-26
-15
-8
-2
1
2
3
2
0
-4
-12
-20
-27
-33
-36
-37
-37
-33
-26
-18
-6
5
13
21
26
25
22
15
5
-7
-23
-35
-50
-63
-76
-86
-96
-104
-112
-119
-125
-129
-131
-131
-129
-128
-129
-128
-128
-127
-125
-119
-113
-102
-88
-70
-51
-31
-10
7
22
32
37
39
37
32
26
19
11
1
-10
-23
-39
-56
-78
-98
-122
-141
-159
-174
-182
-190
-194
-197
-198
-198
-196
-190
-183
-171
-154
-135
-111
-85
-60
-37
-18
-4
4
11
12
14
13
11
11
9
7
1
-9
-21
-38
-56
-75
-92
-107
-119
-124
-123
-121
-115
-111
-105
-104
-103
-102
-101
-97
-90
-80
-64
-48
-31
-20
-13
-9
-12
-16
-21
-27
-31
-32
-28
-24
-15
-11
-7
-9
-15
-25
-37
-49
-58
-62
-60
-55
-47
-37
-29
-22
-20
-20
-22
-25
-26
-20
-9
6
25
44
60
71
75
72
64
50
39
29
25
28
35
47
58
65
66
61
52
37
24
11
3
3
8
17
30
41
47
48
44
35
26
15
11
16
28
49
75
101
126
142
154
157
156
150
147
146
152
165
179
195
208
214
211
202
184
161
137
115
98
86
80
81
82
81
79
69
58
44
30
19
14
16
27
45
67
89
112
127
140
148
153
159
167
176
192
212
232
254
272
282
283
275
262
242
222
201
183
167
152
140
126
110
91
67
43
14
-9
-30
-44
-51
-53
-49
-42
-33
-24
-17
-11
-7
-3
2
12
29
50
73
95
113
130
138
147
150
150
148
148
150
154
160
166
168
166
157
142
121
95
68
42
20
-2
-20
-35
-49
-62
-75
-87
-103
-120
-138
-152
-160
-159
-152
-141
-128
-114
-99
-85
-70
-54
-40
-28
-16
-2
14
33
55
74
89
100
106
110
111
112
108
104
95
86
74
63
54
40
24
2
-23
-49
-74
-92
-106
-117
-126
-138
-149
-159
-165
-164
-161
-154
-149
-142
-129
-111
-84
-53
-23
3
19
31
40
49
61
72
81
91
98
107
118
133
146
155
156
153
142
127
117
109
102
94
84
71
54
43
31
22
12
-1
-17
-32
-46
-52
-54
-54
-49
-48
-44
-40
-34
-23
-10
6
21
38
51
65
81
96
114
130
145
154
165
175
188
199
209
218
219
220
215
207
197
186
171
157
142
129
115
105
94
86
75
62
48
36
22
12
2
-4
-11
-16
-18
-16
-8
3
17
30
42
53
65
76
89
103
114
125
133
139
144
147
153
161
168
174
177
176
172
167
162
160
156
149
139
125
107
89
70
53
37
24
10
-2
-12
-21
-26
-31
-31
-31
-30
-30
-35
-44
-57
-70
-78
-81
-76
-68
-54
-39
-21
-1
18
38
55
67
75
75
68
55
37
22
8
1
-2
-1
3
7
7
6
0
-9
-22
-38
-59
-83
-112
-143
-172
-197
-214
-220
-220
-212
-201
-187
-176
-166
-157
-151
-146
-143
-143
-144
-152
-160
-165
-171
-169
-162
-149
-129
-108
-88
-71
-59
-54
-51
-54
-59
-69
-83
-100
-118
-136
-152
-166
-171
-175
-173
-165
-160
-155
-154
-158
-166
-175
-186
-195
-204
-213
-221
-227
-232
-234
-231
-222
-210
-194
-178
-163
-152
-146
-142
-140
-138
-135
-131
-126
-118
-110
-97
-86
-73
-58
-47
-36
-31
-30
-35
-47
-60
-76
-89
-102
-108
-108
-102
-92
-83
-73
-67
-62
-60
-61
-64
-73
-85
-99
-115
-129
-138
-144
-141
-133
-117
-98
-73
-47
-22
2
22
37
45
47
44
35
21
7
-6
-17
-22
-21
-14
-1
14
32
50
65
78
84
86
83
75
64
51
35
22
7
-6
-17
-27
-31
-33
-28
-21
-9
3
15
27
38
47
52
55
55
53
50
46
44
40
36
33
30
29
28
30
32
35
41
50
58
71
84
97
107
112
113
109
101
89
75
63
52
42
35
33
30
30
32
35
39
43
47
50
51
52
50
49
43
39
33
27
24
18
16
16
17
20
25
32
38
44
49
52
54
55
57
57
57
59
60
63
66
69
72
73
72
71
66
64
62
61
60
58
54
50
45
42
37
33
32
28
28
30
32
37
39
42
40
37
31
24
13
0
-10
-22
-29
-33
-33
-29
-24
-13
-2
9
22
30
40
46
53
56
57
57
51
45
34
23
11
0
-9
-16
-21
-24
-26
-24
-20
-13
-6
0
7
11
15
19
21
24
23
20
14
3
-10
-25
-42
-60
-74
-86
-95
-101
-104
-103
-101
-96
-86
-75
-61
-49
-35
-21
-9
6
19
30
40
44
46
44
36
27
14
1
-12
-23
-33
-42
-47
-51
-53
-51
-51
-48
-44
-39
-30
-23
-16
-13
-12
-13
-15
-17
-19
-22
-25
-25
-24
-21
-18
-14
-12
-10
-8
-9
-11
-14
-20
-27
-31
-34
-33
-31
-26
-17
-9
0
11
20
28
39
48
58
68
73
77
77
73
66
55
43
27
14
0
-11
-22
-31
-43
-52
-61
-70
-74
-76
-76
-74
-69
-59
-49
-35
-21
-12
0
7
16
24
28
32
32
32
30
25
20
14
6
0
-3
-5
-2
2
8
17
28
38
50
58
63
65
62
55
47
35
23
8
-4
-16
-28
-36
-48
-55
-63
-69
-73
-75
-74
-73
-72
-71
-69
-69
-69
-66
-64
-58
-50
-39
-23
-7
14
34
56
74
89
100
104
106
104
100
96
88
79
69
56
41
24
4
-20
-44
-68
-88
-106
-121
-132
-140
-145
-148
-151
-151
-150
-147
-140
-130
-110
-90
-66
-40
-14
9
27
42
51
56
56
56
56
55
55
53
50
44
33
19
1
-20
-40
-62
-78
-89
-97
-97
-99
-95
-92
-92
-91
-93
-95
-97
-92
-87
-73
-55
-41
-23
-12
-4
-1
-3
-7
-15
-21
-22
-23
-17
-8
0
8
9
8
0
-12
-26
-39
-50
-56
-56
-53
-45
-38
-34
-29
-28
-30
-33
-37
-37
-33
-22
-4
17
37
53
63
66
61
52
37
24
13
7
10
16
29
39
44
45
37
24
8
-10
-21
-32
-33
-29
-20
-8
4
11
13
8
-2
-15
-25
-29
-25
-12
7
31
56
81
98
109
110
105
98
90
88
94
104
118
132
142
147
142
128
109
84
57
34
16
6
3
4
9
11
9
1
-11
-25
-40
-52
-60
-58
-49
-33
-11
12
33
48
58
64
66
70
73
83
98
117
140
162
182
192
196
186
173
155
134
118
102
88
78
69
59
47
30
10
-14
-40
-62
-79
-91
-95
-95
-89
-80
-70
-59
-51
-46
-43
-40
-33
-23
-8
13
37
58
82
98
109
115
116
116
117
120
124
131
138
147
154
156
152
139
119
96
70
47
26
9
-8
-23
-35
-46
-56
-68
-82
-99
-115
-128
-132
-131
-123
-110
-98
-83
-66
-49
-30
-12
3
17
29
43
61
81
102
123
139
150
156
159
158
156
152
144
135
122
108
95
82
68
48
25
-3
-31
-54
-74
-86
-98
-108
-122
-135
-146
-152
-153
-154
-150
-148
-144
-135
-120
-95
-70
-43
-22
-8
1
6
11
16
23
28
31
36
40
47
57
66
71
70
61
49
32
19
8
-1
-9
-24
-40
-58
-76
-88
-101
-112
-128
-147
-168
-186
-196
-202
-202
-200
-202
-202
-203
-200
-191
-181
-166
-152
-137
-124
-110
-94
-78
-64
-50
-37
-27
-17
-8
1
12
21
28
33
30
26
17
7
-3
-15
-28
-42
-56
-67
-75
-82
-88
-97
-108
-120
-131
-141
-150
-155
-159
-164
-162
-161
-155
-145
-130
-113
-97
-81
-69
-56
-42
-27
-10
8
22
34
43
51
60
71
82
93
100
105
105
106
105
105
104
102
98
92
83
70
55
38
23
12
2
-5
-13
-19
-24
-26
-23
-20
-12
-8
-5
-5
-11
-18
-25
-27
-27
-20
-7
9
26
48
68
94
115
137
155
164
171
167
159
147
135
125
119
121
126
135
144
149
152
151
146
138
127
111
87
61
32
4
-17
-32
-37
-33
-24
-10
5
19
32
39
45
50
54
56
54
51
44
39
38
42
52
69
90
114
135
153
166
172
171
167
159
144
129
109
88
69
49
34
25
21
23
29
36
41
41
34
24
12
-3
-16
-27
-37
-50
-58
-64
-67
-66
-58
-47
-32
-18
-7
2
5
6
4
3
3
3
5
9
16
24
34
44
57
66
73
76
72
64
50
32
14
-6
-18
-28
-32
-31
-26
-21
-17
-13
-16
-16
-20
-28
-39
-53
-70
-88
-103
-119
-125
-126
-122
-108
-91
-69
-45
-25
-3
15
28
36
37
31
19
3
-15
-32
-47
-56
-59
-58
-48
-35
-19
-4
11
22
30
31
29
23
12
-2
-15
-32
-48
-64
-79
-91
-98
-100
-99
-92
-84
-72
-60
-48
-36
-27
-20
-19
-19
-23
-28
-34
-39
-44
-50
-55
-61
-63
-66
-68
-67
-66
-61
-54
-42
-25
-11
6
19
28
31
28
21
8
-6
-21
-33
-43
-48
-50
-49
-46
-42
-35
-29
-22
-16
-10
-5
-4
-4
-7
-11
-17
-23
-27
-32
-37
-42
-44
-43
-40
-31
-24
-14
-8
2
7
13
17
16
18
15
15
16
16
20
20
23
24
26
27
25
27
25
26
30
31
33
33
31
27
25
23
21
20
22
24
29
36
44
52
55
56
53
46
37
24
13
2
-6
-9
-10
-5
3
13
26
40
54
69
80
92
102
108
114
117
114
109
100
90
79
65
55
45
39
36
39
44
52
61
69
78
86
94
100
106
108
108
106
101
95
82
69
51
30
12
-4
-16
-27
-33
-36
-36
-31
-23
-11
1
12
23
34
47
61
75
86
97
104
107
107
102
91
79
62
44
29
12
-2
-13
-23
-29
-32
-36
-35
-33
-30
-26
-23
-19
-16
-16
-16
-20
-25
-30
-36
-42
-46
-48
-49
-49
-49
-47
-45
-46
-47
-51
-55
-62
-68
-75
-80
-83
-84
-80
-75
-66
-56
-46
-38
-28
-18
-10
-1
10
18
24
26
25
21
13
2
-11
-25
-38
-52
-66
-77
-88
-99
-112
-121
-131
-140
-143
-144
-139
-132
-119
-106
-90
-75
-61
-48
-38
-28
-23
-18
-15
-17
-16
-19
-23
-28
-35
-41
-46
-47
-47
-43
-35
-26
-14
-1
12
25
33
40
43
40
35
27
15
4
-8
-18
-29
-36
-44
-50
-55
-62
-65
-69
-71
-70
-68
-64
-61
-58
-55
-55
-51
-49
-44
-36
-26
-10
9
29
51
72
91
106
118
124
129
128
125
122
117
110
102
91
77
61
42
21
-1
-22
-42
-58
-74
-83
-88
-92
-94
-95
-96
-95
-92
-87
-75
-60
-40
-16
9
36
60
78
94
100
104
102
100
98
95
93
86
80
67
53
35
13
-7
-28
-44
-55
-65
-72
-76
-81
-81
-80
-75
-70
-64
-58
-53
-47
-42
-32
-21
-8
3
12
18
20
20
19
15
12
7
5
3
1
0
-2
-6
-12
-18
-23
-27
-25
-23
-19
-17
-19
-25
-31
-33
-32
-27
-16
-6
6
17
25
33
36
37
34
30
28
24
25
26
25
25
19
14
3
-9
-23
-37
-50
-61
-66
-71
-71
-71
-70
-72
-78
-89
-105
-122
-138
-147
-151
-147
-139
-127
-116
-104
-94
-89
-86
-86
-86
-82
-73
-58
-37
-16
8
26
40
49
50
49
41
34
28
25
26
31
40
49
57
61
61
55
46
38
30
30
38
55
82
114
150
187
216
243
266
283
305
326
350
379
414
449
484
518
542
560
565
562
551
533
513
488
464
435
406
373
330
283
225
160
89
17
-55
-124
-187
-244
-297
-345
-391
-431
-474
-515
-552
-590
-616
-636
-645
-644
-636
-623
-607
-587
-567
-546
-524
-503
-477
-453
-421
-383
-341
-296
-253
-212
-175
-145
-120
-98
-78
-63
-48
-33
-20
-6
4
9
10
2
-13
-33
-60
-85
-109
-130
-147
-164
-177
-192
-205
-215
-226
-237
-251
-263
-274
-276
-274
-263
-246
-230
-214
-196
-174
-149
-122
-93
-65
-39
-11
19
57
93
132
165
194
219
240
266
291
316
339
357
370
380
388
394
401
403
398
392
384
378
378
379
385
387
384
378
367
358
347
340
331
318
306
291
281
274
269
265
257
245
227
209
195
186
183
182
182
178
179
182
189
200
206
209
207
198
190
179
177
173
171
170
163
159
151
144
140
134
130
120
108
92
77
64
53
43
33
21
5
-8
-19
-29
-32
-40
-47
-58
-72
-84
-98
-106
-119
-131
-144
-156
-166
-176
-179
-183
-187
-189
-194
-198
-205
-212
-221
-231
-242
-255
-263
-273
-276
-277
-277
-276
-277
-278
-283
-284
-285
-288
-288
-291
-295
-299
-303
-304
-302
-298
-296
-294
-294
-297
-300
-301
-300
-297
-293
-288
-285
-284
-282
-285
-284
-281
-278
-273
-269
-267
-264
-257
-251
-238
-225
-216
-207
-207
-210
-218
-228
-239
-247
-255
-258
-258
-258
-253
-248
-242
-231
-225
-217
-215
-217
-224
-235
-247
-256
-262
-261
-255
-244
-228
-208
-189
-169
-152
-137
-124
-113
-107
-107
-116
-125
-140
-149
-149
-144
-128
-108
-84
-56
-30
-5
18
38
52
63
69
69
66
61
61
64
75
91
115
145
174
203
229
252
269
282
293
300
305
305
303
299
295
294
296
305
321
344
371
399
425
445
462
472
481
487
490
492
493
493
494
499
508
521
540
560
582
604
622
636
642
645
643
637
633
628
625
621
618
613
609
611
614
621
627
629
629
621
611
598
581
564
548
535
527
521
522
524
524
527
528
528
525
515
501
483
462
440
420
406
393
389
392
397
410
420
428
434
435
431
421
409
386
359
326
289
251
215
183
154
130
114
103
97
93
91
84
75
58
33
5
-31
-70
-112
-153
-191
-228
-259
-284
-304
-316
-324
-326
-327
-324
-321
-319
-319
-323
-331
-343
-360
-380
-402
-423
-445
-465
-486
-502
-517
-531
-538
-548
-555
-562
-573
-582
-592
-601
-611
-623
-638
-655
-672
-694
-718
-741
-767
-793
-819
-841
-858
-873
-880
-885
-884
-879
-870
-860
-847
-832
-822
-810
-804
-797
-793
-789
-783
-777
-769
-759
-747
-729
-711
-689
-667
-644
-618
-591
-564
-538
-515
-495
-480
-463
-451
-438
-426
-415
-405
-397
-386
-375
-364
-352
-340
-327
-313
-298
-284
-270
-254
-240
-224
-206
-189
-171
-155
-140
-124
-105
-84
-61
-36
-13
8
30
50
70
88
104
120
135
151
170
192
214
238
264
288
313
336
359
379
395
408
416
422
424
421
417
409
401
394
389
386
386
389
395
405
419
434
447
459
468
475
479
483
486
484
485
479
476
469
462
454
444
435
427
419
413
410
414
422
435
451
466
483
494
507
516
521
527
526
526
520
515
506
492
476
456
435
413
392
373
355
339
326
319
316
316
321
325
329
335
337
340
342
341
339
333
326
316
302
285
267
244
222
202
185
171
163
158
154
151
148
145
140
134
126
120
114
110
106
104
105
105
108
112
115
118
119
115
110
99
90
75
60
45
26
10
-8
-26
-45
-63
-79
-93
-102
-108
-109
-107
-104
-96
-92
-85
-80
-76
-73
-68
-65
-60
-53
-50
-46
-46
-51
-58
-72
-88
-107
-126
-143
-159
-170
-185
-193
-202
-209
-213
-219
-219
-222
-221
-220
-218
-216
-217
-217
-223
-229
-238
-252
-266
-285
-304
-323
-340
-349
-360
-362
-364
-364
-360
-361
-356
-355
-353
-351
-351
-346
-343
-337
-330
-327
-320
-320
-318
-318
-321
-322
-324
-325
-325
-324
-325
-329
-335
-345
-358
-374
-389
-404
-418
-427
-434
-436
-432
-426
-419
-412
-404
-398
-387
-375
-358
-335
-313
-285
-255
-226
-196
-172
-152
-137
-125
-114
-106
-99
-93
-92
-90
-92
-97
-108
-123
-140
-160
-178
-193
-205
-211
-214
-206
-197
-184
-170
-156
-143
-129
-112
-91
-67
-40
-12
16
42
66
89
105
121
135
148
157
164
172
174
176
179
182
187
189
189
183
173
164
155
149
146
144
148
152
161
166
172
176
178
182
187
195
204
212
216
218
214
210
206
202
202
205
207
208
208
204
196
186
174
164
158
154
152
150
151
151
151
150
149
146
143
144
145
153
160
171
181
192
203
210
214
216
210
206
199
195
197
202
213
223
232
236
233
224
208
189
166
148
133
123
119
114
107
97
83
63
40
13
-16
-38
-56
-66
-70
-68
-64
-58
-53
-50
-49
-55
-59
-65
-70
-68
-64
-51
-39
-24
-15
-11
-15
-30
-49
-77
-105
-134
-162
-182
-200
-213
-228
-247
-268
-298
-330
-363
-397
-423
-447
-462
-468
-465
-454
-437
-415
-390
-364
-335
-302
-264
-216
-164
-105
-38
29
100
170
236
299
353
405
451
498
545
591
635
674
708
732
751
758
758
751
736
718
699
679
663
642
622
595
566
529
491
452
406
366
325
288
253
225
200
178
161
138
118
98
79
64
56
52
53
59
66
77
91
105
117
124
127
128
129
131
138
142
146
146
142
138
129
122
106
86
61
28
-1
-31
-58
-87
-117
-153
-191
-231
-269
-305
-339
-374
-408
-442
-477
-507
-535
-561
-584
-608
-632
-654
-677
-692
-701
-701
-701
-700
-701
-705
-710
-711
-710
-709
-710
-712
-718
-717
-712
-698
-681
-664
-649
-641
-632
-624
-611
-593
-577
-559
-543
-527
-510
-489
-466
-446
-428
-419
-414
-414
-416
-412
-406
-396
-384
-375
-365
-357
-347
-334
-321
-306
-296
-289
-286
-282
-272
-259
-239
-221
-205
-190
-177
-158
-141
-116
-92
-72
-49
-32
-11
9
29
52
71
94
114
136
159
184
211
242
270
295
320
338
356
372
386
402
416
430
444
459
476
495
515
532
547
560
570
581
589
598
604
609
614
618
623
631
639
647
653
657
659
658
661
664
668
674
677
679
679
676
676
676
678
678
680
675
672
667
659
659
656
656
656
653
648
638
626
613
598
587
578
569
558
552
546
543
547
549
555
557
555
548
535
518
496
478
463
453
448
445
442
443
442
443
444
440
434
421
402
378
349
319
290
264
246
235
228
228
228
228
226
223
217
206
192
172
146
113
76
40
6
-21
-40
-52
-55
-60
-63
-69
-81
-95
-113
-133
-158
-186
-218
-255
-292
-327
-358
-382
-399
-412
-416
-418
-420
-423
-431
-444
-461
-483
-505
-532
-561
-593
-626
-657
-687
-710
-729
-741
-748
-752
-755
-761
-771
-788
-808
-831
-856
-879
-904
-926
-945
-966
-979
-990
-996
-994
-990
-981
-972
-962
-956
-954
-955
-960
-965
-967
-967
-961
-954
-943
-932
-916
-902
-880
-861
-841
-826
-816
-809
-808
-807
-807
-804
-797
-786
-766
-741
-713
-684
-658
-630
-609
-588
-574
-563
-557
-555
-554
-556
-556
-552
-543
-525
-498
-466
-425
-383
-337
-289
-246
-201
-166
-136
-114
-96
-82
-73
-62
-52
-37
-16
15
53
96
146
192
244
291
336
376
405
429
444
455
463
469
474
476
481
483
489
501
513
533
553
576
603
627
655
678
698
716
728
740
749
758
768
777
787
801
813
829
843
860
879
897
921
944
969
994
1021
1048
1074
1097
1113
1122
1123
1117
1110
1096
1085
1069
1056
1044
1034
1026
1021
1015
1005
999
988
977
966
952
936
915
891
865
839
810
782
753
724
696
669
646
627
610
594
579
564
548
531
516
498
479
460
440
419
400
379
361
342
322
299
276
250
223
198
171
147
121
95
68
39
10
-18
-50
-79
-108
-138
-164
-192
-216
-239
-264
-286
-314
-341
-373
-407
-441
-477
-509
-541
-566
-589
-606
-616
-624
-625
-623
-622
-619
-618
-618
-620
-620
-623
-627
-632
-641
-650
-665
-679
-693
-708
-719
-726
-731
-732
-731
-725
-717
-707
-693
-681
-668
-659
-648
-638
-631
-621
-617
-612
-614
-621
-628
-638
-651
-663
-676
-683
-691
-691
-686
-680
-670
-656
-639
-618
-597
-572
-550
-525
-501
-477
-452
-433
-415
-402
-393
-388
-386
-388
-392
-394
-400
-400
-396
-392
-383
-374
-361
-343
-326
-303
-278
-252
-226
-201
-176
-154
-133
-118
-105
-94
-84
-73
-62
-52
-41
-30
-21
-10
0
10
17
22
25
27
27
28
32
35
42
55
69
89
109
130
152
171
195
215
237
258
274
290
301
307
309
306
301
292
284
279
273
271
268
265
262
262
260
259
263
266
274
287
302
323
343
364
385
404
421
438
452
463
473
481
487
491
492
493
489
485
481
478
476
478
484
495
508
522
540
555
571
582
589
592
590
583
574
561
549
534
521
508
497
485
473
463
451
442
432
423
415
408
402
395
389
379
368
356
346
339
334
334
338
344
354
365
376
387
389
390
385
377
366
352
339
322
303
286
260
237
207
174
137
100
65
28
-1
-27
-51
-70
-86
-101
-112
-125
-138
-146
-150
-148
-138
-125
-108
-92
-75
-62
-56
-50
-57
-65
-76
-90
-101
-113
-125
-140
-157
-175
-198
-226
-258
-290
-324
-353
-378
-397
-411
-422
-430
-434
-437
-439
-442
-445
-452
-456
-459
-456
-450
-439
-426
-417
-407
-406
-406
-409
-419
-425
-436
-442
-442
-442
-439
-433
-433
-433
-439
-445
-452
-461
-464
-467
-464
-460
-453
-447
-443
-436
-430
-424
-416
-408
-398
-392
-378
-366
-348
-329
-314
-299
-290
-282
-277
-275
-271
-270
-268
-263
-257
-247
-239
-229
-224
-220
-220
-219
-218
-215
-213
-206
-199
-195
-187
-180
-174
-165
-159
-153
-145
-139
-130
-119
-105
-89
-70
-47
-25
-1
20
40
59
74
91
103
115
129
141
155
166
178
181
182
178
172
169
161
157
155
151
152
150
152
154
155
157
160
166
174
188
201
219
239
257
280
301
322
343
363
381
400
416
433
451
464
478
487
491
489
481
467
446
418
386
351
311
273
231
188
142
95
46
-5
-54
-102
-147
-190
-226
-259
-287
-310
-329
-343
-353
-359
-362
-359
-355
-347
-335
-319
-302
-281
-258
-236
-213
-190
-171
-149
-130
-111
-92
-72
-53
-34
-20
-3
8
16
22
23
21
15
12
3
-6
-15
-29
-41
-57
-71
-87
-102
-116
-131
-140
-150
-157
-159
-160
-158
-150
-142
-129
-114
-99
-81
-62
-41
-15
9
39
67
97
127
152
181
205
229
249
268
288
302
317
333
343
352
358
363
366
368
367
365
361
356
352
346
343
339
334
330
327
325
325
325
327
330
333
338
343
347
349
349
349
344
339
331
324
314
304
296
286
277
265
254
243
230
217
206
192
179
165
149
132
117
97
79
58
37
16
-3
-23
-41
-59
-75
-88
-104
-117
-129
-142
-153
-165
-174
-184
-193
-202
-211
-219
-228
-233
-239
-246
-252
-259
-266
-272
-279
-290
-296
-307
-318
-326
-339
-350
-365
-380
-395
-411
-425
-440
-456
-474
-490
-507
-523
-537
-552
-566
-581
-592
-605
-614
-625
-630
-635
-638
-639
-636
-631
-627
-621
-613
-604
-594
-581
-568
-558
-546
-535
-524
-511
-501
-489
-477
-469
-458
-449
-436
-424
-416
-404
-395
-383
-374
-363
-354
-346
-338
-330
-319
-311
-302
-294
-288
-279
-271
-263
-253
-248
-242
-234
-227
-214
-206
-195
-184
-176
-162
-149
-133
-115
-99
-81
-63
-43
-23
-1
21
41
63
84
105
127
149
167
186
203
219
234
248
263
273
286
296
306
316
324
331
337
344
350
358
365
372
379
388
397
408
417
428
438
448
461
473
486
499
513
526
541
552
564
576
585
596
606
616
625
633
638
645
648
653
656
658
660
662
662
664
664
664
662
661
657
656
653
650
649
645
644
641
637
635
632
630
626
623
620
616
611
607
601
596
590
582
574
565
556
548
541
532
524
514
505
496
488
479
469
458
444
432
420
406
393
377
360
343
327
310
292
274
255
238
218
200
183
162
145
126
109
95
77
65
50
37
24
11
-2
-17
-32
-45
-62
-74
-89
-103
-116
-132
-144
-160
-174
-189
-205
-220
-239
-253
-271
-288
-304
-324
-341
-361
-380
-399
-418
-436
-454
-472
-489
-504
-519
-536
-546
-561
-573
-584
-596
-607
-618
-627
-635
-641
-648
-652
-658
-661
-665
-667
-670
-673
-676
-678
-681
-683
-683
-685
-687
-690
-693
-695
-699
-702
-705
-709
-712
-714
-716
-717
-719
-718
-721
-720
-718
-718
-716
-712
-710
-704
-701
-696
-689
-682
-675
-664
-654
-644
-635
-623
-609
-597
-580
-565
-549
-532
-516
-496
-480
-458
-439
-419
-399
-378
-358
-339
-317
-298
-279
-260
-240
-220
-200
-183
-161
-144
-126
-105
-87
-68
-49
-31
-10
9
30
50
69
89
108
126
145
163
180
197
217
235
255
274
293
312
330
351
370
390
407
425
443
457
477
492
509
523
536
552
564
580
592
605
615
624
636
645
657
666
673
681
687
697
702
709
713
716
718
723
727
730
734
733
735
736
737
738
736
735
734
732
731
731
729
725
721
718
715
712
708
703
696
690
682
677
670
662
655
647
639
631
624
615
608
597
590
581
570
562
552
541
530
517
504
490
477
465
451
435
420
403
386
370
352
336
317
297
280
260
241
222
202
185
165
146
130
113
95
78
60
43
26
9
-6
-22
-39
-53
-67
-81
-92
-106
-118
-130
-142
-154
-164
-174
-185
-195
-206
-217
-228
-239
-247
-259
-268
-278
-287
-296
-304
-311
-320
-326
-335
-342
-352
-360
-366
-375
-383
-391
-401
-408
-417
-424
-431
-440
-447
-456
-462
-469
-474
-478
-483
-486
-491
-493
-497
-501
-504
-509
-512
-516
-520
-522
-528
-531
-535
-537
-537
-541
-542
-544
-547
-548
-548
-548
-547
-548
-549
-547
-549
-544
-543
-541
-541
-540
-537
-537
-533
-532
-530
-528
-527
-525
-522
-520
-515
-512
-507
-500
-495
-490
-482
-477
-470
-462
-453
-444
-435
-426
-415
-404
-395
-384
-374
-364
-355
-343
-331
-321
-308
-298
-287
-275
-264
-252
-241
-229
-220
-208
-195
-183
-167
-155
-140
-128
-114
-102
-89
-78
-67
-53
-40
-25
-11
4
18
32
46
60
74
88
99
112
122
134
147
159
173
184
195
207
217
227
237
246
255
263
272
280
289
299
307
315
323
329
338
344
353
362
371
381
388
394
406
410
418
427
429
437
442
446
454
455
461
461
461
463
459
460
458
457
453
451
447
442
441
433
430
426
419
416
408
405
400
394
392
385
382
377
371
368
362
358
354
347
343
336
329
323
314
307
298
289
282
273
266
259
253
245
237
230
221
213
205
195
186
177
170
160
153
145
136
129
119
108
100
89
80
70
61
50
40
32
23
15
9
1
-6
-13
-16
-21
-24
-29
-33
-37
-40
-41
-43
-47
-48
-50
-53
-54
-56
-58
-60
-60
-60
-59
-57
-59
-60
-61
-62
-60
-61
-58
-54
-54
-48
-44
-37
-34
-28
-23
-19
-14
-12
-7
-6
-5
-2
0
3
6
13
16
21
30
32
40
48
56
66
70
75
79
78
78
78
76
73
67
64
60
59
59
59
59
59
56
54
52
49
45
40
36
32
27
27
23
21
18
12
11
7
6
5
1
0
-1
-4
-5
-6
-8
-10
-13
-16
-16
-16
-18
-17
-18
-18
-21
-24
-28
-36
-44
-55
-65
-75
-85
-93
-101
-108
-118
-127
-138
-150
-164
-179
-191
-207
-221
-232
-245
-254
-265
-275
-281
-287
-292
-295
-296
-298
-298
-297
-296
-294
-290
-290
-287
-284
-285
-283
-285
-284
-285
-287
-286
-288
-291
-294
-302
-308
-317
-326
-333
-342
-348
-352
-355
-355
-354
-352
-350
-347
-345
-342
-338
-335
-331
-328
-323
-317
-312
-307
-302
-297
-292
-285
-280
-273
-264
-257
-248
-236
-226
-213
-202
-193
-185
-176
-166
-157
-146
-139
-130
-124
-116
-107
-101
-95
-90
-86
-81
-74
-69
-60
-53
-47
-36
-28
-18
-8
1
11
16
26
34
43
53
64
73
86
97
109
122
133
148
159
171
182
192
201
209
217
223
228
230
229
230
229
228
228
228
228
230
234
236
241
242
243
241
239
237
233
231
227
225
224
224
224
225
226
224
224
225
224
225
223
222
220
215
211
206
201
197
190
185
183
179
178
180
181
180
182
181
178
177
170
163
155
145
137
129
123
117
108
103
95
89
82
74
68
60
55
46
43
36
30
27
17
14
8
5
0
0
1
2
5
9
15
18
22
25
23
25
22
23
25
25
31
33
39
45
48
53
55
54
49
43
36
31
22
16
8
1
-4
-9
-14
-19
-25
-32
-38
-41
-42
-43
-44
-44
-48
-48
-52
-55
-58
-62
-62
-62
-56
-49
-37
-25
-13
1
15
25
35
44
51
57
64
74
82
91
99
107
112
115
116
112
107
96
86
76
65
56
47
41
31
25
18
8
4
-4
-9
-10
-11
-9
-6
-1
4
9
14
18
20
23
25
28
33
37
44
52
56
63
64
64
63
53
46
37
24
17
8
0
-7
-12
-17
-20
-26
-34
-43
-55
-66
-78
-90
-99
-111
-120
-130
-138
-146
-156
-165
-174
-183
-191
-195
-199
-199
-201
-202
-203
-207
-208
-213
-219
-224
-232
-237
-242
-245
-246
-249
-249
-251
-255
-259
-267
-274
-284
-292
-302
-311
-315
-323
-325
-329
-333
-335
-343
-348
-355
-363
-367
-374
-378
-380
-382
-381
-380
-378
-377
-375
-374
-374
-373
-369
-366
-360
-355
-346
-338
-328
-320
-310
-304
-298
-291
-285
-275
-267
-255
-244
-234
-225
-215
-211
-205
-204
-204
-204
-206
-205
-205
-204
-201
-198
-192
-185
-180
-172
-167
-161
-154
-146
-135
-123
-115
-103
-95
-87
-77
-72
-67
-64
-62
-57
-51
-46
-37
-30
-19
-11
0
9
14
21
26
31
34
37
38
38
37
38
35
35
30
26
19
16
12
11
10
6
6
5
6
6
4
5
3
2
4
9
17
26
38
48
60
74
83
94
101
108
113
118
126
134
143
152
160
171
181
191
197
204
208
210
213
217
220
220
221
218
218
217
218
217
220
220
222
227
234
241
246
253
254
258
259
262
262
261
262
264
267
276
281
293
301
310
320
323
331
331
332
332
332
334
335
336
340
341
343
349
352
360
365
371
376
380
388
389
393
393
388
383
375
367
361
354
349
341
340
336
334
334
330
326
319
311
304
295
289
283
279
277
275
277
279
281
284
286
288
287
288
288
287
285
282
281
275
272
266
258
253
244
238
231
224
215
205
197
184
175
161
148
134
122
112
103
98
92
91
86
84
81
75
71
63
57
50
45
38
32
27
22
19
14
11
6
0
-4
-9
-13
-16
-23
-26
-34
-39
-45
-54
-62
-75
-85
-95
-109
-120
-132
-146
-156
-172
-184
-198
-216
-232
-250
-265
-279
-291
-303
-311
-318
-324
-328
-329
-330
-331
-332
-332
-330
-329
-328
-324
-324
-324
-325
-327
-330
-334
-338
-343
-345
-350
-351
-351
-353
-352
-354
-356
-357
-362
-365
-367
-372
-373
-375
-373
-371
-369
-366
-364
-361
-358
-357
-352
-351
-345
-342
-335
-327
-319
-312
-308
-300
-298
-295
-289
-289
-285
-283
-282
-275
-270
-266
-259
-252
-246
-238
-227
-217
-207
-196
-185
-172
-162
-150
-141
-133
-126
-122
-115
-110
-104
-99
-92
-82
-74
-65
-54
-45
-37
-29
-19
-10
0
9
20
29
43
56
68
81
92
101
113
123
135
148
159
172
184
197
210
223
233
244
252
261
274
285
298
311
322
334
344
357
365
374
381
383
388
390
395
398
400
405
408
411
419
425
429
436
440
449
457
465
476
481
489
493
500
504
508
513
516
521
527
536
543
552
558
565
575
580
589
594
600
606
613
620
624
628
631
632
634
632
629
625
620
614
609
604
598
593
587
582
575
570
565
559
557
551
548
544
538
535
529
524
520
514
511
508
509
508
510
511
514
518
518
520
518
515
509
503
496
484
473
460
446
430
417
399
382
363
346
329
312
299
282
269
253
240
229
214
201
185
169
154
140
128
115
100
90
78
70
61
53
46
34
26
17
9
1
-11
-17
-29
-41
-49
-63
-75
-89
-107
-122
-144
-163
-183
-204
-225
-247
-269
-293
-313
-335
-356
-374
-396
-415
-433
-450
-463
-478
-490
-504
-518
-530
-544
-554
-567
-577
-586
-595
-602
-607
-612
-615
-620
-626
-633
-642
-652
-662
-670
-682
-691
-703
-713
-722
-733
-740
-751
-763
-774
-785
-795
-806
-816
-827
-836
-844
-851
-856
-863
-865
-870
-873
-871
-872
-870
-869
-868
-864
-865
-862
-861
-864
-863
-863
-863
-861
-856
-850
-845
-837
-832
-821
-814
-810
-803
-799
-796
-790
-787
-782
-778
-777
-775
-774
-772
-771
-770
-770
-771
-764
-760
-749
-737
-726
-715
-700
-685
-670
-651
-638
-622
-608
-593
-574
-555
-537
-519
-505
-490
-476
-463
-450
-439
-427
-417
-405
-392
-378
-364
-351
-340
-328
-317
-307
-296
-286
-276
-265
-250
-235
-215
-196
-180
-158
-140
-118
-96
-74
-54
-33
-13
6
29
47
66
81
95
108
121
136
149
163
179
192
212
227
244
262
272
285
294
305
315
324
337
345
357
369
381
398
410
426
437
451
462
476
490
500
514
522
531
541
549
559
566
574
584
592
605
618
631
644
655
665
674
681
689
693
696
699
702
704
709
713
715
721
721
725
727
728
730
729
730
730
732
734
734
736
736
733
732
731
732
729
731
734
734
738
739
739
736
731
723
715
706
697
690
683
679
675
672
669
665
660
652
644
630
617
603
586
573
560
547
536
524
513
501
489
479
466
454
443
429
420
407
395
382
367
349
331
310
291
273
252
238
224
213
202
192
184
171
160
144
130
112
94
80
64
52
42
32
21
12
-2
-18
-33
-53
-74
-95
-116
-137
-156
-175
-189
-206
-223
-237
-254
-268
-285
-297
-312
-322
-333
-342
-347
-353
-362
-368
-376
-386
-393
-402
-405
-411
-415
-417
-419
-419
-422
-425
-431
-442
-452
-466
-478
-491
-504
-511
-521
-524
-526
-529
-529
-536
-538
-546
-554
-560
-571
-579
-585
-593
-594
-597
-598
-603
-607
-609
-613
-612
-614
-612
-613
-611
-605
-599
-592
-587
-584
-580
-581
-578
-574
-573
-570
-567
-565
-558
-552
-546
-543
-541
-543
-546
-547
-549
-549
-551
-551
-551
-546
-542
-539
-535
-534
-535
-535
-536
-535
-534
-533
-529
-523
-515
-508
-501
-495
-492
-486
-483
-478
-473
-466
-461
-451
-442
-431
-422
-413
-404
-397
-391
-382
-374
-367
-356
-344
-332
-317
-305
-294
-284
-280
-274
-272
-271
-270
-271
-267
-263
-258
-251
-244
-236
-229
-222
-211
-205
-194
-186
-175
-161
-148
-135
-121
-109
-100
-89
-79
-69
-60
-50
-39
-24
-8
11
31
50
70
89
109
127
144
160
175
188
205
221
234
250
259
271
280
286
296
301
308
315
325
336
345
356
364
371
378
382
388
395
401
411
421
436
451
470
485
503
515
526
537
544
551
558
564
572
579
591
602
612
623
629
635
640
642
645
643
643
639
635
630
626
621
611
605
597
593
588
585
586
584
586
588
587
589
583
579
572
562
558
551
549
546
545
547
548
550
552
550
548
542
535
529
520
512
505
497
486
480
473
466
462
455
451
445
441
439
437
433
428
420
412
399
391
376
360
347
330
320
310
305
301
295
291
283
281
271
265
258
246
241
232
231
229
229
230
228
233
230
235
237
237
239
237
239
239
239
238
234
227
220
211
202
193
185
175
169
157
149
142
131
123
111
100
88
79
72
67
64
63
59
58
58
56
54
49
44
36
29
24
18
16
9
5
0
-6
-9
-13
-16
-21
-26
-27
-30
-32
-32
-36
-40
-49
-55
-62
-72
-79
-92
-101
-112
-120
-129
-140
-150
-164
-177
-189
-205
-219
-233
-251
-263
-275
-283
-289
-296
-302
-308
-309
-312
-312
-314
-316
-315
-320
-319
-322
-326
-331
-339
-345
-353
-359
-366
-374
-378
-385
-391
-394
-400
-405
-414
-421
-431
-441
-448
-457
-465
-470
-475
-479
-481
-484
-486
-489
-492
-495
-498
-498
-500
-500
-498
-496
-493
-490
-487
-484
-483
-480
-479
-477
-476
-478
-473
-476
-471
-468
-466
-459
-457
-449
-442
-434
-426
-416
-406
-399
-386
-380
-372
-365
-361
-357
-355
-350
-348
-343
-337
-329
-322
-314
-304
-297
-288
-279
-270
-261
-252
-241
-230
-218
-205
-194
-181
-169
-155
-144
-129
-118
-106
-93
-80
-66
-51
-39
-27
-15
-4
8
17
26
36
48
57
73
83
98
109
121
131
139
146
149
154
155
159
162
165
167
171
174
178
184
188
194
199
203
208
216
220
223
227
226
228
227
228
229
228
229
231
234
239
248
255
259
267
272
277
286
291
297
303
307
315
320
327
331
334
335
333
332
327
322
315
309
303
295
291
285
281
274
270
264
258
254
248
245
239
234
231
226
225
225
223
225
226
231
237
244
255
264
271
280
288
293
295
299
297
292
290
282
278
271
263
257
248
238
232
223
214
210
201
196
191
184
182
176
172
167
165
159
157
155
152
152
151
151
153
157
159
162
164
167
172
175
182
184
188
193
196
201
205
206
205
202
197
194
186
180
171
163
155
147
139
129
121
110
102
94
85
79
70
67
61
58
56
50
48
43
39
36
34
34
32
33
33
37
40
40
41
35
33
24
17
10
1
-9
-18
-27
-37
-45
-53
-66
-77
-91
-105
-119
-133
-145
-161
-174
-184
-197
-208
-217
-227
-239
-247
-258
-264
-271
-278
-283
-290
-298
-305
-316
-325
-335
-347
-357
-367
-374
-380
-385
-386
-390
-393
-399
-400
-408
-411
-419
-427
-435
-446
-452
-461
-471
-480
-495
-507
-520
-532
-540
-550
-554
-559
-562
-560
-557
-553
-549
-546
-542
-536
-532
-525
-517
-510
-502
-495
-486
-478
-470
-461
-457
-451
-445
-440
-432
-428
-419
-412
-408
-398
-392
-385
-376
-373
-363
-357
-347
-335
-324
-310
-296
-281
-262
-244
-225
-203
-182
-159
-135
-111
-87
-64
-42
-21
0
17
35
49
66
83
101
121
140
163
184
207
230
250
271
289
306
324
339
358
373
391
410
428
450
469
490
513
532
555
575
597
616
634
653
668
684
698
713
727
741
756
772
789
808
827
843
862
876
891
904
916
925
932
937
941
947
951
957
961
964
968
970
972
974
974
974
972
970
969
968
967
961
961
954
951
948
943
941
937
933
930
929
926
921
917
908
900
887
877
863
850
835
821
809
799
789
779
766
752
735
717
699
676
653
629
605
582
561
539
519
497
475
457
435
416
397
375
356
334
317
296
272
251
225
200
175
151
125
104
83
65
51
36
21
8
-6
-20
-39
-55
-76
-94
-112
-128
-141
-154
-166
-179
-191
-205
-220
-239
-262
-286
-309
-334
-354
-376
-394
-412
-430
-445
-461
-477
-494
-512
-527
-544
-556
-568
-578
-583
-593
-598
-606
-613
-621
-630
-636
-644
-649
-654
-657
-656
-659
-661
-664
-673
-683
-695
-710
-726
-740
-756
-767
-775
-782
-785
-791
-796
-803
-810
-822
-835
-849
-864
-878
-891
-902
-910
-918
-925
-931
-939
-946
-951
-959
-962
-966
-968
-967
-967
-965
-962
-959
-958
-960
-963
-965
-966
-970
-968
-968
-966
-964
-960
-957
-955
-956
-958
-964
-969
-976
-978
-981
-982
-979
-978
-972
-969
-965
-963
-963
-963
-966
-967
-965
-962
-957
-951
-943
-933
-926
-917
-911
-904
-899
-896
-887
-879
-868
-858
-846
-832
-819
-803
-791
-778
-769
-759
-749
-735
-721
-705
-687
-670
-653
-636
-623
-612
-604
-599
-595
-589
-586
-579
-572
-565
-551
-539
-525
-511
-499
-486
-472
-456
-440
-420
-403
-383
-361
-341
-320
-299
-281
-265
-251
-234
-218
-198
-175
-152
-126
-100
-73
-44
-18
6
31
48
70
90
111
133
149
170
186
202
217
229
240
249
256
266
276
287
299
312
323
336
345
354
364
371
378
386
398
410
426
446
463
484
503
520
537
549
562
570
579
589
597
608
620
631
644
654
666
674
681
686
689
689
689
688
683
681
675
668
662
655
647
643
637
635
632
634
634
636
638
637
636
632
629
623
617
615
609
609
609
610
615
615
619
621
616
616
609
603
592
583
573
562
553
542
532
524
515
510
503
498
494
488
486
481
474
466
454
443
427
414
396
378
364
349
338
331
321
314
306
299
291
283
273
262
250
241
232
227
221
220
218
217
219
222
224
225
228
227
231
232
231
232
229
226
222
218
212
206
201
194
190
185
181
177
170
164
158
150
145
139
133
131
129
131
137
141
146
149
150
153
152
152
149
144
143
138
139
142
141
143
143
142
144
145
147
149
148
151
154
158
163
162
164
160
155
154
148
144
137
129
123
117
110
104
91
83
69
54
42
27
15
3
-7
-14
-19
-22
-24
-25
-27
-26
-29
-28
-28
-27
-28
-26
-27
-30
-32
-37
-41
-51
-58
-66
-75
-82
-89
-96
-102
-110
-119
-129
-142
-154
-169
-182
-197
-206
-219
-226
-235
-241
-248
-256
-261
-271
-278
-287
-296
-300
-308
-308
-315
-316
-317
-322
-323
-327
-334
-340
-349
-353
-363
-366
-372
-375
-379
-382
-381
-384
-386
-382
-385
-384
-380
-380
-376
-375
-373
-375
-377
-380
-384
-389
-393
-401
-404
-409
-409
-409
-412
-410
-412
-411
-411
-408
-407
-405
-403
-401
-395
-391
-384
-377
-374
-367
-363
-357
-351
-341
-335
-329
-320
-313
-303
-294
-286
-278
-273
-265
-256
-249
-237
-229
-217
-206
-194
-182
-171
-159
-152
-144
-137
-132
-127
-122
-117
-114
-108
-101
-95
-84
-75
-64
-52
-41
-28
-14
-2
9
19
27
37
43
51
56
62
70
81
91
105
121
135
153
171
189
206
224
240
257
273
289
305
320
334
350
363
373
382
390
396
401
403
406
406
407
407
408
408
409
407
410
408
409
411
410
412
413
414
417
417
419
422
426
431
438
446
455
469
479
495
506
518
530
537
542
543
542
541
535
530
523
516
506
501
492
483
474
463
455
446
436
429
422
415
410
406
400
394
389
382
377
371
367
362
360
361
364
365
370
373
374
378
378
381
381
381
383
382
386
386
388
387
386
382
375
371
360
353
340
331
319
305
296
283
273
258
248
236
224
215
206
200
194
187
183
178
173
169
163
159
153
150
149
147
151
150
152
151
151
149
145
139
131
122
115
104
96
89
80
73
61
55
43
32
19
6
-7
-22
-36
-48
-58
-72
-79
-90
-99
-107
-113
-119
-123
-127
-132
-137
-141
-145
-152
-158
-166
-177
-184
-195
-200
-205
-211
-213
-215
-215
-215
-215
-218
-219
-225
-230
-238
-246
-256
-263
-276
-288
-299
-314
-325
-339
-351
-363
-375
-383
-390
-396
-396
-399
-398
-398
-396
-396
-396
-394
-396
-394
-394
-393
-392
-390
-388
-387
-387
-387
-390
-392
-395
-399
-402
-407
-414
-416
-424
-426
-431
-436
-443
-449
-454
-459
-460
-462
-461
-458
-456
-450
-443
-434
-426
-417
-406
-397
-383
-371
-358
-346
-336
-326
-318
-309
-303
-296
-289
-283
-273
-264
-250
-238
-226
-212
-202
-189
-178
-169
-158
-151
-142
-134
-122
-109
-96
-82
-64
-51
-31
-14
4
23
38
57
71
91
106
122
140
150
166
181
196
215
232
252
273
296
321
344
365
384
399
414
426
437
447
459
465
478
489
500
513
525
534
545
552
559
568
572
580
588
595
602
609
617
623
627
633
640
643
653
659
668
678
686
696
700
704
708
702
704
700
697
697
696
700
702
702
705
706
702
697
690
679
668
656
645
634
624
616
607
599
591
584
574
565
557
543
537
528
519
510
500
488
473
461
444
429
413
398
387
379
373
370
365
360
357
350
341
331
319
304
295
284
278
270
265
259
251
242
232
216
198
177
153
131
111
90
70
52
35
17
0
-17
-36
-53
-72
-87
-102
-113
-122
-132
-140
-149
-158
-165
-176
-187
-194
-203
-209
-209
-211
-210
-211
-213
-215
-222
-234
-246
-261
-279
-295
-306
-319
-325
-331
-336
-336
-342
-346
-354
-365
-376
-390
-402
-413
-424
-433
-441
-445
-449
-455
-457
-464
-467
-470
-471
-470
-469
-463
-458
-449
-444
-437
-430
-430
-427
-426
-422
-420
-417
-412
-407
-402
-394
-392
-387
-387
-393
-395
-399
-404
-407
-409
-411
-409
-407
-404
-400
-400
-402
-404
-409
-413
-413
-416
-415
-413
-408
-402
-396
-388
-384
-380
-377
-375
-372
-368
-365
-359
-352
-343
-334
-325
-317
-310
-304
-300
-293
-290
-285
-278
-271
-263
-254
-247
-240
-238
-237
-240
-244
-250
-256
-263
-270
-274
-277
-279
-279
-279
-277
-279
-277
-277
-274
-270
-269
-264
-260
-254
-248
-242
-237
-237
-237
-235
-236
-232
-229
-224
-214
-207
-192
-179
-165
-153
-142
-133
-127
-116
-112
-105
-100
-98
-92
-90
-88
-86
-92
-94
-102
-107
-110
-118
-118
-122
-124
-125
-127
-129
-132
-137
-141
-145
-146
-147
-140
-136
-123
-111
-99
-85
-74
-66
-58
-54
-50
-46
-43
-40
-36
-29
-24
-14
-10
-5
-3
-2
-2
-5
-9
-15
-22
-29
-39
-48
-60
-71
-83
-98
-107
-116
-122
-126
-126
-128
-126
-125
-125
-127
-131
-137
-143
-148
-152
-154
-153
-150
-147
-140
-135
-129
-124
-125
-126
-130
-138
-143
-150
-156
-162
-171
-175
-183
-187
-191
-196
-199
-205
-208
-208
-210
-209
-213
-217
-227
-236
-249
-263
-277
-294
-307
-320
-332
-336
-342
-347
-351
-355
-360
-368
-375
-383
-392
-399
-403
-406
-407
-407
-405
-403
-396
-392
-389
-381
-382
-377
-374
-373
-371
-372
-372
-375
-379
-384
-389
-393
-399
-406
-411
-419
-423
-431
-437
-442
-450
-456
-463
-467
-469
-470
-469
-465
-461
-452
-448
-438
-431
-428
-421
-419
-412
-409
-404
-397
-390
-385
-376
-365
-357
-345
-336
-327
-312
-306
-289
-277
-264
-249
-239
-224
-215
-204
-196
-189
-184
-178
-171
-167
-161
-154
-147
-144
-137
-135
-130
-129
-126
-124
-122
-117
-112
-103
-93
-80
-67
-53
-36
-18
-1
17
34
53
71
88
107
120
132
142
150
161
167
173
179
183
187
193
199
205
209
211
212
210
211
209
206
206
201
200
201
200
204
204
204
203
201
202
201
201
205
205
208
211
215
218
219
219
218
213
208
202
197
192
187
183
179
177
177
176
176
175
174
172
171
170
168
164
160
154
147
137
126
117
104
93
84
73
64
56
49
43
34
29
20
14
8
2
0
-8
-11
-15
-18
-21
-22
-26
-31
-36
-37
-42
-45
-48
-49
-51
-55
-54
-56
-59
-64
-68
-71
-75
-76
-77
-74
-74
-71
-65
-64
-62
-61
-63
-66
-71
-74
-80
-85
-89
-92
-93
-93
-92
-92
-89
-86
-81
-76
-72
-67
-63
-58
-54
-50
-50
-49
-52
-50
-48
-46
-42
-36
-29
-17
-8
5
18
27
41
50
62
75
82
96
104
116
127
137
145
149
153
153
155
152
152
149
146
149
146
150
152
151
153
152
150
153
153
151
154
152
156
161
166
171
177
185
194
208
224
240
258
274
292
311
327
343
354
364
370
377
381
386
387
388
385
385
383
384
383
381
381
380
383
386
394
398
404
408
412
418
421
426
430
432
435
441
451
460
474
486
498
514
527
545
561
575
589
602
619
634
649
664
676
689
700
710
720
728
733
735
740
742
744
748
746
748
748
750
753
755
759
765
773
779
790
800
809
819
829
838
850
859
870
884
896
914
929
944
962
974
987
1001
1009
1017
1023
1026
1028
1034
1036
1037
1040
1039
1041
1041
1040
1040
1035
1034
1027
1026
1021
1020
1015
1012
1009
1006
1005
1002
1003
1001
1001
1002
1003
1003
1003
999
996
990
982
974
966
958
951
943
938
933
929
924
918
913
900
890
881
866
853
834
816
796
774
754
727
702
671
643
614
588
564
540
518
498
479
466
449
435
418
400
384
365
351
333
317
301
281
264
245
225
202
177
151
124
97
70
46
20
-8
-32
-61
-88
-114
-147
-177
-210
-241
-269
-296
-319
-342
-364
-381
-398
-414
-429
-444
-460
-474
-488
-502
-511
-528
-538
-554
-570
-585
-605
-622
-643
-662
-678
-696
-706
-718
-729
-736
-747
-754
-766
-777
-788
-804
-815
-829
-838
-846
-851
-854
-856
-856
-855
-853
-848
-846
-843
-840
-836
-832
-827
-820
-813
-810
-802
-797
-787
-779
-768
-754
-739
-722
-703
-685
-664
-646
-628
-613
-600
-586
-575
-562
-549
-536
-519
-503
-486
-465
-450
-433
-416
-399
-384
-366
-349
-332
-314
-295
-274
-256
-232
-216
-195
-176
-157
-133
-112
-87
-63
-39
-14
7
28
47
60
74
88
101
114
129
146
163
182
200
217
230
239
247
252
253
255
255
255
255
257
259
261
264
266
264
266
264
264
264
264
264
261
259
253
248
240
228
221
205
195
186
179
175
172
169
168
164
161
156
150
139
130
122
110
105
100
96
91
87
82
72
62
46
31
10
-11
-31
-52
-69
-86
-101
-114
-130
-142
-156
-168
-181
-191
-203
-214
-219
-224
-228
-227
-230
-231
-231
-233
-231
-232
-231
-229
-226
-220
-216
-208
-204
-200
-199
-204
-208
-218
-228
-240
-249
-255
-263
-264
-266
-265
-265
-269
-271
-276
-287
-293
-306
-315
-324
-332
-339
-343
-349
-353
-355
-361
-363
-364
-368
-369
-367
-365
-360
-354
-351
-344
-343
-343
-344
-345
-348
-348
-349
-346
-345
-342
-340
-338
-341
-344
-353
-366
-376
-393
-402
-412
-423
-429
-437
-443
-449
-454
-465
-476
-490
-504
-519
-532
-541
-550
-559
-566
-572
-577
-586
-596
-607
-622
-635
-647
-656
-666
-674
-677
-685
-687
-689
-695
-705
-714
-725
-737
-743
-751
-757
-763
-769
-775
-780
-789
-800
-816
-837
-858
-878
-897
-915
-929
-945
-958
-968
-978
-986
-995
-1006
-1016
-1025
-1030
-1036
-1036
-1037
-1035
-1035
-1032
-1030
-1032
-1033
-1037
-1039
-1039
-1037
-1030
-1022
-1007
-993
-977
-959
-942
-929
-916
-903
-894
-882
-872
-861
-848
-839
-825
-816
-807
-799
-794
-790
-786
-779
-772
-764
-756
-745
-734
-723
-714
-704
-697
-691
-682
-670
-656
-639
-615
-592
-562
-535
-504
-478
-456
-435
-419
-400
-384
-367
-348
-330
-305
-284
-258
-234
-214
-192
-178
-158
-147
-132
-122
-113
-104
-98
-90
-87
-81
-78
-75
-67
-61
-51
-39
-24
-6
10
29
43
60
68
79
89
98
108
119
135
150
173
196
217
241
260
275
290
299
309
315
318
324
329
334
341
349
359
366
377
387
397
409
417
429
436
441
449
449
450
446
441
435
427
422
416
415
412
412
415
416
418
418
416
410
403
399
392
388
382
382
381
383
388
395
401
405
411
413
415
417
415
416
410
404
399
390
384
375
363
354
340
330
320
310
302
289
279
268
257
249
240
231
224
219
217
217
219
223
225
229
229
233
233
232
231
228
230
230
232
235
236
242
243
252
257
266
272
281
290
297
309
318
325
331
334
337
338
338
340
338
340
340
340
343
341
340
337
332
325
319
315
310
309
307
310
316
323
335
346
359
375
389
406
421
437
450
466
478
489
502
508
517
519
523
531
529
535
539
542
549
551
556
558
557
556
551
551
544
543
541
539
541
543
543
543
547
544
543
545
540
541
539
538
541
541
544
542
541
540
535
529
522
514
504
496
489
482
478
470
469
463
459
456
452
449
444
441
438
431
427
417
409
399
383
371
353
339
326
311
301
291
283
273
269
260
253
248
237
232
226
221
218
215
211
212
212
211
215
212
212
214
212
216
221
223
227
229
232
235
239
241
244
249
251
260
270
279
291
301
309
320
327
335
336
341
341
341
347
347
357
359
366
375
382
394
404
415
422
434
445
455
468
474
482
487
490
495
502
505
511
515
523
533
546
557
567
580
587
599
609
618
628
633
641
648
655
660
662
664
660
655
647
639
628
614
601
587
574
559
546
532
517
503
486
470
455
439
423
407
390
378
362
348
337
324
314
304
298
292
292
290
286
287
284
279
274
264
255
238
226
206
188
168
145
127
101
79
56
29
8
-18
-40
-62
-80
-99
-116
-133
-152
-166
-186
-202
-219
-242
-258
-274
-288
-298
-305
-313
-317
-322
-322
-323
-325
-323
-327
-326
-328
-329
-329
-330
-332
-335
-341
-344
-351
-359
-368
-380
-389
-403
-411
-421
-431
-442
-453
-463
-475
-481
-490
-495
-502
-503
-502
-501
-494
-490
-487
-480
-475
-468
-461
-452
-440
-431
-414
-401
-384
-362
-348
-330
-317
-306
-294
-287
-277
-272
-265
-260
-255
-247
-242
-235
-231
-229
-224
-223
-222
-217
-215
-210
-208
-204
-199
-196
-189
-183
-177
-168
-162
-152
-141
-131
-119
-109
-98
-93
-87
-81
-78
-74
-68
-65
-58
-52
-41
-31
-20
-10
-2
5
13
16
18
21
22
20
18
14
10
5
-6
-14
-22
-33
-39
-48
-48
-50
-51
-45
-40
-32
-25
-17
-8
0
9
18
27
37
45
55
63
71
76
80
83
83
80
80
78
76
75
73
73
71
69
66
63
58
51
46
41
36
34
33
34
33
38
42
49
54
61
70
74
83
91
96
100
101
100
99
92
87
78
69
64
55
50
48
43
37
32
27
15
6
-4
-21
-33
-48
-61
-74
-87
-94
-104
-113
-121
-130
-135
-145
-153
-158
-170
-177
-190
-199
-209
-225
-234
-252
-265
-275
-283
-291
-295
-298
-301
-305
-307
-311
-320
-329
-343
-356
-369
-384
-396
-408
-419
-430
-438
-447
-455
-466
-479
-487
-500
-511
-522
-533
-539
-550
-557
-561
-569
-576
-582
-590
-593
-595
-598
-596
-596
-595
-593
-592
-592
-596
-601
-607
-613
-618
-620
-622
-620
-619
-615
-609
-605
-605
-604
-607
-614
-620
-627
-635
-641
-647
-652
-652
-654
-652
-655
-657
-657
-659
-659
-656
-655
-653
-650
-647
-646
-642
-644
-646
-650
-652
-657
-654
-652
-645
-634
-625
-611
-598
-585
-572
-565
-555
-550
-544
-534
-523
-508
-496
-479
-467
-451
-442
-431
-426
-426
-427
-432
-434
-434
-433
-431
-429
-424
-422
-414
-411
-407
-401
-403
-395
-388
-376
-362
-349
-333
-320
-304
-288
-275
-258
-247
-232
-217
-197
-175
-152
-129
-110
-90
-76
-66
-57
-54
-51
-51
-47
-40
-30
-14
1
18
35
48
63
72
78
85
85
92
99
106
120
131
146
159
174
188
205
218
234
250
269
292
315
340
364
387
409
428
447
464
480
495
510
528
549
564
586
600
613
624
630
634
636
638
638
641
645
652
659
666
674
674
678
676
675
667
664
657
652
653
650
657
656
658
657
654
654
647
644
636
630
626
621
621
620
615
612
606
599
594
581
576
565
555
552
543
540
535
523
514
495
476
455
428
402
372
347
321
300
279
260
240
221
203
184
166
149
131
114
99
85
71
58
45
28
11
-8
-27
-44
-63
-81
-93
-106
-113
-118
-122
-127
-134
-138
-147
-152
-162
-175
-184
-197
-206
-215
-226
-238
-255
-270
-289
-305
-323
-341
-357
-374
-386
-394
-406
-413
-425
-438
-449
-461
-471
-480
-483
-487
-483
-475
-467
-451
-443
-435
-425
-421
-414
-407
-404
-397
-390
-383
-368
-355
-342
-331
-322
-314
-308
-304
-298
-294
-295
-291
-291
-289
-288
-288
-289
-293
-293
-292
-287
-281
-272
-257
-244
-230
-211
-199
-186
-177
-170
-159
-153
-143
-128
-112
-95
-70
-46
-24
1
18
36
52
63
74
83
90
97
102
113
120
128
138
145
156
168
179
195
206
218
231
239
250
253
253
251
243
237
233
227
225
225
226
230
235
240
245
246
246
245
243
245
243
247
250
256
265
275
288
299
311
323
333
347
354
367
373
380
384
390
391
392
391
386
383
381
376
374
372
366
366
361
358
354
346
342
334
332
332
331
335
339
346
353
364
371
377
381
382
384
386
388
388
392
392
393
400
403
412
413
421
426
432
444
450
462
467
474
480
484
491
490
489
489
483
482
480
479
477
471
466
462
453
443
434
421
410
400
390
388
383
383
385
388
396
401
411
420
429
440
446
458
464
471
477
478
480
480
477
472
470
463
458
456
449
444
439
432
425
416
404
394
381
370
360
350
341
333
327
319
311
304
294
285
276
268
261
252
248
244
240
237
230
225
214
205
191
179
164
151
137
125
115
104
95
84
76
67
56
50
41
33
26
16
8
-3
-15
-29
-47
-63
-88
-106
-129
-150
-167
-186
-199
-219
-230
-247
-263
-276
-293
-307
-325
-341
-352
-366
-375
-387
-396
-405
-416
-425
-437
-446
-458
-467
-476
-483
-489
-497
-501
-512
-517
-525
-537
-543
-553
-561
-564
-568
-567
-570
-567
-569
-570
-573
-577
-584
-593
-601
-611
-616
-621
-624
-626
-627
-626
-622
-617
-613
-606
-604
-597
-589
-582
-573
-566
-558
-553
-548
-539
-530
-519
-513
-501
-488
-473
-451
-432
-409
-390
-368
-348
-323
-300
-276
-253
-230
-207
-181
-158
-131
-111
-93
-78
-63
-50
-37
-28
-16
-8
3
16
30
47
60
75
86
101
114
130
141
157
168
181
196
212
231
249
270
292
316
341
370
399
429
457
481
506
527
545
557
570
578
580
584
582
581
577
571
566
556
549
540
530
521
513
503
496
485
480
469
462
451
438
430
415
407
396
386
378
371
363
358
353
350
344
338
334
329
325
319
314
305
299
289
280
268
256
238
219
201
179
158
135
110
87
60
35
12
-17
-39
-64
-88
-109
-129
-148
-165
-179
-193
-208
-219
-232
-241
-254
-263
-269
-277
-279
-284
-284
-286
-287
-290
-292
-293
-303
-307
-316
-325
-333
-345
-351
-360
-369
-379
-389
-398
-408
-419
-429
-441
-452
-463
-472
-480
-488
-490
-496
-499
-499
-498
-495
-493
-488
-484
-482
-475
-474
-467
-468
-466
-466
-466
-461
-460
-450
-446
-439
-430
-422
-408
-399
-388
-381
-377
-370
-366
-361
-356
-353
-353
-357
-356
-359
-364
-367
-374
-383
-387
-391
-390
-386
-384
-374
-367
-356
-341
-330
-317
-307
-296
-287
-276
-263
-254
-242
-235
-228
-222
-219
-215
-214
-217
-218
-221
-223
-223
-225
-226
-229
-232
-238
-241
-248
-256
-265
-274
-278
-283
-284
-283
-282
-276
-272
-263
-255
-249
-241
-235
-229
-220
-214
-210
-206
-207
-206
-209
-211
-215
-221
-225
-228
-226
-225
-222
-219
-219
-217
-216
-217
-220
-223
-230
-234
-237
-240
-236
-234
-231
-223
-221
-212
-205
-198
-190
-185
-179
-172
-166
-158
-152
-148
-145
-140
-132
-126
-115
-105
-93
-78
-62
-45
-27
-14
-1
7
15
22
25
28
33
38
46
54
63
71
78
85
93
100
105
110
113
119
125
134
145
151
159
166
175
184
197
208
220
234
245
263
279
290
305
312
317
322
328
335
344
349
360
370
382
395
408
412
416
415
411
408
399
396
385
381
377
373
373
371
369
366
360
356
350
344
339
333
326
320
311
302
290
275
258
240
224
208
198
186
176
172
165
161
157
146
134
124
108
95
83
70
60
50
41
34
22
8
-11
-34
-60
-90
-119
-150
-180
-208
-234
-256
-280
-300
-324
-348
-371
-396
-418
-438
-457
-471
-485
-495
-503
-510
-517
-527
-535
-543
-554
-558
-560
-562
-558
-557
-554
-548
-549
-551
-561
-572
-587
-603
-616
-628
-634
-641
-640
-637
-632
-626
-621
-622
-622
-627
-631
-633
-637
-637
-635
-630
-623
-612
-602
-590
-580
-567
-552
-540
-521
-500
-479
-452
-427
-396
-369
-343
-317
-292
-269
-250
-222
-199
-171
-141
-113
-80
-54
-26
-3
18
38
52
70
85
103
124
145
171
196
220
242
262
281
299
313
330
346
361
385
408
433
459
484
504
527
545
562
582
598
613
633
655
679
706
728
753
769
786
800
816
829
842
856
871
889
908
924
940
949
956
953
952
946
936
929
916
913
906
903
902
898
897
893
890
886
882
878
876
872
874
871
871
868
863
855
848
837
826
816
804
802
797
797
802
802
806
805
804
800
795
789
782
772
765
757
747
737
721
709
687
666
647
623
601
582
563
546
531
516
501
482
467
445
426
410
390
379
371
367
368
371
376
379
381
379
375
369
363
355
347
343
340
339
341
343
345
345
341
334
326
316
303
289
274
258
242
223
206
187
168
151
132
119
105
96
90
86
83
78
75
68
59
52
40
29
21
12
10
11
14
20
25
27
30
33
29
23
17
3
-5
-19
-26
-36
-45
-55
-64
-70
-75
-79
-83
-87
-94
-95
-100
-100
-109
-120
-134
-155
-173
-192
-213
-231
-250
-263
-274
-283
-285
-293
-301
-312
-325
-337
-349
-365
-375
-389
-397
-402
-405
-403
-401
-399
-395
-395
-391
-389
-388
-386
-388
-389
-390
-392
-397
-404
-411
-422
-434
-444
-456
-467
-476
-487
-495
-505
-512
-525
-532
-545
-554
-560
-568
-567
-570
-566
-560
-555
-546
-541
-534
-533
-529
-529
-525
-526
-525
-518
-517
-508
-499
-490
-482
-472
-462
-451
-436
-423
-412
-397
-382
-366
-350
-336
-325
-315
-310
-301
-292
-287
-277
-273
-266
-260
-253
-246
-241
-239
-241
-239
-239
-235
-230
-223
-212
-199
-183
-161
-137
-112
-87
-63
-35
-8
19
46
73
95
119
143
160
182
199
212
231
244
260
277
290
306
318
331
343
353
361
370
375
380
390
398
408
418
429
439
450
459
471
479
485
493
501
512
521
535
544
553
567
574
583
590
590
593
592
588
590
587
587
585
586
588
590
596
599
603
609
609
613
614
613
610
604
596
584
571
559
544
530
514
499
484
470
456
442
427
412
396
378
365
349
335
321
308
295
281
270
255
244
232
217
204
192
180
169
158
146
133
118
104
90
73
58
39
22
7
-8
-21
-35
-48
-64
-81
-96
-114
-134
-157
-179
-207
-229
-250
-273
-293
-313
-331
-349
-360
-374
-385
-395
-407
-416
-428
-436
-448
-459
-472
-484
-500
-515
-527
-541
-551
-563
-569
-577
-581
-583
-586
-583
-584
-582
-579
-580
-577
-575
-574
-572
-570
-568
-570
-570
-574
-581
-586
-595
-605
-616
-628
-637
-650
-658
-666
-670
-675
-679
-681
-681
-682
-683
-682
-681
-685
-680
-680
-674
-667
-660
-650
-641
-631
-619
-609
-595
-588
-577
-568
-560
-553
-546
-542
-541
-541
-544
-545
-547
-551
-556
-560
-564
-567
-569
-571
-571
-574
-573
-576
-572
-571
-567
-560
-552
-541
-530
-516
-498
-484
-465
-449
-434
-414
-399
-381
-362
-344
-325
-303
-284
-263
-243
-226
-206
-191
-171
-155
-139
-128
-112
-102
-93
-84
-82
-77
-79
-79
-80
-81
-83
-88
-88
-89
-88
-89
-86
-88
-85
-82
-81
-76
-68
-63
-55
-44
-32
-19
-6
11
26
41
56
74
94
110
133
144
163
177
191
208
220
233
241
254
261
271
281
285
286
286
283
282
276
269
264
252
247
242
236
235
230
229
226
226
226
224
229
226
228
227
229
233
233
233
233
235
232
231
233
231
231
231
230
231
229
229
226
225
223
216
216
208
205
202
192
188
182
173
166
156
148
138
126
116
104
97
84
77
68
57
50
41
37
29
24
16
11
5
0
0
-6
-8
-12
-19
-18
-22
-26
-29
-34
-42
-47
-53
-57
-65
-73
-81
-92
-97
-105
-112
-122
-133
-141
-153
-160
-169
-180
-189
-203
-210
-222
-228
-233
-244
-248
-256
-259
-259
-261
-262
-266
-264
-264
-261
-257
-258
-254
-256
-254
-251
-250
-247
-249
-245
-246
-243
-239
-241
-238
-241
-240
-237
-239
-235
-236
-236
-234
-233
-231
-229
-229
-229
-229
-230
-232
-232
-233
-234
-235
-237
-236
-235
-234
-232
-229
-230
-226
-224
-219
-212
-211
-201
-195
-188
-180
-172
-164
-157
-148
-141
-134
-125
-121
-115
-107
-104
-95
-93
-87
-85
-81
-75
-70
-64
-62
-57
-53
-50
-43
-43
-37
-37
-34
-29
-25
-16
-14
-8
-3
2
10
15
21
26
33
41
49
59
69
78
87
98
107
115
123
132
136
142
151
154
161
169
171
180
183
189
195
196
204
206
210
217
222
225
230
232
238
240
244
247
247
251
252
260
263
266
270
271
277
280
286
290
292
297
298
305
310
315
318
323
324
327
333
332
337
338
337
340
339
341
342
341
341
339
338
337
335
333
331
325
323
320
314
313
305
302
296
293
287
285
282
277
277
272
270
267
265
260
258
253
250
245
241
237
233
228
225
221
217
212
207
202
196
191
185
179
174
169
163
159
154
145
143
135
127
122
114
110
102
99
92
89
82
78
76
71
67
63
58
53
48
44
41
37
33
31
25
24
20
19
14
11
8
4
4
0
0
-6
-8
-10
-15
-13
-15
-18
-20
-22
-21
-21
-20
-20
-22
-22
-25
-22
-22
-21
-19
-23
-21
-23
-19
-18
-15
-14
-16
-10
-9
-4
4
8
13
20
25
32
38
45
48
55
57
64
70
72
81
86
91
95
104
106
111
115
121
126
129
134
138
142
148
153
159
164
168
176
180
190
197
200
207
212
221
228
236
242
248
255
259
271
277
285
289
296
300
308
314
323
329
332
336
344
349
352
360
363
365
368
371
377
379
384
384
388
389
395
395
400
401
406
409
410
415
414
415
417
419
420
419
421
419
418
424
422
424
424
420
423
420
420
418
416
414
410
410
409
409
407
405
402
403
397
397
392
390
383
380
377
374
372
366
363
359
356
351
348
344
336
332
323
322
316
308
303
294
289
281
273
269
265
255
251
242
241
233
228
223
215
206
197
190
183
176
167
160
151
146
138
132
126
117
112
101
97
90
82
76
71
62
55
46
38
30
19
13
7
-3
-7
-17
-22
-30
-36
-42
-53
-58
-69
-77
-85
-92
-99
-108
-114
-119
-127
-132
-137
-148
-152
-162
-170
-177
-187
-196
-203
-212
-219
-228
-235
-241
-248
-255
-261
-269
-275
-283
-294
-298
-307
-317
-324
-335
-340
-351
-358
-361
-370
-375
-380
-386
-390
-395
-401
-406
-414
-419
-425
-432
-433
-439
-440
-445
-448
-447
-452
-452
-456
-459
-463
-468
-468
-471
-472
-474
-478
-480
-480
-482
-485
-484
-488
-490
-489
-491
-489
-488
-489
-490
-488
-489
-488
-488
-489
-489
-488
-489
-485
-483
-479
-475
-472
-465
-461
-456
-449
-445
-437
-431
-423
-415
-407
-398
-391
-382
-374
-365
-359
-347
-338
-328
-315
-308
-296
-284
-275
-263
-255
-244
-236
-226
-216
-205
-192
-180
-170
-156
-143
-132
-117
-107
-97
-83
-77
-62
-49
-35
-22
-10
5
17
35
46
61
73
80
97
107
119
132
142
154
162
176
186
200
209
219
231
238
249
260
266
276
283
291
299
308
314
320
326
332
339
342
348
350
351
355
358
362
366
366
368
368
370
370
372
369
365
362
358
357
352
350
344
340
334
330
330
322
318
311
304
300
293
289
280
272
263
254
244
234
227
214
205
193
184
176
165
158
145
137
125
113
102
91
78
67
55
44
37
25
16
7
-4
-14
-25
-35
-45
-56
-68
-78
-89
-99
-110
-122
-134
-145
-158
-167
-178
-186
-197
-206
-213
-224
-229
-240
-248
-262
-271
-282
-295
-302
-313
-322
-329
-337
-343
-350
-356
-365
-372
-381
-388
-397
-405
-411
-418
-422
-429
-432
-437
-439
-446
-449
-451
-456
-457
-458
-461
-465
-468
-471
-475
-477
-482
-485
-491
-495
-494
-496
-496
-496
-498
-497
-500
-498
-501
-501
-503
-508
-509
-510
-508
-507
-507
-505
-505
-502
-498
-495
-492
-489
-487
-483
-479
-472
-471
-464
-461
-458
-453
-447
-444
-438
-435
-430
-423
-417
-407
-402
-394
-390
-385
-379
-374
-368
-366
-361
-357
-352
-342
-335
-328
-321
-316
-308
-300
-292
-283
-280
-272
-266
-261
-248
-243
-234
-226
-219
-209
-198
-186
-179
-168
-161
-149
-140
-131
-122
-114
-106
-99
-91
-80
-75
-69
-61
-55
-47
-41
-30
-27
-19
-15
-9
2
5
12
16
20
25
32
39
42
52
53
59
67
73
82
86
91
97
100
110
114
122
128
133
141
144
153
159
164
168
172
176
182
186
190
198
198
204
206
211
212
216
217
216
220
220
222
223
223
225
224
226
229
229
232
231
231
235
235
239
239
242
240
241
243
242
244
241
242
243
242
247
245
246
246
244
246
245
243
245
240
242
239
240
241
239
237
236
235
232
232
228
227
221
219
218
218
213
213
209
205
205
202
203
200
199
196
195
195
192
192
188
185
181
177
176
172
172
168
165
162
159
158
154
153
146
141
138
131
130
124
122
116
112
110
106
106
103
100
94
90
88
85
81
81
74
70
68
66
65
63
62
57
56
54
52
53
50
47
42
38
37
33
30
27
18
18
13
14
12
8
8
3
1
0
-3
-5
-8
-12
-13
-13
-15
-14
-16
-16
-17
-16
-16
-18
-19
-22
-22
-23
-21
-21
-20
-19
-19
-13
-11
-7
-6
-6
-5
-3
0
1
6
6
6
9
11
16
16
17
16
16
19
20
20
23
22
23
27
27
30
35
33
38
37
42
45
47
51
51
57
55
61
64
65
71
74
79
84
87
93
97
104
108
109
114
114
116
121
123
125
127
128
133
135
136
141
138
142
140
141
147
145
146
147
147
149
151
152
152
152
153
152
156
159
158
161
161
164
166
167
170
169
169
166
170
170
170
174
174
175
176
178
180
178
180
179
177
178
177
178
179
176
177
174
179
174
178
177
175
177
174
177
176
175
171
170
168
166
166
164
161
162
160
161
165
163
164
163
160
162
160
161
160
155
155
153
157
154
156
153
151
150
148
152
148
145
141
137
140
137
137
134
130
130
127
131
130
130
128
124
126
123
128
125
125
121
118
119
121
119
120
118
115
115
114
116
113
110
107
104
102
101
97
96
92
86
86
86
84
81
79
74
73
67
66
65
59
55
48
48
43
41
38
34
32
26
26
22
22
19
11
9
6
4
5
0
-1
-3
-7
-8
-10
-11
-16
-20
-21
-23
-26
-27
-31
-36
-35
-39
-41
-42
-45
-47
-49
-50
-51
-49
-53
-56
-55
-60
-58
-62
-64
-67
-70
-71
-71
-70
-71
-72
-74
-72
-74
-72
-72
-74
-73
-77
-76
-76
-75
-76
-76
-79
-78
-81
-78
-81
-77
-81
-81
-79
-80
-76
-79
-77
-78
-78
-75
-77
-73
-72
-70
-69
-64
-63
-60
-59
-56
-56
-52
-50
-49
-44
-44
-39
-38
-35
-30
-28
-24
-22
-17
-14
-11
-8
-5
-5
0
0
1
3
5
5
6
9
12
13
17
18
20
21
21
23
22
24
21
24
25
24
27
26
31
30
28
32
29
32
34
32
37
34
36
36
37
37
38
38
34
37
35
37
36
36
38
35
39
37
39
40
35
37
35
35
35
32
32
30
30
29
28
27
27
24
22
21
19
17
13
10
6
5
0
-3
-2
-9
-11
-12
-16
-16
-18
-24
-25
-29
-31
-34
-35
-39
-40
-46
-46
-46
-50
-49
-54
-56
-58
-63
-62
-69
-69
-73
-80
-81
-87
-89
-93
-97
-98
-102
-104
-107
-110
-113
-115
-121
-124
-129
-132
-140
-143
-148
-153
-157
-162
-165
-173
-177
-182
-188
-191
-197
-201
-208
-212
-215
-220
-223
-227
-234
-237
-242
-245
-251
-256
-258
-266
-267
-272
-274
-279
-279
-283
-288
-283
-290
-290
-292
-294
-294
-295
-299
-299
-303
-305
-305
-309
-306
-308
-310
-310
-311
-309
-312
-308
-310
-312
-310
-313
-310
-311
-312
-313
-312
-313
-311
-312
-309
-309
-310
-306
-310
-306
-308
-309
-307
-307
-307
-304
-305
-301
-298
-296
-291
-291
-287
-286
-281
-278
-274
-271
-268
-265
-261
-254
-246
-245
-237
-231
-226
-218
-212
-202
-198
-190
-183
-174
-168
-159
-152
-146
-138
-132
-123
-117
-108
-100
-92
-82
-76
-65
-57
-49
-44
-34
-28
-18
-11
-4
5
11
22
31
40
50
53
62
70
78
88
96
105
112
121
132
140
149
157
164
174
179
186
194
202
207
213
221
228
232
240
246
250
257
262
266
270
277
280
286
292
294
300
303
305
311
313
319
320
324
326
326
329
330
329
329
330
330
327
327
328
324
323
322
320
318
315
313
309
306
303
297
295
288
286
279
274
270
264
260
254
250
242
241
231
227
224
213
213
203
199
193
187
181
174
169
163
159
153
150
143
139
130
125
119
111
106
99
92
87
82
80
71
70
64
58
52
48
41
36
29
26
20
13
10
4
-2
-7
-10
-18
-20
-25
-28
-34
-39
-41
-48
-48
-55
-58
-62
-67
-69
-74
-75
-80
-81
-86
-86
-87
-89
-92
-93
-94
-96
-100
-100
-102
-104
-105
-107
-108
-107
-110
-109
-109
-111
-110
-112
-112
-112
-112
-111
-109
-111
-110
-110
-108
-108
-107
-104
-104
-102
-101
-98
-96
-96
-93
-92
-90
-86
-87
-82
-79
-78
-74
-70
-67
-65
-62
-60
-57
-56
-53
-49
-50
-44
-44
-41
-39
-40
-36
-35
-34
-35
-34
-32
-33
-30
-30
-28
-27
-28
-26
-24
-19
-18
-17
-13
-17
-11
-9
-6
-2
-4
0
1
4
10
12
16
19
21
26
27
34
35
40
40
44
46
46
49
51
53
55
58
59
63
68
71
74
74
78
80
80
83
86
85
85
87
89
93
95
98
98
100
103
106
109
112
112
114
112
116
118
121
123
123
126
126
128
135
135
139
140
139
142
142
147
149
149
150
149
152
155
156
160
159
160
164
166
169
170
173
175
173
176
177
178
181
181
184
187
188
189
191
193
194
193
194
194
192
193
192
193
192
190
190
193
191
194
190
189
191
188
191
188
189
187
185
185
184
184
181
177
174
171
167
164
160
158
154
150
147
142
139
135
131
123
120
115
111
107
102
97
92
87
87
79
78
69
65
62
54
52
46
39
34
28
24
20
15
7
4
-2
-9
-13
-17
-23
-32
-36
-43
-48
-53
-64
-67
-76
-80
-87
-93
-99
-105
-112
-119
-122
-128
-134
-141
-146
-152
-159
-165
-171
-178
-184
-191
-196
-202
-205
-215
-216
-220
-230
-230
-238
-243
-245
-253
-254
-261
-265
-268
-275
-277
-283
-286
-288
-294
-295
-299
-302
-305
-307
-309
-312
-316
-318
-316
-320
-320
-320
-321
-322
-322
-324
-324
-326
-324
-328
-327
-327
-329
-330
-328
-328
-329
-326
-328
-325
-323
-322
-318
-318
-316
-315
-314
-309
-310
-306
-305
-304
-302
-299
-297
-293
-291
-287
-286
-280
-277
-272
-269
-265
-263
-256
-255
-250
-246
-245
-238
-237
-231
-226
-220
-216
-212
-207
-202
-198
-194
-189
-189
-182
-181
-177
-170
-169
-161
-160
-152
-149
-143
-138
-136
-132
-128
-125
-119
-116
-114
-109
-106
-103
-98
-92
-91
-87
-84
-77
-76
-71
-66
-65
-62
-57
-58
-54
-54
-52
-49
-46
-42
-41
-34
-33
-30
-26
-24
-24
-21
-23
-18
-17
-18
-15
-13
-11
-9
-8
-3
-1
0
0
4
3
7
6
6
8
6
8
8
12
10
14
14
13
18
18
20
21
19
23
20
23
24
22
23
20
23
23
27
28
27
33
28
33
32
32
34
32
35
35
36
36
36
35
37
39
38
41
38
39
39
39
40
41
39
36
36
36
34
37
34
34
34
32
34
36
35
35
35
34
33
35
33
34
34
32
32
35
33
35
35
34
37
36
40
37
40
39
39
42
41
44
40
42
40
39
43
40
42
41
39
40
40
40
40
38
37
35
36
36
35
35
34
31
33
33
33
35
33
32
31
33
31
34
31
32
32
31
32
35
32
35
33
33
36
36
40
39
40
40
41
44
44
47
44
48
47
50
52
53
54
51
54
55
54
58
55
57
54
55
61
56
61
60
59
60
62
64
64
64
65
63
66
68
68
70
70
71
71
74
74
76
77
78
80
79
83
82
84
85
88
90
89
94
92
97
96
99
100
102
103
103
110
110
113
116
115
117
119
122
124
129
127
132
133
137
143
147
147
154
152
159
164
167
172
175
178
180
186
191
196
200
202
207
209
216
221
224
231
234
237
243
247
252
256
261
264
264
270
271
276
279
283
284
287
288
293
297
300
298
302
301
301
306
305
308
306
306
309
311
315
314
315
315
315
320
317
322
318
316
318
315
319
319
321
315
317
319
317
318
318
318
314
316
313
313
314
310
309
307
306
304
303
302
300
300
297
298
295
296
293
288
286
282
279
276
272
269
262
262
262
259
260
253
251
248
242
241
238
233
226
223
221
216
216
212
213
204
205
203
199
200
194
192
189
188
184
182
179
173
174
170
168
167
164
160
158
155
157
155
154
153
149
148
147
148
145
144
137
137
136
134
134
132
128
128
127
126
127
124
123
119
119
114
115
112
107
108
104
104
104
98
98
95
93
94
90
89
87
84
84
81
80
80
75
74
72
70
69
67
67
62
64
62
62
63
58
58
55
51
49
49
44
43
41
41
39
38
37
32
33
27
28
25
23
20
18
17
10
10
7
6
4
1
-2
-6
-8
-10
-12
-13
-18
-22
-26
-31
-33
-34
-38
-41
-46
-49
-50
-51
-51
-56
-61
-66
-70
-72
-75
-78
-83
-89
-89
-91
-96
-93
-97
-103
-103
-111
-111
-116
-117
-123
-126
-127
-131
-133
-135
-139
-142
-148
-150
-155
-158
-162
-166
-171
-173
-176
-178
-183
-185
-190
-194
-196
-201
-203
-209
-212
-214
-218
-222
-224
-229
-232
-237
-237
-242
-245
-247
-253
-253
-260
-260
-264
-270
-270
-278
-280
-283
-291
-295
-299
-304
-309
-312
-316
-321
-325
-329
-334
-339
-343
-349
-356
-359
-361
-369
-369
-374
-380
-382
-387
-390
-395
-395
-402
-406
-406
-412
-411
-417
-418
-423
-429
-428
-432
-435
-435
-440
-444
-445
-449
-447
-453
-455
-458
-461
-463
-463
-466
-468
-471
-475
-476
-477
-482
-482
-484
-489
-488
-488
-491
-490
-493
-495
-496
-497
-497
-500
-499
-500
-503
-501
-500
-502
-501
-503
-502
-502
-505
-504
-504
-505
-505
-504
-504
-504
-503
-503
-503
-502
-505
-503
-504
-506
-502
-504
-503
-504
-503
-502
-501
-501
-500
-502
-500
-500
-498
-497
-492
-494
-490
-487
-485
-481
-481
-477
-477
-472
-469
-466
-463
-462
-457
-452
-448
-444
-440
-438
-432
-426
-423
-415
-414
-407
-404
-398
-391
-386
-379
-376
-369
-364
-356
-348
-345
-335
-331
-323
-316
-311
-302
-298
-290
-285
-278
-270
-265
-257
-250
-242
-234
-228
-218
-211
-202
-195
-187
-179
-172
-164
-154
-148
-138
-129
-122
-112
-108
-94
-87
-78
-69
-60
-52
-45
-34
-26
-17
-6
2
10
18
29
39
47
55
64
72
80
90
101
111
116
127
133
144
154
162
171
176
184
189
199
209
216
226
230
239
247
253
265
266
274
279
281
293
297
306
311
315
318
325
330
337
343
347
350
355
359
365
369
373
377
377
382
382
390
391
393
398
397
403
403
409
409
411
412
411
412
412
414
412
417
412
416
416
414
417
415
413
413
409
409
407
405
404
401
400
396
399
394
394
392
390
389
385
384
380
376
373
369
366
364
362
357
357
352
352
347
345
340
336
332
326
324
317
314
310
304
303
297
293
292
288
282
280
273
270
270
261
260
256
250
246
244
242
237
235
226
228
225
219
222
214
213
207
207
207
200
202
194
193
189
188
192
185
183
182
177
175
175
172
169
168
164
162
164
164
164
160
163
159
160
160
159
158
157
157
155
159
157
159
158
158
161
162
163
165
166
166
167
167
170
171
172
172
171
172
175
178
178
184
180
185
186
186
191
191
189
192
192
194
196
196
199
198
201
205
207
208
210
209
212
213
212
218
213
215
216
217
222
221
225
226
227
227
232
232
232
234
236
236
239
239
239
241
240
240
243
244
244
246
246
249
248
253
254
252
255
252
254
255
254
255
255
252
254
255
256
257
255
254
255
254
256
256
256
254
252
254
253
253
253
251
250
252
254
253
256
256
252
256
253
256
254
251
253
250
251
251
250
250
249
248
249
248
245
244
241
240
238
236
235
232
229
226
224
222
219
218
211
209
207
202
199
197
191
188
185
180
178
174
170
164
160
158
152
152
144
141
135
129
124
117
110
104
98
93
90
83
77
71
62
56
49
43
35
27
18
12
5
-3
-7
-18
-25
-33
-42
-46
-59
-64
-74
-84
-89
-98
-106
-114
-122
-128
-135
-141
-150
-155
-164
-172
-177
-186
-191
-197
-207
-211
-220
-227
-231
-239
-245
-253
-257
-266
-269
-275
-282
-286
-294
-302
-305
-311
-315
-322
-329
-334
-340
-342
-345
-350
-354
-362
-367
-369
-372
-376
-383
-387
-394
-396
-396
-397
-401
-404
-408
-411
-407
-411
-410
-413
-419
-417
-421
-420
-419
-421
-422
-425
-423
-421
-419
-418
-419
-417
-417
-417
-414
-411
-414
-411
-412
-411
-408
-408
-406
-407
-403
-404
-401
-398
-397
-395
-393
-392
-389
-385
-386
-384
-382
-379
-377
-373
-374
-372
-370
-369
-364
-363
-357
-362
-357
-355
-354
-348
-348
-347
-346
-343
-339
-337
-332
-330
-329
-322
-324
-315
-312
-312
-308
-307
-302
-301
-298
-293
-293
-288
-283
-280
-275
-273
-269
-268
-265
-258
-258
-253
-250
-246
-245
-240
-235
-232
-228
-225
-224
-218
-216
-210
-207
-203
-201
-197
-194
-188
-184
-181
-175
-174
-169
-165
-158
-158
-151
-148
-142
-140
-135
-130
-127
-122
-119
-113
-109
-104
-97
-93
-88
-83
-77
-71
-65
-60
-56
-51
-47
-41
-36
-30
-25
-20
-15
-9
-3
3
11
11
18
21
28
31
37
41
43
48
52
59
67
69
75
78
81
86
91
97
99
103
107
111
117
121
128
131
136
137
142
147
151
155
158
162
163
168
173
178
182
183
186
188
190
194
199
198
201
201
200
205
202
209
207
205
207
205
208
207
209
208
206
206
202
202
201
201
198
195
193
192
189
191
187
188
183
181
181
177
178
174
172
166
166
164
163
163
160
158
155
155
153
153
149
146
145
143
142
137
135
132
131
126
128
123
121
116
112
115
106
107
102
96
94
90
88
85
81
79
73
69
68
65
61
57
52
50
47
43
43
36
33
30
28
28
27
25
23
21
19
18
18
20
15
15
11
11
12
12
11
10
11
9
13
16
17
16
13
15
13
13
17
14
15
14
15
18
19
21
21
20
22
22
22
23
22
21
23
22
24
22
22
20
19
22
20
21
19
20
17
17
18
14
16
10
10
9
4
6
5
5
4
2
3
2
0
1
0
-3
-4
-8
-6
-8
-9
-9
-12
-11
-12
-12
-14
-15
-14
-20
-17
-19
-19
-22
-24
-26
-30
-29
-31
-32
-36
-35
-39
-36
-37
-36
-43
-44
-46
-50
-50
-53
-55
-62
-62
-64
-64
-61
-65
-66
-73
-72
-76
-78
-77
-82
-88
-91
-94
-92
-93
-94
-98
-103
-106
-109
-108
-111
-115
-120
-126
-125
-127
-124
-128
-130
-132
-138
-134
-137
-137
-140
-144
-143
-148
-146
-142
-147
-144
-145
-148
-142
-146
-143
-141
-142
-139
-137
-134
-134
-128
-129
-125
-123
-122
-117
-117
-113
-109
-106
-100
-97
-92
-89
-84
-79
-77
-70
-70
-66
-61
-58
-51
-44
-42
-37
-33
-26
-21
-17
-9
-8
-3
2
5
12
15
20
24
29
33
38
44
48
51
56
57
62
66
70
77
80
81
87
87
96
96
101
104
106
108
113
118
121
123
127
126
130
136
139
139
142
142
146
149
151
153
155
155
156
159
159
163
161
162
165
164
166
165
165
164
163
162
162
161
157
158
156
152
152
146
147
141
138
137
130
128
125
121
118
113
108
104
99
95
90
90
83
77
76
70
66
66
62
59
53
49
46
43
41
37
35
31
30
28
27
26
24
22
20
17
18
17
14
14
12
10
11
10
9
9
9
8
7
8
8
11
8
9
10
9
10
7
12
9
11
10
14
15
16
16
18
22
23
23
26
26
26
30
30
34
36
36
40
39
45
47
48
49
52
53
57
58
61
64
65
68
70
73
73
75
78
77
83
83
84
87
89
91
93
94
94
97
96
99
100
98
104
101
104
104
106
104
108
109
108
110
106
111
108
108
113
110
110
110
111
111
115
115
115
115
115
118
119
119
119
119
117
120
120
122
125
120
123
121
122
124
124
126
124
124
126
124
130
126
127
125
124
126
125
127
127
127
126
128
128
129
132
128
131
128
131
132
132
136
135
140
138
143
147
145
151
149
154
157
160
165
166
174
175
179
184
184
190
194
200
207
210
217
221
226
236
242
246
252
256
260
266
273
280
284
294
299
305
315
321
326
335
340
347
356
361
371
378
383
389
397
403
410
419
423
433
439
445
456
462
470
479
484
491
498
505
512
518
524
532
537
548
554
561
568
573
581
586
593
599
600
606
608
615
621
626
631
634
639
643
646
649
651
654
654
657
659
660
661
665
660
665
663
663
663
660
661
659
658
656
652
651
647
645
640
637
633
627
624
620
616
611
606
598
593
584
579
572
565
555
550
537
532
522
516
505
495
485
471
463
452
442
427
416
401
391
379
368
354
338
327
310
298
284
270
254
235
221
206
192
176
160
142
125
108
96
80
63
42
26
10
-8
-25
-42
-61
-80
-99
-114
-133
-150
-168
-186
-203
-220
-240
-254
-275
-292
-312
-329
-345
-369
-381
-405
-421
-437
-455
-471
-489
-505
-527
-544
-560
-581
-595
-615
-634
-652
-670
-687
-703
-721
-739
-757
-777
-792
-810
-827
-843
-861
-878
-896
-913
-928
-948
-965
-983
-1001
-1015
-1032
-1048
-1062
-1078
-1092
-1105
-1118
-1136
-1150
-1164
-1185
-1195
-1208
-1225
-1236
-1251
-1264
-1274
-1285
-1298
-1308
-1322
-1337
-1345
-1362
-1372
-1383
-1396
-1405
-1417
-1426
-1433
-1443
-1452
-1459
-1471
-1480
-1485
-1498
-1502
-1514
-1521
-1529
-1536
-1543
-1552
-1556
-1565
-1571
-1575
-1578
-1583
-1589
-1595
-1598
-1604
-1606
-1608
-1614
-1619
-1623
-1627
-1629
-1629
-1631
-1634
-1636
-1634
-1636
-1633
-1633
-1631
-1631
-1633
-1631
-1626
-1628
-1621
-1620
-1615
-1610
-1605
-1598
-1592
-1585
-1577
-1573
-1565
-1559
-1551
-1543
-1537
-1524
-1516
-1505
-1494
-1484
-1470
-1460
-1444
-1433
-1420
-1407
-1390
-1377
-1359
-1344
-1330
-1313
-1301
-1279
-1262
-1246
-1229
-1208
-1193
-1172
-1147
-1130
-1106
-1088
-1066
-1043
-1022
-997
-978
-956
-935
-913
-888
-864
-837
-814
-789
-763
-740
-711
-684
-659
-636
-607
-582
-555
-528
-502
-475
-450
-423
-397
-369
-340
-315
-287
-259
-233
-206
-179
-155
-128
-103
-79
-50
-27
0
27
52
76
104
132
156
180
205
229
256
278
303
326
350
371
397
424
446
470
493
514
539
562
586
607
628
648
671
693
715
734
756
774
795
815
838
858
874
894
910
929
950
964
985
996
1017
1030
1050
1067
1081
1097
1111
1124
1142
1154
1170
1180
1190
1204
1214
1228
1240
1249
1259
1266
1278
1287
1298
1306
1313
1319
1324
1332
1343
1346
1355
1357
1361
1365
1372
1380
1378
1384
1385
1386
1390
1390
1395
1394
1394
1394
1397
1399
1395
1400
1394
1396
1395
1389
1392
1387
1384
1381
1377
1373
1372
1364
1365
1359
1357
1350
1348
1341
1337
1330
1321
1319
1305
1301
1293
1282
1278
1268
1260
1251
1242
1233
1226
1213
1207
1194
1186
1174
1161
1151
1138
1128
1116
1105
1095
1078
1072
1056
1046
1035
1023
1008
995
982
970
957
942
929
916
903
893
878
867
853
840
828
813
803
789
772
761
744
735
716
705
691
676
664
648
637
622
610
592
581
568
552
539
521
511
492
479
469
453
437
424
409
396
381
368
352
340
324
312
299
285
270
257
245
231
221
207
193
182
167
157
145
136
122
111
95
87
74
65
55
42
31
19
10
0
-6
-15
-27
-36
-47
-52
-62
-69
-74
-87
-94
-100
-110
-111
-122
-129
-136
-147
-149
-157
-159
-167
-178
-179
-187
-189
-195
-199
-206
-214
-217
-222
-223
-229
-235
-237
-248
-243
-248
-249
-253
-257
-261
-265
-264
-264
-270
-269
-273
-275
-273
-275
-273
-277
-275
-278
-279
-273
-276
-273
-273
-273
-271
-271
-267
-266
-265
-264
-264
-258
-259
-249
-249
-248
-243
-240
-234
-233
-227
-224
-222
-216
-212
-204
-200
-196
-189
-185
-177
-170
-165
-156
-154
-143
-139
-133
-123
-120
-110
-104
-97
-88
-82
-72
-65
-59
-49
-41
-32
-27
-19
-10
-3
4
15
20
27
36
43
54
60
71
79
83
95
101
110
120
123
134
138
149
159
166
175
184
189
199
206
215
225
230
238
244
251
260
269
274
284
288
294
301
308
318
322
328
334
337
344
351
356
363
361
368
374
376
384
385
389
392
393
399
402
405
407
408
410
414
417
419
420
423
422
424
426
426
428
426
427
426
423
428
424
426
423
422
422
416
421
416
414
413
410
406
402
400
400
395
391
391
387
381
378
375
373
369
366
362
359
356
352
348
348
339
338
332
328
326
319
319
314
310
308
305
302
296
292
288
280
276
276
267
265
260
254
251
246
243
238
232
225
220
218
211
205
201
193
187
183
177
173
169
159
154
151
144
142
136
128
124
113
111
102
98
91
83
76
69
67
60
55
47
41
36
30
25
20
10
4
-4
-9
-16
-22
-29
-35
-43
-48
-51
-60
-67
-71
-79
-87
-91
-99
-106
-113
-120
-128
-134
-143
-149
-157
-164
-169
-179
-186
-195
-202
-210
-217
-227
-235
-244
-257
-263
-270
-279
-287
-296
-306
-311
-322
-328
-335
-347
-355
-368
-374
-383
-396
-404
-418
-427
-435
-449
-453
-464
-476
-481
-493
-501
-509
-522
-530
-540
-550
-560
-570
-579
-588
-597
-607
-614
-625
-632
-643
-649
-658
-666
-674
-681
-688
-693
-701
-710
-717
-723
-730
-737
-743
-750
-757
-763
-767
-770
-773
-780
-784
-786
-792
-793
-799
-803
-805
-813
-812
-815
-819
-818
-824
-824
-828
-827
-827
-829
-830
-830
-833
-831
-833
-831
-834
-833
-831
-834
-827
-828
-825
-824
-820
-816
-814
-807
-807
-802
-802
-796
-792
-789
-783
-778
-773
-767
-759
-752
-746
-739
-733
-728
-719
-713
-706
-698
-695
-686
-678
-669
-662
-654
-647
-639
-630
-620
-611
-599
-595
-586
-581
-569
-562
-553
-545
-539
-534
-524
-513
-505
-496
-486
-480
-472
-463
-453
-446
-436
-434
-426
-417
-411
-400
-395
-388
-381
-375
-368
-358
-352
-347
-341
-333
-330
-319
-316
-310
-304
-304
-290
-288
-285
-277
-276
-271
-265
-262
-254
-251
-247
-243
-239
-237
-233
-228
-228
-224
-224
-220
-215
-214
-209
-210
-206
-206
-203
-200
-196
-198
-194
-197
-193
-191
-190
-187
-189
-191
-190
-189
-189
-186
-190
-189
-191
-191
-190
-190
-189
-194
-196
-196
-201
-199
-202
-205
-207
-211
-212
-214
-212
-215
-218
-221
-225
-228
-229
-231
-235
-239
-244
-246
-248
-252
-253
-257
-264
-266
-265
-270
-268
-276
-279
-282
-288
-286
-289
-293
-300
-304
-305
-307
-306
-312
-315
-320
-325
-324
-324
-326
-329
-335
-338
-341
-340
-342
-344
-347
-351
-355
-352
-354
-352
-356
-360
-359
-359
-361
-362
-363
-363
-367
-364
-365
-365
-362
-367
-363
-364
-360
-361
-362
-359
-357
-358
-355
-354
-352
-354
-352
-350
-346
-343
-344
-341
-339
-335
-334
-327
-324
-323
-320
-315
-311
-306
-303
-301
-297
-294
-287
-282
-275
-272
-269
-262
-255
-248
-239
-233
-231
-222
-215
-208
-197
-192
-186
-182
-174
-164
-155
-146
-138
-131
-123
-112
-102
-90
-83
-73
-65
-56
-47
-34
-28
-15
-8
1
16
25
37
49
57
75
80
95
107
112
132
136
153
160
176
188
197
216
222
241
250
264
279
290
308
317
334
346
359
376
388
405
419
433
450
459
477
493
506
523
537
552
567
581
600
612
629
643
656
669
685
700
713
732
743
760
776
788
804
820
832
848
857
874
884
898
913
923
938
949
960
974
987
997
1010
1022
1032
1044
1054
1066
1077
1088
1098
1108
1120
1126
1136
1148
1160
1166
1176
1187
1193
1202
1211
1220
1228
1231
1239
1248
1254
1262
1268
1274
1275
1281
1287
1293
1297
1300
1303
1303
1308
1312
1316
1316
1317
1316
1317
1320
1319
1321
1318
1317
1314
1312
1314
1310
1308
1301
1295
1288
1285
1280
1272
1269
1257
1250
1244
1237
1232
1219
1211
1197
1188
1180
1169
1162
1146
1134
1123
1108
1100
1087
1071
1058
1043
1029
1016
1004
989
973
957
942
929
910
897
878
861
845
826
809
794
774
755
740
721
702
683
664
645
626
604
585
564
541
521
501
482
460
438
419
395
373
355
329
313
286
264
243
217
200
173
155
131
111
89
64
48
24
2
-17
-45
-63
-85
-108
-125
-149
-171
-192
-215
-234
-255
-275
-295
-318
-338
-358
-377
-398
-415
-435
-458
-475
-496
-513
-535
-552
-571
-593
-610
-627
-645
-661
-679
-697
-714
-731
-745
-760
-776
-793
-812
-825
-838
-854
-866
-880
-894
-911
-923
-935
-946
-958
-974
-985
-1001
-1010
-1019
-1031
-1039
-1054
-1063
-1072
-1080
-1086
-1096
-1103
-1112
-1120
-1122
-1130
-1132
-1138
-1144
-1148
-1151
-1152
-1154
-1158
-1159
-1161
-1162
-1163
-1160
-1161
-1161
-1160
-1162
-1156
-1155
-1154
-1145
-1147
-1142
-1136
-1132
-1125
-1119
-1114
-1108
-1099
-1095
-1085
-1076
-1072
-1063
-1054
-1044
-1030
-1019
-1009
-996
-987
-975
-961
-949
-937
-923
-912
-898
-881
-867
-851
-835
-823
-805
-790
-774
-756
-744
-725
-711
-692
-675
-658
-636
-621
-602
-583
-565
-544
-526
-507
-487
-467
-449
-426
-405
-387
-366
-347
-328
-302
-284
-260
-243
-223
-199
-182
-155
-134
-112
-93
-74
-49
-30
-3
16
37
57
76
98
119
141
161
182
203
221
243
264
283
306
326
345
368
389
409
429
448
465
487
505
524
544
564
580
599
619
640
657
674
695
706
727
742
759
775
790
803
818
831
851
863
877
891
901
915
929
942
955
966
973
986
997
1006
1020
1026
1036
1043
1052
1066
1073
1081
1088
1094
1102
1106
1115
1118
1119
1124
1122
1132
1130
1136
1136
1138
1141
1139
1146
1145
1144
1144
1139
1140
1138
1134
1133
1127
1121
1116
1114
1109
1102
1100
1087
1085
1074
1069
1061
1051
1042
1032
1022
1011
1001
991
976
967
956
945
935
920
911
896
885
873
857
847
832
818
804
788
777
761
748
732
720
704
691
676
663
648
633
614
599
582
568
554
536
521
508
491
476
460
446
430
415
402
383
369
349
333
320
302
287
270
250
235
218
203
187
169
151
132
116
98
81
65
43
27
5
-11
-32
-47
-67
-85
-101
-125
-139
-157
-175
-192
-210
-224
-245
-260
-281
-296
-314
-331
-347
-367
-382
-397
-414
-427
-446
-461
-477
-494
-506
-518
-536
-551
-567
-581
-594
-608
-619
-636
-651
-664
-676
-687
-700
-714
-727
-741
-752
-760
-772
-785
-797
-809
-821
-830
-839
-851
-863
-872
-885
-893
-901
-909
-919
-929
-938
-945
-954
-960
-968
-978
-982
-993
-1001
-1005
-1012
-1016
-1023
-1029
-1034
-1040
-1044
-1047
-1049
-1054
-1058
-1062
-1064
-1065
-1065
-1068
-1068
-1074
-1075
-1075
-1076
-1071
-1072
-1072
-1073
-1070
-1068
-1067
-1065
-1063
-1062
-1061
-1056
-1052
-1049
-1046
-1045
-1043
-1038
-1030
-1027
-1022
-1019
-1015
-1010
-1006
-998
-991
-990
-985
-982
-973
-967
-959
-957
-949
-946
-940
-928
-922
-914
-913
-905
-898
-892
-882
-875
-868
-867
-855
-847
-843
-829
-828
-818
-812
-805
-792
-786
-776
-770
-763
-752
-743
-735
-726
-718
-707
-702
-690
-681
-672
-664
-654
-645
-635
-626
-617
-608
-599
-588
-579
-571
-562
-556
-547
-538
-528
-518
-509
-502
-493
-483
-472
-460
-452
-444
-434
-427
-412
-405
-393
-385
-378
-366
-354
-342
-331
-321
-309
-300
-286
-273
-260
-247
-238
-226
-212
-199
-184
-172
-159
-151
-135
-121
-106
-91
-78
-64
-51
-36
-22
-4
6
21
31
46
63
76
89
105
118
130
149
159
177
192
203
219
232
248
259
270
287
296
308
327
335
348
362
372
387
400
411
425
433
446
458
467
483
488
501
511
520
530
540
550
557
567
576
582
593
598
608
613
619
628
630
636
640
646
650
654
659
661
665
669
672
675
679
676
680
681
680
682
682
682
681
681
684
682
683
684
682
682
681
679
679
676
678
675
671
673
670
670
669
664
665
659
657
655
654
653
645
647
641
638
636
631
632
624
618
615
608
607
601
597
587
581
575
569
565
561
553
541
537
525
523
513
505
501
482
480
472
464
459
448
438
426
418
410
404
393
382
374
363
357
350
344
333
324
315
307
303
296
287
280
272
264
260
255
253
243
238
234
227
226
218
214
210
203
200
195
194
188
184
180
177
172
169
165
161
158
153
154
147
143
140
135
133
132
126
123
119
116
112
111
108
103
100
97
93
90
88
82
77
73
70
66
64
58
55
52
46
43
39
37
31
26
23
20
12
13
6
3
-2
-7
-9
-14
-15
-23
-23
-26
-33
-33
-38
-41
-45
-45
-53
-51
-55
-60
-61
-64
-65
-70
-72
-75
-76
-78
-80
-81
-84
-86
-90
-88
-90
-91
-93
-97
-95
-99
-94
-94
-99
-95
-98
-99
-96
-96
-95
-95
-97
-95
-95
-91
-91
-89
-90
-93
-88
-87
-84
-80
-82
-77
-79
-77
-71
-69
-66
-65
-67
-61
-59
-55
-52
-51
-46
-50
-42
-40
-33
-30
-30
-27
-28
-21
-21
-14
-12
-15
-8
-9
-4
0
-1
7
2
5
10
13
17
18
20
24
24
25
28
31
34
33
36
37
40
40
41
43
44
45
44
46
47
46
47
49
47
47
45
47
46
46
47
44
44
41
44
42
43
43
37
39
34
36
32
33
30
25
26
24
24
24
23
21
18
19
16
15
15
10
10
8
8
4
1
2
-5
-4
-5
-6
-8
-10
-12
-10
-12
-14
-15
-18
-20
-23
-21
-21
-24
-24
-28
-28
-29
-28
-28
-34
-33
-34
-36
-34
-34
-36
-39
-40
-38
-38
-38
-41
-41
-45
-44
-41
-41
-42
-43
-43
-48
-43
-43
-44
-45
-49
-45
-46
-46
-42
-42
-41
-44
-42
-40
-40
-37
-40
-37
-38
-37
-34
-31
-31
-28
-29
-29
-24
-20
-21
-16
-15
-14
-11
-7
-4
-1
-2
3
3
7
13
12
18
18
19
26
25
31
32
33
38
35
45
47
49
53
52
58
60
62
67
67
68
70
72
77
78
81
81
85
86
89
93
94
96
96
99
101
100
102
102
103
102
103
106
103
105
104
104
109
101
107
103
104
105
103
105
104
103
102
100
103
101
101
97
96
93
94
92
90
90
85
87
84
84
84
84
78
80
76
78
81
77
80
75
77
76
76
80
74
75
74
72
76
77
78
77
80
79
81
83
84
84
83
85
84
86
91
88
91
92
93
97
98
99
100
99
104
106
108
112
109
113
112
117
122
122
126
123
125
131
131
139
139
139
142
141
149
147
154
154
152
159
161
164
167
169
171
173
177
176
181
181
183
184
184
189
189
189
191
191
194
196
197
196
199
195
198
202
198
201
195
197
197
196
198
197
198
192
195
197
194
193
190
186
184
185
178
177
171
165
165
160
160
155
145
143
137
132
128
123
114
108
100
95
91
83
77
69
62
54
49
44
37
25
18
13
4
-2
-9
-17
-24
-33
-43
-50
-54
-66
-73
-79
-89
-96
-103
-111
-119
-125
-136
-143
-152
-163
-169
-178
-187
-191
-206
-212
-220
-231
-236
-247
-254
-267
-275
-282
-294
-301
-313
-321
-334
-345
-351
-362
-370
-382
-392
-403
-413
-419
-433
-441
-453
-466
-471
-485
-495
-504
-519
-528
-539
-549
-562
-570
-583
-596
-603
-615
-625
-636
-646
-658
-667
-677
-687
-697
-707
-717
-728
-737
-748
-754
-767
-770
-781
-789
-798
-805
-813
-822
-830
-836
-845
-851
-860
-864
-869
-877
-883
-885
-894
-896
-900
-904
-911
-911
-915
-918
-920
-924
-924
-926
-930
-927
-928
-932
-931
-935
-934
-930
-927
-928
-926
-925
-922
-920
-913
-910
-909
-904
-904
-893
-890
-881
-878
-873
-864
-859
-847
-840
-831
-823
-816
-807
-794
-784
-775
-765
-760
-746
-737
-723
-708
-703
-687
-679
-668
-647
-638
-623
-615
-603
-590
-577
-559
-549
-537
-525
-514
-497
-483
-466
-456
-442
-430
-413
-399
-383
-370
-358
-345
-330
-316
-299
-284
-274
-257
-247
-230
