27.505100757399067
30.197136862277407
26.98126647745439
26.530602487057898
28.15928398462316
33.73639407776112
34.42910023356361
33.271710441279936
43.748099020171935
33.61775217854648
32.93834806002754
31.314722367195557
35.20818879911041
43.243448388953965
49.96729043670402
49.23015029285744
43.231549296899054
32.235607325366075
40.72439333356464
40.71639615738498
48.98278296262207
62.233962220337276
58.67715739239798
49.03672694191783
51.42390390883481
50.16115390409204
59.13315975554375
49.282861478234004
58.221967940958365
47.12334750497132
59.031280437894566
50.344010523682115
96.69172220076234
97.28176393589644
99.41052681828899
89.93725879524357
93.31814019199612
58.98032208043608
68.7680488869421
60.233496016548706
75.22277432839996
73.45943166447263
92.78604363771153
96.05572867450972
98.33843784488283
80.05228724196786
82.67555962584342
52.369739794647394
64.27332010464148
66.86083143101644
71.47356639820651
73.37469405704202
74.57389015156915
69.19334127464629
62.22986152994311
71.29652362972357
73.26120388327077
72.46482283681523
93.8969236334012
102.97400995303052
96.13822774689726
89.17224949835843
66.76485059310889
72.08359800122952
73.20210272922188
61.41704505897694
64.60264840842402
63.56571966993225
51.06080456393534
70.53025152237345
59.03906166992988
59.59361522220597
63.8380751623264
71.89195247346052
75.84487410715687
70.92221225213736
62.902793383937535
50.47735588810436
57.30294575576486
67.76218979434157
70.03255522210301
59.27610321043669
65.19670597815498
56.851158063500115
66.82226274845898
54.30813164855776
73.39774124363383
72.87758546701765
57.59311220571294
54.74746615200962
71.06485442797614
74.76178127255443
73.55611765982506
68.33401218847837
67.50086675678372
70.5478042097395
64.56263401135647
66.8371669291779
67.65620853659104
71.21132174931103
52.13878710841523
55.48772495742284
57.8353138728869
67.02117208510687
66.19210122877485
75.43289318929577
71.0119415958242
49.818826765944124
60.935259055031935
75.07455695476462
64.68820674353624
73.28114749383158
73.7093292341872
68.33650664711327
62.53260620934078
67.54103547986863
65.82335788138262
60.573126188965475
63.720445328084494
66.55319565592481
