0
4278
8485
12550
16402
19973
23203
26035
28419
30314
31684
32507
32766
32456
31581
30156
28203
25758
22860
19561
15917
11991
7852
3573
-771
-5106
-9352
-13436
-17284
-20829
-24006
-26759
-29038
-30801
-32015
-32660
-32720
-32196
-31094
-29434
-27244
-24563
-21439
-17925
-14087
-9991
-5712
-1327
3083
7441
11667
15683
19415
22796
25762
28259
30239
31667
32514
32764
32412
31462
29931
27847
25247
22178
18696
14865
10755
6443
2009
-2465
-6896
-11201
-15299
-19113
-22570
-25606
-28162
-30190
-31650
-32514
-32764
-32394
-31411
-29832
-27686
-25012
-21861
-18292
-14372
-10175
-5781
-1274
3259
7733
12062
16161
19951
23359
26318
28771
30668
31973
32659
32711
32127
30919
29107
26727
23823
20452
16679
12577
8226
3711
-879
-5455
-9926
-14204
-18204
-21846
-25058
-27775
-29942
-31516
-32464
-32766
-32415
-31417
-29790
-27567
-24790
-21514
-17805
-13736
-9388
-4849
-209
4437
8997
13377
17489
21248
24578
27411
29687
31359
32393
32765
32468
31507
29899
27676
24884
21579
17828
13707
9301
4700
0
-4703
-9311
-13729
-17864
-21629
-24947
-27746
-29968
-31566
-32503
-32761
-32332
-31225
-29460
-27076
-24119
-20653
-16748
-12488
-7961
-3263
1506
6246
10856
15238
19298
22949
26112
28719
30713
32051
32702
32651
31900
30461
28366
25658
22395
18646
14492
10022
5332
524
-4298
-9029
-13567
-17811
-21669
-25055
-27896
-30127
-31699
-32577
-32739
-32182
-30916
-28967
-26379
-23206
-19519
-15397
-10932
-6222
-1372
3511
8320
12945
17284
21240
24723
27655
29968
31611
32545
32748
32214
30954
28995
26381
23169
19431
15252
10724
5950
1038
-3899
-8751
-13405
-17757
-21705
-25159
-28038
-30277
-31822
-32637
-32702
-32014
-30588
-28456
-25665
-22280
-18377
-14047
-9388
-4509
477
5455
10308
14924
19194
23018
26305
28979
30974
32243
32756
32498
31476
29711
27244
24133
20449
16280
11722
6884
1880
-3170
-8148
-12935
-17416
-21484
-25041
-28000
-30291
-31856
-32659
-32677
-31909
-30373
-28105
-25157
-21600
-17520
-13013
-8189
-3163
1941
7001
11893
16499
20705
24407
27516
29953
31659
32589
32721
32049
30590
28377
25463
21921
17836
13307
8448
3377
-1780
-6896
-11843
-16499
-20746
-24479
-27603
-30040
-31727
-32621
-32699
-31957
-30413
-28105
-25088
-21439
-17247
-12618
-7668
-2522
2689
7836
12787
17416
21605
25247
28248
30530
32035
32723
32574
31592
29801
27244
23987
20112
15718
10917
5832
595
-4660
-9798
-14685
-19194
-23208
-26622
-29345
-31307
-32455
-32757
-32206
-30813
-28614
-25665
-22043
-17841
-13169
-8148
-2911
2405
7661
12717
17440
21705
25397
28419
30689
32146
32750
32483
31352
29385
26633
23169
19084
14487
9500
4255
-1105
-6439
-11603
-16457
-20870
-24723
-27911
-30346
-31961
-32712
-32578
-31559
-29684
-27001
-23582
-19519
-14922
-9916
-4636
771
6162
11386
16301
20770
24671
27896
30354
31977
32719
32558
31498
29565
26813
23317
19172
14492
9407
4058
-1405
-6833
-12073
-16978
-21411
-25247
-28377
-30713
-32188
-32760
-32410
-31148
-29007
-26047
-22351
-18021
-13179
-7961
-2516
3003
8440
13640
18454
22745
26389
29282
31340
32503
32737
32033
30409
27913
24613
20604
16000
10932
5547
0
-5550
-10942
-16021
-20637
-24657
-27963
-30458
-32068
-32745
-32468
-31244
-29107
-26118
-22364
-17952
-13013
-7689
-2137
3479
8997
14252
19090
23367
26955
29748
31662
32640
32650
31691
29790
27003
23411
19119
14256
8965
3403
-2262
-7862
-13230
-18204
-22633
-26385
-29345
-31423
-32556
-32707
-31871
-30072
-27362
-23823
-19561
-14703
-9397
-3803
1908
7565
12994
18030
22517
26318
29316
31419
32559
32702
31841
30001
27238
23635
19302
14372
8996
3339
-2422
-8112
-13553
-18577
-23026
-26761
-29667
-31650
-32648
-32629
-31591
-29565
-26615
-22829
-18327
-13249
-7752
-2009
3799
9491
14886
19815
24120
27666
30338
32052
32751
32412
31044
28690
25423
21345
16586
11295
5642
-193
-6025
-11667
-16938
-21669
-25706
-28920
-31206
-32489
-32726
-31909
-30063
-27244
-23544
-19081
-13998
-8460
-2644
3259
9060
14569
19606
24006
27626
30346
32075
32756
32366
30916
28451
25051
20827
15917
10480
4696
-1244
-7147
-12817
-18065
-22719
-26622
-29644
-31684
-32674
-32578
-31398
-29173
-25975
-21909
-17110
-11737
-5969
0
5972
11747
17130
21941
26016
29217
31436
32596
32657
31615
29504
26395
22390
17625
12260
6476
470
-5554
-11392
-16845
-21726
-25867
-29127
-31393
-32585
-32662
-31619
-29491
-26349
-22301
-17483
-12062
-6222
-166
5898
11762
17222
22088
26191
29387
31566
32648
32597
31411
29131
25835
21636
16679
11138
5205
-912
-7001
-12847
-18244
-23003
-26955
-29960
-31912
-32739
-32412
-30940
-28374
-24803
-20353
-15179
-9465
-3413
2763
8843
14612
19863
24407
28083
30758
32334
32755
32003
30103
27124
23169
18381
12929
7010
836
-5370
-11386
-16993
-21989
-26191
-29446
-31636
-32680
-32538
-31214
-28754
-25247
-20819
-15630
-9868
-3744
2518
8692
14551
19879
24480
28184
30855
32393
32739
31880
29845
26709
22585
17625
12011
5950
-333
-6607
-12639
-18204
-23094
-27128
-30152
-32055
-32763
-32248
-30528
-27666
-23767
-18976
-13473
-7461
-1167
5173
11322
17047
22132
26385
29644
31785
32724
32427
30901
28203
24435
19738
14288
8294
1981
-4409
-10635
-16457
-21654
-26025
-29402
-31656
-32697
-32485
-31027
-28377
-24634
-19943
-14481
-8460
-2109
4324
10594
16457
21686
26077
29459
31699
32710
32451
30929
28203
24378
19601
14056
7961
1552
-4919
-11201
-17047
-22227
-26537
-29806
-31906
-32751
-32307
-30590
-27666
-23648
-18696
-13002
-6791
-309
6187
12441
18204
23246
27366
30398
32222
32762
31995
29951
26709
22398
17189
11289
4935
-1619
-8112
-14281
-19879
-24678
-28486
-31147
-32552
-32643
-31416
-28917
-25247
-20553
-15023
-8882
-2378
4225
10659
16662
21989
26421
29777
31918
32756
32254
30432
27362
23169
18024
12137
5748
-879
-7473
-13762
-19485
-24407
-28323
-31070
-32533
-32650
-31414
-28875
-25136
-20353
-14721
-8475
-1874
4807
11292
17307
22602
26955
30182
32146
32765
32010
29911
26556
22083
16679
10571
4016
-2711
-9326
-15551
-21121
-25799
-29387
-31732
-32732
-32344
-30582
-27520
-23286
-18060
-12062
-5547
1206
7911
14280
20041
24947
28786
31393
32653
32513
30975
28105
24024
18906
12972
6476
-301
-7069
-13534
-19415
-24458
-28443
-31196
-32596
-32580
-31148
-28360
-24336
-19250
-13322
-6811
0
6813
13332
19269
24364
28393
31178
32594
32578
31129
28309
24241
19103
13120
6555
-301
-7147
-13680
-19609
-24671
-28641
-31340
-32648
-32505
-30916
-27948
-23735
-18460
-12360
-5706
1206
8067
14569
20421
25359
29162
31656
32728
32328
30473
27244
22786
17298
11027
4255
-2711
-9557
-15974
-21669
-26383
-29901
-32062
-32766
-31979
-29736
-26137
-21345
-15577
-9095
-2195
4807
11593
17850
23291
27666
30771
32464
32665
31362
28614
24546
19345
13249
6538
-477
-7473
-14125
-20126
-25196
-29098
-31650
-32732
-32292
-30349
-26991
-22374
-16712
-10266
-3339
3746
10659
17076
22694
27251
30530
32377
32702
31489
28793
24740
19519
13375
6597
-494
-7565
-14281
-20323
-25404
-29282
-31772
-32753
-32178
-30072
-26533
-21729
-15887
-9285
-2238
4919
11843
18204
23695
28052
31066
32589
32548
30942
27847
23411
17845
11416
4435
-2763
-9830
-16425
-22227
-26955
-30378
-32330
-32713
-31507
-28769
-24631
-19293
-13013
-6096
1120
8285
15047
21076
26077
29802
32068
32763
31850
29372
25451
20276
14101
7230
0
-7232
-14111
-20295
-25478
-29402
-31872
-32764
-32033
-29711
-25913
-20827
-14703
-7845
-595
6688
13640
19914
25196
29220
31785
32759
32093
29819
26047
20967
14832
7950
664
-6656
-13645
-19948
-25247
-29273
-31822
-32763
-32046
-29706
-25861
-20703
-14492
-7543
-209
7138
14125
20396
25629
29557
31977
32766
31880
29363
25342
20022
13674
6622
-771
-8129
-15071
-21240
-26318
-30042
-32219
-32734
-31559
-28754
-24461
-18901
-12360
-5177
2276
9615
16457
22447
27271
30678
32489
32608
31026
27825
23169
17302
10527
3199
-4298
-11573
-18244
-23960
-28419
-31387
-32705
-32302
-30198
-26501
-21406
-15179
-8148
-684
6817
13962
20369
25700
29668
32064
32757
31710
28975
24698
19103
12488
5205
-2358
-9798
-16717
-22745
-27557
-30894
-32577
-32513
-30703
-27244
-22319
-16192
-9191
-1693
5898
13175
19743
25247
29388
31941
32765
31816
29141
24884
19276
12618
5272
-2362
-9871
-16845
-22903
-27714
-31014
-32621
-32445
-30495
-26875
-21781
-15492
-8351
-749
6896
14165
20658
26016
29942
32220
32721
31417
28377
23767
17841
10926
3403
-4310
-11787
-18613
-24407
-28847
-31684
-32759
-32010
-29476
-25298
-19707
-13013
-5590
2148
9769
16845
22980
27828
31116
32659
32366
30254
26438
21133
14635
7310
-430
-8148
-15409
-21801
-26962
-30598
-32502
-32563
-30778
-27244
-22162
-15818
-8572
-836
6950
14343
20920
26305
30190
32350
32661
31103
27762
22829
16586
9388
1649
-6187
-13670
-20369
-25898
-29936
-32249
-32702
-31267
-28024
-23161
-16955
-9766
-2009
5867
13405
20168
25762
29860
32222
32709
31291
28049
23169
16936
9711
1916
-5992
-13553
-20323
-25904
-29968
-32275
-32687
-31179
-27837
-22855
-16527
-9222
-1372
6562
14111
20829
26318
30252
32397
32623
30916
27374
22206
15718
8294
373
-7571
-15067
-21669
-26980
-30683
-32556
-32483
-30469
-26631
-21197
-14492
-6916
1077
9009
16402
22811
27851
31216
32702
32218
29790
25564
19793
12824
5078
-2978
-10856
-18080
-24210
-28873
-31785
-32766
-31757
-28816
-24119
-17952
-10689
-2772
5316
13083
20053
25799
29968
32304
32662
31017
27469
22233
15630
8064
0
-8067
-15639
-22251
-27492
-31038
-32669
-32282
-29899
-25665
-19840
-12785
-4935
3223
11185
18454
24578
29176
31960
32754
31507
28295
23317
16881
9388
1306
-6859
-14599
-21426
-26913
-30713
-32587
-32415
-30206
-26096
-20343
-13307
-5431
2789
10837
18204
24423
29100
31937
32755
31498
28244
23199
16679
9099
938
-7285
-15047
-21854
-27271
-30951
-32659
-32282
-29844
-25497
-19519
-12290
-4271
4023
12062
19330
25359
29762
32252
32670
30984
27303
21861
15008
7184
-1105
-9326
-16947
-23474
-28484
-31650
-32766
-31757
-28687
-23753
-17274
-9670
-1435
6896
14781
21705
27215
30951
32666
32248
29720
25247
19119
11737
3583
-4807
-12886
-20121
-26035
-30239
-32455
-32534
-30469
-26395
-20578
-13400
-5336
3083
11302
18775
25007
29584
32200
32681
30992
27244
21684
14679
6695
-1736
-10055
-17706
-24178
-29038
-31959
-32744
-31340
-27837
-22468
-15592
-7668
771
9163
16942
23583
28641
31772
32764
31548
28203
22955
16155
8261
-193
-8637
-16499
-23246
-28419
-31667
-32766
-31641
-28366
-23161
-16378
-8479
0
8482
16388
23178
28387
31659
32766
31633
28334
23092
16267
8323
-193
-8699
-16610
-23382
-28547
-31748
-32764
-31521
-28105
-22748
-15818
-7793
771
9287
17161
23850
28887
31923
32744
31292
27666
22114
15023
6884
-1736
-10238
-18030
-24565
-29387
-32158
-32681
-30919
-26991
-21173
-13868
-5590
3083
11543
19194
25499
30012
32414
32534
30361
26047
19895
12336
3903
-4807
-13181
-20625
-26610
-30711
-32637
-32248
-29569
-24790
-18247
-10405
-1820
6896
15124
22277
27843
31423
32760
31757
28483
23169
16196
8060
-655
-9326
-17331
-24094
-29127
-32068
-32703
-30984
-27033
-21133
-13707
-5289
3511
12062
19743
25999
30374
32552
32371
29844
25150
18630
10754
2094
-6719
-15047
-22282
-27896
-31478
-32765
-31661
-28244
-22763
-15616
-7324
1506
10228
18204
24847
29668
32313
32585
30461
26096
19809
12062
3423
-5469
-13962
-21426
-27310
-31178
-32740
-31881
-28661
-23317
-16242
-7961
912
9721
17811
24578
29519
32265
32608
30520
26157
19840
12041
3339
-5613
-14150
-21629
-27492
-31296
-32755
-31758
-28377
-22863
-15630
-7219
1736
10564
18599
25234
29968
32443
32468
30041
25342
18725
10689
1842
-7147
-15598
-22868
-28404
-31785
-32751
-31227
-27327
-21345
-13736
-5078
3969
12717
20496
26712
30887
32702
32014
28875
23522
16364
7950
-1077
-10024
-18204
-24986
-29848
-32414
-32483
-30050
-25298
-18593
-10451
-1499
7571
16058
23305
28750
31969
32711
30916
26720
20449
12587
3744
-5391
-14111
-21734
-27666
-31442
-32766
-31533
-27837
-21964
-14372
-5653
3510
12401
20323
26654
30894
32710
31957
28692
23169
15822
7226
-1941
-10958
-19113
-25762
-30378
-32596
-32237
-29328
-24096
-16955
-8469
691
9799
18132
25028
29936
32465
32412
29778
24772
17791
9388
234
-8940
-17404
-24479
-29598
-32350
-32513
-30072
-25219
-18342
-9991
-836
8388
16942
24135
29387
32275
32563
30226
25451
18620
10283
1113
-8148
-16754
-24006
-29316
-32252
-32574
-30254
-25477
-18630
-10266
-1066
8222
16845
24098
29390
32286
32549
30156
25298
18372
9941
695
-8610
-17213
-24407
-29603
-32371
-32482
-29925
-24908
-17841
-9305
0
9307
17850
24924
29942
32491
32356
29546
24293
17028
8351
-1019
-10308
-18745
-25629
-30386
-32621
-32145
-28995
-23432
-15917
-7073
2362
11603
19879
26497
30903
32728
31816
28241
22301
14491
5464
-4023
-13175
-21224
-27492
-31451
-32766
-31324
-27244
-20868
-12732
-3519
5992
15001
22745
28568
31977
32682
30619
25962
19103
10622
1238
-8253
-17047
-24394
-29668
-32420
-32412
-29643
-24347
-16973
-8148
1373
10781
19269
26112
30723
32705
31886
28334
22351
14449
5304
-4298
-13534
-21608
-27826
-31650
-32749
-31026
-26627
-19930
-11510
-2094
7504
16457
23989
29446
32355
32460
29752
24461
17046
8148
-1459
-10942
-19477
-26318
-30870
-32732
-31742
-27983
-21780
-13674
-4371
5316
14541
22496
28484
31977
32669
30495
25645
18541
9807
209
-9410
-18204
-25397
-30356
-32640
-32046
-28625
-22675
-14721
-5464
4278
13645
21806
28038
31787
32719
30748
26047
19032
10324
695
-8997
-17892
-25196
-30256
-32621
-32077
-28669
-22701
-14703
-5389
4409
13816
21989
28193
31872
32694
30582
25725
18555
9715
0
-9718
-18563
-25739
-30598
-32699
-31850
-28126
-21861
-13619
-4144
5708
15047
23026
28920
32194
32549
29951
24631
17073
7961
-1876
-11547
-20168
-26955
-31287
-32766
-31257
-26894
-20073
-11416
-1713
8148
17267
24807
30076
32589
32113
28690
22632
14492
5018
-4919
-14407
-22570
-28657
-32104
-32591
-30072
-24775
-17189
-8012
1907
11653
20323
27113
31393
32763
31094
26539
19519
10683
852
-9060
-18132
-25519
-30530
-32697
-31816
-27965
-21503
-13031
-3339
6667
16052
23938
29584
32459
32292
29097
23169
15065
5543
-4501
-14125
-22423
-28612
-32108
-32578
-29977
-24546
-16798
-7461
2582
12385
21019
27666
31694
32721
30647
25665
18247
9095
-923
-10856
-19760
-26786
-31264
-32766
-31146
-26556
-19431
-10451
-470
9557
18675
26008
30855
32749
31507
27244
20368
11537
1595
-8501
-17784
-25359
-30497
-32702
-31758
-27754
-21074
-12360
-2451
7696
17103
24860
30215
32648
31922
28105
21563
12929
3039
-7147
-16643
-24525
-30025
-32607
-32016
-28309
-21844
-13249
-3359
6859
16412
24364
29939
32588
32050
28377
21924
13322
3413
-6833
-16412
-24382
-29960
-32596
-32028
-28309
-21804
-13150
-3199
7069
16643
24578
30089
32630
31946
28105
21482
12732
2719
-7565
-17103
-24947
-30318
-32680
-31797
-27754
-20951
-12062
-1970
8320
17784
25478
30633
32732
31565
27244
20200
11134
952
-9326
-18675
-26154
-31014
-32765
-31228
-26556
-19215
-9941
333
10578
19760
26955
31436
32749
30759
25665
17979
8475
-1887
-12062
-21019
-27851
-31864
-32650
-30126
-24546
-16475
-6728
3703
13762
22423
28806
32258
32427
29291
23169
14683
4696
-5772
-15653
-23938
-29777
-32571
-32033
-28214
-21503
-12587
-2378
8077
17706
25519
30711
32748
31416
26850
19519
10175
-219
-10594
-19879
-27113
-31549
-32726
-30520
-25157
-17189
-7439
3083
13289
22119
28657
32222
32441
29289
23092
14492
4381
-6187
-16114
-24364
-30076
-32652
-31820
-27666
-20619
-11416
-1017
9491
19008
26537
31287
32757
30792
25595
17709
7961
-2625
-12939
-21894
-28547
-32194
-32451
-29286
-23032
-14346
-4144
6498
16457
24678
30291
32699
31644
27238
19943
10531
0
-10533
-19951
-27251
-31656
-32694
-30254
-24592
-16309
-6286
4409
14637
23305
29487
32519
32077
28203
21312
12137
1660
-8997
-18692
-26385
-31248
-32757
-30748
-25434
-17383
-7461
3266
13645
22556
29038
32390
32248
28625
21909
12824
2351
-8378
-18204
-26061
-31098
-32765
-30880
-25645
-17625
-7689
3083
13524
22496
29023
32393
32235
28565
21780
12618
2077
-8692
-18516
-26318
-31245
-32755
-30681
-25247
-17046
-6975
3863
14280
23132
29446
32527
32033
28015
20915
11510
836
-9932
-19609
-27125
-31650
-32682
-30103
-24198
-15616
-5304
5596
15880
24407
30232
32705
31550
26894
19250
9465
-1373
-12062
-21411
-28379
-32188
-32412
-29022
-22395
-13267
-2656
8253
18244
26197
31222
32754
30619
25054
16679
6433
-4537
-15001
-23783
-29895
-32648
-31731
-27244
-19690
-9916
976
11762
21224
28293
32170
32415
28997
22301
13080
2378
-8595
-18599
-26497
-31393
-32729
-30352
-24528
-15917
-5494
5554
15974
24578
30386
32734
31352
26395
18425
8351
-2679
-13405
-22602
-29217
-32491
-32046
-27932
-20616
-10936
0
10939
20625
27944
32055
32482
29173
22507
13249
2462
-8610
-18692
-26622
-31481
-32707
-30156
-24119
-15293
-4696
6446
16845
25296
30817
32766
30916
25477
17079
6695
-4468
-15115
-24006
-30106
-32702
-31489
-26606
-18620
-8460
2689
13528
22788
29387
32552
31909
27532
19930
9991
-1120
-12103
-21669
-28693
-32350
-32208
-28280
-21025
-11295
-234
10856
20671
28052
32127
32412
28871
21921
12379
1372
-9799
-19815
-27487
-31906
-32545
-29328
-22632
-13249
-2291
8940
19113
27016
31708
32629
29666
23169
13911
2992
-8285
-18577
-26654
-31549
-32677
-29899
-23544
-14372
-3477
7836
18214
26411
31442
32702
30037
23764
14635
3744
-7598
-18030
-26293
-31393
-32711
-30086
-23833
-14703
-3796
7571
18026
26305
31405
32707
30050
23753
14577
3632
-7754
-18204
-26446
-31479
-32688
-29925
-23522
-14256
-3253
8148
18560
26712
31608
32650
29706
23135
13736
2656
-8751
-19090
-27095
-31785
-32581
-29385
-22585
-13013
-1842
9557
19786
27585
31994
32468
28947
21861
12081
809
-10564
-20637
-28166
-32219
-32293
-28377
-20951
-10932
440
11762
21629
28819
32437
32033
27653
19840
9561
-1907
-13142
-22745
-29519
-32621
-31661
-26755
-18514
-7961
3586
14689
23960
30239
32740
31148
25658
16955
6128
-5469
-16384
-25247
-30944
-32759
-30461
-24336
-15151
-4058
7546
18204
26572
31595
32638
29565
22763
13087
1756
-9798
-20118
-27896
-32148
-32332
-28424
-20915
-10754
771
12203
22088
29171
32552
31797
27001
18769
8148
-3511
-14727
-24069
-30346
-32754
-30984
-25260
-16309
-5272
6439
17331
26008
31359
32696
29845
23169
13521
2137
-9523
-19964
-27843
-32146
-32318
-28334
-20703
-10405
1234
12717
22564
29503
32637
31559
26407
17841
6968
-4807
-15965
-25058
-30909
-32757
-30361
-24028
-14577
-3233
8533
19194
27364
31977
32433
28669
21173
10917
-762
-12345
-22321
-29387
-32619
-31592
-26438
-17828
-6884
4961
16161
25247
31028
32744
30168
23635
13998
2522
-9287
-19879
-27860
-32179
-32265
-28105
-20242
-9711
2101
13640
23382
30040
32733
31103
25362
16267
5018
-6896
-17901
-26537
-31659
-32585
-29190
-21921
-11741
0
11743
21929
29201
32589
31641
26480
17791
6728
-5233
-16499
-25566
-31222
-32709
-29826
-22955
-13013
-1327
10537
20994
28641
32450
31909
27088
18630
7668
-4324
-15739
-25041
-30976
-32744
-30105
-23411
-13561
-1880
10055
20637
28436
32397
31982
27244
18822
7852
-4182
-15653
-25007
-30974
-32743
-30072
-23319
-13400
-1660
10308
20879
28612
32455
31881
26966
18377
7282
-4807
-16245
-25468
-31216
-32702
-29720
-22675
-12528
-664
11292
21705
29147
32596
31576
26225
17274
5950
-6193
-17489
-26383
-31650
-32564
-28995
-21433
-10917
1105
12978
23064
29968
32737
30984
24950
15465
3839
-8320
-19330
-27666
-32170
-32217
-27796
-19519
-8531
3643
15314
24860
30951
32739
29972
23032
12884
938
-11141
-21669
-29176
-32613
-31498
-25982
-16835
-5332
6918
18204
26944
31912
32410
28366
20343
9465
-2743
-14569
-24351
-30713
-32759
-30198
-23387
-13283
-1306
10856
21492
29100
32604
31507
25962
16748
5166
-7147
-18454
-27152
-32008
-32332
-28076
-19840
-8789
3510
15314
24947
31038
32720
29752
22551
12140
0
-12143
-22559
-29762
-32723
-31017
-24884
-15198
-3339
8998
20053
28242
32393
31908
26854
17952
6476
-5930
-17489
-26541
-31785
-32465
-28481
-20402
-9388
2978
14918
24714
30951
32730
29790
22554
12062
-172
-12385
-22811
-29942
-32746
-30813
-24421
-14492
-2462
9926
20879
28806
32556
31581
26021
16679
4912
-7571
-18956
-27585
-32200
-32127
-27374
-18630
-7167
5342
17076
26318
31719
32485
28504
20353
9222
-3259
-15267
-25041
-31147
-32687
-29434
-21861
-11077
1334
13553
23783
30517
32764
30189
23169
12736
423
-11953
-22570
-29860
-32743
-30792
-24293
-14202
-2009
10483
21426
29201
32652
31267
25247
15482
3419
-9153
-20369
-28563
-32514
-31633
-26047
-16586
-4654
7973
19415
27967
32350
31910
26709
17520
5712
-6950
-18577
-27428
-32179
-32116
-27244
-18292
-6597
6088
17864
26962
32015
32263
27666
18910
7310
-5391
-17284
-26579
-31872
-32366
-27983
-19380
-7852
4862
16845
26287
31760
32433
28203
19707
8226
-4501
-16550
-26094
-31684
-32472
-28334
-19895
-8434
4310
16402
26003
31651
32486
28377
19946
8475
-4288
-16402
-26016
-31662
-32478
-28334
-19861
-8351
4437
16550
26133
31717
32445
28203
19638
8060
-4756
-16845
-26351
-31812
-32386
-27983
-19276
-7602
5243
17284
26666
31941
32293
27666
18769
6975
-5898
-17864
-27071
-32095
-32157
-27244
-18113
-6176
6719
18577
27557
32265
31968
26709
17302
5205
-7702
-19415
-28111
-32434
-31710
-26047
-16326
-4058
8843
20369
28719
32588
31368
25247
15179
2736
-10137
-21426
-29364
-32705
-30922
-24293
-13853
-1238
11573
22570
30025
32764
30353
23169
12339
-434
-13142
-23783
-30678
-32739
-29638
-21861
-10632
2276
14829
25041
31296
32604
28754
20353
8727
-4282
-16616
-26318
-31849
-32328
-27676
-18630
-6622
6439
18480
27585
32302
31880
26381
16679
4318
-8734
-20396
-28806
-32620
-31227
-24845
-14492
-1820
11144
22329
29942
32763
30335
23047
12062
-859
-13645
-24243
-30951
-32688
-29173
-20967
-9388
3703
16202
26094
31785
32354
27709
18593
6476
-6688
-18775
-27832
-32393
-31718
-25913
-15915
-3339
9779
21317
29402
32723
30737
23764
12933
0
-12935
-23772
-30745
-32720
-29372
-21243
-9654
3510
16105
26077
31798
32332
27590
18342
6096
-7147
-19226
-28162
-32493
-31507
-25362
-15061
-2291
10856
22227
29953
32765
30198
22670
11416
-1716
-14569
-25028
-31370
-32548
-28366
-19509
-7435
5867
18204
27539
32330
31782
25982
15887
3163
-10086
-21669
-29667
-32753
-30413
-23032
-11831
1334
14281
24860
31312
32563
28403
19519
7387
-5976
-18347
-27666
-32377
-31693
-25725
-15465
-2622
10659
22164
29968
32766
30086
22374
10917
-2369
-15261
-25599
-31650
-32396
-27709
-18372
-5950
7473
19643
28516
32596
31195
24546
13765
664
-12550
-23653
-30771
-32702
-29116
-20616
-8634
4807
17440
27128
32230
31881
26137
15968
3092
-10308
-21966
-29901
-32766
-30072
-22272
-10689
2711
15653
25937
31812
32275
27244
17574
4908
-8595
-20637
-29162
-32712
-30681
-23411
-12140
1206
14349
25041
31451
32480
27948
18630
6117
-7445
-19735
-28641
-32634
-31026
-24089
-13013
301
13567
24501
31222
32570
28309
19172
6728
-6876
-19298
-28393
-32589
-31159
-24347
-13326
0
13328
24354
31166
32585
28360
19220
6748
-6896
-19347
-28443
-32604
-31103
-24198
-13087
301
13640
24608
31294
32533
28105
18778
6176
-7504
-19879
-28786
-32669
-30847
-23635
-12290
1206
14493
25247
31583
32389
27520
17828
5008
-8692
-20870
-29387
-32745
-30352
-22624
-10917
2711
15865
26229
31977
32094
26556
16335
3233
-10442
-22277
-30182
-32757
-29546
-21112
-8944
4807
17712
27483
32390
31559
25136
14256
845
-12717
-24026
-31070
-32598
-28334
-19032
-6345
7473
19964
28903
32697
30666
23169
11540
-2148
-15456
-26008
-31918
-32127
-26596
-16309
-3103
10659
22517
30346
32741
29270
20553
8148
-5719
-18563
-28078
-32552
-31179
-24202
-12874
771
14281
25223
31625
32332
27214
17189
4062
-9798
-21894
-30040
-32762
-29565
-21025
-8682
5233
18204
27882
32514
31257
24336
13002
-691
-14262
-25247
-31650
-32307
-27094
-16955
-3732
10171
22227
30239
32747
29289
20494
7961
-6025
-18915
-28356
-32621
-30929
-23586
-11931
1907
15400
26077
31982
32033
26215
15592
2109
-11762
-23479
-30889
-32629
-28377
-18910
-5966
8077
20637
29402
32756
30080
21861
9613
-4409
-17621
-27585
-32459
-31342
-24435
-13013
816
14497
25499
31785
32188
26631
16140
2656
-11322
-23203
-30782
-32650
-28456
-18976
-5969
8148
20755
29503
32763
29925
21514
9095
-5021
-18204
-27995
-32564
-31058
-23753
-12011
1977
15598
26305
32095
31880
25698
14703
952
-12978
-24480
-31393
-32418
-27360
-17165
-3744
10381
22559
30497
32702
28754
19394
6380
-7836
-20580
-29446
-32762
-29899
-21393
-8847
5370
18577
28275
32630
30814
23169
11138
-3003
-16579
-27016
-32334
-31523
-24733
-13249
751
14612
25700
31906
32048
26096
15179
1372
-12698
-24354
-31371
-32412
-27273
-16932
-3359
10856
23003
30758
32638
28280
18514
5205
-9101
-21669
-30089
-32747
-29131
-19930
-6905
7445
20371
29387
32762
29844
21189
8460
-5898
-19125
-28673
-32702
-30433
-22301
-9868
4468
17946
27963
32585
30916
23274
11134
-3159
-16845
-27275
-32428
-31305
-24119
-12260
1977
15833
26622
32247
31615
24845
13249
-923
-14918
-26016
-32055
-31858
-25461
-14105
0
14107
25468
31864
32046
25975
14832
792
-13405
-24986
-31684
-32188
-26395
-15435
-1452
12817
24578
31525
32292
26727
15917
1981
-12345
-24250
-31393
-32366
-26976
-16280
-2378
11993
24006
31293
32415
27148
16527
2644
-11762
-23850
-31230
-32442
-27244
-16660
-2779
11653
23783
31206
32451
27267
16679
2783
-11667
-23806
-31222
-32441
-27217
-16586
-2656
11803
23919
31277
32412
27094
16378
2398
-12062
-24120
-31370
-32361
-26894
-16056
-2009
12441
24407
31496
32285
26615
15616
1488
-12939
-24777
-31650
-32178
-26251
-15055
-836
13553
25223
31826
32033
25797
14372
52
-14280
-25739
-32015
-31841
-25247
-13561
863
15115
26318
32208
31592
24592
12618
-1908
-16052
-26950
-32393
-31276
-23823
-11540
3083
17085
27622
32556
30880
22932
10324
-4384
-18204
-28323
-32682
-30389
-21909
-8965
5807
19399
29038
32755
29790
20744
7461
-7347
-20658
-29748
-32757
-29067
-19428
-5811
8997
21966
30436
32669
28203
17952
4016
-10746
-23305
-31079
-32468
-27184
-16309
-2077
12583
24657
31656
32135
25992
14491
0
-14493
-25999
-32139
-31644
-24613
-12494
2208
16457
27304
32503
30975
23032
10317
-4537
-18454
-28547
-32719
-30103
-21238
-7961
6971
20458
29694
32757
29007
19220
5431
-9491
-22439
-30713
-32587
-27666
-16973
-2736
12073
24364
31568
32177
26060
14492
-108
-14689
-26197
-32222
-31498
-24174
-11781
3083
17304
27896
32634
30520
21996
8847
-6162
-19879
-29416
-32766
-29219
-19519
-5706
9311
22368
30711
32578
27570
16743
2378
-12491
-24723
-31732
-32033
-25558
-13674
1105
15653
26888
32428
31095
23169
10328
-4707
-18745
-28806
-32750
-29736
-20402
-6728
8378
21705
30414
32650
27932
17262
2911
-12062
-24465
-31651
-32083
-25665
-13765
1077
15692
26955
32455
31012
22932
9941
-5180
-19194
-29098
-32765
-29406
-19738
-5832
9326
22486
30817
32526
27244
16102
1495
-13436
-25478
-32035
-31693
-24521
-12062
2999
17416
28078
32680
30226
21243
7668
-7565
-21167
-30192
-32685
-28105
-17438
-2992
12103
24578
31727
31995
25321
13150
-1876
-16499
-27539
-32596
-30567
-21889
-8448
6833
20630
29936
32722
28377
17845
3419
-11753
-24364
-31659
-32040
-25423
-13249
1823
16499
27568
32607
30508
21729
8189
-7147
-20920
-30108
-32693
-28105
-17347
-2779
12401
24860
31856
31850
24838
12360
-2839
-17416
-28160
-32702
-30037
-20749
-6884
8501
22013
30668
32552
27244
15915
1066
-14020
-26008
-32243
-31342
-23500
-10451
4915
19194
29220
32766
29042
18871
4509
-10856
-23813
-31479
-32147
-25665
-13473
1720
16533
27666
32637
30335
21271
7461
-8015
-21705
-30552
-32578
-27327
-15968
-1038
14125
26133
32294
31228
23169
9920
-5554
-19786
-29584
-32748
-28565
-17970
-3339
12043
24723
31849
31816
24627
11897
-3511
-18132
-28673
-32755
-29458
-19519
-5177
10334
23516
31393
32182
25702
13414
-1907
-16800
-27896
-32682
-30072
-20653
-6555
9029
22570
30997
32395
26445
14492
-751
-15827
-27310
-32589
-30461
-21406
-7481
8148
21926
30713
32507
26894
15151
-48
-15238
-26955
-32522
-30664
-21804
-7961
7702
21608
30575
32549
27076
15403
202
-15047
-26852
-32503
-30703
-21861
-8002
7696
21629
30598
32538
27001
15255
0
-15257
-27007
-32541
-30582
-21579
-7602
8129
21989
30779
32468
26664
14703
-655
-15865
-27411
-32621
-30288
-20948
-6758
8997
22672
31098
32318
26047
13736
-1763
-16855
-28038
-32713
-29790
-19946
-5464
10289
23653
31516
32046
25116
12336
-3319
-18204
-28847
-32766
-29042
-18541
-3711
11987
24889
31977
31593
23823
10480
-5316
-19871
-29777
-32711
-27983
-16697
-1495
14059
26318
32404
30885
22114
8148
-7733
-21801
-30745
-32460
-26539
-14372
1180
16457
27860
32699
29832
19930
5325
-10537
-23916
-31650
-31910
-24631
-11530
4298
19113
29409
32747
28334
17210
2009
-13670
-26112
-32365
-30942
-22178
-8148
7817
21929
30833
32412
26285
13907
-1780
-17047
-28259
-32743
-29429
-19103
-4222
11667
24777
31977
31548
23586
9991
-5992
-20546
-30192
-32619
-27244
-15350
219
15739
27492
32660
30001
20149
5464
-10533
-24006
-31719
-31816
-24270
-10892
5106
19879
29873
32681
27625
15917
373
-15261
-27221
-32621
-30156
-20416
-5748
10308
23879
31684
31836
24293
10875
-5173
-19973
-29942
-32665
-27477
-15633
0
15636
27483
32666
29925
19920
5078
-10999
-24407
-31886
-31615
-23656
-9941
6193
20824
30386
32549
26782
14487
-1341
-16845
-28242
-32749
-29262
-18630
-3445
12583
25539
32252
31078
22301
8064
-8148
-22368
-31111
-32231
-25451
-12429
3643
18824
29387
32737
28047
16465
836
-15001
-27152
-32625
-30072
-20115
-5205
10989
24479
31937
31523
23335
9388
-6876
-21447
-30723
-32412
-26092
-13322
2743
18132
29038
32759
28371
16955
1338
-14612
-26944
-32596
-30164
-20247
-5304
10958
24501
31960
31477
23169
9099
-7236
-21774
-30894
-32323
-25702
-12676
3510
18824
29446
32724
27837
16000
166
-15711
-27666
-32707
-29572
-19041
-3744
12491
25602
32304
30916
21780
7184
-9215
-23305
-31551
-31880
-24205
-10451
5930
20824
30486
32483
26311
13518
-2679
-18204
-29147
-32749
-28098
-16364
-502
15488
27574
32702
29574
18976
3583
-12717
-25806
-32371
-30748
-21345
-6538
9926
23879
31785
31636
23467
9346
-7147
-21830
-30974
-32254
-25342
-11991
4409
19692
29968
32623
26976
14462
-1736
-17495
-28798
-32764
-28377
-16752
-852
15267
27492
32699
29554
18857
3339
-13034
-26077
-32450
-30520
-20777
-5712
10817
24578
32042
31291
22515
7961
-8637
-23021
-31496
-31881
-24075
-10079
6509
21426
30833
32307
25463
12062
-4448
-19815
-30076
-32585
-26689
-13907
2465
18204
29244
32732
27762
15616
-569
-16610
-28356
-32765
-28692
-17189
-1231
15047
27428
32699
29490
18630
2932
-13528
-26478
-32552
-30168
-19943
-4530
12062
25519
32337
30737
21133
6022
-10659
-24565
-32068
-31208
-22206
-7407
9326
23628
31760
31593
23169
8686
-8070
-22719
-31423
-31903
-24028
-9858
6896
21846
31070
32147
24790
10926
-5807
-21019
-30711
-32336
-25461
-11891
4807
20244
30356
32478
26047
12755
-3899
-19528
-30012
-32581
-26556
-13521
3083
18877
29687
32654
26991
14192
-2362
-18294
-29387
-32703
-27360
-14769
1736
17784
29119
32734
27666
15255
-1206
-17349
-28887
-32752
-27913
-15652
771
16993
28695
32761
28105
15962
-434
-16717
-28547
-32765
-28244
-16186
193
16523
28443
32766
28334
16326
-48
-16412
-28387
-32766
-28374
-16382
0
0
0
0
0
0
0
0
0
0
0
0
0
0
0
0
0
0
0
0
0
0
0
0
0
0
0
0
0
0
0
0
0
0
0
0
0
0
0
0
0
0
0
0
0
0
0
0
0
0
0
0
0
0
0
0
0
0
0
0
0
0
0
0
0
0
0
0
0
0
0
0
0
0
0
0
0
0
0
0
0
0
0
0
0
0
0
0
0
0
0
0
0
0
0
0
0
0
0
0
0
0
0
0
0
0
0
0
0
0
0
0
0
0
0
0
0
0
0
0
0
0
0
0
0
0
0
0
0
0
0
0
0
0
0
0
0
0
0
0
0
0
0
0
0
0
0
0
0
0
0
0
0
0
0
0
0
0
0
0
0
0
0
0
0
0
0
0
0
0
0
0
0
0
0
0
0
0
0
0
0
0
0
0
0
0
0
0
0
0
0
0
0
0
0
0
0
0
0
0
0
0
0
0
0
0
0
0
0
0
0
0
0
0
0
0
0
0
0
0
0
0
0
0
0
0
0
0
0
0
0
0
0
0
0
0
0
0
0
0
0
0
0
0
0
0
0
0
0
0
0
0
0
0
0
0
0
0
0
0
0
0
0
0
0
0
0
0
0
0
0
0
0
0
0
0
0
0
0
0
0
0
0
0
0
0
0
0
0
0
0
0
0
0
0
0
0
0
0
0
0
0
0
0
0
0
0
0
0
0
0
0
0
0
0
0
0
0
0
0
0
0
0
0
0
0
0
0
0
0
0
0
0
0
0
0
0
0
0
0
0
0
0
0
0
0
0
0
0
0
0
0
0
0
0
0
0
0
0
0
0
0
0
0
0
0
0
0
0
0
0
0
0
0
0
0
0
0
0
0
0
0
0
0
0
0
0
0
0
0
0
0
0
0
0
0
0
0
0
0
0
0
0
0
0
0
0
0
0
0
0
0
0
0
0
0
0
0
0
0
0
0
0
0
0
0
0
0
0
0
0
0
0
0
0
0
0
0
0
0
0
0
0
0
0
0
0
0
0
0
0
0
0
0
0
0
0
0
0
0
0
0
0
0
0
0
0
0
0
0
0
0
0
0
0
0
0
0
0
0
0
0
0
0
0
0
0
0
0
0
0
0
0
0
0
0
0
0
0
0
0
0
0
0
0
0
0
0
0
0
0
0
0
0
0
0
0
0
0
0
0
0
0
0
0
0
0
0
0
0
0
0
0
0
0
0
0
0
0
0
0
0
0
0
0
0
0
0
0
0
0
0
0
0
0
0
0
0
0
0
0
0
0
0
0
0
0
0
0
0
0
0
0
0
0
0
0
0
0
0
0
0
0
0
0
0
0
0
0
0
0
0
0
0
0
0
0
0
0
0
0
0
0
0
0
0
0
0
0
0
0
0
0
0
0
0
0
0
0
0
0
0
0
0
0
0
0
0
0
0
0
0
0
0
0
0
0
0
0
0
0
0
0
0
0
0
0
0
0
0
0
0
0
0
0
0
0
0
0
0
0
0
0
0
0
0
0
0
0
0
0
0
0
0
0
0
0
0
0
0
0
0
0
0
0
0
0
0
0
0
0
0
0
0
0
0
0
0
0
0
0
0
0
0
0
0
0
0
0
0
0
0
0
0
0
0
0
0
0
0
0
0
0
0
0
0
0
0
0
0
0
0
0
0
0
0
0
0
0
0
0
0
0
0
0
0
0
0
0
0
0
0
0
0
0
0
0
0
0
0
0
0
0
0
0
0
0
0
0
0
0
0
0
0
0
0
0
0
0
0
0
0
0
0
0
0
0
0
0
0
0
0
0
0
0
0
0
0
0
0
0
0
0
0
0
0
0
0
0
0
0
0
0
0
0
0
0
0
0
0
0
0
0
0
0
0
0
0
0
0
0
0
0
0
0
0
0
0
0
0
0
0
0
0
0
0
0
0
0
0
0
0
0
0
0
0
0
0
0
0
0
0
0
0
0
0
0
0
0
0
0
0
0
0
0
0
0
0
0
0
0
0
0
0
0
0
0
0
0
0
0
0
0
0
0
0
0
0
0
0
0
0
0
0
0
0
0
0
0
0
0
0
0
0
0
0
0
0
0
0
0
0
0
0
0
0
0
0
0
0
0
0
0
0
0
0
0
0
0
0
0
0
0
0
0
0
0
0
0
0
0
0
0
0
0
0
0
0
0
0
3485
3519
3606
3702
3747
3671
3411
2921
2187
1228
96
-1125
-2339
-3441
-4339
-4964
-5282
-5293
-5037
-4576
-3993
-3369
-2775
-2256
-1830
-1480
-1164
-826
-404
148
855
1705
2650
3609
4477
5144
5508
5495
5073
4262
3133
1799
407
-888
-1941
-2639
-2919
-2774
-2258
-1475
-566
313
1019
1434
1493
1182
551
-305
-1259
-2169
-2905
-3368
-3506
-3317
-2853
-2202
-1480
-802
-264
71
191
129
-37
-205
-263
-115
300
994
1922
2984
4039
4927
5489
5600
5183
4232
2811
1053
-855
-2701
-4271
-5382
-5903
-5777
-5028
-3756
-2122
-333
1395
2859
3895
4397
4329
3724
2675
1321
-173
-1644
-2940
-3943
-4577
-4810
-4653
-4149
-3367
-2388
-1296
-173
907
1883
2704
3324
3712
3842
3705
3306
2670
1846
904
-61
-948
-1647
-2063
-2124
-1797
-1095
-83
1127
2390
3539
4409
4861
4798
4183
3045
1477
-372
-2320
-4173
-5747
-6896
-7526
-7606
-7166
-6291
-5104
-3748
-2358
-1051
95
1045
1802
2402
2900
3352
3800
4263
4728
5155
5480
5632
5546
5176
4510
3571
2417
1133
-177
-1416
-2496
-3361
-3987
-4383
-4586
-4647
-4620
-4542
-4428
-4261
-3999
-3580
-2943
-2040
-858
570
2159
3772
5240
6377
7016
7027
6350
5009
3114
859
-1507
-3707
-5474
-6589
-6913
-6410
-5151
-3311
-1138
1073
3032
4484
5255
5267
4556
3256
1583
-200
-1827
-3063
-3741
-3781
-3204
-2118
-702
823
2237
3343
4003
4150
3797
3023
1962
771
-391
-1394
-2149
-2620
-2821
-2807
-2653
-2441
-2237
-2077
-1965
-1871
-1743
-1521
-1156
-623
66
863
1682
2418
2963
3226
3152
2735
2022
1112
134
-761
-1440
-1797
-1779
-1395
-718
131
1001
1733
2194
2294
2009
1382
519
-428
-1290
-1904
-2147
-1960
-1355
-422
684
1774
2645
3119
3074
2464
1330
-201
-1939
-3651
-5102
-6085
-6457
-6159
-5224
-3775
-2003
-137
1583
2956
3835
4155
3942
3303
2405
1453
648
162
102
498
1295
2362
3512
4531
5210
5379
4935
3857
2213
155
-2102
-4313
-6223
-7612
-8316
-8254
-7433
-5951
-3981
-1752
482
2473
4008
4931
5165
4717
3674
2194
479
-1241
-2747
-3846
-4401
-4343
-3678
-2485
-907
869
2639
4198
5373
6038
6132
5661
4700
3376
1856
316
-1071
-2172
-2899
-3224
-3179
-2848
-2353
-1827
-1399
-1163
-1168
-1406
-1813
-2278
-2663
-2828
-2654
-2069
-1064
297
1887
3522
4989
6077
6610
6471
5624
4127
2124
-170
-2498
-4591
-6209
-7170
-7377
-6828
-5615
-3910
-1940
50
1827
3206
4069
4380
4184
3591
2758
1858
1049
454
140
110
313
652
1010
1271
1344
1179
776
185
-505
-1186
-1747
-2101
-2196
-2028
-1644
-1125
-581
-120
164
216
29
-357
-859
-1365
-1755
-1928
-1817
-1404
-731
112
998
1782
2326
2528
2336
1760
877
-184
-1257
-2168
-2757
-2909
-2565
-1742
-519
960
2523
3981
5157
5917
6175
5910
5158
4008
2580
1009
-572
-2055
-3358
-4430
-5253
-5827
-6163
-6274
-6163
-5827
-5253
-4430
-3358
-2055
-572
1009
2580
4008
5158
5910
6175
5917
5157
3981
2523
960
-519
-1742
-2565
-2909
-2757
-2168
-1257
-184
877
1760
2336
2528
2326
1782
998
112
-731
-1404
-1817
-1928
-1755
-1365
-859
-357
29
216
164
-120
-581
-1125
-1644
-2028
-2196
-2101
-1747
-1186
-505
185
776
1179
1344
1271
1010
652
313
110
140
454
1049
1858
2758
3591
4184
4380
4069
3206
1827
50
-1940
-3910
-5615
-6828
-7377
-7170
-6209
-4591
-2498
-170
2124
4127
5624
6471
6610
6077
4989
3522
1887
297
-1064
-2069
-2654
-2828
-2663
-2278
-1813
-1406
-1168
-1163
-1399
-1827
-2353
-2848
-3179
-3224
-2899
-2172
-1071
316
1856
3376
4700
5661
6132
6038
5373
4198
2639
869
-907
-2485
-3678
-4343
-4401
-3846
-2747
-1241
479
2194
3674
4717
5165
4931
4008
2473
482
-1752
-3981
-5951
-7433
-8254
-8316
-7612
-6223
-4313
-2102
155
2213
3857
4935
5379
5210
4531
3512
2362
1295
498
102
162
648
1453
2405
3303
3942
4155
3835
2956
1583
-137
-2003
-3775
-5224
-6159
-6457
-6085
-5102
-3651
-1939
-201
1330
2464
3074
3119
2645
1774
684
-422
-1355
-1960
-2147
-1904
-1290
-428
519
1382
2009
2294
2194
1733
1001
131
-718
-1395
-1779
-1797
-1440
-761
134
1112
2022
2735
3152
3226
2963
2418
1682
863
66
-623
-1156
-1521
-1743
-1871
-1965
-2077
-2237
-2441
-2653
-2807
-2821
-2620
-2149
-1394
-391
771
1962
3023
3797
4150
4003
3343
2237
823
-702
-2118
-3204
-3781
-3741
-3063
-1827
-200
1583
3256
4556
5267
5255
4484
3032
1073
-1138
-3311
-5151
-6410
-6913
-6589
-5474
-3707
-1507
859
3114
5009
6350
7027
7016
6377
5240
3772
2159
570
-858
-2040
-2943
-3580
-3999
-4261
-4428
-4542
-4620
-4647
-4586
-4383
-3987
-3361
-2496
-1416
-177
1133
2417
3571
4510
5176
5546
5632
5480
5155
4728
4263
3800
3352
2900
2402
1802
1045
95
-1051
-2358
-3748
-5104
-6291
-7166
-7606
-7526
-6896
-5747
-4173
-2320
-372
1477
3045
4183
4798
4861
4409
3539
2390
1127
-83
-1095
-1797
-2124
-2063
-1647
-948
-61
904
1846
2670
3306
3705
3842
3712
3324
2704
1883
907
-173
-1296
-2388
-3367
-4149
-4653
-4810
-4577
-3943
-2940
-1644
-173
1321
2675
3724
4329
4397
3895
2859
1395
-333
-2122
-3756
-5028
-5777
-5903
-5382
-4271
-2701
-855
1053
2811
4232
5183
5600
5489
4927
4039
2984
1922
994
300
-115
-263
-205
-37
129
191
71
-264
-802
-1480
-2202
-2853
-3317
-3506
-3368
-2905
-2169
-1259
-305
551
1182
1493
1434
1019
313
-566
-1475
-2258
-2774
-2919
-2639
-1941
-888
407
1799
3133
4262
5073
5495
5508
5144
4477
3609
2650
1705
855
148
-404
-826
-1164
-1480
-1830
-2256
-2775
-3369
-3993
-4576
-5037
-5293
-5282
-4964
-4339
-3441
-2339
-1125
96
1228
2187
2921
3411
3671
3747
3702
3606
3519
0
0
0
0
0
0
0
0
0
0
0
0
0
0
0
0
0
0
0
0
0
0
0
0
0
0
0
0
0
0
0
0
0
0
0
0
0
0
0
0
0
0
0
0
0
0
0
0
0
0
0
0
0
0
0
0
0
0
0
0
0
0
0
0
0
0
0
-2091
-2196
-2481
-2862
-3220
-3419
-3339
-2895
-2063
-885
533
2034
3432
4545
5221
5368
4966
4081
2850
1462
133
-928
-1560
-1667
-1239
-359
815
2069
3164
3878
4033
3534
2376
656
-1444
-3680
-5779
-7474
-8544
-8843
-8319
-7019
-5084
-2727
-205
2214
4293
5841
6743
6967
6564
5648
4384
2958
1553
322
-621
-1220
-1469
-1410
-1121
-699
-245
152
426
535
469
242
-113
-550
-1022
-1480
-1887
-2213
-2436
-2545
-2533
-2399
-2144
-1775
-1300
-737
-109
551
1205
1807
2313
2680
2876
2884
2705
2358
1880
1324
749
212
-234
-555
-731
-766
-683
-519
-321
-137
-7
39
-4
-134
-325
-541
-741
-889
-954
-925
-805
-616
-396
-190
-44
0
-84
-303
-643
-1066
-1519
-1936
-2246
-2387
-2309
-1983
-1407
-604
373
1457
2562
3598
4478
5129
5493
5540
5260
4673
3820
2758
1559
299
-942
-2096
-3102
-3909
-4487
-4817
-4900
-4748
-4387
-3856
-3198
-2466
-1713
-991
-348
174
551
768
829
757
590
379
185
70
89
284
674
1252
1982
2800
3619
4338
4856
5079
4942
4411
3500
2262
796
-768
-2283
-3601
-4591
-5159
-5256
-4893
-4132
-3084
-1895
-721
286
1005
1359
1328
947
306
-468
-1232
-1846
-2196
-2210
-1872
-1221
-349
620
1548
2304
2784
2932
2746
2276
1620
899
244
-231
-454
-395
-84
400
945
1423
1713
1728
1430
842
42
-843
-1662
-2264
-2523
-2370
-1801
-885
240
1394
2373
2989
3101
2641
1628
171
-1541
-3271
-4762
-5783
-6161
-5812
-4756
-3121
-1122
968
2858
4284
5045
5041
4285
2904
1121
-778
-2490
-3733
-4294
-4061
-3036
-1339
810
3130
5310
7060
8152
8445
7907
6612
4729
2488
147
-2043
-3879
-5223
-6019
-6295
-6140
-5691
-5098
-4499
-3995
-3635
-3411
-3267
-3112
-2843
-2369
-1630
-615
635
2031
3444
4728
5742
6370
6540
6236
5494
4406
3095
1705
379
-759
-1624
-2167
-2386
-2313
-2013
-1563
-1045
-534
-89
248
458
532
474
297
13
-359
-801
-1285
-1778
-2235
-2604
-2828
-2851
-2631
-2146
-1404
-450
633
1736
2728
3475
3862
3809
3286
2327
1025
-471
-1979
-3301
-4253
-4692
-4537
-3781
-2496
-825
1038
2873
4461
5619
6217
6202
5596
4494
3049
1443
-133
-1513
-2571
-3238
-3507
-3428
-3094
-2620
-2125
-1709
-1438
-1337
-1388
-1534
-1698
-1793
-1742
-1490
-1015
-332
507
1427
2335
3134
3734
4069
4093
3791
3176
2283
1169
-93
-1424
-2734
-3929
-4916
-5604
-5907
-5759
-5116
-3969
-2352
-348
1910
4246
6450
8301
9587
10137
9842
8674
6699
4072
1031
-2134
-5116
-7618
-9401
-10308
-10285
-9387
-7772
-5670
-3359
-1115
814
2254
3116
3408
3223
2721
2094
1532
1188
1152
1437
1978
2647
3279
3703
3778
3418
2615
1441
39
-1399
-2668
-3579
-3997
-3863
-3210
-2155
-879
394
1447
2098
2233
1831
964
-211
-1481
-2612
-3385
-3640
-3299
-2387
-1021
599
2230
3620
4552
4880
4552
3620
2230
599
-1021
-2387
-3299
-3640
-3385
-2612
-1481
-211
964
1831
2233
2098
1447
394
-879
-2155
-3210
-3863
-3997
-3579
-2668
-1399
39
1441
2615
3418
3778
3703
3279
2647
1978
1437
1152
1188
1532
2094
2721
3223
3408
3116
2254
814
-1115
-3359
-5670
-7772
-9387
-10285
-10308
-9401
-7618
-5116
-2134
1031
4072
6699
8674
9842
10137
9587
8301
6450
4246
1910
-348
-2352
-3969
-5116
-5759
-5907
-5604
-4916
-3929
-2734
-1424
-93
1169
2283
3176
3791
4093
4069
3734
3134
2335
1427
507
-332
-1015
-1490
-1742
-1793
-1698
-1534
-1388
-1337
-1438
-1709
-2125
-2620
-3094
-3428
-3507
-3238
-2571
-1513
-133
1443
3049
4494
5596
6202
6217
5619
4461
2873
1038
-825
-2496
-3781
-4537
-4692
-4253
-3301
-1979
-471
1025
2327
3286
3809
3862
3475
2728
1736
633
-450
-1404
-2146
-2631
-2851
-2828
-2604
-2235
-1778
-1285
-801
-359
13
297
474
532
458
248
-89
-534
-1045
-1563
-2013
-2313
-2386
-2167
-1624
-759
379
1705
3095
4406
5494
6236
6540
6370
5742
4728
3444
2031
635
-615
-1630
-2369
-2843
-3112
-3267
-3411
-3635
-3995
-4499
-5098
-5691
-6140
-6295
-6019
-5223
-3879
-2043
147
2488
4729
6612
7907
8445
8152
7060
5310
3130
810
-1339
-3036
-4061
-4294
-3733
-2490
-778
1121
2904
4285
5041
5045
4284
2858
968
-1122
-3121
-4756
-5812
-6161
-5783
-4762
-3271
-1541
171
1628
2641
3101
2989
2373
1394
240
-885
-1801
-2370
-2523
-2264
-1662
-843
42
842
1430
1728
1713
1423
945
400
-84
-395
-454
-231
244
899
1620
2276
2746
2932
2784
2304
1548
620
-349
-1221
-1872
-2210
-2196
-1846
-1232
-468
306
947
1328
1359
1005
286
-721
-1895
-3084
-4132
-4893
-5256
-5159
-4591
-3601
-2283
-768
796
2262
3500
4411
4942
5079
4856
4338
3619
2800
1982
1252
674
284
89
70
185
379
590
757
829
768
551
174
-348
-991
-1713
-2466
-3198
-3856
-4387
-4748
-4900
-4817
-4487
-3909
-3102
-2096
-942
299
1559
2758
3820
4673
5260
5540
5493
5129
4478
3598
2562
1457
373
-604
-1407
-1983
-2309
-2387
-2246
-1936
-1519
-1066
-643
-303
-84
0
-44
-190
-396
-616
-805
-925
-954
-889
-741
-541
-325
-134
-4
39
-7
-137
-321
-519
-683
-766
-731
-555
-234
212
749
1324
1880
2358
2705
2884
2876
2680
2313
1807
1205
551
-109
-737
-1300
-1775
-2144
-2399
-2533
-2545
-2436
-2213
-1887
-1480
-1022
-550
-113
242
469
535
426
152
-245
-699
-1121
-1410
-1469
-1220
-621
322
1553
2958
4384
5648
6564
6967
6743
5841
4293
2214
-205
-2727
-5084
-7019
-8319
-8843
-8544
-7474
-5779
-3680
-1444
656
2376
3534
4033
3878
3164
2069
815
-359
-1239
-1667
-1560
-928
133
1462
2850
4081
4966
5368
5221
4545
3432
2034
533
-885
-2063
-2895
-3339
-3419
-3220
-2862
-2481
-2196
0
0
0
0
0
0
0
0
0
0
0
0
0
0
0
0
0
0
0
0
0
0
0
0
0
0
0
0
0
0
0
0
0
0
0
0
0
0
0
0
0
0
0
0
0
0
0
0
0
0
0
0
0
0
0
0
0
0
0
0
0
0
0
0
0
0
0
-6274
-5854
-4642
-2785
-501
1937
4244
6149
7431
7943
7627
6519
4745
2496
12
-2453
-4658
-6403
-7546
-8018
-7823
-7034
-5775
-4205
-2494
-806
720
1987
2934
3547
3846
3876
3698
3374
2960
2498
2013
1515
1007
482
-60
-615
-1165
-1681
-2122
-2444
-2603
-2562
-2300
-1815
-1127
-278
668
1637
2544
3307
3851
4116
4063
3678
2974
1988
784
-555
-1935
-3249
-4391
-5262
-5782
-5892
-5566
-4813
-3681
-2256
-653
987
2520
3800
4707
5156
5110
4585
3654
2436
1086
-226
-1337
-2110
-2453
-2337
-1795
-925
129
1194
2093
2672
2820
2491
1711
574
-770
-2138
-3338
-4197
-4593
-4467
-3835
-2786
-1467
-62
1239
2267
2903
3091
2851
2268
1485
667
-15
-430
-492
-191
413
1201
2005
2645
2961
2835
2219
1145
-276
-1874
-3436
-4748
-5619
-5920
-5598
-4689
-3311
-1645
90
1676
2925
3708
3975
3758
3166
2358
1520
829
420
366
664
1234
1937
2596
3028
3078
2650
1720
348
-1328
-3118
-4796
-6146
-6986
-7197
-6741
-5667
-4096
-2208
-210
1689
3315
4539
5300
5598
5491
5073
4453
3735
2997
2284
1602
928
223
-551
-1416
-2358
-3327
-4236
-4974
-5424
-5484
-5088
-4227
-2953
-1380
328
1982
3389
4389
4871
4799
4215
3231
2017
767
-325
-1105
-1474
-1412
-972
-279
501
1185
1611
1660
1286
520
-528
-1694
-2781
-3594
-3971
-3818
-3120
-1951
-461
1146
2640
3803
4464
4522
3965
2869
1387
-275
-1891
-3250
-4183
-4589
-4450
-3823
-2831
-1638
-420
659
1482
1985
2167
2083
1831
1525
1276
1167
1238
1478
1830
2200
2479
2565
2381
1896
1130
155
-916
-1947
-2802
-3365
-3563
-3376
-2842
-2050
-1125
-209
562
1083
1292
1181
793
215
-438
-1047
-1507
-1745
-1732
-1489
-1077
-586
-119
229
395
351
119
-233
-608
-885
-951
-715
-129
799
2006
3377
4756
5970
6849
7253
7088
6321
4989
3191
1079
-1160
-3330
-5241
-6737
-7712
-8115
-7961
-7320
-6306
-5066
-3753
-2514
-1469
-699
-235
-62
-118
-305
-506
-596
-467
-37
731
1829
3191
4706
6225
7577
8592
9120
9048
8325
6965
5053
2737
219
-2274
-4513
-6290
-7450
-7908
-7659
-6782
-5427
-3798
-2124
-630
492
1117
1190
741
-119
-1225
-2372
-3352
-3981
-4130
-3738
-2824
-1480
141
1853
3460
4784
5695
6120
6053
5551
4719
3692
2608
1590
726
61
-405
-714
-925
-1107
-1315
-1578
-1891
-2214
-2483
-2621
-2559
-2251
-1693
-927
-39
848
1596
2074
2181
1867
1148
107
-1114
-2334
-3356
-4003
-4143
-3716
-2745
-1339
324
2020
3509
4575
5056
4873
4041
2670
948
-881
-2563
-3857
-4581
-4635
-4014
-2807
-1185
625
2377
3840
4829
5230
5016
4243
3042
1592
94
-1256
-2302
-2942
-3137
-2916
-2362
-1597
-759
18
627
996
1097
944
585
90
-462
-999
-1463
-1816
-2043
-2148
-2144
-2053
-1892
-1672
-1397
-1062
-660
-187
351
943
1558
2157
2693
3118
3391
3485
3391
3118
2693
2157
1558
943
351
-187
-660
-1062
-1397
-1672
-1892
-2053
-2144
-2148
-2043
-1816
-1463
-999
-462
90
585
944
1097
996
627
18
-759
-1597
-2362
-2916
-3137
-2942
-2302
-1256
94
1592
3042
4243
5016
5230
4829
3840
2377
625
-1185
-2807
-4014
-4635
-4581
-3857
-2563
-881
948
2670
4041
4873
5056
4575
3509
2020
324
-1339
-2745
-3716
-4143
-4003
-3356
-2334
-1114
107
1148
1867
2181
2074
1596
848
-39
-927
-1693
-2251
-2559
-2621
-2483
-2214
-1891
-1578
-1315
-1107
-925
-714
-405
61
726
1590
2608
3692
4719
5551
6053
6120
5695
4784
3460
1853
141
-1480
-2824
-3738
-4130
-3981
-3352
-2372
-1225
-119
741
1190
1117
492
-630
-2124
-3798
-5427
-6782
-7659
-7908
-7450
-6290
-4513
-2274
219
2737
5053
6965
8325
9048
9120
8592
7577
6225
4706
3191
1829
731
-37
-467
-596
-506
-305
-118
-62
-235
-699
-1469
-2514
-3753
-5066
-6306
-7320
-7961
-8115
-7712
-6737
-5241
-3330
-1160
1079
3191
4989
6321
7088
7253
6849
5970
4756
3377
2006
799
-129
-715
-951
-885
-608
-233
119
351
395
229
-119
-586
-1077
-1489
-1732
-1745
-1507
-1047
-438
215
793
1181
1292
1083
562
-209
-1125
-2050
-2842
-3376
-3563
-3365
-2802
-1947
-916
155
1130
1896
2381
2565
2479
2200
1830
1478
1238
1167
1276
1525
1831
2083
2167
1985
1482
659
-420
-1638
-2831
-3823
-4450
-4589
-4183
-3250
-1891
-275
1387
2869
3965
4522
4464
3803
2640
1146
-461
-1951
-3120
-3818
-3971
-3594
-2781
-1694
-528
520
1286
1660
1611
1185
501
-279
-972
-1412
-1474
-1105
-325
767
2017
3231
4215
4799
4871
4389
3389
1982
328
-1380
-2953
-4227
-5088
-5484
-5424
-4974
-4236
-3327
-2358
-1416
-551
223
928
1602
2284
2997
3735
4453
5073
5491
5598
5300
4539
3315
1689
-210
-2208
-4096
-5667
-6741
-7197
-6986
-6146
-4796
-3118
-1328
348
1720
2650
3078
3028
2596
1937
1234
664
366
420
829
1520
2358
3166
3758
3975
3708
2925
1676
90
-1645
-3311
-4689
-5598
-5920
-5619
-4748
-3436
-1874
-276
1145
2219
2835
2961
2645
2005
1201
413
-191
-492
-430
-15
667
1485
2268
2851
3091
2903
2267
1239
-62
-1467
-2786
-3835
-4467
-4593
-4197
-3338
-2138
-770
574
1711
2491
2820
2672
2093
1194
129
-925
-1795
-2337
-2453
-2110
-1337
-226
1086
2436
3654
4585
5110
5156
4707
3800
2520
987
-653
-2256
-3681
-4813
-5566
-5892
-5782
-5262
-4391
-3249
-1935
-555
784
1988
2974
3678
4063
4116
3851
3307
2544
1637
668
-278
-1127
-1815
-2300
-2562
-2603
-2444
-2122
-1681
-1165
-615
-60
482
1007
1515
2013
2498
2960
3374
3698
3876
3846
3547
2934
1987
720
-806
-2494
-4205
-5775
-7034
-7823
-8018
-7546
-6403
-4658
-2453
12
2496
4745
6519
7627
7943
7431
6149
4244
1937
-501
-2785
-4642
-5854
0
0
0
0
0
0
0
0
0
0
0
0
0
0
0
0
0
0
0
0
0
0
0
0
0
0
0
0
0
0
0
0
0
0
0
0
0
0
0
0
0
0
0
0
0
0
0
0
0
0
0
0
0
0
0
0
0
0
0
0
0
0
0
0
0
0
0
