17.616666666666667
11.2
14.116666666666667
11.633333333333333
17.133333333333333
10.716666666666667
17.2
16.3
9.966666666666667
10.216666666666667
16.05
17.166666666666668
9.633333333333333
20.183333333333334
3.75
18.616666666666667
11.95
5.383333333333334
13.633333333333333
15.633333333333333
18.35
16.583333333333332
16.583333333333332
15.933333333333334
12.033333333333333
11.15
17.516666666666666
13.35
9.7
17.0
12.133333333333333
9.95
16.616666666666667
14.55
11.966666666666667
15.533333333333333
14.233333333333333
18.016666666666666
14.4
