0
4278
8485
12550
16402
19973
23203
26035
28419
30314
31684
32507
32766
32456
31581
30156
28203
25758
22860
19561
15917
11991
7852
3573
-771
-5106
-9352
-13436
-17284
-20829
-24006
-26759
-29038
-30801
-32015
-32660
-32720
-32196
-31094
-29434
-27244
-24563
-21439
-17925
-14087
-9991
-5712
-1327
3083
7441
11667
15683
19415
22796
25762
28259
30239
31667
32514
32764
32412
31462
29931
27847
25247
22178
18696
14865
10755
6443
2009
-2465
-6896
-11201
-15299
-19113
-22570
-25606
-28162
-30190
-31650
-32514
-32764
-32394
-31411
-29832
-27686
-25012
-21861
-18292
-14372
-10175
-5781
-1274
3259
7733
12062
16161
19951
23359
26318
28771
30668
31973
32659
32711
32127
30919
29107
26727
23823
20452
16679
12577
8226
3711
-879
-5455
-9926
-14204
-18204
-21846
-25058
-27775
-29942
-31516
-32464
-32766
-32415
-31417
-29790
-27567
-24790
-21514
-17805
-13736
-9388
-4849
-209
4437
8997
13377
17489
21248
24578
27411
29687
31359
32393
32765
32468
31507
29899
27676
24884
21579
17828
13707
9301
4700
0
-4703
-9311
-13729
-17864
-21629
-24947
-27746
-29968
-31566
-32503
-32761
-32332
-31225
-29460
-27076
-24119
-20653
-16748
-12488
-7961
-3263
1506
6246
10856
15238
19298
22949
26112
28719
30713
32051
32702
32651
31900
30461
28366
25658
22395
18646
14492
10022
5332
524
-4298
-9029
-13567
-17811
-21669
-25055
-27896
-30127
-31699
-32577
-32739
-32182
-30916
-28967
-26379
-23206
-19519
-15397
-10932
-6222
-1372
3511
8320
12945
17284
21240
24723
27655
29968
31611
32545
32748
32214
30954
28995
26381
23169
19431
15252
10724
5950
1038
-3899
-8751
-13405
-17757
-21705
-25159
-28038
-30277
-31822
-32637
-32702
-32014
-30588
-28456
-25665
-22280
-18377
-14047
-9388
-4509
477
5455
10308
14924
19194
23018
26305
28979
30974
32243
32756
32498
31476
29711
27244
24133
20449
16280
11722
6884
1880
-3170
-8148
-12935
-17416
-21484
-25041
-28000
-30291
-31856
-32659
-32677
-31909
-30373
-28105
-25157
-21600
-17520
-13013
-8189
-3163
1941
7001
11893
16499
20705
24407
27516
29953
31659
32589
32721
32049
30590
28377
25463
21921
17836
13307
8448
3377
-1780
-6896
-11843
-16499
-20746
-24479
-27603
-30040
-31727
-32621
-32699
-31957
-30413
-28105
-25088
-21439
-17247
-12618
-7668
-2522
2689
7836
12787
17416
21605
25247
28248
30530
32035
32723
32574
31592
29801
27244
23987
20112
15718
10917
5832
595
-4660
-9798
-14685
-19194
-23208
-26622
-29345
-31307
-32455
-32757
-32206
-30813
-28614
-25665
-22043
-17841
-13169
-8148
-2911
2405
7661
12717
17440
21705
25397
28419
30689
32146
32750
32483
31352
29385
26633
23169
19084
14487
9500
4255
-1105
-6439
-11603
-16457
-20870
-24723
-27911
-30346
-31961
-32712
-32578
-31559
-29684
-27001
-23582
-19519
-14922
-9916
-4636
771
6162
11386
16301
20770
24671
27896
30354
31977
32719
32558
31498
29565
26813
23317
19172
14492
9407
4058
-1405
-6833
-12073
-16978
-21411
-25247
-28377
-30713
-32188
-32760
-32410
-31148
-29007
-26047
-22351
-18021
-13179
-7961
-2516
3003
8440
13640
18454
22745
26389
29282
31340
32503
32737
32033
30409
27913
24613
20604
16000
10932
5547
0
-5550
-10942
-16021
-20637
-24657
-27963
-30458
-32068
-32745
-32468
-31244
-29107
-26118
-22364
-17952
-13013
-7689
-2137
3479
8997
14252
19090
23367
26955
29748
31662
32640
32650
31691
29790
27003
23411
19119
14256
8965
3403
-2262
-7862
-13230
-18204
-22633
-26385
-29345
-31423
-32556
-32707
-31871
-30072
-27362
-23823
-19561
-14703
-9397
-3803
1908
7565
12994
18030
22517
26318
29316
31419
32559
32702
31841
30001
27238
23635
19302
14372
8996
3339
-2422
-8112
-13553
-18577
-23026
-26761
-29667
-31650
-32648
-32629
-31591
-29565
-26615
-22829
-18327
-13249
-7752
-2009
3799
9491
14886
19815
24120
27666
30338
32052
32751
32412
31044
28690
25423
21345
16586
11295
5642
-193
-6025
-11667
-16938
-21669
-25706
-28920
-31206
-32489
-32726
-31909
-30063
-27244
-23544
-19081
-13998
-8460
-2644
3259
9060
14569
19606
24006
27626
30346
32075
32756
32366
30916
28451
25051
20827
15917
10480
4696
-1244
-7147
-12817
-18065
-22719
-26622
-29644
-31684
-32674
-32578
-31398
-29173
-25975
-21909
-17110
-11737
-5969
0
5972
11747
17130
21941
26016
29217
31436
32596
32657
31615
29504
26395
22390
17625
12260
6476
470
-5554
-11392
-16845
-21726
-25867
-29127
-31393
-32585
-32662
-31619
-29491
-26349
-22301
-17483
-12062
-6222
-166
5898
11762
17222
22088
26191
29387
31566
32648
32597
31411
29131
25835
21636
16679
11138
5205
-912
-7001
-12847
-18244
-23003
-26955
-29960
-31912
-32739
-32412
-30940
-28374
-24803
-20353
-15179
-9465
-3413
2763
8843
14612
19863
24407
28083
30758
32334
32755
32003
30103
27124
23169
18381
12929
7010
836
-5370
-11386
-16993
-21989
-26191
-29446
-31636
-32680
-32538
-31214
-28754
-25247
-20819
-15630
-9868
-3744
2518
8692
14551
19879
24480
28184
30855
32393
32739
31880
29845
26709
22585
17625
12011
5950
-333
-6607
-12639
-18204
-23094
-27128
-30152
-32055
-32763
-32248
-30528
-27666
-23767
-18976
-13473
-7461
-1167
5173
11322
17047
22132
26385
29644
31785
32724
32427
30901
28203
24435
19738
14288
8294
1981
-4409
-10635
-16457
-21654
-26025
-29402
-31656
-32697
-32485
-31027
-28377
-24634
-19943
-14481
-8460
-2109
4324
10594
16457
21686
26077
29459
31699
32710
32451
30929
28203
24378
19601
14056
7961
1552
-4919
-11201
-17047
-22227
-26537
-29806
-31906
-32751
-32307
-30590
-27666
-23648
-18696
-13002
-6791
-309
6187
12441
18204
23246
27366
30398
32222
32762
31995
29951
26709
22398
17189
11289
4935
-1619
-8112
-14281
-19879
-24678
-28486
-31147
-32552
-32643
-31416
-28917
-25247
-20553
-15023
-8882
-2378
4225
10659
16662
21989
26421
29777
31918
32756
32254
30432
27362
23169
18024
12137
5748
-879
-7473
-13762
-19485
-24407
-28323
-31070
-32533
-32650
-31414
-28875
-25136
-20353
-14721
-8475
-1874
4807
11292
17307
22602
26955
30182
32146
32765
32010
29911
26556
22083
16679
10571
4016
-2711
-9326
-15551
-21121
-25799
-29387
-31732
-32732
-32344
-30582
-27520
-23286
-18060
-12062
-5547
1206
7911
14280
20041
24947
28786
31393
32653
32513
30975
28105
24024
18906
12972
6476
-301
-7069
-13534
-19415
-24458
-28443
-31196
-32596
-32580
-31148
-28360
-24336
-19250
-13322
-6811
0
6813
13332
19269
24364
28393
31178
32594
32578
31129
28309
24241
19103
13120
6555
-301
-7147
-13680
-19609
-24671
-28641
-31340
-32648
-32505
-30916
-27948
-23735
-18460
-12360
-5706
1206
8067
14569
20421
25359
29162
31656
32728
32328
30473
27244
22786
17298
11027
4255
-2711
-9557
-15974
-21669
-26383
-29901
-32062
-32766
-31979
-29736
-26137
-21345
-15577
-9095
-2195
4807
11593
17850
23291
27666
30771
32464
32665
31362
28614
24546
19345
13249
6538
-477
-7473
-14125
-20126
-25196
-29098
-31650
-32732
-32292
-30349
-26991
-22374
-16712
-10266
-3339
3746
10659
17076
22694
27251
30530
32377
32702
31489
28793
24740
19519
13375
6597
-494
-7565
-14281
-20323
-25404
-29282
-31772
-32753
-32178
-30072
-26533
-21729
-15887
-9285
-2238
4919
11843
18204
23695
28052
31066
32589
32548
30942
27847
23411
17845
11416
4435
-2763
-9830
-16425
-22227
-26955
-30378
-32330
-32713
-31507
-28769
-24631
-19293
-13013
-6096
1120
8285
15047
21076
26077
29802
32068
32763
31850
29372
25451
20276
14101
7230
0
-7232
-14111
-20295
-25478
-29402
-31872
-32764
-32033
-29711
-25913
-20827
-14703
-7845
-595
6688
13640
19914
25196
29220
31785
32759
32093
29819
26047
20967
14832
7950
664
-6656
-13645
-19948
-25247
-29273
-31822
-32763
-32046
-29706
-25861
-20703
-14492
-7543
-209
7138
14125
20396
25629
29557
31977
32766
31880
29363
25342
20022
13674
6622
-771
-8129
-15071
-21240
-26318
-30042
-32219
-32734
-31559
-28754
-24461
-18901
-12360
-5177
2276
9615
16457
22447
27271
30678
32489
32608
31026
27825
23169
17302
10527
3199
-4298
-11573
-18244
-23960
-28419
-31387
-32705
-32302
-30198
-26501
-21406
-15179
-8148
-684
6817
13962
20369
25700
29668
32064
32757
31710
28975
24698
19103
12488
5205
-2358
-9798
-16717
-22745
-27557
-30894
-32577
-32513
-30703
-27244
-22319
-16192
-9191
-1693
5898
13175
19743
25247
29388
31941
32765
31816
29141
24884
19276
12618
5272
-2362
-9871
-16845
-22903
-27714
-31014
-32621
-32445
-30495
-26875
-21781
-15492
-8351
-749
6896
14165
20658
26016
29942
32220
32721
31417
28377
23767
17841
10926
3403
-4310
-11787
-18613
-24407
-28847
-31684
-32759
-32010
-29476
-25298
-19707
-13013
-5590
2148
9769
16845
22980
27828
31116
32659
32366
30254
26438
21133
14635
7310
-430
-8148
-15409
-21801
-26962
-30598
-32502
-32563
-30778
-27244
-22162
-15818
-8572
-836
6950
14343
20920
26305
30190
32350
32661
31103
27762
22829
16586
9388
1649
-6187
-13670
-20369
-25898
-29936
-32249
-32702
-31267
-28024
-23161
-16955
-9766
-2009
5867
13405
20168
25762
29860
32222
32709
31291
28049
23169
16936
9711
1916
-5992
-13553
-20323
-25904
-29968
-32275
-32687
-31179
-27837
-22855
-16527
-9222
-1372
6562
14111
20829
26318
30252
32397
32623
30916
27374
22206
15718
8294
373
-7571
-15067
-21669
-26980
-30683
-32556
-32483
-30469
-26631
-21197
-14492
-6916
1077
9009
16402
22811
27851
31216
32702
32218
29790
25564
19793
12824
5078
-2978
-10856
-18080
-24210
-28873
-31785
-32766
-31757
-28816
-24119
-17952
-10689
-2772
5316
13083
20053
25799
29968
32304
32662
31017
27469
22233
15630
8064
0
-8067
-15639
-22251
-27492
-31038
-32669
-32282
-29899
-25665
-19840
-12785
-4935
3223
11185
18454
24578
29176
31960
32754
31507
28295
23317
16881
9388
1306
-6859
-14599
-21426
-26913
-30713
-32587
-32415
-30206
-26096
-20343
-13307
-5431
2789
10837
18204
24423
29100
31937
32755
31498
28244
23199
16679
9099
938
-7285
-15047
-21854
-27271
-30951
-32659
-32282
-29844
-25497
-19519
-12290
-4271
4023
12062
19330
25359
29762
32252
32670
30984
27303
21861
15008
7184
-1105
-9326
-16947
-23474
-28484
-31650
-32766
-31757
-28687
-23753
-17274
-9670
-1435
6896
14781
21705
27215
30951
32666
32248
29720
25247
19119
11737
3583
-4807
-12886
-20121
-26035
-30239
-32455
-32534
-30469
-26395
-20578
-13400
-5336
3083
11302
18775
25007
29584
32200
32681
30992
27244
21684
14679
6695
-1736
-10055
-17706
-24178
-29038
-31959
-32744
-31340
-27837
-22468
-15592
-7668
771
9163
16942
23583
28641
31772
32764
31548
28203
22955
16155
8261
-193
-8637
-16499
-23246
-28419
-31667
-32766
-31641
-28366
-23161
-16378
-8479
0
8482
16388
23178
28387
31659
32766
31633
28334
23092
16267
8323
-193
-8699
-16610
-23382
-28547
-31748
-32764
-31521
-28105
-22748
-15818
-7793
771
9287
17161
23850
28887
31923
32744
31292
27666
22114
15023
6884
-1736
-10238
-18030
-24565
-29387
-32158
-32681
-30919
-26991
-21173
-13868
-5590
3083
11543
19194
25499
30012
32414
32534
30361
26047
19895
12336
3903
-4807
-13181
-20625
-26610
-30711
-32637
-32248
-29569
-24790
-18247
-10405
-1820
6896
15124
22277
27843
31423
32760
31757
28483
23169
16196
8060
-655
-9326
-17331
-24094
-29127
-32068
-32703
-30984
-27033
-21133
-13707
-5289
3511
12062
19743
25999
30374
32552
32371
29844
25150
18630
10754
2094
-6719
-15047
-22282
-27896
-31478
-32765
-31661
-28244
-22763
-15616
-7324
1506
10228
18204
24847
29668
32313
32585
30461
26096
19809
12062
3423
-5469
-13962
-21426
-27310
-31178
-32740
-31881
-28661
-23317
-16242
-7961
912
9721
17811
24578
29519
32265
32608
30520
26157
19840
12041
3339
-5613
-14150
-21629
-27492
-31296
-32755
-31758
-28377
-22863
-15630
-7219
1736
10564
18599
25234
29968
32443
32468
30041
25342
18725
10689
1842
-7147
-15598
-22868
-28404
-31785
-32751
-31227
-27327
-21345
-13736
-5078
3969
12717
20496
26712
30887
32702
32014
28875
23522
16364
7950
-1077
-10024
-18204
-24986
-29848
-32414
-32483
-30050
-25298
-18593
-10451
-1499
7571
16058
23305
28750
31969
32711
30916
26720
20449
12587
3744
-5391
-14111
-21734
-27666
-31442
-32766
-31533
-27837
-21964
-14372
-5653
3510
12401
20323
26654
30894
32710
31957
28692
23169
15822
7226
-1941
-10958
-19113
-25762
-30378
-32596
-32237
-29328
-24096
-16955
-8469
691
9799
18132
25028
29936
32465
32412
29778
24772
17791
9388
234
-8940
-17404
-24479
-29598
-32350
-32513
-30072
-25219
-18342
-9991
-836
8388
16942
24135
29387
32275
32563
30226
25451
18620
10283
1113
-8148
-16754
-24006
-29316
-32252
-32574
-30254
-25477
-18630
-10266
-1066
8222
16845
24098
29390
32286
32549
30156
25298
18372
9941
695
-8610
-17213
-24407
-29603
-32371
-32482
-29925
-24908
-17841
-9305
0
9307
17850
24924
29942
32491
32356
29546
24293
17028
8351
-1019
-10308
-18745
-25629
-30386
-32621
-32145
-28995
-23432
-15917
-7073
2362
11603
19879
26497
30903
32728
31816
28241
22301
14491
5464
-4023
-13175
-21224
-27492
-31451
-32766
-31324
-27244
-20868
-12732
-3519
5992
15001
22745
28568
31977
32682
30619
25962
19103
10622
1238
-8253
-17047
-24394
-29668
-32420
-32412
-29643
-24347
-16973
-8148
1373
10781
19269
26112
30723
32705
31886
28334
22351
14449
5304
-4298
-13534
-21608
-27826
-31650
-32749
-31026
-26627
-19930
-11510
-2094
7504
16457
23989
29446
32355
32460
29752
24461
17046
8148
-1459
-10942
-19477
-26318
-30870
-32732
-31742
-27983
-21780
-13674
-4371
5316
14541
22496
28484
31977
32669
30495
25645
18541
9807
209
-9410
-18204
-25397
-30356
-32640
-32046
-28625
-22675
-14721
-5464
4278
13645
21806
28038
31787
32719
30748
26047
19032
10324
695
-8997
-17892
-25196
-30256
-32621
-32077
-28669
-22701
-14703
-5389
4409
13816
21989
28193
31872
32694
30582
25725
18555
9715
0
-9718
-18563
-25739
-30598
-32699
-31850
-28126
-21861
-13619
-4144
5708
15047
23026
28920
32194
32549
29951
24631
17073
7961
-1876
-11547
-20168
-26955
-31287
-32766
-31257
-26894
-20073
-11416
-1713
8148
17267
24807
30076
32589
32113
28690
22632
14492
5018
-4919
-14407
-22570
-28657
-32104
-32591
-30072
-24775
-17189
-8012
1907
11653
20323
27113
31393
32763
31094
26539
19519
10683
852
-9060
-18132
-25519
-30530
-32697
-31816
-27965
-21503
-13031
-3339
6667
16052
23938
29584
32459
32292
29097
23169
15065
5543
-4501
-14125
-22423
-28612
-32108
-32578
-29977
-24546
-16798
-7461
2582
12385
21019
27666
31694
32721
30647
25665
18247
9095
-923
-10856
-19760
-26786
-31264
-32766
-31146
-26556
-19431
-10451
-470
9557
18675
26008
30855
32749
31507
27244
20368
11537
1595
-8501
-17784
-25359
-30497
-32702
-31758
-27754
-21074
-12360
-2451
7696
17103
24860
30215
32648
31922
28105
21563
12929
3039
-7147
-16643
-24525
-30025
-32607
-32016
-28309
-21844
-13249
-3359
6859
16412
24364
29939
32588
32050
28377
21924
13322
3413
-6833
-16412
-24382
-29960
-32596
-32028
-28309
-21804
-13150
-3199
7069
16643
24578
30089
32630
31946
28105
21482
12732
2719
-7565
-17103
-24947
-30318
-32680
-31797
-27754
-20951
-12062
-1970
8320
17784
25478
30633
32732
31565
27244
20200
11134
952
-9326
-18675
-26154
-31014
-32765
-31228
-26556
-19215
-9941
333
10578
19760
26955
31436
32749
30759
25665
17979
8475
-1887
-12062
-21019
-27851
-31864
-32650
-30126
-24546
-16475
-6728
3703
13762
22423
28806
32258
32427
29291
23169
14683
4696
-5772
-15653
-23938
-29777
-32571
-32033
-28214
-21503
-12587
-2378
8077
17706
25519
30711
32748
31416
26850
19519
10175
-219
-10594
-19879
-27113
-31549
-32726
-30520
-25157
-17189
-7439
3083
13289
22119
28657
32222
32441
29289
23092
14492
4381
-6187
-16114
-24364
-30076
-32652
-31820
-27666
-20619
-11416
-1017
9491
19008
26537
31287
32757
30792
25595
17709
7961
-2625
-12939
-21894
-28547
-32194
-32451
-29286
-23032
-14346
-4144
6498
16457
24678
30291
32699
31644
27238
19943
10531
0
-10533
-19951
-27251
-31656
-32694
-30254
-24592
-16309
-6286
4409
14637
23305
29487
32519
32077
28203
21312
12137
1660
-8997
-18692
-26385
-31248
-32757
-30748
-25434
-17383
-7461
3266
13645
22556
29038
32390
32248
28625
21909
12824
2351
-8378
-18204
-26061
-31098
-32765
-30880
-25645
-17625
-7689
3083
13524
22496
29023
32393
32235
28565
21780
12618
2077
-8692
-18516
-26318
-31245
-32755
-30681
-25247
-17046
-6975
3863
14280
23132
29446
32527
32033
28015
20915
11510
836
-9932
-19609
-27125
-31650
-32682
-30103
-24198
-15616
-5304
5596
15880
24407
30232
32705
31550
26894
19250
9465
-1373
-12062
-21411
-28379
-32188
-32412
-29022
-22395
-13267
-2656
8253
18244
26197
31222
32754
30619
25054
16679
6433
-4537
-15001
-23783
-29895
-32648
-31731
-27244
-19690
-9916
976
11762
21224
28293
32170
32415
28997
22301
13080
2378
-8595
-18599
-26497
-31393
-32729
-30352
-24528
-15917
-5494
5554
15974
24578
30386
32734
31352
26395
18425
8351
-2679
-13405
-22602
-29217
-32491
-32046
-27932
-20616
-10936
0
10939
20625
27944
32055
32482
29173
22507
13249
2462
-8610
-18692
-26622
-31481
-32707
-30156
-24119
-15293
-4696
6446
16845
25296
30817
32766
30916
25477
17079
6695
-4468
-15115
-24006
-30106
-32702
-31489
-26606
-18620
-8460
2689
13528
22788
29387
32552
31909
27532
19930
9991
-1120
-12103
-21669
-28693
-32350
-32208
-28280
-21025
-11295
-234
10856
20671
28052
32127
32412
28871
21921
12379
1372
-9799
-19815
-27487
-31906
-32545
-29328
-22632
-13249
-2291
8940
19113
27016
31708
32629
29666
23169
13911
2992
-8285
-18577
-26654
-31549
-32677
-29899
-23544
-14372
-3477
7836
18214
26411
31442
32702
30037
23764
14635
3744
-7598
-18030
-26293
-31393
-32711
-30086
-23833
-14703
-3796
7571
18026
26305
31405
32707
30050
23753
14577
3632
-7754
-18204
-26446
-31479
-32688
-29925
-23522
-14256
-3253
8148
18560
26712
31608
32650
29706
23135
13736
2656
-8751
-19090
-27095
-31785
-32581
-29385
-22585
-13013
-1842
9557
19786
27585
31994
32468
28947
21861
12081
809
-10564
-20637
-28166
-32219
-32293
-28377
-20951
-10932
440
11762
21629
28819
32437
32033
27653
19840
9561
-1907
-13142
-22745
-29519
-32621
-31661
-26755
-18514
-7961
3586
14689
23960
30239
32740
31148
25658
16955
6128
-5469
-16384
-25247
-30944
-32759
-30461
-24336
-15151
-4058
7546
18204
26572
31595
32638
29565
22763
13087
1756
-9798
-20118
-27896
-32148
-32332
-28424
-20915
-10754
771
12203
22088
29171
32552
31797
27001
18769
8148
-3511
-14727
-24069
-30346
-32754
-30984
-25260
-16309
-5272
6439
17331
26008
31359
32696
29845
23169
13521
2137
-9523
-19964
-27843
-32146
-32318
-28334
-20703
-10405
1234
12717
22564
29503
32637
31559
26407
17841
6968
-4807
-15965
-25058
-30909
-32757
-30361
-24028
-14577
-3233
8533
19194
27364
31977
32433
28669
21173
10917
-762
-12345
-22321
-29387
-32619
-31592
-26438
-17828
-6884
4961
16161
25247
31028
32744
30168
23635
13998
2522
-9287
-19879
-27860
-32179
-32265
-28105
-20242
-9711
2101
13640
23382
30040
32733
31103
25362
16267
5018
-6896
-17901
-26537
-31659
-32585
-29190
-21921
-11741
0
11743
21929
29201
32589
31641
26480
17791
6728
-5233
-16499
-25566
-31222
-32709
-29826
-22955
-13013
-1327
10537
20994
28641
32450
31909
27088
18630
7668
-4324
-15739
-25041
-30976
-32744
-30105
-23411
-13561
-1880
10055
20637
28436
32397
31982
27244
18822
7852
-4182
-15653
-25007
-30974
-32743
-30072
-23319
-13400
-1660
10308
20879
28612
32455
31881
26966
18377
7282
-4807
-16245
-25468
-31216
-32702
-29720
-22675
-12528
-664
11292
21705
29147
32596
31576
26225
17274
5950
-6193
-17489
-26383
-31650
-32564
-28995
-21433
-10917
1105
12978
23064
29968
32737
30984
24950
15465
3839
-8320
-19330
-27666
-32170
-32217
-27796
-19519
-8531
3643
15314
24860
30951
32739
29972
23032
12884
938
-11141
-21669
-29176
-32613
-31498
-25982
-16835
-5332
6918
18204
26944
31912
32410
28366
20343
9465
-2743
-14569
-24351
-30713
-32759
-30198
-23387
-13283
-1306
10856
21492
29100
32604
31507
25962
16748
5166
-7147
-18454
-27152
-32008
-32332
-28076
-19840
-8789
3510
15314
24947
31038
32720
29752
22551
12140
0
-12143
-22559
-29762
-32723
-31017
-24884
-15198
-3339
8998
20053
28242
32393
31908
26854
17952
6476
-5930
-17489
-26541
-31785
-32465
-28481
-20402
-9388
2978
14918
24714
30951
32730
29790
22554
12062
-172
-12385
-22811
-29942
-32746
-30813
-24421
-14492
-2462
9926
20879
28806
32556
31581
26021
16679
4912
-7571
-18956
-27585
-32200
-32127
-27374
-18630
-7167
5342
17076
26318
31719
32485
28504
20353
9222
-3259
-15267
-25041
-31147
-32687
-29434
-21861
-11077
1334
13553
23783
30517
32764
30189
23169
12736
423
-11953
-22570
-29860
-32743
-30792
-24293
-14202
-2009
10483
21426
29201
32652
31267
25247
15482
3419
-9153
-20369
-28563
-32514
-31633
-26047
-16586
-4654
7973
19415
27967
32350
31910
26709
17520
5712
-6950
-18577
-27428
-32179
-32116
-27244
-18292
-6597
6088
17864
26962
32015
32263
27666
18910
7310
-5391
-17284
-26579
-31872
-32366
-27983
-19380
-7852
4862
16845
26287
31760
32433
28203
19707
8226
-4501
-16550
-26094
-31684
-32472
-28334
-19895
-8434
4310
16402
26003
31651
32486
28377
19946
8475
-4288
-16402
-26016
-31662
-32478
-28334
-19861
-8351
4437
16550
26133
31717
32445
28203
19638
8060
-4756
-16845
-26351
-31812
-32386
-27983
-19276
-7602
5243
17284
26666
31941
32293
27666
18769
6975
-5898
-17864
-27071
-32095
-32157
-27244
-18113
-6176
6719
18577
27557
32265
31968
26709
17302
5205
-7702
-19415
-28111
-32434
-31710
-26047
-16326
-4058
8843
20369
28719
32588
31368
25247
15179
2736
-10137
-21426
-29364
-32705
-30922
-24293
-13853
-1238
11573
22570
30025
32764
30353
23169
12339
-434
-13142
-23783
-30678
-32739
-29638
-21861
-10632
2276
14829
25041
31296
32604
28754
20353
8727
-4282
-16616
-26318
-31849
-32328
-27676
-18630
-6622
6439
18480
27585
32302
31880
26381
16679
4318
-8734
-20396
-28806
-32620
-31227
-24845
-14492
-1820
11144
22329
29942
32763
30335
23047
12062
-859
-13645
-24243
-30951
-32688
-29173
-20967
-9388
3703
16202
26094
31785
32354
27709
18593
6476
-6688
-18775
-27832
-32393
-31718
-25913
-15915
-3339
9779
21317
29402
32723
30737
23764
12933
0
-12935
-23772
-30745
-32720
-29372
-21243
-9654
3510
16105
26077
31798
32332
27590
18342
6096
-7147
-19226
-28162
-32493
-31507
-25362
-15061
-2291
10856
22227
29953
32765
30198
22670
11416
-1716
-14569
-25028
-31370
-32548
-28366
-19509
-7435
5867
18204
27539
32330
31782
25982
15887
3163
-10086
-21669
-29667
-32753
-30413
-23032
-11831
1334
14281
24860
31312
32563
28403
19519
7387
-5976
-18347
-27666
-32377
-31693
-25725
-15465
-2622
10659
22164
29968
32766
30086
22374
10917
-2369
-15261
-25599
-31650
-32396
-27709
-18372
-5950
7473
19643
28516
32596
31195
24546
13765
664
-12550
-23653
-30771
-32702
-29116
-20616
-8634
4807
17440
27128
32230
31881
26137
15968
3092
-10308
-21966
-29901
-32766
-30072
-22272
-10689
2711
15653
25937
31812
32275
27244
17574
4908
-8595
-20637
-29162
-32712
-30681
-23411
-12140
1206
14349
25041
31451
32480
27948
18630
6117
-7445
-19735
-28641
-32634
-31026
-24089
-13013
301
13567
24501
31222
32570
28309
19172
6728
-6876
-19298
-28393
-32589
-31159
-24347
-13326
0
13328
24354
31166
32585
28360
19220
6748
-6896
-19347
-28443
-32604
-31103
-24198
-13087
301
13640
24608
31294
32533
28105
18778
6176
-7504
-19879
-28786
-32669
-30847
-23635
-12290
1206
14493
25247
31583
32389
27520
17828
5008
-8692
-20870
-29387
-32745
-30352
-22624
-10917
2711
15865
26229
31977
32094
26556
16335
3233
-10442
-22277
-30182
-32757
-29546
-21112
-8944
4807
17712
27483
32390
31559
25136
14256
845
-12717
-24026
-31070
-32598
-28334
-19032
-6345
7473
19964
28903
32697
30666
23169
11540
-2148
-15456
-26008
-31918
-32127
-26596
-16309
-3103
10659
22517
30346
32741
29270
20553
8148
-5719
-18563
-28078
-32552
-31179
-24202
-12874
771
14281
25223
31625
32332
27214
17189
4062
-9798
-21894
-30040
-32762
-29565
-21025
-8682
5233
18204
27882
32514
31257
24336
13002
-691
-14262
-25247
-31650
-32307
-27094
-16955
-3732
10171
22227
30239
32747
29289
20494
7961
-6025
-18915
-28356
-32621
-30929
-23586
-11931
1907
15400
26077
31982
32033
26215
15592
2109
-11762
-23479
-30889
-32629
-28377
-18910
-5966
8077
20637
29402
32756
30080
21861
9613
-4409
-17621
-27585
-32459
-31342
-24435
-13013
816
14497
25499
31785
32188
26631
16140
2656
-11322
-23203
-30782
-32650
-28456
-18976
-5969
8148
20755
29503
32763
29925
21514
9095
-5021
-18204
-27995
-32564
-31058
-23753
-12011
1977
15598
26305
32095
31880
25698
14703
952
-12978
-24480
-31393
-32418
-27360
-17165
-3744
10381
22559
30497
32702
28754
19394
6380
-7836
-20580
-29446
-32762
-29899
-21393
-8847
5370
18577
28275
32630
30814
23169
11138
-3003
-16579
-27016
-32334
-31523
-24733
-13249
751
14612
25700
31906
32048
26096
15179
1372
-12698
-24354
-31371
-32412
-27273
-16932
-3359
10856
23003
30758
32638
28280
18514
5205
-9101
-21669
-30089
-32747
-29131
-19930
-6905
7445
20371
29387
32762
29844
21189
8460
-5898
-19125
-28673
-32702
-30433
-22301
-9868
4468
17946
27963
32585
30916
23274
11134
-3159
-16845
-27275
-32428
-31305
-24119
-12260
1977
15833
26622
32247
31615
24845
13249
-923
-14918
-26016
-32055
-31858
-25461
-14105
0
14107
25468
31864
32046
25975
14832
792
-13405
-24986
-31684
-32188
-26395
-15435
-1452
12817
24578
31525
32292
26727
15917
1981
-12345
-24250
-31393
-32366
-26976
-16280
-2378
11993
24006
31293
32415
27148
16527
2644
-11762
-23850
-31230
-32442
-27244
-16660
-2779
11653
23783
31206
32451
27267
16679
2783
-11667
-23806
-31222
-32441
-27217
-16586
-2656
11803
23919
31277
32412
27094
16378
2398
-12062
-24120
-31370
-32361
-26894
-16056
-2009
12441
24407
31496
32285
26615
15616
1488
-12939
-24777
-31650
-32178
-26251
-15055
-836
13553
25223
31826
32033
25797
14372
52
-14280
-25739
-32015
-31841
-25247
-13561
863
15115
26318
32208
31592
24592
12618
-1908
-16052
-26950
-32393
-31276
-23823
-11540
3083
17085
27622
32556
30880
22932
10324
-4384
-18204
-28323
-32682
-30389
-21909
-8965
5807
19399
29038
32755
29790
20744
7461
-7347
-20658
-29748
-32757
-29067
-19428
-5811
8997
21966
30436
32669
28203
17952
4016
-10746
-23305
-31079
-32468
-27184
-16309
-2077
12583
24657
31656
32135
25992
14491
0
-14493
-25999
-32139
-31644
-24613
-12494
2208
16457
27304
32503
30975
23032
10317
-4537
-18454
-28547
-32719
-30103
-21238
-7961
6971
20458
29694
32757
29007
19220
5431
-9491
-22439
-30713
-32587
-27666
-16973
-2736
12073
24364
31568
32177
26060
14492
-108
-14689
-26197
-32222
-31498
-24174
-11781
3083
17304
27896
32634
30520
21996
8847
-6162
-19879
-29416
-32766
-29219
-19519
-5706
9311
22368
30711
32578
27570
16743
2378
-12491
-24723
-31732
-32033
-25558
-13674
1105
15653
26888
32428
31095
23169
10328
-4707
-18745
-28806
-32750
-29736
-20402
-6728
8378
21705
30414
32650
27932
17262
2911
-12062
-24465
-31651
-32083
-25665
-13765
1077
15692
26955
32455
31012
22932
9941
-5180
-19194
-29098
-32765
-29406
-19738
-5832
9326
22486
30817
32526
27244
16102
1495
-13436
-25478
-32035
-31693
-24521
-12062
2999
17416
28078
32680
30226
21243
7668
-7565
-21167
-30192
-32685
-28105
-17438
-2992
12103
24578
31727
31995
25321
13150
-1876
-16499
-27539
-32596
-30567
-21889
-8448
6833
20630
29936
32722
28377
17845
3419
-11753
-24364
-31659
-32040
-25423
-13249
1823
16499
27568
32607
30508
21729
8189
-7147
-20920
-30108
-32693
-28105
-17347
-2779
12401
24860
31856
31850
24838
12360
-2839
-17416
-28160
-32702
-30037
-20749
-6884
8501
22013
30668
32552
27244
15915
1066
-14020
-26008
-32243
-31342
-23500
-10451
4915
19194
29220
32766
29042
18871
4509
-10856
-23813
-31479
-32147
-25665
-13473
1720
16533
27666
32637
30335
21271
7461
-8015
-21705
-30552
-32578
-27327
-15968
-1038
14125
26133
32294
31228
23169
9920
-5554
-19786
-29584
-32748
-28565
-17970
-3339
12043
24723
31849
31816
24627
11897
-3511
-18132
-28673
-32755
-29458
-19519
-5177
10334
23516
31393
32182
25702
13414
-1907
-16800
-27896
-32682
-30072
-20653
-6555
9029
22570
30997
32395
26445
14492
-751
-15827
-27310
-32589
-30461
-21406
-7481
8148
21926
30713
32507
26894
15151
-48
-15238
-26955
-32522
-30664
-21804
-7961
7702
21608
30575
32549
27076
15403
202
-15047
-26852
-32503
-30703
-21861
-8002
7696
21629
30598
32538
27001
15255
0
-15257
-27007
-32541
-30582
-21579
-7602
8129
21989
30779
32468
26664
14703
-655
-15865
-27411
-32621
-30288
-20948
-6758
8997
22672
31098
32318
26047
13736
-1763
-16855
-28038
-32713
-29790
-19946
-5464
10289
23653
31516
32046
25116
12336
-3319
-18204
-28847
-32766
-29042
-18541
-3711
11987
24889
31977
31593
23823
10480
-5316
-19871
-29777
-32711
-27983
-16697
-1495
14059
26318
32404
30885
22114
8148
-7733
-21801
-30745
-32460
-26539
-14372
1180
16457
27860
32699
29832
19930
5325
-10537
-23916
-31650
-31910
-24631
-11530
4298
19113
29409
32747
28334
17210
2009
-13670
-26112
-32365
-30942
-22178
-8148
7817
21929
30833
32412
26285
13907
-1780
-17047
-28259
-32743
-29429
-19103
-4222
11667
24777
31977
31548
23586
9991
-5992
-20546
-30192
-32619
-27244
-15350
219
15739
27492
32660
30001
20149
5464
-10533
-24006
-31719
-31816
-24270
-10892
5106
19879
29873
32681
27625
15917
373
-15261
-27221
-32621
-30156
-20416
-5748
10308
23879
31684
31836
24293
10875
-5173
-19973
-29942
-32665
-27477
-15633
0
15636
27483
32666
29925
19920
5078
-10999
-24407
-31886
-31615
-23656
-9941
6193
20824
30386
32549
26782
14487
-1341
-16845
-28242
-32749
-29262
-18630
-3445
12583
25539
32252
31078
22301
8064
-8148
-22368
-31111
-32231
-25451
-12429
3643
18824
29387
32737
28047
16465
836
-15001
-27152
-32625
-30072
-20115
-5205
10989
24479
31937
31523
23335
9388
-6876
-21447
-30723
-32412
-26092
-13322
2743
18132
29038
32759
28371
16955
1338
-14612
-26944
-32596
-30164
-20247
-5304
10958
24501
31960
31477
23169
9099
-7236
-21774
-30894
-32323
-25702
-12676
3510
18824
29446
32724
27837
16000
166
-15711
-27666
-32707
-29572
-19041
-3744
12491
25602
32304
30916
21780
7184
-9215
-23305
-31551
-31880
-24205
-10451
5930
20824
30486
32483
26311
13518
-2679
-18204
-29147
-32749
-28098
-16364
-502
15488
27574
32702
29574
18976
3583
-12717
-25806
-32371
-30748
-21345
-6538
9926
23879
31785
31636
23467
9346
-7147
-21830
-30974
-32254
-25342
-11991
4409
19692
29968
32623
26976
14462
-1736
-17495
-28798
-32764
-28377
-16752
-852
15267
27492
32699
29554
18857
3339
-13034
-26077
-32450
-30520
-20777
-5712
10817
24578
32042
31291
22515
7961
-8637
-23021
-31496
-31881
-24075
-10079
6509
21426
30833
32307
25463
12062
-4448
-19815
-30076
-32585
-26689
-13907
2465
18204
29244
32732
27762
15616
-569
-16610
-28356
-32765
-28692
-17189
-1231
15047
27428
32699
29490
18630
2932
-13528
-26478
-32552
-30168
-19943
-4530
12062
25519
32337
30737
21133
6022
-10659
-24565
-32068
-31208
-22206
-7407
9326
23628
31760
31593
23169
8686
-8070
-22719
-31423
-31903
-24028
-9858
6896
21846
31070
32147
24790
10926
-5807
-21019
-30711
-32336
-25461
-11891
4807
20244
30356
32478
26047
12755
-3899
-19528
-30012
-32581
-26556
-13521
3083
18877
29687
32654
26991
14192
-2362
-18294
-29387
-32703
-27360
-14769
1736
17784
29119
32734
27666
15255
-1206
-17349
-28887
-32752
-27913
-15652
771
16993
28695
32761
28105
15962
-434
-16717
-28547
-32765
-28244
-16186
193
16523
28443
32766
28334
16326
-48
-16412
-28387
-32766
-28374
-16382
0
0
0
0
0
0
0
0
0
0
0
0
0
0
0
0
0
0
0
0
0
0
0
0
0
0
0
0
0
0
0
0
0
0
0
0
0
0
0
0
0
0
0
0
0
0
0
0
0
0
0
0
0
0
0
0
0
0
0
0
0
0
0
0
0
0
0
0
0
0
0
0
0
0
0
0
0
0
0
0
0
0
0
0
0
0
0
0
0
0
0
0
0
0
0
0
0
0
0
0
0
0
0
0
0
0
0
0
0
0
0
0
0
0
0
0
0
0
0
0
0
0
0
0
0
0
0
0
0
0
0
0
0
0
0
0
0
0
0
0
0
0
0
0
0
0
0
0
0
0
0
0
0
0
0
0
0
0
0
0
0
0
0
0
0
0
0
0
0
0
0
0
0
0
0
0
0
0
0
0
0
0
0
0
0
0
0
0
0
0
0
0
0
0
0
0
0
0
0
0
0
0
0
0
0
0
0
0
0
0
0
0
0
0
0
0
0
0
0
0
0
0
0
0
0
0
0
0
0
0
0
0
0
0
0
0
0
0
0
0
0
0
0
0
0
0
0
0
0
0
0
0
0
0
0
0
0
0
0
0
0
0
0
0
0
0
0
0
0
0
0
0
0
0
0
0
0
0
0
0
0
0
0
0
0
0
0
0
0
0
0
0
0
0
0
0
0
0
0
0
0
0
0
0
0
0
0
0
0
0
0
0
0
0
0
0
0
0
0
0
0
0
0
0
0
0
0
0
0
0
0
0
0
0
0
0
0
0
0
0
0
0
0
0
0
0
0
0
0
0
0
0
0
0
0
0
0
0
0
0
0
0
0
0
0
0
0
0
0
0
0
0
0
0
0
0
0
0
0
0
0
0
0
0
0
0
0
0
0
0
0
0
0
0
0
0
0
0
0
0
0
0
0
0
0
0
0
0
0
0
0
0
0
0
0
0
0
0
0
0
0
0
0
0
0
0
0
0
0
0
0
0
0
0
0
0
0
0
0
0
0
0
0
0
0
0
0
0
0
0
0
0
0
0
0
0
0
0
0
0
0
0
0
0
0
0
0
0
0
0
0
0
0
0
0
0
0
0
0
0
0
0
0
0
0
0
0
0
0
0
0
0
0
0
0
0
0
0
0
0
0
0
0
0
0
0
0
0
0
0
0
0
0
0
0
0
0
0
0
0
0
0
0
0
0
0
0
0
0
0
0
0
0
0
0
0
0
0
0
0
0
0
0
0
0
0
0
0
0
0
0
0
0
0
0
0
0
0
0
0
0
0
0
0
0
0
0
0
0
0
0
0
0
0
0
0
0
0
0
0
0
0
0
0
0
0
0
0
0
0
0
0
0
0
0
0
0
0
0
0
0
0
0
0
0
0
0
0
0
0
0
0
0
0
0
0
0
0
0
0
0
0
0
0
0
0
0
0
0
0
0
0
0
0
0
0
0
0
0
0
0
0
0
0
0
0
0
0
0
0
0
0
0
0
0
0
0
0
0
0
0
0
0
0
0
0
0
0
0
0
0
0
0
0
0
0
0
0
0
0
0
0
0
0
0
0
0
0
0
0
0
0
0
0
0
0
0
0
0
0
0
0
0
0
0
0
0
0
0
0
0
0
0
0
0
0
0
0
0
0
0
0
0
0
0
0
0
0
0
0
0
0
0
0
0
0
0
0
0
0
0
0
0
0
0
0
0
0
0
0
0
0
0
0
0
0
0
0
0
0
0
0
0
0
0
0
0
0
0
0
0
0
0
0
0
0
0
0
0
0
0
0
0
0
0
0
0
0
0
0
0
0
0
0
0
0
0
0
0
0
0
0
0
0
0
0
0
0
0
0
0
0
0
0
0
0
0
0
0
0
0
0
0
0
0
0
0
0
0
0
0
0
0
0
0
0
0
0
0
0
0
0
0
0
0
0
0
0
0
0
0
0
0
0
0
0
0
0
0
0
0
0
0
0
0
0
0
0
0
0
0
0
0
0
0
0
0
0
0
0
0
0
0
0
0
0
0
0
0
0
0
0
0
0
0
0
0
0
0
0
0
0
0
0
0
0
0
0
0
0
0
0
0
0
0
0
0
0
0
0
0
0
0
0
0
0
0
0
0
0
0
0
0
0
0
0
0
0
0
0
0
0
0
0
0
0
0
0
0
0
0
0
0
0
0
0
0
0
0
0
16383
15446
12744
8597
3490
-1978
-7175
-11502
-14470
-15757
-15240
-13010
-9357
-4727
325
5216
9391
12398
13933
13870
12276
9386
5578
1318
-2898
-6606
-9420
-11076
-11458
-10600
-8671
-5951
-2785
455
3422
5825
7462
8231
8133
7263
5784
3904
1846
-178
-1992
-3465
-4517
-5121
-5291
-5074
-4532
-3735
-2752
-1643
-464
733
1898
2973
3892
4587
4983
5018
4645
3848
2653
1128
-610
-2408
-4085
-5455
-6348
-6635
-6245
-5180
-3524
-1431
880
3160
5148
6610
7368
7322
6466
4892
2777
367
-2056
-4211
-5849
-6787
-6930
-6282
-4946
-3107
-1007
1087
2922
4287
5043
5138
4611
3583
2234
778
-572
-1635
-2289
-2482
-2244
-1674
-920
-158
443
754
701
285
-419
-1273
-2095
-2693
-2896
-2588
-1731
-379
1322
3152
4844
6119
6731
6509
5382
3408
766
-2250
-5277
-7913
-9781
-10578
-10123
-8386
-5502
-1765
2406
6517
10052
12546
13644
13154
11072
7595
3099
-1901
-6816
-11047
-14068
-15488
-15107
-12940
-9221
-4376
1023
6339
10933
14254
15903
15683
13624
9979
5192
-153
-5417
-9969
-13275
-14959
-14847
-12987
-9638
-5237
-339
4451
8559
11508
12976
12834
11155
8202
4384
207
-3797
-7141
-9435
-10440
-10090
-8494
-5916
-2736
606
3669
6067
7520
7883
7166
5521
3219
605
-1942
-4077
-5517
-6092
-5754
-4588
-2789
-634
1554
3464
4825
5453
5270
4313
2728
746
-1352
-3272
-4747
-5575
-5645
-4948
-3581
-1727
365
2422
4175
5400
5946
5749
4843
3352
1470
-562
-2495
-4095
-5179
-5631
-5418
-4592
-3272
-1637
108
1756
3121
4062
4500
4421
3871
2952
1800
568
-598
-1574
-2274
-2654
-2717
-2505
-2090
-1557
-996
-480
-63
231
407
492
529
566
646
793
1012
1281
1556
1779
1882
1807
1510
978
228
-683
-1670
-2623
-3420
-3946
-4105
-3836
-3125
-2009
-578
1035
2666
4135
5268
5919
5985
5424
4260
2586
555
-1632
-3751
-5571
-6887
-7538
-7429
-6544
-4948
-2785
-265
2357
4810
6830
8194
8741
8394
7167
5172
2600
-287
-3193
-5813
-7864
-9123
-9444
-8782
-7195
-4841
-1964
1135
4129
6697
8564
9527
9481
8431
6490
3870
855
-2226
-5040
-7282
-8713
-9187
-8662
-7210
-5005
-2303
588
3343
5660
7289
8065
7923
6907
5157
2896
399
-2036
-4134
-5663
-6468
-6485
-5747
-4376
-2564
-553
1403
3068
4252
4833
4769
4103
2955
1498
-58
-1503
-2649
-3356
-3547
-3221
-2444
-1344
-89
1136
2158
2834
3072
2845
2189
1201
23
-1178
-2234
-2998
-3362
-3272
-2738
-1825
-650
634
1866
2889
3575
3837
3645
3024
2049
839
-462
-1706
-2752
-3490
-3846
-3794
-3352
-2584
-1581
-457
671
1694
2521
3088
3361
3339
3043
2517
1819
1011
155
-688
-1471
-2150
-2687
-3054
-3227
-3188
-2924
-2434
-1730
-839
190
1292
2380
3358
4122
4575
4641
4272
3460
2246
716
-996
-2729
-4301
-5534
-6271
-6403
-5877
-4712
-2998
-894
1391
3618
5543
6947
7658
7579
6696
5087
2909
389
-2204
-4592
-6515
-7760
-8191
-7760
-6515
-4592
-2204
389
2909
5087
6696
7579
7658
6947
5543
3618
1391
-894
-2998
-4712
-5877
-6403
-6271
-5534
-4301
-2729
-996
716
2246
3460
4272
4641
4575
4122
3358
2380
1292
190
-839
-1730
-2434
-2924
-3188
-3227
-3054
-2687
-2150
-1471
-688
155
1011
1819
2517
3043
3339
3361
3088
2521
1694
671
-457
-1581
-2584
-3352
-3794
-3846
-3490
-2752
-1706
-462
839
2049
3024
3645
3837
3575
2889
1866
634
-650
-1825
-2738
-3272
-3362
-2998
-2234
-1178
23
1201
2189
2845
3072
2834
2158
1136
-89
-1344
-2444
-3221
-3547
-3356
-2649
-1503
-58
1498
2955
4103
4769
4833
4252
3068
1403
-553
-2564
-4376
-5747
-6485
-6468
-5663
-4134
-2036
399
2896
5157
6907
7923
8065
7289
5660
3343
588
-2303
-5005
-7210
-8662
-9187
-8713
-7282
-5040
-2226
855
3870
6490
8431
9481
9527
8564
6697
4129
1135
-1964
-4841
-7195
-8782
-9444
-9123
-7864
-5813
-3193
-287
2600
5172
7167
8394
8741
8194
6830
4810
2357
-265
-2785
-4948
-6544
-7429
-7538
-6887
-5571
-3751
-1632
555
2586
4260
5424
5985
5919
5268
4135
2666
1035
-578
-2009
-3125
-3836
-4105
-3946
-3420
-2623
-1670
-683
228
978
1510
1807
1882
1779
1556
1281
1012
793
646
566
529
492
407
231
-63
-480
-996
-1557
-2090
-2505
-2717
-2654
-2274
-1574
-598
568
1800
2952
3871
4421
4500
4062
3121
1756
108
-1637
-3272
-4592
-5418
-5631
-5179
-4095
-2495
-562
1470
3352
4843
5749
5946
5400
4175
2422
365
-1727
-3581
-4948
-5645
-5575
-4747
-3272
-1352
746
2728
4313
5270
5453
4825
3464
1554
-634
-2789
-4588
-5754
-6092
-5517
-4077
-1942
605
3219
5521
7166
7883
7520
6067
3669
606
-2736
-5916
-8494
-10090
-10440
-9435
-7141
-3797
207
4384
8202
11155
12834
12976
11508
8559
4451
-339
-5237
-9638
-12987
-14847
-14959
-13275
-9969
-5417
-153
5192
9979
13624
15683
15903
14254
10933
6339
1023
-4376
-9221
-12940
-15107
-15488
-14068
-11047
-6816
-1901
3099
7595
11072
13154
13644
12546
10052
6517
2406
-1765
-5502
-8386
-10123
-10578
-9781
-7913
-5277
-2250
766
3408
5382
6509
6731
6119
4844
3152
1322
-379
-1731
-2588
-2896
-2693
-2095
-1273
-419
285
701
754
443
-158
-920
-1674
-2244
-2482
-2289
-1635
-572
778
2234
3583
4611
5138
5043
4287
2922
1087
-1007
-3107
-4946
-6282
-6930
-6787
-5849
-4211
-2056
367
2777
4892
6466
7322
7368
6610
5148
3160
880
-1431
-3524
-5180
-6245
-6635
-6348
-5455
-4085
-2408
-610
1128
2653
3848
4645
5018
4983
4587
3892
2973
1898
733
-464
-1643
-2752
-3735
-4532
-5074
-5291
-5121
-4517
-3465
-1992
-178
1846
3904
5784
7263
8133
8231
7462
5825
3422
455
-2785
-5951
-8671
-10600
-11458
-11076
-9420
-6606
-2898
1318
5578
9386
12276
13870
13933
12398
9391
5216
325
-4727
-9357
-13010
-15240
-15757
-14470
-11502
-7175
-1978
3490
8597
12744
15446
0
0
0
0
0
0
0
0
0
0
0
0
0
0
0
0
0
0
0
0
0
0
0
0
0
0
0
0
0
0
0
0
0
0
0
0
0
0
0
0
0
0
0
0
0
0
0
0
0
0
0
0
0
0
0
0
0
0
0
0
0
0
0
0
0
0
0
-8191
-7794
-6639
-4833
-2542
17
2604
4966
6869
8115
8567
8160
6913
4929
2393
-449
-3310
-5889
-7904
-9122
-9390
-8650
-6953
-4459
-1421
1838
4962
7595
9430
10239
9908
8450
6009
2848
-680
-4176
-7232
-9485
-10663
-10614
-9331
-6954
-3754
-103
3569
6828
9286
10648
10751
9585
7290
4146
532
-3115
-6358
-8811
-10187
-10331
-9244
-7072
-4095
-687
2733
5752
8014
9263
9372
8360
6381
3705
680
-2315
-4920
-6832
-7847
-7881
-6977
-5290
-3066
-606
1773
3788
5215
5919
5867
5124
3840
2223
508
-1077
-2347
-3173
-3503
-3358
-2829
-2048
-1173
-353
288
681
805
698
444
149
-70
-123
47
446
1023
1681
2287
2699
2787
2464
1698
531
-927
-2503
-3985
-5148
-5792
-5767
-5004
-3530
-1470
957
3471
5759
7514
8478
8481
7466
5501
2776
-412
-3698
-6690
-9016
-10374
-10571
-9547
-7392
-4330
-702
3078
6575
9378
11153
11688
10911
8906
5899
2230
-1680
-5393
-8490
-10630
-11586
-11268
-9731
-7167
-3880
-246
3330
6464
8829
10197
10457
9622
7823
5289
2317
-765
-3636
-6013
-7684
-8521
-8488
-7641
-6114
-4095
-1809
513
2657
4441
5730
6448
6571
6131
5201
3888
2320
632
-1037
-2565
-3840
-4776
-5311
-5413
-5078
-4336
-3244
-1886
-372
1175
2624
3846
4731
5191
5177
4685
3754
2473
964
-622
-2125
-3393
-4295
-4745
-4702
-4184
-3263
-2052
-697
642
1817
2705
3223
3341
3081
2515
1749
910
123
-503
-900
-1038
-939
-668
-318
0
186
163
-101
-594
-1247
-1947
-2556
-2929
-2938
-2501
-1595
-270
1347
3074
4681
5929
6601
6534
5650
3973
1634
-1134
-4024
-6685
-8769
-9975
-10091
-9029
-6841
-3724
2
3923
7582
10532
12392
12898
11941
9583
6056
1739
-2882
-7279
-10933
-13406
-14393
-13760
-11562
-8042
-3598
1260
5974
9999
12877
14283
14069
12277
9134
5024
435
-4095
-8051
-10992
-12611
-12764
-11484
-8971
-5563
-1690
2180
5603
8206
9734
10075
9263
7469
4973
2120
-725
-3228
-5119
-6231
-6505
-5996
-4856
-3300
-1581
57
1407
2328
2757
2712
2284
1614
868
204
-248
-413
-277
109
647
1200
1627
1800
1636
1106
249
-835
-2001
-3072
-3872
-4251
-4111
-3422
-2235
-669
1092
2830
4320
5357
5792
5547
4633
3146
1259
-800
-2781
-4441
-5574
-6044
-5799
-4877
-3403
-1567
394
2238
3739
4725
5095
4831
3999
2737
1234
-298
-1656
-2670
-3226
-3285
-2880
-2110
-1124
-95
804
1434
1703
1581
1109
386
-442
-1215
-1773
-1991
-1799
-1193
-241
926
2132
3179
3880
4086
3713
2755
1294
-508
-2430
-4216
-5612
-6400
-6430
-5646
-4095
-1931
607
3218
5577
7375
8363
8383
7395
5482
2845
-215
-3342
-6155
-8308
-9524
-9636
-8610
-6551
-3689
-359
3046
6118
8485
9860
10071
9089
7030
4140
769
-2677
-5782
-8172
-9560
-9786
-8830
-6817
-4004
-741
2564
5506
7726
8956
9056
8027
6012
3274
167
-2911
-5573
-7484
-8408
-8237
-7003
-4873
-2128
871
3738
6100
7651
8191
7651
6100
3738
871
-2128
-4873
-7003
-8237
-8408
-7484
-5573
-2911
167
3274
6012
8027
9056
8956
7726
5506
2564
-741
-4004
-6817
-8830
-9786
-9560
-8172
-5782
-2677
769
4140
7030
9089
10071
9860
8485
6118
3046
-359
-3689
-6551
-8610
-9636
-9524
-8308
-6155
-3342
-215
2845
5482
7395
8383
8363
7375
5577
3218
607
-1931
-4095
-5646
-6430
-6400
-5612
-4216
-2430
-508
1294
2755
3713
4086
3880
3179
2132
926
-241
-1193
-1799
-1991
-1773
-1215
-442
386
1109
1581
1703
1434
804
-95
-1124
-2110
-2880
-3285
-3226
-2670
-1656
-298
1234
2737
3999
4831
5095
4725
3739
2238
394
-1567
-3403
-4877
-5799
-6044
-5574
-4441
-2781
-800
1259
3146
4633
5547
5792
5357
4320
2830
1092
-669
-2235
-3422
-4111
-4251
-3872
-3072
-2001
-835
249
1106
1636
1800
1627
1200
647
109
-277
-413
-248
204
868
1614
2284
2712
2757
2328
1407
57
-1581
-3300
-4856
-5996
-6505
-6231
-5119
-3228
-725
2120
4973
7469
9263
10075
9734
8206
5603
2180
-1690
-5563
-8971
-11484
-12764
-12611
-10992
-8051
-4095
435
5024
9134
12277
14069
14283
12877
9999
5974
1260
-3598
-8042
-11562
-13760
-14393
-13406
-10933
-7279
-2882
1739
6056
9583
11941
12898
12392
10532
7582
3923
2
-3724
-6841
-9029
-10091
-9975
-8769
-6685
-4024
-1134
1634
3973
5650
6534
6601
5929
4681
3074
1347
-270
-1595
-2501
-2938
-2929
-2556
-1947
-1247
-594
-101
163
186
0
-318
-668
-939
-1038
-900
-503
123
910
1749
2515
3081
3341
3223
2705
1817
642
-697
-2052
-3263
-4184
-4702
-4745
-4295
-3393
-2125
-622
964
2473
3754
4685
5177
5191
4731
3846
2624
1175
-372
-1886
-3244
-4336
-5078
-5413
-5311
-4776
-3840
-2565
-1037
632
2320
3888
5201
6131
6571
6448
5730
4441
2657
513
-1809
-4095
-6114
-7641
-8488
-8521
-7684
-6013
-3636
-765
2317
5289
7823
9622
10457
10197
8829
6464
3330
-246
-3880
-7167
-9731
-11268
-11586
-10630
-8490
-5393
-1680
2230
5899
8906
10911
11688
11153
9378
6575
3078
-702
-4330
-7392
-9547
-10571
-10374
-9016
-6690
-3698
-412
2776
5501
7466
8481
8478
7514
5759
3471
957
-1470
-3530
-5004
-5767
-5792
-5148
-3985
-2503
-927
531
1698
2464
2787
2699
2287
1681
1023
446
47
-123
-70
149
444
698
805
681
288
-353
-1173
-2048
-2829
-3358
-3503
-3173
-2347
-1077
508
2223
3840
5124
5867
5919
5215
3788
1773
-606
-3066
-5290
-6977
-7881
-7847
-6832
-4920
-2315
680
3705
6381
8360
9372
9263
8014
5752
2733
-687
-4095
-7072
-9244
-10331
-10187
-8811
-6358
-3115
532
4146
7290
9585
10751
10648
9286
6828
3569
-103
-3754
-6954
-9331
-10614
-10663
-9485
-7232
-4176
-680
2848
6009
8450
9908
10239
9430
7595
4962
1838
-1421
-4459
-6953
-8650
-9390
-9122
-7904
-5889
-3310
-449
2393
4929
6913
8160
8567
8115
6869
4966
2604
17
-2542
-4833
-6639
-7794
0
0
0
0
0
0
0
0
0
0
0
0
0
0
0
0
0
0
0
0
0
0
0
0
0
0
0
0
0
0
0
0
0
0
0
0
0
0
0
0
0
0
0
0
0
0
0
0
0
0
0
0
0
0
0
0
0
0
0
0
0
0
0
0
0
0
0
8191
7700
6287
4126
1483
-1319
-3939
-6062
-7437
-7906
-7427
-6074
-4026
-1545
1060
3473
5408
6646
7059
6624
5425
3634
1492
-729
-2758
-4360
-5364
-5680
-5311
-4344
-2935
-1286
383
1868
3001
3672
3842
3538
2850
1910
870
-117
-927
-1472
-1715
-1671
-1400
-993
-553
-179
51
100
-32
-304
-639
-944
-1123
-1098
-822
-294
440
1294
2142
2849
3281
3333
2945
2115
906
-559
-2113
-3559
-4698
-5358
-5417
-4822
-3602
-1867
199
2364
4370
5964
6935
7138
6517
5113
3064
591
-2029
-4494
-6511
-7833
-8291
-7813
-6437
-4307
-1656
1217
3987
6335
7990
8757
8545
7373
5373
2770
-141
-3031
-5573
-7482
-8545
-8649
-7788
-6067
-3689
-928
1901
4479
6521
7802
8191
7658
6279
4223
1735
-895
-3368
-5406
-6787
-7366
-7095
-6023
-4290
-2110
256
2531
4454
5808
6449
6317
5443
3948
2020
-100
-2159
-3908
-5144
-5726
-5593
-4773
-3376
-1581
387
2282
3870
4956
5407
5168
4271
2829
1023
-920
-2759
-4260
-5234
-5553
-5172
-4131
-2553
-628
1408
3305
4828
5782
6044
5571
4413
2699
631
-1546
-3575
-5212
-6257
-6584
-6149
-4998
-3263
-1143
1118
3260
5040
6256
6776
6547
5603
4059
2094
-67
-2187
-4037
-5426
-6220
-6355
-5841
-4757
-3240
-1461
385
2117
3573
4632
5222
5322
4961
4205
3149
1901
571
-738
-1941
-2969
-3774
-4322
-4592
-4574
-4263
-3663
-2786
-1660
-329
1138
2650
4091
5328
6224
6651
6506
5733
4333
2375
0
-2587
-5133
-7362
-9003
-9826
-9674
-8483
-6306
-3314
218
3934
7429
10300
12192
12841
12113
10026
6757
2625
-1936
-6430
-10344
-13221
-14707
-14598
-12871
-9687
-5382
-424
4632
9216
12805
14984
15500
14292
11498
7439
2583
-2511
-7262
-11134
-13696
-14679
-13999
-11772
-8288
-3980
632
5011
8658
11180
12329
12032
10387
7652
4204
488
-3042
-5978
-8009
-8950
-8767
-7566
-5577
-3113
-527
1839
3699
4857
5228
4844
3840
2433
880
-560
-1666
-2283
-2347
-1888
-1023
62
1153
2032
2519
2499
1940
903
-469
-1975
-3376
-4441
-4974
-4851
-4036
-2591
-671
1494
3633
5463
6734
7257
6936
5777
3895
1494
-1150
-3733
-5950
-7541
-8316
-8185
-7160
-5358
-2983
-303
2388
4800
6682
7846
8191
7706
6468
4630
2397
6
-2304
-4321
-5869
-6832
-7153
-6838
-5949
-4588
-2890
-1004
916
2726
4297
5518
6308
6610
6398
5678
4486
2894
1005
-1045
-3098
-4980
-6511
-7529
-7902
-7547
-6447
-4656
-2309
391
3189
5793
7917
9303
9761
9192
7610
5144
2032
-1401
-4780
-7716
-9860
-10941
-10805
-9437
-6970
-3671
87
3869
7226
9754
11143
11220
9968
7535
4214
410
-3408
-6774
-9274
-10603
-10607
-9298
-6856
-3603
36
3591
6608
8707
9630
9279
7722
5189
2032
-1314
-4400
-6813
-8238
-8500
-7583
-5633
-2935
123
3112
5615
7285
7897
7373
5797
3399
523
-2419
-5012
-6886
-7777
-7557
-6258
-4062
-1277
1704
4463
6609
7839
7977
7001
5043
2374
-633
-3564
-6008
-7626
-8191
-7626
-6008
-3564
-633
2374
5043
7001
7977
7839
6609
4463
1704
-1277
-4062
-6258
-7557
-7777
-6886
-5012
-2419
523
3399
5797
7373
7897
7285
5615
3112
123
-2935
-5633
-7583
-8500
-8238
-6813
-4400
-1314
2032
5189
7722
9279
9630
8707
6608
3591
36
-3603
-6856
-9298
-10607
-10603
-9274
-6774
-3408
410
4214
7535
9968
11220
11143
9754
7226
3869
87
-3671
-6970
-9437
-10805
-10941
-9860
-7716
-4780
-1401
2032
5144
7610
9192
9761
9303
7917
5793
3189
391
-2309
-4656
-6447
-7547
-7902
-7529
-6511
-4980
-3098
-1045
1005
2894
4486
5678
6398
6610
6308
5518
4297
2726
916
-1004
-2890
-4588
-5949
-6838
-7153
-6832
-5869
-4321
-2304
6
2397
4630
6468
7706
8191
7846
6682
4800
2388
-303
-2983
-5358
-7160
-8185
-8316
-7541
-5950
-3733
-1150
1494
3895
5777
6936
7257
6734
5463
3633
1494
-671
-2591
-4036
-4851
-4974
-4441
-3376
-1975
-469
903
1940
2499
2519
2032
1153
62
-1023
-1888
-2347
-2283
-1666
-560
880
2433
3840
4844
5228
4857
3699
1839
-527
-3113
-5577
-7566
-8767
-8950
-8009
-5978
-3042
488
4204
7652
10387
12032
12329
11180
8658
5011
632
-3980
-8288
-11772
-13999
-14679
-13696
-11134
-7262
-2511
2583
7439
11498
14292
15500
14984
12805
9216
4632
-424
-5382
-9687
-12871
-14598
-14707
-13221
-10344
-6430
-1936
2625
6757
10026
12113
12841
12192
10300
7429
3934
218
-3314
-6306
-8483
-9674
-9826
-9003
-7362
-5133
-2587
0
2375
4333
5733
6506
6651
6224
5328
4091
2650
1138
-329
-1660
-2786
-3663
-4263
-4574
-4592
-4322
-3774
-2969
-1941
-738
571
1901
3149
4205
4961
5322
5222
4632
3573
2117
385
-1461
-3240
-4757
-5841
-6355
-6220
-5426
-4037
-2187
-67
2094
4059
5603
6547
6776
6256
5040
3260
1118
-1143
-3263
-4998
-6149
-6584
-6257
-5212
-3575
-1546
631
2699
4413
5571
6044
5782
4828
3305
1408
-628
-2553
-4131
-5172
-5553
-5234
-4260
-2759
-920
1023
2829
4271
5168
5407
4956
3870
2282
387
-1581
-3376
-4773
-5593
-5726
-5144
-3908
-2159
-100
2020
3948
5443
6317
6449
5808
4454
2531
256
-2110
-4290
-6023
-7095
-7366
-6787
-5406
-3368
-895
1735
4223
6279
7658
8191
7802
6521
4479
1901
-928
-3689
-6067
-7788
-8649
-8545
-7482
-5573
-3031
-141
2770
5373
7373
8545
8757
7990
6335
3987
1217
-1656
-4307
-6437
-7813
-8291
-7833
-6511
-4494
-2029
591
3064
5113
6517
7138
6935
5964
4370
2364
199
-1867
-3602
-4822
-5417
-5358
-4698
-3559
-2113
-559
906
2115
2945
3333
3281
2849
2142
1294
440
-294
-822
-1098
-1123
-944
-639
-304
-32
100
51
-179
-553
-993
-1400
-1671
-1715
-1472
-927
-117
870
1910
2850
3538
3842
3672
3001
1868
383
-1286
-2935
-4344
-5311
-5680
-5364
-4360
-2758
-729
1492
3634
5425
6624
7059
6646
5408
3473
1060
-1545
-4026
-6074
-7427
-7906
-7437
-6062
-3939
-1319
1483
4126
6287
7700
0
0
0
0
0
0
0
0
0
0
0
0
0
0
0
0
0
0
0
0
0
0
0
0
0
0
0
0
0
0
0
0
0
0
0
0
0
0
0
0
0
0
0
0
0
0
0
0
0
0
0
0
0
0
0
0
0
0
0
0
0
0
0
0
0
0
0
12287
11586
9565
6462
2642
-1449
-5337
-8576
-10801
-11772
-11399
-9750
-7041
-3605
145
3776
6879
9119
10273
10252
9104
7007
4236
1134
-1938
-4642
-6702
-7930
-8245
-7674
-6341
-4447
-2237
27
2106
3801
4976
5567
5578
5078
4175
3008
1716
430
-743
-1733
-2497
-3023
-3320
-3409
-3313
-3053
-2644
-2094
-1411
-608
292
1250
2205
3079
3784
4228
4334
4045
3345
2261
868
-711
-2324
-3796
-4956
-5656
-5792
-5320
-4263
-2717
-836
1179
3109
4734
5869
6381
6210
5372
3963
2143
119
-1879
-3634
-4956
-5712
-5840
-5350
-4326
-2907
-1271
391
1897
3099
3892
4233
4132
3653
2893
1971
1007
105
-656
-1238
-1633
-1862
-1967
-1997
-1992
-1977
-1953
-1897
-1770
-1521
-1105
-496
302
1253
2276
3259
4072
4580
4667
4255
3323
1913
138
-1828
-3774
-5463
-6674
-7224
-7000
-5975
-4218
-1893
756
3439
5844
7679
8713
8799
7903
6103
3589
640
-2411
-5216
-7451
-8857
-9276
-8663
-7096
-4766
-1949
1023
3812
6102
7649
8302
8020
6875
5036
2749
296
-2031
-3978
-5349
-6034
-6013
-5351
-4190
-2717
-1140
341
1567
2429
2884
2953
2707
2258
1725
1224
838
610
537
570
632
631
479
120
-465
-1244
-2131
-3004
-3715
-4117
-4086
-3548
-2494
-989
828
2761
4576
6030
6907
7050
6383
4927
2806
236
-2499
-5083
-7199
-8578
-9028
-8463
-6920
-4551
-1615
1559
4606
7171
8953
9739
9435
8073
5811
2911
-290
-3427
-6141
-8130
-9182
-9195
-8191
-6310
-3788
-929
1934
4482
6441
7616
7910
7332
5989
4069
1816
-502
-2629
-4344
-5486
-5971
-5795
-5026
-3791
-2259
-617
954
2299
3299
3887
4042
3791
3199
2356
1366
332
-648
-1495
-2150
-2574
-2750
-2679
-2378
-1879
-1224
-466
334
1113
1799
2327
2636
2680
2435
1904
1122
155
-899
-1924
-2791
-3379
-3587
-3353
-2664
-1567
-165
1386
2899
4171
5013
5275
4870
3792
2123
30
-2250
-4437
-6239
-7393
-7698
-7051
-5463
-3067
-110
3071
6094
8566
10143
10572
9733
7654
4526
675
-3462
-7393
-10629
-12743
-13428
-12541
-10126
-6414
-1803
3182
7959
11951
14658
15723
14976
12462
8440
3354
-2214
-7620
-12224
-15473
-16972
-16527
-14175
-10177
-4994
774
6455
11389
15002
16880
16815
14829
11172
6286
754
-4772
-9653
-13335
-15415
-15688
-14167
-11076
-6817
-1923
3018
7430
10818
12826
13277
12185
9748
6319
2351
-1656
-5228
-7963
-9584
-9967
-9149
-7310
-4750
-1839
1034
3512
5312
6261
6312
5539
4124
2322
423
-1290
-2585
-3307
-3396
-2895
-1935
-710
549
1619
2313
2511
2175
1360
196
-1122
-2376
-3346
-3853
-3784
-3109
-1890
-275
1524
3262
4686
5579
5791
5258
4014
2192
6
-2273
-4359
-5979
-6915
-7032
-6299
-4788
-2676
-214
2297
4553
6275
7251
7362
6596
5052
2921
469
-2000
-4188
-5829
-6734
-6806
-6053
-4588
-2611
-382
1813
3700
5049
5707
5611
4800
3405
1628
-281
-2064
-3486
-4364
-4595
-4167
-3159
-1726
-82
1531
2884
3781
4095
3781
2884
1531
-82
-1726
-3159
-4167
-4595
-4364
-3486
-2064
-281
1628
3405
4800
5611
5707
5049
3700
1813
-382
-2611
-4588
-6053
-6806
-6734
-5829
-4188
-2000
469
2921
5052
6596
7362
7251
6275
4553
2297
-214
-2676
-4788
-6299
-7032
-6915
-5979
-4359
-2273
6
2192
4014
5258
5791
5579
4686
3262
1524
-275
-1890
-3109
-3784
-3853
-3346
-2376
-1122
196
1360
2175
2511
2313
1619
549
-710
-1935
-2895
-3396
-3307
-2585
-1290
423
2322
4124
5539
6312
6261
5312
3512
1034
-1839
-4750
-7310
-9149
-9967
-9584
-7963
-5228
-1656
2351
6319
9748
12185
13277
12826
10818
7430
3018
-1923
-6817
-11076
-14167
-15688
-15415
-13335
-9653
-4772
754
6286
11172
14829
16815
16880
15002
11389
6455
774
-4994
-10177
-14175
-16527
-16972
-15473
-12224
-7620
-2214
3354
8440
12462
14976
15723
14658
11951
7959
3182
-1803
-6414
-10126
-12541
-13428
-12743
-10629
-7393
-3462
675
4526
7654
9733
10572
10143
8566
6094
3071
-110
-3067
-5463
-7051
-7698
-7393
-6239
-4437
-2250
30
2123
3792
4870
5275
5013
4171
2899
1386
-165
-1567
-2664
-3353
-3587
-3379
-2791
-1924
-899
155
1122
1904
2435
2680
2636
2327
1799
1113
334
-466
-1224
-1879
-2378
-2679
-2750
-2574
-2150
-1495
-648
332
1366
2356
3199
3791
4042
3887
3299
2299
954
-617
-2259
-3791
-5026
-5795
-5971
-5486
-4344
-2629
-502
1816
4069
5989
7332
7910
7616
6441
4482
1934
-929
-3788
-6310
-8191
-9195
-9182
-8130
-6141
-3427
-290
2911
5811
8073
9435
9739
8953
7171
4606
1559
-1615
-4551
-6920
-8463
-9028
-8578
-7199
-5083
-2499
236
2806
4927
6383
7050
6907
6030
4576
2761
828
-989
-2494
-3548
-4086
-4117
-3715
-3004
-2131
-1244
-465
120
479
631
632
570
537
610
838
1224
1725
2258
2707
2953
2884
2429
1567
341
-1140
-2717
-4190
-5351
-6013
-6034
-5349
-3978
-2031
296
2749
5036
6875
8020
8302
7649
6102
3812
1023
-1949
-4766
-7096
-8663
-9276
-8857
-7451
-5216
-2411
640
3589
6103
7903
8799
8713
7679
5844
3439
756
-1893
-4218
-5975
-7000
-7224
-6674
-5463
-3774
-1828
138
1913
3323
4255
4667
4580
4072
3259
2276
1253
302
-496
-1105
-1521
-1770
-1897
-1953
-1977
-1992
-1997
-1967
-1862
-1633
-1238
-656
105
1007
1971
2893
3653
4132
4233
3892
3099
1897
391
-1271
-2907
-4326
-5350
-5840
-5712
-4956
-3634
-1879
119
2143
3963
5372
6210
6381
5869
4734
3109
1179
-836
-2717
-4263
-5320
-5792
-5656
-4956
-3796
-2324
-711
868
2261
3345
4045
4334
4228
3784
3079
2205
1250
292
-608
-1411
-2094
-2644
-3053
-3313
-3409
-3320
-3023
-2497
-1733
-743
430
1716
3008
4175
5078
5578
5567
4976
3801
2106
27
-2237
-4447
-6341
-7674
-8245
-7930
-6702
-4642
-1938
1134
4236
7007
9104
10252
10273
9119
6879
3776
145
-3605
-7041
-9750
-11399
-11772
-10801
-8576
-5337
-1449
2642
6462
9565
11586
0
0
0
0
0
0
0
0
0
0
0
0
0
0
0
0
0
0
0
0
0
0
0
0
0
0
0
0
0
0
0
0
0
0
0
0
0
0
0
0
0
0
0
0
0
0
0
0
0
0
0
0
0
0
0
0
0
0
0
0
0
0
0
0
0
0
0
