17.666666666666668
11.3
14.383333333333333
22.716666666666665
7.833333333333333
7.616666666666666
16.133333333333333
12.483333333333333
15.183333333333334
19.883333333333333
10.033333333333333
10.783333333333333
15.2
4.1
-0.016666666666666666
4.083333333333333
22.433333333333334
21.3
15.0
6.216666666666667
13.25
12.95
20.55
22.466666666666665
20.55
18.983333333333334
12.683333333333334
13.6
18.133333333333333
19.383333333333333
10.9
5.633333333333334
15.366666666666667
19.966666666666665
12.0
18.133333333333333
13.183333333333334
