0
4278
8485
12550
16402
19973
23203
26035
28419
30314
31684
32507
32766
32456
31581
30156
28203
25758
22860
19561
15917
11991
7852
3573
-771
-5106
-9352
-13436
-17284
-20829
-24006
-26759
-29038
-30801
-32015
-32660
-32720
-32196
-31094
-29434
-27244
-24563
-21439
-17925
-14087
-9991
-5712
-1327
3083
7441
11667
15683
19415
22796
25762
28259
30239
31667
32514
32764
32412
31462
29931
27847
25247
22178
18696
14865
10755
6443
2009
-2465
-6896
-11201
-15299
-19113
-22570
-25606
-28162
-30190
-31650
-32514
-32764
-32394
-31411
-29832
-27686
-25012
-21861
-18292
-14372
-10175
-5781
-1274
3259
7733
12062
16161
19951
23359
26318
28771
30668
31973
32659
32711
32127
30919
29107
26727
23823
20452
16679
12577
8226
3711
-879
-5455
-9926
-14204
-18204
-21846
-25058
-27775
-29942
-31516
-32464
-32766
-32415
-31417
-29790
-27567
-24790
-21514
-17805
-13736
-9388
-4849
-209
4437
8997
13377
17489
21248
24578
27411
29687
31359
32393
32765
32468
31507
29899
27676
24884
21579
17828
13707
9301
4700
0
-4703
-9311
-13729
-17864
-21629
-24947
-27746
-29968
-31566
-32503
-32761
-32332
-31225
-29460
-27076
-24119
-20653
-16748
-12488
-7961
-3263
1506
6246
10856
15238
19298
22949
26112
28719
30713
32051
32702
32651
31900
30461
28366
25658
22395
18646
14492
10022
5332
524
-4298
-9029
-13567
-17811
-21669
-25055
-27896
-30127
-31699
-32577
-32739
-32182
-30916
-28967
-26379
-23206
-19519
-15397
-10932
-6222
-1372
3511
8320
12945
17284
21240
24723
27655
29968
31611
32545
32748
32214
30954
28995
26381
23169
19431
15252
10724
5950
1038
-3899
-8751
-13405
-17757
-21705
-25159
-28038
-30277
-31822
-32637
-32702
-32014
-30588
-28456
-25665
-22280
-18377
-14047
-9388
-4509
477
5455
10308
14924
19194
23018
26305
28979
30974
32243
32756
32498
31476
29711
27244
24133
20449
16280
11722
6884
1880
-3170
-8148
-12935
-17416
-21484
-25041
-28000
-30291
-31856
-32659
-32677
-31909
-30373
-28105
-25157
-21600
-17520
-13013
-8189
-3163
1941
7001
11893
16499
20705
24407
27516
29953
31659
32589
32721
32049
30590
28377
25463
21921
17836
13307
8448
3377
-1780
-6896
-11843
-16499
-20746
-24479
-27603
-30040
-31727
-32621
-32699
-31957
-30413
-28105
-25088
-21439
-17247
-12618
-7668
-2522
2689
7836
12787
17416
21605
25247
28248
30530
32035
32723
32574
31592
29801
27244
23987
20112
15718
10917
5832
595
-4660
-9798
-14685
-19194
-23208
-26622
-29345
-31307
-32455
-32757
-32206
-30813
-28614
-25665
-22043
-17841
-13169
-8148
-2911
2405
7661
12717
17440
21705
25397
28419
30689
32146
32750
32483
31352
29385
26633
23169
19084
14487
9500
4255
-1105
-6439
-11603
-16457
-20870
-24723
-27911
-30346
-31961
-32712
-32578
-31559
-29684
-27001
-23582
-19519
-14922
-9916
-4636
771
6162
11386
16301
20770
24671
27896
30354
31977
32719
32558
31498
29565
26813
23317
19172
14492
9407
4058
-1405
-6833
-12073
-16978
-21411
-25247
-28377
-30713
-32188
-32760
-32410
-31148
-29007
-26047
-22351
-18021
-13179
-7961
-2516
3003
8440
13640
18454
22745
26389
29282
31340
32503
32737
32033
30409
27913
24613
20604
16000
10932
5547
0
-5550
-10942
-16021
-20637
-24657
-27963
-30458
-32068
-32745
-32468
-31244
-29107
-26118
-22364
-17952
-13013
-7689
-2137
3479
8997
14252
19090
23367
26955
29748
31662
32640
32650
31691
29790
27003
23411
19119
14256
8965
3403
-2262
-7862
-13230
-18204
-22633
-26385
-29345
-31423
-32556
-32707
-31871
-30072
-27362
-23823
-19561
-14703
-9397
-3803
1908
7565
12994
18030
22517
26318
29316
31419
32559
32702
31841
30001
27238
23635
19302
14372
8996
3339
-2422
-8112
-13553
-18577
-23026
-26761
-29667
-31650
-32648
-32629
-31591
-29565
-26615
-22829
-18327
-13249
-7752
-2009
3799
9491
14886
19815
24120
27666
30338
32052
32751
32412
31044
28690
25423
21345
16586
11295
5642
-193
-6025
-11667
-16938
-21669
-25706
-28920
-31206
-32489
-32726
-31909
-30063
-27244
-23544
-19081
-13998
-8460
-2644
3259
9060
14569
19606
24006
27626
30346
32075
32756
32366
30916
28451
25051
20827
15917
10480
4696
-1244
-7147
-12817
-18065
-22719
-26622
-29644
-31684
-32674
-32578
-31398
-29173
-25975
-21909
-17110
-11737
-5969
0
5972
11747
17130
21941
26016
29217
31436
32596
32657
31615
29504
26395
22390
17625
12260
6476
470
-5554
-11392
-16845
-21726
-25867
-29127
-31393
-32585
-32662
-31619
-29491
-26349
-22301
-17483
-12062
-6222
-166
5898
11762
17222
22088
26191
29387
31566
32648
32597
31411
29131
25835
21636
16679
11138
5205
-912
-7001
-12847
-18244
-23003
-26955
-29960
-31912
-32739
-32412
-30940
-28374
-24803
-20353
-15179
-9465
-3413
2763
8843
14612
19863
24407
28083
30758
32334
32755
32003
30103
27124
23169
18381
12929
7010
836
-5370
-11386
-16993
-21989
-26191
-29446
-31636
-32680
-32538
-31214
-28754
-25247
-20819
-15630
-9868
-3744
2518
8692
14551
19879
24480
28184
30855
32393
32739
31880
29845
26709
22585
17625
12011
5950
-333
-6607
-12639
-18204
-23094
-27128
-30152
-32055
-32763
-32248
-30528
-27666
-23767
-18976
-13473
-7461
-1167
5173
11322
17047
22132
26385
29644
31785
32724
32427
30901
28203
24435
19738
14288
8294
1981
-4409
-10635
-16457
-21654
-26025
-29402
-31656
-32697
-32485
-31027
-28377
-24634
-19943
-14481
-8460
-2109
4324
10594
16457
21686
26077
29459
31699
32710
32451
30929
28203
24378
19601
14056
7961
1552
-4919
-11201
-17047
-22227
-26537
-29806
-31906
-32751
-32307
-30590
-27666
-23648
-18696
-13002
-6791
-309
6187
12441
18204
23246
27366
30398
32222
32762
31995
29951
26709
22398
17189
11289
4935
-1619
-8112
-14281
-19879
-24678
-28486
-31147
-32552
-32643
-31416
-28917
-25247
-20553
-15023
-8882
-2378
4225
10659
16662
21989
26421
29777
31918
32756
32254
30432
27362
23169
18024
12137
5748
-879
-7473
-13762
-19485
-24407
-28323
-31070
-32533
-32650
-31414
-28875
-25136
-20353
-14721
-8475
-1874
4807
11292
17307
22602
26955
30182
32146
32765
32010
29911
26556
22083
16679
10571
4016
-2711
-9326
-15551
-21121
-25799
-29387
-31732
-32732
-32344
-30582
-27520
-23286
-18060
-12062
-5547
1206
7911
14280
20041
24947
28786
31393
32653
32513
30975
28105
24024
18906
12972
6476
-301
-7069
-13534
-19415
-24458
-28443
-31196
-32596
-32580
-31148
-28360
-24336
-19250
-13322
-6811
0
6813
13332
19269
24364
28393
31178
32594
32578
31129
28309
24241
19103
13120
6555
-301
-7147
-13680
-19609
-24671
-28641
-31340
-32648
-32505
-30916
-27948
-23735
-18460
-12360
-5706
1206
8067
14569
20421
25359
29162
31656
32728
32328
30473
27244
22786
17298
11027
4255
-2711
-9557
-15974
-21669
-26383
-29901
-32062
-32766
-31979
-29736
-26137
-21345
-15577
-9095
-2195
4807
11593
17850
23291
27666
30771
32464
32665
31362
28614
24546
19345
13249
6538
-477
-7473
-14125
-20126
-25196
-29098
-31650
-32732
-32292
-30349
-26991
-22374
-16712
-10266
-3339
3746
10659
17076
22694
27251
30530
32377
32702
31489
28793
24740
19519
13375
6597
-494
-7565
-14281
-20323
-25404
-29282
-31772
-32753
-32178
-30072
-26533
-21729
-15887
-9285
-2238
4919
11843
18204
23695
28052
31066
32589
32548
30942
27847
23411
17845
11416
4435
-2763
-9830
-16425
-22227
-26955
-30378
-32330
-32713
-31507
-28769
-24631
-19293
-13013
-6096
1120
8285
15047
21076
26077
29802
32068
32763
31850
29372
25451
20276
14101
7230
0
-7232
-14111
-20295
-25478
-29402
-31872
-32764
-32033
-29711
-25913
-20827
-14703
-7845
-595
6688
13640
19914
25196
29220
31785
32759
32093
29819
26047
20967
14832
7950
664
-6656
-13645
-19948
-25247
-29273
-31822
-32763
-32046
-29706
-25861
-20703
-14492
-7543
-209
7138
14125
20396
25629
29557
31977
32766
31880
29363
25342
20022
13674
6622
-771
-8129
-15071
-21240
-26318
-30042
-32219
-32734
-31559
-28754
-24461
-18901
-12360
-5177
2276
9615
16457
22447
27271
30678
32489
32608
31026
27825
23169
17302
10527
3199
-4298
-11573
-18244
-23960
-28419
-31387
-32705
-32302
-30198
-26501
-21406
-15179
-8148
-684
6817
13962
20369
25700
29668
32064
32757
31710
28975
24698
19103
12488
5205
-2358
-9798
-16717
-22745
-27557
-30894
-32577
-32513
-30703
-27244
-22319
-16192
-9191
-1693
5898
13175
19743
25247
29388
31941
32765
31816
29141
24884
19276
12618
5272
-2362
-9871
-16845
-22903
-27714
-31014
-32621
-32445
-30495
-26875
-21781
-15492
-8351
-749
6896
14165
20658
26016
29942
32220
32721
31417
28377
23767
17841
10926
3403
-4310
-11787
-18613
-24407
-28847
-31684
-32759
-32010
-29476
-25298
-19707
-13013
-5590
2148
9769
16845
22980
27828
31116
32659
32366
30254
26438
21133
14635
7310
-430
-8148
-15409
-21801
-26962
-30598
-32502
-32563
-30778
-27244
-22162
-15818
-8572
-836
6950
14343
20920
26305
30190
32350
32661
31103
27762
22829
16586
9388
1649
-6187
-13670
-20369
-25898
-29936
-32249
-32702
-31267
-28024
-23161
-16955
-9766
-2009
5867
13405
20168
25762
29860
32222
32709
31291
28049
23169
16936
9711
1916
-5992
-13553
-20323
-25904
-29968
-32275
-32687
-31179
-27837
-22855
-16527
-9222
-1372
6562
14111
20829
26318
30252
32397
32623
30916
27374
22206
15718
8294
373
-7571
-15067
-21669
-26980
-30683
-32556
-32483
-30469
-26631
-21197
-14492
-6916
1077
9009
16402
22811
27851
31216
32702
32218
29790
25564
19793
12824
5078
-2978
-10856
-18080
-24210
-28873
-31785
-32766
-31757
-28816
-24119
-17952
-10689
-2772
5316
13083
20053
25799
29968
32304
32662
31017
27469
22233
15630
8064
0
-8067
-15639
-22251
-27492
-31038
-32669
-32282
-29899
-25665
-19840
-12785
-4935
3223
11185
18454
24578
29176
31960
32754
31507
28295
23317
16881
9388
1306
-6859
-14599
-21426
-26913
-30713
-32587
-32415
-30206
-26096
-20343
-13307
-5431
2789
10837
18204
24423
29100
31937
32755
31498
28244
23199
16679
9099
938
-7285
-15047
-21854
-27271
-30951
-32659
-32282
-29844
-25497
-19519
-12290
-4271
4023
12062
19330
25359
29762
32252
32670
30984
27303
21861
15008
7184
-1105
-9326
-16947
-23474
-28484
-31650
-32766
-31757
-28687
-23753
-17274
-9670
-1435
6896
14781
21705
27215
30951
32666
32248
29720
25247
19119
11737
3583
-4807
-12886
-20121
-26035
-30239
-32455
-32534
-30469
-26395
-20578
-13400
-5336
3083
11302
18775
25007
29584
32200
32681
30992
27244
21684
14679
6695
-1736
-10055
-17706
-24178
-29038
-31959
-32744
-31340
-27837
-22468
-15592
-7668
771
9163
16942
23583
28641
31772
32764
31548
28203
22955
16155
8261
-193
-8637
-16499
-23246
-28419
-31667
-32766
-31641
-28366
-23161
-16378
-8479
0
8482
16388
23178
28387
31659
32766
31633
28334
23092
16267
8323
-193
-8699
-16610
-23382
-28547
-31748
-32764
-31521
-28105
-22748
-15818
-7793
771
9287
17161
23850
28887
31923
32744
31292
27666
22114
15023
6884
-1736
-10238
-18030
-24565
-29387
-32158
-32681
-30919
-26991
-21173
-13868
-5590
3083
11543
19194
25499
30012
32414
32534
30361
26047
19895
12336
3903
-4807
-13181
-20625
-26610
-30711
-32637
-32248
-29569
-24790
-18247
-10405
-1820
6896
15124
22277
27843
31423
32760
31757
28483
23169
16196
8060
-655
-9326
-17331
-24094
-29127
-32068
-32703
-30984
-27033
-21133
-13707
-5289
3511
12062
19743
25999
30374
32552
32371
29844
25150
18630
10754
2094
-6719
-15047
-22282
-27896
-31478
-32765
-31661
-28244
-22763
-15616
-7324
1506
10228
18204
24847
29668
32313
32585
30461
26096
19809
12062
3423
-5469
-13962
-21426
-27310
-31178
-32740
-31881
-28661
-23317
-16242
-7961
912
9721
17811
24578
29519
32265
32608
30520
26157
19840
12041
3339
-5613
-14150
-21629
-27492
-31296
-32755
-31758
-28377
-22863
-15630
-7219
1736
10564
18599
25234
29968
32443
32468
30041
25342
18725
10689
1842
-7147
-15598
-22868
-28404
-31785
-32751
-31227
-27327
-21345
-13736
-5078
3969
12717
20496
26712
30887
32702
32014
28875
23522
16364
7950
-1077
-10024
-18204
-24986
-29848
-32414
-32483
-30050
-25298
-18593
-10451
-1499
7571
16058
23305
28750
31969
32711
30916
26720
20449
12587
3744
-5391
-14111
-21734
-27666
-31442
-32766
-31533
-27837
-21964
-14372
-5653
3510
12401
20323
26654
30894
32710
31957
28692
23169
15822
7226
-1941
-10958
-19113
-25762
-30378
-32596
-32237
-29328
-24096
-16955
-8469
691
9799
18132
25028
29936
32465
32412
29778
24772
17791
9388
234
-8940
-17404
-24479
-29598
-32350
-32513
-30072
-25219
-18342
-9991
-836
8388
16942
24135
29387
32275
32563
30226
25451
18620
10283
1113
-8148
-16754
-24006
-29316
-32252
-32574
-30254
-25477
-18630
-10266
-1066
8222
16845
24098
29390
32286
32549
30156
25298
18372
9941
695
-8610
-17213
-24407
-29603
-32371
-32482
-29925
-24908
-17841
-9305
0
9307
17850
24924
29942
32491
32356
29546
24293
17028
8351
-1019
-10308
-18745
-25629
-30386
-32621
-32145
-28995
-23432
-15917
-7073
2362
11603
19879
26497
30903
32728
31816
28241
22301
14491
5464
-4023
-13175
-21224
-27492
-31451
-32766
-31324
-27244
-20868
-12732
-3519
5992
15001
22745
28568
31977
32682
30619
25962
19103
10622
1238
-8253
-17047
-24394
-29668
-32420
-32412
-29643
-24347
-16973
-8148
1373
10781
19269
26112
30723
32705
31886
28334
22351
14449
5304
-4298
-13534
-21608
-27826
-31650
-32749
-31026
-26627
-19930
-11510
-2094
7504
16457
23989
29446
32355
32460
29752
24461
17046
8148
-1459
-10942
-19477
-26318
-30870
-32732
-31742
-27983
-21780
-13674
-4371
5316
14541
22496
28484
31977
32669
30495
25645
18541
9807
209
-9410
-18204
-25397
-30356
-32640
-32046
-28625
-22675
-14721
-5464
4278
13645
21806
28038
31787
32719
30748
26047
19032
10324
695
-8997
-17892
-25196
-30256
-32621
-32077
-28669
-22701
-14703
-5389
4409
13816
21989
28193
31872
32694
30582
25725
18555
9715
0
-9718
-18563
-25739
-30598
-32699
-31850
-28126
-21861
-13619
-4144
5708
15047
23026
28920
32194
32549
29951
24631
17073
7961
-1876
-11547
-20168
-26955
-31287
-32766
-31257
-26894
-20073
-11416
-1713
8148
17267
24807
30076
32589
32113
28690
22632
14492
5018
-4919
-14407
-22570
-28657
-32104
-32591
-30072
-24775
-17189
-8012
1907
11653
20323
27113
31393
32763
31094
26539
19519
10683
852
-9060
-18132
-25519
-30530
-32697
-31816
-27965
-21503
-13031
-3339
6667
16052
23938
29584
32459
32292
29097
23169
15065
5543
-4501
-14125
-22423
-28612
-32108
-32578
-29977
-24546
-16798
-7461
2582
12385
21019
27666
31694
32721
30647
25665
18247
9095
-923
-10856
-19760
-26786
-31264
-32766
-31146
-26556
-19431
-10451
-470
9557
18675
26008
30855
32749
31507
27244
20368
11537
1595
-8501
-17784
-25359
-30497
-32702
-31758
-27754
-21074
-12360
-2451
7696
17103
24860
30215
32648
31922
28105
21563
12929
3039
-7147
-16643
-24525
-30025
-32607
-32016
-28309
-21844
-13249
-3359
6859
16412
24364
29939
32588
32050
28377
21924
13322
3413
-6833
-16412
-24382
-29960
-32596
-32028
-28309
-21804
-13150
-3199
7069
16643
24578
30089
32630
31946
28105
21482
12732
2719
-7565
-17103
-24947
-30318
-32680
-31797
-27754
-20951
-12062
-1970
8320
17784
25478
30633
32732
31565
27244
20200
11134
952
-9326
-18675
-26154
-31014
-32765
-31228
-26556
-19215
-9941
333
10578
19760
26955
31436
32749
30759
25665
17979
8475
-1887
-12062
-21019
-27851
-31864
-32650
-30126
-24546
-16475
-6728
3703
13762
22423
28806
32258
32427
29291
23169
14683
4696
-5772
-15653
-23938
-29777
-32571
-32033
-28214
-21503
-12587
-2378
8077
17706
25519
30711
32748
31416
26850
19519
10175
-219
-10594
-19879
-27113
-31549
-32726
-30520
-25157
-17189
-7439
3083
13289
22119
28657
32222
32441
29289
23092
14492
4381
-6187
-16114
-24364
-30076
-32652
-31820
-27666
-20619
-11416
-1017
9491
19008
26537
31287
32757
30792
25595
17709
7961
-2625
-12939
-21894
-28547
-32194
-32451
-29286
-23032
-14346
-4144
6498
16457
24678
30291
32699
31644
27238
19943
10531
0
-10533
-19951
-27251
-31656
-32694
-30254
-24592
-16309
-6286
4409
14637
23305
29487
32519
32077
28203
21312
12137
1660
-8997
-18692
-26385
-31248
-32757
-30748
-25434
-17383
-7461
3266
13645
22556
29038
32390
32248
28625
21909
12824
2351
-8378
-18204
-26061
-31098
-32765
-30880
-25645
-17625
-7689
3083
13524
22496
29023
32393
32235
28565
21780
12618
2077
-8692
-18516
-26318
-31245
-32755
-30681
-25247
-17046
-6975
3863
14280
23132
29446
32527
32033
28015
20915
11510
836
-9932
-19609
-27125
-31650
-32682
-30103
-24198
-15616
-5304
5596
15880
24407
30232
32705
31550
26894
19250
9465
-1373
-12062
-21411
-28379
-32188
-32412
-29022
-22395
-13267
-2656
8253
18244
26197
31222
32754
30619
25054
16679
6433
-4537
-15001
-23783
-29895
-32648
-31731
-27244
-19690
-9916
976
11762
21224
28293
32170
32415
28997
22301
13080
2378
-8595
-18599
-26497
-31393
-32729
-30352
-24528
-15917
-5494
5554
15974
24578
30386
32734
31352
26395
18425
8351
-2679
-13405
-22602
-29217
-32491
-32046
-27932
-20616
-10936
0
10939
20625
27944
32055
32482
29173
22507
13249
2462
-8610
-18692
-26622
-31481
-32707
-30156
-24119
-15293
-4696
6446
16845
25296
30817
32766
30916
25477
17079
6695
-4468
-15115
-24006
-30106
-32702
-31489
-26606
-18620
-8460
2689
13528
22788
29387
32552
31909
27532
19930
9991
-1120
-12103
-21669
-28693
-32350
-32208
-28280
-21025
-11295
-234
10856
20671
28052
32127
32412
28871
21921
12379
1372
-9799
-19815
-27487
-31906
-32545
-29328
-22632
-13249
-2291
8940
19113
27016
31708
32629
29666
23169
13911
2992
-8285
-18577
-26654
-31549
-32677
-29899
-23544
-14372
-3477
7836
18214
26411
31442
32702
30037
23764
14635
3744
-7598
-18030
-26293
-31393
-32711
-30086
-23833
-14703
-3796
7571
18026
26305
31405
32707
30050
23753
14577
3632
-7754
-18204
-26446
-31479
-32688
-29925
-23522
-14256
-3253
8148
18560
26712
31608
32650
29706
23135
13736
2656
-8751
-19090
-27095
-31785
-32581
-29385
-22585
-13013
-1842
9557
19786
27585
31994
32468
28947
21861
12081
809
-10564
-20637
-28166
-32219
-32293
-28377
-20951
-10932
440
11762
21629
28819
32437
32033
27653
19840
9561
-1907
-13142
-22745
-29519
-32621
-31661
-26755
-18514
-7961
3586
14689
23960
30239
32740
31148
25658
16955
6128
-5469
-16384
-25247
-30944
-32759
-30461
-24336
-15151
-4058
7546
18204
26572
31595
32638
29565
22763
13087
1756
-9798
-20118
-27896
-32148
-32332
-28424
-20915
-10754
771
12203
22088
29171
32552
31797
27001
18769
8148
-3511
-14727
-24069
-30346
-32754
-30984
-25260
-16309
-5272
6439
17331
26008
31359
32696
29845
23169
13521
2137
-9523
-19964
-27843
-32146
-32318
-28334
-20703
-10405
1234
12717
22564
29503
32637
31559
26407
17841
6968
-4807
-15965
-25058
-30909
-32757
-30361
-24028
-14577
-3233
8533
19194
27364
31977
32433
28669
21173
10917
-762
-12345
-22321
-29387
-32619
-31592
-26438
-17828
-6884
4961
16161
25247
31028
32744
30168
23635
13998
2522
-9287
-19879
-27860
-32179
-32265
-28105
-20242
-9711
2101
13640
23382
30040
32733
31103
25362
16267
5018
-6896
-17901
-26537
-31659
-32585
-29190
-21921
-11741
0
11743
21929
29201
32589
31641
26480
17791
6728
-5233
-16499
-25566
-31222
-32709
-29826
-22955
-13013
-1327
10537
20994
28641
32450
31909
27088
18630
7668
-4324
-15739
-25041
-30976
-32744
-30105
-23411
-13561
-1880
10055
20637
28436
32397
31982
27244
18822
7852
-4182
-15653
-25007
-30974
-32743
-30072
-23319
-13400
-1660
10308
20879
28612
32455
31881
26966
18377
7282
-4807
-16245
-25468
-31216
-32702
-29720
-22675
-12528
-664
11292
21705
29147
32596
31576
26225
17274
5950
-6193
-17489
-26383
-31650
-32564
-28995
-21433
-10917
1105
12978
23064
29968
32737
30984
24950
15465
3839
-8320
-19330
-27666
-32170
-32217
-27796
-19519
-8531
3643
15314
24860
30951
32739
29972
23032
12884
938
-11141
-21669
-29176
-32613
-31498
-25982
-16835
-5332
6918
18204
26944
31912
32410
28366
20343
9465
-2743
-14569
-24351
-30713
-32759
-30198
-23387
-13283
-1306
10856
21492
29100
32604
31507
25962
16748
5166
-7147
-18454
-27152
-32008
-32332
-28076
-19840
-8789
3510
15314
24947
31038
32720
29752
22551
12140
0
-12143
-22559
-29762
-32723
-31017
-24884
-15198
-3339
8998
20053
28242
32393
31908
26854
17952
6476
-5930
-17489
-26541
-31785
-32465
-28481
-20402
-9388
2978
14918
24714
30951
32730
29790
22554
12062
-172
-12385
-22811
-29942
-32746
-30813
-24421
-14492
-2462
9926
20879
28806
32556
31581
26021
16679
4912
-7571
-18956
-27585
-32200
-32127
-27374
-18630
-7167
5342
17076
26318
31719
32485
28504
20353
9222
-3259
-15267
-25041
-31147
-32687
-29434
-21861
-11077
1334
13553
23783
30517
32764
30189
23169
12736
423
-11953
-22570
-29860
-32743
-30792
-24293
-14202
-2009
10483
21426
29201
32652
31267
25247
15482
3419
-9153
-20369
-28563
-32514
-31633
-26047
-16586
-4654
7973
19415
27967
32350
31910
26709
17520
5712
-6950
-18577
-27428
-32179
-32116
-27244
-18292
-6597
6088
17864
26962
32015
32263
27666
18910
7310
-5391
-17284
-26579
-31872
-32366
-27983
-19380
-7852
4862
16845
26287
31760
32433
28203
19707
8226
-4501
-16550
-26094
-31684
-32472
-28334
-19895
-8434
4310
16402
26003
31651
32486
28377
19946
8475
-4288
-16402
-26016
-31662
-32478
-28334
-19861
-8351
4437
16550
26133
31717
32445
28203
19638
8060
-4756
-16845
-26351
-31812
-32386
-27983
-19276
-7602
5243
17284
26666
31941
32293
27666
18769
6975
-5898
-17864
-27071
-32095
-32157
-27244
-18113
-6176
6719
18577
27557
32265
31968
26709
17302
5205
-7702
-19415
-28111
-32434
-31710
-26047
-16326
-4058
8843
20369
28719
32588
31368
25247
15179
2736
-10137
-21426
-29364
-32705
-30922
-24293
-13853
-1238
11573
22570
30025
32764
30353
23169
12339
-434
-13142
-23783
-30678
-32739
-29638
-21861
-10632
2276
14829
25041
31296
32604
28754
20353
8727
-4282
-16616
-26318
-31849
-32328
-27676
-18630
-6622
6439
18480
27585
32302
31880
26381
16679
4318
-8734
-20396
-28806
-32620
-31227
-24845
-14492
-1820
11144
22329
29942
32763
30335
23047
12062
-859
-13645
-24243
-30951
-32688
-29173
-20967
-9388
3703
16202
26094
31785
32354
27709
18593
6476
-6688
-18775
-27832
-32393
-31718
-25913
-15915
-3339
9779
21317
29402
32723
30737
23764
12933
0
-12935
-23772
-30745
-32720
-29372
-21243
-9654
3510
16105
26077
31798
32332
27590
18342
6096
-7147
-19226
-28162
-32493
-31507
-25362
-15061
-2291
10856
22227
29953
32765
30198
22670
11416
-1716
-14569
-25028
-31370
-32548
-28366
-19509
-7435
5867
18204
27539
32330
31782
25982
15887
3163
-10086
-21669
-29667
-32753
-30413
-23032
-11831
1334
14281
24860
31312
32563
28403
19519
7387
-5976
-18347
-27666
-32377
-31693
-25725
-15465
-2622
10659
22164
29968
32766
30086
22374
10917
-2369
-15261
-25599
-31650
-32396
-27709
-18372
-5950
7473
19643
28516
32596
31195
24546
13765
664
-12550
-23653
-30771
-32702
-29116
-20616
-8634
4807
17440
27128
32230
31881
26137
15968
3092
-10308
-21966
-29901
-32766
-30072
-22272
-10689
2711
15653
25937
31812
32275
27244
17574
4908
-8595
-20637
-29162
-32712
-30681
-23411
-12140
1206
14349
25041
31451
32480
27948
18630
6117
-7445
-19735
-28641
-32634
-31026
-24089
-13013
301
13567
24501
31222
32570
28309
19172
6728
-6876
-19298
-28393
-32589
-31159
-24347
-13326
0
13328
24354
31166
32585
28360
19220
6748
-6896
-19347
-28443
-32604
-31103
-24198
-13087
301
13640
24608
31294
32533
28105
18778
6176
-7504
-19879
-28786
-32669
-30847
-23635
-12290
1206
14493
25247
31583
32389
27520
17828
5008
-8692
-20870
-29387
-32745
-30352
-22624
-10917
2711
15865
26229
31977
32094
26556
16335
3233
-10442
-22277
-30182
-32757
-29546
-21112
-8944
4807
17712
27483
32390
31559
25136
14256
845
-12717
-24026
-31070
-32598
-28334
-19032
-6345
7473
19964
28903
32697
30666
23169
11540
-2148
-15456
-26008
-31918
-32127
-26596
-16309
-3103
10659
22517
30346
32741
29270
20553
8148
-5719
-18563
-28078
-32552
-31179
-24202
-12874
771
14281
25223
31625
32332
27214
17189
4062
-9798
-21894
-30040
-32762
-29565
-21025
-8682
5233
18204
27882
32514
31257
24336
13002
-691
-14262
-25247
-31650
-32307
-27094
-16955
-3732
10171
22227
30239
32747
29289
20494
7961
-6025
-18915
-28356
-32621
-30929
-23586
-11931
1907
15400
26077
31982
32033
26215
15592
2109
-11762
-23479
-30889
-32629
-28377
-18910
-5966
8077
20637
29402
32756
30080
21861
9613
-4409
-17621
-27585
-32459
-31342
-24435
-13013
816
14497
25499
31785
32188
26631
16140
2656
-11322
-23203
-30782
-32650
-28456
-18976
-5969
8148
20755
29503
32763
29925
21514
9095
-5021
-18204
-27995
-32564
-31058
-23753
-12011
1977
15598
26305
32095
31880
25698
14703
952
-12978
-24480
-31393
-32418
-27360
-17165
-3744
10381
22559
30497
32702
28754
19394
6380
-7836
-20580
-29446
-32762
-29899
-21393
-8847
5370
18577
28275
32630
30814
23169
11138
-3003
-16579
-27016
-32334
-31523
-24733
-13249
751
14612
25700
31906
32048
26096
15179
1372
-12698
-24354
-31371
-32412
-27273
-16932
-3359
10856
23003
30758
32638
28280
18514
5205
-9101
-21669
-30089
-32747
-29131
-19930
-6905
7445
20371
29387
32762
29844
21189
8460
-5898
-19125
-28673
-32702
-30433
-22301
-9868
4468
17946
27963
32585
30916
23274
11134
-3159
-16845
-27275
-32428
-31305
-24119
-12260
1977
15833
26622
32247
31615
24845
13249
-923
-14918
-26016
-32055
-31858
-25461
-14105
0
14107
25468
31864
32046
25975
14832
792
-13405
-24986
-31684
-32188
-26395
-15435
-1452
12817
24578
31525
32292
26727
15917
1981
-12345
-24250
-31393
-32366
-26976
-16280
-2378
11993
24006
31293
32415
27148
16527
2644
-11762
-23850
-31230
-32442
-27244
-16660
-2779
11653
23783
31206
32451
27267
16679
2783
-11667
-23806
-31222
-32441
-27217
-16586
-2656
11803
23919
31277
32412
27094
16378
2398
-12062
-24120
-31370
-32361
-26894
-16056
-2009
12441
24407
31496
32285
26615
15616
1488
-12939
-24777
-31650
-32178
-26251
-15055
-836
13553
25223
31826
32033
25797
14372
52
-14280
-25739
-32015
-31841
-25247
-13561
863
15115
26318
32208
31592
24592
12618
-1908
-16052
-26950
-32393
-31276
-23823
-11540
3083
17085
27622
32556
30880
22932
10324
-4384
-18204
-28323
-32682
-30389
-21909
-8965
5807
19399
29038
32755
29790
20744
7461
-7347
-20658
-29748
-32757
-29067
-19428
-5811
8997
21966
30436
32669
28203
17952
4016
-10746
-23305
-31079
-32468
-27184
-16309
-2077
12583
24657
31656
32135
25992
14491
0
-14493
-25999
-32139
-31644
-24613
-12494
2208
16457
27304
32503
30975
23032
10317
-4537
-18454
-28547
-32719
-30103
-21238
-7961
6971
20458
29694
32757
29007
19220
5431
-9491
-22439
-30713
-32587
-27666
-16973
-2736
12073
24364
31568
32177
26060
14492
-108
-14689
-26197
-32222
-31498
-24174
-11781
3083
17304
27896
32634
30520
21996
8847
-6162
-19879
-29416
-32766
-29219
-19519
-5706
9311
22368
30711
32578
27570
16743
2378
-12491
-24723
-31732
-32033
-25558
-13674
1105
15653
26888
32428
31095
23169
10328
-4707
-18745
-28806
-32750
-29736
-20402
-6728
8378
21705
30414
32650
27932
17262
2911
-12062
-24465
-31651
-32083
-25665
-13765
1077
15692
26955
32455
31012
22932
9941
-5180
-19194
-29098
-32765
-29406
-19738
-5832
9326
22486
30817
32526
27244
16102
1495
-13436
-25478
-32035
-31693
-24521
-12062
2999
17416
28078
32680
30226
21243
7668
-7565
-21167
-30192
-32685
-28105
-17438
-2992
12103
24578
31727
31995
25321
13150
-1876
-16499
-27539
-32596
-30567
-21889
-8448
6833
20630
29936
32722
28377
17845
3419
-11753
-24364
-31659
-32040
-25423
-13249
1823
16499
27568
32607
30508
21729
8189
-7147
-20920
-30108
-32693
-28105
-17347
-2779
12401
24860
31856
31850
24838
12360
-2839
-17416
-28160
-32702
-30037
-20749
-6884
8501
22013
30668
32552
27244
15915
1066
-14020
-26008
-32243
-31342
-23500
-10451
4915
19194
29220
32766
29042
18871
4509
-10856
-23813
-31479
-32147
-25665
-13473
1720
16533
27666
32637
30335
21271
7461
-8015
-21705
-30552
-32578
-27327
-15968
-1038
14125
26133
32294
31228
23169
9920
-5554
-19786
-29584
-32748
-28565
-17970
-3339
12043
24723
31849
31816
24627
11897
-3511
-18132
-28673
-32755
-29458
-19519
-5177
10334
23516
31393
32182
25702
13414
-1907
-16800
-27896
-32682
-30072
-20653
-6555
9029
22570
30997
32395
26445
14492
-751
-15827
-27310
-32589
-30461
-21406
-7481
8148
21926
30713
32507
26894
15151
-48
-15238
-26955
-32522
-30664
-21804
-7961
7702
21608
30575
32549
27076
15403
202
-15047
-26852
-32503
-30703
-21861
-8002
7696
21629
30598
32538
27001
15255
0
-15257
-27007
-32541
-30582
-21579
-7602
8129
21989
30779
32468
26664
14703
-655
-15865
-27411
-32621
-30288
-20948
-6758
8997
22672
31098
32318
26047
13736
-1763
-16855
-28038
-32713
-29790
-19946
-5464
10289
23653
31516
32046
25116
12336
-3319
-18204
-28847
-32766
-29042
-18541
-3711
11987
24889
31977
31593
23823
10480
-5316
-19871
-29777
-32711
-27983
-16697
-1495
14059
26318
32404
30885
22114
8148
-7733
-21801
-30745
-32460
-26539
-14372
1180
16457
27860
32699
29832
19930
5325
-10537
-23916
-31650
-31910
-24631
-11530
4298
19113
29409
32747
28334
17210
2009
-13670
-26112
-32365
-30942
-22178
-8148
7817
21929
30833
32412
26285
13907
-1780
-17047
-28259
-32743
-29429
-19103
-4222
11667
24777
31977
31548
23586
9991
-5992
-20546
-30192
-32619
-27244
-15350
219
15739
27492
32660
30001
20149
5464
-10533
-24006
-31719
-31816
-24270
-10892
5106
19879
29873
32681
27625
15917
373
-15261
-27221
-32621
-30156
-20416
-5748
10308
23879
31684
31836
24293
10875
-5173
-19973
-29942
-32665
-27477
-15633
0
15636
27483
32666
29925
19920
5078
-10999
-24407
-31886
-31615
-23656
-9941
6193
20824
30386
32549
26782
14487
-1341
-16845
-28242
-32749
-29262
-18630
-3445
12583
25539
32252
31078
22301
8064
-8148
-22368
-31111
-32231
-25451
-12429
3643
18824
29387
32737
28047
16465
836
-15001
-27152
-32625
-30072
-20115
-5205
10989
24479
31937
31523
23335
9388
-6876
-21447
-30723
-32412
-26092
-13322
2743
18132
29038
32759
28371
16955
1338
-14612
-26944
-32596
-30164
-20247
-5304
10958
24501
31960
31477
23169
9099
-7236
-21774
-30894
-32323
-25702
-12676
3510
18824
29446
32724
27837
16000
166
-15711
-27666
-32707
-29572
-19041
-3744
12491
25602
32304
30916
21780
7184
-9215
-23305
-31551
-31880
-24205
-10451
5930
20824
30486
32483
26311
13518
-2679
-18204
-29147
-32749
-28098
-16364
-502
15488
27574
32702
29574
18976
3583
-12717
-25806
-32371
-30748
-21345
-6538
9926
23879
31785
31636
23467
9346
-7147
-21830
-30974
-32254
-25342
-11991
4409
19692
29968
32623
26976
14462
-1736
-17495
-28798
-32764
-28377
-16752
-852
15267
27492
32699
29554
18857
3339
-13034
-26077
-32450
-30520
-20777
-5712
10817
24578
32042
31291
22515
7961
-8637
-23021
-31496
-31881
-24075
-10079
6509
21426
30833
32307
25463
12062
-4448
-19815
-30076
-32585
-26689
-13907
2465
18204
29244
32732
27762
15616
-569
-16610
-28356
-32765
-28692
-17189
-1231
15047
27428
32699
29490
18630
2932
-13528
-26478
-32552
-30168
-19943
-4530
12062
25519
32337
30737
21133
6022
-10659
-24565
-32068
-31208
-22206
-7407
9326
23628
31760
31593
23169
8686
-8070
-22719
-31423
-31903
-24028
-9858
6896
21846
31070
32147
24790
10926
-5807
-21019
-30711
-32336
-25461
-11891
4807
20244
30356
32478
26047
12755
-3899
-19528
-30012
-32581
-26556
-13521
3083
18877
29687
32654
26991
14192
-2362
-18294
-29387
-32703
-27360
-14769
1736
17784
29119
32734
27666
15255
-1206
-17349
-28887
-32752
-27913
-15652
771
16993
28695
32761
28105
15962
-434
-16717
-28547
-32765
-28244
-16186
193
16523
28443
32766
28334
16326
-48
-16412
-28387
-32766
-28374
-16382
0
0
0
0
0
0
0
0
0
0
0
0
0
0
0
0
0
0
0
0
0
0
0
0
0
0
0
0
0
0
0
0
0
0
0
0
0
0
0
0
0
0
0
0
0
0
0
0
0
0
0
0
0
0
0
0
0
0
0
0
0
0
0
0
0
0
0
0
0
0
0
0
0
0
0
0
0
0
0
0
0
0
0
0
0
0
0
0
0
0
0
0
0
0
0
0
0
0
0
0
0
0
0
0
0
0
0
0
0
0
0
0
0
0
0
0
0
0
0
0
0
0
0
0
0
0
0
0
0
0
0
0
0
0
0
0
0
0
0
0
0
0
0
0
0
0
0
0
0
0
0
0
0
0
0
0
0
0
0
0
0
0
0
0
0
0
0
0
0
0
0
0
0
0
0
0
0
0
0
0
0
0
0
0
0
0
0
0
0
0
0
0
0
0
0
0
0
0
0
0
0
0
0
0
0
0
0
0
0
0
0
0
0
0
0
0
0
0
0
0
0
0
0
0
0
0
0
0
0
0
0
0
0
0
0
0
0
0
0
0
0
0
0
0
0
0
0
0
0
0
0
0
0
0
0
0
0
0
0
0
0
0
0
0
0
0
0
0
0
0
0
0
0
0
0
0
0
0
0
0
0
0
0
0
0
0
0
0
0
0
0
0
0
0
0
0
0
0
0
0
0
0
0
0
0
0
0
0
0
0
0
0
0
0
0
0
0
0
0
0
0
0
0
0
0
0
0
0
0
0
0
0
0
0
0
0
0
0
0
0
0
0
0
0
0
0
0
0
0
0
0
0
0
0
0
0
0
0
0
0
0
0
0
0
0
0
0
0
0
0
0
0
0
0
0
0
0
0
0
0
0
0
0
0
0
0
0
0
0
0
0
0
0
0
0
0
0
0
0
0
0
0
0
0
0
0
0
0
0
0
0
0
0
0
0
0
0
0
0
0
0
0
0
0
0
0
0
0
0
0
0
0
0
0
0
0
0
0
0
0
0
0
0
0
0
0
0
0
0
0
0
0
0
0
0
0
0
0
0
0
0
0
0
0
0
0
0
0
0
0
0
0
0
0
0
0
0
0
0
0
0
0
0
0
0
0
0
0
0
0
0
0
0
0
0
0
0
0
0
0
0
0
0
0
0
0
0
0
0
0
0
0
0
0
0
0
0
0
0
0
0
0
0
0
0
0
0
0
0
0
0
0
0
0
0
0
0
0
0
0
0
0
0
0
0
0
0
0
0
0
0
0
0
0
0
0
0
0
0
0
0
0
0
0
0
0
0
0
0
0
0
0
0
0
0
0
0
0
0
0
0
0
0
0
0
0
0
0
0
0
0
0
0
0
0
0
0
0
0
0
0
0
0
0
0
0
0
0
0
0
0
0
0
0
0
0
0
0
0
0
0
0
0
0
0
0
0
0
0
0
0
0
0
0
0
0
0
0
0
0
0
0
0
0
0
0
0
0
0
0
0
0
0
0
0
0
0
0
0
0
0
0
0
0
0
0
0
0
0
0
0
0
0
0
0
0
0
0
0
0
0
0
0
0
0
0
0
0
0
0
0
0
0
0
0
0
0
0
0
0
0
0
0
0
0
0
0
0
0
0
0
0
0
0
0
0
0
0
0
0
0
0
0
0
0
0
0
0
0
0
0
0
0
0
0
0
0
0
0
0
0
0
0
0
0
0
0
0
0
0
0
0
0
0
0
0
0
0
0
0
0
0
0
0
0
0
0
0
0
0
0
0
0
0
0
0
0
0
0
0
0
0
0
0
0
0
0
0
0
0
0
0
0
0
0
0
0
0
0
0
0
0
0
0
0
0
0
0
0
0
0
0
0
0
0
0
0
0
0
0
0
0
0
0
0
0
0
0
0
0
0
0
0
0
0
0
0
0
0
0
0
0
0
0
0
0
0
0
0
0
0
0
0
0
0
0
0
0
0
0
0
0
0
0
0
0
0
0
0
0
0
0
0
0
0
0
0
0
0
0
0
0
0
0
0
0
0
0
0
0
0
0
0
0
0
0
0
0
0
0
0
0
0
0
0
0
0
0
0
0
0
0
0
0
0
0
0
0
0
0
0
0
0
0
0
0
0
0
0
0
0
0
0
0
0
0
0
0
0
0
0
0
0
0
0
0
0
0
0
0
0
0
0
0
0
0
0
0
0
0
14043
13856
13300
12391
11151
9613
7817
5811
3647
1382
-923
-3210
-5417
-7486
-9361
-10993
-12336
-13356
-14023
-14318
-14233
-13768
-12933
-11749
-10245
-8461
-6441
-4239
-1911
480
2873
5203
7408
9428
11209
12702
13864
14663
15075
15086
14693
13904
12737
11220
9392
7299
4995
2540
0
-2559
-5069
-7462
-9673
-11640
-13310
-14636
-15578
-16110
-16213
-15881
-15121
-13950
-12395
-10496
-8302
-5869
-3262
-549
2197
4904
7496
9905
12063
13911
15398
16479
17125
17314
17039
16305
15129
13540
11579
9296
6753
4016
1159
-1741
-4608
-7362
-9930
-12240
-14230
-15844
-17037
-17777
-18041
-17821
-17122
-15961
-14370
-12391
-10077
-7489
-4698
-1779
1187
4123
6948
9584
11962
14016
15692
16943
17738
18055
17887
17240
16132
14594
12671
10416
7891
5167
2317
-579
-3444
-6199
-8770
-11089
-13094
-14732
-15963
-16756
-17092
-16968
-16389
-15377
-13963
-12189
-10109
-7781
-5273
-2655
0
2619
5133
7472
9577
11392
12872
13983
14700
15010
14911
14414
13539
12319
10792
9008
7021
4890
2676
443
-1746
-3834
-5765
-7488
-8962
-10153
-11035
-11593
-11821
-11722
-11309
-10604
-9637
-8443
-7065
-5547
-3939
-2288
-644
945
2438
3795
4983
5976
6753
7303
7620
7707
7574
7236
6717
6042
5241
4348
3397
2420
1453
525
-334
-1103
-1762
-2296
-2698
-2965
-3098
-3106
-3000
-2797
-2516
-2179
-1808
-1425
-1055
-716
-427
-204
-57
5
-15
-120
-302
-549
-846
-1177
-1520
-1854
-2157
-2407
-2584
-2669
-2647
-2508
-2245
-1856
-1346
-722
0
802
1661
2549
3438
4295
5088
5786
6359
6780
7024
7074
6915
6543
5956
5161
4174
3014
1709
293
-1196
-2718
-4227
-5678
-7026
-8227
-9241
-10030
-10565
-10822
-10784
-10444
-9804
-8872
-7668
-6220
-4563
-2740
-798
1209
3227
5198
7065
8773
10272
11515
12464
13086
13360
13272
12821
12014
10870
9417
7692
5741
3616
1375
-920
-3208
-5422
-7503
-9390
-11031
-12379
-13396
-14053
-14331
-14221
-13727
-12862
-11649
-10124
-8329
-6314
-4136
-1855
464
2758
4964
7021
8873
10471
11772
12744
13361
13613
13494
13013
12188
11046
9623
7962
6114
4133
2075
0
-2035
-3973
-5764
-7360
-8720
-9813
-10613
-11106
-11286
-11155
-10727
-10020
-9064
-7892
-6546
-5068
-3504
-1904
-313
1223
2662
3967
5106
6052
6785
7295
7577
7634
7474
7115
6578
5889
5078
4178
3222
2244
1277
352
-504
-1267
-1920
-2447
-2841
-3098
-3222
-3221
-3105
-2893
-2601
-2254
-1872
-1479
-1097
-748
-448
-214
-55
20
10
-82
-250
-484
-768
-1086
-1416
-1737
-2028
-2267
-2433
-2510
-2481
-2338
-2073
-1685
-1178
-562
149
936
1776
2642
3505
4333
5095
5759
6297
6681
6890
6904
6713
6311
5699
4884
3882
2714
1409
0
-1474
-2973
-4452
-5866
-7170
-8321
-9280
-10012
-10488
-10686
-10591
-10197
-9508
-8534
-7297
-5825
-4154
-2327
-394
1592
3577
5505
7319
8965
10395
11564
12435
12979
13176
13015
12497
11632
10439
8949
7201
5241
3122
902
-1357
-3594
-5747
-7753
-9558
-11110
-12365
-13288
-13853
-14043
-13853
-13288
-12365
-11110
-9558
-7753
-5747
-3594
-1357
902
3122
5241
7201
8949
10439
11632
12497
13015
13176
12979
12435
11564
10395
8965
7319
5505
3577
1592
-394
-2327
-4154
-5825
-7297
-8534
-9508
-10197
-10591
-10686
-10488
-10012
-9280
-8321
-7170
-5866
-4452
-2973
-1474
0
1409
2714
3882
4884
5699
6311
6713
6904
6890
6681
6297
5759
5095
4333
3505
2642
1776
936
149
-562
-1178
-1685
-2073
-2338
-2481
-2510
-2433
-2267
-2028
-1737
-1416
-1086
-768
-484
-250
-82
10
20
-55
-214
-448
-748
-1097
-1479
-1872
-2254
-2601
-2893
-3105
-3221
-3222
-3098
-2841
-2447
-1920
-1267
-504
352
1277
2244
3222
4178
5078
5889
6578
7115
7474
7634
7577
7295
6785
6052
5106
3967
2662
1223
-313
-1904
-3504
-5068
-6546
-7892
-9064
-10020
-10727
-11155
-11286
-11106
-10613
-9813
-8720
-7360
-5764
-3973
-2035
0
2075
4133
6114
7962
9623
11046
12188
13013
13494
13613
13361
12744
11772
10471
8873
7021
4964
2758
464
-1855
-4136
-6314
-8329
-10124
-11649
-12862
-13727
-14221
-14331
-14053
-13396
-12379
-11031
-9390
-7503
-5422
-3208
-920
1375
3616
5741
7692
9417
10870
12014
12821
13272
13360
13086
12464
11515
10272
8773
7065
5198
3227
1209
-798
-2740
-4563
-6220
-7668
-8872
-9804
-10444
-10784
-10822
-10565
-10030
-9241
-8227
-7026
-5678
-4227
-2718
-1196
293
1709
3014
4174
5161
5956
6543
6915
7074
7024
6780
6359
5786
5088
4295
3438
2549
1661
802
0
-722
-1346
-1856
-2245
-2508
-2647
-2669
-2584
-2407
-2157
-1854
-1520
-1177
-846
-549
-302
-120
-15
5
-57
-204
-427
-716
-1055
-1425
-1808
-2179
-2516
-2797
-3000
-3106
-3098
-2965
-2698
-2296
-1762
-1103
-334
525
1453
2420
3397
4348
5241
6042
6717
7236
7574
7707
7620
7303
6753
5976
4983
3795
2438
945
-644
-2288
-3939
-5547
-7065
-8443
-9637
-10604
-11309
-11722
-11821
-11593
-11035
-10153
-8962
-7488
-5765
-3834
-1746
443
2676
4890
7021
9008
10792
12319
13539
14414
14911
15010
14700
13983
12872
11392
9577
7472
5133
2619
0
-2655
-5273
-7781
-10109
-12189
-13963
-15377
-16389
-16968
-17092
-16756
-15963
-14732
-13094
-11089
-8770
-6199
-3444
-579
2317
5167
7891
10416
12671
14594
16132
17240
17887
18055
17738
16943
15692
14016
11962
9584
6948
4123
1187
-1779
-4698
-7489
-10077
-12391
-14370
-15961
-17122
-17821
-18041
-17777
-17037
-15844
-14230
-12240
-9930
-7362
-4608
-1741
1159
4016
6753
9296
11579
13540
15129
16305
17039
17314
17125
16479
15398
13911
12063
9905
7496
4904
2197
-549
-3262
-5869
-8302
-10496
-12395
-13950
-15121
-15881
-16213
-16110
-15578
-14636
-13310
-11640
-9673
-7462
-5069
-2559
0
2540
4995
7299
9392
11220
12737
13904
14693
15086
15075
14663
13864
12702
11209
9428
7408
5203
2873
480
-1911
-4239
-6441
-8461
-10245
-11749
-12933
-13768
-14233
-14318
-14023
-13356
-12336
-10993
-9361
-7486
-5417
-3210
-923
1382
3647
5811
7817
9613
11151
12391
13300
13856
0
0
0
0
0
0
0
0
0
0
0
0
0
0
0
0
0
0
0
0
0
0
0
0
0
0
0
0
0
0
0
0
0
0
0
0
0
0
0
0
0
0
0
0
0
0
0
0
0
0
0
0
0
0
0
0
0
0
0
0
0
0
0
0
0
0
0
-14043
-13823
-13172
-12110
-10670
-8898
-6849
-4588
-2186
281
2737
5103
7306
9277
10954
12284
13227
13753
13846
13505
12740
11577
10053
8217
6127
3850
1458
-972
-3364
-5643
-7737
-9578
-11110
-12285
-13066
-13429
-13364
-12873
-11973
-10694
-9077
-7174
-5046
-2762
-396
1977
4282
6444
8395
10073
11422
12402
12980
13139
12873
12192
11116
9681
7933
5928
3730
1409
-958
-3298
-5535
-7597
-9417
-10936
-12105
-12886
-13253
-13193
-12706
-11808
-10525
-8898
-6977
-4822
-2501
-88
2340
4708
6940
8964
10715
12137
13182
13817
14018
13778
13102
12008
10528
8707
6599
4269
1787
-768
-3321
-5792
-8103
-10182
-11965
-13394
-14424
-15022
-15166
-14849
-14079
-12877
-11276
-9323
-7075
-4599
-1967
742
3448
6070
8529
10752
12671
14229
15378
16082
16320
16082
15375
14217
12642
10693
8427
5910
3212
413
-2407
-5167
-7789
-10195
-12319
-14098
-15482
-16432
-16921
-16936
-16477
-15558
-14204
-12456
-10363
-7984
-5387
-2645
164
2964
5676
8226
10544
12568
14243
15526
16383
16794
16752
16259
15334
14004
12308
10297
8025
5557
2961
308
-2331
-4888
-7293
-9486
-11412
-13021
-14277
-15151
-15625
-15692
-15357
-14633
-13545
-12127
-10421
-8473
-6339
-4076
-1743
599
2893
5079
7107
8929
10502
11794
12777
13435
13758
13744
13402
12747
11801
10594
9160
7538
5770
3902
1980
48
-1848
-3666
-5367
-6915
-8279
-9433
-10357
-11036
-11461
-11629
-11543
-11209
-10642
-9859
-8880
-7730
-6437
-5030
-3539
-1996
-433
1117
2628
4068
5411
6632
7709
8625
9362
9908
10255
10397
10332
10064
9596
8938
8102
7104
5962
4697
3332
1893
407
-1096
-2590
-4044
-5429
-6716
-7878
-8890
-9728
-10373
-10808
-11019
-10999
-10744
-10254
-9535
-8599
-7462
-6144
-4671
-3073
-1381
365
2131
3875
5557
7138
8579
9844
10901
11722
12282
12564
12556
12255
11661
10786
9644
8260
6664
4891
2981
979
-1067
-3108
-5094
-6976
-8705
-10239
-11536
-12562
-13290
-13698
-13774
-13513
-12919
-12004
-10790
-9305
-7585
-5671
-3611
-1456
739
2920
5032
7021
8836
10432
11768
12809
13530
13913
13948
13634
12981
12007
10737
9204
7449
5517
3460
1329
-819
-2931
-4952
-6833
-8525
-9988
-11186
-12091
-12684
-12953
-12894
-12513
-11825
-10850
-9619
-8165
-6530
-4758
-2897
-996
896
2731
4464
6052
7457
8647
9598
10289
10710
10856
10730
10342
9709
8853
7802
6588
5247
3817
2335
842
-623
-2028
-3336
-4520
-5553
-6416
-7092
-7574
-7855
-7938
-7829
-7540
-7084
-6482
-5754
-4926
-4022
-3068
-2091
-1114
-163
741
1581
2340
3004
3565
4016
4354
4579
4695
4708
4624
4455
4210
3902
3543
3145
2720
2279
1833
1390
957
541
147
-222
-565
-880
-1169
-1430
-1666
-1877
-2066
-2233
-2379
-2505
-2609
-2692
-2750
-2783
-2787
-2759
-2697
-2597
-2457
-2274
-2047
-1776
-1462
-1106
-713
-286
165
636
1117
1597
2065
2511
2923
3289
3598
3841
4008
4093
4091
3997
3811
3535
3173
2730
2215
1640
1017
361
-313
-991
-1653
-2285
-2869
-3392
-3839
-4200
-4465
-4626
-4681
-4626
-4465
-4200
-3839
-3392
-2869
-2285
-1653
-991
-313
361
1017
1640
2215
2730
3173
3535
3811
3997
4091
4093
4008
3841
3598
3289
2923
2511
2065
1597
1117
636
165
-286
-713
-1106
-1462
-1776
-2047
-2274
-2457
-2597
-2697
-2759
-2787
-2783
-2750
-2692
-2609
-2505
-2379
-2233
-2066
-1877
-1666
-1430
-1169
-880
-565
-222
147
541
957
1390
1833
2279
2720
3145
3543
3902
4210
4455
4624
4708
4695
4579
4354
4016
3565
3004
2340
1581
741
-163
-1114
-2091
-3068
-4022
-4926
-5754
-6482
-7084
-7540
-7829
-7938
-7855
-7574
-7092
-6416
-5553
-4520
-3336
-2028
-623
842
2335
3817
5247
6588
7802
8853
9709
10342
10730
10856
10710
10289
9598
8647
7457
6052
4464
2731
896
-996
-2897
-4758
-6530
-8165
-9619
-10850
-11825
-12513
-12894
-12953
-12684
-12091
-11186
-9988
-8525
-6833
-4952
-2931
-819
1329
3460
5517
7449
9204
10737
12007
12981
13634
13948
13913
13530
12809
11768
10432
8836
7021
5032
2920
739
-1456
-3611
-5671
-7585
-9305
-10790
-12004
-12919
-13513
-13774
-13698
-13290
-12562
-11536
-10239
-8705
-6976
-5094
-3108
-1067
979
2981
4891
6664
8260
9644
10786
11661
12255
12556
12564
12282
11722
10901
9844
8579
7138
5557
3875
2131
365
-1381
-3073
-4671
-6144
-7462
-8599
-9535
-10254
-10744
-10999
-11019
-10808
-10373
-9728
-8890
-7878
-6716
-5429
-4044
-2590
-1096
407
1893
3332
4697
5962
7104
8102
8938
9596
10064
10332
10397
10255
9908
9362
8625
7709
6632
5411
4068
2628
1117
-433
-1996
-3539
-5030
-6437
-7730
-8880
-9859
-10642
-11209
-11543
-11629
-11461
-11036
-10357
-9433
-8279
-6915
-5367
-3666
-1848
48
1980
3902
5770
7538
9160
10594
11801
12747
13402
13744
13758
13435
12777
11794
10502
8929
7107
5079
2893
599
-1743
-4076
-6339
-8473
-10421
-12127
-13545
-14633
-15357
-15692
-15625
-15151
-14277
-13021
-11412
-9486
-7293
-4888
-2331
308
2961
5557
8025
10297
12308
14004
15334
16259
16752
16794
16383
15526
14243
12568
10544
8226
5676
2964
164
-2645
-5387
-7984
-10363
-12456
-14204
-15558
-16477
-16936
-16921
-16432
-15482
-14098
-12319
-10195
-7789
-5167
-2407
413
3212
5910
8427
10693
12642
14217
15375
16082
16320
16082
15378
14229
12671
10752
8529
6070
3448
742
-1967
-4599
-7075
-9323
-11276
-12877
-14079
-14849
-15166
-15022
-14424
-13394
-11965
-10182
-8103
-5792
-3321
-768
1787
4269
6599
8707
10528
12008
13102
13778
14018
13817
13182
12137
10715
8964
6940
4708
2340
-88
-2501
-4822
-6977
-8898
-10525
-11808
-12706
-13193
-13253
-12886
-12105
-10936
-9417
-7597
-5535
-3298
-958
1409
3730
5928
7933
9681
11116
12192
12873
13139
12980
12402
11422
10073
8395
6444
4282
1977
-396
-2762
-5046
-7174
-9077
-10694
-11973
-12873
-13364
-13429
-13066
-12285
-11110
-9578
-7737
-5643
-3364
-972
1458
3850
6127
8217
10053
11577
12740
13505
13846
13753
13227
12284
10954
9277
7306
5103
2737
281
-2186
-4588
-6849
-8898
-10670
-12110
-13172
-13823
0
0
0
0
0
0
0
0
0
0
0
0
0
0
0
0
0
0
0
0
0
0
0
0
0
0
0
0
0
0
0
0
0
0
0
0
0
0
0
0
0
0
0
0
0
0
0
0
0
0
0
0
0
0
0
0
0
0
0
0
0
0
0
0
0
0
0
14043
13853
13288
12365
11110
9558
7753
5747
3594
1357
-902
-3122
-5241
-7201
-8949
-10439
-11632
-12497
-13015
-13176
-12979
-12435
-11564
-10395
-8965
-7319
-5505
-3577
-1592
394
2327
4154
5825
7297
8534
9508
10197
10591
10686
10488
10012
9280
8321
7170
5866
4452
2973
1474
0
-1409
-2714
-3882
-4884
-5699
-6311
-6713
-6904
-6890
-6681
-6297
-5759
-5095
-4333
-3505
-2642
-1776
-936
-149
562
1178
1685
2073
2338
2481
2510
2433
2267
2028
1737
1416
1086
768
484
250
82
-10
-20
55
214
448
748
1097
1479
1872
2254
2601
2893
3105
3221
3222
3098
2841
2447
1920
1267
504
-352
-1277
-2244
-3222
-4178
-5078
-5889
-6578
-7115
-7474
-7634
-7577
-7295
-6785
-6052
-5106
-3967
-2662
-1223
313
1904
3504
5068
6546
7892
9064
10020
10727
11155
11286
11106
10613
9813
8720
7360
5764
3973
2035
0
-2075
-4133
-6114
-7962
-9623
-11046
-12188
-13013
-13494
-13613
-13361
-12744
-11772
-10471
-8873
-7021
-4964
-2758
-464
1855
4136
6314
8329
10124
11649
12862
13727
14221
14331
14053
13396
12379
11031
9390
7503
5422
3208
920
-1375
-3616
-5741
-7692
-9417
-10870
-12014
-12821
-13272
-13360
-13086
-12464
-11515
-10272
-8773
-7065
-5198
-3227
-1209
798
2740
4563
6220
7668
8872
9804
10444
10784
10822
10565
10030
9241
8227
7026
5678
4227
2718
1196
-293
-1709
-3014
-4174
-5161
-5956
-6543
-6915
-7074
-7024
-6780
-6359
-5786
-5088
-4295
-3438
-2549
-1661
-802
0
722
1346
1856
2245
2508
2647
2669
2584
2407
2157
1854
1520
1177
846
549
302
120
15
-5
57
204
427
716
1055
1425
1808
2179
2516
2797
3000
3106
3098
2965
2698
2296
1762
1103
334
-525
-1453
-2420
-3397
-4348
-5241
-6042
-6717
-7236
-7574
-7707
-7620
-7303
-6753
-5976
-4983
-3795
-2438
-945
644
2288
3939
5547
7065
8443
9637
10604
11309
11722
11821
11593
11035
10153
8962
7488
5765
3834
1746
-443
-2676
-4890
-7021
-9008
-10792
-12319
-13539
-14414
-14911
-15010
-14700
-13983
-12872
-11392
-9577
-7472
-5133
-2619
0
2655
5273
7781
10109
12189
13963
15377
16389
16968
17092
16756
15963
14732
13094
11089
8770
6199
3444
579
-2317
-5167
-7891
-10416
-12671
-14594
-16132
-17240
-17887
-18055
-17738
-16943
-15692
-14016
-11962
-9584
-6948
-4123
-1187
1779
4698
7489
10077
12391
14370
15961
17122
17821
18041
17777
17037
15844
14230
12240
9930
7362
4608
1741
-1159
-4016
-6753
-9296
-11579
-13540
-15129
-16305
-17039
-17314
-17125
-16479
-15398
-13911
-12063
-9905
-7496
-4904
-2197
549
3262
5869
8302
10496
12395
13950
15121
15881
16213
16110
15578
14636
13310
11640
9673
7462
5069
2559
0
-2540
-4995
-7299
-9392
-11220
-12737
-13904
-14693
-15086
-15075
-14663
-13864
-12702
-11209
-9428
-7408
-5203
-2873
-480
1911
4239
6441
8461
10245
11749
12933
13768
14233
14318
14023
13356
12336
10993
9361
7486
5417
3210
923
-1382
-3647
-5811
-7817
-9613
-11151
-12391
-13300
-13856
-14043
-13856
-13300
-12391
-11151
-9613
-7817
-5811
-3647
-1382
923
3210
5417
7486
9361
10993
12336
13356
14023
14318
14233
13768
12933
11749
10245
8461
6441
4239
1911
-480
-2873
-5203
-7408
-9428
-11209
-12702
-13864
-14663
-15075
-15086
-14693
-13904
-12737
-11220
-9392
-7299
-4995
-2540
0
2559
5069
7462
9673
11640
13310
14636
15578
16110
16213
15881
15121
13950
12395
10496
8302
5869
3262
549
-2197
-4904
-7496
-9905
-12063
-13911
-15398
-16479
-17125
-17314
-17039
-16305
-15129
-13540
-11579
-9296
-6753
-4016
-1159
1741
4608
7362
9930
12240
14230
15844
17037
17777
18041
17821
17122
15961
14370
12391
10077
7489
4698
1779
-1187
-4123
-6948
-9584
-11962
-14016
-15692
-16943
-17738
-18055
-17887
-17240
-16132
-14594
-12671
-10416
-7891
-5167
-2317
579
3444
6199
8770
11089
13094
14732
15963
16756
17092
16968
16389
15377
13963
12189
10109
7781
5273
2655
0
-2619
-5133
-7472
-9577
-11392
-12872
-13983
-14700
-15010
-14911
-14414
-13539
-12319
-10792
-9008
-7021
-4890
-2676
-443
1746
3834
5765
7488
8962
10153
11035
11593
11821
11722
11309
10604
9637
8443
7065
5547
3939
2288
644
-945
-2438
-3795
-4983
-5976
-6753
-7303
-7620
-7707
-7574
-7236
-6717
-6042
-5241
-4348
-3397
-2420
-1453
-525
334
1103
1762
2296
2698
2965
3098
3106
3000
2797
2516
2179
1808
1425
1055
716
427
204
57
-5
15
120
302
549
846
1177
1520
1854
2157
2407
2584
2669
2647
2508
2245
1856
1346
722
0
-802
-1661
-2549
-3438
-4295
-5088
-5786
-6359
-6780
-7024
-7074
-6915
-6543
-5956
-5161
-4174
-3014
-1709
-293
1196
2718
4227
5678
7026
8227
9241
10030
10565
10822
10784
10444
9804
8872
7668
6220
4563
2740
798
-1209
-3227
-5198
-7065
-8773
-10272
-11515
-12464
-13086
-13360
-13272
-12821
-12014
-10870
-9417
-7692
-5741
-3616
-1375
920
3208
5422
7503
9390
11031
12379
13396
14053
14331
14221
13727
12862
11649
10124
8329
6314
4136
1855
-464
-2758
-4964
-7021
-8873
-10471
-11772
-12744
-13361
-13613
-13494
-13013
-12188
-11046
-9623
-7962
-6114
-4133
-2075
0
2035
3973
5764
7360
8720
9813
10613
11106
11286
11155
10727
10020
9064
7892
6546
5068
3504
1904
313
-1223
-2662
-3967
-5106
-6052
-6785
-7295
-7577
-7634
-7474
-7115
-6578
-5889
-5078
-4178
-3222
-2244
-1277
-352
504
1267
1920
2447
2841
3098
3222
3221
3105
2893
2601
2254
1872
1479
1097
748
448
214
55
-20
-10
82
250
484
768
1086
1416
1737
2028
2267
2433
2510
2481
2338
2073
1685
1178
562
-149
-936
-1776
-2642
-3505
-4333
-5095
-5759
-6297
-6681
-6890
-6904
-6713
-6311
-5699
-4884
-3882
-2714
-1409
0
1474
2973
4452
5866
7170
8321
9280
10012
10488
10686
10591
10197
9508
8534
7297
5825
4154
2327
394
-1592
-3577
-5505
-7319
-8965
-10395
-11564
-12435
-12979
-13176
-13015
-12497
-11632
-10439
-8949
-7201
-5241
-3122
-902
1357
3594
5747
7753
9558
11110
12365
13288
13853
0
0
0
0
0
0
0
0
0
0
0
0
0
0
0
0
0
0
0
0
0
0
0
0
0
0
0
0
0
0
0
0
0
0
0
0
0
0
0
0
0
0
0
0
0
0
0
0
0
0
0
0
0
0
0
0
0
0
0
0
0
0
0
0
0
0
0
4681
4647
4548
4383
4153
3859
3503
3088
2616
2091
1520
907
260
-410
-1098
-1790
-2474
-3138
-3768
-4351
-4871
-5316
-5672
-5928
-6072
-6097
-5995
-5763
-5400
-4907
-4292
-3561
-2727
-1805
-814
226
1294
2364
3410
4408
5331
6155
6856
7415
7812
8035
8072
7919
7574
7040
6328
5451
4426
3277
2029
713
-640
-1998
-3326
-4591
-5759
-6801
-7688
-8397
-8907
-9204
-9278
-9125
-8748
-8154
-7357
-6376
-5235
-3962
-2588
-1148
320
1783
3202
4541
5767
6849
7760
8478
8985
9271
9329
9158
8766
8164
7368
6400
5287
4057
2744
1379
0
-1361
-2670
-3895
-5008
-5983
-6799
-7438
-7889
-8145
-8203
-8068
-7747
-7252
-6601
-5813
-4910
-3919
-2865
-1775
-676
404
1444
2419
3309
4098
4772
5319
5733
6012
6154
6163
6046
5811
5469
5033
4517
3936
3304
2637
1949
1255
566
-104
-747
-1354
-1917
-2432
-2893
-3297
-3643
-3929
-4154
-4320
-4426
-4472
-4460
-4390
-4263
-4080
-3840
-3545
-3195
-2793
-2340
-1839
-1294
-709
-90
553
1216
1885
2550
3199
3819
4394
4911
5354
5712
5969
6115
6140
6035
5797
5422
4914
4275
3516
2647
1685
648
-441
-1559
-2681
-3778
-4822
-5786
-6642
-7365
-7933
-8326
-8528
-8529
-8323
-7908
-7289
-6477
-5487
-4339
-3060
-1680
-230
1251
2729
4164
5519
6757
7845
8751
9449
9919
10146
10119
9837
9304
8531
7537
6344
4983
3487
1895
247
-1413
-3043
-4601
-6045
-7338
-8445
-9338
-9994
-10395
-10532
-10401
-10007
-9362
-8482
-7394
-6125
-4711
-3190
-1602
10
1605
3142
4580
5885
7023
7968
8698
9198
9459
9479
9262
8819
8165
7323
6319
5183
3948
2647
1318
-6
-1291
-2504
-3619
-4609
-5454
-6138
-6650
-6985
-7141
-7124
-6941
-6606
-6134
-5546
-4861
-4103
-3295
-2459
-1618
-792
0
742
1422
2029
2556
2999
3357
3631
3826
3946
3999
3994
3939
3841
3710
3552
3372
3177
2967
2745
2510
2260
1992
1703
1388
1044
666
251
-199
-688
-1211
-1764
-2340
-2928
-3517
-4091
-4636
-5132
-5562
-5906
-6147
-6267
-6252
-6089
-5769
-5287
-4643
-3841
-2893
-1811
-617
663
2001
3364
4716
6018
7232
8318
9241
9965
10460
10702
10670
10354
9749
8858
7694
6278
4639
2815
848
-1211
-3309
-5389
-7391
-9257
-10930
-12356
-13488
-14284
-14713
-14751
-14385
-13615
-12450
-10914
-9039
-6869
-4458
-1869
830
3566
6263
8842
11230
13353
15148
16555
17527
18029
18038
17543
16550
15078
13160
10844
8189
5265
2150
-1069
-4303
-7460
-10448
-13180
-15575
-17559
-19071
-20062
-20496
-20356
-19637
-18355
-16539
-14237
-11508
-8427
-5079
-1557
2038
5605
9040
12243
15121
17587
19568
21001
21843
22063
21652
20617
18983
16795
14112
11009
7574
3903
103
-3716
-7446
-10975
-14201
-17029
-19374
-21166
-22350
-22891
-22768
-21984
-20559
-18532
-15961
-12918
-9493
-5783
-1896
2053
5951
9683
13138
16216
18825
20887
22341
23143
23270
22715
21494
19642
17213
14277
10920
7241
3346
-648
-4626
-8470
-12068
-15312
-18108
-20373
-22040
-23061
-23405
-23061
-22040
-20373
-18108
-15312
-12068
-8470
-4626
-648
3346
7241
10920
14277
17213
19642
21494
22715
23270
23143
22341
20887
18825
16216
13138
9683
5951
2053
-1896
-5783
-9493
-12918
-15961
-18532
-20559
-21984
-22768
-22891
-22350
-21166
-19374
-17029
-14201
-10975
-7446
-3716
103
3903
7574
11009
14112
16795
18983
20617
21652
22063
21843
21001
19568
17587
15121
12243
9040
5605
2038
-1557
-5079
-8427
-11508
-14237
-16539
-18355
-19637
-20356
-20496
-20062
-19071
-17559
-15575
-13180
-10448
-7460
-4303
-1069
2150
5265
8189
10844
13160
15078
16550
17543
18038
18029
17527
16555
15148
13353
11230
8842
6263
3566
830
-1869
-4458
-6869
-9039
-10914
-12450
-13615
-14385
-14751
-14713
-14284
-13488
-12356
-10930
-9257
-7391
-5389
-3309
-1211
848
2815
4639
6278
7694
8858
9749
10354
10670
10702
10460
9965
9241
8318
7232
6018
4716
3364
2001
663
-617
-1811
-2893
-3841
-4643
-5287
-5769
-6089
-6252
-6267
-6147
-5906
-5562
-5132
-4636
-4091
-3517
-2928
-2340
-1764
-1211
-688
-199
251
666
1044
1388
1703
1992
2260
2510
2745
2967
3177
3372
3552
3710
3841
3939
3994
3999
3946
3826
3631
3357
2999
2556
2029
1422
742
0
-792
-1618
-2459
-3295
-4103
-4861
-5546
-6134
-6606
-6941
-7124
-7141
-6985
-6650
-6138
-5454
-4609
-3619
-2504
-1291
-6
1318
2647
3948
5183
6319
7323
8165
8819
9262
9479
9459
9198
8698
7968
7023
5885
4580
3142
1605
10
-1602
-3190
-4711
-6125
-7394
-8482
-9362
-10007
-10401
-10532
-10395
-9994
-9338
-8445
-7338
-6045
-4601
-3043
-1413
247
1895
3487
4983
6344
7537
8531
9304
9837
10119
10146
9919
9449
8751
7845
6757
5519
4164
2729
1251
-230
-1680
-3060
-4339
-5487
-6477
-7289
-7908
-8323
-8529
-8528
-8326
-7933
-7365
-6642
-5786
-4822
-3778
-2681
-1559
-441
648
1685
2647
3516
4275
4914
5422
5797
6035
6140
6115
5969
5712
5354
4911
4394
3819
3199
2550
1885
1216
553
-90
-709
-1294
-1839
-2340
-2793
-3195
-3545
-3840
-4080
-4263
-4390
-4460
-4472
-4426
-4320
-4154
-3929
-3643
-3297
-2893
-2432
-1917
-1354
-747
-104
566
1255
1949
2637
3304
3936
4517
5033
5469
5811
6046
6163
6154
6012
5733
5319
4772
4098
3309
2419
1444
404
-676
-1775
-2865
-3919
-4910
-5813
-6601
-7252
-7747
-8068
-8203
-8145
-7889
-7438
-6799
-5983
-5008
-3895
-2670
-1361
0
1379
2744
4057
5287
6400
7368
8164
8766
9158
9329
9271
8985
8478
7760
6849
5767
4541
3202
1783
320
-1148
-2588
-3962
-5235
-6376
-7357
-8154
-8748
-9125
-9278
-9204
-8907
-8397
-7688
-6801
-5759
-4591
-3326
-1998
-640
713
2029
3277
4426
5451
6328
7040
7574
7919
8072
8035
7812
7415
6856
6155
5331
4408
3410
2364
1294
226
-814
-1805
-2727
-3561
-4292
-4907
-5400
-5763
-5995
-6097
-6072
-5928
-5672
-5316
-4871
-4351
-3768
-3138
-2474
-1790
-1098
-410
260
907
1520
2091
2616
3088
3503
3859
4153
4383
4548
4647
0
0
0
0
0
0
0
0
0
0
0
0
0
0
0
0
0
0
0
0
0
0
0
0
0
0
0
0
0
0
0
0
0
0
0
0
0
0
0
0
0
0
0
0
0
0
0
0
0
0
0
0
0
0
0
0
0
0
0
0
0
0
0
0
0
0
0
-4681
-4678
-4668
-4647
-4608
-4540
-4431
-4271
-4044
-3740
-3346
-2855
-2259
-1557
-750
153
1144
2206
3317
4453
5584
6678
7701
8619
9396
9999
10397
10564
10478
10124
9493
8585
7408
5979
4321
2470
464
-1646
-3812
-5974
-8073
-10048
-11840
-13392
-14652
-15572
-16116
-16255
-15969
-15254
-14112
-12563
-10636
-8372
-5824
-3052
-127
2875
5875
8790
11539
14041
16224
18021
19374
20237
20576
20373
19623
18337
16539
14272
11589
8557
5254
1765
-1814
-5391
-8865
-12142
-15129
-17741
-19904
-21553
-22639
-23128
-23000
-22254
-20906
-18988
-16550
-13654
-10376
-6805
-3037
826
4681
8420
11941
15149
17953
20277
22058
23244
23805
23724
23003
21664
19743
17294
14385
11097
7520
3754
-96
-3926
-7631
-11110
-14267
-17019
-19291
-21026
-22178
-22719
-22641
-21949
-20667
-18837
-16513
-13764
-10670
-7321
-3810
-236
3298
6700
9874
12736
15211
17235
18758
19745
20176
20047
19370
18173
16498
14398
11939
9197
6252
3192
103
-2926
-5813
-8479
-10852
-12873
-14491
-15669
-16383
-16623
-16393
-15709
-14602
-13113
-11293
-9202
-6908
-4480
-1992
482
2873
5113
7142
8906
10362
11475
12223
12594
12588
12217
11502
10475
9176
7651
5954
4140
2267
394
-1422
-3130
-4681
-6031
-7147
-8003
-8580
-8871
-8875
-8603
-8073
-7310
-6345
-5218
-3968
-2641
-1281
66
1358
2554
3619
4522
5238
5750
6048
6128
5995
5660
5139
4456
3640
2721
1734
714
-302
-1280
-2188
-2995
-3676
-4209
-4580
-4779
-4801
-4649
-4332
-3862
-3258
-2543
-1742
-885
0
881
1730
2518
3217
3807
4268
4584
4748
4753
4601
4297
3852
3280
2600
1834
1007
144
-726
-1578
-2386
-3124
-3770
-4306
-4715
-4986
-5112
-5089
-4919
-4607
-4164
-3603
-2941
-2197
-1393
-552
302
1146
1956
2712
3392
3979
4459
4820
5054
5156
5126
4965
4681
4281
3778
3186
2521
1801
1044
270
-502
-1255
-1970
-2632
-3226
-3739
-4161
-4484
-4702
-4813
-4816
-4714
-4508
-4208
-3819
-3351
-2817
-2227
-1594
-932
-255
423
1091
1734
2340
2898
3396
3827
4181
4451
4633
4723
4719
4619
4426
4141
3770
3318
2794
2205
1563
879
166
-560
-1289
-2002
-2687
-3327
-3908
-4416
-4838
-5164
-5382
-5486
-5469
-5330
-5068
-4684
-4186
-3581
-2880
-2098
-1250
-354
567
1496
2407
3279
4090
4819
5444
5949
6317
6538
6601
6502
6240
5818
5245
4530
3691
2746
1718
632
-483
-1602
-2694
-3729
-4681
-5522
-6229
-6781
-7162
-7360
-7368
-7182
-6807
-6249
-5524
-4648
-3643
-2538
-1359
-140
1086
2287
3430
4483
5417
6205
6825
7260
7498
7530
7357
6983
6419
5679
4786
3764
2642
1453
230
-990
-2177
-3293
-4309
-5195
-5927
-6484
-6852
-7021
-6987
-6753
-6328
-5725
-4964
-4068
-3064
-1985
-862
270
1378
2429
3392
4239
4945
5490
5861
6047
6045
5858
5494
4965
4292
3495
2603
1645
651
-345
-1314
-2224
-3046
-3755
-4330
-4752
-5011
-5099
-5016
-4765
-4358
-3808
-3136
-2364
-1520
-632
268
1153
1990
2753
3415
3955
4353
4598
4681
4598
4353
3955
3415
2753
1990
1153
268
-632
-1520
-2364
-3136
-3808
-4358
-4765
-5016
-5099
-5011
-4752
-4330
-3755
-3046
-2224
-1314
-345
651
1645
2603
3495
4292
4965
5494
5858
6045
6047
5861
5490
4945
4239
3392
2429
1378
270
-862
-1985
-3064
-4068
-4964
-5725
-6328
-6753
-6987
-7021
-6852
-6484
-5927
-5195
-4309
-3293
-2177
-990
230
1453
2642
3764
4786
5679
6419
6983
7357
7530
7498
7260
6825
6205
5417
4483
3430
2287
1086
-140
-1359
-2538
-3643
-4648
-5524
-6249
-6807
-7182
-7368
-7360
-7162
-6781
-6229
-5522
-4681
-3729
-2694
-1602
-483
632
1718
2746
3691
4530
5245
5818
6240
6502
6601
6538
6317
5949
5444
4819
4090
3279
2407
1496
567
-354
-1250
-2098
-2880
-3581
-4186
-4684
-5068
-5330
-5469
-5486
-5382
-5164
-4838
-4416
-3908
-3327
-2687
-2002
-1289
-560
166
879
1563
2205
2794
3318
3770
4141
4426
4619
4719
4723
4633
4451
4181
3827
3396
2898
2340
1734
1091
423
-255
-932
-1594
-2227
-2817
-3351
-3819
-4208
-4508
-4714
-4816
-4813
-4702
-4484
-4161
-3739
-3226
-2632
-1970
-1255
-502
270
1044
1801
2521
3186
3778
4281
4681
4965
5126
5156
5054
4820
4459
3979
3392
2712
1956
1146
302
-552
-1393
-2197
-2941
-3603
-4164
-4607
-4919
-5089
-5112
-4986
-4715
-4306
-3770
-3124
-2386
-1578
-726
144
1007
1834
2600
3280
3852
4297
4601
4753
4748
4584
4268
3807
3217
2518
1730
881
0
-885
-1742
-2543
-3258
-3862
-4332
-4649
-4801
-4779
-4580
-4209
-3676
-2995
-2188
-1280
-302
714
1734
2721
3640
4456
5139
5660
5995
6128
6048
5750
5238
4522
3619
2554
1358
66
-1281
-2641
-3968
-5218
-6345
-7310
-8073
-8603
-8875
-8871
-8580
-8003
-7147
-6031
-4681
-3130
-1422
394
2267
4140
5954
7651
9176
10475
11502
12217
12588
12594
12223
11475
10362
8906
7142
5113
2873
482
-1992
-4480
-6908
-9202
-11293
-13113
-14602
-15709
-16393
-16623
-16383
-15669
-14491
-12873
-10852
-8479
-5813
-2926
103
3192
6252
9197
11939
14398
16498
18173
19370
20047
20176
19745
18758
17235
15211
12736
9874
6700
3298
-236
-3810
-7321
-10670
-13764
-16513
-18837
-20667
-21949
-22641
-22719
-22178
-21026
-19291
-17019
-14267
-11110
-7631
-3926
-96
3754
7520
11097
14385
17294
19743
21664
23003
23724
23805
23244
22058
20277
17953
15149
11941
8420
4681
826
-3037
-6805
-10376
-13654
-16550
-18988
-20906
-22254
-23000
-23128
-22639
-21553
-19904
-17741
-15129
-12142
-8865
-5391
-1814
1765
5254
8557
11589
14272
16539
18337
19623
20373
20576
20237
19374
18021
16224
14041
11539
8790
5875
2875
-127
-3052
-5824
-8372
-10636
-12563
-14112
-15254
-15969
-16255
-16116
-15572
-14652
-13392
-11840
-10048
-8073
-5974
-3812
-1646
464
2470
4321
5979
7408
8585
9493
10124
10478
10564
10397
9999
9396
8619
7701
6678
5584
4453
3317
2206
1144
153
-750
-1557
-2259
-2855
-3346
-3740
-4044
-4271
-4431
-4540
-4608
-4647
-4668
-4678
0
0
0
0
0
0
0
0
0
0
0
0
0
0
0
0
0
0
0
0
0
0
0
0
0
0
0
0
0
0
0
0
0
0
0
0
0
0
0
0
0
0
0
0
0
0
0
0
0
0
0
0
0
0
0
0
0
0
0
0
0
0
0
0
0
0
0
14043
13824
13175
12117
10681
8912
6866
4607
2203
-269
-2734
-5115
-7338
-9333
-11040
-12405
-13386
-13953
-14087
-13786
-13059
-11928
-10428
-8606
-6519
-4230
-1811
663
3118
5476
7666
9621
11280
12593
13520
14034
14119
13773
13009
11849
10331
8501
6417
4142
1746
-696
-3112
-5428
-7574
-9484
-11103
-12382
-13284
-13784
-13868
-13536
-12800
-11684
-10226
-8470
-6472
-4293
-2001
334
2642
4855
6905
8733
10286
11519
12399
12902
13017
12746
12100
11103
9789
8202
6392
4418
2340
223
-1869
-3874
-5732
-7390
-8801
-9927
-10737
-11214
-11349
-11143
-10610
-9773
-8662
-7318
-5786
-4116
-2365
-586
1164
2833
4370
5733
6882
7787
8427
8788
8868
8671
8212
7514
6605
5523
4306
2999
1648
298
-1004
-2220
-3309
-4241
-4988
-5532
-5861
-5972
-5867
-5560
-5068
-4415
-3632
-2752
-1811
-848
100
998
1810
2508
3067
3468
3697
3750
3627
3336
2893
2316
1633
874
69
-743
-1531
-2259
-2895
-3410
-3779
-3985
-4013
-3858
-3521
-3010
-2340
-1532
-614
382
1421
2465
3474
4409
5231
5906
6403
6698
6771
6611
6214
5584
4734
3684
2462
1102
-356
-1868
-3387
-4864
-6249
-7495
-8558
-9399
-9984
-10286
-10288
-9979
-9362
-8444
-7246
-5796
-4131
-2296
-339
1682
3711
5688
7553
9249
10724
11928
12823
13375
13561
13371
12801
11861
10572
8965
7078
4962
2671
269
-2178
-4605
-6943
-9125
-11089
-12777
-14140
-15137
-15737
-15918
-15672
-15002
-13922
-12458
-10648
-8537
-6181
-3642
-987
1712
4384
6957
9362
11532
13410
14945
16094
16827
17123
16973
16381
15362
13943
12161
10062
7702
5143
2451
-302
-3046
-5710
-8225
-10526
-12554
-14259
-15599
-16539
-17059
-17147
-16804
-16039
-14876
-13346
-11491
-9359
-7006
-4492
-1882
757
3361
5865
8207
10331
12187
13731
14928
15753
16189
16230
15879
15148
14059
12643
10938
8987
6840
4552
2177
-224
-2598
-4888
-7040
-9005
-10740
-12208
-13376
-14223
-14731
-14894
-14711
-14192
-13353
-12215
-10809
-9170
-7338
-5356
-3271
-1131
1015
3120
5137
7021
8732
10234
11495
12489
13197
13605
13707
13503
13000
12210
11153
9853
8342
6652
4822
2893
907
-1091
-3058
-4951
-6728
-8350
-9782
-10992
-11954
-12646
-13053
-13166
-12984
-12508
-11750
-10727
-9461
-7980
-6318
-4512
-2601
-631
1354
3309
5190
6952
8554
9958
11132
12047
12681
13018
13050
12774
12196
11329
10194
8816
7227
5466
3574
1598
-415
-2418
-4360
-6194
-7875
-9362
-10616
-11609
-12314
-12714
-12800
-12569
-12027
-11189
-10076
-8716
-7145
-5403
-3534
-1587
387
2340
4220
5979
7573
8960
10107
10985
11572
11855
11830
11498
10872
9970
8819
7451
5906
4226
2458
649
-1148
-2889
-4526
-6015
-7318
-8402
-9240
-9814
-10110
-10125
-9864
-9337
-8565
-7574
-6394
-5063
-3622
-2113
-582
927
2372
3711
4908
5931
6753
7355
7723
7853
7745
7408
6859
6118
5214
4178
3045
1854
644
-547
-1681
-2723
-3642
-4410
-5005
-5413
-5623
-5633
-5446
-5074
-4532
-3843
-3033
-2132
-1174
-193
775
1697
2540
3274
3873
4316
4589
4681
4589
4316
3873
3274
2540
1697
775
-193
-1174
-2132
-3033
-3843
-4532
-5074
-5446
-5633
-5623
-5413
-5005
-4410
-3642
-2723
-1681
-547
644
1854
3045
4178
5214
6118
6859
7408
7745
7853
7723
7355
6753
5931
4908
3711
2372
927
-582
-2113
-3622
-5063
-6394
-7574
-8565
-9337
-9864
-10125
-10110
-9814
-9240
-8402
-7318
-6015
-4526
-2889
-1148
649
2458
4226
5906
7451
8819
9970
10872
11498
11830
11855
11572
10985
10107
8960
7573
5979
4220
2340
387
-1587
-3534
-5403
-7145
-8716
-10076
-11189
-12027
-12569
-12800
-12714
-12314
-11609
-10616
-9362
-7875
-6194
-4360
-2418
-415
1598
3574
5466
7227
8816
10194
11329
12196
12774
13050
13018
12681
12047
11132
9958
8554
6952
5190
3309
1354
-631
-2601
-4512
-6318
-7980
-9461
-10727
-11750
-12508
-12984
-13166
-13053
-12646
-11954
-10992
-9782
-8350
-6728
-4951
-3058
-1091
907
2893
4822
6652
8342
9853
11153
12210
13000
13503
13707
13605
13197
12489
11495
10234
8732
7021
5137
3120
1015
-1131
-3271
-5356
-7338
-9170
-10809
-12215
-13353
-14192
-14711
-14894
-14731
-14223
-13376
-12208
-10740
-9005
-7040
-4888
-2598
-224
2177
4552
6840
8987
10938
12643
14059
15148
15879
16230
16189
15753
14928
13731
12187
10331
8207
5865
3361
757
-1882
-4492
-7006
-9359
-11491
-13346
-14876
-16039
-16804
-17147
-17059
-16539
-15599
-14259
-12554
-10526
-8225
-5710
-3046
-302
2451
5143
7702
10062
12161
13943
15362
16381
16973
17123
16827
16094
14945
13410
11532
9362
6957
4384
1712
-987
-3642
-6181
-8537
-10648
-12458
-13922
-15002
-15672
-15918
-15737
-15137
-14140
-12777
-11089
-9125
-6943
-4605
-2178
269
2671
4962
7078
8965
10572
11861
12801
13371
13561
13375
12823
11928
10724
9249
7553
5688
3711
1682
-339
-2296
-4131
-5796
-7246
-8444
-9362
-9979
-10288
-10286
-9984
-9399
-8558
-7495
-6249
-4864
-3387
-1868
-356
1102
2462
3684
4734
5584
6214
6611
6771
6698
6403
5906
5231
4409
3474
2465
1421
382
-614
-1532
-2340
-3010
-3521
-3858
-4013
-3985
-3779
-3410
-2895
-2259
-1531
-743
69
874
1633
2316
2893
3336
3627
3750
3697
3468
3067
2508
1810
998
100
-848
-1811
-2752
-3632
-4415
-5068
-5560
-5867
-5972
-5861
-5532
-4988
-4241
-3309
-2220
-1004
298
1648
2999
4306
5523
6605
7514
8212
8671
8868
8788
8427
7787
6882
5733
4370
2833
1164
-586
-2365
-4116
-5786
-7318
-8662
-9773
-10610
-11143
-11349
-11214
-10737
-9927
-8801
-7390
-5732
-3874
-1869
223
2340
4418
6392
8202
9789
11103
12100
12746
13017
12902
12399
11519
10286
8733
6905
4855
2642
334
-2001
-4293
-6472
-8470
-10226
-11684
-12800
-13536
-13868
-13784
-13284
-12382
-11103
-9484
-7574
-5428
-3112
-696
1746
4142
6417
8501
10331
11849
13009
13773
14119
14034
13520
12593
11280
9621
7666
5476
3118
663
-1811
-4230
-6519
-8606
-10428
-11928
-13059
-13786
-14087
-13953
-13386
-12405
-11040
-9333
-7338
-5115
-2734
-269
2203
4607
6866
8912
10681
12117
13175
13824
0
0
0
0
0
0
0
0
0
0
0
0
0
0
0
0
0
0
0
0
0
0
0
0
0
0
0
0
0
0
0
0
0
0
0
0
0
0
0
0
0
0
0
0
0
0
0
0
0
0
0
0
0
0
0
0
0
0
0
0
0
0
0
0
0
0
0
4681
4616
4423
4109
3683
3158
2552
1883
1171
439
-290
-997
-1659
-2258
-2777
-3202
-3524
-3735
-3833
-3819
-3697
-3476
-3168
-2785
-2345
-1866
-1364
-860
-370
88
501
856
1144
1358
1496
1558
1548
1474
1344
1171
969
752
536
337
166
39
-35
-50
0
115
294
531
814
1133
1472
1813
2138
2426
2660
2820
2889
2854
2705
2433
2038
1521
889
157
-659
-1539
-2455
-3380
-4281
-5127
-5886
-6525
-7014
-7328
-7444
-7345
-7021
-6467
-5688
-4693
-3500
-2136
-632
973
2637
4312
5949
7497
8906
10128
11119
11838
12255
12342
12086
11479
10526
9240
7648
5783
3690
1421
-964
-3403
-5827
-8166
-10351
-12315
-13997
-15340
-16297
-16831
-16916
-16536
-15692
-14395
-12671
-10559
-8108
-5380
-2445
619
3730
6802
9749
12485
14931
17014
18669
19844
20497
20603
20149
19141
17597
15553
13059
10177
6983
3560
0
-3600
-7142
-10527
-13661
-16456
-18830
-20715
-22056
-22811
-22954
-22479
-21393
-19722
-17510
-14812
-11702
-8262
-4584
-770
3077
6854
10455
13782
16744
19259
21258
22686
23503
23688
23235
22158
20487
18268
15563
12447
9005
5334
1533
-2292
-6039
-9605
-12893
-15817
-18298
-20271
-21686
-22509
-22722
-22323
-21329
-19772
-17700
-15173
-12266
-9062
-5650
-2127
1410
4866
8146
11164
13841
16109
17911
19206
19966
20179
19847
18989
17637
15837
13646
11132
8368
5435
2418
-599
-3536
-6311
-8855
-11100
-12994
-14493
-15565
-16191
-16366
-16097
-15402
-14314
-12872
-11128
-9137
-6962
-4670
-2327
0
2247
4355
6269
7944
9341
10431
11196
11627
11724
11499
10972
10169
9127
7885
6488
4983
3418
1842
300
-1164
-2512
-3712
-4736
-5564
-6184
-6588
-6779
-6765
-6559
-6181
-5655
-5009
-4271
-3474
-2646
-1820
-1022
-277
391
969
1442
1804
2051
2185
2214
2147
2000
1787
1529
1245
953
673
423
217
68
-15
-27
32
162
356
603
892
1206
1529
1842
2127
2365
2539
2634
2639
2543
2342
2035
1624
1116
524
-137
-849
-1592
-2340
-3069
-3754
-4369
-4890
-5296
-5569
-5693
-5657
-5455
-5088
-4559
-3877
-3059
-2123
-1094
0
1130
2264
3368
4410
5356
6179
6849
7346
7651
7751
7638
7314
6782
6055
5149
4089
2901
1617
272
-1095
-2449
-3751
-4963
-6052
-6985
-7735
-8281
-8605
-8698
-8556
-8181
-7584
-6779
-5789
-4641
-3365
-1997
-575
862
2275
3625
4875
5991
6943
7705
8256
8584
8679
8540
8172
7587
6803
5840
4729
3499
2185
823
-547
-1890
-3170
-4353
-5406
-6303
-7021
-7543
-7857
-7957
-7843
-7520
-7001
-6302
-5443
-4452
-3356
-2186
-975
242
1435
2572
3621
4557
5356
5999
6472
6764
6871
6793
6535
6108
5526
4807
3974
3049
2060
1034
0
-1015
-1986
-2886
-3693
-4387
-4953
-5376
-5650
-5769
-5733
-5546
-5215
-4752
-4171
-3489
-2727
-1905
-1046
-174
689
1521
2300
3008
3625
4139
4536
4809
4951
4961
4841
4594
4229
3756
3188
2542
1835
1084
311
-465
-1224
-1948
-2616
-3213
-3723
-4134
-4435
-4619
-4681
-4619
-4435
-4134
-3723
-3213
-2616
-1948
-1224
-465
311
1084
1835
2542
3188
3756
4229
4594
4841
4961
4951
4809
4536
4139
3625
3008
2300
1521
689
-174
-1046
-1905
-2727
-3489
-4171
-4752
-5215
-5546
-5733
-5769
-5650
-5376
-4953
-4387
-3693
-2886
-1986
-1015
0
1034
2060
3049
3974
4807
5526
6108
6535
6793
6871
6764
6472
5999
5356
4557
3621
2572
1435
242
-975
-2186
-3356
-4452
-5443
-6302
-7001
-7520
-7843
-7957
-7857
-7543
-7021
-6303
-5406
-4353
-3170
-1890
-547
823
2185
3499
4729
5840
6803
7587
8172
8540
8679
8584
8256
7705
6943
5991
4875
3625
2275
862
-575
-1997
-3365
-4641
-5789
-6779
-7584
-8181
-8556
-8698
-8605
-8281
-7735
-6985
-6052
-4963
-3751
-2449
-1095
272
1617
2901
4089
5149
6055
6782
7314
7638
7751
7651
7346
6849
6179
5356
4410
3368
2264
1130
0
-1094
-2123
-3059
-3877
-4559
-5088
-5455
-5657
-5693
-5569
-5296
-4890
-4369
-3754
-3069
-2340
-1592
-849
-137
524
1116
1624
2035
2342
2543
2639
2634
2539
2365
2127
1842
1529
1206
892
603
356
162
32
-27
-15
68
217
423
673
953
1245
1529
1787
2000
2147
2214
2185
2051
1804
1442
969
391
-277
-1022
-1820
-2646
-3474
-4271
-5009
-5655
-6181
-6559
-6765
-6779
-6588
-6184
-5564
-4736
-3712
-2512
-1164
300
1842
3418
4983
6488
7885
9127
10169
10972
11499
11724
11627
11196
10431
9341
7944
6269
4355
2247
0
-2327
-4670
-6962
-9137
-11128
-12872
-14314
-15402
-16097
-16366
-16191
-15565
-14493
-12994
-11100
-8855
-6311
-3536
-599
2418
5435
8368
11132
13646
15837
17637
18989
19847
20179
19966
19206
17911
16109
13841
11164
8146
4866
1410
-2127
-5650
-9062
-12266
-15173
-17700
-19772
-21329
-22323
-22722
-22509
-21686
-20271
-18298
-15817
-12893
-9605
-6039
-2292
1533
5334
9005
12447
15563
18268
20487
22158
23235
23688
23503
22686
21258
19259
16744
13782
10455
6854
3077
-770
-4584
-8262
-11702
-14812
-17510
-19722
-21393
-22479
-22954
-22811
-22056
-20715
-18830
-16456
-13661
-10527
-7142
-3600
0
3560
6983
10177
13059
15553
17597
19141
20149
20603
20497
19844
18669
17014
14931
12485
9749
6802
3730
619
-2445
-5380
-8108
-10559
-12671
-14395
-15692
-16536
-16916
-16831
-16297
-15340
-13997
-12315
-10351
-8166
-5827
-3403
-964
1421
3690
5783
7648
9240
10526
11479
12086
12342
12255
11838
11119
10128
8906
7497
5949
4312
2637
973
-632
-2136
-3500
-4693
-5688
-6467
-7021
-7345
-7444
-7328
-7014
-6525
-5886
-5127
-4281
-3380
-2455
-1539
-659
157
889
1521
2038
2433
2705
2854
2889
2820
2660
2426
2138
1813
1472
1133
814
531
294
115
0
-50
-35
39
166
337
536
752
969
1171
1344
1474
1548
1558
1496
1358
1144
856
501
88
-370
-860
-1364
-1866
-2345
-2785
-3168
-3476
-3697
-3819
-3833
-3735
-3524
-3202
-2777
-2258
-1659
-997
-290
439
1171
1883
2552
3158
3683
4109
4423
4616
0
0
0
0
0
0
0
0
0
0
0
0
0
0
0
0
0
0
0
0
0
0
0
0
0
0
0
0
0
0
0
0
0
0
0
0
0
0
0
0
0
0
0
0
0
0
0
0
0
0
0
0
0
0
0
0
0
0
0
0
0
0
0
0
0
0
0
4681
4558
4196
3608
2819
1859
769
-407
-1621
-2822
-3959
-4981
-5842
-6501
-6923
-7083
-6962
-6555
-5864
-4903
-3697
-2280
-694
1009
2776
4546
6257
7847
9256
10430
11319
11883
12089
11918
11360
10420
9114
7470
5529
3342
969
-1521
-4056
-6559
-8952
-11159
-13107
-14730
-15969
-16779
-17122
-16977
-16335
-15205
-13608
-11579
-9170
-6441
-3466
-326
2889
6091
9186
12082
14693
16939
18750
20067
20845
21054
20680
19725
18209
16167
13650
10724
7467
3965
316
-3380
-7021
-10504
-13731
-16609
-19057
-21002
-22387
-23172
-23329
-22852
-21751
-20053
-17804
-15062
-11902
-8410
-4681
-816
3076
6892
10526
13878
16856
19381
21382
22806
23616
23790
23326
22238
20558
18334
15628
12516
9085
5430
1650
-2151
-5870
-9409
-12671
-15573
-18037
-20002
-21419
-22255
-22494
-22135
-21194
-19704
-17709
-15271
-12459
-9354
-6042
-2616
831
4209
7427
10402
13059
15332
17167
18522
19370
19698
19507
18811
17638
16030
14036
11719
9146
6390
3528
638
-2203
-4923
-7452
-9730
-11702
-13325
-14566
-15403
-15824
-15830
-15434
-14656
-13528
-12090
-10389
-8476
-6408
-4242
-2039
144
2254
4238
6050
7650
9005
10091
10890
11393
11599
11515
11155
10540
9694
8650
7442
6106
4681
3205
1717
252
-1153
-2471
-3674
-4740
-5650
-6392
-6958
-7344
-7551
-7585
-7454
-7170
-6749
-6207
-5562
-4834
-4043
-3208
-2347
-1481
-624
206
998
1739
2418
3027
3560
4012
4378
4658
4850
4954
4973
4907
4761
4537
4241
3877
3451
2970
2440
1869
1266
640
0
-643
-1278
-1895
-2481
-3025
-3516
-3942
-4294
-4563
-4740
-4819
-4797
-4670
-4438
-4104
-3673
-3153
-2552
-1885
-1164
-406
369
1146
1904
2623
3284
3869
4362
4749
5017
5158
5166
5039
4779
4391
3884
3272
2569
1794
969
116
-741
-1579
-2372
-3099
-3738
-4271
-4681
-4955
-5086
-5070
-4905
-4598
-4156
-3593
-2925
-2173
-1358
-506
356
1204
2011
2752
3405
3948
4365
4642
4772
4750
4577
4258
3802
3226
2546
1784
966
117
-735
-1563
-2340
-3041
-3641
-4123
-4468
-4665
-4708
-4593
-4323
-3907
-3358
-2691
-1928
-1094
-215
680
1563
2404
3176
3852
4410
4830
5096
5200
5134
4900
4503
3953
3267
2464
1568
608
-387
-1387
-2360
-3275
-4102
-4815
-5390
-5807
-6052
-6113
-5988
-5678
-5191
-4537
-3737
-2812
-1790
-698
428
1558
2657
3693
4632
5448
6114
6610
6919
7032
6943
6654
6171
5507
4681
3714
2636
1475
264
-961
-2167
-3318
-4384
-5332
-6136
-6773
-7226
-7482
-7532
-7377
-7021
-6474
-5751
-4873
-3864
-2753
-1570
-349
878
2077
3217
4266
5197
5985
6612
7062
7323
7393
7269
6959
6472
5823
5032
4121
3115
2042
931
-188
-1288
-2340
-3319
-4200
-4964
-5593
-6074
-6398
-6561
-6562
-6405
-6097
-5650
-5077
-4396
-3626
-2788
-1902
-992
-80
813
1667
2465
3189
3825
4363
4792
5107
5305
5385
5349
5203
4951
4604
4170
3662
3091
2470
1814
1135
446
-238
-907
-1550
-2154
-2710
-3210
-3646
-4011
-4301
-4511
-4638
-4681
-4638
-4511
-4301
-4011
-3646
-3210
-2710
-2154
-1550
-907
-238
446
1135
1814
2470
3091
3662
4170
4604
4951
5203
5349
5385
5305
5107
4792
4363
3825
3189
2465
1667
813
-80
-992
-1902
-2788
-3626
-4396
-5077
-5650
-6097
-6405
-6562
-6561
-6398
-6074
-5593
-4964
-4200
-3319
-2340
-1288
-188
931
2042
3115
4121
5032
5823
6472
6959
7269
7393
7323
7062
6612
5985
5197
4266
3217
2077
878
-349
-1570
-2753
-3864
-4873
-5751
-6474
-7021
-7377
-7532
-7482
-7226
-6773
-6136
-5332
-4384
-3318
-2167
-961
264
1475
2636
3714
4681
5507
6171
6654
6943
7032
6919
6610
6114
5448
4632
3693
2657
1558
428
-698
-1790
-2812
-3737
-4537
-5191
-5678
-5988
-6113
-6052
-5807
-5390
-4815
-4102
-3275
-2360
-1387
-387
608
1568
2464
3267
3953
4503
4900
5134
5200
5096
4830
4410
3852
3176
2404
1563
680
-215
-1094
-1928
-2691
-3358
-3907
-4323
-4593
-4708
-4665
-4468
-4123
-3641
-3041
-2340
-1563
-735
117
966
1784
2546
3226
3802
4258
4577
4750
4772
4642
4365
3948
3405
2752
2011
1204
356
-506
-1358
-2173
-2925
-3593
-4156
-4598
-4905
-5070
-5086
-4955
-4681
-4271
-3738
-3099
-2372
-1579
-741
116
969
1794
2569
3272
3884
4391
4779
5039
5166
5158
5017
4749
4362
3869
3284
2623
1904
1146
369
-406
-1164
-1885
-2552
-3153
-3673
-4104
-4438
-4670
-4797
-4819
-4740
-4563
-4294
-3942
-3516
-3025
-2481
-1895
-1278
-643
0
640
1266
1869
2440
2970
3451
3877
4241
4537
4761
4907
4973
4954
4850
4658
4378
4012
3560
3027
2418
1739
998
206
-624
-1481
-2347
-3208
-4043
-4834
-5562
-6207
-6749
-7170
-7454
-7585
-7551
-7344
-6958
-6392
-5650
-4740
-3674
-2471
-1153
252
1717
3205
4681
6106
7442
8650
9694
10540
11155
11515
11599
11393
10890
10091
9005
7650
6050
4238
2254
144
-2039
-4242
-6408
-8476
-10389
-12090
-13528
-14656
-15434
-15830
-15824
-15403
-14566
-13325
-11702
-9730
-7452
-4923
-2203
638
3528
6390
9146
11719
14036
16030
17638
18811
19507
19698
19370
18522
17167
15332
13059
10402
7427
4209
831
-2616
-6042
-9354
-12459
-15271
-17709
-19704
-21194
-22135
-22494
-22255
-21419
-20002
-18037
-15573
-12671
-9409
-5870
-2151
1650
5430
9085
12516
15628
18334
20558
22238
23326
23790
23616
22806
21382
19381
16856
13878
10526
6892
3076
-816
-4681
-8410
-11902
-15062
-17804
-20053
-21751
-22852
-23329
-23172
-22387
-21002
-19057
-16609
-13731
-10504
-7021
-3380
316
3965
7467
10724
13650
16167
18209
19725
20680
21054
20845
20067
18750
16939
14693
12082
9186
6091
2889
-326
-3466
-6441
-9170
-11579
-13608
-15205
-16335
-16977
-17122
-16779
-15969
-14730
-13107
-11159
-8952
-6559
-4056
-1521
969
3342
5529
7470
9114
10420
11360
11918
12089
11883
11319
10430
9256
7847
6257
4546
2776
1009
-694
-2280
-3697
-4903
-5864
-6555
-6962
-7083
-6923
-6501
-5842
-4981
-3959
-2822
-1621
-407
769
1859
2819
3608
4196
4558
0
0
0
0
0
0
0
0
0
0
0
0
0
0
0
0
0
0
0
0
0
0
0
0
0
0
0
0
0
0
0
0
0
0
0
0
0
0
0
0
0
0
0
0
0
0
0
0
0
0
0
0
0
0
0
0
0
0
0
0
0
0
0
0
0
0
0
