0.0037574768,0.015054703,-0.0047613382
0.003935814,0.025904,-0.008399367
0.011241913,0.02480048,-0.0025724173
-4.968643E-4,0.020170093,0.01384306
-0.0050001144,0.015662432,0.008705616
-0.0011587143,0.011252344,0.011979461
0.009780884,0.016435325,0.0069036484
4.4250488E-4,0.0120536685,0.019707918
0.014924049,0.011323512,0.012265921
0.009094238,0.023715258,0.0061739683
9.2983246E-4,0.012262046,0.02157271
0.009437561,0.0068727136,0.022731185
0.004808426,0.01455313,0.014424086
0.002568245,0.009111166,0.030082226
0.0062789917,0.017975628,0.023100615
0.006362915,0.0065196753,0.021132112
0.021860123,0.0058308244,0.021676064
0.026515007,0.0098462105,0.016459346
0.016871452,0.012638867,0.02089703
0.0061016083,-3.8027763E-5,0.03136325
-0.016471863,0.0051446557,0.026430488
0.007414818,0.009099245,0.043095708
0.0037698746,0.0034635067,0.032487154
-0.0034332275,-0.008084714,0.032846212
-0.0046548843,-0.001755774,0.032090187
-0.0035161972,0.0057530403,0.026810884
-2.9563904E-5,0.0072425604,0.026416183
-0.017967224,0.0051732063,0.027429223
-0.016777992,-0.009955168,0.019049764
-0.020364761,-5.978346E-5,0.023898125
-0.026312828,-9.5552206E-4,0.024076104
-0.020353317,0.014853656,0.038632512
-0.015646935,0.011483908,0.030602455
-0.008616447,-0.0036875606,0.02037549
-0.008776665,-0.0057136416,0.0173918
-0.010128975,-5.837083E-4,0.026349306
-0.012665749,0.002151668,0.017517805
-0.0044927597,-0.0058481693,0.01107657
0.0036115646,-0.012581706,0.008248329
9.6321106E-4,-0.009768426,0.016137958
-0.0075950623,0.0072762966,0.028687596
0.007659912,0.014684498,0.009069324
-9.460449E-4,0.0053706765,0.008521557
-0.009466171,0.006855607,0.017398953
-0.010793686,0.0023863912,0.0036529303
0.002149582,-0.009126484,0.010114074
-0.007566452,-0.0015606284,0.006998062
0.0029850006,-0.0035912395,0.009765863
0.011096954,0.011090457,0.002915144
-0.0034036636,-0.0029141307,0.014983416
0.0035991669,-0.0024599433,0.006724
0.0022563934,0.0039196014,0.010251045
-0.010940552,0.0043230653,0.01845193
-0.010949135,0.003542304,0.008638263
-0.01093483,4.1866302E-4,-0.0024286509
-0.00497818,0.0043899417,-4.2927265E-4
-0.0026168823,-0.0082889795,-0.005683303
0.0033063889,-0.004230678,0.007967949
0.0020685196,0.006932676,0.002441287
-0.0050592422,0.009726703,-0.016311169
-0.0026302338,0.0029202104,0.0065619946
-0.0049419403,0.008088887,0.006533861
0.0022745132,0.007206559,-0.010257721
-0.0036125183,0.007525146,0.0038621426
-0.015366554,-4.6652555E-4,0.00466311
-0.0020742416,-0.008414388,0.0029283762
-0.0019311905,-0.0032259822,-0.0012974739
0.010097504,-0.008834302,-0.004469037
0.007786751,-0.0072984695,0.0018275976
-4.272461E-4,0.008529246,0.0044537783
0.004501343,-0.006713271,-0.010908127
0.005829811,-0.004026711,-0.0036053658
0.008350372,-2.334714E-4,-0.0060191154
-0.0010299683,-0.004824698,0.0034867525
-0.010321617,-0.004625559,0.021153688
-0.008844376,-0.005596161,0.01013267
-0.01212883,0.010078609,0.011106491
-0.009451866,-0.0017003417,0.012052774
-0.009174347,-0.016963005,0.008253813
-0.010094643,-0.0048146844,0.011658788
-0.013384819,-0.0177477,0.010267377
-0.005958557,-0.0068209767,0.012430906
0.0049524307,-0.010256708,-0.0031653643
-8.5163116E-4,-0.012481272,0.0039583445
0.0016908646,-0.0028930902,0.0098621845
0.0018196106,0.0077878833,0.011098504
0.009070396,-0.004158199,0.018261313
0.0043849945,-0.018366516,0.024219275
0.008029938,-0.011140406,0.015978456
0.01875782,-0.02180767,0.011426687
0.0115709305,-0.0074759126,0.026019096
0.0056180954,-0.013487279,0.009698272
0.002073288,-0.009988844,0.01733625
0.0032873154,-0.0018457174,0.028556943
-0.010951996,-0.011554062,0.018438578
-0.00965786,-0.011703551,0.009675264
-0.008382797,-0.01544565,0.022407651
-0.015450478,-0.009676695,0.0043132305
-0.0094127655,-0.01584673,0.006618023
-0.025992393,-0.012470961,0.017313004
-0.02820301,-0.022195399,0.025631547
-0.016165733,-0.010463774,0.01855576
-0.029171944,-0.01193893,0.01280725
-0.01239109,-0.0027386546,0.022505403
-0.018325806,-0.00666219,0.01803422
-0.011159897,-0.010543287,0.014852285
-0.013557434,-0.013181865,0.023635864
-0.011182785,-0.003902793,0.024034023
-0.007660866,-0.0077856183,0.017423391
-0.006544113,-0.0021271706,0.013269782
-0.0066280365,-0.014344275,0.019842982
-0.020962715,-0.015720129,0.008641005
-0.013806343,-0.005215645,0.017696619
-7.677078E-4,-0.018544257,0.012371182
-9.126663E-4,-0.012861848,-0.0035448074
-0.005801201,-0.0048211813,0.0032325983
0.0024137497,-0.013427079,0.015871167
0.004630089,-0.013670862,0.011734962
-0.0026664734,-0.021040857,0.0076286793
0.0055208206,-0.016567647,0.015411735
0.011279106,-0.014464319,0.00289011
0.013428688,-0.011181116,-0.0012202263
0.009624481,3.3694506E-4,-0.0017670393
0.0058603287,-0.014315188,3.4451485E-5
0.0033187866,-0.013456643,-0.0041724443
0.00554657,-0.011349857,0.010689616
0.01133728,-0.012794852,3.8182735E-4
-0.0030908585,-0.0035029054,0.005547285
0.007522583,-0.002624631,3.0636787E-5
-0.004491806,-5.2535534E-4,0.0027813911
0.0061559677,0.00157547,-4.7671795E-4
0.0024814606,0.01679492,-0.0037323236
-0.002333641,-0.007230103,-0.010581374
0.0083293915,-0.016789079,-0.013846874
0.002289772,-0.007297635,-0.011213303
0.004630089,-0.013263881,-0.025329351
0.011709213,-1.8072128E-4,-0.025131822
0.0044984818,0.0021636486,-0.0084068775
0.0032930374,-0.0014329553,-0.010862112
0.009232521,-0.009712458,-0.014547586
0.0032672882,-0.0036346316,-0.011166811
0.009237289,-0.00473392,-0.009105563
0.01635933,-0.008181274,-0.01071775
0.021045685,-0.00684762,-0.021795988
0.004343033,-0.0030989647,-0.0067573786
0.0032196045,-0.008863628,-0.01681614
0.006866455,-0.009817481,-0.032813072
0.009316444,0.0047409534,-0.014338374
-0.0013179779,-0.008151054,-0.009055018
1.9073486E-5,-0.0054396987,8.932352E-4
0.008476257,-0.0051291585,-0.0059354305
2.48909E-4,-0.0048395395,-0.012753606
-0.007903099,-0.014067352,-0.020762444
-0.008863449,-0.008973181,-0.0073518753
0.0068006516,-0.009860873,-0.0011637211
-0.004968643,-0.0059907436,-0.003335476
-0.013069153,-0.0056686997,-0.0150129795
-0.015169144,-0.01127404,-0.0182724
-0.0136909485,-0.016847193,-0.010820627
-0.020534515,-0.015234768,-0.0046025515
-0.011890411,-0.0065068603,-0.013858914
-0.015198708,-0.010981739,0.0019044876
-0.018486023,-0.009471476,0.0021612644
-0.020561218,-0.005590856,0.0060014725
-0.004811287,0.0018369555,-0.006806016
-0.0070123672,-0.012180686,7.584095E-4
-0.0032625198,-0.009472966,0.005903363
-0.003118515,-9.5176697E-4,0.006272793
-0.00655365,-0.009142816,8.1419945E-4
0.003080368,-0.006581962,-9.0777874E-4
0.0055065155,-0.015948117,0.00333035
-0.00871563,-0.0074095726,4.8732758E-4
-0.010972023,-0.015666425,0.006076336
-0.0049085617,-0.013237298,0.0104500055
-0.0024709702,-0.017975152,-0.0029245615
-0.004814148,-0.017962754,0.008788586
-2.5749207E-5,-0.009673774,0.012149811
-0.0012311935,8.497834E-4,0.006074548
-0.0024356842,-0.0065222383,-0.0010659695
-0.0072021484,-0.00673753,-0.0033541918
0.002295494,-0.010582626,0.0051778555
0.01170063,-0.0013938546,0.0029997826
0.007955551,-0.0030231476,0.017531157
-5.1021576E-4,-0.006975651,0.010627985
0.0077142715,-0.008556545,-0.002191186
0.0016145706,-0.010142803,0.007720709
0.0038719177,-0.0046064854,0.010438681
-0.014084816,-0.0086788535,0.001330018
-0.008156776,0.001583755,0.010188699
0.004839897,-0.0060685277,-0.0035618544
0.0022945404,-0.008952022,0.017197967
-0.012105942,-0.0011135936,0.0069789886
-2.6988983E-4,-0.0016275048,0.0063471794
7.724762E-4,-0.002162397,-0.0013263226
6.1035156E-4,0.003242731,-0.002943039
0.007577896,0.0050598383,0.0060970783
0.0038070679,0.002159059,0.017451644
-0.009425163,0.0040450096,-0.0021666288
-0.0023670197,0.003555715,-2.3984909E-4
0.0010843277,7.5405836E-4,-0.0067107677
0.004508972,0.0026891828,-1.0347366E-4
-4.014969E-4,0.008162737,-0.010178924
0.00541687,0.0076468587,0.010639906
0.0076293945,0.0035942793,-0.00789845
0.0062732697,0.0019971728,0.004526496
0.0013723373,0.0027438998,0.013228655
0.016703606,0.015353322,0.0063382387
0.016488075,0.001772821,-0.015997648
0.0020360947,0.014437735,-0.006138563
0.019767761,-0.0015032887,-0.0035678148
0.014802933,0.010014355,0.009631515
0.0039577484,0.010799527,0.007219672
0.0074396133,0.017447352,0.01076746
0.014474869,0.021694362,-0.00246346
1.0204315E-4,0.011708677,0.014008522
0.0036582947,0.014820516,-0.006513715
0.0048093796,0.0107880235,0.008764505
0.014269829,0.010374665,0.0012959242
0.005847931,0.0063728094,0.006917119
-0.0013084412,0.008397341,0.004167199
0.005841255,-2.9301643E-4,0.009721041
0.0058088303,0.005341828,0.00692451
-0.010837555,0.012143791,0.010071039
-0.0059757233,0.009419382,0.008441448
-0.021342278,0.009043932,0.003286004
-0.024708748,0.011047542,0.017167926
-0.022101402,0.01667875,0.013110995
-0.0076522827,0.0056741834,0.013905525
-0.009943008,0.0042356253,0.01112628
-0.016963005,0.004020393,0.007190466
-0.015631676,0.0038011074,0.025967479
-0.006011963,0.0024169087,0.013815403
-0.007153511,0.014138877,0.021950841
-0.0047388077,0.009107351,0.021789908
2.4795532E-5,0.0017350912,0.018102407
0.015429497,4.3189526E-4,0.02520144
0.012883186,0.007409692,0.025208712
0.00440979,-0.0070485473,0.028852701
0.005496025,-0.0023721457,0.024237394
0.014868736,0.010566294,0.0150181055
0.015838623,0.0032562017,0.02262187
0.0025396347,0.007829666,0.033803225
-0.0011587143,-0.0030109882,0.033120275
0.014154434,-0.006638825,0.026594877
0.0043973923,0.018308759,0.009578705
0.003027916,0.007450521,0.016489744
4.711151E-4,-0.004475832,0.019878268
-0.0044469833,-0.013913512,0.033999443
0.003733635,-0.013757527,0.027825117
0.0059041977,7.124543E-4,0.020630002
-0.0014562607,8.018613E-4,0.0076556206
0.0019283295,-0.0026207566,0.0280658
0.0124053955,0.0082919,0.025811553
-0.0021381378,0.0072306395,0.020031095
