29.188098146356978
28.16699380613828
27.089313595233044
27.395340002311556
35.29694028804411
43.31005316311183
42.22814756064381
25.973137543588347
35.58289621360938
39.89538773041451
44.61715901190263
41.63143722565866
41.92683785617269
43.964665777097885
46.74455427341226
45.01713076031444
39.47018772319105
50.664468138214154
47.713639120392635
80.96156639491609
81.11196068662942
83.25990593056893
76.26063509510318
78.260671689677
54.82907813582915
52.719958523042735
52.919789350081814
68.07355754734397
70.34883042876095
56.90323848718397
54.084067263568734
56.23100691820155
59.96574941030171
86.25374960060661
87.28242403328181
91.53890221006702
87.04111732382052
78.61417323308419
66.49985008637506
67.84075204382601
71.91271337033278
64.43746317633641
60.67300911762156
54.75986264189201
65.80261912629928
71.26390683916262
68.13294308083789
65.67660723784506
104.83690396514831
95.96491967872791
100.73821878857768
83.63928463128401
54.75247097937681
66.27341422582833
67.64196394330989
62.257981667708634
52.21014956959522
59.90407470902018
63.52457163929153
60.0613885150404
74.36990296820883
73.83272039056932
80.44740730747712
75.32071534973494
76.8311023212944
66.94501424813298
60.131238878373246
51.546187830637464
61.61109053016897
59.34163488843369
61.484878197573366
52.64376249147993
61.888029208871544
56.67679307360116
60.23856231435176
55.47033974242218
56.92724889070313
59.04699812931302
68.99349251384307
71.81293325948937
53.862321531891446
62.857913666081615
66.86453638171378
64.82293747840995
63.39917702469507
71.64978745261746
62.017919847361696
77.14519068157574
74.77407244161452
55.42172930462924
58.663663736704194
65.9135928571381
64.09184395949902
79.30542738468732
51.70748645906565
79.62245889338517
63.08643902102905
78.79307674269663
69.56235749297628
69.98736469228656
72.45455839385586
74.70020035835967
69.00138502770056
68.37590258139652
60.76972056894
74.26735989870633
72.65946690002745
70.22720354732667
72.52084567751575
74.62295776448607
77.32543343431531
64.794368596603
72.75638621424369
84.33207095702295
77.65026230350011
72.9358803216583
66.50386538184213
64.084323683422
66.51589103858899
64.4392028452503
65.26691714255804
71.65917155808367
66.83599205171492
64.34559179736469
66.16207069714235
61.42088742150263
80.01753547461885
77.55232773409949
80.00992654655299
62.2148845834678
86.9642964209103
83.72243927323866
74.70712806110329
75.98719135479043
75.18489038040425
70.07165829027043
67.99417155565295
86.17058602551717
82.28884802261052
90.04376527074703
89.06684953482765
70.15769293903003
69.45550310520424
67.09297414265666
51.14520474161247
71.21405533257473
50.06188531689007
65.02523891332223
53.06606033009221
51.352494510676095
58.167690788718424
50.28699730407457
58.818374841934656
61.29079964517625
60.14924810683188
59.91778775596042
64.11943210410816
56.31986337685831
63.114961409439786
50.42921464682162
60.83246413329996
58.042114468531324
57.63138791848849
50.16695862563293
60.11990939028358
59.03801110975592
58.39542694746359
67.25579669470156
60.27654566034833
67.14617326941712
73.41645983002898
60.85393958349979
58.211017359687524
59.042202925956175
72.3348668454675
80.28231249241202
81.23338637553873
74.0199668152428
52.66161065822584
58.38609861507535
46.36501717176121
65.65996676786419
58.3909103352662
71.44964675303554
65.34454349539973
64.28079654387288
65.59373788430912
61.06079672614065
65.83029800534572
67.58963223923993
64.92440459300398
64.54173968996996
51.4322450042216
61.365660355638376
67.74533240500493
61.69351922220132
64.47736301258078
66.67985068152187
67.19448293640754
64.93420548472338
62.0838857798071
58.30932487406987
63.64938336432458
55.02451896967278
70.34606942014935
66.12001199985536
77.12691373553594
74.92923303350348
64.65741617631173
76.41872518345677
66.93885583185451
66.24990876273975
92.68599023407695
91.46228006754129
86.32546177018925
88.5435928828236
69.1641222902739
89.25106294841713
87.29566451557501
80.90950134691894
76.3540065783739
81.85855398371693
88.07040389892128
85.58302529810773
83.728755195585
82.7383765022006
75.16907296829365
78.12549371325532
77.96681617187288
80.3460553084242
80.11628101970277
83.2606724839508
80.36124780732058
66.86106163378831
62.20624332347146
61.49782041876136
63.64123764672723
64.59600785052466
68.67892819793765
66.29751495297431
63.97249735268629
89.45282288744676
86.39511556656151
69.10422033341038
72.42418821001985
79.18320512072894
68.85569247601956
78.42877237549963
79.87512668793629
70.90809314365983
67.49042941684851
71.43826828576164
64.02183893659986
74.07103761409648
79.78514203807711
82.44198995348368
71.13903348054251
74.76545096377
70.51848474034348
64.83845064925302
65.2327336391116
61.649885618455194
65.39720074124577
61.161739082296336
67.71362043804739
64.22565036242736
65.01989307429604
67.69198276332128
63.324463419648964
62.77062510168439
65.90585027316757
65.56953482734502
70.80021390716223
69.21732142698521
67.64396975497051
58.92344045602112
58.02606328955119
70.6667627147783
67.24250806983204
60.55000009896222
66.18890138241431
71.17200899219722
71.55085664775814
66.73043661307862
72.62993684879493
73.10654420897866
75.12145860775838
82.63053806787755
85.55835284307133
82.6498358058199
76.64400031100429
88.42707923734932
78.30195950745039
86.73388869980663
88.25832308449513
70.02779382968288
77.97967376552548
86.70806530913005
85.60931618441103
76.97941802035905
83.7445245086999
79.13420179283878
74.4331568971751
69.7871079350549
77.48220864696043
74.27586236673599
69.13337449318048
69.78580311778506
