0
4278
8485
12550
16402
19973
23203
26035
28419
30314
31684
32507
32766
32456
31581
30156
28203
25758
22860
19561
15917
11991
7852
3573
-771
-5106
-9352
-13436
-17284
-20829
-24006
-26759
-29038
-30801
-32015
-32660
-32720
-32196
-31094
-29434
-27244
-24563
-21439
-17925
-14087
-9991
-5712
-1327
3083
7441
11667
15683
19415
22796
25762
28259
30239
31667
32514
32764
32412
31462
29931
27847
25247
22178
18696
14865
10755
6443
2009
-2465
-6896
-11201
-15299
-19113
-22570
-25606
-28162
-30190
-31650
-32514
-32764
-32394
-31411
-29832
-27686
-25012
-21861
-18292
-14372
-10175
-5781
-1274
3259
7733
12062
16161
19951
23359
26318
28771
30668
31973
32659
32711
32127
30919
29107
26727
23823
20452
16679
12577
8226
3711
-879
-5455
-9926
-14204
-18204
-21846
-25058
-27775
-29942
-31516
-32464
-32766
-32415
-31417
-29790
-27567
-24790
-21514
-17805
-13736
-9388
-4849
-209
4437
8997
13377
17489
21248
24578
27411
29687
31359
32393
32765
32468
31507
29899
27676
24884
21579
17828
13707
9301
4700
0
-4703
-9311
-13729
-17864
-21629
-24947
-27746
-29968
-31566
-32503
-32761
-32332
-31225
-29460
-27076
-24119
-20653
-16748
-12488
-7961
-3263
1506
6246
10856
15238
19298
22949
26112
28719
30713
32051
32702
32651
31900
30461
28366
25658
22395
18646
14492
10022
5332
524
-4298
-9029
-13567
-17811
-21669
-25055
-27896
-30127
-31699
-32577
-32739
-32182
-30916
-28967
-26379
-23206
-19519
-15397
-10932
-6222
-1372
3511
8320
12945
17284
21240
24723
27655
29968
31611
32545
32748
32214
30954
28995
26381
23169
19431
15252
10724
5950
1038
-3899
-8751
-13405
-17757
-21705
-25159
-28038
-30277
-31822
-32637
-32702
-32014
-30588
-28456
-25665
-22280
-18377
-14047
-9388
-4509
477
5455
10308
14924
19194
23018
26305
28979
30974
32243
32756
32498
31476
29711
27244
24133
20449
16280
11722
6884
1880
-3170
-8148
-12935
-17416
-21484
-25041
-28000
-30291
-31856
-32659
-32677
-31909
-30373
-28105
-25157
-21600
-17520
-13013
-8189
-3163
1941
7001
11893
16499
20705
24407
27516
29953
31659
32589
32721
32049
30590
28377
25463
21921
17836
13307
8448
3377
-1780
-6896
-11843
-16499
-20746
-24479
-27603
-30040
-31727
-32621
-32699
-31957
-30413
-28105
-25088
-21439
-17247
-12618
-7668
-2522
2689
7836
12787
17416
21605
25247
28248
30530
32035
32723
32574
31592
29801
27244
23987
20112
15718
10917
5832
595
-4660
-9798
-14685
-19194
-23208
-26622
-29345
-31307
-32455
-32757
-32206
-30813
-28614
-25665
-22043
-17841
-13169
-8148
-2911
2405
7661
12717
17440
21705
25397
28419
30689
32146
32750
32483
31352
29385
26633
23169
19084
14487
9500
4255
-1105
-6439
-11603
-16457
-20870
-24723
-27911
-30346
-31961
-32712
-32578
-31559
-29684
-27001
-23582
-19519
-14922
-9916
-4636
771
6162
11386
16301
20770
24671
27896
30354
31977
32719
32558
31498
29565
26813
23317
19172
14492
9407
4058
-1405
-6833
-12073
-16978
-21411
-25247
-28377
-30713
-32188
-32760
-32410
-31148
-29007
-26047
-22351
-18021
-13179
-7961
-2516
3003
8440
13640
18454
22745
26389
29282
31340
32503
32737
32033
30409
27913
24613
20604
16000
10932
5547
0
-5550
-10942
-16021
-20637
-24657
-27963
-30458
-32068
-32745
-32468
-31244
-29107
-26118
-22364
-17952
-13013
-7689
-2137
3479
8997
14252
19090
23367
26955
29748
31662
32640
32650
31691
29790
27003
23411
19119
14256
8965
3403
-2262
-7862
-13230
-18204
-22633
-26385
-29345
-31423
-32556
-32707
-31871
-30072
-27362
-23823
-19561
-14703
-9397
-3803
1908
7565
12994
18030
22517
26318
29316
31419
32559
32702
31841
30001
27238
23635
19302
14372
8996
3339
-2422
-8112
-13553
-18577
-23026
-26761
-29667
-31650
-32648
-32629
-31591
-29565
-26615
-22829
-18327
-13249
-7752
-2009
3799
9491
14886
19815
24120
27666
30338
32052
32751
32412
31044
28690
25423
21345
16586
11295
5642
-193
-6025
-11667
-16938
-21669
-25706
-28920
-31206
-32489
-32726
-31909
-30063
-27244
-23544
-19081
-13998
-8460
-2644
3259
9060
14569
19606
24006
27626
30346
32075
32756
32366
30916
28451
25051
20827
15917
10480
4696
-1244
-7147
-12817
-18065
-22719
-26622
-29644
-31684
-32674
-32578
-31398
-29173
-25975
-21909
-17110
-11737
-5969
0
5972
11747
17130
21941
26016
29217
31436
32596
32657
31615
29504
26395
22390
17625
12260
6476
470
-5554
-11392
-16845
-21726
-25867
-29127
-31393
-32585
-32662
-31619
-29491
-26349
-22301
-17483
-12062
-6222
-166
5898
11762
17222
22088
26191
29387
31566
32648
32597
31411
29131
25835
21636
16679
11138
5205
-912
-7001
-12847
-18244
-23003
-26955
-29960
-31912
-32739
-32412
-30940
-28374
-24803
-20353
-15179
-9465
-3413
2763
8843
14612
19863
24407
28083
30758
32334
32755
32003
30103
27124
23169
18381
12929
7010
836
-5370
-11386
-16993
-21989
-26191
-29446
-31636
-32680
-32538
-31214
-28754
-25247
-20819
-15630
-9868
-3744
2518
8692
14551
19879
24480
28184
30855
32393
32739
31880
29845
26709
22585
17625
12011
5950
-333
-6607
-12639
-18204
-23094
-27128
-30152
-32055
-32763
-32248
-30528
-27666
-23767
-18976
-13473
-7461
-1167
5173
11322
17047
22132
26385
29644
31785
32724
32427
30901
28203
24435
19738
14288
8294
1981
-4409
-10635
-16457
-21654
-26025
-29402
-31656
-32697
-32485
-31027
-28377
-24634
-19943
-14481
-8460
-2109
4324
10594
16457
21686
26077
29459
31699
32710
32451
30929
28203
24378
19601
14056
7961
1552
-4919
-11201
-17047
-22227
-26537
-29806
-31906
-32751
-32307
-30590
-27666
-23648
-18696
-13002
-6791
-309
6187
12441
18204
23246
27366
30398
32222
32762
31995
29951
26709
22398
17189
11289
4935
-1619
-8112
-14281
-19879
-24678
-28486
-31147
-32552
-32643
-31416
-28917
-25247
-20553
-15023
-8882
-2378
4225
10659
16662
21989
26421
29777
31918
32756
32254
30432
27362
23169
18024
12137
5748
-879
-7473
-13762
-19485
-24407
-28323
-31070
-32533
-32650
-31414
-28875
-25136
-20353
-14721
-8475
-1874
4807
11292
17307
22602
26955
30182
32146
32765
32010
29911
26556
22083
16679
10571
4016
-2711
-9326
-15551
-21121
-25799
-29387
-31732
-32732
-32344
-30582
-27520
-23286
-18060
-12062
-5547
1206
7911
14280
20041
24947
28786
31393
32653
32513
30975
28105
24024
18906
12972
6476
-301
-7069
-13534
-19415
-24458
-28443
-31196
-32596
-32580
-31148
-28360
-24336
-19250
-13322
-6811
0
6813
13332
19269
24364
28393
31178
32594
32578
31129
28309
24241
19103
13120
6555
-301
-7147
-13680
-19609
-24671
-28641
-31340
-32648
-32505
-30916
-27948
-23735
-18460
-12360
-5706
1206
8067
14569
20421
25359
29162
31656
32728
32328
30473
27244
22786
17298
11027
4255
-2711
-9557
-15974
-21669
-26383
-29901
-32062
-32766
-31979
-29736
-26137
-21345
-15577
-9095
-2195
4807
11593
17850
23291
27666
30771
32464
32665
31362
28614
24546
19345
13249
6538
-477
-7473
-14125
-20126
-25196
-29098
-31650
-32732
-32292
-30349
-26991
-22374
-16712
-10266
-3339
3746
10659
17076
22694
27251
30530
32377
32702
31489
28793
24740
19519
13375
6597
-494
-7565
-14281
-20323
-25404
-29282
-31772
-32753
-32178
-30072
-26533
-21729
-15887
-9285
-2238
4919
11843
18204
23695
28052
31066
32589
32548
30942
27847
23411
17845
11416
4435
-2763
-9830
-16425
-22227
-26955
-30378
-32330
-32713
-31507
-28769
-24631
-19293
-13013
-6096
1120
8285
15047
21076
26077
29802
32068
32763
31850
29372
25451
20276
14101
7230
0
-7232
-14111
-20295
-25478
-29402
-31872
-32764
-32033
-29711
-25913
-20827
-14703
-7845
-595
6688
13640
19914
25196
29220
31785
32759
32093
29819
26047
20967
14832
7950
664
-6656
-13645
-19948
-25247
-29273
-31822
-32763
-32046
-29706
-25861
-20703
-14492
-7543
-209
7138
14125
20396
25629
29557
31977
32766
31880
29363
25342
20022
13674
6622
-771
-8129
-15071
-21240
-26318
-30042
-32219
-32734
-31559
-28754
-24461
-18901
-12360
-5177
2276
9615
16457
22447
27271
30678
32489
32608
31026
27825
23169
17302
10527
3199
-4298
-11573
-18244
-23960
-28419
-31387
-32705
-32302
-30198
-26501
-21406
-15179
-8148
-684
6817
13962
20369
25700
29668
32064
32757
31710
28975
24698
19103
12488
5205
-2358
-9798
-16717
-22745
-27557
-30894
-32577
-32513
-30703
-27244
-22319
-16192
-9191
-1693
5898
13175
19743
25247
29388
31941
32765
31816
29141
24884
19276
12618
5272
-2362
-9871
-16845
-22903
-27714
-31014
-32621
-32445
-30495
-26875
-21781
-15492
-8351
-749
6896
14165
20658
26016
29942
32220
32721
31417
28377
23767
17841
10926
3403
-4310
-11787
-18613
-24407
-28847
-31684
-32759
-32010
-29476
-25298
-19707
-13013
-5590
2148
9769
16845
22980
27828
31116
32659
32366
30254
26438
21133
14635
7310
-430
-8148
-15409
-21801
-26962
-30598
-32502
-32563
-30778
-27244
-22162
-15818
-8572
-836
6950
14343
20920
26305
30190
32350
32661
31103
27762
22829
16586
9388
1649
-6187
-13670
-20369
-25898
-29936
-32249
-32702
-31267
-28024
-23161
-16955
-9766
-2009
5867
13405
20168
25762
29860
32222
32709
31291
28049
23169
16936
9711
1916
-5992
-13553
-20323
-25904
-29968
-32275
-32687
-31179
-27837
-22855
-16527
-9222
-1372
6562
14111
20829
26318
30252
32397
32623
30916
27374
22206
15718
8294
373
-7571
-15067
-21669
-26980
-30683
-32556
-32483
-30469
-26631
-21197
-14492
-6916
1077
9009
16402
22811
27851
31216
32702
32218
29790
25564
19793
12824
5078
-2978
-10856
-18080
-24210
-28873
-31785
-32766
-31757
-28816
-24119
-17952
-10689
-2772
5316
13083
20053
25799
29968
32304
32662
31017
27469
22233
15630
8064
0
-8067
-15639
-22251
-27492
-31038
-32669
-32282
-29899
-25665
-19840
-12785
-4935
3223
11185
18454
24578
29176
31960
32754
31507
28295
23317
16881
9388
1306
-6859
-14599
-21426
-26913
-30713
-32587
-32415
-30206
-26096
-20343
-13307
-5431
2789
10837
18204
24423
29100
31937
32755
31498
28244
23199
16679
9099
938
-7285
-15047
-21854
-27271
-30951
-32659
-32282
-29844
-25497
-19519
-12290
-4271
4023
12062
19330
25359
29762
32252
32670
30984
27303
21861
15008
7184
-1105
-9326
-16947
-23474
-28484
-31650
-32766
-31757
-28687
-23753
-17274
-9670
-1435
6896
14781
21705
27215
30951
32666
32248
29720
25247
19119
11737
3583
-4807
-12886
-20121
-26035
-30239
-32455
-32534
-30469
-26395
-20578
-13400
-5336
3083
11302
18775
25007
29584
32200
32681
30992
27244
21684
14679
6695
-1736
-10055
-17706
-24178
-29038
-31959
-32744
-31340
-27837
-22468
-15592
-7668
771
9163
16942
23583
28641
31772
32764
31548
28203
22955
16155
8261
-193
-8637
-16499
-23246
-28419
-31667
-32766
-31641
-28366
-23161
-16378
-8479
0
8482
16388
23178
28387
31659
32766
31633
28334
23092
16267
8323
-193
-8699
-16610
-23382
-28547
-31748
-32764
-31521
-28105
-22748
-15818
-7793
771
9287
17161
23850
28887
31923
32744
31292
27666
22114
15023
6884
-1736
-10238
-18030
-24565
-29387
-32158
-32681
-30919
-26991
-21173
-13868
-5590
3083
11543
19194
25499
30012
32414
32534
30361
26047
19895
12336
3903
-4807
-13181
-20625
-26610
-30711
-32637
-32248
-29569
-24790
-18247
-10405
-1820
6896
15124
22277
27843
31423
32760
31757
28483
23169
16196
8060
-655
-9326
-17331
-24094
-29127
-32068
-32703
-30984
-27033
-21133
-13707
-5289
3511
12062
19743
25999
30374
32552
32371
29844
25150
18630
10754
2094
-6719
-15047
-22282
-27896
-31478
-32765
-31661
-28244
-22763
-15616
-7324
1506
10228
18204
24847
29668
32313
32585
30461
26096
19809
12062
3423
-5469
-13962
-21426
-27310
-31178
-32740
-31881
-28661
-23317
-16242
-7961
912
9721
17811
24578
29519
32265
32608
30520
26157
19840
12041
3339
-5613
-14150
-21629
-27492
-31296
-32755
-31758
-28377
-22863
-15630
-7219
1736
10564
18599
25234
29968
32443
32468
30041
25342
18725
10689
1842
-7147
-15598
-22868
-28404
-31785
-32751
-31227
-27327
-21345
-13736
-5078
3969
12717
20496
26712
30887
32702
32014
28875
23522
16364
7950
-1077
-10024
-18204
-24986
-29848
-32414
-32483
-30050
-25298
-18593
-10451
-1499
7571
16058
23305
28750
31969
32711
30916
26720
20449
12587
3744
-5391
-14111
-21734
-27666
-31442
-32766
-31533
-27837
-21964
-14372
-5653
3510
12401
20323
26654
30894
32710
31957
28692
23169
15822
7226
-1941
-10958
-19113
-25762
-30378
-32596
-32237
-29328
-24096
-16955
-8469
691
9799
18132
25028
29936
32465
32412
29778
24772
17791
9388
234
-8940
-17404
-24479
-29598
-32350
-32513
-30072
-25219
-18342
-9991
-836
8388
16942
24135
29387
32275
32563
30226
25451
18620
10283
1113
-8148
-16754
-24006
-29316
-32252
-32574
-30254
-25477
-18630
-10266
-1066
8222
16845
24098
29390
32286
32549
30156
25298
18372
9941
695
-8610
-17213
-24407
-29603
-32371
-32482
-29925
-24908
-17841
-9305
0
9307
17850
24924
29942
32491
32356
29546
24293
17028
8351
-1019
-10308
-18745
-25629
-30386
-32621
-32145
-28995
-23432
-15917
-7073
2362
11603
19879
26497
30903
32728
31816
28241
22301
14491
5464
-4023
-13175
-21224
-27492
-31451
-32766
-31324
-27244
-20868
-12732
-3519
5992
15001
22745
28568
31977
32682
30619
25962
19103
10622
1238
-8253
-17047
-24394
-29668
-32420
-32412
-29643
-24347
-16973
-8148
1373
10781
19269
26112
30723
32705
31886
28334
22351
14449
5304
-4298
-13534
-21608
-27826
-31650
-32749
-31026
-26627
-19930
-11510
-2094
7504
16457
23989
29446
32355
32460
29752
24461
17046
8148
-1459
-10942
-19477
-26318
-30870
-32732
-31742
-27983
-21780
-13674
-4371
5316
14541
22496
28484
31977
32669
30495
25645
18541
9807
209
-9410
-18204
-25397
-30356
-32640
-32046
-28625
-22675
-14721
-5464
4278
13645
21806
28038
31787
32719
30748
26047
19032
10324
695
-8997
-17892
-25196
-30256
-32621
-32077
-28669
-22701
-14703
-5389
4409
13816
21989
28193
31872
32694
30582
25725
18555
9715
0
-9718
-18563
-25739
-30598
-32699
-31850
-28126
-21861
-13619
-4144
5708
15047
23026
28920
32194
32549
29951
24631
17073
7961
-1876
-11547
-20168
-26955
-31287
-32766
-31257
-26894
-20073
-11416
-1713
8148
17267
24807
30076
32589
32113
28690
22632
14492
5018
-4919
-14407
-22570
-28657
-32104
-32591
-30072
-24775
-17189
-8012
1907
11653
20323
27113
31393
32763
31094
26539
19519
10683
852
-9060
-18132
-25519
-30530
-32697
-31816
-27965
-21503
-13031
-3339
6667
16052
23938
29584
32459
32292
29097
23169
15065
5543
-4501
-14125
-22423
-28612
-32108
-32578
-29977
-24546
-16798
-7461
2582
12385
21019
27666
31694
32721
30647
25665
18247
9095
-923
-10856
-19760
-26786
-31264
-32766
-31146
-26556
-19431
-10451
-470
9557
18675
26008
30855
32749
31507
27244
20368
11537
1595
-8501
-17784
-25359
-30497
-32702
-31758
-27754
-21074
-12360
-2451
7696
17103
24860
30215
32648
31922
28105
21563
12929
3039
-7147
-16643
-24525
-30025
-32607
-32016
-28309
-21844
-13249
-3359
6859
16412
24364
29939
32588
32050
28377
21924
13322
3413
-6833
-16412
-24382
-29960
-32596
-32028
-28309
-21804
-13150
-3199
7069
16643
24578
30089
32630
31946
28105
21482
12732
2719
-7565
-17103
-24947
-30318
-32680
-31797
-27754
-20951
-12062
-1970
8320
17784
25478
30633
32732
31565
27244
20200
11134
952
-9326
-18675
-26154
-31014
-32765
-31228
-26556
-19215
-9941
333
10578
19760
26955
31436
32749
30759
25665
17979
8475
-1887
-12062
-21019
-27851
-31864
-32650
-30126
-24546
-16475
-6728
3703
13762
22423
28806
32258
32427
29291
23169
14683
4696
-5772
-15653
-23938
-29777
-32571
-32033
-28214
-21503
-12587
-2378
8077
17706
25519
30711
32748
31416
26850
19519
10175
-219
-10594
-19879
-27113
-31549
-32726
-30520
-25157
-17189
-7439
3083
13289
22119
28657
32222
32441
29289
23092
14492
4381
-6187
-16114
-24364
-30076
-32652
-31820
-27666
-20619
-11416
-1017
9491
19008
26537
31287
32757
30792
25595
17709
7961
-2625
-12939
-21894
-28547
-32194
-32451
-29286
-23032
-14346
-4144
6498
16457
24678
30291
32699
31644
27238
19943
10531
0
-10533
-19951
-27251
-31656
-32694
-30254
-24592
-16309
-6286
4409
14637
23305
29487
32519
32077
28203
21312
12137
1660
-8997
-18692
-26385
-31248
-32757
-30748
-25434
-17383
-7461
3266
13645
22556
29038
32390
32248
28625
21909
12824
2351
-8378
-18204
-26061
-31098
-32765
-30880
-25645
-17625
-7689
3083
13524
22496
29023
32393
32235
28565
21780
12618
2077
-8692
-18516
-26318
-31245
-32755
-30681
-25247
-17046
-6975
3863
14280
23132
29446
32527
32033
28015
20915
11510
836
-9932
-19609
-27125
-31650
-32682
-30103
-24198
-15616
-5304
5596
15880
24407
30232
32705
31550
26894
19250
9465
-1373
-12062
-21411
-28379
-32188
-32412
-29022
-22395
-13267
-2656
8253
18244
26197
31222
32754
30619
25054
16679
6433
-4537
-15001
-23783
-29895
-32648
-31731
-27244
-19690
-9916
976
11762
21224
28293
32170
32415
28997
22301
13080
2378
-8595
-18599
-26497
-31393
-32729
-30352
-24528
-15917
-5494
5554
15974
24578
30386
32734
31352
26395
18425
8351
-2679
-13405
-22602
-29217
-32491
-32046
-27932
-20616
-10936
0
10939
20625
27944
32055
32482
29173
22507
13249
2462
-8610
-18692
-26622
-31481
-32707
-30156
-24119
-15293
-4696
6446
16845
25296
30817
32766
30916
25477
17079
6695
-4468
-15115
-24006
-30106
-32702
-31489
-26606
-18620
-8460
2689
13528
22788
29387
32552
31909
27532
19930
9991
-1120
-12103
-21669
-28693
-32350
-32208
-28280
-21025
-11295
-234
10856
20671
28052
32127
32412
28871
21921
12379
1372
-9799
-19815
-27487
-31906
-32545
-29328
-22632
-13249
-2291
8940
19113
27016
31708
32629
29666
23169
13911
2992
-8285
-18577
-26654
-31549
-32677
-29899
-23544
-14372
-3477
7836
18214
26411
31442
32702
30037
23764
14635
3744
-7598
-18030
-26293
-31393
-32711
-30086
-23833
-14703
-3796
7571
18026
26305
31405
32707
30050
23753
14577
3632
-7754
-18204
-26446
-31479
-32688
-29925
-23522
-14256
-3253
8148
18560
26712
31608
32650
29706
23135
13736
2656
-8751
-19090
-27095
-31785
-32581
-29385
-22585
-13013
-1842
9557
19786
27585
31994
32468
28947
21861
12081
809
-10564
-20637
-28166
-32219
-32293
-28377
-20951
-10932
440
11762
21629
28819
32437
32033
27653
19840
9561
-1907
-13142
-22745
-29519
-32621
-31661
-26755
-18514
-7961
3586
14689
23960
30239
32740
31148
25658
16955
6128
-5469
-16384
-25247
-30944
-32759
-30461
-24336
-15151
-4058
7546
18204
26572
31595
32638
29565
22763
13087
1756
-9798
-20118
-27896
-32148
-32332
-28424
-20915
-10754
771
12203
22088
29171
32552
31797
27001
18769
8148
-3511
-14727
-24069
-30346
-32754
-30984
-25260
-16309
-5272
6439
17331
26008
31359
32696
29845
23169
13521
2137
-9523
-19964
-27843
-32146
-32318
-28334
-20703
-10405
1234
12717
22564
29503
32637
31559
26407
17841
6968
-4807
-15965
-25058
-30909
-32757
-30361
-24028
-14577
-3233
8533
19194
27364
31977
32433
28669
21173
10917
-762
-12345
-22321
-29387
-32619
-31592
-26438
-17828
-6884
4961
16161
25247
31028
32744
30168
23635
13998
2522
-9287
-19879
-27860
-32179
-32265
-28105
-20242
-9711
2101
13640
23382
30040
32733
31103
25362
16267
5018
-6896
-17901
-26537
-31659
-32585
-29190
-21921
-11741
0
11743
21929
29201
32589
31641
26480
17791
6728
-5233
-16499
-25566
-31222
-32709
-29826
-22955
-13013
-1327
10537
20994
28641
32450
31909
27088
18630
7668
-4324
-15739
-25041
-30976
-32744
-30105
-23411
-13561
-1880
10055
20637
28436
32397
31982
27244
18822
7852
-4182
-15653
-25007
-30974
-32743
-30072
-23319
-13400
-1660
10308
20879
28612
32455
31881
26966
18377
7282
-4807
-16245
-25468
-31216
-32702
-29720
-22675
-12528
-664
11292
21705
29147
32596
31576
26225
17274
5950
-6193
-17489
-26383
-31650
-32564
-28995
-21433
-10917
1105
12978
23064
29968
32737
30984
24950
15465
3839
-8320
-19330
-27666
-32170
-32217
-27796
-19519
-8531
3643
15314
24860
30951
32739
29972
23032
12884
938
-11141
-21669
-29176
-32613
-31498
-25982
-16835
-5332
6918
18204
26944
31912
32410
28366
20343
9465
-2743
-14569
-24351
-30713
-32759
-30198
-23387
-13283
-1306
10856
21492
29100
32604
31507
25962
16748
5166
-7147
-18454
-27152
-32008
-32332
-28076
-19840
-8789
3510
15314
24947
31038
32720
29752
22551
12140
0
-12143
-22559
-29762
-32723
-31017
-24884
-15198
-3339
8998
20053
28242
32393
31908
26854
17952
6476
-5930
-17489
-26541
-31785
-32465
-28481
-20402
-9388
2978
14918
24714
30951
32730
29790
22554
12062
-172
-12385
-22811
-29942
-32746
-30813
-24421
-14492
-2462
9926
20879
28806
32556
31581
26021
16679
4912
-7571
-18956
-27585
-32200
-32127
-27374
-18630
-7167
5342
17076
26318
31719
32485
28504
20353
9222
-3259
-15267
-25041
-31147
-32687
-29434
-21861
-11077
1334
13553
23783
30517
32764
30189
23169
12736
423
-11953
-22570
-29860
-32743
-30792
-24293
-14202
-2009
10483
21426
29201
32652
31267
25247
15482
3419
-9153
-20369
-28563
-32514
-31633
-26047
-16586
-4654
7973
19415
27967
32350
31910
26709
17520
5712
-6950
-18577
-27428
-32179
-32116
-27244
-18292
-6597
6088
17864
26962
32015
32263
27666
18910
7310
-5391
-17284
-26579
-31872
-32366
-27983
-19380
-7852
4862
16845
26287
31760
32433
28203
19707
8226
-4501
-16550
-26094
-31684
-32472
-28334
-19895
-8434
4310
16402
26003
31651
32486
28377
19946
8475
-4288
-16402
-26016
-31662
-32478
-28334
-19861
-8351
4437
16550
26133
31717
32445
28203
19638
8060
-4756
-16845
-26351
-31812
-32386
-27983
-19276
-7602
5243
17284
26666
31941
32293
27666
18769
6975
-5898
-17864
-27071
-32095
-32157
-27244
-18113
-6176
6719
18577
27557
32265
31968
26709
17302
5205
-7702
-19415
-28111
-32434
-31710
-26047
-16326
-4058
8843
20369
28719
32588
31368
25247
15179
2736
-10137
-21426
-29364
-32705
-30922
-24293
-13853
-1238
11573
22570
30025
32764
30353
23169
12339
-434
-13142
-23783
-30678
-32739
-29638
-21861
-10632
2276
14829
25041
31296
32604
28754
20353
8727
-4282
-16616
-26318
-31849
-32328
-27676
-18630
-6622
6439
18480
27585
32302
31880
26381
16679
4318
-8734
-20396
-28806
-32620
-31227
-24845
-14492
-1820
11144
22329
29942
32763
30335
23047
12062
-859
-13645
-24243
-30951
-32688
-29173
-20967
-9388
3703
16202
26094
31785
32354
27709
18593
6476
-6688
-18775
-27832
-32393
-31718
-25913
-15915
-3339
9779
21317
29402
32723
30737
23764
12933
0
-12935
-23772
-30745
-32720
-29372
-21243
-9654
3510
16105
26077
31798
32332
27590
18342
6096
-7147
-19226
-28162
-32493
-31507
-25362
-15061
-2291
10856
22227
29953
32765
30198
22670
11416
-1716
-14569
-25028
-31370
-32548
-28366
-19509
-7435
5867
18204
27539
32330
31782
25982
15887
3163
-10086
-21669
-29667
-32753
-30413
-23032
-11831
1334
14281
24860
31312
32563
28403
19519
7387
-5976
-18347
-27666
-32377
-31693
-25725
-15465
-2622
10659
22164
29968
32766
30086
22374
10917
-2369
-15261
-25599
-31650
-32396
-27709
-18372
-5950
7473
19643
28516
32596
31195
24546
13765
664
-12550
-23653
-30771
-32702
-29116
-20616
-8634
4807
17440
27128
32230
31881
26137
15968
3092
-10308
-21966
-29901
-32766
-30072
-22272
-10689
2711
15653
25937
31812
32275
27244
17574
4908
-8595
-20637
-29162
-32712
-30681
-23411
-12140
1206
14349
25041
31451
32480
27948
18630
6117
-7445
-19735
-28641
-32634
-31026
-24089
-13013
301
13567
24501
31222
32570
28309
19172
6728
-6876
-19298
-28393
-32589
-31159
-24347
-13326
0
13328
24354
31166
32585
28360
19220
6748
-6896
-19347
-28443
-32604
-31103
-24198
-13087
301
13640
24608
31294
32533
28105
18778
6176
-7504
-19879
-28786
-32669
-30847
-23635
-12290
1206
14493
25247
31583
32389
27520
17828
5008
-8692
-20870
-29387
-32745
-30352
-22624
-10917
2711
15865
26229
31977
32094
26556
16335
3233
-10442
-22277
-30182
-32757
-29546
-21112
-8944
4807
17712
27483
32390
31559
25136
14256
845
-12717
-24026
-31070
-32598
-28334
-19032
-6345
7473
19964
28903
32697
30666
23169
11540
-2148
-15456
-26008
-31918
-32127
-26596
-16309
-3103
10659
22517
30346
32741
29270
20553
8148
-5719
-18563
-28078
-32552
-31179
-24202
-12874
771
14281
25223
31625
32332
27214
17189
4062
-9798
-21894
-30040
-32762
-29565
-21025
-8682
5233
18204
27882
32514
31257
24336
13002
-691
-14262
-25247
-31650
-32307
-27094
-16955
-3732
10171
22227
30239
32747
29289
20494
7961
-6025
-18915
-28356
-32621
-30929
-23586
-11931
1907
15400
26077
31982
32033
26215
15592
2109
-11762
-23479
-30889
-32629
-28377
-18910
-5966
8077
20637
29402
32756
30080
21861
9613
-4409
-17621
-27585
-32459
-31342
-24435
-13013
816
14497
25499
31785
32188
26631
16140
2656
-11322
-23203
-30782
-32650
-28456
-18976
-5969
8148
20755
29503
32763
29925
21514
9095
-5021
-18204
-27995
-32564
-31058
-23753
-12011
1977
15598
26305
32095
31880
25698
14703
952
-12978
-24480
-31393
-32418
-27360
-17165
-3744
10381
22559
30497
32702
28754
19394
6380
-7836
-20580
-29446
-32762
-29899
-21393
-8847
5370
18577
28275
32630
30814
23169
11138
-3003
-16579
-27016
-32334
-31523
-24733
-13249
751
14612
25700
31906
32048
26096
15179
1372
-12698
-24354
-31371
-32412
-27273
-16932
-3359
10856
23003
30758
32638
28280
18514
5205
-9101
-21669
-30089
-32747
-29131
-19930
-6905
7445
20371
29387
32762
29844
21189
8460
-5898
-19125
-28673
-32702
-30433
-22301
-9868
4468
17946
27963
32585
30916
23274
11134
-3159
-16845
-27275
-32428
-31305
-24119
-12260
1977
15833
26622
32247
31615
24845
13249
-923
-14918
-26016
-32055
-31858
-25461
-14105
0
14107
25468
31864
32046
25975
14832
792
-13405
-24986
-31684
-32188
-26395
-15435
-1452
12817
24578
31525
32292
26727
15917
1981
-12345
-24250
-31393
-32366
-26976
-16280
-2378
11993
24006
31293
32415
27148
16527
2644
-11762
-23850
-31230
-32442
-27244
-16660
-2779
11653
23783
31206
32451
27267
16679
2783
-11667
-23806
-31222
-32441
-27217
-16586
-2656
11803
23919
31277
32412
27094
16378
2398
-12062
-24120
-31370
-32361
-26894
-16056
-2009
12441
24407
31496
32285
26615
15616
1488
-12939
-24777
-31650
-32178
-26251
-15055
-836
13553
25223
31826
32033
25797
14372
52
-14280
-25739
-32015
-31841
-25247
-13561
863
15115
26318
32208
31592
24592
12618
-1908
-16052
-26950
-32393
-31276
-23823
-11540
3083
17085
27622
32556
30880
22932
10324
-4384
-18204
-28323
-32682
-30389
-21909
-8965
5807
19399
29038
32755
29790
20744
7461
-7347
-20658
-29748
-32757
-29067
-19428
-5811
8997
21966
30436
32669
28203
17952
4016
-10746
-23305
-31079
-32468
-27184
-16309
-2077
12583
24657
31656
32135
25992
14491
0
-14493
-25999
-32139
-31644
-24613
-12494
2208
16457
27304
32503
30975
23032
10317
-4537
-18454
-28547
-32719
-30103
-21238
-7961
6971
20458
29694
32757
29007
19220
5431
-9491
-22439
-30713
-32587
-27666
-16973
-2736
12073
24364
31568
32177
26060
14492
-108
-14689
-26197
-32222
-31498
-24174
-11781
3083
17304
27896
32634
30520
21996
8847
-6162
-19879
-29416
-32766
-29219
-19519
-5706
9311
22368
30711
32578
27570
16743
2378
-12491
-24723
-31732
-32033
-25558
-13674
1105
15653
26888
32428
31095
23169
10328
-4707
-18745
-28806
-32750
-29736
-20402
-6728
8378
21705
30414
32650
27932
17262
2911
-12062
-24465
-31651
-32083
-25665
-13765
1077
15692
26955
32455
31012
22932
9941
-5180
-19194
-29098
-32765
-29406
-19738
-5832
9326
22486
30817
32526
27244
16102
1495
-13436
-25478
-32035
-31693
-24521
-12062
2999
17416
28078
32680
30226
21243
7668
-7565
-21167
-30192
-32685
-28105
-17438
-2992
12103
24578
31727
31995
25321
13150
-1876
-16499
-27539
-32596
-30567
-21889
-8448
6833
20630
29936
32722
28377
17845
3419
-11753
-24364
-31659
-32040
-25423
-13249
1823
16499
27568
32607
30508
21729
8189
-7147
-20920
-30108
-32693
-28105
-17347
-2779
12401
24860
31856
31850
24838
12360
-2839
-17416
-28160
-32702
-30037
-20749
-6884
8501
22013
30668
32552
27244
15915
1066
-14020
-26008
-32243
-31342
-23500
-10451
4915
19194
29220
32766
29042
18871
4509
-10856
-23813
-31479
-32147
-25665
-13473
1720
16533
27666
32637
30335
21271
7461
-8015
-21705
-30552
-32578
-27327
-15968
-1038
14125
26133
32294
31228
23169
9920
-5554
-19786
-29584
-32748
-28565
-17970
-3339
12043
24723
31849
31816
24627
11897
-3511
-18132
-28673
-32755
-29458
-19519
-5177
10334
23516
31393
32182
25702
13414
-1907
-16800
-27896
-32682
-30072
-20653
-6555
9029
22570
30997
32395
26445
14492
-751
-15827
-27310
-32589
-30461
-21406
-7481
8148
21926
30713
32507
26894
15151
-48
-15238
-26955
-32522
-30664
-21804
-7961
7702
21608
30575
32549
27076
15403
202
-15047
-26852
-32503
-30703
-21861
-8002
7696
21629
30598
32538
27001
15255
0
-15257
-27007
-32541
-30582
-21579
-7602
8129
21989
30779
32468
26664
14703
-655
-15865
-27411
-32621
-30288
-20948
-6758
8997
22672
31098
32318
26047
13736
-1763
-16855
-28038
-32713
-29790
-19946
-5464
10289
23653
31516
32046
25116
12336
-3319
-18204
-28847
-32766
-29042
-18541
-3711
11987
24889
31977
31593
23823
10480
-5316
-19871
-29777
-32711
-27983
-16697
-1495
14059
26318
32404
30885
22114
8148
-7733
-21801
-30745
-32460
-26539
-14372
1180
16457
27860
32699
29832
19930
5325
-10537
-23916
-31650
-31910
-24631
-11530
4298
19113
29409
32747
28334
17210
2009
-13670
-26112
-32365
-30942
-22178
-8148
7817
21929
30833
32412
26285
13907
-1780
-17047
-28259
-32743
-29429
-19103
-4222
11667
24777
31977
31548
23586
9991
-5992
-20546
-30192
-32619
-27244
-15350
219
15739
27492
32660
30001
20149
5464
-10533
-24006
-31719
-31816
-24270
-10892
5106
19879
29873
32681
27625
15917
373
-15261
-27221
-32621
-30156
-20416
-5748
10308
23879
31684
31836
24293
10875
-5173
-19973
-29942
-32665
-27477
-15633
0
15636
27483
32666
29925
19920
5078
-10999
-24407
-31886
-31615
-23656
-9941
6193
20824
30386
32549
26782
14487
-1341
-16845
-28242
-32749
-29262
-18630
-3445
12583
25539
32252
31078
22301
8064
-8148
-22368
-31111
-32231
-25451
-12429
3643
18824
29387
32737
28047
16465
836
-15001
-27152
-32625
-30072
-20115
-5205
10989
24479
31937
31523
23335
9388
-6876
-21447
-30723
-32412
-26092
-13322
2743
18132
29038
32759
28371
16955
1338
-14612
-26944
-32596
-30164
-20247
-5304
10958
24501
31960
31477
23169
9099
-7236
-21774
-30894
-32323
-25702
-12676
3510
18824
29446
32724
27837
16000
166
-15711
-27666
-32707
-29572
-19041
-3744
12491
25602
32304
30916
21780
7184
-9215
-23305
-31551
-31880
-24205
-10451
5930
20824
30486
32483
26311
13518
-2679
-18204
-29147
-32749
-28098
-16364
-502
15488
27574
32702
29574
18976
3583
-12717
-25806
-32371
-30748
-21345
-6538
9926
23879
31785
31636
23467
9346
-7147
-21830
-30974
-32254
-25342
-11991
4409
19692
29968
32623
26976
14462
-1736
-17495
-28798
-32764
-28377
-16752
-852
15267
27492
32699
29554
18857
3339
-13034
-26077
-32450
-30520
-20777
-5712
10817
24578
32042
31291
22515
7961
-8637
-23021
-31496
-31881
-24075
-10079
6509
21426
30833
32307
25463
12062
-4448
-19815
-30076
-32585
-26689
-13907
2465
18204
29244
32732
27762
15616
-569
-16610
-28356
-32765
-28692
-17189
-1231
15047
27428
32699
29490
18630
2932
-13528
-26478
-32552
-30168
-19943
-4530
12062
25519
32337
30737
21133
6022
-10659
-24565
-32068
-31208
-22206
-7407
9326
23628
31760
31593
23169
8686
-8070
-22719
-31423
-31903
-24028
-9858
6896
21846
31070
32147
24790
10926
-5807
-21019
-30711
-32336
-25461
-11891
4807
20244
30356
32478
26047
12755
-3899
-19528
-30012
-32581
-26556
-13521
3083
18877
29687
32654
26991
14192
-2362
-18294
-29387
-32703
-27360
-14769
1736
17784
29119
32734
27666
15255
-1206
-17349
-28887
-32752
-27913
-15652
771
16993
28695
32761
28105
15962
-434
-16717
-28547
-32765
-28244
-16186
193
16523
28443
32766
28334
16326
-48
-16412
-28387
-32766
-28374
-16382
0
0
0
0
0
0
0
0
0
0
0
0
0
0
0
0
0
0
0
0
0
0
0
0
0
0
0
0
0
0
0
0
0
0
0
0
0
0
0
0
0
0
0
0
0
0
0
0
0
0
0
0
0
0
0
0
0
0
0
0
0
0
0
0
0
0
0
0
0
0
0
0
0
0
0
0
0
0
0
0
0
0
0
0
0
0
0
0
0
0
0
0
0
0
0
0
0
0
0
0
0
0
0
0
0
0
0
0
0
0
0
0
0
0
0
0
0
0
0
0
0
0
0
0
0
0
0
0
0
0
0
0
0
0
0
0
0
0
0
0
0
0
0
0
0
0
0
0
0
0
0
0
0
0
0
0
0
0
0
0
0
0
0
0
0
0
0
0
0
0
0
0
0
0
0
0
0
0
0
0
0
0
0
0
0
0
0
0
0
0
0
0
0
0
0
0
0
0
0
0
0
0
0
0
0
0
0
0
0
0
0
0
0
0
0
0
0
0
0
0
0
0
0
0
0
0
0
0
0
0
0
0
0
0
0
0
0
0
0
0
0
0
0
0
0
0
0
0
0
0
0
0
0
0
0
0
0
0
0
0
0
0
0
0
0
0
0
0
0
0
0
0
0
0
0
0
0
0
0
0
0
0
0
0
0
0
0
0
0
0
0
0
0
0
0
0
0
0
0
0
0
0
0
0
0
0
0
0
0
0
0
0
0
0
0
0
0
0
0
0
0
0
0
0
0
0
0
0
0
0
0
0
0
0
0
0
0
0
0
0
0
0
0
0
0
0
0
0
0
0
0
0
0
0
0
0
0
0
0
0
0
0
0
0
0
0
0
0
0
0
0
0
0
0
0
0
0
0
0
0
0
0
0
0
0
0
0
0
0
0
0
0
0
0
0
0
0
0
0
0
0
0
0
0
0
0
0
0
0
0
0
0
0
0
0
0
0
0
0
0
0
0
0
0
0
0
0
0
0
0
0
0
0
0
0
0
0
0
0
0
0
0
0
0
0
0
0
0
0
0
0
0
0
0
0
0
0
0
0
0
0
0
0
0
0
0
0
0
0
0
0
0
0
0
0
0
0
0
0
0
0
0
0
0
0
0
0
0
0
0
0
0
0
0
0
0
0
0
0
0
0
0
0
0
0
0
0
0
0
0
0
0
0
0
0
0
0
0
0
0
0
0
0
0
0
0
0
0
0
0
0
0
0
0
0
0
0
0
0
0
0
0
0
0
0
0
0
0
0
0
0
0
0
0
0
0
0
0
0
0
0
0
0
0
0
0
0
0
0
0
0
0
0
0
0
0
0
0
0
0
0
0
0
0
0
0
0
0
0
0
0
0
0
0
0
0
0
0
0
0
0
0
0
0
0
0
0
0
0
0
0
0
0
0
0
0
0
0
0
0
0
0
0
0
0
0
0
0
0
0
0
0
0
0
0
0
0
0
0
0
0
0
0
0
0
0
0
0
0
0
0
0
0
0
0
0
0
0
0
0
0
0
0
0
0
0
0
0
0
0
0
0
0
0
0
0
0
0
0
0
0
0
0
0
0
0
0
0
0
0
0
0
0
0
0
0
0
0
0
0
0
0
0
0
0
0
0
0
0
0
0
0
0
0
0
0
0
0
0
0
0
0
0
0
0
0
0
0
0
0
0
0
0
0
0
0
0
0
0
0
0
0
0
0
0
0
0
0
0
0
0
0
0
0
0
0
0
0
0
0
0
0
0
0
0
0
0
0
0
0
0
0
0
0
0
0
0
0
0
0
0
0
0
0
0
0
0
0
0
0
0
0
0
0
0
0
0
0
0
0
0
0
0
0
0
0
0
0
0
0
0
0
0
0
0
0
0
0
0
0
0
0
0
0
0
0
0
0
0
0
0
0
0
0
0
0
0
0
0
0
0
0
0
0
0
0
0
0
0
0
0
0
0
0
0
0
0
0
0
0
0
0
0
0
0
0
0
0
0
0
0
0
0
0
0
0
0
0
0
0
0
0
0
0
0
0
0
0
0
0
0
0
0
0
0
0
0
0
0
0
0
0
0
0
0
0
0
0
0
0
0
0
0
0
0
0
0
0
0
0
0
0
0
0
0
0
0
0
0
0
0
0
0
0
0
0
0
0
0
0
0
0
0
0
0
0
0
0
0
0
0
0
0
0
0
0
0
0
0
0
14563
14063
12600
10280
7271
3788
81
-3587
-6961
-9811
-11946
-13233
-13600
-13045
-11632
-9481
-6765
-3688
-474
2651
5482
7838
9582
10628
10943
10545
9502
7923
5945
3723
1418
-817
-2848
-4564
-5887
-6773
-7211
-7220
-6844
-6147
-5203
-4091
-2888
-1661
-470
641
1640
2507
3232
3810
4241
4525
4661
4648
4479
4150
3658
3003
2193
1245
188
-937
-2080
-3180
-4171
-4988
-5567
-5857
-5823
-5447
-4735
-3718
-2449
-1002
532
2057
3469
4673
5585
6142
6306
6066
5441
4480
3253
1850
374
-1071
-2386
-3483
-4295
-4777
-4915
-4718
-4225
-3493
-2597
-1620
-645
250
1002
1565
1913
2045
1981
1760
1434
1063
708
424
255
228
349
605
962
1372
1773
2099
2286
2280
2041
1550
815
-133
-1239
-2425
-3598
-4656
-5499
-6034
-6187
-5909
-5182
-4021
-2479
-641
1380
3449
5420
7145
8486
9325
9577
9195
8173
6554
4426
1914
-822
-3604
-6239
-8542
-10344
-11506
-11932
-11572
-10431
-8570
-6101
-3180
0
3226
6277
8941
11029
12392
12928
12592
11403
9437
6828
3756
436
-2899
-6015
-8693
-10744
-12026
-12451
-11996
-10702
-8671
-6060
-3067
82
3153
5920
8180
9774
10594
10595
9795
8273
6167
3656
948
-1733
-4176
-6188
-7615
-8356
-8369
-7672
-6343
-4512
-2349
-51
2176
4141
5671
6639
6967
6635
5682
4202
2334
253
-1849
-3780
-5363
-6453
-6950
-6808
-6035
-4701
-2921
-853
1321
3410
5228
6617
7452
7660
7223
6178
4615
2668
504
-1692
-3737
-5461
-6723
-7426
-7522
-7016
-5963
-4468
-2667
-722
1198
2934
4346
5327
5816
5794
5294
4386
3179
1802
395
-905
-1982
-2743
-3135
-3142
-2792
-2148
-1303
-369
534
1295
1817
2034
1911
1456
713
-239
-1297
-2341
-3245
-3897
-4204
-4104
-3574
-2635
-1346
193
1860
3507
4989
6164
6916
7161
6854
6000
4647
2887
848
-1317
-3443
-5368
-6942
-8045
-8591
-8540
-7897
-6712
-5077
-3115
-969
1206
3259
5053
6474
7442
7910
7872
7355
6419
5147
3640
2005
349
-1230
-2651
-3848
-4779
-5419
-5766
-5831
-5636
-5215
-4600
-3827
-2930
-1942
-891
191
1279
2337
3332
4222
4965
5515
5828
5867
5602
5020
4126
2946
1530
-49
-1702
-3323
-4799
-6021
-6888
-7321
-7269
-6715
-5682
-4228
-2451
-474
1554
3481
5157
6445
7241
7478
7132
6231
4847
3094
1118
-913
-2829
-4466
-5687
-6389
-6515
-6059
-5069
-3639
-1902
-20
1831
3481
4778
5601
5873
5571
4722
3408
1750
-94
-1952
-3647
-5019
-5935
-6306
-6091
-5306
-4016
-2336
-416
1573
3453
5056
6238
6895
6970
6458
5407
3912
2107
150
-1787
-3543
-4972
-5961
-6442
-6392
-5837
-4848
-3530
-2016
-449
1031
2300
3260
3850
4049
3877
3390
2673
1830
973
204
-387
-744
-840
-684
-319
181
726
1213
1546
1643
1449
943
144
-893
-2077
-3290
-4400
-5272
-5786
-5847
-5398
-4428
-2976
-1131
976
3181
5301
7147
8548
9362
9492
8895
7590
5656
3228
486
-2360
-5086
-7476
-9337
-10517
-10922
-10517
-9337
-7476
-5086
-2360
486
3228
5656
7590
8895
9492
9362
8548
7147
5301
3181
976
-1131
-2976
-4428
-5398
-5847
-5786
-5272
-4400
-3290
-2077
-893
144
943
1449
1643
1546
1213
726
181
-319
-684
-840
-744
-387
204
973
1830
2673
3390
3877
4049
3850
3260
2300
1031
-449
-2016
-3530
-4848
-5837
-6392
-6442
-5961
-4972
-3543
-1787
150
2107
3912
5407
6458
6970
6895
6238
5056
3453
1573
-416
-2336
-4016
-5306
-6091
-6306
-5935
-5019
-3647
-1952
-94
1750
3408
4722
5571
5873
5601
4778
3481
1831
-20
-1902
-3639
-5069
-6059
-6515
-6389
-5687
-4466
-2829
-913
1118
3094
4847
6231
7132
7478
7241
6445
5157
3481
1554
-474
-2451
-4228
-5682
-6715
-7269
-7321
-6888
-6021
-4799
-3323
-1702
-49
1530
2946
4126
5020
5602
5867
5828
5515
4965
4222
3332
2337
1279
191
-891
-1942
-2930
-3827
-4600
-5215
-5636
-5831
-5766
-5419
-4779
-3848
-2651
-1230
349
2005
3640
5147
6419
7355
7872
7910
7442
6474
5053
3259
1206
-969
-3115
-5077
-6712
-7897
-8540
-8591
-8045
-6942
-5368
-3443
-1317
848
2887
4647
6000
6854
7161
6916
6164
4989
3507
1860
193
-1346
-2635
-3574
-4104
-4204
-3897
-3245
-2341
-1297
-239
713
1456
1911
2034
1817
1295
534
-369
-1303
-2148
-2792
-3142
-3135
-2743
-1982
-905
395
1802
3179
4386
5294
5794
5816
5327
4346
2934
1198
-722
-2667
-4468
-5963
-7016
-7522
-7426
-6723
-5461
-3737
-1692
504
2668
4615
6178
7223
7660
7452
6617
5228
3410
1321
-853
-2921
-4701
-6035
-6808
-6950
-6453
-5363
-3780
-1849
253
2334
4202
5682
6635
6967
6639
5671
4141
2176
-51
-2349
-4512
-6343
-7672
-8369
-8356
-7615
-6188
-4176
-1733
948
3656
6167
8273
9795
10595
10594
9774
8180
5920
3153
82
-3067
-6060
-8671
-10702
-11996
-12451
-12026
-10744
-8693
-6015
-2899
436
3756
6828
9437
11403
12592
12928
12392
11029
8941
6277
3226
0
-3180
-6101
-8570
-10431
-11572
-11932
-11506
-10344
-8542
-6239
-3604
-822
1914
4426
6554
8173
9195
9577
9325
8486
7145
5420
3449
1380
-641
-2479
-4021
-5182
-5909
-6187
-6034
-5499
-4656
-3598
-2425
-1239
-133
815
1550
2041
2280
2286
2099
1773
1372
962
605
349
228
255
424
708
1063
1434
1760
1981
2045
1913
1565
1002
250
-645
-1620
-2597
-3493
-4225
-4718
-4915
-4777
-4295
-3483
-2386
-1071
374
1850
3253
4480
5441
6066
6306
6142
5585
4673
3469
2057
532
-1002
-2449
-3718
-4735
-5447
-5823
-5857
-5567
-4988
-4171
-3180
-2080
-937
188
1245
2193
3003
3658
4150
4479
4648
4661
4525
4241
3810
3232
2507
1640
641
-470
-1661
-2888
-4091
-5203
-6147
-6844
-7220
-7211
-6773
-5887
-4564
-2848
-817
1418
3723
5945
7923
9502
10545
10943
10628
9582
7838
5482
2651
-474
-3688
-6765
-9481
-11632
-13045
-13600
-13233
-11946
-9811
-6961
-3587
81
3788
7271
10280
12600
14063
0
0
0
0
0
0
0
0
0
0
0
0
0
0
0
0
0
0
0
0
0
0
0
0
0
0
0
0
0
0
0
0
0
0
0
0
0
0
0
0
0
0
0
0
0
0
0
0
0
0
0
0
0
0
0
0
0
0
0
0
0
0
0
0
0
0
0
-7281
-7080
-6486
-5529
-4261
-2746
-1064
693
2432
4054
5468
6588
7344
7686
7583
7030
6048
4684
3010
1118
-881
-2868
-4720
-6316
-7548
-8329
-8595
-8317
-7498
-6177
-4429
-2359
-97
2210
4409
6348
7890
8922
9364
9175
8356
6956
5062
2800
325
-2190
-4571
-6645
-8261
-9301
-9686
-9385
-8416
-6847
-4792
-2399
157
2689
5011
6953
8373
9171
9293
8735
7547
5825
3706
1356
-1045
-3315
-5285
-6812
-7790
-8160
-7911
-7080
-5751
-4044
-2106
-97
1820
3500
4821
5695
6076
5961
5390
4440
3216
1841
447
-842
-1921
-2708
-3156
-3254
-3027
-2532
-1849
-1078
-318
333
798
1023
985
695
196
-442
-1130
-1766
-2251
-2497
-2439
-2045
-1317
-296
941
2288
3618
4793
5682
6168
6168
5636
4572
3027
1097
-1079
-3337
-5491
-7356
-8763
-9573
-9690
-9072
-7738
-5762
-3277
-459
2484
5330
7858
9870
11203
11746
11449
10326
8456
5975
3066
-55
-3159
-6019
-8430
-10223
-11279
-11537
-10999
-9724
-7826
-5461
-2814
-84
2533
4861
6752
8101
8848
8983
8540
7595
6254
4642
2892
1134
-516
-1967
-3150
-4031
-4602
-4879
-4899
-4712
-4371
-3929
-3428
-2902
-2367
-1828
-1279
-707
-97
562
1274
2027
2797
3544
4218
4759
5106
5203
5007
4493
3660
2535
1174
-344
-1920
-3441
-4790
-5860
-6557
-6816
-6604
-5928
-4830
-3390
-1717
58
1795
3357
4620
5487
5897
5826
5297
4371
3145
1741
296
-1052
-2179
-2984
-3400
-3402
-3007
-2274
-1299
-201
882
1820
2490
2800
2695
2164
1243
13
-1406
-2869
-4216
-5289
-5947
-6085
-5641
-4607
-3029
-1011
1296
3708
6019
8019
9517
10354
10423
9675
8131
5878
3064
-108
-3404
-6570
-9356
-11537
-12932
-13418
-12942
-11525
-9262
-6313
-2894
744
4337
7618
10353
12345
13460
13630
12858
11219
8850
5939
2709
-602
-3757
-6540
-8771
-10319
-11109
-11126
-10411
-9059
-7201
-5001
-2634
-274
1917
3807
5294
6316
6852
6918
6563
5862
4906
3792
2616
1463
404
-512
-1256
-1820
-2211
-2451
-2570
-2600
-2571
-2508
-2425
-2329
-2216
-2077
-1896
-1658
-1349
-961
-496
35
614
1211
1791
2314
2743
3044
3190
3166
2969
2607
2102
1487
801
88
-606
-1242
-1785
-2208
-2496
-2643
-2655
-2545
-2333
-2041
-1694
-1315
-923
-533
-154
206
548
871
1174
1456
1712
1934
2110
2226
2265
2211
2054
1786
1408
930
371
-240
-868
-1472
-2010
-2442
-2733
-2858
-2807
-2579
-2193
-1678
-1073
-429
205
780
1253
1593
1782
1820
1719
1509
1227
918
628
398
258
226
302
469
695
933
1131
1235
1194
974
556
-55
-830
-1717
-2640
-3510
-4233
-4714
-4872
-4649
-4015
-2978
-1583
86
1914
3761
5471
6890
7877
8318
8140
7316
5874
3897
1518
-1091
-3729
-6182
-8244
-9733
-10507
-10479
-9629
-8000
-5706
-2918
148
3246
6125
8544
10296
11231
11260
10373
8636
6186
3225
-1
-3224
-6171
-8593
-10281
-11093
-10957
-9886
-7970
-5375
-2324
917
4071
6863
9050
10444
10922
10444
9050
6863
4071
917
-2324
-5375
-7970
-9886
-10957
-11093
-10281
-8593
-6171
-3224
-1
3225
6186
8636
10373
11260
11231
10296
8544
6125
3246
148
-2918
-5706
-8000
-9629
-10479
-10507
-9733
-8244
-6182
-3729
-1091
1518
3897
5874
7316
8140
8318
7877
6890
5471
3761
1914
86
-1583
-2978
-4015
-4649
-4872
-4714
-4233
-3510
-2640
-1717
-830
-55
556
974
1194
1235
1131
933
695
469
302
226
258
398
628
918
1227
1509
1719
1820
1782
1593
1253
780
205
-429
-1073
-1678
-2193
-2579
-2807
-2858
-2733
-2442
-2010
-1472
-868
-240
371
930
1408
1786
2054
2211
2265
2226
2110
1934
1712
1456
1174
871
548
206
-154
-533
-923
-1315
-1694
-2041
-2333
-2545
-2655
-2643
-2496
-2208
-1785
-1242
-606
88
801
1487
2102
2607
2969
3166
3190
3044
2743
2314
1791
1211
614
35
-496
-961
-1349
-1658
-1896
-2077
-2216
-2329
-2425
-2508
-2571
-2600
-2570
-2451
-2211
-1820
-1256
-512
404
1463
2616
3792
4906
5862
6563
6918
6852
6316
5294
3807
1917
-274
-2634
-5001
-7201
-9059
-10411
-11126
-11109
-10319
-8771
-6540
-3757
-602
2709
5939
8850
11219
12858
13630
13460
12345
10353
7618
4337
744
-2894
-6313
-9262
-11525
-12942
-13418
-12932
-11537
-9356
-6570
-3404
-108
3064
5878
8131
9675
10423
10354
9517
8019
6019
3708
1296
-1011
-3029
-4607
-5641
-6085
-5947
-5289
-4216
-2869
-1406
13
1243
2164
2695
2800
2490
1820
882
-201
-1299
-2274
-3007
-3402
-3400
-2984
-2179
-1052
296
1741
3145
4371
5297
5826
5897
5487
4620
3357
1795
58
-1717
-3390
-4830
-5928
-6604
-6816
-6557
-5860
-4790
-3441
-1920
-344
1174
2535
3660
4493
5007
5203
5106
4759
4218
3544
2797
2027
1274
562
-97
-707
-1279
-1828
-2367
-2902
-3428
-3929
-4371
-4712
-4899
-4879
-4602
-4031
-3150
-1967
-516
1134
2892
4642
6254
7595
8540
8983
8848
8101
6752
4861
2533
-84
-2814
-5461
-7826
-9724
-10999
-11537
-11279
-10223
-8430
-6019
-3159
-55
3066
5975
8456
10326
11449
11746
11203
9870
7858
5330
2484
-459
-3277
-5762
-7738
-9072
-9690
-9573
-8763
-7356
-5491
-3337
-1079
1097
3027
4572
5636
6168
6168
5682
4793
3618
2288
941
-296
-1317
-2045
-2439
-2497
-2251
-1766
-1130
-442
196
695
985
1023
798
333
-318
-1078
-1849
-2532
-3027
-3254
-3156
-2708
-1921
-842
447
1841
3216
4440
5390
5961
6076
5695
4821
3500
1820
-97
-2106
-4044
-5751
-7080
-7911
-8160
-7790
-6812
-5285
-3315
-1045
1356
3706
5825
7547
8735
9293
9171
8373
6953
5011
2689
157
-2399
-4792
-6847
-8416
-9385
-9686
-9301
-8261
-6645
-4571
-2190
325
2800
5062
6956
8356
9175
9364
8922
7890
6348
4409
2210
-97
-2359
-4429
-6177
-7498
-8317
-8595
-8329
-7548
-6316
-4720
-2868
-881
1118
3010
4684
6048
7030
7583
7686
7344
6588
5468
4054
2432
693
-1064
-2746
-4261
-5529
-6486
-7080
0
0
0
0
0
0
0
0
0
0
0
0
0
0
0
0
0
0
0
0
0
0
0
0
0
0
0
0
0
0
0
0
0
0
0
0
0
0
0
0
0
0
0
0
0
0
0
0
0
0
0
0
0
0
0
0
0
0
0
0
0
0
0
0
0
0
0
7281
7021
6261
5056
3496
1696
-212
-2090
-3800
-5221
-6253
-6824
-6902
-6487
-5619
-4369
-2836
-1139
593
2235
3667
4791
5532
5851
5737
5215
4343
3198
1882
501
-835
-2028
-2993
-3668
-4019
-4040
-3753
-3204
-2461
-1602
-711
128
845
1385
1714
1820
1717
1438
1035
572
114
-273
-537
-638
-558
-302
104
614
1166
1688
2108
2360
2388
2161
1669
931
-8
-1081
-2198
-3261
-4168
-4822
-5145
-5081
-4604
-3725
-2487
-968
725
2470
4128
5565
6657
7305
7439
7029
6088
4670
2868
806
-1364
-3486
-5399
-6958
-8042
-8567
-8488
-7807
-6572
-4870
-2826
-588
1679
3814
5664
7100
8024
8379
8150
7364
6090
4431
2512
477
-1527
-3364
-4910
-6069
-6776
-7000
-6748
-6058
-4998
-3658
-2142
-563
971
2361
3523
4394
4935
5130
4989
4542
3835
2929
1892
796
-289
-1301
-2181
-2887
-3385
-3657
-3695
-3508
-3111
-2534
-1813
-990
-115
761
1587
2313
2891
3281
3455
3392
3089
2556
1820
922
-81
-1123
-2129
-3023
-3732
-4190
-4349
-4180
-3675
-2855
-1765
-475
925
2332
3636
4729
5515
5915
5880
5392
4469
3162
1559
-228
-2069
-3823
-5352
-6532
-7262
-7477
-7148
-6289
-4957
-3244
-1276
800
2833
4669
6172
7234
7778
7772
7226
6191
4755
3036
1169
-704
-2449
-3943
-5093
-5837
-6152
-6048
-5569
-4788
-3794
-2687
-1563
-509
406
1141
1676
2021
2206
2278
2292
2302
2355
2479
2683
2949
3240
3495
3644
3611
3326
2738
1820
578
-943
-2665
-4471
-6222
-7761
-8933
-9596
-9636
-8982
-7615
-5576
-2965
61
3301
6521
9472
11913
13627
14448
14269
13059
10866
7819
4118
19
-4181
-8171
-11649
-14346
-16048
-16618
-16002
-14240
-11458
-7865
-3731
632
4898
8747
11896
14121
15272
15286
14191
12102
9208
5758
2036
-1658
-5041
-7863
-9930
-11118
-11381
-10751
-9336
-7301
-4857
-2239
315
2592
4411
5645
6230
6166
5513
4386
2940
1351
-198
-1541
-2538
-3095
-3165
-2760
-1939
-807
497
1820
3005
3909
4420
4465
4018
3105
1797
209
-1517
-3225
-4754
-5959
-6725
-6973
-6671
-5835
-4529
-2856
-949
1037
2949
4637
5976
6873
7273
7165
6577
5576
4256
2734
1131
-432
-1851
-3042
-3947
-4540
-4823
-4822
-4586
-4173
-3647
-3064
-2475
-1910
-1386
-900
-437
29
529
1086
1715
2415
3166
3927
4640
5234
5631
5754
5541
4946
3954
2582
887
-1042
-3087
-5101
-6931
-8422
-9434
-9857
-9618
-8695
-7115
-4964
-2374
481
3400
6169
8577
10434
11590
11944
11455
10147
8106
5478
2453
-745
-3880
-6718
-9051
-10706
-11569
-11582
-10759
-9172
-6957
-4291
-1387
1531
4244
6550
8289
9345
9663
9246
8153
6496
4427
2124
-222
-2426
-4322
-5776
-6694
-7030
-6788
-6018
-4810
-3286
-1586
139
1748
3114
4137
4750
4924
4668
4025
3068
1893
609
-669
-1837
-2800
-3487
-3850
-3873
-3566
-2964
-2128
-1131
-59
999
1962
2755
3320
3618
3630
3362
2839
2102
1211
233
-758
-1690
-2496
-3116
-3507
-3640
-3507
-3116
-2496
-1690
-758
233
1211
2102
2839
3362
3630
3618
3320
2755
1962
999
-59
-1131
-2128
-2964
-3566
-3873
-3850
-3487
-2800
-1837
-669
609
1893
3068
4025
4668
4924
4750
4137
3114
1748
139
-1586
-3286
-4810
-6018
-6788
-7030
-6694
-5776
-4322
-2426
-222
2124
4427
6496
8153
9246
9663
9345
8289
6550
4244
1531
-1387
-4291
-6957
-9172
-10759
-11582
-11569
-10706
-9051
-6718
-3880
-745
2453
5478
8106
10147
11455
11944
11590
10434
8577
6169
3400
481
-2374
-4964
-7115
-8695
-9618
-9857
-9434
-8422
-6931
-5101
-3087
-1042
887
2582
3954
4946
5541
5754
5631
5234
4640
3927
3166
2415
1715
1086
529
29
-437
-900
-1386
-1910
-2475
-3064
-3647
-4173
-4586
-4822
-4823
-4540
-3947
-3042
-1851
-432
1131
2734
4256
5576
6577
7165
7273
6873
5976
4637
2949
1037
-949
-2856
-4529
-5835
-6671
-6973
-6725
-5959
-4754
-3225
-1517
209
1797
3105
4018
4465
4420
3909
3005
1820
497
-807
-1939
-2760
-3165
-3095
-2538
-1541
-198
1351
2940
4386
5513
6166
6230
5645
4411
2592
315
-2239
-4857
-7301
-9336
-10751
-11381
-11118
-9930
-7863
-5041
-1658
2036
5758
9208
12102
14191
15286
15272
14121
11896
8747
4898
632
-3731
-7865
-11458
-14240
-16002
-16618
-16048
-14346
-11649
-8171
-4181
19
4118
7819
10866
13059
14269
14448
13627
11913
9472
6521
3301
61
-2965
-5576
-7615
-8982
-9636
-9596
-8933
-7761
-6222
-4471
-2665
-943
578
1820
2738
3326
3611
3644
3495
3240
2949
2683
2479
2355
2302
2292
2278
2206
2021
1676
1141
406
-509
-1563
-2687
-3794
-4788
-5569
-6048
-6152
-5837
-5093
-3943
-2449
-704
1169
3036
4755
6191
7226
7772
7778
7234
6172
4669
2833
800
-1276
-3244
-4957
-6289
-7148
-7477
-7262
-6532
-5352
-3823
-2069
-228
1559
3162
4469
5392
5880
5915
5515
4729
3636
2332
925
-475
-1765
-2855
-3675
-4180
-4349
-4190
-3732
-3023
-2129
-1123
-81
922
1820
2556
3089
3392
3455
3281
2891
2313
1587
761
-115
-990
-1813
-2534
-3111
-3508
-3695
-3657
-3385
-2887
-2181
-1301
-289
796
1892
2929
3835
4542
4989
5130
4935
4394
3523
2361
971
-563
-2142
-3658
-4998
-6058
-6748
-7000
-6776
-6069
-4910
-3364
-1527
477
2512
4431
6090
7364
8150
8379
8024
7100
5664
3814
1679
-588
-2826
-4870
-6572
-7807
-8488
-8567
-8042
-6958
-5399
-3486
-1364
806
2868
4670
6088
7029
7439
7305
6657
5565
4128
2470
725
-968
-2487
-3725
-4604
-5081
-5145
-4822
-4168
-3261
-2198
-1081
-8
931
1669
2161
2388
2360
2108
1688
1166
614
104
-302
-558
-638
-537
-273
114
572
1035
1438
1717
1820
1714
1385
845
128
-711
-1602
-2461
-3204
-3753
-4040
-4019
-3668
-2993
-2028
-835
501
1882
3198
4343
5215
5737
5851
5532
4791
3667
2235
593
-1139
-2836
-4369
-5619
-6487
-6902
-6824
-6253
-5221
-3800
-2090
-212
1696
3496
5056
6261
7021
0
0
0
0
0
0
0
0
0
0
0
0
0
0
0
0
0
0
0
0
0
0
0
0
0
0
0
0
0
0
0
0
0
0
0
0
0
0
0
0
0
0
0
0
0
0
0
0
0
0
0
0
0
0
0
0
0
0
0
0
0
0
0
0
0
0
0
10922
10547
9451
7712
5458
2852
80
-2660
-5179
-7302
-8890
-9844
-10114
-9700
-8650
-7060
-5056
-2792
-434
1853
3918
5632
6899
7659
7892
7616
6883
5775
4391
2842
1241
-305
-1709
-2896
-3819
-4452
-4793
-4858
-4681
-4303
-3773
-3139
-2443
-1724
-1008
-316
338
952
1521
2043
2512
2922
3258
3505
3642
3647
3501
3189
2706
2055
1254
333
-663
-1683
-2666
-3546
-4262
-4760
-4995
-4941
-4590
-3955
-3070
-1986
-770
499
1741
2876
3830
4543
4973
5097
4915
4446
3731
2825
1791
703
-370
-1364
-2223
-2906
-3385
-3652
-3711
-3582
-3293
-2880
-2382
-1836
-1277
-730
-216
254
677
1055
1394
1699
1976
2227
2448
2631
2760
2818
2784
2638
2362
1946
1390
704
-91
-962
-1863
-2743
-3544
-4207
-4680
-4916
-4883
-4564
-3961
-3095
-2006
-751
598
1963
3259
4404
5322
5952
6248
6184
5759
4991
3924
2618
1149
-395
-1924
-3348
-4582
-5553
-6207
-6506
-6435
-6001
-5234
-4180
-2904
-1483
0
1459
2813
3985
4913
5550
5866
5852
5518
4892
4019
2955
1769
531
-685
-1814
-2794
-3577
-4129
-4433
-4487
-4304
-3911
-3347
-2659
-1896
-1108
-343
361
973
1473
1854
2117
2273
2341
2341
2295
2224
2139
2050
1953
1840
1696
1500
1231
871
405
-167
-840
-1588
-2377
-3158
-3871
-4455
-4844
-4983
-4826
-4346
-3540
-2429
-1060
493
2137
3762
5251
6487
7363
7796
7727
7133
6030
4473
2552
391
-1862
-4052
-6018
-7611
-8709
-9222
-9101
-8348
-7008
-5173
-2974
-570
1862
4147
6116
7625
8570
8885
8558
7624
6165
4302
2185
-17
-2137
-4016
-5518
-6543
-7030
-6965
-6379
-5341
-3958
-2356
-675
944
2377
3519
4294
4666
4631
4223
3505
2562
1493
400
-620
-1487
-2139
-2541
-2683
-2581
-2272
-1811
-1257
-675
-123
354
724
975
1108
1142
1103
1026
941
876
846
853
887
921
924
857
685
381
-67
-656
-1356
-2118
-2873
-3541
-4033
-4264
-4165
-3687
-2813
-1564
0
1781
3649
5450
7018
8192
8828
8819
8101
6670
4582
1953
-1042
-4189
-7242
-9948
-12065
-13387
-13761
-13103
-11409
-8762
-5322
-1325
2940
7152
10982
14119
16296
17319
17076
15556
12846
9132
4680
-178
-5079
-9646
-13528
-16425
-18112
-18459
-17442
-15142
-11743
-7513
-2784
2074
6691
10714
13846
15867
16647
16159
14477
11772
8287
4325
216
-3709
-7148
-9848
-11628
-12391
-12129
-10922
-8925
-6353
-3460
-515
2223
4530
6228
7209
7435
6940
5824
4242
2385
458
-1332
-2808
-3830
-4310
-4219
-3592
-2515
-1121
425
1949
3279
4264
4790
4794
4262
3238
1815
125
-1670
-3400
-4895
-6010
-6633
-6698
-6188
-5141
-3642
-1817
180
2180
4017
5537
6619
7178
7179
6630
5589
4151
2443
610
-1199
-2844
-4201
-5180
-5723
-5813
-5470
-4751
-3738
-2531
-1241
22
1165
2106
2792
3194
3312
3171
2813
2296
1685
1044
434
-98
-520
-812
-974
-1015
-958
-831
-664
-485
-319
-181
-80
-17
12
18
12
3
0
3
12
18
12
-17
-80
-181
-319
-485
-664
-831
-958
-1015
-974
-812
-520
-98
434
1044
1685
2296
2813
3171
3312
3194
2792
2106
1165
22
-1241
-2531
-3738
-4751
-5470
-5813
-5723
-5180
-4201
-2844
-1199
610
2443
4151
5589
6630
7179
7178
6619
5537
4017
2180
180
-1817
-3642
-5141
-6188
-6698
-6633
-6010
-4895
-3400
-1670
125
1815
3238
4262
4794
4790
4264
3279
1949
425
-1121
-2515
-3592
-4219
-4310
-3830
-2808
-1332
458
2385
4242
5824
6940
7435
7209
6228
4530
2223
-515
-3460
-6353
-8925
-10922
-12129
-12391
-11628
-9848
-7148
-3709
216
4325
8287
11772
14477
16159
16647
15867
13846
10714
6691
2074
-2784
-7513
-11743
-15142
-17442
-18459
-18112
-16425
-13528
-9646
-5079
-178
4680
9132
12846
15556
17076
17319
16296
14119
10982
7152
2940
-1325
-5322
-8762
-11409
-13103
-13761
-13387
-12065
-9948
-7242
-4189
-1042
1953
4582
6670
8101
8819
8828
8192
7018
5450
3649
1781
0
-1564
-2813
-3687
-4165
-4264
-4033
-3541
-2873
-2118
-1356
-656
-67
381
685
857
924
921
887
853
846
876
941
1026
1103
1142
1108
975
724
354
-123
-675
-1257
-1811
-2272
-2581
-2683
-2541
-2139
-1487
-620
400
1493
2562
3505
4223
4631
4666
4294
3519
2377
944
-675
-2356
-3958
-5341
-6379
-6965
-7030
-6543
-5518
-4016
-2137
-17
2185
4302
6165
7624
8558
8885
8570
7625
6116
4147
1862
-570
-2974
-5173
-7008
-8348
-9101
-9222
-8709
-7611
-6018
-4052
-1862
391
2552
4473
6030
7133
7727
7796
7363
6487
5251
3762
2137
493
-1060
-2429
-3540
-4346
-4826
-4983
-4844
-4455
-3871
-3158
-2377
-1588
-840
-167
405
871
1231
1500
1696
1840
1953
2050
2139
2224
2295
2341
2341
2273
2117
1854
1473
973
361
-343
-1108
-1896
-2659
-3347
-3911
-4304
-4487
-4433
-4129
-3577
-2794
-1814
-685
531
1769
2955
4019
4892
5518
5852
5866
5550
4913
3985
2813
1459
0
-1483
-2904
-4180
-5234
-6001
-6435
-6506
-6207
-5553
-4582
-3348
-1924
-395
1149
2618
3924
4991
5759
6184
6248
5952
5322
4404
3259
1963
598
-751
-2006
-3095
-3961
-4564
-4883
-4916
-4680
-4207
-3544
-2743
-1863
-962
-91
704
1390
1946
2362
2638
2784
2818
2760
2631
2448
2227
1976
1699
1394
1055
677
254
-216
-730
-1277
-1836
-2382
-2880
-3293
-3582
-3711
-3652
-3385
-2906
-2223
-1364
-370
703
1791
2825
3731
4446
4915
5097
4973
4543
3830
2876
1741
499
-770
-1986
-3070
-3955
-4590
-4941
-4995
-4760
-4262
-3546
-2666
-1683
-663
333
1254
2055
2706
3189
3501
3647
3642
3505
3258
2922
2512
2043
1521
952
338
-316
-1008
-1724
-2443
-3139
-3773
-4303
-4681
-4858
-4793
-4452
-3819
-2896
-1709
-305
1241
2842
4391
5775
6883
7616
7892
7659
6899
5632
3918
1853
-434
-2792
-5056
-7060
-8650
-9700
-10114
-9844
-8890
-7302
-5179
-2660
80
2852
5458
7712
9451
10547
0
0
0
0
0
0
0
0
0
0
0
0
0
0
0
0
0
0
0
0
0
0
0
0
0
0
0
0
0
0
0
0
0
0
0
0
0
0
0
0
0
0
0
0
0
0
0
0
0
0
0
0
0
0
0
0
0
0
0
0
0
0
0
0
0
0
0
