28.371123596136268
31.72924453143426
35.994716959443
34.11523656103884
32.62461096751525
29.835925453264835
35.50424349370332
34.079117706259495
36.55331118081926
38.48079110710324
36.427157499089525
32.941562173772
30.508103162503993
39.333180699764974
35.866113205693225
35.30644942744431
38.30795770437837
32.26236703136976
41.48069744814663
37.50747978893358
44.45420791736915
48.866580111761515
49.53878383094719
51.72098291756022
50.273952052469
43.76632107352015
64.05445272133217
63.97602245957256
60.46364238532155
67.48725909962756
69.82951230235163
54.307982403794455
67.58216580462486
75.18074057447072
72.85228640169747
69.37809591145435
73.10639992032493
52.93455173374155
67.70799665301072
59.07064231677272
68.95251583749003
78.72757569850002
72.02661706464048
71.5402404299456
66.44737293007353
72.6731680020155
73.06884719633253
55.78321192774034
71.78278540176014
57.1650928914455
66.15337961377148
74.53995033478164
74.01179917908088
73.03773519645847
77.6591703203201
71.50759853113138
70.91499207598787
75.60414845441514
70.42527456088703
53.278823604093276
68.34663833180456
70.34532929174867
67.47307108636606
73.7361067811234
68.48859974128928
69.26503804517228
63.00724896599081
61.28268168211689
65.69664610477025
69.94155664074975
68.54578021883027
69.65312450869709
70.33014868070653
66.8642520114143
61.79132872576925
53.64215434791821
59.02371246076335
67.6870432588507
69.39575350904062
69.31513108491086
71.70954186129421
72.58571081431482
63.74611679495909
67.32168021592994
68.20834450643979
53.17159722806748
77.64036356590366
69.6763002671665
54.65777635831894
66.23910206457124
62.016075290378396
66.5932583331749
60.58283420425816
58.92753636137883
81.00517442204696
82.28708746381994
55.4399632616679
59.080599575680154
57.66911006277047
61.2828204461519
62.0641895320183
65.01076025243255
63.627956686994494
56.367841197704216
59.878238328724805
75.35371058927554
80.15395091830075
62.691454283899105
66.53285509013048
64.43121908001964
64.2248253776028
64.97238868387717
71.18956738718984
71.2308261398829
58.16490015039981
54.7285099129972
52.77401496671848
48.01042993669042
54.38622547164375
63.670233190541296
64.6788470761856
68.92873136615565
68.28325844973543
69.7402666241995
45.925743668668716
65.75954756342695
69.9893948431184
53.86045714461639
51.727075431999296
53.43544681347987
54.92028000317619
53.50991805870745
68.04871261649212
67.39834391164537
63.85551701673616
72.27978915713479
67.57937070326376
72.9173315389724
67.3372549721524
73.06814469835727
65.66783735855496
75.60884693457182
72.44587533432244
65.65238414173342
66.161618269257
71.44550814020994
65.76546788353569
72.49068736047782
79.65655556583545
76.67297967887703
60.43431414464194
73.93910144887117
79.57774059771944
77.65879795449155
62.97869187281733
72.62170429243321
68.03438906637265
73.24968978594426
57.81181725147362
71.69006902596003
