17269
10860
2323
-6503
-13675
-17624
-17552
-13646
-7044
438
6748
10116
9502
4874
-2766
-11612
-19489
-24393
-24992
-20975
-13146
-3247
6453
13713
16874
15271
9419
894
-8039
-14981
-17991
-16075
-9452
484
11483
20977
26708
27284
22529
13547
2464
-8071
-15531
-18124
-15240
-7608
2863
13539
21694
25174
22923
15258
3804
-8879
-19903
-26744
-27847
-23008
-13430
-1444
10040
18230
21115
17953
9452
-2389
-14751
-24660
-29696
-28562
-21402
-9768
3740
16081
24488
27110
23450
14470
2370
-9933
-19489
-23995
-22337
-14836
-3174
10002
21698
29260
30980
26482
16796
4110
-8737
-18907
-24204
-23562
-17269
-6882
5141
16010
23227
25144
21317
12579
836
-11371
-21439
-27272
-27724
-22829
-13764
-2566
8328
16611
20598
19566
13876
4870
-5444
-14830
-21300
-23513
-21037
-14409
-4991
5321
14505
20812
23111
21086
15278
6950
-2178
-10279
-15767
-17601
-15467
-9822
-1797
7032
14943
20394
22308
20275
14624
6366
-2997
-11743
-18255
-21326
-20385
-15618
-7946
1143
9863
16470
19603
18552
13416
5102
-4831
-14468
-21899
-25605
-24765
-19436
-10561
202
10793
19159
23661
23411
18457
9790
-852
-11321
-19489
-23676
-22989
-17506
-8259
2970
14002
22701
27390
27185
22159
13316
2383
-8538
-17386
-22537
-23111
-19117
-11435
-1619
8414
16757
21866
22839
19557
12675
3479
-6373
-15156
-21389
-24077
-22861
-18059
-10579
-1745
6935
14023
18380
19340
16806
11247
3621
-4785
-12557
-18379
-21238
-20593
-16466
-9452
-634
8577
16669
22278
24419
22671
17266
9070
-547
-9934
-17446
-21735
-21998
-18136
-10784
-1216
8878
17691
23626
25585
23172
16768
7458
-3158
-13264
-21146
-25502
-25659
-21680
-14337
-4956
4831
13373
19282
21658
20214
15302
7819
-962
-9610
-16770
-21364
-22742
-20752
-15744
-8489
-60
8328
15489
20425
22454
21302
17139
10562
2517
-5819
-13200
-18490
-20833
-19793
-15444
-8376
370
9452
17427
22985
25167
23534
18256
10098
306
-9595
-18051
-23738
-25781
-23899
-18445
-10342
-916
8328
15950
20809
22233
20100
14836
7317
-1280
-9676
-16676
-21335
-23071
-21720
-17531
-11107
-3316
4831
12303
18167
21692
22436
20294
15522
8715
749
-7315
-14367
-19391
-21614
-20635
-16499
-9718
-1216
7793
15984
22118
25243
24846
20941
14071
5225
-4317
-13185
-20136
-24233
-24981
-22385
-16923
-9452
-1064
7079
13917
18615
20664
19908
16541
11055
4160
-3299
-10441
-16433
-20571
-22346
-21500
-18059
-12350
-4978
3219
11256
18121
22898
24907
23810
19683
13021
4692
-4186
-12397
-18810
-22546
-23111
-20461
-15010
-7549
873
9116
16108
20992
23227
22631
19380
13947
7025
-575
-8021
-14540
-19489
-22393
-22979
-21192
-17198
-11380
-4318
3252
10500
16581
20738
22403
21287
17441
11278
3530
-4831
-12726
-19119
-23164
-24330
-22475
-17858
-11093
-3053
5263
12871
18928
22826
24245
23158
19803
14624
8203
1193
-5740
-11965
-16925
-20162
-21356
-20348
-17173
-12078
-5526
1827
9185
15695
20553
23111
22980
20099
14756
7561
-632
-8844
-16108
-21593
-24718
-25209
-23119
-18786
-12774
-5772
1491
8328
14156
18525
21131
21815
20554
17456
12759
6829
157
-6661
-12962
-18074
-21393
-22467
-21073
-17269
-11407
-4108
3815
11459
17953
22575
24845
24580
21894
17166
10967
3970
-3141
-9741
-15316
-19489
-22014
-22770
-21741
-19008
-14749
-9242
-2876
3856
10372
16048
20279
22562
22571
20219
15695
9452
2160
-5382
-12349
-18005
-21791
-23390
-22743
-20034
-15633
-10027
-3752
2675
8791
14203
18591
21694
23307
23278
21529
18082
13090
6866
-124
-7279
-13920
-19371
-23050
-24552
-23716
-20646
-15704
-9452
-2566
4252
10371
15295
18702
20448
20539
19094
16300
12377
7562
2112
-3683
-9486
-14901
-19489
-22805
-24451
-24142
-21768
-17438
-11484
-4439
3027
10196
16398
21097
23949
24833
23833
21195
17269
12441
7082
1521
-3964
-9127
-13732
-17535
-20273
-21685
-21548
-19726
-16225
-11226
-5098
1631
8328
14339
19077
22108
23198
22340
19731
15719
10741
5241
-379
-5798
-10778
-15145
-18756
-21466
-23111
-23512
-22505
-19986
-15959
-10586
-4196
2727
9595
15790
20750
24052
25465
24976
22770
19180
14624
9523
4248
-917
-5776
-10197
-14077
-17297
-19700
-21088
-21249
-20007
-17276
-13115
-7755
-1596
4831
10938
16157
20031
22272
22793
21697
19237
15748
11578
7027
2319
-2403
-7049
-11537
-15747
-19489
-22499
-24467
-25085
-24121
-21478
-17245
-11701
-5294
1425
7882
13568
18106
21295
23105
23647
23111
21701
19579
16838
13498
9548
4992
-89
-5505
-10937
-15966
-20131
-23004
-24269
-23789
-21632
-18059
-13479
-8369
-3188
1692
6031
9732
12810
15333
17361
18889
19825
19992
19174
17181
13920
9452
4016
-1983
-8031
-13586
-18168
-21437
-23239
-23614
-22759
-20961
-18517
-15660
-12521
-9114
-5374
-1216
3394
8381
13521
18461
22755
25952
27680
27728
26088
22961
18716
13812
8707
3772
-764
-4831
-8490
-11867
-15078
-18157
-21005
-23396
-25007
-25498
-24600
-22191
-18354
-13373
-7699
-1865
3613
8328
12050
14744
16547
17693
18431
18934
19241
19243
18710
17367
14982
11457
6883
1553
-4073
-9452
-14062
-17506
-19582
-20313
-19919
-18745
-17163
-15467
-13805
-12147
-10313
-8037
-5073
-1287
3267
8328
13456
18116
21785
24065
24768
23951
21896
19028
15815
12647
9751
7146
4666
2023
-1077
-4831
-9250
-14115
-19011
-23395
-26721
-28561
-28704
-27204
-24367
-20675
-16664
-12802
-9378
-6445
-3833
-1216
1772
5409
9781
14721
19828
24540
28256
30482
30944
29657
26921
23245
19226
15398
12111
9452
7239
5094
2565
-728
-4965
-10045
-15584
-20986
-25578
-28767
-30179
-29755
-27760
-24720
-21282
-18059
-15470
-13644
-12393
-11282
-9753
-7294
-3603
1312
7104
13150
18690
23005
25590
26278
25276
23111
20490
18120
16519
15885
16045
16506
16589
15621
13129
8982
3453
-2828
-9013
-14239
-17836
-19489
-19316
-17833
-15814
-14091
-13329
-13846
-15527
-17844
-19995
-21112
-20496
-17815
-13207
-7266
-912
4831
9088
11343
11577
10263
8243
6510
5936
7044
9852
13860
18163
21681
23433
22803
19704
14624
8515
2563
-2101
-4690
-4961
-3277
-517
2150
3571
2915
-95
-5096
-11155
-16996
-21313
-23111
-21957
-18111
-12473
-6364
-1202
1858
2218
0
-3978
-8403
-11804
-12923
-11061
-6263
661
8328
15110
19547
20709
18446
13439
7038
933
-3268
-4451
-2288
2670
9109
15281
19436
20270
-17269
-10860
-2323
6503
13675
17624
17552
13646
7044
-438
-6748
-10116
-9502
-4874
2766
11612
19489
24393
24992
20975
13146
3247
-6453
-13713
-16874
-15271
-9419
-894
8039
14981
17991
16075
9452
-484
-11483
-20977
-26708
-27284
-22529
-13547
-2464
8071
15531
18124
15240
7608
-2863
-13539
-21694
-25174
-22923
-15258
-3804
8879
19903
26744
27847
23008
13430
1444
-10040
-18230
-21115
-17953
-9452
2389
14751
24660
29696
28562
21402
9768
-3740
-16081
-24488
-27110
-23450
-14470
-2370
9933
19489
23995
22337
14836
3174
-10002
-21698
-29260
-30980
-26482
-16796
-4110
8737
18907
24204
23562
17269
6882
-5141
-16010
-23227
-25144
-21317
-12579
-836
11371
21439
27272
27724
22829
13764
2566
-8328
-16611
-20598
-19566
-13876
-4870
5444
14830
21300
23513
21037
14409
4991
-5321
-14505
-20812
-23111
-21086
-15278
-6950
2178
10279
15767
17601
15467
9822
1797
-7032
-14943
-20394
-22308
-20275
-14624
-6366
2997
11743
18255
21326
20385
15618
7946
-1143
-9863
-16470
-19603
-18552
-13416
-5102
4831
14468
21899
25605
24765
19436
10561
-202
-10793
-19159
-23661
-23411
-18457
-9790
852
11321
19489
23676
22989
17506
8259
-2970
-14002
-22701
-27390
-27185
-22159
-13316
-2383
8538
17386
22537
23111
19117
11435
1619
-8414
-16757
-21866
-22839
-19557
-12675
-3479
6373
15156
21389
24077
22861
18059
10579
1745
-6935
-14023
-18380
-19340
-16806
-11247
-3621
4785
12557
18379
21238
20593
16466
9452
634
-8577
-16669
-22278
-24419
-22671
-17266
-9070
547
9934
17446
21735
21998
18136
10784
1216
-8878
-17691
-23626
-25585
-23172
-16768
-7458
3158
13264
21146
25502
25659
21680
14337
4956
-4831
-13373
-19282
-21658
-20214
-15302
-7819
962
9610
16770
21364
22742
20752
15744
8489
60
-8328
-15489
-20425
-22454
-21302
-17139
-10562
-2517
5819
13200
18490
20833
19793
15444
8376
-370
-9452
-17427
-22985
-25167
-23534
-18256
-10098
-306
9595
18051
23738
25781
23899
18445
10342
916
-8328
-15950
-20809
-22233
-20100
-14836
-7317
1280
9676
16676
21335
23071
21720
17531
11107
3316
-4831
-12303
-18167
-21692
-22436
-20294
-15522
-8715
-749
7315
14367
19391
21614
20635
16499
9718
1216
-7793
-15984
-22118
-25243
-24846
-20941
-14071
-5225
4317
13185
20136
24233
24981
22385
16923
9452
1064
-7079
-13917
-18615
-20664
-19908
-16541
-11055
-4160
3299
10441
16433
20571
22346
21500
18059
12350
4978
-3219
-11256
-18121
-22898
-24907
-23810
-19683
-13021
-4692
4186
12397
18810
22546
23111
20461
15010
7549
-873
-9116
-16108
-20992
-23227
-22631
-19380
-13947
-7025
575
8021
14540
19489
22393
22979
21192
17198
11380
4318
-3252
-10500
-16581
-20738
-22403
-21287
-17441
-11278
-3530
4831
12726
19119
23164
24330
22475
17858
11093
3053
-5263
-12871
-18928
-22826
-24245
-23158
-19803
-14624
-8203
-1193
5740
11965
16925
20162
21356
20348
17173
12078
5526
-1827
-9185
-15695
-20553
-23111
-22980
-20099
-14756
-7561
632
8844
16108
21593
24718
25209
23119
18786
12774
5772
-1491
-8328
-14156
-18525
-21131
-21815
-20554
-17456
-12759
-6829
-157
6661
12962
18074
21393
22467
21073
17269
11407
4108
-3815
-11459
-17953
-22575
-24845
-24580
-21894
-17166
-10967
-3970
3141
9741
15316
19489
22014
22770
21741
19008
14749
9242
2876
-3856
-10372
-16048
-20279
-22562
-22571
-20219
-15695
-9452
-2160
5382
12349
18005
21791
23390
22743
20034
15633
10027
3752
-2675
-8791
-14203
-18591
-21694
-23307
-23278
-21529
-18082
-13090
-6866
124
7279
13920
19371
23050
24552
23716
20646
15704
9452
2566
-4252
-10371
-15295
-18702
-20448
-20539
-19094
-16300
-12377
-7562
-2112
3683
9486
14901
19489
22805
24451
24142
21768
17438
11484
4439
-3027
-10196
-16398
-21097
-23949
-24833
-23833
-21195
-17269
-12441
-7082
-1521
3964
9127
13732
17535
20273
21685
21548
19726
16225
11226
5098
-1631
-8328
-14339
-19077
-22108
-23198
-22340
-19731
-15719
-10741
-5241
379
5798
10778
15145
18756
21466
23111
23512
22505
19986
15959
10586
4196
-2727
-9595
-15790
-20750
-24052
-25465
-24976
-22770
-19180
-14624
-9523
-4248
917
5776
10197
14077
17297
19700
21088
21249
20007
17276
13115
7755
1596
-4831
-10938
-16157
-20031
-22272
-22793
-21697
-19237
-15748
-11578
-7027
-2319
2403
7049
11537
15747
19489
22499
24467
25085
24121
21478
17245
11701
5294
-1425
-7882
-13568
-18106
-21295
-23105
-23647
-23111
-21701
-19579
-16838
-13498
-9548
-4992
89
5505
10937
15966
20131
23004
24269
23789
21632
18059
13479
8369
3188
-1692
-6031
-9732
-12810
-15333
-17361
-18889
-19825
-19992
-19174
-17181
-13920
-9452
-4016
1983
8031
13586
18168
21437
23239
23614
22759
20961
18517
15660
12521
9114
5374
1216
-3394
-8381
-13521
-18461
-22755
-25952
-27680
-27728
-26088
-22961
-18716
-13812
-8707
-3772
764
4831
8490
11867
15078
18157
21005
23396
25007
25498
24600
22191
18354
13373
7699
1865
-3613
-8328
-12050
-14744
-16547
-17693
-18431
-18934
-19241
-19243
-18710
-17367
-14982
-11457
-6883
-1553
4073
9452
14062
17506
19582
20313
19919
18745
17163
15467
13805
12147
10313
8037
5073
1287
-3267
-8328
-13456
-18116
-21785
-24065
-24768
-23951
-21896
-19028
-15815
-12647
-9751
-7146
-4666
-2023
1077
4831
9250
14115
19011
23395
26721
28561
28704
27204
24367
20675
16664
12802
9378
6445
3833
1216
-1772
-5409
-9781
-14721
-19828
-24540
-28256
-30482
-30944
-29657
-26921
-23245
-19226
-15398
-12111
-9452
-7239
-5094
-2565
728
4965
10045
15584
20986
25578
28767
30179
29755
27760
24720
21282
18059
15470
13644
12393
11282
9753
7294
3603
-1312
-7104
-13150
-18690
-23005
-25590
-26278
-25276
-23111
-20490
-18120
-16519
-15885
-16045
-16506
-16589
-15621
-13129
-8982
-3453
2828
9013
14239
17836
19489
19316
17833
15814
14091
13329
13846
15527
17844
19995
21112
20496
17815
13207
7266
912
-4831
-9088
-11343
-11577
-10263
-8243
-6510
-5936
-7044
-9852
-13860
-18163
-21681
-23433
-22803
-19704
-14624
-8515
-2563
2101
4690
4961
3277
517
-2150
-3571
-2915
95
5096
11155
16996
21313
23111
21957
18111
12473
6364
1202
-1858
-2218
0
3978
8403
11804
12923
11061
6263
-661
-8328
-15110
-19547
-20709
-18446
-13439
-7038
-933
3268
4451
2288
-2670
-9109
-15281
-19436
-20270
-17269
-10860
-2323
6503
13675
17624
17552
13646
7044
-438
-6748
-10116
-9502
-4874
2766
11612
19489
24393
24992
20975
13146
3247
-6453
-13713
-16874
-15271
-9419
-894
8039
14981
17991
16075
9452
-484
-11483
-20977
-26708
-27284
-22529
-13547
-2464
8071
15531
18124
15240
7608
-2863
-13539
-21694
-25174
-22923
-15258
-3804
8879
19903
26744
27847
23008
13430
1444
-10040
-18230
-21115
-17953
-9452
2389
14751
24660
29696
28562
21402
9768
-3740
-16081
-24488
-27110
-23450
-14470
-2370
9933
19489
23995
22337
14836
3174
-10002
-21698
-29260
-30980
-26482
-16796
-4110
8737
18907
24204
23562
17269
6882
-5141
-16010
-23227
-25144
-21317
-12579
-836
11371
21439
27272
27724
22829
13764
2566
-8328
-16611
-20598
-19566
-13876
-4870
5444
14830
21300
23513
21037
14409
4991
-5321
-14505
-20812
-23111
-21086
-15278
-6950
2178
10279
15767
17601
15467
9822
1797
-7032
-14943
-20394
-22308
-20275
-14624
-6366
2997
11743
18255
21326
20385
15618
7946
-1143
-9863
-16470
-19603
-18552
-13416
-5102
4831
14468
21899
25605
24765
19436
10561
-202
-10793
-19159
-23661
-23411
-18457
-9790
852
11321
19489
23676
22989
17506
8259
-2970
-14002
-22701
-27390
-27185
-22159
-13316
-2383
8538
17386
22537
23111
19117
11435
1619
-8414
-16757
-21866
-22839
-19557
-12675
-3479
6373
15156
21389
24077
22861
18059
10579
1745
-6935
-14023
-18380
-19340
-16806
-11247
-3621
4785
12557
18379
21238
20593
16466
9452
634
-8577
-16669
-22278
-24419
-22671
-17266
-9070
547
9934
17446
21735
21998
18136
10784
1216
-8878
-17691
-23626
-25585
-23172
-16768
-7458
3158
13264
21146
25502
25659
21680
14337
4956
-4831
-13373
-19282
-21658
-20214
-15302
-7819
962
9610
16770
21364
22742
20752
15744
8489
60
-8328
-15489
-20425
-22454
-21302
-17139
-10562
-2517
5819
13200
18490
20833
19793
15444
8376
-370
-9452
-17427
-22985
-25167
-23534
-18256
-10098
-306
9595
18051
23738
25781
23899
18445
10342
916
-8328
-15950
-20809
-22233
-20100
-14836
-7317
1280
9676
16676
21335
23071
21720
17531
11107
3316
-4831
-12303
-18167
-21692
-22436
-20294
-15522
-8715
-749
7315
14367
19391
21614
20635
16499
9718
1216
-7793
-15984
-22118
-25243
-24846
-20941
-14071
-5225
4317
13185
20136
24233
24981
22385
16923
9452
1064
-7079
-13917
-18615
-20664
-19908
-16541
-11055
-4160
3299
10441
16433
20571
22346
21500
18059
12350
4978
-3219
-11256
-18121
-22898
-24907
-23810
-19683
-13021
-4692
4186
12397
18810
22546
23111
20461
15010
7549
-873
-9116
-16108
-20992
-23227
-22631
-19380
-13947
-7025
575
8021
14540
19489
22393
22979
21192
17198
11380
4318
-3252
-10500
-16581
-20738
-22403
-21287
-17441
-11278
-3530
4831
12726
19119
23164
24330
22475
17858
11093
3053
-5263
-12871
-18928
-22826
-24245
-23158
-19803
-14624
-8203
-1193
5740
11965
16925
20162
21356
20348
17173
12078
5526
-1827
-9185
-15695
-20553
-23111
-22980
-20099
-14756
-7561
632
8844
16108
21593
24718
25209
23119
18786
12774
5772
-1491
-8328
-14156
-18525
-21131
-21815
-20554
-17456
-12759
-6829
-157
6661
12962
18074
21393
22467
21073
17269
11407
4108
-3815
-11459
-17953
-22575
-24845
-24580
-21894
-17166
-10967
-3970
3141
9741
15316
19489
22014
22770
21741
19008
14749
9242
2876
-3856
-10372
-16048
-20279
-22562
-22571
-20219
-15695
-9452
-2160
5382
12349
18005
21791
23390
22743
20034
15633
10027
3752
-2675
-8791
-14203
-18591
-21694
-23307
-23278
-21529
-18082
-13090
-6866
124
7279
13920
19371
23050
24552
23716
20646
15704
9452
2566
-4252
-10371
-15295
-18702
-20448
-20539
-19094
-16300
-12377
-7562
-2112
3683
9486
14901
19489
22805
24451
24142
21768
17438
11484
4439
-3027
-10196
-16398
-21097
-23949
-24833
-23833
-21195
-17269
-12441
-7082
-1521
3964
9127
13732
17535
20273
21685
21548
19726
16225
11226
5098
-1631
-8328
-14339
-19077
-22108
-23198
-22340
-19731
-15719
-10741
-5241
379
5798
10778
15145
18756
21466
23111
23512
22505
19986
15959
10586
4196
-2727
-9595
-15790
-20750
-24052
-25465
-24976
-22770
-19180
-14624
-9523
-4248
917
5776
10197
14077
17297
19700
21088
21249
20007
17276
13115
7755
1596
-4831
-10938
-16157
-20031
-22272
-22793
-21697
-19237
-15748
-11578
-7027
-2319
2403
7049
11537
15747
19489
22499
24467
25085
24121
21478
17245
11701
5294
-1425
-7882
-13568
-18106
-21295
-23105
-23647
-23111
-21701
-19579
-16838
-13498
-9548
-4992
89
5505
10937
15966
20131
23004
24269
23789
21632
18059
13479
8369
3188
-1692
-6031
-9732
-12810
-15333
-17361
-18889
-19825
-19992
-19174
-17181
-13920
-9452
-4016
1983
8031
13586
18168
21437
23239
23614
22759
20961
18517
15660
12521
9114
5374
1216
-3394
-8381
-13521
-18461
-22755
-25952
-27680
-27728
-26088
-22961
-18716
-13812
-8707
-3772
764
4831
8490
11867
15078
18157
21005
23396
25007
25498
24600
22191
18354
13373
7699
1865
-3613
-8328
-12050
-14744
-16547
-17693
-18431
-18934
-19241
-19243
-18710
-17367
-14982
-11457
-6883
-1553
4073
9452
14062
17506
19582
20313
19919
18745
17163
15467
13805
12147
10313
8037
5073
1287
-3267
-8328
-13456
-18116
-21785
-24065
-24768
-23951
-21896
-19028
-15815
-12647
-9751
-7146
-4666
-2023
1077
4831
9250
14115
19011
23395
26721
28561
28704
27204
24367
20675
16664
12802
9378
6445
3833
1216
-1772
-5409
-9781
-14721
-19828
-24540
-28256
-30482
-30944
-29657
-26921
-23245
-19226
-15398
-12111
-9452
-7239
-5094
-2565
728
4965
10045
15584
20986
25578
28767
30179
29755
27760
24720
21282
18059
15470
13644
12393
11282
9753
7294
3603
-1312
-7104
-13150
-18690
-23005
-25590
-26278
-25276
-23111
-20490
-18120
-16519
-15885
-16045
-16506
-16589
-15621
-13129
-8982
-3453
2828
9013
14239
17836
19489
19316
17833
15814
14091
13329
13846
15527
17844
19995
21112
20496
17815
13207
7266
912
-4831
-9088
-11343
-11577
-10263
-8243
-6510
-5936
-7044
-9852
-13860
-18163
-21681
-23433
-22803
-19704
-14624
-8515
-2563
2101
4690
4961
3277
517
-2150
-3571
-2915
95
5096
11155
16996
21313
23111
21957
18111
12473
6364
1202
-1858
-2218
0
3978
8403
11804
12923
11061
6263
-661
-8328
-15110
-19547
-20709
-18446
-13439
-7038
-933
3268
4451
2288
-2670
-9109
-15281
-19436
-20270
-17269
-10860
-2323
6503
13675
17624
17552
13646
7044
-438
-6748
-10116
-9502
-4874
2766
11612
19489
24393
24992
20975
13146
3247
-6453
-13713
-16874
-15271
-9419
-894
8039
14981
17991
16075
9452
-484
-11483
-20977
-26708
-27284
-22529
-13547
-2464
8071
15531
18124
15240
7608
-2863
-13539
-21694
-25174
-22923
-15258
-3804
8879
19903
26744
27847
23008
13430
1444
-10040
-18230
-21115
-17953
-9452
2389
14751
24660
29696
28562
21402
9768
-3740
-16081
-24488
-27110
-23450
-14470
-2370
9933
19489
23995
22337
14836
3174
-10002
-21698
-29260
-30980
-26482
-16796
-4110
8737
18907
24204
23562
17269
6882
-5141
-16010
-23227
-25144
-21317
-12579
-836
11371
21439
27272
27724
22829
13764
2566
-8328
-16611
-20598
-19566
-13876
-4870
5444
14830
21300
23513
21037
14409
4991
-5321
-14505
-20812
-23111
-21086
-15278
-6950
2178
10279
15767
17601
15467
9822
1797
-7032
-14943
-20394
-22308
-20275
-14624
-6366
2997
11743
18255
21326
20385
15618
7946
-1143
-9863
-16470
-19603
-18552
-13416
-5102
4831
14468
21899
25605
24765
19436
10561
-202
-10793
-19159
-23661
-23411
-18457
-9790
852
11321
19489
23676
22989
17506
8259
-2970
-14002
-22701
-27390
-27185
-22159
-13316
-2383
8538
17386
22537
23111
19117
11435
1619
-8414
-16757
-21866
-22839
-19557
-12675
-3479
6373
15156
21389
24077
22861
18059
10579
1745
-6935
-14023
-18380
-19340
-16806
-11247
-3621
4785
12557
18379
21238
20593
16466
9452
634
-8577
-16669
-22278
-24419
-22671
-17266
-9070
547
9934
17446
21735
21998
18136
10784
1216
-8878
-17691
-23626
-25585
-23172
-16768
-7458
3158
13264
21146
25502
25659
21680
14337
4956
-4831
-13373
-19282
-21658
-20214
-15302
-7819
962
9610
16770
21364
22742
20752
15744
8489
60
-8328
-15489
-20425
-22454
-21302
-17139
-10562
-2517
5819
13200
18490
20833
19793
15444
8376
-370
-9452
-17427
-22985
-25167
-23534
-18256
-10098
-306
9595
18051
23738
25781
23899
18445
10342
916
-8328
-15950
-20809
-22233
-20100
-14836
-7317
1280
9676
16676
21335
23071
21720
17531
11107
3316
-4831
-12303
-18167
-21692
-22436
-20294
-15522
-8715
-749
7315
14367
19391
21614
20635
16499
9718
1216
-7793
-15984
-22118
-25243
-24846
-20941
-14071
-5225
4317
13185
20136
24233
24981
22385
16923
9452
1064
-7079
-13917
-18615
-20664
-19908
-16541
-11055
-4160
3299
10441
16433
20571
22346
21500
18059
12350
4978
-3219
-11256
-18121
-22898
-24907
-23810
-19683
-13021
-4692
4186
12397
18810
22546
23111
20461
15010
7549
-873
-9116
-16108
-20992
-23227
-22631
-19380
-13947
-7025
575
8021
14540
19489
22393
22979
21192
17198
11380
4318
-3252
-10500
-16581
-20738
-22403
-21287
-17441
-11278
-3530
4831
12726
19119
23164
24330
22475
17858
11093
3053
-5263
-12871
-18928
-22826
-24245
-23158
-19803
-14624
-8203
-1193
5740
11965
16925
20162
21356
20348
17173
12078
5526
-1827
-9185
-15695
-20553
-23111
-22980
-20099
-14756
-7561
632
8844
16108
21593
24718
25209
23119
18786
12774
5772
-1491
-8328
-14156
-18525
-21131
-21815
-20554
-17456
-12759
-6829
-157
6661
12962
18074
21393
22467
21073
17269
11407
4108
-3815
-11459
-17953
-22575
-24845
-24580
-21894
-17166
-10967
-3970
3141
9741
15316
19489
22014
22770
21741
19008
14749
9242
2876
-3856
-10372
-16048
-20279
-22562
-22571
-20219
-15695
-9452
-2160
5382
12349
18005
21791
23390
22743
20034
15633
10027
3752
-2675
-8791
-14203
-18591
-21694
-23307
-23278
-21529
-18082
-13090
-6866
124
7279
13920
19371
23050
24552
23716
20646
15704
9452
2566
-4252
-10371
-15295
-18702
-20448
-20539
-19094
-16300
-12377
-7562
-2112
3683
9486
14901
19489
22805
24451
24142
21768
17438
11484
4439
-3027
-10196
-16398
-21097
-23949
-24833
-23833
-21195
-17269
-12441
-7082
-1521
3964
9127
13732
17535
20273
21685
21548
19726
16225
11226
5098
-1631
-8328
-14339
-19077
-22108
-23198
-22340
-19731
-15719
-10741
-5241
379
5798
10778
15145
18756
21466
23111
23512
22505
19986
15959
10586
4196
-2727
-9595
-15790
-20750
-24052
-25465
-24976
-22770
-19180
-14624
-9523
-4248
917
5776
10197
14077
17297
19700
21088
21249
20007
17276
13115
7755
1596
-4831
-10938
-16157
-20031
-22272
-22793
-21697
-19237
-15748
-11578
-7027
-2319
2403
7049
11537
15747
19489
22499
24467
25085
24121
21478
17245
11701
5294
-1425
-7882
-13568
-18106
-21295
-23105
-23647
-23111
-21701
-19579
-16838
-13498
-9548
-4992
89
5505
10937
15966
20131
23004
24269
23789
21632
18059
13479
8369
3188
-1692
-6031
-9732
-12810
-15333
-17361
-18889
-19825
-19992
-19174
-17181
-13920
-9452
-4016
1983
8031
13586
18168
21437
23239
23614
22759
20961
18517
15660
12521
9114
5374
1216
-3394
-8381
-13521
-18461
-22755
-25952
-27680
-27728
-26088
-22961
-18716
-13812
-8707
-3772
764
4831
8490
11867
15078
18157
21005
23396
25007
25498
24600
22191
18354
13373
7699
1865
-3613
-8328
-12050
-14744
-16547
-17693
-18431
-18934
-19241
-19243
-18710
-17367
-14982
-11457
-6883
-1553
4073
9452
14062
17506
19582
20313
19919
18745
17163
15467
13805
12147
10313
8037
5073
1287
-3267
-8328
-13456
-18116
-21785
-24065
-24768
-23951
-21896
-19028
-15815
-12647
-9751
-7146
-4666
-2023
1077
4831
9250
14115
19011
23395
26721
28561
28704
27204
24367
20675
16664
12802
9378
6445
3833
1216
-1772
-5409
-9781
-14721
-19828
-24540
-28256
-30482
-30944
-29657
-26921
-23245
-19226
-15398
-12111
-9452
-7239
-5094
-2565
728
4965
10045
15584
20986
25578
28767
30179
29755
27760
24720
21282
18059
15470
13644
12393
11282
9753
7294
3603
-1312
-7104
-13150
-18690
-23005
-25590
-26278
-25276
-23111
-20490
-18120
-16519
-15885
-16045
-16506
-16589
-15621
-13129
-8982
-3453
2828
9013
14239
17836
19489
19316
17833
15814
14091
13329
13846
15527
17844
19995
21112
20496
17815
13207
7266
912
-4831
-9088
-11343
-11577
-10263
-8243
-6510
-5936
-7044
-9852
-13860
-18163
-21681
-23433
-22803
-19704
-14624
-8515
-2563
2101
4690
4961
3277
517
-2150
-3571
-2915
95
5096
11155
16996
21313
23111
21957
18111
12473
6364
1202
-1858
-2218
0
3978
8403
11804
12923
11061
6263
-661
-8328
-15110
-19547
-20709
-18446
-13439
-7038
-933
3268
4451
2288
-2670
-9109
-15281
-19436
-20270
-17269
-10860
-2323
6503
13675
17624
17552
13646
7044
-438
-6748
-10116
-9502
-4874
2766
11612
19489
24393
24992
20975
13146
3247
-6453
-13713
-16874
-15271
-9419
-894
8039
14981
17991
16075
9452
-484
-11483
-20977
-26708
-27284
-22529
-13547
-2464
8071
15531
18124
15240
7608
-2863
-13539
-21694
-25174
-22923
-15258
-3804
8879
19903
26744
27847
23008
13430
1444
-10040
-18230
-21115
-17953
-9452
2389
14751
24660
29696
28562
21402
9768
-3740
-16081
-24488
-27110
-23450
-14470
-2370
9933
19489
23995
22337
14836
3174
-10002
-21698
-29260
-30980
-26482
-16796
-4110
8737
18907
24204
23562
17269
6882
-5141
-16010
-23227
-25144
-21317
-12579
-836
11371
21439
27272
27724
22829
13764
2566
-8328
-16611
-20598
-19566
-13876
-4870
5444
14830
21300
23513
21037
14409
4991
-5321
-14505
-20812
-23111
-21086
-15278
-6950
2178
10279
15767
17601
15467
9822
1797
-7032
-14943
-20394
-22308
-20275
-14624
-6366
2997
11743
18255
21326
20385
15618
7946
-1143
-9863
-16470
-19603
-18552
-13416
-5102
4831
14468
21899
25605
24765
19436
10561
-202
-10793
-19159
-23661
-23411
-18457
-9790
852
11321
19489
23676
22989
17506
8259
-2970
-14002
-22701
-27390
-27185
-22159
-13316
-2383
8538
17386
22537
23111
19117
11435
1619
-8414
-16757
-21866
-22839
-19557
-12675
-3479
6373
15156
21389
24077
22861
18059
10579
1745
-6935
-14023
-18380
-19340
-16806
-11247
-3621
4785
12557
18379
21238
20593
16466
9452
634
-8577
-16669
-22278
-24419
-22671
-17266
-9070
547
9934
17446
21735
21998
18136
10784
1216
-8878
-17691
-23626
-25585
-23172
-16768
-7458
3158
13264
21146
25502
25659
21680
14337
4956
-4831
-13373
-19282
-21658
-20214
-15302
-7819
962
9610
16770
21364
22742
20752
15744
8489
60
-8328
-15489
-20425
-22454
-21302
-17139
-10562
-2517
5819
13200
18490
20833
19793
15444
8376
-370
-9452
-17427
-22985
-25167
-23534
-18256
-10098
-306
9595
18051
23738
25781
23899
18445
10342
916
-8328
-15950
-20809
-22233
-20100
-14836
-7317
1280
9676
16676
21335
23071
21720
17531
11107
3316
-4831
-12303
-18167
-21692
-22436
-20294
-15522
-8715
-749
7315
14367
19391
21614
20635
16499
9718
1216
-7793
-15984
-22118
-25243
-24846
-20941
-14071
-5225
4317
13185
20136
24233
24981
22385
16923
9452
1064
-7079
-13917
-18615
-20664
-19908
-16541
-11055
-4160
3299
10441
16433
20571
22346
21500
18059
12350
4978
-3219
-11256
-18121
-22898
-24907
-23810
-19683
-13021
-4692
4186
12397
18810
22546
23111
20461
15010
7549
-873
-9116
-16108
-20992
-23227
-22631
-19380
-13947
-7025
575
8021
14540
19489
22393
22979
21192
17198
11380
4318
-3252
-10500
-16581
-20738
-22403
-21287
-17441
-11278
-3530
4831
12726
19119
23164
24330
22475
17858
11093
3053
-5263
-12871
-18928
-22826
-24245
-23158
-19803
-14624
-8203
-1193
5740
11965
16925
20162
21356
20348
17173
12078
5526
-1827
-9185
-15695
-20553
-23111
-22980
-20099
-14756
-7561
632
8844
16108
21593
24718
25209
23119
18786
12774
5772
-1491
-8328
-14156
-18525
-21131
-21815
-20554
-17456
-12759
-6829
-157
6661
12962
18074
21393
22467
21073
17269
11407
4108
-3815
-11459
-17953
-22575
-24845
-24580
-21894
-17166
-10967
-3970
3141
9741
15316
19489
22014
22770
21741
19008
14749
9242
2876
-3856
-10372
-16048
-20279
-22562
-22571
-20219
-15695
-9452
-2160
5382
12349
18005
21791
23390
22743
20034
15633
10027
3752
-2675
-8791
-14203
-18591
-21694
-23307
-23278
-21529
-18082
-13090
-6866
124
7279
13920
19371
23050
24552
23716
20646
15704
9452
2566
-4252
-10371
-15295
-18702
-20448
-20539
-19094
-16300
-12377
-7562
-2112
3683
9486
14901
19489
22805
24451
24142
21768
17438
11484
4439
-3027
-10196
-16398
-21097
-23949
-24833
-23833
-21195
-17269
-12441
-7082
-1521
3964
9127
13732
17535
20273
21685
21548
19726
16225
11226
5098
-1631
-8328
-14339
-19077
-22108
-23198
-22340
-19731
-15719
-10741
-5241
379
5798
10778
15145
18756
21466
23111
23512
22505
19986
15959
10586
4196
-2727
-9595
-15790
-20750
-24052
-25465
-24976
-22770
-19180
-14624
-9523
-4248
917
5776
10197
14077
17297
19700
21088
21249
20007
17276
13115
7755
1596
-4831
-10938
-16157
-20031
-22272
-22793
-21697
-19237
-15748
-11578
-7027
-2319
2403
7049
11537
15747
19489
22499
24467
25085
24121
21478
17245
11701
5294
-1425
-7882
-13568
-18106
-21295
-23105
-23647
-23111
-21701
-19579
-16838
-13498
-9548
-4992
89
5505
10937
15966
20131
23004
24269
23789
21632
18059
13479
8369
3188
-1692
-6031
-9732
-12810
-15333
-17361
-18889
-19825
-19992
-19174
-17181
-13920
-9452
-4016
1983
8031
13586
18168
21437
23239
23614
22759
20961
18517
15660
12521
9114
5374
1216
-3394
-8381
-13521
-18461
-22755
-25952
-27680
-27728
-26088
-22961
-18716
-13812
-8707
-3772
764
4831
8490
11867
15078
18157
21005
23396
25007
25498
24600
22191
18354
13373
7699
1865
-3613
-8328
-12050
-14744
-16547
-17693
-18431
-18934
-19241
-19243
-18710
-17367
-14982
-11457
-6883
-1553
4073
9452
14062
17506
19582
20313
19919
18745
17163
15467
13805
12147
10313
8037
5073
1287
-3267
-8328
-13456
-18116
-21785
-24065
-24768
-23951
-21896
-19028
-15815
-12647
-9751
-7146
-4666
-2023
1077
4831
9250
14115
19011
23395
26721
28561
28704
27204
24367
20675
16664
12802
9378
6445
3833
1216
-1772
-5409
-9781
-14721
-19828
-24540
-28256
-30482
-30944
-29657
-26921
-23245
-19226
-15398
-12111
-9452
-7239
-5094
-2565
728
4965
10045
15584
20986
25578
28767
30179
29755
27760
24720
21282
18059
15470
13644
12393
11282
9753
7294
3603
-1312
-7104
-13150
-18690
-23005
-25590
-26278
-25276
-23111
-20490
-18120
-16519
-15885
-16045
-16506
-16589
-15621
-13129
-8982
-3453
2828
9013
14239
17836
19489
19316
17833
15814
14091
13329
13846
15527
17844
19995
21112
20496
17815
13207
7266
912
-4831
-9088
-11343
-11577
-10263
-8243
-6510
-5936
-7044
-9852
-13860
-18163
-21681
-23433
-22803
-19704
-14624
-8515
-2563
2101
4690
4961
3277
517
-2150
-3571
-2915
95
5096
11155
16996
21313
23111
21957
18111
12473
6364
1202
-1858
-2218
0
3978
8403
11804
12923
11061
6263
-661
-8328
-15110
-19547
-20709
-18446
-13439
-7038
-933
3268
4451
2288
-2670
-9109
-15281
-19436
-20270
-17269
-10860
-2323
6503
13675
17624
17552
13646
7044
-438
-6748
-10116
-9502
-4874
2766
11612
19489
24393
24992
20975
13146
3247
-6453
-13713
-16874
-15271
-9419
-894
8039
14981
17991
16075
9452
-484
-11483
-20977
-26708
-27284
-22529
-13547
-2464
8071
15531
18124
15240
7608
-2863
-13539
-21694
-25174
-22923
-15258
-3804
8879
19903
26744
27847
23008
13430
1444
-10040
-18230
-21115
-17953
-9452
2389
14751
24660
29696
28562
21402
9768
-3740
-16081
-24488
-27110
-23450
-14470
-2370
9933
19489
23995
22337
14836
3174
-10002
-21698
-29260
-30980
-26482
-16796
-4110
8737
18907
24204
23562
17269
6882
-5141
-16010
-23227
-25144
-21317
-12579
-836
11371
21439
27272
27724
22829
13764
2566
-8328
-16611
-20598
-19566
-13876
-4870
5444
14830
21300
23513
21037
14409
4991
-5321
-14505
-20812
-23111
-21086
-15278
-6950
2178
10279
15767
17601
15467
9822
1797
-7032
-14943
-20394
-22308
-20275
-14624
-6366
2997
11743
18255
21326
20385
15618
7946
-1143
-9863
-16470
-19603
-18552
-13416
-5102
4831
14468
21899
25605
24765
19436
10561
-202
-10793
-19159
-23661
-23411
-18457
-9790
852
11321
19489
23676
22989
17506
8259
-2970
-14002
-22701
-27390
-27185
-22159
-13316
-2383
8538
17386
22537
23111
19117
11435
1619
-8414
-16757
-21866
-22839
-19557
-12675
-3479
6373
15156
21389
24077
22861
18059
10579
1745
-6935
-14023
-18380
-19340
-16806
-11247
-3621
4785
12557
18379
21238
20593
16466
9452
634
-8577
-16669
-22278
-24419
-22671
-17266
-9070
547
9934
17446
21735
21998
18136
10784
1216
-8878
-17691
-23626
-25585
-23172
-16768
-7458
3158
13264
21146
25502
25659
21680
14337
4956
-4831
-13373
-19282
-21658
-20214
-15302
-7819
962
9610
16770
21364
22742
20752
15744
8489
60
-8328
-15489
-20425
-22454
-21302
-17139
-10562
-2517
5819
13200
18490
20833
19793
15444
8376
-370
-9452
-17427
-22985
-25167
-23534
-18256
-10098
-306
9595
18051
23738
25781
23899
18445
10342
916
-8328
-15950
-20809
-22233
-20100
-14836
-7317
1280
9676
16676
21335
23071
21720
17531
11107
3316
-4831
-12303
-18167
-21692
-22436
-20294
-15522
-8715
-749
7315
14367
19391
21614
20635
16499
9718
1216
-7793
-15984
-22118
-25243
-24846
-20941
-14071
-5225
4317
13185
20136
24233
24981
22385
16923
9452
1064
-7079
-13917
-18615
-20664
-19908
-16541
-11055
-4160
3299
10441
16433
20571
22346
21500
18059
12350
4978
-3219
-11256
-18121
-22898
-24907
-23810
-19683
-13021
-4692
4186
12397
18810
22546
23111
20461
15010
7549
-873
-9116
-16108
-20992
-23227
-22631
-19380
-13947
-7025
575
8021
14540
19489
22393
22979
21192
17198
11380
4318
-3252
-10500
-16581
-20738
-22403
-21287
-17441
-11278
-3530
4831
12726
19119
23164
24330
22475
17858
11093
3053
-5263
-12871
-18928
-22826
-24245
-23158
-19803
-14624
-8203
-1193
5740
11965
16925
20162
21356
20348
17173
12078
5526
-1827
-9185
-15695
-20553
-23111
-22980
-20099
-14756
-7561
632
8844
16108
21593
24718
25209
23119
18786
12774
5772
-1491
-8328
-14156
-18525
-21131
-21815
-20554
-17456
-12759
-6829
-157
6661
12962
18074
21393
22467
21073
17269
11407
4108
-3815
-11459
-17953
-22575
-24845
-24580
-21894
-17166
-10967
-3970
3141
9741
15316
19489
22014
22770
21741
19008
14749
9242
2876
-3856
-10372
-16048
-20279
-22562
-22571
-20219
-15695
-9452
-2160
5382
12349
18005
21791
23390
22743
20034
15633
10027
3752
-2675
-8791
-14203
-18591
-21694
-23307
-23278
-21529
-18082
-13090
-6866
124
7279
13920
19371
23050
24552
23716
20646
15704
9452
2566
-4252
-10371
-15295
-18702
-20448
-20539
-19094
-16300
-12377
-7562
-2112
3683
9486
14901
19489
22805
24451
24142
21768
17438
11484
4439
-3027
-10196
-16398
-21097
-23949
-24833
-23833
-21195
-17269
-12441
-7082
-1521
3964
9127
13732
17535
20273
21685
21548
19726
16225
11226
5098
-1631
-8328
-14339
-19077
-22108
-23198
-22340
-19731
-15719
-10741
-5241
379
5798
10778
15145
18756
21466
23111
23512
22505
19986
15959
10586
4196
-2727
-9595
-15790
-20750
-24052
-25465
-24976
-22770
-19180
-14624
-9523
-4248
917
5776
10197
14077
17297
19700
21088
21249
20007
17276
13115
7755
1596
-4831
-10938
-16157
-20031
-22272
-22793
-21697
-19237
-15748
-11578
-7027
-2319
2403
7049
11537
15747
19489
22499
24467
25085
24121
21478
17245
11701
5294
-1425
-7882
-13568
-18106
-21295
-23105
-23647
-23111
-21701
-19579
-16838
-13498
-9548
-4992
89
5505
10937
15966
20131
23004
24269
23789
21632
18059
13479
8369
3188
-1692
-6031
-9732
-12810
-15333
-17361
-18889
-19825
-19992
-19174
-17181
-13920
-9452
-4016
1983
8031
13586
18168
21437
23239
23614
22759
20961
18517
15660
12521
9114
5374
1216
-3394
-8381
-13521
-18461
-22755
-25952
-27680
-27728
-26088
-22961
-18716
-13812
-8707
-3772
764
4831
8490
11867
15078
18157
21005
23396
25007
25498
24600
22191
18354
13373
7699
1865
-3613
-8328
-12050
-14744
-16547
-17693
-18431
-18934
-19241
-19243
-18710
-17367
-14982
-11457
-6883
-1553
4073
9452
14062
17506
19582
20313
19919
18745
17163
15467
13805
12147
10313
8037
5073
1287
-3267
-8328
-13456
-18116
-21785
-24065
-24768
-23951
-21896
-19028
-15815
-12647
-9751
-7146
-4666
-2023
1077
4831
9250
14115
19011
23395
26721
28561
28704
27204
24367
20675
16664
12802
9378
6445
3833
1216
-1772
-5409
-9781
-14721
-19828
-24540
-28256
-30482
-30944
-29657
-26921
-23245
-19226
-15398
-12111
-9452
-7239
-5094
-2565
728
4965
10045
15584
20986
25578
28767
30179
29755
27760
24720
21282
18059
15470
13644
12393
11282
9753
7294
3603
-1312
-7104
-13150
-18690
-23005
-25590
-26278
-25276
-23111
-20490
-18120
-16519
-15885
-16045
-16506
-16589
-15621
-13129
-8982
-3453
2828
9013
14239
17836
19489
19316
17833
15814
14091
13329
13846
15527
17844
19995
21112
20496
17815
13207
7266
912
-4831
-9088
-11343
-11577
-10263
-8243
-6510
-5936
-7044
-9852
-13860
-18163
-21681
-23433
-22803
-19704
-14624
-8515
-2563
2101
4690
4961
3277
517
-2150
-3571
-2915
95
5096
11155
16996
21313
23111
21957
18111
12473
6364
1202
-1858
-2218
0
3978
8403
11804
12923
11061
6263
-661
-8328
-15110
-19547
-20709
-18446
-13439
-7038
-933
3268
4451
2288
-2670
-9109
-15281
-19436
-20270
17269
10860
2323
-6503
-13675
-17624
-17552
-13646
-7044
438
6748
10116
9502
4874
-2766
-11612
-19489
-24393
-24992
-20975
-13146
-3247
6453
13713
16874
15271
9419
894
-8039
-14981
-17991
-16075
-9452
484
11483
20977
26708
27284
22529
13547
2464
-8071
-15531
-18124
-15240
-7608
2863
13539
21694
25174
22923
15258
3804
-8879
-19903
-26744
-27847
-23008
-13430
-1444
10040
18230
21115
17953
9452
-2389
-14751
-24660
-29696
-28562
-21402
-9768
3740
16081
24488
27110
23450
14470
2370
-9933
-19489
-23995
-22337
-14836
-3174
10002
21698
29260
30980
26482
16796
4110
-8737
-18907
-24204
-23562
-17269
-6882
5141
16010
23227
25144
21317
12579
836
-11371
-21439
-27272
-27724
-22829
-13764
-2566
8328
16611
20598
19566
13876
4870
-5444
-14830
-21300
-23513
-21037
-14409
-4991
5321
14505
20812
23111
21086
15278
6950
-2178
-10279
-15767
-17601
-15467
-9822
-1797
7032
14943
20394
22308
20275
14624
6366
-2997
-11743
-18255
-21326
-20385
-15618
-7946
1143
9863
16470
19603
18552
13416
5102
-4831
-14468
-21899
-25605
-24765
-19436
-10561
202
10793
19159
23661
23411
18457
9790
-852
-11321
-19489
-23676
-22989
-17506
-8259
2970
14002
22701
27390
27185
22159
13316
2383
-8538
-17386
-22537
-23111
-19117
-11435
-1619
8414
16757
21866
22839
19557
12675
3479
-6373
-15156
-21389
-24077
-22861
-18059
-10579
-1745
6935
14023
18380
19340
16806
11247
3621
-4785
-12557
-18379
-21238
-20593
-16466
-9452
-634
8577
16669
22278
24419
22671
17266
9070
-547
-9934
-17446
-21735
-21998
-18136
-10784
-1216
8878
17691
23626
25585
23172
16768
7458
-3158
-13264
-21146
-25502
-25659
-21680
-14337
-4956
4831
13373
19282
21658
20214
15302
7819
-962
-9610
-16770
-21364
-22742
-20752
-15744
-8489
-60
8328
15489
20425
22454
21302
17139
10562
2517
-5819
-13200
-18490
-20833
-19793
-15444
-8376
370
9452
17427
22985
25167
23534
18256
10098
306
-9595
-18051
-23738
-25781
-23899
-18445
-10342
-916
8328
15950
20809
22233
20100
14836
7317
-1280
-9676
-16676
-21335
-23071
-21720
-17531
-11107
-3316
4831
12303
18167
21692
22436
20294
15522
8715
749
-7315
-14367
-19391
-21614
-20635
-16499
-9718
-1216
7793
15984
22118
25243
24846
20941
14071
5225
-4317
-13185
-20136
-24233
-24981
-22385
-16923
-9452
-1064
7079
13917
18615
20664
19908
16541
11055
4160
-3299
-10441
-16433
-20571
-22346
-21500
-18059
-12350
-4978
3219
11256
18121
22898
24907
23810
19683
13021
4692
-4186
-12397
-18810
-22546
-23111
-20461
-15010
-7549
873
9116
16108
20992
23227
22631
19380
13947
7025
-575
-8021
-14540
-19489
-22393
-22979
-21192
-17198
-11380
-4318
3252
10500
16581
20738
22403
21287
17441
11278
3530
-4831
-12726
-19119
-23164
-24330
-22475
-17858
-11093
-3053
5263
12871
18928
22826
24245
23158
19803
14624
8203
1193
-5740
-11965
-16925
-20162
-21356
-20348
-17173
-12078
-5526
1827
9185
15695
20553
23111
22980
20099
14756
7561
-632
-8844
-16108
-21593
-24718
-25209
-23119
-18786
-12774
-5772
1491
8328
14156
18525
21131
21815
20554
17456
12759
6829
157
-6661
-12962
-18074
-21393
-22467
-21073
-17269
-11407
-4108
3815
11459
17953
22575
24845
24580
21894
17166
10967
3970
-3141
-9741
-15316
-19489
-22014
-22770
-21741
-19008
-14749
-9242
-2876
3856
10372
16048
20279
22562
22571
20219
15695
9452
2160
-5382
-12349
-18005
-21791
-23390
-22743
-20034
-15633
-10027
-3752
2675
8791
14203
18591
21694
23307
23278
21529
18082
13090
6866
-124
-7279
-13920
-19371
-23050
-24552
-23716
-20646
-15704
-9452
-2566
4252
10371
15295
18702
20448
20539
19094
16300
12377
7562
2112
-3683
-9486
-14901
-19489
-22805
-24451
-24142
-21768
-17438
-11484
-4439
3027
10196
16398
21097
23949
24833
23833
21195
17269
12441
7082
1521
-3964
-9127
-13732
-17535
-20273
-21685
-21548
-19726
-16225
-11226
-5098
1631
8328
14339
19077
22108
23198
22340
19731
15719
10741
5241
-379
-5798
-10778
-15145
-18756
-21466
-23111
-23512
-22505
-19986
-15959
-10586
-4196
2727
9595
15790
20750
24052
25465
24976
22770
19180
14624
9523
4248
-917
-5776
-10197
-14077
-17297
-19700
-21088
-21249
-20007
-17276
-13115
-7755
-1596
4831
10938
16157
20031
22272
22793
21697
19237
15748
11578
7027
2319
-2403
-7049
-11537
-15747
-19489
-22499
-24467
-25085
-24121
-21478
-17245
-11701
-5294
1425
7882
13568
18106
21295
23105
23647
23111
21701
19579
16838
13498
9548
4992
-89
-5505
-10937
-15966
-20131
-23004
-24269
-23789
-21632
-18059
-13479
-8369
-3188
1692
6031
9732
12810
15333
17361
18889
19825
19992
19174
17181
13920
9452
4016
-1983
-8031
-13586
-18168
-21437
-23239
-23614
-22759
-20961
-18517
-15660
-12521
-9114
-5374
-1216
3394
8381
13521
18461
22755
25952
27680
27728
26088
22961
18716
13812
8707
3772
-764
-4831
-8490
-11867
-15078
-18157
-21005
-23396
-25007
-25498
-24600
-22191
-18354
-13373
-7699
-1865
3613
8328
12050
14744
16547
17693
18431
18934
19241
19243
18710
17367
14982
11457
6883
1553
-4073
-9452
-14062
-17506
-19582
-20313
-19919
-18745
-17163
-15467
-13805
-12147
-10313
-8037
-5073
-1287
3267
8328
13456
18116
21785
24065
24768
23951
21896
19028
15815
12647
9751
7146
4666
2023
-1077
-4831
-9250
-14115
-19011
-23395
-26721
-28561
-28704
-27204
-24367
-20675
-16664
-12802
-9378
-6445
-3833
-1216
1772
5409
9781
14721
19828
24540
28256
30482
30944
29657
26921
23245
19226
15398
12111
9452
7239
5094
2565
-728
-4965
-10045
-15584
-20986
-25578
-28767
-30179
-29755
-27760
-24720
-21282
-18059
-15470
-13644
-12393
-11282
-9753
-7294
-3603
1312
7104
13150
18690
23005
25590
26278
25276
23111
20490
18120
16519
15885
16045
16506
16589
15621
13129
8982
3453
-2828
-9013
-14239
-17836
-19489
-19316
-17833
-15814
-14091
-13329
-13846
-15527
-17844
-19995
-21112
-20496
-17815
-13207
-7266
-912
4831
9088
11343
11577
10263
8243
6510
5936
7044
9852
13860
18163
21681
23433
22803
19704
14624
8515
2563
-2101
-4690
-4961
-3277
-517
2150
3571
2915
-95
-5096
-11155
-16996
-21313
-23111
-21957
-18111
-12473
-6364
-1202
1858
2218
0
-3978
-8403
-11804
-12923
-11061
-6263
661
8328
15110
19547
20709
18446
13439
7038
933
-3268
-4451
-2288
2670
9109
15281
19436
20270
-17269
-10860
-2323
6503
13675
17624
17552
13646
7044
-438
-6748
-10116
-9502
-4874
2766
11612
19489
24393
24992
20975
13146
3247
-6453
-13713
-16874
-15271
-9419
-894
8039
14981
17991
16075
9452
-484
-11483
-20977
-26708
-27284
-22529
-13547
-2464
8071
15531
18124
15240
7608
-2863
-13539
-21694
-25174
-22923
-15258
-3804
8879
19903
26744
27847
23008
13430
1444
-10040
-18230
-21115
-17953
-9452
2389
14751
24660
29696
28562
21402
9768
-3740
-16081
-24488
-27110
-23450
-14470
-2370
9933
19489
23995
22337
14836
3174
-10002
-21698
-29260
-30980
-26482
-16796
-4110
8737
18907
24204
23562
17269
6882
-5141
-16010
-23227
-25144
-21317
-12579
-836
11371
21439
27272
27724
22829
13764
2566
-8328
-16611
-20598
-19566
-13876
-4870
5444
14830
21300
23513
21037
14409
4991
-5321
-14505
-20812
-23111
-21086
-15278
-6950
2178
10279
15767
17601
15467
9822
1797
-7032
-14943
-20394
-22308
-20275
-14624
-6366
2997
11743
18255
21326
20385
15618
7946
-1143
-9863
-16470
-19603
-18552
-13416
-5102
4831
14468
21899
25605
24765
19436
10561
-202
-10793
-19159
-23661
-23411
-18457
-9790
852
11321
19489
23676
22989
17506
8259
-2970
-14002
-22701
-27390
-27185
-22159
-13316
-2383
8538
17386
22537
23111
19117
11435
1619
-8414
-16757
-21866
-22839
-19557
-12675
-3479
6373
15156
21389
24077
22861
18059
10579
1745
-6935
-14023
-18380
-19340
-16806
-11247
-3621
4785
12557
18379
21238
20593
16466
9452
634
-8577
-16669
-22278
-24419
-22671
-17266
-9070
547
9934
17446
21735
21998
18136
10784
1216
-8878
-17691
-23626
-25585
-23172
-16768
-7458
3158
13264
21146
25502
25659
21680
14337
4956
-4831
-13373
-19282
-21658
-20214
-15302
-7819
962
9610
16770
21364
22742
20752
15744
8489
60
-8328
-15489
-20425
-22454
-21302
-17139
-10562
-2517
5819
13200
18490
20833
19793
15444
8376
-370
-9452
-17427
-22985
-25167
-23534
-18256
-10098
-306
9595
18051
23738
25781
23899
18445
10342
916
-8328
-15950
-20809
-22233
-20100
-14836
-7317
1280
9676
16676
21335
23071
21720
17531
11107
3316
-4831
-12303
-18167
-21692
-22436
-20294
-15522
-8715
-749
7315
14367
19391
21614
20635
16499
9718
1216
-7793
-15984
-22118
-25243
-24846
-20941
-14071
-5225
4317
13185
20136
24233
24981
22385
16923
9452
1064
-7079
-13917
-18615
-20664
-19908
-16541
-11055
-4160
3299
10441
16433
20571
22346
21500
18059
12350
4978
-3219
-11256
-18121
-22898
-24907
-23810
-19683
-13021
-4692
4186
12397
18810
22546
23111
20461
15010
7549
-873
-9116
-16108
-20992
-23227
-22631
-19380
-13947
-7025
575
8021
14540
19489
22393
22979
21192
17198
11380
4318
-3252
-10500
-16581
-20738
-22403
-21287
-17441
-11278
-3530
4831
12726
19119
23164
24330
22475
17858
11093
3053
-5263
-12871
-18928
-22826
-24245
-23158
-19803
-14624
-8203
-1193
5740
11965
16925
20162
21356
20348
17173
12078
5526
-1827
-9185
-15695
-20553
-23111
-22980
-20099
-14756
-7561
632
8844
16108
21593
24718
25209
23119
18786
12774
5772
-1491
-8328
-14156
-18525
-21131
-21815
-20554
-17456
-12759
-6829
-157
6661
12962
18074
21393
22467
21073
17269
11407
4108
-3815
-11459
-17953
-22575
-24845
-24580
-21894
-17166
-10967
-3970
3141
9741
15316
19489
22014
22770
21741
19008
14749
9242
2876
-3856
-10372
-16048
-20279
-22562
-22571
-20219
-15695
-9452
-2160
5382
12349
18005
21791
23390
22743
20034
15633
10027
3752
-2675
-8791
-14203
-18591
-21694
-23307
-23278
-21529
-18082
-13090
-6866
124
7279
13920
19371
23050
24552
23716
20646
15704
9452
2566
-4252
-10371
-15295
-18702
-20448
-20539
-19094
-16300
-12377
-7562
-2112
3683
9486
14901
19489
22805
24451
24142
21768
17438
11484
4439
-3027
-10196
-16398
-21097
-23949
-24833
-23833
-21195
-17269
-12441
-7082
-1521
3964
9127
13732
17535
20273
21685
21548
19726
16225
11226
5098
-1631
-8328
-14339
-19077
-22108
-23198
-22340
-19731
-15719
-10741
-5241
379
5798
10778
15145
18756
21466
23111
23512
22505
19986
15959
10586
4196
-2727
-9595
-15790
-20750
-24052
-25465
-24976
-22770
-19180
-14624
-9523
-4248
917
5776
10197
14077
17297
19700
21088
21249
20007
17276
13115
7755
1596
-4831
-10938
-16157
-20031
-22272
-22793
-21697
-19237
-15748
-11578
-7027
-2319
2403
7049
11537
15747
19489
22499
24467
25085
24121
21478
17245
11701
5294
-1425
-7882
-13568
-18106
-21295
-23105
-23647
-23111
-21701
-19579
-16838
-13498
-9548
-4992
89
5505
10937
15966
20131
23004
24269
23789
21632
18059
13479
8369
3188
-1692
-6031
-9732
-12810
-15333
-17361
-18889
-19825
-19992
-19174
-17181
-13920
-9452
-4016
1983
8031
13586
18168
21437
23239
23614
22759
20961
18517
15660
12521
9114
5374
1216
-3394
-8381
-13521
-18461
-22755
-25952
-27680
-27728
-26088
-22961
-18716
-13812
-8707
-3772
764
4831
8490
11867
15078
18157
21005
23396
25007
25498
24600
22191
18354
13373
7699
1865
-3613
-8328
-12050
-14744
-16547
-17693
-18431
-18934
-19241
-19243
-18710
-17367
-14982
-11457
-6883
-1553
4073
9452
14062
17506
19582
20313
19919
18745
17163
15467
13805
12147
10313
8037
5073
1287
-3267
-8328
-13456
-18116
-21785
-24065
-24768
-23951
-21896
-19028
-15815
-12647
-9751
-7146
-4666
-2023
1077
4831
9250
14115
19011
23395
26721
28561
28704
27204
24367
20675
16664
12802
9378
6445
3833
1216
-1772
-5409
-9781
-14721
-19828
-24540
-28256
-30482
-30944
-29657
-26921
-23245
-19226
-15398
-12111
-9452
-7239
-5094
-2565
728
4965
10045
15584
20986
25578
28767
30179
29755
27760
24720
21282
18059
15470
13644
12393
11282
9753
7294
3603
-1312
-7104
-13150
-18690
-23005
-25590
-26278
-25276
-23111
-20490
-18120
-16519
-15885
-16045
-16506
-16589
-15621
-13129
-8982
-3453
2828
9013
14239
17836
19489
19316
17833
15814
14091
13329
13846
15527
17844
19995
21112
20496
17815
13207
7266
912
-4831
-9088
-11343
-11577
-10263
-8243
-6510
-5936
-7044
-9852
-13860
-18163
-21681
-23433
-22803
-19704
-14624
-8515
-2563
2101
4690
4961
3277
517
-2150
-3571
-2915
95
5096
11155
16996
21313
23111
21957
18111
12473
6364
1202
-1858
-2218
0
3978
8403
11804
12923
11061
6263
-661
-8328
-15110
-19547
-20709
-18446
-13439
-7038
-933
3268
4451
2288
-2670
-9109
-15281
-19436
-20270
0
0
0
0
0
0
0
0
0
0
0
0
0
0
0
0
0
0
0
0
0
0
0
0
0
0
0
0
0
0
0
0
0
0
0
0
0
0
0
0
0
0
0
0
0
0
0
0
0
0
0
0
0
0
0
0
0
0
0
0
0
0
0
0
0
0
0
0
0
0
0
0
0
0
0
0
0
0
0
0
0
0
0
0
0
0
0
0
0
0
0
0
0
0
0
0
0
0
0
0
0
0
0
0
0
0
0
0
0
0
0
0
0
0
0
0
0
0
0
0
0
0
0
0
0
0
0
0
0
0
0
0
0
0
0
0
0
0
0
0
0
0
0
0
0
0
0
0
0
0
0
0
0
0
0
0
0
0
0
0
0
0
0
0
0
0
0
0
0
0
0
0
0
0
0
0
0
0
0
0
0
0
0
0
0
0
0
0
0
0
0
0
0
0
0
0
0
0
0
0
0
0
0
0
0
0
0
0
0
0
0
0
0
0
0
0
0
0
0
0
0
0
0
0
0
0
0
0
0
0
0
0
0
0
0
0
0
0
0
0
0
0
0
0
0
0
0
0
0
0
0
0
0
0
0
0
0
0
0
0
0
0
0
0
0
0
0
0
0
0
0
0
0
0
0
0
0
0
0
0
0
0
0
0
0
0
0
0
0
0
0
0
0
0
0
0
0
0
0
0
0
0
0
0
0
0
0
0
0
0
0
0
0
0
0
0
0
0
0
0
0
0
0
0
0
0
0
0
0
0
0
0
0
0
0
0
0
0
0
0
0
0
0
0
0
0
0
0
0
0
0
0
0
0
0
0
0
0
0
0
0
0
0
0
0
0
0
0
0
0
0
0
0
0
0
0
0
0
0
0
0
0
0
0
0
0
0
0
0
0
0
0
0
0
0
0
0
0
0
0
0
0
0
0
0
0
0
0
0
0
0
0
0
0
0
0
0
0
0
0
0
0
0
0
0
0
0
0
0
0
0
0
0
0
0
0
0
0
0
0
0
0
0
0
0
0
0
0
0
0
0
0
0
0
0
0
0
0
0
0
0
0
0
0
0
0
0
0
0
0
0
0
0
0
0
0
0
0
0
0
0
0
0
0
0
0
0
0
0
0
0
0
0
0
0
0
0
0
0
0
0
0
0
0
0
0
0
0
0
0
0
0
0
0
0
0
0
0
0
0
0
0
0
0
0
0
0
0
0
0
0
0
0
0
0
0
0
0
0
0
0
0
0
0
0
0
0
0
0
0
0
0
0
0
0
0
0
0
0
0
0
0
0
0
0
0
0
0
0
0
0
0
0
0
0
0
0
0
0
0
0
0
0
0
0
0
0
0
0
0
0
0
0
0
0
0
0
0
0
0
0
0
0
0
0
0
0
0
0
0
0
0
0
0
0
0
0
0
0
0
0
0
0
0
0
0
0
0
0
0
0
0
0
0
0
0
0
0
0
0
0
0
0
0
0
0
0
0
0
0
0
0
0
0
0
0
0
0
0
0
0
0
0
0
0
0
0
0
0
0
0
0
0
0
0
0
0
0
0
0
0
0
0
0
0
0
0
0
0
0
0
0
0
0
0
0
0
0
0
0
0
0
0
0
0
0
0
0
0
0
0
0
0
0
0
0
0
0
0
0
0
0
0
0
0
0
0
0
0
0
0
0
0
0
0
0
0
0
0
0
0
0
0
0
0
0
0
0
0
0
0
0
0
0
0
0
0
0
0
0
0
0
0
0
0
0
0
0
0
0
0
0
0
0
0
0
0
0
0
0
0
0
0
0
0
0
0
0
0
0
0
0
0
0
0
0
0
0
0
0
0
0
0
0
0
0
0
0
0
0
0
0
0
0
0
0
0
0
0
0
0
0
0
0
0
0
0
0
0
0
0
0
0
0
0
0
0
0
0
0
0
0
0
0
0
0
0
0
0
0
0
0
0
0
0
0
0
0
0
0
0
0
0
0
0
0
0
0
0
0
0
0
0
0
0
0
0
0
0
0
0
0
0
0
0
0
0
0
0
0
0
0
0
0
0
0
0
0
0
0
0
0
0
0
0
0
0
0
0
0
0
0
0
0
0
0
0
0
0
0
0
0
0
0
0
0
0
0
0
0
0
0
0
0
0
0
0
0
0
0
0
0
0
0
0
0
0
0
0
0
0
0
0
0
0
0
0
0
0
0
0
7919
15128
20992
25030
26966
26751
24576
20837
16088
10975
6154
2212
-400
-1426
-827
1211
4304
7916
11427
14213
15723
15551
13482
9535
3953
-2811
-10155
-17384
-23795
-28756
-31782
-32586
-31110
-27539
-22274
-15882
-9035
-2427
3298
7633
10253
11054
10161
7910
4801
1435
-1562
-3625
-4307
-3350
-715
3410
8636
14406
20067
24946
28432
30043
29491
26719
21904
15445
7914
0
-7580
-14150
-19162
-22248
-23261
-22290
-19646
-15816
-11407
-7066
-3403
-916
68
-559
-2688
-5996
-9984
-14051
-17553
-19894
-20598
-19366
-16121
-11019
-4436
3072
10832
18127
24276
28717
31067
31162
29077
25119
19780
13685
7518
1937
-2499
-5398
-6576
-6073
-4154
-1262
2033
5108
7362
8303
7598
5128
999
-4459
-10741
-17207
-23169
-27967
-31045
-32022
-30730
-27240
-21859
-15086
-7563
0
6907
12555
16495
18492
18539
16855
13856
10104
6226
2847
503
-418
266
2521
6087
10518
15229
19571
22912
24707
24573
22337
18056
12022
4724
-3199
-11036
-18076
-23696
-27423
-28992
-28376
-25774
-21600
-16421
-10891
-5674
-1363
1590
2927
2611
829
-2033
-5442
-8779
-11427
-12841
-12618
-10558
-6681
-1239
5314
12375
19255
25258
29763
32302
32601
30624
26571
20859
14068
6880
0
-5934
-10410
-13108
-13930
-13007
-10682
-7462
-3950
-774
1496
2417
1735
-590
-4372
-9220
-14580
-19806
-24236
-27269
-28439
-27474
-24331
-19203
-12499
-4806
3187
10757
17237
22080
24930
25651
24348
21343
17137
12344
7620
3581
728
-612
-328
1467
4451
8133
11907
15142
17248
17757
16383
13057
7942
1426
-5936
-13470
-20462
-26242
-30260
-32146
-31755
-29180
-24741
-18947
-12436
-5898
0
4701
7810
9146
8757
6907
4043
741
-2375
-4711
-5773
-5234
-2977
888
6033
11949
18005
23519
27843
30435
30929
29175
25262
19509
12431
4677
-3034
-10009
-15644
-19500
-21346
-21190
-19258
-15981
-11925
-7728
-4016
-1333
-62
-391
-2284
-5481
-9538
-13876
-17853
-20843
-22315
-21898
-19430
-14983
-8857
-1549
6299
13976
20775
26081
29435
30586
29522
26461
21828
16206
10259
4657
0
-3262
-4869
-4786
-3202
-504
2770
6010
8598
9992
9799
7821
4087
-1147
-7430
-14156
-20643
-26204
-30232
-32271
-32066
-29600
-25088
-18963
-11819
-4345
2749
8823
13368
16067
16831
15801
13326
9920
6191
2774
237
-974
-606
1380
4798
9256
14208
19014
23018
25633
26406
25082
21629
16256
9384
1605
-6386
-13870
-20179
-24778
-27322
-27689
-25998
-22585
-17962
-12757
-7634
-3214
0
1681
1715
216
-2492
-5919
-9465
-12500
-14443
-14835
-13396
-10066
-5020
1356
8502
15745
22379
27743
31300
32696
31803
28732
23819
17588
10691
3823
-2344
-7251
-10506
-11932
-11580
-9722
-6812
-3425
-188
2300
3551
3239
1249
-2307
-7101
-12626
-18257
-23321
-27177
-29303
-29344
-27169
-22883
-16818
-9500
-1590
6196
13159
18702
22393
24015
23582
21338
17722
13311
8751
4676
1629
0
-26
1513
4362
8077
12084
15746
18445
19659
19030
16407
11873
5733
-1506
-9203
-16645
-23136
-28069
-31000
-31692
-30149
-26607
-21508
-15445
-9094
-3133
1837
5362
7186
7276
5822
3219
0
-3219
-5822
-7276
-7186
-5362
-1837
3133
9094
15445
21508
26607
30149
31692
31000
28069
23136
16645
9203
1506
-5733
-11873
-16407
-19030
-19659
-18445
-15746
-12084
-8077
-4362
-1513
26
0
-1629
-4676
-8751
-13311
-17722
-21338
-23582
-24015
-22393
-18702
-13159
-6196
1590
9500
16818
22883
27169
29344
29303
27177
23321
18257
12626
7101
2307
-1249
-3239
-3551
-2300
188
3425
6812
9722
11580
11932
10506
7251
2344
-3823
-10691
-17588
-23819
-28732
-31803
-32696
-31300
-27743
-22379
-15745
-8502
-1356
5020
10066
13396
14835
14443
12500
9465
5919
2492
-216
-1715
-1681
0
3214
7634
12757
17962
22585
25998
27689
27322
24778
20179
13870
6386
-1605
-9384
-16256
-21629
-25082
-26406
-25633
-23018
-19014
-14208
-9256
-4798
-1380
606
974
-237
-2774
-6191
-9920
-13326
-15801
-16831
-16067
-13368
-8823
-2749
4345
11819
18963
25088
29600
32066
32271
30232
26204
20643
14156
7430
1147
-4087
-7821
-9799
-9992
-8598
-6010
-2770
504
3202
4786
4869
3262
0
-4657
-10259
-16206
-21828
-26461
-29522
-30586
-29435
-26081
-20775
-13976
-6299
1549
8857
14983
19430
21898
22315
20843
17853
13876
9538
5481
2284
391
62
1333
4016
7728
11925
15981
19258
21190
21346
19500
15644
10009
3034
-4677
-12431
-19509
-25262
-29175
-30929
-30435
-27843
-23519
-18005
-11949
-6033
-888
2977
5234
5773
4711
2375
-741
-4043
-6907
-8757
-9146
-7810
-4701
0
5898
12436
18947
24741
29180
31755
32146
30260
26242
20462
13470
5936
-1426
-7942
-13057
-16383
-17757
-17248
-15142
-11907
-8133
-4451
-1467
328
612
-728
-3581
-7620
-12344
-17137
-21343
-24348
-25651
-24930
-22080
-17237
-10757
-3187
4806
12499
19203
24331
27474
28439
27269
24236
19806
14580
9220
4372
590
-1735
-2417
-1496
774
3950
7462
10682
13007
13930
13108
10410
5934
0
-6880
-14068
-20859
-26571
-30624
-32601
-32302
-29763
-25258
-19255
-12375
-5314
1239
6681
10558
12618
12841
11427
8779
5442
2033
-829
-2611
-2927
-1590
1363
5674
10891
16421
21600
25774
28376
28992
27423
23696
18076
11036
3199
-4724
-12022
-18056
-22337
-24573
-24707
-22912
-19571
-15229
-10518
-6087
-2521
-266
418
-503
-2847
-6226
-10104
-13856
-16855
-18539
-18492
-16495
-12555
-6907
0
7563
15086
21859
27240
30730
32022
31045
27967
23169
17207
10741
4459
-999
-5128
-7598
-8303
-7362
-5108
-2033
1262
4154
6073
6576
5398
2499
-1937
-7518
-13685
-19780
-25119
-29077
-31162
-31067
-28717
-24276
-18127
-10832
-3072
4436
11019
16121
19366
20598
19894
17553
14051
9984
5996
2688
559
-68
916
3403
7066
11407
15816
19646
22290
23261
22248
19162
14150
7580
0
-7914
-15445
-21904
-26719
-29491
-30043
-28432
-24946
-20067
-14406
-8636
-3410
715
3350
4307
3625
1562
-1435
-4801
-7910
-10161
-11054
-10253
-7633
-3298
2427
9035
15882
22274
27539
31110
32586
31782
28756
23795
17384
10155
2811
-3953
-9535
-13482
-15551
-15723
-14213
-11427
-7916
-4304
-1211
827
1426
400
-2212
-6154
-10975
-16088
-20837
-24576
-26751
-26966
-25030
-20992
-15128
-7919
0
7919
15128
20992
25030
26966
26751
24576
20837
16088
10975
6154
2212
-400
-1426
-827
1211
4304
7916
11427
14213
15723
15551
13482
9535
3953
-2811
-10155
-17384
-23795
-28756
-31782
-32586
-31110
-27539
-22274
-15882
-9035
-2427
3298
7633
10253
11054
10161
7910
4801
1435
-1562
-3625
-4307
-3350
-715
3410
8636
14406
20067
24946
28432
30043
29491
26719
21904
15445
7914
0
-7580
-14150
-19162
-22248
-23261
-22290
-19646
-15816
-11407
-7066
-3403
-916
68
-559
-2688
-5996
-9984
-14051
-17553
-19894
-20598
-19366
-16121
-11019
-4436
3072
10832
18127
24276
28717
31067
31162
29077
25119
19780
13685
7518
1937
-2499
-5398
-6576
-6073
-4154
-1262
2033
5108
7362
8303
7598
5128
999
-4459
-10741
-17207
-23169
-27967
-31045
-32022
-30730
-27240
-21859
-15086
-7563
0
6907
12555
16495
18492
18539
16855
13856
10104
6226
2847
503
-418
266
2521
6087
10518
15229
19571
22912
24707
24573
22337
18056
12022
4724
-3199
-11036
-18076
-23696
-27423
-28992
-28376
-25774
-21600
-16421
-10891
-5674
-1363
1590
2927
2611
829
-2033
-5442
-8779
-11427
-12841
-12618
-10558
-6681
-1239
5314
12375
19255
25258
29763
32302
32601
30624
26571
20859
14068
6880
0
-5934
-10410
-13108
-13930
-13007
-10682
-7462
-3950
-774
1496
2417
1735
-590
-4372
-9220
-14580
-19806
-24236
-27269
-28439
-27474
-24331
-19203
-12499
-4806
3187
10757
17237
22080
24930
25651
24348
21343
17137
12344
7620
3581
728
-612
-328
1467
4451
8133
11907
15142
17248
17757
16383
13057
7942
1426
-5936
-13470
-20462
-26242
-30260
-32146
-31755
-29180
-24741
-18947
-12436
-5898
0
4701
7810
9146
8757
6907
4043
741
-2375
-4711
-5773
-5234
-2977
888
6033
11949
18005
23519
27843
30435
30929
29175
25262
19509
12431
4677
-3034
-10009
-15644
-19500
-21346
-21190
-19258
-15981
-11925
-7728
-4016
-1333
-62
-391
-2284
-5481
-9538
-13876
-17853
-20843
-22315
-21898
-19430
-14983
-8857
-1549
6299
13976
20775
26081
29435
30586
29522
26461
21828
16206
10259
4657
0
-3262
-4869
-4786
-3202
-504
2770
6010
8598
9992
9799
7821
4087
-1147
-7430
-14156
-20643
-26204
-30232
-32271
-32066
-29600
-25088
-18963
-11819
-4345
2749
8823
13368
16067
16831
15801
13326
9920
6191
2774
237
-974
-606
1380
4798
9256
14208
19014
23018
25633
26406
25082
21629
16256
9384
1605
-6386
-13870
-20179
-24778
-27322
-27689
-25998
-22585
-17962
-12757
-7634
-3214
0
1681
1715
216
-2492
-5919
-9465
-12500
-14443
-14835
-13396
-10066
-5020
1356
8502
15745
22379
27743
31300
32696
31803
28732
23819
17588
10691
3823
-2344
-7251
-10506
-11932
-11580
-9722
-6812
-3425
-188
2300
3551
3239
1249
-2307
-7101
-12626
-18257
-23321
-27177
-29303
-29344
-27169
-22883
-16818
-9500
-1590
6196
13159
18702
22393
24015
23582
21338
17722
13311
8751
4676
1629
0
-26
1513
4362
8077
12084
15746
18445
19659
19030
16407
11873
5733
-1506
-9203
-16645
-23136
-28069
-31000
-31692
-30149
-26607
-21508
-15445
-9094
-3133
1837
5362
7186
7276
5822
3219
0
-3219
-5822
-7276
-7186
-5362
-1837
3133
9094
15445
21508
26607
30149
31692
31000
28069
23136
16645
9203
1506
-5733
-11873
-16407
-19030
-19659
-18445
-15746
-12084
-8077
-4362
-1513
26
0
-1629
-4676
-8751
-13311
-17722
-21338
-23582
-24015
-22393
-18702
-13159
-6196
1590
9500
16818
22883
27169
29344
29303
27177
23321
18257
12626
7101
2307
-1249
-3239
-3551
-2300
188
3425
6812
9722
11580
11932
10506
7251
2344
-3823
-10691
-17588
-23819
-28732
-31803
-32696
-31300
-27743
-22379
-15745
-8502
-1356
5020
10066
13396
14835
14443
12500
9465
5919
2492
-216
-1715
-1681
0
3214
7634
12757
17962
22585
25998
27689
27322
24778
20179
13870
6386
-1605
-9384
-16256
-21629
-25082
-26406
-25633
-23018
-19014
-14208
-9256
-4798
-1380
606
974
-237
-2774
-6191
-9920
-13326
-15801
-16831
-16067
-13368
-8823
-2749
4345
11819
18963
25088
29600
32066
32271
30232
26204
20643
14156
7430
1147
-4087
-7821
-9799
-9992
-8598
-6010
-2770
504
3202
4786
4869
3262
0
-4657
-10259
-16206
-21828
-26461
-29522
-30586
-29435
-26081
-20775
-13976
-6299
1549
8857
14983
19430
21898
22315
20843
17853
13876
9538
5481
2284
391
62
1333
4016
7728
11925
15981
19258
21190
21346
19500
15644
10009
3034
-4677
-12431
-19509
-25262
-29175
-30929
-30435
-27843
-23519
-18005
-11949
-6033
-888
2977
5234
5773
4711
2375
-741
-4043
-6907
-8757
-9146
-7810
-4701
0
5898
12436
18947
24741
29180
31755
32146
30260
26242
20462
13470
5936
-1426
-7942
-13057
-16383
-17757
-17248
-15142
-11907
-8133
-4451
-1467
328
612
-728
-3581
-7620
-12344
-17137
-21343
-24348
-25651
-24930
-22080
-17237
-10757
-3187
4806
12499
19203
24331
27474
28439
27269
24236
19806
14580
9220
4372
590
-1735
-2417
-1496
774
3950
7462
10682
13007
13930
13108
10410
5934
0
-6880
-14068
-20859
-26571
-30624
-32601
-32302
-29763
-25258
-19255
-12375
-5314
1239
6681
10558
12618
12841
11427
8779
5442
2033
-829
-2611
-2927
-1590
1363
5674
10891
16421
21600
25774
28376
28992
27423
23696
18076
11036
3199
-4724
-12022
-18056
-22337
-24573
-24707
-22912
-19571
-15229
-10518
-6087
-2521
-266
418
-503
-2847
-6226
-10104
-13856
-16855
-18539
-18492
-16495
-12555
-6907
0
7563
15086
21859
27240
30730
32022
31045
27967
23169
17207
10741
4459
-999
-5128
-7598
-8303
-7362
-5108
-2033
1262
4154
6073
6576
5398
2499
-1937
-7518
-13685
-19780
-25119
-29077
-31162
-31067
-28717
-24276
-18127
-10832
-3072
4436
11019
16121
19366
20598
19894
17553
14051
9984
5996
2688
559
-68
916
3403
7066
11407
15816
19646
22290
23261
22248
19162
14150
7580
0
-7914
-15445
-21904
-26719
-29491
-30043
-28432
-24946
-20067
-14406
-8636
-3410
715
3350
4307
3625
1562
-1435
-4801
-7910
-10161
-11054
-10253
-7633
-3298
2427
9035
15882
22274
27539
31110
32586
31782
28756
23795
17384
10155
2811
-3953
-9535
-13482
-15551
-15723
-14213
-11427
-7916
-4304
-1211
827
1426
400
-2212
-6154
-10975
-16088
-20837
-24576
-26751
-26966
-25030
-20992
-15128
-7919
0
7919
15128
20992
25030
26966
26751
24576
20837
16088
10975
6154
2212
-400
-1426
-827
1211
4304
7916
11427
14213
15723
15551
13482
9535
3953
-2811
-10155
-17384
-23795
-28756
-31782
-32586
-31110
-27539
-22274
-15882
-9035
-2427
3298
7633
10253
11054
10161
7910
4801
1435
-1562
-3625
-4307
-3350
-715
3410
8636
14406
20067
24946
28432
30043
29491
26719
21904
15445
7914
0
-7580
-14150
-19162
-22248
-23261
-22290
-19646
-15816
-11407
-7066
-3403
-916
68
-559
-2688
-5996
-9984
-14051
-17553
-19894
-20598
-19366
-16121
-11019
-4436
3072
10832
18127
24276
28717
31067
31162
29077
25119
19780
13685
7518
1937
-2499
-5398
-6576
-6073
-4154
-1262
2033
5108
7362
8303
7598
5128
999
-4459
-10741
-17207
-23169
-27967
-31045
-32022
-30730
-27240
-21859
-15086
-7563
0
6907
12555
16495
18492
18539
16855
13856
10104
6226
2847
503
-418
266
2521
6087
10518
15229
19571
22912
24707
24573
22337
18056
12022
4724
-3199
-11036
-18076
-23696
-27423
-28992
-28376
-25774
-21600
-16421
-10891
-5674
-1363
1590
2927
2611
829
-2033
-5442
-8779
-11427
-12841
-12618
-10558
-6681
-1239
5314
12375
19255
25258
29763
32302
32601
30624
26571
20859
14068
6880
0
-5934
-10410
-13108
-13930
-13007
-10682
-7462
-3950
-774
1496
2417
1735
-590
-4372
-9220
-14580
-19806
-24236
-27269
-28439
-27474
-24331
-19203
-12499
-4806
3187
10757
17237
22080
24930
25651
24348
21343
17137
12344
7620
3581
728
-612
-328
1467
4451
8133
11907
15142
17248
17757
16383
13057
7942
1426
-5936
-13470
-20462
-26242
-30260
-32146
-31755
-29180
-24741
-18947
-12436
-5898
0
4701
7810
9146
8757
6907
4043
741
-2375
-4711
-5773
-5234
-2977
888
6033
11949
18005
23519
27843
30435
30929
29175
25262
19509
12431
4677
-3034
-10009
-15644
-19500
-21346
-21190
-19258
-15981
-11925
-7728
-4016
-1333
-62
-391
-2284
-5481
-9538
-13876
-17853
-20843
-22315
-21898
-19430
-14983
-8857
-1549
6299
13976
20775
26081
29435
30586
29522
26461
21828
16206
10259
4657
0
-3262
-4869
-4786
-3202
-504
2770
6010
8598
9992
9799
7821
4087
-1147
-7430
-14156
-20643
-26204
-30232
-32271
-32066
-29600
-25088
-18963
-11819
-4345
2749
8823
13368
16067
16831
15801
13326
9920
6191
2774
237
-974
-606
1380
4798
9256
14208
19014
23018
25633
26406
25082
21629
16256
9384
1605
-6386
-13870
-20179
-24778
-27322
-27689
-25998
-22585
-17962
-12757
-7634
-3214
0
1681
1715
216
-2492
-5919
-9465
-12500
-14443
-14835
-13396
-10066
-5020
1356
8502
15745
22379
27743
31300
32696
31803
28732
23819
17588
10691
3823
-2344
-7251
-10506
-11932
-11580
-9722
-6812
-3425
-188
2300
3551
3239
1249
-2307
-7101
-12626
-18257
-23321
-27177
-29303
-29344
-27169
-22883
-16818
-9500
-1590
6196
13159
18702
22393
24015
23582
21338
17722
13311
8751
4676
1629
0
-26
1513
4362
8077
12084
15746
18445
19659
19030
16407
11873
5733
-1506
-9203
-16645
-23136
-28069
-31000
-31692
-30149
-26607
-21508
-15445
-9094
-3133
1837
5362
7186
7276
5822
3219
0
-3219
-5822
-7276
-7186
-5362
-1837
3133
9094
15445
21508
26607
30149
31692
31000
28069
23136
16645
9203
1506
-5733
-11873
-16407
-19030
-19659
-18445
-15746
-12084
-8077
-4362
-1513
26
0
-1629
-4676
-8751
-13311
-17722
-21338
-23582
-24015
-22393
-18702
-13159
-6196
1590
9500
16818
22883
27169
29344
29303
27177
23321
18257
12626
7101
2307
-1249
-3239
-3551
-2300
188
3425
6812
9722
11580
11932
10506
7251
2344
-3823
-10691
-17588
-23819
-28732
-31803
-32696
-31300
-27743
-22379
-15745
-8502
-1356
5020
10066
13396
14835
14443
12500
9465
5919
2492
-216
-1715
-1681
0
3214
7634
12757
17962
22585
25998
27689
27322
24778
20179
13870
6386
-1605
-9384
-16256
-21629
-25082
-26406
-25633
-23018
-19014
-14208
-9256
-4798
-1380
606
974
-237
-2774
-6191
-9920
-13326
-15801
-16831
-16067
-13368
-8823
-2749
4345
11819
18963
25088
29600
32066
32271
30232
26204
20643
14156
7430
1147
-4087
-7821
-9799
-9992
-8598
-6010
-2770
504
3202
4786
4869
3262
0
-4657
-10259
-16206
-21828
-26461
-29522
-30586
-29435
-26081
-20775
-13976
-6299
1549
8857
14983
19430
21898
22315
20843
17853
13876
9538
5481
2284
391
62
1333
4016
7728
11925
15981
19258
21190
21346
19500
15644
10009
3034
-4677
-12431
-19509
-25262
-29175
-30929
-30435
-27843
-23519
-18005
-11949
-6033
-888
2977
5234
5773
4711
2375
-741
-4043
-6907
-8757
-9146
-7810
-4701
0
5898
12436
18947
24741
29180
31755
32146
30260
26242
20462
13470
5936
-1426
-7942
-13057
-16383
-17757
-17248
-15142
-11907
-8133
-4451
-1467
328
612
-728
-3581
-7620
-12344
-17137
-21343
-24348
-25651
-24930
-22080
-17237
-10757
-3187
4806
12499
19203
24331
27474
28439
27269
24236
19806
14580
9220
4372
590
-1735
-2417
-1496
774
3950
7462
10682
13007
13930
13108
10410
5934
0
-6880
-14068
-20859
-26571
-30624
-32601
-32302
-29763
-25258
-19255
-12375
-5314
1239
6681
10558
12618
12841
11427
8779
5442
2033
-829
-2611
-2927
-1590
1363
5674
10891
16421
21600
25774
28376
28992
27423
23696
18076
11036
3199
-4724
-12022
-18056
-22337
-24573
-24707
-22912
-19571
-15229
-10518
-6087
-2521
-266
418
-503
-2847
-6226
-10104
-13856
-16855
-18539
-18492
-16495
-12555
-6907
0
7563
15086
21859
27240
30730
32022
31045
27967
23169
17207
10741
4459
-999
-5128
-7598
-8303
-7362
-5108
-2033
1262
4154
6073
6576
5398
2499
-1937
-7518
-13685
-19780
-25119
-29077
-31162
-31067
-28717
-24276
-18127
-10832
-3072
4436
11019
16121
19366
20598
19894
17553
14051
9984
5996
2688
559
-68
916
3403
7066
11407
15816
19646
22290
23261
22248
19162
14150
7580
0
-7914
-15445
-21904
-26719
-29491
-30043
-28432
-24946
-20067
-14406
-8636
-3410
715
3350
4307
3625
1562
-1435
-4801
-7910
-10161
-11054
-10253
-7633
-3298
2427
9035
15882
22274
27539
31110
32586
31782
28756
23795
17384
10155
2811
-3953
-9535
-13482
-15551
-15723
-14213
-11427
-7916
-4304
-1211
827
1426
400
-2212
-6154
-10975
-16088
-20837
-24576
-26751
-26966
-25030
-20992
-15128
-7919
0
7919
15128
20992
25030
26966
26751
24576
20837
16088
10975
6154
2212
-400
-1426
-827
1211
4304
7916
11427
14213
15723
15551
13482
9535
3953
-2811
-10155
-17384
-23795
-28756
-31782
-32586
-31110
-27539
-22274
-15882
-9035
-2427
3298
7633
10253
11054
10161
7910
4801
1435
-1562
-3625
-4307
-3350
-715
3410
8636
14406
20067
24946
28432
30043
29491
26719
21904
15445
7914
0
-7580
-14150
-19162
-22248
-23261
-22290
-19646
-15816
-11407
-7066
-3403
-916
68
-559
-2688
-5996
-9984
-14051
-17553
-19894
-20598
-19366
-16121
-11019
-4436
3072
10832
18127
24276
28717
31067
31162
29077
25119
19780
13685
7518
1937
-2499
-5398
-6576
-6073
-4154
-1262
2033
5108
7362
8303
7598
5128
999
-4459
-10741
-17207
-23169
-27967
-31045
-32022
-30730
-27240
-21859
-15086
-7563
0
6907
12555
16495
18492
18539
16855
13856
10104
6226
2847
503
-418
266
2521
6087
10518
15229
19571
22912
24707
24573
22337
18056
12022
4724
-3199
-11036
-18076
-23696
-27423
-28992
-28376
-25774
-21600
-16421
-10891
-5674
-1363
1590
2927
2611
829
-2033
-5442
-8779
-11427
-12841
-12618
-10558
-6681
-1239
5314
12375
19255
25258
29763
32302
32601
30624
26571
20859
14068
6880
0
-5934
-10410
-13108
-13930
-13007
-10682
-7462
-3950
-774
1496
2417
1735
-590
-4372
-9220
-14580
-19806
-24236
-27269
-28439
-27474
-24331
-19203
-12499
-4806
3187
10757
17237
22080
24930
25651
24348
21343
17137
12344
7620
3581
728
-612
-328
1467
4451
8133
11907
15142
17248
17757
16383
13057
7942
1426
-5936
-13470
-20462
-26242
-30260
-32146
-31755
-29180
-24741
-18947
-12436
-5898
0
4701
7810
9146
8757
6907
4043
741
-2375
-4711
-5773
-5234
-2977
888
6033
11949
18005
23519
27843
30435
30929
29175
25262
19509
12431
4677
-3034
-10009
-15644
-19500
-21346
-21190
-19258
-15981
-11925
-7728
-4016
-1333
-62
-391
-2284
-5481
-9538
-13876
-17853
-20843
-22315
-21898
-19430
-14983
-8857
-1549
6299
13976
20775
26081
29435
30586
29522
26461
21828
16206
10259
4657
0
-3262
-4869
-4786
-3202
-504
2770
6010
8598
9992
9799
7821
4087
-1147
-7430
-14156
-20643
-26204
-30232
-32271
-32066
-29600
-25088
-18963
-11819
-4345
2749
8823
13368
16067
16831
15801
13326
9920
6191
2774
237
-974
-606
1380
4798
9256
14208
19014
23018
25633
26406
25082
21629
16256
9384
1605
-6386
-13870
-20179
-24778
-27322
-27689
-25998
-22585
-17962
-12757
-7634
-3214
0
1681
1715
216
-2492
-5919
-9465
-12500
-14443
-14835
-13396
-10066
-5020
1356
8502
15745
22379
27743
31300
32696
31803
28732
23819
17588
10691
3823
-2344
-7251
-10506
-11932
-11580
-9722
-6812
-3425
-188
2300
3551
3239
1249
-2307
-7101
-12626
-18257
-23321
-27177
-29303
-29344
-27169
-22883
-16818
-9500
-1590
6196
13159
18702
22393
24015
23582
21338
17722
13311
8751
4676
1629
0
-26
1513
4362
8077
12084
15746
18445
19659
19030
16407
11873
5733
-1506
-9203
-16645
-23136
-28069
-31000
-31692
-30149
-26607
-21508
-15445
-9094
-3133
1837
5362
7186
7276
5822
3219
0
-3219
-5822
-7276
-7186
-5362
-1837
3133
9094
15445
21508
26607
30149
31692
31000
28069
23136
16645
9203
1506
-5733
-11873
-16407
-19030
-19659
-18445
-15746
-12084
-8077
-4362
-1513
26
0
-1629
-4676
-8751
-13311
-17722
-21338
-23582
-24015
-22393
-18702
-13159
-6196
1590
9500
16818
22883
27169
29344
29303
27177
23321
18257
12626
7101
2307
-1249
-3239
-3551
-2300
188
3425
6812
9722
11580
11932
10506
7251
2344
-3823
-10691
-17588
-23819
-28732
-31803
-32696
-31300
-27743
-22379
-15745
-8502
-1356
5020
10066
13396
14835
14443
12500
9465
5919
2492
-216
-1715
-1681
0
3214
7634
12757
17962
22585
25998
27689
27322
24778
20179
13870
6386
-1605
-9384
-16256
-21629
-25082
-26406
-25633
-23018
-19014
-14208
-9256
-4798
-1380
606
974
-237
-2774
-6191
-9920
-13326
-15801
-16831
-16067
-13368
-8823
-2749
4345
11819
18963
25088
29600
32066
32271
30232
26204
20643
14156
7430
1147
-4087
-7821
-9799
-9992
-8598
-6010
-2770
504
3202
4786
4869
3262
0
-4657
-10259
-16206
-21828
-26461
-29522
-30586
-29435
-26081
-20775
-13976
-6299
1549
8857
14983
19430
21898
22315
20843
17853
13876
9538
5481
2284
391
62
1333
4016
7728
11925
15981
19258
21190
21346
19500
15644
10009
3034
-4677
-12431
-19509
-25262
-29175
-30929
-30435
-27843
-23519
-18005
-11949
-6033
-888
2977
5234
5773
4711
2375
-741
-4043
-6907
-8757
-9146
-7810
-4701
0
5898
12436
18947
24741
29180
31755
32146
30260
26242
20462
13470
5936
-1426
-7942
-13057
-16383
-17757
-17248
-15142
-11907
-8133
-4451
-1467
328
612
-728
-3581
-7620
-12344
-17137
-21343
-24348
-25651
-24930
-22080
-17237
-10757
-3187
4806
12499
19203
24331
27474
28439
27269
24236
19806
14580
9220
4372
590
-1735
-2417
-1496
774
3950
7462
10682
13007
13930
13108
10410
5934
0
-6880
-14068
-20859
-26571
-30624
-32601
-32302
-29763
-25258
-19255
-12375
-5314
1239
6681
10558
12618
12841
11427
8779
5442
2033
-829
-2611
-2927
-1590
1363
5674
10891
16421
21600
25774
28376
28992
27423
23696
18076
11036
3199
-4724
-12022
-18056
-22337
-24573
-24707
-22912
-19571
-15229
-10518
-6087
-2521
-266
418
-503
-2847
-6226
-10104
-13856
-16855
-18539
-18492
-16495
-12555
-6907
0
7563
15086
21859
27240
30730
32022
31045
27967
23169
17207
10741
4459
-999
-5128
-7598
-8303
-7362
-5108
-2033
1262
4154
6073
6576
5398
2499
-1937
-7518
-13685
-19780
-25119
-29077
-31162
-31067
-28717
-24276
-18127
-10832
-3072
4436
11019
16121
19366
20598
19894
17553
14051
9984
5996
2688
559
-68
916
3403
7066
11407
15816
19646
22290
23261
22248
19162
14150
7580
0
-7914
-15445
-21904
-26719
-29491
-30043
-28432
-24946
-20067
-14406
-8636
-3410
715
3350
4307
3625
1562
-1435
-4801
-7910
-10161
-11054
-10253
-7633
-3298
2427
9035
15882
22274
27539
31110
32586
31782
28756
23795
17384
10155
2811
-3953
-9535
-13482
-15551
-15723
-14213
-11427
-7916
-4304
-1211
827
1426
400
-2212
-6154
-10975
-16088
-20837
-24576
-26751
-26966
-25030
-20992
-15128
-7919
0
7919
15128
20992
25030
26966
26751
24576
20837
16088
10975
6154
2212
-400
-1426
-827
1211
4304
7916
11427
14213
15723
15551
13482
9535
3953
-2811
-10155
-17384
-23795
-28756
-31782
-32586
-31110
-27539
-22274
-15882
-9035
-2427
3298
7633
10253
11054
10161
7910
4801
1435
-1562
-3625
-4307
-3350
-715
3410
8636
14406
20067
24946
28432
30043
29491
26719
21904
15445
7914
0
-7580
-14150
-19162
-22248
-23261
-22290
-19646
-15816
-11407
-7066
-3403
-916
68
-559
-2688
-5996
-9984
-14051
-17553
-19894
-20598
-19366
-16121
-11019
-4436
3072
10832
18127
24276
28717
31067
31162
29077
25119
19780
13685
7518
1937
-2499
-5398
-6576
-6073
-4154
-1262
2033
5108
7362
8303
7598
5128
999
-4459
-10741
-17207
-23169
-27967
-31045
-32022
-30730
-27240
-21859
-15086
-7563
0
6907
12555
16495
18492
18539
16855
13856
10104
6226
2847
503
-418
266
2521
6087
10518
15229
19571
22912
24707
24573
22337
18056
12022
4724
-3199
-11036
-18076
-23696
-27423
-28992
-28376
-25774
-21600
-16421
-10891
-5674
-1363
1590
2927
2611
829
-2033
-5442
-8779
-11427
-12841
-12618
-10558
-6681
-1239
5314
12375
19255
25258
29763
32302
32601
30624
26571
20859
14068
6880
0
-5934
-10410
-13108
-13930
-13007
-10682
-7462
-3950
-774
1496
2417
1735
-590
-4372
-9220
-14580
-19806
-24236
-27269
-28439
-27474
-24331
-19203
-12499
-4806
3187
10757
17237
22080
24930
25651
24348
21343
17137
12344
7620
3581
728
-612
-328
1467
4451
8133
11907
15142
17248
17757
16383
13057
7942
1426
-5936
-13470
-20462
-26242
-30260
-32146
-31755
-29180
-24741
-18947
-12436
-5898
0
4701
7810
9146
8757
6907
4043
741
-2375
-4711
-5773
-5234
-2977
888
6033
11949
18005
23519
27843
30435
30929
29175
25262
19509
12431
4677
-3034
-10009
-15644
-19500
-21346
-21190
-19258
-15981
-11925
-7728
-4016
-1333
-62
-391
-2284
-5481
-9538
-13876
-17853
-20843
-22315
-21898
-19430
-14983
-8857
-1549
6299
13976
20775
26081
29435
30586
29522
26461
21828
16206
10259
4657
0
-3262
-4869
-4786
-3202
-504
2770
6010
8598
9992
9799
7821
4087
-1147
-7430
-14156
-20643
-26204
-30232
-32271
-32066
-29600
-25088
-18963
-11819
-4345
2749
8823
13368
16067
16831
15801
13326
9920
6191
2774
237
-974
-606
1380
4798
9256
14208
19014
23018
25633
26406
25082
21629
16256
9384
1605
-6386
-13870
-20179
-24778
-27322
-27689
-25998
-22585
-17962
-12757
-7634
-3214
0
1681
1715
216
-2492
-5919
-9465
-12500
-14443
-14835
-13396
-10066
-5020
1356
8502
15745
22379
27743
31300
32696
31803
28732
23819
17588
10691
3823
-2344
-7251
-10506
-11932
-11580
-9722
-6812
-3425
-188
2300
3551
3239
1249
-2307
-7101
-12626
-18257
-23321
-27177
-29303
-29344
-27169
-22883
-16818
-9500
-1590
6196
13159
18702
22393
24015
23582
21338
17722
13311
8751
4676
1629
0
-26
1513
4362
8077
12084
15746
18445
19659
19030
16407
11873
5733
-1506
-9203
-16645
-23136
-28069
-31000
-31692
-30149
-26607
-21508
-15445
-9094
-3133
1837
5362
7186
7276
5822
3219
0
-3219
-5822
-7276
-7186
-5362
-1837
3133
9094
15445
21508
26607
30149
31692
31000
28069
23136
16645
9203
1506
-5733
-11873
-16407
-19030
-19659
-18445
-15746
-12084
-8077
-4362
-1513
26
0
-1629
-4676
-8751
-13311
-17722
-21338
-23582
-24015
-22393
-18702
-13159
-6196
1590
9500
16818
22883
27169
29344
29303
27177
23321
18257
12626
7101
2307
-1249
-3239
-3551
-2300
188
3425
6812
9722
11580
11932
10506
7251
2344
-3823
-10691
-17588
-23819
-28732
-31803
-32696
-31300
-27743
-22379
-15745
-8502
-1356
5020
10066
13396
14835
14443
12500
9465
5919
2492
-216
-1715
-1681
0
3214
7634
12757
17962
22585
25998
27689
27322
24778
20179
13870
6386
-1605
-9384
-16256
-21629
-25082
-26406
-25633
-23018
-19014
-14208
-9256
-4798
-1380
606
974
-237
-2774
-6191
-9920
-13326
-15801
-16831
-16067
-13368
-8823
-2749
4345
11819
18963
25088
29600
32066
32271
30232
26204
20643
14156
7430
1147
-4087
-7821
-9799
-9992
-8598
-6010
-2770
504
3202
4786
4869
3262
0
-4657
-10259
-16206
-21828
-26461
-29522
-30586
-29435
-26081
-20775
-13976
-6299
1549
8857
14983
19430
21898
22315
20843
17853
13876
9538
5481
2284
391
62
1333
4016
7728
11925
15981
19258
21190
21346
19500
15644
10009
3034
-4677
-12431
-19509
-25262
-29175
-30929
-30435
-27843
-23519
-18005
-11949
-6033
-888
2977
5234
5773
4711
2375
-741
-4043
-6907
-8757
-9146
-7810
-4701
0
5898
12436
18947
24741
29180
31755
32146
30260
26242
20462
13470
5936
-1426
-7942
-13057
-16383
-17757
-17248
-15142
-11907
-8133
-4451
-1467
328
612
-728
-3581
-7620
-12344
-17137
-21343
-24348
-25651
-24930
-22080
-17237
-10757
-3187
4806
12499
19203
24331
27474
28439
27269
24236
19806
14580
9220
4372
590
-1735
-2417
-1496
774
3950
7462
10682
13007
13930
13108
10410
5934
0
-6880
-14068
-20859
-26571
-30624
-32601
-32302
-29763
-25258
-19255
-12375
-5314
1239
6681
10558
12618
12841
11427
8779
5442
2033
-829
-2611
-2927
-1590
1363
5674
10891
16421
21600
25774
28376
28992
27423
23696
18076
11036
3199
-4724
-12022
-18056
-22337
-24573
-24707
-22912
-19571
-15229
-10518
-6087
-2521
-266
418
-503
-2847
-6226
-10104
-13856
-16855
-18539
-18492
-16495
-12555
-6907
0
7563
15086
21859
27240
30730
32022
31045
27967
23169
17207
10741
4459
-999
-5128
-7598
-8303
-7362
-5108
-2033
1262
4154
6073
6576
5398
2499
-1937
-7518
-13685
-19780
-25119
-29077
-31162
-31067
-28717
-24276
-18127
-10832
-3072
4436
11019
16121
19366
20598
19894
17553
14051
9984
5996
2688
559
-68
916
3403
7066
11407
15816
19646
22290
23261
22248
19162
14150
7580
0
-7914
-15445
-21904
-26719
-29491
-30043
-28432
-24946
-20067
-14406
-8636
-3410
715
3350
4307
3625
1562
-1435
-4801
-7910
-10161
-11054
-10253
-7633
-3298
2427
9035
15882
22274
27539
31110
32586
31782
28756
23795
17384
10155
2811
-3953
-9535
-13482
-15551
-15723
-14213
-11427
-7916
-4304
-1211
827
1426
400
-2212
-6154
-10975
-16088
-20837
-24576
-26751
-26966
-25030
-20992
-15128
-7919
