17269
10860
2323
-6503
-13675
-17624
-17552
-13646
-7044
438
6748
10116
9502
4874
-2766
-11612
-19489
-24393
-24992
-20975
-13146
-3247
6453
13713
16874
15271
9419
894
-8039
-14981
-17991
-16075
-9452
484
11483
20977
26708
27284
22529
13547
2464
-8071
-15531
-18124
-15240
-7608
2863
13539
21694
25174
22923
15258
3804
-8879
-19903
-26744
-27847
-23008
-13430
-1444
10040
18230
21115
17953
9452
-2389
-14751
-24660
-29696
-28562
-21402
-9768
3740
16081
24488
27110
23450
14470
2370
-9933
-19489
-23995
-22337
-14836
-3174
10002
21698
29260
30980
26482
16796
4110
-8737
-18907
-24204
-23562
-17269
-6882
5141
16010
23227
25144
21317
12579
836
-11371
-21439
-27272
-27724
-22829
-13764
-2566
8328
16611
20598
19566
13876
4870
-5444
-14830
-21300
-23513
-21037
-14409
-4991
5321
14505
20812
23111
21086
15278
6950
-2178
-10279
-15767
-17601
-15467
-9822
-1797
7032
14943
20394
22308
20275
14624
6366
-2997
-11743
-18255
-21326
-20385
-15618
-7946
1143
9863
16470
19603
18552
13416
5102
-4831
-14468
-21899
-25605
-24765
-19436
-10561
202
10793
19159
23661
23411
18457
9790
-852
-11321
-19489
-23676
-22989
-17506
-8259
2970
14002
22701
27390
27185
22159
13316
2383
-8538
-17386
-22537
-23111
-19117
-11435
-1619
8414
16757
21866
22839
19557
12675
3479
-6373
-15156
-21389
-24077
-22861
-18059
-10579
-1745
6935
14023
18380
19340
16806
11247
3621
-4785
-12557
-18379
-21238
-20593
-16466
-9452
-634
8577
16669
22278
24419
22671
17266
9070
-547
-9934
-17446
-21735
-21998
-18136
-10784
-1216
8878
17691
23626
25585
23172
16768
7458
-3158
-13264
-21146
-25502
-25659
-21680
-14337
-4956
4831
13373
19282
21658
20214
15302
7819
-962
-9610
-16770
-21364
-22742
-20752
-15744
-8489
-60
8328
15489
20425
22454
21302
17139
10562
2517
-5819
-13200
-18490
-20833
-19793
-15444
-8376
370
9452
17427
22985
25167
23534
18256
10098
306
-9595
-18051
-23738
-25781
-23899
-18445
-10342
-916
8328
15950
20809
22233
20100
14836
7317
-1280
-9676
-16676
-21335
-23071
-21720
-17531
-11107
-3316
4831
12303
18167
21692
22436
20294
15522
8715
749
-7315
-14367
-19391
-21614
-20635
-16499
-9718
-1216
7793
15984
22118
25243
24846
20941
14071
5225
-4317
-13185
-20136
-24233
-24981
-22385
-16923
-9452
-1064
7079
13917
18615
20664
19908
16541
11055
4160
-3299
-10441
-16433
-20571
-22346
-21500
-18059
-12350
-4978
3219
11256
18121
22898
24907
23810
19683
13021
4692
-4186
-12397
-18810
-22546
-23111
-20461
-15010
-7549
873
9116
16108
20992
23227
22631
19380
13947
7025
-575
-8021
-14540
-19489
-22393
-22979
-21192
-17198
-11380
-4318
3252
10500
16581
20738
22403
21287
17441
11278
3530
-4831
-12726
-19119
-23164
-24330
-22475
-17858
-11093
-3053
5263
12871
18928
22826
24245
23158
19803
14624
8203
1193
-5740
-11965
-16925
-20162
-21356
-20348
-17173
-12078
-5526
1827
9185
15695
20553
23111
22980
20099
14756
7561
-632
-8844
-16108
-21593
-24718
-25209
-23119
-18786
-12774
-5772
1491
8328
14156
18525
21131
21815
20554
17456
12759
6829
157
-6661
-12962
-18074
-21393
-22467
-21073
-17269
-11407
-4108
3815
11459
17953
22575
24845
24580
21894
17166
10967
3970
-3141
-9741
-15316
-19489
-22014
-22770
-21741
-19008
-14749
-9242
-2876
3856
10372
16048
20279
22562
22571
20219
15695
9452
2160
-5382
-12349
-18005
-21791
-23390
-22743
-20034
-15633
-10027
-3752
2675
8791
14203
18591
21694
23307
23278
21529
18082
13090
6866
-124
-7279
-13920
-19371
-23050
-24552
-23716
-20646
-15704
-9452
-2566
4252
10371
15295
18702
20448
20539
19094
16300
12377
7562
2112
-3683
-9486
-14901
-19489
-22805
-24451
-24142
-21768
-17438
-11484
-4439
3027
10196
16398
21097
23949
24833
23833
21195
17269
12441
7082
1521
-3964
-9127
-13732
-17535
-20273
-21685
-21548
-19726
-16225
-11226
-5098
1631
8328
14339
19077
22108
23198
22340
19731
15719
10741
5241
-379
-5798
-10778
-15145
-18756
-21466
-23111
-23512
-22505
-19986
-15959
-10586
-4196
2727
9595
15790
20750
24052
25465
24976
22770
19180
14624
9523
4248
-917
-5776
-10197
-14077
-17297
-19700
-21088
-21249
-20007
-17276
-13115
-7755
-1596
4831
10938
16157
20031
22272
22793
21697
19237
15748
11578
7027
2319
-2403
-7049
-11537
-15747
-19489
-22499
-24467
-25085
-24121
-21478
-17245
-11701
-5294
1425
7882
13568
18106
21295
23105
23647
23111
21701
19579
16838
13498
9548
4992
-89
-5505
-10937
-15966
-20131
-23004
-24269
-23789
-21632
-18059
-13479
-8369
-3188
1692
6031
9732
12810
15333
17361
18889
19825
19992
19174
17181
13920
9452
4016
-1983
-8031
-13586
-18168
-21437
-23239
-23614
-22759
-20961
-18517
-15660
-12521
-9114
-5374
-1216
3394
8381
13521
18461
22755
25952
27680
27728
26088
22961
18716
13812
8707
3772
-764
-4831
-8490
-11867
-15078
-18157
-21005
-23396
-25007
-25498
-24600
-22191
-18354
-13373
-7699
-1865
3613
8328
12050
14744
16547
17693
18431
18934
19241
19243
18710
17367
14982
11457
6883
1553
-4073
-9452
-14062
-17506
-19582
-20313
-19919
-18745
-17163
-15467
-13805
-12147
-10313
-8037
-5073
-1287
3267
8328
13456
18116
21785
24065
24768
23951
21896
19028
15815
12647
9751
7146
4666
2023
-1077
-4831
-9250
-14115
-19011
-23395
-26721
-28561
-28704
-27204
-24367
-20675
-16664
-12802
-9378
-6445
-3833
-1216
1772
5409
9781
14721
19828
24540
28256
30482
30944
29657
26921
23245
19226
15398
12111
9452
7239
5094
2565
-728
-4965
-10045
-15584
-20986
-25578
-28767
-30179
-29755
-27760
-24720
-21282
-18059
-15470
-13644
-12393
-11282
-9753
-7294
-3603
1312
7104
13150
18690
23005
25590
26278
25276
23111
20490
18120
16519
15885
16045
16506
16589
15621
13129
8982
3453
-2828
-9013
-14239
-17836
-19489
-19316
-17833
-15814
-14091
-13329
-13846
-15527
-17844
-19995
-21112
-20496
-17815
-13207
-7266
-912
4831
9088
11343
11577
10263
8243
6510
5936
7044
9852
13860
18163
21681
23433
22803
19704
14624
8515
2563
-2101
-4690
-4961
-3277
-517
2150
3571
2915
-95
-5096
-11155
-16996
-21313
-23111
-21957
-18111
-12473
-6364
-1202
1858
2218
0
-3978
-8403
-11804
-12923
-11061
-6263
661
8328
15110
19547
20709
18446
13439
7038
933
-3268
-4451
-2288
2670
9109
15281
19436
20270
-17269
-10860
-2323
6503
13675
17624
17552
13646
7044
-438
-6748
-10116
-9502
-4874
2766
11612
19489
24393
24992
20975
13146
3247
-6453
-13713
-16874
-15271
-9419
-894
8039
14981
17991
16075
9452
-484
-11483
-20977
-26708
-27284
-22529
-13547
-2464
8071
15531
18124
15240
7608
-2863
-13539
-21694
-25174
-22923
-15258
-3804
8879
19903
26744
27847
23008
13430
1444
-10040
-18230
-21115
-17953
-9452
2389
14751
24660
29696
28562
21402
9768
-3740
-16081
-24488
-27110
-23450
-14470
-2370
9933
19489
23995
22337
14836
3174
-10002
-21698
-29260
-30980
-26482
-16796
-4110
8737
18907
24204
23562
17269
6882
-5141
-16010
-23227
-25144
-21317
-12579
-836
11371
21439
27272
27724
22829
13764
2566
-8328
-16611
-20598
-19566
-13876
-4870
5444
14830
21300
23513
21037
14409
4991
-5321
-14505
-20812
-23111
-21086
-15278
-6950
2178
10279
15767
17601
15467
9822
1797
-7032
-14943
-20394
-22308
-20275
-14624
-6366
2997
11743
18255
21326
20385
15618
7946
-1143
-9863
-16470
-19603
-18552
-13416
-5102
4831
14468
21899
25605
24765
19436
10561
-202
-10793
-19159
-23661
-23411
-18457
-9790
852
11321
19489
23676
22989
17506
8259
-2970
-14002
-22701
-27390
-27185
-22159
-13316
-2383
8538
17386
22537
23111
19117
11435
1619
-8414
-16757
-21866
-22839
-19557
-12675
-3479
6373
15156
21389
24077
22861
18059
10579
1745
-6935
-14023
-18380
-19340
-16806
-11247
-3621
4785
12557
18379
21238
20593
16466
9452
634
-8577
-16669
-22278
-24419
-22671
-17266
-9070
547
9934
17446
21735
21998
18136
10784
1216
-8878
-17691
-23626
-25585
-23172
-16768
-7458
3158
13264
21146
25502
25659
21680
14337
4956
-4831
-13373
-19282
-21658
-20214
-15302
-7819
962
9610
16770
21364
22742
20752
15744
8489
60
-8328
-15489
-20425
-22454
-21302
-17139
-10562
-2517
5819
13200
18490
20833
19793
15444
8376
-370
-9452
-17427
-22985
-25167
-23534
-18256
-10098
-306
9595
18051
23738
25781
23899
18445
10342
916
-8328
-15950
-20809
-22233
-20100
-14836
-7317
1280
9676
16676
21335
23071
21720
17531
11107
3316
-4831
-12303
-18167
-21692
-22436
-20294
-15522
-8715
-749
7315
14367
19391
21614
20635
16499
9718
1216
-7793
-15984
-22118
-25243
-24846
-20941
-14071
-5225
4317
13185
20136
24233
24981
22385
16923
9452
1064
-7079
-13917
-18615
-20664
-19908
-16541
-11055
-4160
3299
10441
16433
20571
22346
21500
18059
12350
4978
-3219
-11256
-18121
-22898
-24907
-23810
-19683
-13021
-4692
4186
12397
18810
22546
23111
20461
15010
7549
-873
-9116
-16108
-20992
-23227
-22631
-19380
-13947
-7025
575
8021
14540
19489
22393
22979
21192
17198
11380
4318
-3252
-10500
-16581
-20738
-22403
-21287
-17441
-11278
-3530
4831
12726
19119
23164
24330
22475
17858
11093
3053
-5263
-12871
-18928
-22826
-24245
-23158
-19803
-14624
-8203
-1193
5740
11965
16925
20162
21356
20348
17173
12078
5526
-1827
-9185
-15695
-20553
-23111
-22980
-20099
-14756
-7561
632
8844
16108
21593
24718
25209
23119
18786
12774
5772
-1491
-8328
-14156
-18525
-21131
-21815
-20554
-17456
-12759
-6829
-157
6661
12962
18074
21393
22467
21073
17269
11407
4108
-3815
-11459
-17953
-22575
-24845
-24580
-21894
-17166
-10967
-3970
3141
9741
15316
19489
22014
22770
21741
19008
14749
9242
2876
-3856
-10372
-16048
-20279
-22562
-22571
-20219
-15695
-9452
-2160
5382
12349
18005
21791
23390
22743
20034
15633
10027
3752
-2675
-8791
-14203
-18591
-21694
-23307
-23278
-21529
-18082
-13090
-6866
124
7279
13920
19371
23050
24552
23716
20646
15704
9452
2566
-4252
-10371
-15295
-18702
-20448
-20539
-19094
-16300
-12377
-7562
-2112
3683
9486
14901
19489
22805
24451
24142
21768
17438
11484
4439
-3027
-10196
-16398
-21097
-23949
-24833
-23833
-21195
-17269
-12441
-7082
-1521
3964
9127
13732
17535
20273
21685
21548
19726
16225
11226
5098
-1631
-8328
-14339
-19077
-22108
-23198
-22340
-19731
-15719
-10741
-5241
379
5798
10778
15145
18756
21466
23111
23512
22505
19986
15959
10586
4196
-2727
-9595
-15790
-20750
-24052
-25465
-24976
-22770
-19180
-14624
-9523
-4248
917
5776
10197
14077
17297
19700
21088
21249
20007
17276
13115
7755
1596
-4831
-10938
-16157
-20031
-22272
-22793
-21697
-19237
-15748
-11578
-7027
-2319
2403
7049
11537
15747
19489
22499
24467
25085
24121
21478
17245
11701
5294
-1425
-7882
-13568
-18106
-21295
-23105
-23647
-23111
-21701
-19579
-16838
-13498
-9548
-4992
89
5505
10937
15966
20131
23004
24269
23789
21632
18059
13479
8369
3188
-1692
-6031
-9732
-12810
-15333
-17361
-18889
-19825
-19992
-19174
-17181
-13920
-9452
-4016
1983
8031
13586
18168
21437
23239
23614
22759
20961
18517
15660
12521
9114
5374
1216
-3394
-8381
-13521
-18461
-22755
-25952
-27680
-27728
-26088
-22961
-18716
-13812
-8707
-3772
764
4831
8490
11867
15078
18157
21005
23396
25007
25498
24600
22191
18354
13373
7699
1865
-3613
-8328
-12050
-14744
-16547
-17693
-18431
-18934
-19241
-19243
-18710
-17367
-14982
-11457
-6883
-1553
4073
9452
14062
17506
19582
20313
19919
18745
17163
15467
13805
12147
10313
8037
5073
1287
-3267
-8328
-13456
-18116
-21785
-24065
-24768
-23951
-21896
-19028
-15815
-12647
-9751
-7146
-4666
-2023
1077
4831
9250
14115
19011
23395
26721
28561
28704
27204
24367
20675
16664
12802
9378
6445
3833
1216
-1772
-5409
-9781
-14721
-19828
-24540
-28256
-30482
-30944
-29657
-26921
-23245
-19226
-15398
-12111
-9452
-7239
-5094
-2565
728
4965
10045
15584
20986
25578
28767
30179
29755
27760
24720
21282
18059
15470
13644
12393
11282
9753
7294
3603
-1312
-7104
-13150
-18690
-23005
-25590
-26278
-25276
-23111
-20490
-18120
-16519
-15885
-16045
-16506
-16589
-15621
-13129
-8982
-3453
2828
9013
14239
17836
19489
19316
17833
15814
14091
13329
13846
15527
17844
19995
21112
20496
17815
13207
7266
912
-4831
-9088
-11343
-11577
-10263
-8243
-6510
-5936
-7044
-9852
-13860
-18163
-21681
-23433
-22803
-19704
-14624
-8515
-2563
2101
4690
4961
3277
517
-2150
-3571
-2915
95
5096
11155
16996
21313
23111
21957
18111
12473
6364
1202
-1858
-2218
0
3978
8403
11804
12923
11061
6263
-661
-8328
-15110
-19547
-20709
-18446
-13439
-7038
-933
3268
4451
2288
-2670
-9109
-15281
-19436
-20270
-17269
-10860
-2323
6503
13675
17624
17552
13646
7044
-438
-6748
-10116
-9502
-4874
2766
11612
19489
24393
24992
20975
13146
3247
-6453
-13713
-16874
-15271
-9419
-894
8039
14981
17991
16075
9452
-484
-11483
-20977
-26708
-27284
-22529
-13547
-2464
8071
15531
18124
15240
7608
-2863
-13539
-21694
-25174
-22923
-15258
-3804
8879
19903
26744
27847
23008
13430
1444
-10040
-18230
-21115
-17953
-9452
2389
14751
24660
29696
28562
21402
9768
-3740
-16081
-24488
-27110
-23450
-14470
-2370
9933
19489
23995
22337
14836
3174
-10002
-21698
-29260
-30980
-26482
-16796
-4110
8737
18907
24204
23562
17269
6882
-5141
-16010
-23227
-25144
-21317
-12579
-836
11371
21439
27272
27724
22829
13764
2566
-8328
-16611
-20598
-19566
-13876
-4870
5444
14830
21300
23513
21037
14409
4991
-5321
-14505
-20812
-23111
-21086
-15278
-6950
2178
10279
15767
17601
15467
9822
1797
-7032
-14943
-20394
-22308
-20275
-14624
-6366
2997
11743
18255
21326
20385
15618
7946
-1143
-9863
-16470
-19603
-18552
-13416
-5102
4831
14468
21899
25605
24765
19436
10561
-202
-10793
-19159
-23661
-23411
-18457
-9790
852
11321
19489
23676
22989
17506
8259
-2970
-14002
-22701
-27390
-27185
-22159
-13316
-2383
8538
17386
22537
23111
19117
11435
1619
-8414
-16757
-21866
-22839
-19557
-12675
-3479
6373
15156
21389
24077
22861
18059
10579
1745
-6935
-14023
-18380
-19340
-16806
-11247
-3621
4785
12557
18379
21238
20593
16466
9452
634
-8577
-16669
-22278
-24419
-22671
-17266
-9070
547
9934
17446
21735
21998
18136
10784
1216
-8878
-17691
-23626
-25585
-23172
-16768
-7458
3158
13264
21146
25502
25659
21680
14337
4956
-4831
-13373
-19282
-21658
-20214
-15302
-7819
962
9610
16770
21364
22742
20752
15744
8489
60
-8328
-15489
-20425
-22454
-21302
-17139
-10562
-2517
5819
13200
18490
20833
19793
15444
8376
-370
-9452
-17427
-22985
-25167
-23534
-18256
-10098
-306
9595
18051
23738
25781
23899
18445
10342
916
-8328
-15950
-20809
-22233
-20100
-14836
-7317
1280
9676
16676
21335
23071
21720
17531
11107
3316
-4831
-12303
-18167
-21692
-22436
-20294
-15522
-8715
-749
7315
14367
19391
21614
20635
16499
9718
1216
-7793
-15984
-22118
-25243
-24846
-20941
-14071
-5225
4317
13185
20136
24233
24981
22385
16923
9452
1064
-7079
-13917
-18615
-20664
-19908
-16541
-11055
-4160
3299
10441
16433
20571
22346
21500
18059
12350
4978
-3219
-11256
-18121
-22898
-24907
-23810
-19683
-13021
-4692
4186
12397
18810
22546
23111
20461
15010
7549
-873
-9116
-16108
-20992
-23227
-22631
-19380
-13947
-7025
575
8021
14540
19489
22393
22979
21192
17198
11380
4318
-3252
-10500
-16581
-20738
-22403
-21287
-17441
-11278
-3530
4831
12726
19119
23164
24330
22475
17858
11093
3053
-5263
-12871
-18928
-22826
-24245
-23158
-19803
-14624
-8203
-1193
5740
11965
16925
20162
21356
20348
17173
12078
5526
-1827
-9185
-15695
-20553
-23111
-22980
-20099
-14756
-7561
632
8844
16108
21593
24718
25209
23119
18786
12774
5772
-1491
-8328
-14156
-18525
-21131
-21815
-20554
-17456
-12759
-6829
-157
6661
12962
18074
21393
22467
21073
17269
11407
4108
-3815
-11459
-17953
-22575
-24845
-24580
-21894
-17166
-10967
-3970
3141
9741
15316
19489
22014
22770
21741
19008
14749
9242
2876
-3856
-10372
-16048
-20279
-22562
-22571
-20219
-15695
-9452
-2160
5382
12349
18005
21791
23390
22743
20034
15633
10027
3752
-2675
-8791
-14203
-18591
-21694
-23307
-23278
-21529
-18082
-13090
-6866
124
7279
13920
19371
23050
24552
23716
20646
15704
9452
2566
-4252
-10371
-15295
-18702
-20448
-20539
-19094
-16300
-12377
-7562
-2112
3683
9486
14901
19489
22805
24451
24142
21768
17438
11484
4439
-3027
-10196
-16398
-21097
-23949
-24833
-23833
-21195
-17269
-12441
-7082
-1521
3964
9127
13732
17535
20273
21685
21548
19726
16225
11226
5098
-1631
-8328
-14339
-19077
-22108
-23198
-22340
-19731
-15719
-10741
-5241
379
5798
10778
15145
18756
21466
23111
23512
22505
19986
15959
10586
4196
-2727
-9595
-15790
-20750
-24052
-25465
-24976
-22770
-19180
-14624
-9523
-4248
917
5776
10197
14077
17297
19700
21088
21249
20007
17276
13115
7755
1596
-4831
-10938
-16157
-20031
-22272
-22793
-21697
-19237
-15748
-11578
-7027
-2319
2403
7049
11537
15747
19489
22499
24467
25085
24121
21478
17245
11701
5294
-1425
-7882
-13568
-18106
-21295
-23105
-23647
-23111
-21701
-19579
-16838
-13498
-9548
-4992
89
5505
10937
15966
20131
23004
24269
23789
21632
18059
13479
8369
3188
-1692
-6031
-9732
-12810
-15333
-17361
-18889
-19825
-19992
-19174
-17181
-13920
-9452
-4016
1983
8031
13586
18168
21437
23239
23614
22759
20961
18517
15660
12521
9114
5374
1216
-3394
-8381
-13521
-18461
-22755
-25952
-27680
-27728
-26088
-22961
-18716
-13812
-8707
-3772
764
4831
8490
11867
15078
18157
21005
23396
25007
25498
24600
22191
18354
13373
7699
1865
-3613
-8328
-12050
-14744
-16547
-17693
-18431
-18934
-19241
-19243
-18710
-17367
-14982
-11457
-6883
-1553
4073
9452
14062
17506
19582
20313
19919
18745
17163
15467
13805
12147
10313
8037
5073
1287
-3267
-8328
-13456
-18116
-21785
-24065
-24768
-23951
-21896
-19028
-15815
-12647
-9751
-7146
-4666
-2023
1077
4831
9250
14115
19011
23395
26721
28561
28704
27204
24367
20675
16664
12802
9378
6445
3833
1216
-1772
-5409
-9781
-14721
-19828
-24540
-28256
-30482
-30944
-29657
-26921
-23245
-19226
-15398
-12111
-9452
-7239
-5094
-2565
728
4965
10045
15584
20986
25578
28767
30179
29755
27760
24720
21282
18059
15470
13644
12393
11282
9753
7294
3603
-1312
-7104
-13150
-18690
-23005
-25590
-26278
-25276
-23111
-20490
-18120
-16519
-15885
-16045
-16506
-16589
-15621
-13129
-8982
-3453
2828
9013
14239
17836
19489
19316
17833
15814
14091
13329
13846
15527
17844
19995
21112
20496
17815
13207
7266
912
-4831
-9088
-11343
-11577
-10263
-8243
-6510
-5936
-7044
-9852
-13860
-18163
-21681
-23433
-22803
-19704
-14624
-8515
-2563
2101
4690
4961
3277
517
-2150
-3571
-2915
95
5096
11155
16996
21313
23111
21957
18111
12473
6364
1202
-1858
-2218
0
3978
8403
11804
12923
11061
6263
-661
-8328
-15110
-19547
-20709
-18446
-13439
-7038
-933
3268
4451
2288
-2670
-9109
-15281
-19436
-20270
-17269
-10860
-2323
6503
13675
17624
17552
13646
7044
-438
-6748
-10116
-9502
-4874
2766
11612
19489
24393
24992
20975
13146
3247
-6453
-13713
-16874
-15271
-9419
-894
8039
14981
17991
16075
9452
-484
-11483
-20977
-26708
-27284
-22529
-13547
-2464
8071
15531
18124
15240
7608
-2863
-13539
-21694
-25174
-22923
-15258
-3804
8879
19903
26744
27847
23008
13430
1444
-10040
-18230
-21115
-17953
-9452
2389
14751
24660
29696
28562
21402
9768
-3740
-16081
-24488
-27110
-23450
-14470
-2370
9933
19489
23995
22337
14836
3174
-10002
-21698
-29260
-30980
-26482
-16796
-4110
8737
18907
24204
23562
17269
6882
-5141
-16010
-23227
-25144
-21317
-12579
-836
11371
21439
27272
27724
22829
13764
2566
-8328
-16611
-20598
-19566
-13876
-4870
5444
14830
21300
23513
21037
14409
4991
-5321
-14505
-20812
-23111
-21086
-15278
-6950
2178
10279
15767
17601
15467
9822
1797
-7032
-14943
-20394
-22308
-20275
-14624
-6366
2997
11743
18255
21326
20385
15618
7946
-1143
-9863
-16470
-19603
-18552
-13416
-5102
4831
14468
21899
25605
24765
19436
10561
-202
-10793
-19159
-23661
-23411
-18457
-9790
852
11321
19489
23676
22989
17506
8259
-2970
-14002
-22701
-27390
-27185
-22159
-13316
-2383
8538
17386
22537
23111
19117
11435
1619
-8414
-16757
-21866
-22839
-19557
-12675
-3479
6373
15156
21389
24077
22861
18059
10579
1745
-6935
-14023
-18380
-19340
-16806
-11247
-3621
4785
12557
18379
21238
20593
16466
9452
634
-8577
-16669
-22278
-24419
-22671
-17266
-9070
547
9934
17446
21735
21998
18136
10784
1216
-8878
-17691
-23626
-25585
-23172
-16768
-7458
3158
13264
21146
25502
25659
21680
14337
4956
-4831
-13373
-19282
-21658
-20214
-15302
-7819
962
9610
16770
21364
22742
20752
15744
8489
60
-8328
-15489
-20425
-22454
-21302
-17139
-10562
-2517
5819
13200
18490
20833
19793
15444
8376
-370
-9452
-17427
-22985
-25167
-23534
-18256
-10098
-306
9595
18051
23738
25781
23899
18445
10342
916
-8328
-15950
-20809
-22233
-20100
-14836
-7317
1280
9676
16676
21335
23071
21720
17531
11107
3316
-4831
-12303
-18167
-21692
-22436
-20294
-15522
-8715
-749
7315
14367
19391
21614
20635
16499
9718
1216
-7793
-15984
-22118
-25243
-24846
-20941
-14071
-5225
4317
13185
20136
24233
24981
22385
16923
9452
1064
-7079
-13917
-18615
-20664
-19908
-16541
-11055
-4160
3299
10441
16433
20571
22346
21500
18059
12350
4978
-3219
-11256
-18121
-22898
-24907
-23810
-19683
-13021
-4692
4186
12397
18810
22546
23111
20461
15010
7549
-873
-9116
-16108
-20992
-23227
-22631
-19380
-13947
-7025
575
8021
14540
19489
22393
22979
21192
17198
11380
4318
-3252
-10500
-16581
-20738
-22403
-21287
-17441
-11278
-3530
4831
12726
19119
23164
24330
22475
17858
11093
3053
-5263
-12871
-18928
-22826
-24245
-23158
-19803
-14624
-8203
-1193
5740
11965
16925
20162
21356
20348
17173
12078
5526
-1827
-9185
-15695
-20553
-23111
-22980
-20099
-14756
-7561
632
8844
16108
21593
24718
25209
23119
18786
12774
5772
-1491
-8328
-14156
-18525
-21131
-21815
-20554
-17456
-12759
-6829
-157
6661
12962
18074
21393
22467
21073
17269
11407
4108
-3815
-11459
-17953
-22575
-24845
-24580
-21894
-17166
-10967
-3970
3141
9741
15316
19489
22014
22770
21741
19008
14749
9242
2876
-3856
-10372
-16048
-20279
-22562
-22571
-20219
-15695
-9452
-2160
5382
12349
18005
21791
23390
22743
20034
15633
10027
3752
-2675
-8791
-14203
-18591
-21694
-23307
-23278
-21529
-18082
-13090
-6866
124
7279
13920
19371
23050
24552
23716
20646
15704
9452
2566
-4252
-10371
-15295
-18702
-20448
-20539
-19094
-16300
-12377
-7562
-2112
3683
9486
14901
19489
22805
24451
24142
21768
17438
11484
4439
-3027
-10196
-16398
-21097
-23949
-24833
-23833
-21195
-17269
-12441
-7082
-1521
3964
9127
13732
17535
20273
21685
21548
19726
16225
11226
5098
-1631
-8328
-14339
-19077
-22108
-23198
-22340
-19731
-15719
-10741
-5241
379
5798
10778
15145
18756
21466
23111
23512
22505
19986
15959
10586
4196
-2727
-9595
-15790
-20750
-24052
-25465
-24976
-22770
-19180
-14624
-9523
-4248
917
5776
10197
14077
17297
19700
21088
21249
20007
17276
13115
7755
1596
-4831
-10938
-16157
-20031
-22272
-22793
-21697
-19237
-15748
-11578
-7027
-2319
2403
7049
11537
15747
19489
22499
24467
25085
24121
21478
17245
11701
5294
-1425
-7882
-13568
-18106
-21295
-23105
-23647
-23111
-21701
-19579
-16838
-13498
-9548
-4992
89
5505
10937
15966
20131
23004
24269
23789
21632
18059
13479
8369
3188
-1692
-6031
-9732
-12810
-15333
-17361
-18889
-19825
-19992
-19174
-17181
-13920
-9452
-4016
1983
8031
13586
18168
21437
23239
23614
22759
20961
18517
15660
12521
9114
5374
1216
-3394
-8381
-13521
-18461
-22755
-25952
-27680
-27728
-26088
-22961
-18716
-13812
-8707
-3772
764
4831
8490
11867
15078
18157
21005
23396
25007
25498
24600
22191
18354
13373
7699
1865
-3613
-8328
-12050
-14744
-16547
-17693
-18431
-18934
-19241
-19243
-18710
-17367
-14982
-11457
-6883
-1553
4073
9452
14062
17506
19582
20313
19919
18745
17163
15467
13805
12147
10313
8037
5073
1287
-3267
-8328
-13456
-18116
-21785
-24065
-24768
-23951
-21896
-19028
-15815
-12647
-9751
-7146
-4666
-2023
1077
4831
9250
14115
19011
23395
26721
28561
28704
27204
24367
20675
16664
12802
9378
6445
3833
1216
-1772
-5409
-9781
-14721
-19828
-24540
-28256
-30482
-30944
-29657
-26921
-23245
-19226
-15398
-12111
-9452
-7239
-5094
-2565
728
4965
10045
15584
20986
25578
28767
30179
29755
27760
24720
21282
18059
15470
13644
12393
11282
9753
7294
3603
-1312
-7104
-13150
-18690
-23005
-25590
-26278
-25276
-23111
-20490
-18120
-16519
-15885
-16045
-16506
-16589
-15621
-13129
-8982
-3453
2828
9013
14239
17836
19489
19316
17833
15814
14091
13329
13846
15527
17844
19995
21112
20496
17815
13207
7266
912
-4831
-9088
-11343
-11577
-10263
-8243
-6510
-5936
-7044
-9852
-13860
-18163
-21681
-23433
-22803
-19704
-14624
-8515
-2563
2101
4690
4961
3277
517
-2150
-3571
-2915
95
5096
11155
16996
21313
23111
21957
18111
12473
6364
1202
-1858
-2218
0
3978
8403
11804
12923
11061
6263
-661
-8328
-15110
-19547
-20709
-18446
-13439
-7038
-933
3268
4451
2288
-2670
-9109
-15281
-19436
-20270
-17269
-10860
-2323
6503
13675
17624
17552
13646
7044
-438
-6748
-10116
-9502
-4874
2766
11612
19489
24393
24992
20975
13146
3247
-6453
-13713
-16874
-15271
-9419
-894
8039
14981
17991
16075
9452
-484
-11483
-20977
-26708
-27284
-22529
-13547
-2464
8071
15531
18124
15240
7608
-2863
-13539
-21694
-25174
-22923
-15258
-3804
8879
19903
26744
27847
23008
13430
1444
-10040
-18230
-21115
-17953
-9452
2389
14751
24660
29696
28562
21402
9768
-3740
-16081
-24488
-27110
-23450
-14470
-2370
9933
19489
23995
22337
14836
3174
-10002
-21698
-29260
-30980
-26482
-16796
-4110
8737
18907
24204
23562
17269
6882
-5141
-16010
-23227
-25144
-21317
-12579
-836
11371
21439
27272
27724
22829
13764
2566
-8328
-16611
-20598
-19566
-13876
-4870
5444
14830
21300
23513
21037
14409
4991
-5321
-14505
-20812
-23111
-21086
-15278
-6950
2178
10279
15767
17601
15467
9822
1797
-7032
-14943
-20394
-22308
-20275
-14624
-6366
2997
11743
18255
21326
20385
15618
7946
-1143
-9863
-16470
-19603
-18552
-13416
-5102
4831
14468
21899
25605
24765
19436
10561
-202
-10793
-19159
-23661
-23411
-18457
-9790
852
11321
19489
23676
22989
17506
8259
-2970
-14002
-22701
-27390
-27185
-22159
-13316
-2383
8538
17386
22537
23111
19117
11435
1619
-8414
-16757
-21866
-22839
-19557
-12675
-3479
6373
15156
21389
24077
22861
18059
10579
1745
-6935
-14023
-18380
-19340
-16806
-11247
-3621
4785
12557
18379
21238
20593
16466
9452
634
-8577
-16669
-22278
-24419
-22671
-17266
-9070
547
9934
17446
21735
21998
18136
10784
1216
-8878
-17691
-23626
-25585
-23172
-16768
-7458
3158
13264
21146
25502
25659
21680
14337
4956
-4831
-13373
-19282
-21658
-20214
-15302
-7819
962
9610
16770
21364
22742
20752
15744
8489
60
-8328
-15489
-20425
-22454
-21302
-17139
-10562
-2517
5819
13200
18490
20833
19793
15444
8376
-370
-9452
-17427
-22985
-25167
-23534
-18256
-10098
-306
9595
18051
23738
25781
23899
18445
10342
916
-8328
-15950
-20809
-22233
-20100
-14836
-7317
1280
9676
16676
21335
23071
21720
17531
11107
3316
-4831
-12303
-18167
-21692
-22436
-20294
-15522
-8715
-749
7315
14367
19391
21614
20635
16499
9718
1216
-7793
-15984
-22118
-25243
-24846
-20941
-14071
-5225
4317
13185
20136
24233
24981
22385
16923
9452
1064
-7079
-13917
-18615
-20664
-19908
-16541
-11055
-4160
3299
10441
16433
20571
22346
21500
18059
12350
4978
-3219
-11256
-18121
-22898
-24907
-23810
-19683
-13021
-4692
4186
12397
18810
22546
23111
20461
15010
7549
-873
-9116
-16108
-20992
-23227
-22631
-19380
-13947
-7025
575
8021
14540
19489
22393
22979
21192
17198
11380
4318
-3252
-10500
-16581
-20738
-22403
-21287
-17441
-11278
-3530
4831
12726
19119
23164
24330
22475
17858
11093
3053
-5263
-12871
-18928
-22826
-24245
-23158
-19803
-14624
-8203
-1193
5740
11965
16925
20162
21356
20348
17173
12078
5526
-1827
-9185
-15695
-20553
-23111
-22980
-20099
-14756
-7561
632
8844
16108
21593
24718
25209
23119
18786
12774
5772
-1491
-8328
-14156
-18525
-21131
-21815
-20554
-17456
-12759
-6829
-157
6661
12962
18074
21393
22467
21073
17269
11407
4108
-3815
-11459
-17953
-22575
-24845
-24580
-21894
-17166
-10967
-3970
3141
9741
15316
19489
22014
22770
21741
19008
14749
9242
2876
-3856
-10372
-16048
-20279
-22562
-22571
-20219
-15695
-9452
-2160
5382
12349
18005
21791
23390
22743
20034
15633
10027
3752
-2675
-8791
-14203
-18591
-21694
-23307
-23278
-21529
-18082
-13090
-6866
124
7279
13920
19371
23050
24552
23716
20646
15704
9452
2566
-4252
-10371
-15295
-18702
-20448
-20539
-19094
-16300
-12377
-7562
-2112
3683
9486
14901
19489
22805
24451
24142
21768
17438
11484
4439
-3027
-10196
-16398
-21097
-23949
-24833
-23833
-21195
-17269
-12441
-7082
-1521
3964
9127
13732
17535
20273
21685
21548
19726
16225
11226
5098
-1631
-8328
-14339
-19077
-22108
-23198
-22340
-19731
-15719
-10741
-5241
379
5798
10778
15145
18756
21466
23111
23512
22505
19986
15959
10586
4196
-2727
-9595
-15790
-20750
-24052
-25465
-24976
-22770
-19180
-14624
-9523
-4248
917
5776
10197
14077
17297
19700
21088
21249
20007
17276
13115
7755
1596
-4831
-10938
-16157
-20031
-22272
-22793
-21697
-19237
-15748
-11578
-7027
-2319
2403
7049
11537
15747
19489
22499
24467
25085
24121
21478
17245
11701
5294
-1425
-7882
-13568
-18106
-21295
-23105
-23647
-23111
-21701
-19579
-16838
-13498
-9548
-4992
89
5505
10937
15966
20131
23004
24269
23789
21632
18059
13479
8369
3188
-1692
-6031
-9732
-12810
-15333
-17361
-18889
-19825
-19992
-19174
-17181
-13920
-9452
-4016
1983
8031
13586
18168
21437
23239
23614
22759
20961
18517
15660
12521
9114
5374
1216
-3394
-8381
-13521
-18461
-22755
-25952
-27680
-27728
-26088
-22961
-18716
-13812
-8707
-3772
764
4831
8490
11867
15078
18157
21005
23396
25007
25498
24600
22191
18354
13373
7699
1865
-3613
-8328
-12050
-14744
-16547
-17693
-18431
-18934
-19241
-19243
-18710
-17367
-14982
-11457
-6883
-1553
4073
9452
14062
17506
19582
20313
19919
18745
17163
15467
13805
12147
10313
8037
5073
1287
-3267
-8328
-13456
-18116
-21785
-24065
-24768
-23951
-21896
-19028
-15815
-12647
-9751
-7146
-4666
-2023
1077
4831
9250
14115
19011
23395
26721
28561
28704
27204
24367
20675
16664
12802
9378
6445
3833
1216
-1772
-5409
-9781
-14721
-19828
-24540
-28256
-30482
-30944
-29657
-26921
-23245
-19226
-15398
-12111
-9452
-7239
-5094
-2565
728
4965
10045
15584
20986
25578
28767
30179
29755
27760
24720
21282
18059
15470
13644
12393
11282
9753
7294
3603
-1312
-7104
-13150
-18690
-23005
-25590
-26278
-25276
-23111
-20490
-18120
-16519
-15885
-16045
-16506
-16589
-15621
-13129
-8982
-3453
2828
9013
14239
17836
19489
19316
17833
15814
14091
13329
13846
15527
17844
19995
21112
20496
17815
13207
7266
912
-4831
-9088
-11343
-11577
-10263
-8243
-6510
-5936
-7044
-9852
-13860
-18163
-21681
-23433
-22803
-19704
-14624
-8515
-2563
2101
4690
4961
3277
517
-2150
-3571
-2915
95
5096
11155
16996
21313
23111
21957
18111
12473
6364
1202
-1858
-2218
0
3978
8403
11804
12923
11061
6263
-661
-8328
-15110
-19547
-20709
-18446
-13439
-7038
-933
3268
4451
2288
-2670
-9109
-15281
-19436
-20270
-17269
-10860
-2323
6503
13675
17624
17552
13646
7044
-438
-6748
-10116
-9502
-4874
2766
11612
19489
24393
24992
20975
13146
3247
-6453
-13713
-16874
-15271
-9419
-894
8039
14981
17991
16075
9452
-484
-11483
-20977
-26708
-27284
-22529
-13547
-2464
8071
15531
18124
15240
7608
-2863
-13539
-21694
-25174
-22923
-15258
-3804
8879
19903
26744
27847
23008
13430
1444
-10040
-18230
-21115
-17953
-9452
2389
14751
24660
29696
28562
21402
9768
-3740
-16081
-24488
-27110
-23450
-14470
-2370
9933
19489
23995
22337
14836
3174
-10002
-21698
-29260
-30980
-26482
-16796
-4110
8737
18907
24204
23562
17269
6882
-5141
-16010
-23227
-25144
-21317
-12579
-836
11371
21439
27272
27724
22829
13764
2566
-8328
-16611
-20598
-19566
-13876
-4870
5444
14830
21300
23513
21037
14409
4991
-5321
-14505
-20812
-23111
-21086
-15278
-6950
2178
10279
15767
17601
15467
9822
1797
-7032
-14943
-20394
-22308
-20275
-14624
-6366
2997
11743
18255
21326
20385
15618
7946
-1143
-9863
-16470
-19603
-18552
-13416
-5102
4831
14468
21899
25605
24765
19436
10561
-202
-10793
-19159
-23661
-23411
-18457
-9790
852
11321
19489
23676
22989
17506
8259
-2970
-14002
-22701
-27390
-27185
-22159
-13316
-2383
8538
17386
22537
23111
19117
11435
1619
-8414
-16757
-21866
-22839
-19557
-12675
-3479
6373
15156
21389
24077
22861
18059
10579
1745
-6935
-14023
-18380
-19340
-16806
-11247
-3621
4785
12557
18379
21238
20593
16466
9452
634
-8577
-16669
-22278
-24419
-22671
-17266
-9070
547
9934
17446
21735
21998
18136
10784
1216
-8878
-17691
-23626
-25585
-23172
-16768
-7458
3158
13264
21146
25502
25659
21680
14337
4956
-4831
-13373
-19282
-21658
-20214
-15302
-7819
962
9610
16770
21364
22742
20752
15744
8489
60
-8328
-15489
-20425
-22454
-21302
-17139
-10562
-2517
5819
13200
18490
20833
19793
15444
8376
-370
-9452
-17427
-22985
-25167
-23534
-18256
-10098
-306
9595
18051
23738
25781
23899
18445
10342
916
-8328
-15950
-20809
-22233
-20100
-14836
-7317
1280
9676
16676
21335
23071
21720
17531
11107
3316
-4831
-12303
-18167
-21692
-22436
-20294
-15522
-8715
-749
7315
14367
19391
21614
20635
16499
9718
1216
-7793
-15984
-22118
-25243
-24846
-20941
-14071
-5225
4317
13185
20136
24233
24981
22385
16923
9452
1064
-7079
-13917
-18615
-20664
-19908
-16541
-11055
-4160
3299
10441
16433
20571
22346
21500
18059
12350
4978
-3219
-11256
-18121
-22898
-24907
-23810
-19683
-13021
-4692
4186
12397
18810
22546
23111
20461
15010
7549
-873
-9116
-16108
-20992
-23227
-22631
-19380
-13947
-7025
575
8021
14540
19489
22393
22979
21192
17198
11380
4318
-3252
-10500
-16581
-20738
-22403
-21287
-17441
-11278
-3530
4831
12726
19119
23164
24330
22475
17858
11093
3053
-5263
-12871
-18928
-22826
-24245
-23158
-19803
-14624
-8203
-1193
5740
11965
16925
20162
21356
20348
17173
12078
5526
-1827
-9185
-15695
-20553
-23111
-22980
-20099
-14756
-7561
632
8844
16108
21593
24718
25209
23119
18786
12774
5772
-1491
-8328
-14156
-18525
-21131
-21815
-20554
-17456
-12759
-6829
-157
6661
12962
18074
21393
22467
21073
17269
11407
4108
-3815
-11459
-17953
-22575
-24845
-24580
-21894
-17166
-10967
-3970
3141
9741
15316
19489
22014
22770
21741
19008
14749
9242
2876
-3856
-10372
-16048
-20279
-22562
-22571
-20219
-15695
-9452
-2160
5382
12349
18005
21791
23390
22743
20034
15633
10027
3752
-2675
-8791
-14203
-18591
-21694
-23307
-23278
-21529
-18082
-13090
-6866
124
7279
13920
19371
23050
24552
23716
20646
15704
9452
2566
-4252
-10371
-15295
-18702
-20448
-20539
-19094
-16300
-12377
-7562
-2112
3683
9486
14901
19489
22805
24451
24142
21768
17438
11484
4439
-3027
-10196
-16398
-21097
-23949
-24833
-23833
-21195
-17269
-12441
-7082
-1521
3964
9127
13732
17535
20273
21685
21548
19726
16225
11226
5098
-1631
-8328
-14339
-19077
-22108
-23198
-22340
-19731
-15719
-10741
-5241
379
5798
10778
15145
18756
21466
23111
23512
22505
19986
15959
10586
4196
-2727
-9595
-15790
-20750
-24052
-25465
-24976
-22770
-19180
-14624
-9523
-4248
917
5776
10197
14077
17297
19700
21088
21249
20007
17276
13115
7755
1596
-4831
-10938
-16157
-20031
-22272
-22793
-21697
-19237
-15748
-11578
-7027
-2319
2403
7049
11537
15747
19489
22499
24467
25085
24121
21478
17245
11701
5294
-1425
-7882
-13568
-18106
-21295
-23105
-23647
-23111
-21701
-19579
-16838
-13498
-9548
-4992
89
5505
10937
15966
20131
23004
24269
23789
21632
18059
13479
8369
3188
-1692
-6031
-9732
-12810
-15333
-17361
-18889
-19825
-19992
-19174
-17181
-13920
-9452
-4016
1983
8031
13586
18168
21437
23239
23614
22759
20961
18517
15660
12521
9114
5374
1216
-3394
-8381
-13521
-18461
-22755
-25952
-27680
-27728
-26088
-22961
-18716
-13812
-8707
-3772
764
4831
8490
11867
15078
18157
21005
23396
25007
25498
24600
22191
18354
13373
7699
1865
-3613
-8328
-12050
-14744
-16547
-17693
-18431
-18934
-19241
-19243
-18710
-17367
-14982
-11457
-6883
-1553
4073
9452
14062
17506
19582
20313
19919
18745
17163
15467
13805
12147
10313
8037
5073
1287
-3267
-8328
-13456
-18116
-21785
-24065
-24768
-23951
-21896
-19028
-15815
-12647
-9751
-7146
-4666
-2023
1077
4831
9250
14115
19011
23395
26721
28561
28704
27204
24367
20675
16664
12802
9378
6445
3833
1216
-1772
-5409
-9781
-14721
-19828
-24540
-28256
-30482
-30944
-29657
-26921
-23245
-19226
-15398
-12111
-9452
-7239
-5094
-2565
728
4965
10045
15584
20986
25578
28767
30179
29755
27760
24720
21282
18059
15470
13644
12393
11282
9753
7294
3603
-1312
-7104
-13150
-18690
-23005
-25590
-26278
-25276
-23111
-20490
-18120
-16519
-15885
-16045
-16506
-16589
-15621
-13129
-8982
-3453
2828
9013
14239
17836
19489
19316
17833
15814
14091
13329
13846
15527
17844
19995
21112
20496
17815
13207
7266
912
-4831
-9088
-11343
-11577
-10263
-8243
-6510
-5936
-7044
-9852
-13860
-18163
-21681
-23433
-22803
-19704
-14624
-8515
-2563
2101
4690
4961
3277
517
-2150
-3571
-2915
95
5096
11155
16996
21313
23111
21957
18111
12473
6364
1202
-1858
-2218
0
3978
8403
11804
12923
11061
6263
-661
-8328
-15110
-19547
-20709
-18446
-13439
-7038
-933
3268
4451
2288
-2670
-9109
-15281
-19436
-20270
17269
10860
2323
-6503
-13675
-17624
-17552
-13646
-7044
438
6748
10116
9502
4874
-2766
-11612
-19489
-24393
-24992
-20975
-13146
-3247
6453
13713
16874
15271
9419
894
-8039
-14981
-17991
-16075
-9452
484
11483
20977
26708
27284
22529
13547
2464
-8071
-15531
-18124
-15240
-7608
2863
13539
21694
25174
22923
15258
3804
-8879
-19903
-26744
-27847
-23008
-13430
-1444
10040
18230
21115
17953
9452
-2389
-14751
-24660
-29696
-28562
-21402
-9768
3740
16081
24488
27110
23450
14470
2370
-9933
-19489
-23995
-22337
-14836
-3174
10002
21698
29260
30980
26482
16796
4110
-8737
-18907
-24204
-23562
-17269
-6882
5141
16010
23227
25144
21317
12579
836
-11371
-21439
-27272
-27724
-22829
-13764
-2566
8328
16611
20598
19566
13876
4870
-5444
-14830
-21300
-23513
-21037
-14409
-4991
5321
14505
20812
23111
21086
15278
6950
-2178
-10279
-15767
-17601
-15467
-9822
-1797
7032
14943
20394
22308
20275
14624
6366
-2997
-11743
-18255
-21326
-20385
-15618
-7946
1143
9863
16470
19603
18552
13416
5102
-4831
-14468
-21899
-25605
-24765
-19436
-10561
202
10793
19159
23661
23411
18457
9790
-852
-11321
-19489
-23676
-22989
-17506
-8259
2970
14002
22701
27390
27185
22159
13316
2383
-8538
-17386
-22537
-23111
-19117
-11435
-1619
8414
16757
21866
22839
19557
12675
3479
-6373
-15156
-21389
-24077
-22861
-18059
-10579
-1745
6935
14023
18380
19340
16806
11247
3621
-4785
-12557
-18379
-21238
-20593
-16466
-9452
-634
8577
16669
22278
24419
22671
17266
9070
-547
-9934
-17446
-21735
-21998
-18136
-10784
-1216
8878
17691
23626
25585
23172
16768
7458
-3158
-13264
-21146
-25502
-25659
-21680
-14337
-4956
4831
13373
19282
21658
20214
15302
7819
-962
-9610
-16770
-21364
-22742
-20752
-15744
-8489
-60
8328
15489
20425
22454
21302
17139
10562
2517
-5819
-13200
-18490
-20833
-19793
-15444
-8376
370
9452
17427
22985
25167
23534
18256
10098
306
-9595
-18051
-23738
-25781
-23899
-18445
-10342
-916
8328
15950
20809
22233
20100
14836
7317
-1280
-9676
-16676
-21335
-23071
-21720
-17531
-11107
-3316
4831
12303
18167
21692
22436
20294
15522
8715
749
-7315
-14367
-19391
-21614
-20635
-16499
-9718
-1216
7793
15984
22118
25243
24846
20941
14071
5225
-4317
-13185
-20136
-24233
-24981
-22385
-16923
-9452
-1064
7079
13917
18615
20664
19908
16541
11055
4160
-3299
-10441
-16433
-20571
-22346
-21500
-18059
-12350
-4978
3219
11256
18121
22898
24907
23810
19683
13021
4692
-4186
-12397
-18810
-22546
-23111
-20461
-15010
-7549
873
9116
16108
20992
23227
22631
19380
13947
7025
-575
-8021
-14540
-19489
-22393
-22979
-21192
-17198
-11380
-4318
3252
10500
16581
20738
22403
21287
17441
11278
3530
-4831
-12726
-19119
-23164
-24330
-22475
-17858
-11093
-3053
5263
12871
18928
22826
24245
23158
19803
14624
8203
1193
-5740
-11965
-16925
-20162
-21356
-20348
-17173
-12078
-5526
1827
9185
15695
20553
23111
22980
20099
14756
7561
-632
-8844
-16108
-21593
-24718
-25209
-23119
-18786
-12774
-5772
1491
8328
14156
18525
21131
21815
20554
17456
12759
6829
157
-6661
-12962
-18074
-21393
-22467
-21073
-17269
-11407
-4108
3815
11459
17953
22575
24845
24580
21894
17166
10967
3970
-3141
-9741
-15316
-19489
-22014
-22770
-21741
-19008
-14749
-9242
-2876
3856
10372
16048
20279
22562
22571
20219
15695
9452
2160
-5382
-12349
-18005
-21791
-23390
-22743
-20034
-15633
-10027
-3752
2675
8791
14203
18591
21694
23307
23278
21529
18082
13090
6866
-124
-7279
-13920
-19371
-23050
-24552
-23716
-20646
-15704
-9452
-2566
4252
10371
15295
18702
20448
20539
19094
16300
12377
7562
2112
-3683
-9486
-14901
-19489
-22805
-24451
-24142
-21768
-17438
-11484
-4439
3027
10196
16398
21097
23949
24833
23833
21195
17269
12441
7082
1521
-3964
-9127
-13732
-17535
-20273
-21685
-21548
-19726
-16225
-11226
-5098
1631
8328
14339
19077
22108
23198
22340
19731
15719
10741
5241
-379
-5798
-10778
-15145
-18756
-21466
-23111
-23512
-22505
-19986
-15959
-10586
-4196
2727
9595
15790
20750
24052
25465
24976
22770
19180
14624
9523
4248
-917
-5776
-10197
-14077
-17297
-19700
-21088
-21249
-20007
-17276
-13115
-7755
-1596
4831
10938
16157
20031
22272
22793
21697
19237
15748
11578
7027
2319
-2403
-7049
-11537
-15747
-19489
-22499
-24467
-25085
-24121
-21478
-17245
-11701
-5294
1425
7882
13568
18106
21295
23105
23647
23111
21701
19579
16838
13498
9548
4992
-89
-5505
-10937
-15966
-20131
-23004
-24269
-23789
-21632
-18059
-13479
-8369
-3188
1692
6031
9732
12810
15333
17361
18889
19825
19992
19174
17181
13920
9452
4016
-1983
-8031
-13586
-18168
-21437
-23239
-23614
-22759
-20961
-18517
-15660
-12521
-9114
-5374
-1216
3394
8381
13521
18461
22755
25952
27680
27728
26088
22961
18716
13812
8707
3772
-764
-4831
-8490
-11867
-15078
-18157
-21005
-23396
-25007
-25498
-24600
-22191
-18354
-13373
-7699
-1865
3613
8328
12050
14744
16547
17693
18431
18934
19241
19243
18710
17367
14982
11457
6883
1553
-4073
-9452
-14062
-17506
-19582
-20313
-19919
-18745
-17163
-15467
-13805
-12147
-10313
-8037
-5073
-1287
3267
8328
13456
18116
21785
24065
24768
23951
21896
19028
15815
12647
9751
7146
4666
2023
-1077
-4831
-9250
-14115
-19011
-23395
-26721
-28561
-28704
-27204
-24367
-20675
-16664
-12802
-9378
-6445
-3833
-1216
1772
5409
9781
14721
19828
24540
28256
30482
30944
29657
26921
23245
19226
15398
12111
9452
7239
5094
2565
-728
-4965
-10045
-15584
-20986
-25578
-28767
-30179
-29755
-27760
-24720
-21282
-18059
-15470
-13644
-12393
-11282
-9753
-7294
-3603
1312
7104
13150
18690
23005
25590
26278
25276
23111
20490
18120
16519
15885
16045
16506
16589
15621
13129
8982
3453
-2828
-9013
-14239
-17836
-19489
-19316
-17833
-15814
-14091
-13329
-13846
-15527
-17844
-19995
-21112
-20496
-17815
-13207
-7266
-912
4831
9088
11343
11577
10263
8243
6510
5936
7044
9852
13860
18163
21681
23433
22803
19704
14624
8515
2563
-2101
-4690
-4961
-3277
-517
2150
3571
2915
-95
-5096
-11155
-16996
-21313
-23111
-21957
-18111
-12473
-6364
-1202
1858
2218
0
-3978
-8403
-11804
-12923
-11061
-6263
661
8328
15110
19547
20709
18446
13439
7038
933
-3268
-4451
-2288
2670
9109
15281
19436
20270
-17269
-10860
-2323
6503
13675
17624
17552
13646
7044
-438
-6748
-10116
-9502
-4874
2766
11612
19489
24393
24992
20975
13146
3247
-6453
-13713
-16874
-15271
-9419
-894
8039
14981
17991
16075
9452
-484
-11483
-20977
-26708
-27284
-22529
-13547
-2464
8071
15531
18124
15240
7608
-2863
-13539
-21694
-25174
-22923
-15258
-3804
8879
19903
26744
27847
23008
13430
1444
-10040
-18230
-21115
-17953
-9452
2389
14751
24660
29696
28562
21402
9768
-3740
-16081
-24488
-27110
-23450
-14470
-2370
9933
19489
23995
22337
14836
3174
-10002
-21698
-29260
-30980
-26482
-16796
-4110
8737
18907
24204
23562
17269
6882
-5141
-16010
-23227
-25144
-21317
-12579
-836
11371
21439
27272
27724
22829
13764
2566
-8328
-16611
-20598
-19566
-13876
-4870
5444
14830
21300
23513
21037
14409
4991
-5321
-14505
-20812
-23111
-21086
-15278
-6950
2178
10279
15767
17601
15467
9822
1797
-7032
-14943
-20394
-22308
-20275
-14624
-6366
2997
11743
18255
21326
20385
15618
7946
-1143
-9863
-16470
-19603
-18552
-13416
-5102
4831
14468
21899
25605
24765
19436
10561
-202
-10793
-19159
-23661
-23411
-18457
-9790
852
11321
19489
23676
22989
17506
8259
-2970
-14002
-22701
-27390
-27185
-22159
-13316
-2383
8538
17386
22537
23111
19117
11435
1619
-8414
-16757
-21866
-22839
-19557
-12675
-3479
6373
15156
21389
24077
22861
18059
10579
1745
-6935
-14023
-18380
-19340
-16806
-11247
-3621
4785
12557
18379
21238
20593
16466
9452
634
-8577
-16669
-22278
-24419
-22671
-17266
-9070
547
9934
17446
21735
21998
18136
10784
1216
-8878
-17691
-23626
-25585
-23172
-16768
-7458
3158
13264
21146
25502
25659
21680
14337
4956
-4831
-13373
-19282
-21658
-20214
-15302
-7819
962
9610
16770
21364
22742
20752
15744
8489
60
-8328
-15489
-20425
-22454
-21302
-17139
-10562
-2517
5819
13200
18490
20833
19793
15444
8376
-370
-9452
-17427
-22985
-25167
-23534
-18256
-10098
-306
9595
18051
23738
25781
23899
18445
10342
916
-8328
-15950
-20809
-22233
-20100
-14836
-7317
1280
9676
16676
21335
23071
21720
17531
11107
3316
-4831
-12303
-18167
-21692
-22436
-20294
-15522
-8715
-749
7315
14367
19391
21614
20635
16499
9718
1216
-7793
-15984
-22118
-25243
-24846
-20941
-14071
-5225
4317
13185
20136
24233
24981
22385
16923
9452
1064
-7079
-13917
-18615
-20664
-19908
-16541
-11055
-4160
3299
10441
16433
20571
22346
21500
18059
12350
4978
-3219
-11256
-18121
-22898
-24907
-23810
-19683
-13021
-4692
4186
12397
18810
22546
23111
20461
15010
7549
-873
-9116
-16108
-20992
-23227
-22631
-19380
-13947
-7025
575
8021
14540
19489
22393
22979
21192
17198
11380
4318
-3252
-10500
-16581
-20738
-22403
-21287
-17441
-11278
-3530
4831
12726
19119
23164
24330
22475
17858
11093
3053
-5263
-12871
-18928
-22826
-24245
-23158
-19803
-14624
-8203
-1193
5740
11965
16925
20162
21356
20348
17173
12078
5526
-1827
-9185
-15695
-20553
-23111
-22980
-20099
-14756
-7561
632
8844
16108
21593
24718
25209
23119
18786
12774
5772
-1491
-8328
-14156
-18525
-21131
-21815
-20554
-17456
-12759
-6829
-157
6661
12962
18074
21393
22467
21073
17269
11407
4108
-3815
-11459
-17953
-22575
-24845
-24580
-21894
-17166
-10967
-3970
3141
9741
15316
19489
22014
22770
21741
19008
14749
9242
2876
-3856
-10372
-16048
-20279
-22562
-22571
-20219
-15695
-9452
-2160
5382
12349
18005
21791
23390
22743
20034
15633
10027
3752
-2675
-8791
-14203
-18591
-21694
-23307
-23278
-21529
-18082
-13090
-6866
124
7279
13920
19371
23050
24552
23716
20646
15704
9452
2566
-4252
-10371
-15295
-18702
-20448
-20539
-19094
-16300
-12377
-7562
-2112
3683
9486
14901
19489
22805
24451
24142
21768
17438
11484
4439
-3027
-10196
-16398
-21097
-23949
-24833
-23833
-21195
-17269
-12441
-7082
-1521
3964
9127
13732
17535
20273
21685
21548
19726
16225
11226
5098
-1631
-8328
-14339
-19077
-22108
-23198
-22340
-19731
-15719
-10741
-5241
379
5798
10778
15145
18756
21466
23111
23512
22505
19986
15959
10586
4196
-2727
-9595
-15790
-20750
-24052
-25465
-24976
-22770
-19180
-14624
-9523
-4248
917
5776
10197
14077
17297
19700
21088
21249
20007
17276
13115
7755
1596
-4831
-10938
-16157
-20031
-22272
-22793
-21697
-19237
-15748
-11578
-7027
-2319
2403
7049
11537
15747
19489
22499
24467
25085
24121
21478
17245
11701
5294
-1425
-7882
-13568
-18106
-21295
-23105
-23647
-23111
-21701
-19579
-16838
-13498
-9548
-4992
89
5505
10937
15966
20131
23004
24269
23789
21632
18059
13479
8369
3188
-1692
-6031
-9732
-12810
-15333
-17361
-18889
-19825
-19992
-19174
-17181
-13920
-9452
-4016
1983
8031
13586
18168
21437
23239
23614
22759
20961
18517
15660
12521
9114
5374
1216
-3394
-8381
-13521
-18461
-22755
-25952
-27680
-27728
-26088
-22961
-18716
-13812
-8707
-3772
764
4831
8490
11867
15078
18157
21005
23396
25007
25498
24600
22191
18354
13373
7699
1865
-3613
-8328
-12050
-14744
-16547
-17693
-18431
-18934
-19241
-19243
-18710
-17367
-14982
-11457
-6883
-1553
4073
9452
14062
17506
19582
20313
19919
18745
17163
15467
13805
12147
10313
8037
5073
1287
-3267
-8328
-13456
-18116
-21785
-24065
-24768
-23951
-21896
-19028
-15815
-12647
-9751
-7146
-4666
-2023
1077
4831
9250
14115
19011
23395
26721
28561
28704
27204
24367
20675
16664
12802
9378
6445
3833
1216
-1772
-5409
-9781
-14721
-19828
-24540
-28256
-30482
-30944
-29657
-26921
-23245
-19226
-15398
-12111
-9452
-7239
-5094
-2565
728
4965
10045
15584
20986
25578
28767
30179
29755
27760
24720
21282
18059
15470
13644
12393
11282
9753
7294
3603
-1312
-7104
-13150
-18690
-23005
-25590
-26278
-25276
-23111
-20490
-18120
-16519
-15885
-16045
-16506
-16589
-15621
-13129
-8982
-3453
2828
9013
14239
17836
19489
19316
17833
15814
14091
13329
13846
15527
17844
19995
21112
20496
17815
13207
7266
912
-4831
-9088
-11343
-11577
-10263
-8243
-6510
-5936
-7044
-9852
-13860
-18163
-21681
-23433
-22803
-19704
-14624
-8515
-2563
2101
4690
4961
3277
517
-2150
-3571
-2915
95
5096
11155
16996
21313
23111
21957
18111
12473
6364
1202
-1858
-2218
0
3978
8403
11804
12923
11061
6263
-661
-8328
-15110
-19547
-20709
-18446
-13439
-7038
-933
3268
4451
2288
-2670
-9109
-15281
-19436
-20270
0
0
0
0
0
0
0
0
0
0
0
0
0
0
0
0
0
0
0
0
0
0
0
0
0
0
0
0
0
0
0
0
0
0
0
0
0
0
0
0
0
0
0
0
0
0
0
0
0
0
0
0
0
0
0
0
0
0
0
0
0
0
0
0
0
0
0
0
0
0
0
0
0
0
0
0
0
0
0
0
0
0
0
0
0
0
0
0
0
0
0
0
0
0
0
0
0
0
0
0
0
0
0
0
0
0
0
0
0
0
0
0
0
0
0
0
0
0
0
0
0
0
0
0
0
0
0
0
0
0
0
0
0
0
0
0
0
0
0
0
0
0
0
0
0
0
0
0
0
0
0
0
0
0
0
0
0
0
0
0
0
0
0
0
0
0
0
0
0
0
0
0
0
0
0
0
0
0
0
0
0
0
0
0
0
0
0
0
0
0
0
0
0
0
0
0
0
0
0
0
0
0
0
0
0
0
0
0
0
0
0
0
0
0
0
0
0
0
0
0
0
0
0
0
0
0
0
0
0
0
0
0
0
0
0
0
0
0
0
0
0
0
0
0
0
0
0
0
0
0
0
0
0
0
0
0
0
0
0
0
0
0
0
0
0
0
0
0
0
0
0
0
0
0
0
0
0
0
0
0
0
0
0
0
0
0
0
0
0
0
0
0
0
0
0
0
0
0
0
0
0
0
0
0
0
0
0
0
0
0
0
0
0
0
0
0
0
0
0
0
0
0
0
0
0
0
0
0
0
0
0
0
0
0
0
0
0
0
0
0
0
0
0
0
0
0
0
0
0
0
0
0
0
0
0
0
0
0
0
0
0
0
0
0
0
0
0
0
0
0
0
0
0
0
0
0
0
0
0
0
0
0
0
0
0
0
0
0
0
0
0
0
0
0
0
0
0
0
0
0
0
0
0
0
0
0
0
0
0
0
0
0
0
0
0
0
0
0
0
0
0
0
0
0
0
0
0
0
0
0
0
0
0
0
0
0
0
0
0
0
0
0
0
0
0
0
0
0
0
0
0
0
0
0
0
0
0
0
0
0
0
0
0
0
0
0
0
0
0
0
0
0
0
0
0
0
0
0
0
0
0
0
0
0
0
0
0
0
0
0
0
0
0
0
0
0
0
0
0
0
0
0
0
0
0
0
0
0
0
0
0
0
0
0
0
0
0
0
0
0
0
0
0
0
0
0
0
0
0
0
0
0
0
0
0
0
0
0
0
0
0
0
0
0
0
0
0
0
0
0
0
0
0
0
0
0
0
0
0
0
0
0
0
0
0
0
0
0
0
0
0
0
0
0
0
0
0
0
0
0
0
0
0
0
0
0
0
0
0
0
0
0
0
0
0
0
0
0
0
0
0
0
0
0
0
0
0
0
0
0
0
0
0
0
0
0
0
0
0
0
0
0
0
0
0
0
0
0
0
0
0
0
0
0
0
0
0
0
0
0
0
0
0
0
0
0
0
0
0
0
0
0
0
0
0
0
0
0
0
0
0
0
0
0
0
0
0
0
0
0
0
0
0
0
0
0
0
0
0
0
0
0
0
0
0
0
0
0
0
0
0
0
0
0
0
0
0
0
0
0
0
0
0
0
0
0
0
0
0
0
0
0
0
0
0
0
0
0
0
0
0
0
0
0
0
0
0
0
0
0
0
0
0
0
0
0
0
0
0
0
0
0
0
0
0
0
0
0
0
0
0
0
0
0
0
0
0
0
0
0
0
0
0
0
0
0
0
0
0
0
0
0
0
0
0
0
0
0
0
0
0
0
0
0
0
0
0
0
0
0
0
0
0
0
0
0
0
0
0
0
0
0
0
0
0
0
0
0
0
0
0
0
0
0
0
0
0
0
0
0
0
0
0
0
0
0
0
0
0
0
0
0
0
0
0
0
0
0
0
0
0
0
0
0
0
0
0
0
0
0
0
0
0
0
0
0
0
0
0
0
0
0
0
0
0
0
0
0
0
0
0
0
0
0
0
0
0
0
0
0
0
0
0
0
0
0
0
0
0
0
0
0
0
0
0
0
0
0
0
0
0
0
0
0
0
0
0
0
0
0
0
0
0
0
0
0
0
0
0
0
0
0
0
0
0
0
0
0
0
0
0
0
0
0
0
0
0
0
0
0
0
0
0
0
0
0
0
0
0
0
0
0
0
0
0
0
0
0
0
0
0
10013
19015
26103
30578
32023
30338
25755
18801
10238
976
-8030
-15882
-21838
-25385
-26285
-24595
-20644
-14983
-8317
-1412
4990
10262
13948
15816
15862
14299
11514
8005
4309
932
-1725
-3407
-4033
-3702
-2660
-1261
94
1026
1236
559
-1011
-3309
-6018
-8714
-10918
-12175
-12115
-10519
-7358
-2818
2709
8670
14397
19194
22417
23564
22332
18682
12846
5315
-3199
-11840
-19703
-25922
-29785
-30808
-28796
-23876
-16487
-7340
2657
12499
21183
27823
31745
32558
30198
24933
17330
8190
-1534
-10853
-18844
-24741
-28025
-28466
-26144
-21422
-14903
-7351
399
7544
13389
17429
19391
19258
17246
13766
9369
4657
215
-3467
-6051
-7383
-7496
-6598
-5030
-3201
-1531
-377
16
-442
-1682
-3469
-5454
-7215
-8326
-8425
-7272
-4799
-1129
3420
8373
13145
17108
19680
20398
18987
15406
9869
2840
-5019
-12906
-19970
-25405
-28548
-28957
-26474
-21246
-13722
-4614
5181
14673
22883
28953
32244
32396
29384
23507
15370
5807
-4205
-13653
-21596
-27267
-30149
-30032
-27020
-21522
-14187
-5837
2634
10366
16609
20823
22710
22244
19659
15402
10077
4357
-1096
-5711
-9072
-10953
-11341
-10418
-8516
-6072
-3550
-1377
119
758
523
-440
-1845
-3317
-4452
-4881
-4333
-2689
0
3499
7418
11251
14445
16473
16904
15477
12143
7086
722
-6340
-13367
-19570
-24206
-26663
-26543
-23712
-18331
-10852
-1969
7441
16419
24023
29435
32048
31548
27940
21557
13028
3210
-6903
-16292
-24014
-29309
-31676
-30929
-27208
-20962
-12889
-3859
5182
13325
19788
23998
25648
24718
21466
16382
10125
3439
-2940
-8364
-12348
-14611
-15102
-13984
-11602
-8423
-4967
-1734
862
2551
3228
2966
1991
639
-688
-1611
-1816
-1116
513
2926
5820
8770
11292
12905
13208
11939
9028
4619
-932
-7085
-13177
-18492
-22351
-24192
-23654
-20623
-15263
-8010
462
9320
17644
24539
29230
31162
30051
25937
19179
10422
533
-9494
-18643
-25985
-30776
-32545
-31134
-26719
-19789
-11087
-1523
7917
16289
22788
26827
28098
26598
22616
16689
9534
1959
-5226
-11313
-15753
-18222
-18644
-17178
-14187
-10181
-5741
-1443
2213
4869
6340
6631
5919
4520
2831
1266
189
-142
383
1710
3624
5778
7752
9102
9446
8510
6190
2577
-2039
-7202
-12321
-16757
-19894
-21220
-20401
-17334
-12175
-5332
2559
10715
18270
24384
28335
29611
27967
23468
16489
7684
-2090
-11847
-20590
-27413
-31605
-32724
-30648
-25592
-18076
-8881
1050
10706
19125
25483
29197
29972
27826
23086
16337
8351
0
-7851
-14431
-19149
-21650
-21841
-19890
-16190
-11297
-5859
-529
4111
7621
9744
10425
9806
8191
5989
3654
1609
195
-391
-113
898
2374
3944
5198
5753
5318
3742
1052
-2542
-6663
-10808
-14411
-16916
-17853
-16910
-13982
-9202
-2944
4214
11545
18248
23545
26770
27452
25382
20643
13615
4945
-4525
-13839
-22029
-28224
-31752
-32207
-29504
-23888
-15916
-6386
3732
13418
21697
27755
31015
31203
28370
22880
15365
6650
-2340
-10692
-17586
-22402
-24766
-24581
-22034
-17554
-11749
-5336
957
6475
10700
13312
14210
13515
11525
8676
5470
2401
-113
-1784
-2485
-2263
-1327
0
1327
2263
2485
1784
113
-2401
-5470
-8676
-11525
-13515
-14210
-13312
-10700
-6475
-957
5336
11749
17554
22034
24581
24766
22402
17586
10692
2340
-6650
-15365
-22880
-28370
-31203
-31015
-27755
-21697
-13418
-3732
6386
15916
23888
29504
32207
31752
28224
22029
13839
4525
-4945
-13615
-20643
-25382
-27452
-26770
-23545
-18248
-11545
-4214
2944
9202
13982
16910
17853
16916
14411
10808
6663
2542
-1052
-3742
-5318
-5753
-5198
-3944
-2374
-898
113
391
-195
-1609
-3654
-5989
-8191
-9806
-10425
-9744
-7621
-4111
529
5859
11297
16190
19890
21841
21650
19149
14431
7851
0
-8351
-16337
-23086
-27826
-29972
-29197
-25483
-19125
-10706
-1050
8881
18076
25592
30648
32724
31605
27413
20590
11847
2090
-7684
-16489
-23468
-27967
-29611
-28335
-24384
-18270
-10715
-2559
5332
12175
17334
20401
21220
19894
16757
12321
7202
2039
-2577
-6190
-8510
-9446
-9102
-7752
-5778
-3624
-1710
-383
142
-189
-1266
-2831
-4520
-5919
-6631
-6340
-4869
-2213
1443
5741
10181
14188
17178
18644
18222
15753
11313
5226
-1959
-9534
-16689
-22616
-26598
-28098
-26827
-22788
-16289
-7917
1523
11087
19789
26719
31134
32545
30776
25985
18643
9494
-533
-10422
-19179
-25937
-30051
-31162
-29230
-24539
-17644
-9320
-462
8010
15263
20623
23654
24192
22351
18492
13177
7085
932
-4619
-9028
-11939
-13208
-12905
-11292
-8770
-5820
-2926
-513
1116
1816
1611
688
-639
-1991
-2966
-3228
-2551
-862
1734
4967
8423
11602
13984
15102
14611
12348
8364
2940
-3439
-10125
-16383
-21466
-24718
-25648
-23998
-19788
-13325
-5182
3859
12889
20962
27208
30929
31676
29309
24014
16292
6903
-3210
-13028
-21557
-27940
-31548
-32048
-29435
-24023
-16419
-7441
1969
10852
18331
23712
26543
26663
24206
19570
13367
6340
-722
-7086
-12143
-15477
-16904
-16473
-14445
-11251
-7418
-3499
0
2689
4333
4881
4452
3317
1845
440
-523
-758
-119
1377
3550
6072
8516
10418
11341
10953
9072
5711
1096
-4357
-10077
-15402
-19659
-22244
-22710
-20823
-16609
-10366
-2634
5837
14188
21522
27020
30032
30149
27267
21596
13653
4205
-5807
-15370
-23507
-29384
-32396
-32244
-28953
-22883
-14673
-5181
4614
13722
21246
26474
28957
28548
25405
19970
12906
5019
-2840
-9869
-15406
-18987
-20398
-19680
-17108
-13145
-8373
-3420
1129
4799
7272
8425
8326
7215
5454
3469
1682
442
-16
377
1531
3201
5030
6598
7496
7383
6051
3467
-215
-4657
-9369
-13766
-17246
-19258
-19391
-17429
-13389
-7544
-399
7351
14903
21422
26144
28466
28025
24741
18844
10853
1534
-8191
-17330
-24933
-30198
-32558
-31745
-27823
-21183
-12499
-2657
7340
16487
23876
28796
30808
29785
25922
19703
11840
3199
-5315
-12846
-18682
-22332
-23564
-22417
-19194
-14397
-8670
-2709
2818
7358
10519
12115
12175
10918
8714
6018
3309
1011
-559
-1236
-1026
-94
1261
2660
3702
4033
3407
1725
-932
-4309
-8005
-11514
-14299
-15862
-15816
-13948
-10262
-4990
1412
8317
14983
20644
24595
26285
25385
21838
15882
8030
-976
-10238
-18801
-25755
-30338
-32023
-30578
-26103
-19015
-10013
0
10013
19015
26103
30578
32023
30338
25755
18801
10238
976
-8030
-15882
-21838
-25385
-26285
-24595
-20644
-14983
-8317
-1412
4990
10262
13948
15816
15862
14299
11514
8005
4309
932
-1725
-3407
-4033
-3702
-2660
-1261
94
1026
1236
559
-1011
-3309
-6018
-8714
-10918
-12175
-12115
-10519
-7358
-2818
2709
8670
14397
19194
22417
23564
22332
18682
12846
5315
-3199
-11840
-19703
-25922
-29785
-30808
-28796
-23876
-16487
-7340
2657
12499
21183
27823
31745
32558
30198
24933
17330
8191
-1534
-10853
-18844
-24741
-28025
-28466
-26144
-21422
-14903
-7351
399
7544
13389
17429
19391
19258
17246
13766
9369
4657
215
-3467
-6051
-7383
-7496
-6598
-5030
-3201
-1531
-377
16
-442
-1682
-3469
-5454
-7215
-8326
-8425
-7272
-4799
-1129
3420
8373
13145
17108
19680
20398
18987
15406
9869
2840
-5019
-12906
-19970
-25405
-28548
-28957
-26474
-21246
-13722
-4614
5181
14673
22883
28953
32244
32396
29384
23507
15370
5807
-4205
-13653
-21596
-27267
-30149
-30032
-27020
-21522
-14187
-5837
2634
10366
16609
20823
22710
22244
19659
15402
10077
4357
-1096
-5711
-9072
-10953
-11341
-10418
-8516
-6072
-3550
-1377
119
758
523
-440
-1845
-3317
-4452
-4881
-4333
-2689
0
3499
7418
11251
14445
16473
16904
15477
12143
7086
722
-6340
-13367
-19570
-24206
-26663
-26543
-23712
-18331
-10852
-1969
7441
16419
24023
29435
32048
31548
27940
21557
13028
3210
-6903
-16292
-24014
-29309
-31676
-30929
-27208
-20962
-12889
-3859
5182
13325
19788
23998
25648
24718
21466
16382
10125
3439
-2940
-8364
-12348
-14611
-15102
-13984
-11602
-8423
-4967
-1734
862
2551
3228
2966
1991
639
-688
-1611
-1816
-1116
513
2926
5820
8770
11292
12905
13208
11939
9028
4619
-932
-7085
-13177
-18492
-22351
-24192
-23654
-20623
-15263
-8010
462
9320
17644
24539
29230
31162
30051
25937
19179
10422
533
-9494
-18643
-25985
-30776
-32545
-31134
-26719
-19789
-11087
-1523
7917
16289
22788
26827
28098
26598
22616
16689
9534
1959
-5226
-11313
-15753
-18222
-18644
-17178
-14187
-10181
-5741
-1443
2213
4869
6340
6631
5919
4520
2831
1266
189
-142
383
1710
3624
5778
7752
9102
9446
8510
6190
2577
-2039
-7202
-12321
-16757
-19894
-21220
-20401
-17334
-12175
-5332
2559
10715
18270
24384
28335
29611
27967
23468
16489
7684
-2090
-11847
-20590
-27413
-31605
-32724
-30648
-25592
-18076
-8881
1050
10706
19125
25483
29197
29972
27826
23086
16337
8351
0
-7851
-14431
-19149
-21650
-21841
-19890
-16190
-11297
-5859
-529
4111
7621
9744
10425
9806
8190
5989
3654
1609
195
-391
-113
898
2374
3944
5198
5753
5318
3742
1052
-2542
-6663
-10808
-14411
-16916
-17853
-16910
-13982
-9202
-2944
4214
11545
18248
23545
26770
27452
25382
20643
13615
4945
-4525
-13839
-22029
-28224
-31752
-32207
-29504
-23888
-15916
-6386
3732
13418
21697
27755
31015
31203
28370
22880
15365
6650
-2340
-10692
-17586
-22402
-24766
-24581
-22034
-17554
-11749
-5336
957
6475
10700
13312
14210
13515
11525
8676
5470
2401
-113
-1784
-2485
-2263
-1327
0
1327
2263
2485
1784
113
-2401
-5470
-8676
-11525
-13515
-14210
-13312
-10700
-6475
-957
5336
11749
17554
22034
24581
24766
22402
17586
10692
2340
-6650
-15365
-22880
-28370
-31203
-31015
-27755
-21697
-13418
-3732
6386
15916
23888
29504
32207
31752
28224
22029
13839
4525
-4945
-13615
-20643
-25382
-27452
-26770
-23545
-18248
-11545
-4214
2944
9202
13982
16910
17853
16916
14411
10808
6663
2542
-1052
-3742
-5318
-5753
-5198
-3944
-2374
-898
113
391
-195
-1609
-3654
-5989
-8191
-9806
-10425
-9744
-7621
-4111
529
5859
11297
16190
19890
21841
21650
19149
14431
7851
0
-8351
-16337
-23086
-27826
-29972
-29197
-25483
-19125
-10706
-1050
8881
18076
25592
30648
32724
31605
27413
20590
11847
2090
-7684
-16489
-23468
-27967
-29611
-28335
-24384
-18270
-10715
-2559
5332
12175
17334
20401
21220
19894
16757
12321
7202
2039
-2577
-6190
-8510
-9446
-9102
-7752
-5778
-3624
-1710
-383
142
-189
-1266
-2831
-4520
-5919
-6631
-6340
-4869
-2213
1443
5741
10181
14188
17178
18644
18222
15753
11313
5226
-1959
-9534
-16689
-22616
-26598
-28098
-26827
-22788
-16289
-7917
1523
11087
19789
26719
31134
32545
30776
25985
18643
9494
-533
-10422
-19179
-25937
-30051
-31162
-29230
-24539
-17644
-9320
-462
8010
15263
20623
23654
24192
22351
18492
13177
7085
932
-4619
-9028
-11939
-13208
-12905
-11292
-8770
-5820
-2926
-513
1116
1816
1611
688
-639
-1991
-2966
-3228
-2551
-862
1734
4967
8423
11602
13984
15102
14611
12348
8364
2940
-3439
-10125
-16383
-21466
-24718
-25648
-23998
-19788
-13325
-5182
3859
12889
20962
27208
30929
31676
29309
24014
16292
6903
-3210
-13028
-21557
-27940
-31548
-32048
-29435
-24023
-16419
-7441
1969
10852
18331
23712
26543
26663
24206
19570
13367
6340
-722
-7086
-12143
-15477
-16904
-16473
-14445
-11251
-7418
-3499
0
2689
4333
4881
4452
3317
1845
440
-523
-758
-119
1377
3550
6072
8516
10418
11341
10953
9072
5711
1096
-4357
-10077
-15402
-19659
-22244
-22710
-20823
-16609
-10366
-2634
5837
14188
21522
27020
30032
30149
27267
21596
13653
4205
-5807
-15370
-23507
-29384
-32396
-32244
-28953
-22883
-14673
-5181
4614
13722
21246
26474
28957
28548
25405
19970
12906
5019
-2840
-9869
-15406
-18987
-20398
-19680
-17108
-13145
-8373
-3420
1129
4799
7272
8425
8326
7215
5454
3469
1682
442
-16
377
1531
3201
5030
6598
7496
7383
6051
3467
-215
-4657
-9369
-13766
-17246
-19258
-19391
-17429
-13389
-7544
-399
7351
14903
21422
26144
28466
28025
24741
18844
10853
1534
-8191
-17330
-24933
-30198
-32558
-31745
-27823
-21183
-12499
-2657
7340
16487
23876
28796
30808
29785
25922
19703
11840
3199
-5315
-12846
-18682
-22332
-23564
-22417
-19194
-14397
-8670
-2709
2818
7358
10519
12115
12175
10918
8714
6018
3309
1011
-559
-1236
-1026
-94
1261
2660
3702
4033
3407
1725
-932
-4309
-8005
-11514
-14299
-15862
-15816
-13948
-10262
-4990
1412
8317
14983
20644
24595
26285
25385
21838
15882
8030
-976
-10238
-18801
-25755
-30338
-32023
-30578
-26103
-19015
-10013
0
10013
19015
26103
30578
32023
30338
25755
18801
10238
976
-8030
-15882
-21838
-25385
-26285
-24595
-20644
-14983
-8317
-1412
4990
10262
13948
15816
15862
14299
11514
8005
4309
932
-1725
-3407
-4033
-3702
-2660
-1261
94
1026
1236
559
-1011
-3309
-6018
-8714
-10918
-12175
-12115
-10519
-7358
-2818
2709
8670
14397
19194
22417
23564
22332
18682
12846
5315
-3199
-11840
-19703
-25922
-29785
-30808
-28796
-23876
-16487
-7340
2657
12499
21183
27823
31745
32558
30198
24933
17330
8190
-1534
-10853
-18844
-24741
-28025
-28466
-26144
-21422
-14903
-7351
399
7544
13389
17429
19391
19258
17246
13766
9369
4657
215
-3467
-6051
-7383
-7496
-6598
-5030
-3201
-1531
-377
16
-442
-1682
-3469
-5454
-7215
-8326
-8425
-7272
-4799
-1129
3420
8373
13145
17108
19680
20398
18987
15406
9869
2840
-5019
-12906
-19970
-25405
-28548
-28957
-26474
-21246
-13722
-4614
5181
14673
22883
28953
32244
32396
29384
23507
15370
5807
-4205
-13653
-21596
-27267
-30149
-30032
-27020
-21522
-14188
-5837
2634
10366
16609
20823
22710
22244
19659
15402
10077
4357
-1096
-5711
-9072
-10953
-11341
-10418
-8516
-6072
-3550
-1377
119
758
523
-440
-1845
-3317
-4452
-4881
-4333
-2689
0
3499
7418
11251
14445
16473
16904
15477
12143
7086
722
-6340
-13367
-19570
-24206
-26663
-26543
-23712
-18331
-10852
-1969
7441
16419
24023
29435
32048
31548
27940
21557
13028
3210
-6903
-16292
-24014
-29309
-31676
-30929
-27208
-20962
-12889
-3859
5182
13325
19788
23998
25648
24718
21466
16382
10125
3439
-2940
-8364
-12348
-14611
-15102
-13984
-11602
-8423
-4967
-1734
862
2551
3228
2966
1991
639
-688
-1611
-1816
-1116
513
2926
5820
8770
11292
12905
13208
11939
9028
4619
-932
-7085
-13177
-18492
-22351
-24192
-23654
-20623
-15263
-8010
462
9320
17644
24539
29230
31162
30051
25937
19179
10422
533
-9494
-18643
-25985
-30776
-32545
-31134
-26719
-19789
-11087
-1523
7917
16289
22788
26827
28098
26598
22616
16689
9534
1959
-5226
-11313
-15753
-18222
-18644
-17178
-14188
-10181
-5741
-1443
2213
4869
6340
6631
5919
4520
2831
1266
189
-142
383
1710
3624
5778
7752
9102
9446
8510
6190
2577
-2039
-7202
-12321
-16757
-19894
-21220
-20401
-17334
-12175
-5332
2559
10715
18270
24384
28335
29611
27967
23468
16489
7684
-2090
-11847
-20590
-27413
-31605
-32724
-30648
-25592
-18076
-8881
1050
10706
19125
25483
29197
29972
27826
23086
16337
8351
0
-7851
-14431
-19149
-21650
-21841
-19890
-16190
-11297
-5859
-529
4111
7621
9744
10425
9806
8190
5989
3654
1609
195
-391
-113
898
2374
3944
5198
5753
5318
3742
1052
-2542
-6663
-10808
-14411
-16916
-17853
-16910
-13982
-9202
-2944
4214
11545
18248
23545
26770
27452
25382
20643
13615
4945
-4525
-13839
-22029
-28224
-31752
-32207
-29504
-23888
-15916
-6386
3732
13418
21697
27755
31015
31203
28370
22880
15365
6650
-2340
-10692
-17586
-22402
-24766
-24581
-22034
-17554
-11749
-5336
957
6475
10700
13312
14210
13515
11525
8676
5470
2401
-113
-1784
-2485
-2263
-1327
0
1327
2263
2485
1784
113
-2401
-5470
-8676
-11525
-13515
-14210
-13312
-10700
-6475
-957
5336
11749
17554
22034
24581
24766
22402
17586
10692
2340
-6650
-15365
-22880
-28370
-31203
-31015
-27755
-21697
-13418
-3732
6386
15916
23888
29504
32207
31752
28224
22029
13839
4525
-4945
-13615
-20643
-25382
-27452
-26770
-23545
-18248
-11545
-4214
2944
9202
13982
16910
17853
16916
14411
10808
6663
2542
-1052
-3742
-5318
-5753
-5198
-3944
-2374
-898
113
391
-195
-1609
-3654
-5989
-8191
-9806
-10425
-9744
-7621
-4111
529
5859
11297
16190
19890
21841
21650
19149
14431
7851
0
-8351
-16337
-23086
-27826
-29972
-29197
-25483
-19125
-10706
-1050
8881
18076
25592
30648
32724
31605
27413
20590
11847
2090
-7684
-16489
-23468
-27967
-29611
-28335
-24384
-18270
-10715
-2559
5332
12175
17334
20401
21220
19894
16757
12321
7202
2039
-2577
-6190
-8510
-9446
-9102
-7752
-5778
-3624
-1710
-383
142
-189
-1266
-2831
-4520
-5919
-6631
-6340
-4869
-2213
1443
5741
10181
14188
17178
18644
18222
15753
11313
5226
-1959
-9534
-16689
-22616
-26598
-28098
-26827
-22788
-16289
-7917
1523
11087
19789
26719
31134
32545
30776
25985
18643
9494
-533
-10422
-19179
-25937
-30051
-31162
-29230
-24539
-17644
-9320
-462
8010
15263
20623
23654
24192
22351
18492
13177
7085
932
-4619
-9028
-11939
-13208
-12905
-11292
-8770
-5820
-2926
-513
1116
1816
1611
688
-639
-1991
-2966
-3228
-2551
-862
1734
4967
8423
11602
13984
15102
14611
12348
8364
2940
-3439
-10125
-16382
-21466
-24718
-25648
-23998
-19788
-13325
-5182
3859
12889
20962
27208
30929
31676
29309
24014
16292
6903
-3210
-13028
-21557
-27940
-31548
-32048
-29435
-24023
-16419
-7441
1969
10852
18331
23712
26543
26663
24206
19570
13367
6340
-722
-7086
-12143
-15477
-16904
-16473
-14445
-11251
-7418
-3499
0
2689
4333
4881
4452
3317
1845
440
-523
-758
-119
1377
3550
6072
8516
10418
11341
10953
9072
5711
1096
-4357
-10077
-15402
-19659
-22244
-22710
-20823
-16609
-10366
-2634
5837
14188
21522
27020
30032
30149
27267
21596
13653
4205
-5807
-15370
-23507
-29384
-32396
-32244
-28953
-22883
-14673
-5181
4614
13722
21246
26474
28957
28548
25405
19970
12906
5019
-2840
-9869
-15406
-18987
-20398
-19680
-17108
-13145
-8373
-3420
1129
4799
7272
8425
8326
7215
5454
3469
1682
442
-16
377
1531
3201
5030
6598
7496
7383
6051
3467
-215
-4657
-9369
-13766
-17246
-19258
-19391
-17429
-13389
-7544
-399
7351
14903
21422
26144
28466
28025
24741
18844
10853
1534
-8191
-17330
-24933
-30198
-32558
-31745
-27823
-21183
-12499
-2657
7340
16487
23876
28796
30808
29785
25922
19703
11840
3199
-5315
-12846
-18682
-22332
-23564
-22417
-19194
-14397
-8670
-2709
2818
7358
10519
12115
12175
10918
8714
6018
3309
1011
-559
-1236
-1026
-94
1261
2660
3702
4033
3407
1725
-932
-4309
-8005
-11514
-14299
-15862
-15816
-13948
-10262
-4990
1412
8317
14983
20644
24595
26285
25385
21838
15882
8030
-976
-10238
-18801
-25755
-30338
-32023
-30578
-26103
-19015
-10013
0
10013
19015
26103
30578
32023
30338
25755
18801
10238
976
-8030
-15882
-21838
-25385
-26285
-24595
-20644
-14983
-8317
-1412
4990
10262
13948
15816
15862
14299
11514
8005
4309
932
-1725
-3407
-4033
-3702
-2660
-1261
94
1026
1236
559
-1011
-3309
-6018
-8714
-10918
-12175
-12115
-10519
-7358
-2818
2709
8670
14397
19194
22417
23564
22332
18682
12846
5315
-3199
-11840
-19703
-25922
-29785
-30808
-28796
-23876
-16487
-7340
2657
12499
21183
27823
31745
32558
30198
24933
17330
8191
-1534
-10853
-18844
-24741
-28025
-28466
-26144
-21422
-14903
-7351
399
7544
13389
17429
19391
19258
17246
13766
9369
4657
215
-3467
-6051
-7383
-7496
-6598
-5030
-3201
-1531
-377
16
-442
-1682
-3469
-5454
-7215
-8326
-8425
-7272
-4799
-1129
3420
8373
13145
17108
19680
20398
18987
15406
9869
2840
-5019
-12906
-19970
-25405
-28548
-28957
-26474
-21246
-13722
-4614
5181
14673
22883
28953
32244
32396
29384
23507
15370
5807
-4205
-13653
-21596
-27267
-30149
-30032
-27020
-21522
-14187
-5837
2634
10366
16609
20823
22710
22244
19659
15402
10077
4357
-1096
-5711
-9072
-10953
-11341
-10418
-8516
-6072
-3550
-1377
119
758
523
-440
-1845
-3317
-4452
-4881
-4333
-2689
0
3499
7418
11251
14445
16473
16904
15477
12143
7086
722
-6340
-13367
-19570
-24206
-26663
-26543
-23712
-18331
-10852
-1969
7441
16419
24023
29435
32048
31548
27940
21557
13028
3210
-6903
-16292
-24014
-29309
-31676
-30929
-27208
-20962
-12889
-3859
5182
13325
19788
23998
25648
24718
21466
16382
10125
3439
-2940
-8364
-12348
-14611
-15102
-13984
-11602
-8423
-4967
-1734
862
2551
3228
2966
1991
639
-688
-1611
-1816
-1116
513
2926
5820
8770
11292
12905
13208
11939
9028
4619
-932
-7085
-13177
-18492
-22351
-24192
-23654
-20623
-15263
-8010
462
9320
17644
24539
29230
31162
30051
25937
19179
10422
533
-9494
-18643
-25985
-30776
-32545
-31134
-26719
-19789
-11087
-1523
7917
16289
22788
26827
28098
26598
22616
16689
9534
1959
-5226
-11313
-15753
-18222
-18644
-17178
-14187
-10181
-5741
-1443
2213
4869
6340
6631
5919
4520
2831
1266
189
-142
383
1710
3624
5778
7752
9102
9446
8510
6190
2577
-2039
-7202
-12321
-16757
-19894
-21220
-20401
-17334
-12175
-5332
2559
10715
18270
24384
28335
29611
27967
23468
16489
7684
-2090
-11847
-20590
-27413
-31605
-32724
-30648
-25592
-18076
-8881
1050
10706
19125
25483
29197
29972
27826
23086
16337
8351
0
-7851
-14431
-19149
-21650
-21841
-19890
-16190
-11297
-5859
-529
4111
7621
9744
10425
9806
8191
5989
3654
1609
195
-391
-113
898
2374
3944
5198
5753
5318
3742
1052
-2542
-6663
-10808
-14411
-16916
-17853
-16910
-13982
-9202
-2944
4214
11545
18248
23545
26770
27452
25382
20643
13615
4945
-4525
-13839
-22029
-28224
-31752
-32207
-29504
-23888
-15916
-6386
3732
13418
21697
27755
31015
31203
28370
22880
15365
6650
-2340
-10692
-17586
-22402
-24766
-24581
-22034
-17554
-11749
-5336
957
6475
10700
13312
14210
13515
11525
8676
5470
2401
-113
-1784
-2485
-2263
-1327
0
1327
2263
2485
1784
113
-2401
-5470
-8676
-11525
-13515
-14210
-13312
-10700
-6475
-957
5336
11749
17554
22034
24581
24766
22402
17586
10692
2340
-6650
-15365
-22880
-28370
-31203
-31015
-27755
-21697
-13418
-3732
6386
15916
23888
29504
32207
31752
28224
22029
13839
4525
-4945
-13615
-20643
-25382
-27452
-26770
-23545
-18248
-11545
-4214
2944
9202
13982
16910
17853
16916
14411
10808
6663
2542
-1052
-3742
-5318
-5753
-5198
-3944
-2374
-898
113
391
-195
-1609
-3654
-5989
-8190
-9806
-10425
-9744
-7621
-4111
529
5859
11297
16190
19890
21841
21650
19149
14431
7851
0
-8351
-16337
-23086
-27826
-29972
-29197
-25483
-19125
-10706
-1050
8881
18076
25592
30648
32724
31605
27413
20590
11847
2090
-7684
-16489
-23468
-27967
-29611
-28335
-24384
-18270
-10715
-2559
5332
12175
17334
20401
21220
19894
16757
12321
7202
2039
-2577
-6190
-8510
-9446
-9102
-7752
-5778
-3624
-1710
-383
142
-189
-1266
-2831
-4520
-5919
-6631
-6340
-4869
-2213
1443
5741
10181
14188
17178
18644
18222
15753
11313
5226
-1959
-9534
-16689
-22616
-26598
-28098
-26827
-22788
-16289
-7917
1523
11087
19789
26719
31134
32545
30776
25985
18643
9494
-533
-10422
-19179
-25937
-30051
-31162
-29230
-24539
-17644
-9320
-462
8010
15263
20623
23654
24192
22351
18492
13177
7085
932
-4619
-9028
-11939
-13208
-12905
-11292
-8770
-5820
-2926
-513
1116
1816
1611
688
-639
-1991
-2966
-3228
-2551
-862
1734
4967
8423
11602
13984
15102
14611
12348
8364
2940
-3439
-10125
-16383
-21466
-24718
-25648
-23998
-19788
-13325
-5182
3859
12889
20962
27208
30929
31676
29309
24014
16292
6903
-3210
-13028
-21557
-27940
-31548
-32048
-29435
-24023
-16419
-7441
1969
10852
18331
23712
26543
26663
24206
19570
13367
6340
-722
-7086
-12143
-15477
-16904
-16473
-14445
-11251
-7418
-3499
0
2689
4333
4881
4452
3317
1845
440
-523
-758
-119
1377
3550
6072
8516
10418
11341
10953
9072
5711
1096
-4357
-10077
-15402
-19659
-22244
-22710
-20823
-16609
-10366
-2634
5837
14188
21522
27020
30032
30149
27267
21596
13653
4205
-5807
-15370
-23507
-29384
-32396
-32244
-28953
-22883
-14673
-5181
4614
13722
21246
26474
28957
28548
25405
19970
12906
5019
-2840
-9869
-15406
-18987
-20398
-19680
-17108
-13145
-8373
-3420
1129
4799
7272
8425
8326
7215
5454
3469
1682
442
-16
377
1531
3201
5030
6598
7496
7383
6051
3467
-215
-4657
-9369
-13766
-17246
-19258
-19391
-17429
-13389
-7544
-399
7351
14903
21422
26144
28466
28025
24741
18844
10853
1534
-8191
-17330
-24933
-30198
-32558
-31745
-27823
-21183
-12499
-2657
7340
16487
23876
28796
30808
29785
25922
19703
11840
3199
-5315
-12846
-18682
-22332
-23564
-22417
-19194
-14397
-8670
-2709
2818
7358
10519
12115
12175
10918
8714
6018
3309
1011
-559
-1236
-1026
-94
1261
2660
3702
4033
3407
1725
-932
-4309
-8005
-11514
-14299
-15862
-15816
-13948
-10262
-4990
1412
8317
14983
20644
24595
26285
25385
21838
15882
8030
-976
-10238
-18801
-25755
-30338
-32023
-30578
-26103
-19015
-10013
0
10013
19015
26103
30578
32023
30338
25755
18801
10238
976
-8030
-15882
-21838
-25385
-26285
-24595
-20644
-14983
-8317
-1412
4990
10262
13948
15816
15862
14299
11514
8005
4309
932
-1725
-3407
-4033
-3702
-2660
-1261
94
1026
1236
559
-1011
-3309
-6018
-8714
-10918
-12175
-12115
-10519
-7358
-2818
2709
8670
14397
19194
22417
23564
22332
18682
12846
5315
-3199
-11840
-19703
-25922
-29785
-30808
-28796
-23876
-16487
-7340
2657
12499
21183
27823
31745
32558
30198
24933
17330
8190
-1534
-10853
-18844
-24741
-28025
-28466
-26144
-21422
-14903
-7351
399
7544
13389
17429
19391
19258
17246
13766
9369
4657
215
-3467
-6051
-7383
-7496
-6598
-5030
-3201
-1531
-377
16
-442
-1682
-3469
-5454
-7215
-8326
-8425
-7272
-4799
-1129
3420
8373
13145
17108
19680
20398
18987
15406
9869
2840
-5019
-12906
-19970
-25405
-28548
-28957
-26474
-21246
-13722
-4614
5181
14673
22883
28953
32244
32396
29384
23507
15370
5807
-4205
-13653
-21596
-27267
-30149
-30032
-27020
-21522
-14188
-5837
2634
10366
16609
20823
22710
22244
19659
15402
10077
4357
-1096
-5711
-9072
-10953
-11341
-10418
-8516
-6072
-3550
-1377
119
758
523
-440
-1845
-3317
-4452
-4881
-4333
-2689
0
3499
7418
11251
14445
16473
16904
15477
12143
7086
722
-6340
-13367
-19570
-24206
-26663
-26543
-23712
-18331
-10852
-1969
7441
16419
24023
29435
32048
31548
27940
21557
13028
3210
-6903
-16292
-24014
-29309
-31676
-30929
-27208
-20962
-12889
-3859
5182
13325
19788
23998
25648
24718
21466
16382
10125
3439
-2940
-8364
-12348
-14611
-15102
-13984
-11602
-8423
-4967
-1734
862
2551
3228
2966
1991
639
-688
-1611
-1816
-1116
513
2926
5820
8770
11292
12905
13208
11939
9028
4619
-932
-7085
-13177
-18492
-22351
-24192
-23654
-20623
-15263
-8010
462
9320
17644
24539
29230
31162
30051
25937
19179
10422
533
-9494
-18643
-25985
-30776
-32545
-31134
-26719
-19789
-11087
-1523
7917
16289
22788
26827
28098
26598
22616
16689
9534
1959
-5226
-11313
-15753
-18222
-18644
-17178
-14188
-10181
-5741
-1443
2213
4869
6340
6631
5919
4520
2831
1266
189
-142
383
1710
3624
5778
7752
9102
9446
8510
6190
2577
-2039
-7202
-12321
-16757
-19894
-21220
-20401
-17334
-12175
-5332
2559
10715
18270
24384
28335
29611
27967
23468
16489
7684
-2090
-11847
-20590
-27413
-31605
-32724
-30648
-25592
-18076
-8881
1050
10706
19125
25483
29197
29972
27826
23086
16337
8351
0
-7851
-14431
-19149
-21650
-21841
-19890
-16190
-11297
-5859
-529
4111
7621
9744
10425
9806
8190
5989
3654
1609
195
-391
-113
898
2374
3944
5198
5753
5318
3742
1052
-2542
-6663
-10808
-14411
-16916
-17853
-16910
-13982
-9202
-2944
4214
11545
18248
23545
26770
27452
25382
20643
13615
4945
-4525
-13839
-22029
-28224
-31752
-32207
-29504
-23888
-15916
-6386
3732
13418
21697
27755
31015
31203
28370
22880
15365
6650
-2340
-10692
-17586
-22402
-24766
-24581
-22034
-17554
-11749
-5336
957
6475
10700
13312
14210
13515
11525
8676
5470
2401
-113
-1784
-2485
-2263
-1327
0
1327
2263
2485
1784
113
-2401
-5470
-8676
-11525
-13515
-14210
-13312
-10700
-6475
-957
5336
11749
17554
22034
24581
24766
22402
17586
10692
2340
-6650
-15365
-22880
-28370
-31203
-31015
-27755
-21697
-13418
-3732
6386
15916
23888
29504
32207
31752
28224
22029
13839
4525
-4945
-13615
-20643
-25382
-27452
-26770
-23545
-18248
-11545
-4214
2944
9202
13982
16910
17853
16916
14411
10808
6663
2542
-1052
-3742
-5318
-5753
-5198
-3944
-2374
-898
113
391
-195
-1609
-3654
-5989
-8191
-9806
-10425
-9744
-7621
-4111
529
5859
11297
16190
19890
21841
21650
19149
14431
7851
0
-8351
-16337
-23086
-27826
-29972
-29197
-25483
-19125
-10706
-1050
8881
18076
25592
30648
32724
31605
27413
20590
11847
2090
-7684
-16489
-23468
-27967
-29611
-28335
-24384
-18270
-10715
-2559
5332
12175
17334
20401
21220
19894
16757
12321
7202
2039
-2577
-6190
-8510
-9446
-9102
-7752
-5778
-3624
-1710
-383
142
-189
-1266
-2831
-4520
-5919
-6631
-6340
-4869
-2213
1443
5741
10181
14188
17178
18644
18222
15753
11313
5226
-1959
-9534
-16689
-22616
-26598
-28098
-26827
-22788
-16289
-7917
1523
11087
19789
26719
31134
32545
30776
25985
18643
9494
-533
-10422
-19179
-25937
-30051
-31162
-29230
-24539
-17644
-9320
-462
8010
15263
20623
23654
24192
22351
18492
13177
7085
932
-4619
-9028
-11939
-13208
-12905
-11292
-8770
-5820
-2926
-513
1116
1816
1611
688
-639
-1991
-2966
-3228
-2551
-862
1734
4967
8423
11602
13984
15102
14611
12348
8364
2940
-3439
-10125
-16383
-21466
-24718
-25648
-23998
-19788
-13325
-5182
3859
12889
20962
27208
30929
31676
29309
24014
16292
6903
-3210
-13028
-21557
-27940
-31548
-32048
-29435
-24023
-16419
-7441
1969
10852
18331
23712
26543
26663
24206
19570
13367
6340
-722
-7086
-12143
-15477
-16904
-16473
-14445
-11251
-7418
-3499
0
2689
4333
4881
4452
3317
1845
440
-523
-758
-119
1377
3550
6072
8516
10418
11341
10953
9072
5711
1096
-4357
-10077
-15402
-19659
-22244
-22710
-20823
-16609
-10366
-2634
5837
14188
21522
27020
30032
30149
27267
21596
13653
4205
-5807
-15370
-23507
-29384
-32396
-32244
-28953
-22883
-14673
-5181
4614
13722
21246
26474
28957
28548
25405
19970
12906
5019
-2840
-9869
-15406
-18987
-20398
-19680
-17108
-13145
-8373
-3420
1129
4799
7272
8425
8326
7215
5454
3469
1682
442
-16
377
1531
3201
5030
6598
7496
7383
6051
3467
-215
-4657
-9369
-13766
-17246
-19258
-19391
-17429
-13389
-7544
-399
7351
14903
21422
26144
28466
28025
24741
18844
10853
1534
-8190
-17330
-24933
-30198
-32558
-31745
-27823
-21183
-12499
-2657
7340
16487
23876
28796
30808
29785
25922
19703
11840
3199
-5315
-12846
-18682
-22332
-23564
-22417
-19194
-14397
-8670
-2709
2818
7358
10519
12115
12175
10918
8714
6018
3309
1011
-559
-1236
-1026
-94
1261
2660
3702
4033
3407
1725
-932
-4309
-8005
-11514
-14299
-15862
-15816
-13948
-10262
-4990
1412
8317
14983
20644
24595
26285
25385
21838
15882
8030
-976
-10238
-18801
-25755
-30338
-32023
-30578
-26103
-19015
-10013
