17269
10860
2323
-6503
-13675
-17624
-17552
-13646
-7044
438
6748
10116
9502
4874
-2766
-11612
-19489
-24393
-24992
-20975
-13146
-3247
6453
13713
16874
15271
9419
894
-8039
-14981
-17991
-16075
-9452
484
11483
20977
26708
27284
22529
13547
2464
-8071
-15531
-18124
-15240
-7608
2863
13539
21694
25174
22923
15258
3804
-8879
-19903
-26744
-27847
-23008
-13430
-1444
10040
18230
21115
17953
9452
-2389
-14751
-24660
-29696
-28562
-21402
-9768
3740
16081
24488
27110
23450
14470
2370
-9933
-19489
-23995
-22337
-14836
-3174
10002
21698
29260
30980
26482
16796
4110
-8737
-18907
-24204
-23562
-17269
-6882
5141
16010
23227
25144
21317
12579
836
-11371
-21439
-27272
-27724
-22829
-13764
-2566
8328
16611
20598
19566
13876
4870
-5444
-14830
-21300
-23513
-21037
-14409
-4991
5321
14505
20812
23111
21086
15278
6950
-2178
-10279
-15767
-17601
-15467
-9822
-1797
7032
14943
20394
22308
20275
14624
6366
-2997
-11743
-18255
-21326
-20385
-15618
-7946
1143
9863
16470
19603
18552
13416
5102
-4831
-14468
-21899
-25605
-24765
-19436
-10561
202
10793
19159
23661
23411
18457
9790
-852
-11321
-19489
-23676
-22989
-17506
-8259
2970
14002
22701
27390
27185
22159
13316
2383
-8538
-17386
-22537
-23111
-19117
-11435
-1619
8414
16757
21866
22839
19557
12675
3479
-6373
-15156
-21389
-24077
-22861
-18059
-10579
-1745
6935
14023
18380
19340
16806
11247
3621
-4785
-12557
-18379
-21238
-20593
-16466
-9452
-634
8577
16669
22278
24419
22671
17266
9070
-547
-9934
-17446
-21735
-21998
-18136
-10784
-1216
8878
17691
23626
25585
23172
16768
7458
-3158
-13264
-21146
-25502
-25659
-21680
-14337
-4956
4831
13373
19282
21658
20214
15302
7819
-962
-9610
-16770
-21364
-22742
-20752
-15744
-8489
-60
8328
15489
20425
22454
21302
17139
10562
2517
-5819
-13200
-18490
-20833
-19793
-15444
-8376
370
9452
17427
22985
25167
23534
18256
10098
306
-9595
-18051
-23738
-25781
-23899
-18445
-10342
-916
8328
15950
20809
22233
20100
14836
7317
-1280
-9676
-16676
-21335
-23071
-21720
-17531
-11107
-3316
4831
12303
18167
21692
22436
20294
15522
8715
749
-7315
-14367
-19391
-21614
-20635
-16499
-9718
-1216
7793
15984
22118
25243
24846
20941
14071
5225
-4317
-13185
-20136
-24233
-24981
-22385
-16923
-9452
-1064
7079
13917
18615
20664
19908
16541
11055
4160
-3299
-10441
-16433
-20571
-22346
-21500
-18059
-12350
-4978
3219
11256
18121
22898
24907
23810
19683
13021
4692
-4186
-12397
-18810
-22546
-23111
-20461
-15010
-7549
873
9116
16108
20992
23227
22631
19380
13947
7025
-575
-8021
-14540
-19489
-22393
-22979
-21192
-17198
-11380
-4318
3252
10500
16581
20738
22403
21287
17441
11278
3530
-4831
-12726
-19119
-23164
-24330
-22475
-17858
-11093
-3053
5263
12871
18928
22826
24245
23158
19803
14624
8203
1193
-5740
-11965
-16925
-20162
-21356
-20348
-17173
-12078
-5526
1827
9185
15695
20553
23111
22980
20099
14756
7561
-632
-8844
-16108
-21593
-24718
-25209
-23119
-18786
-12774
-5772
1491
8328
14156
18525
21131
21815
20554
17456
12759
6829
157
-6661
-12962
-18074
-21393
-22467
-21073
-17269
-11407
-4108
3815
11459
17953
22575
24845
24580
21894
17166
10967
3970
-3141
-9741
-15316
-19489
-22014
-22770
-21741
-19008
-14749
-9242
-2876
3856
10372
16048
20279
22562
22571
20219
15695
9452
2160
-5382
-12349
-18005
-21791
-23390
-22743
-20034
-15633
-10027
-3752
2675
8791
14203
18591
21694
23307
23278
21529
18082
13090
6866
-124
-7279
-13920
-19371
-23050
-24552
-23716
-20646
-15704
-9452
-2566
4252
10371
15295
18702
20448
20539
19094
16300
12377
7562
2112
-3683
-9486
-14901
-19489
-22805
-24451
-24142
-21768
-17438
-11484
-4439
3027
10196
16398
21097
23949
24833
23833
21195
17269
12441
7082
1521
-3964
-9127
-13732
-17535
-20273
-21685
-21548
-19726
-16225
-11226
-5098
1631
8328
14339
19077
22108
23198
22340
19731
15719
10741
5241
-379
-5798
-10778
-15145
-18756
-21466
-23111
-23512
-22505
-19986
-15959
-10586
-4196
2727
9595
15790
20750
24052
25465
24976
22770
19180
14624
9523
4248
-917
-5776
-10197
-14077
-17297
-19700
-21088
-21249
-20007
-17276
-13115
-7755
-1596
4831
10938
16157
20031
22272
22793
21697
19237
15748
11578
7027
2319
-2403
-7049
-11537
-15747
-19489
-22499
-24467
-25085
-24121
-21478
-17245
-11701
-5294
1425
7882
13568
18106
21295
23105
23647
23111
21701
19579
16838
13498
9548
4992
-89
-5505
-10937
-15966
-20131
-23004
-24269
-23789
-21632
-18059
-13479
-8369
-3188
1692
6031
9732
12810
15333
17361
18889
19825
19992
19174
17181
13920
9452
4016
-1983
-8031
-13586
-18168
-21437
-23239
-23614
-22759
-20961
-18517
-15660
-12521
-9114
-5374
-1216
3394
8381
13521
18461
22755
25952
27680
27728
26088
22961
18716
13812
8707
3772
-764
-4831
-8490
-11867
-15078
-18157
-21005
-23396
-25007
-25498
-24600
-22191
-18354
-13373
-7699
-1865
3613
8328
12050
14744
16547
17693
18431
18934
19241
19243
18710
17367
14982
11457
6883
1553
-4073
-9452
-14062
-17506
-19582
-20313
-19919
-18745
-17163
-15467
-13805
-12147
-10313
-8037
-5073
-1287
3267
8328
13456
18116
21785
24065
24768
23951
21896
19028
15815
12647
9751
7146
4666
2023
-1077
-4831
-9250
-14115
-19011
-23395
-26721
-28561
-28704
-27204
-24367
-20675
-16664
-12802
-9378
-6445
-3833
-1216
1772
5409
9781
14721
19828
24540
28256
30482
30944
29657
26921
23245
19226
15398
12111
9452
7239
5094
2565
-728
-4965
-10045
-15584
-20986
-25578
-28767
-30179
-29755
-27760
-24720
-21282
-18059
-15470
-13644
-12393
-11282
-9753
-7294
-3603
1312
7104
13150
18690
23005
25590
26278
25276
23111
20490
18120
16519
15885
16045
16506
16589
15621
13129
8982
3453
-2828
-9013
-14239
-17836
-19489
-19316
-17833
-15814
-14091
-13329
-13846
-15527
-17844
-19995
-21112
-20496
-17815
-13207
-7266
-912
4831
9088
11343
11577
10263
8243
6510
5936
7044
9852
13860
18163
21681
23433
22803
19704
14624
8515
2563
-2101
-4690
-4961
-3277
-517
2150
3571
2915
-95
-5096
-11155
-16996
-21313
-23111
-21957
-18111
-12473
-6364
-1202
1858
2218
0
-3978
-8403
-11804
-12923
-11061
-6263
661
8328
15110
19547
20709
18446
13439
7038
933
-3268
-4451
-2288
2670
9109
15281
19436
20270
-17269
-10860
-2323
6503
13675
17624
17552
13646
7044
-438
-6748
-10116
-9502
-4874
2766
11612
19489
24393
24992
20975
13146
3247
-6453
-13713
-16874
-15271
-9419
-894
8039
14981
17991
16075
9452
-484
-11483
-20977
-26708
-27284
-22529
-13547
-2464
8071
15531
18124
15240
7608
-2863
-13539
-21694
-25174
-22923
-15258
-3804
8879
19903
26744
27847
23008
13430
1444
-10040
-18230
-21115
-17953
-9452
2389
14751
24660
29696
28562
21402
9768
-3740
-16081
-24488
-27110
-23450
-14470
-2370
9933
19489
23995
22337
14836
3174
-10002
-21698
-29260
-30980
-26482
-16796
-4110
8737
18907
24204
23562
17269
6882
-5141
-16010
-23227
-25144
-21317
-12579
-836
11371
21439
27272
27724
22829
13764
2566
-8328
-16611
-20598
-19566
-13876
-4870
5444
14830
21300
23513
21037
14409
4991
-5321
-14505
-20812
-23111
-21086
-15278
-6950
2178
10279
15767
17601
15467
9822
1797
-7032
-14943
-20394
-22308
-20275
-14624
-6366
2997
11743
18255
21326
20385
15618
7946
-1143
-9863
-16470
-19603
-18552
-13416
-5102
4831
14468
21899
25605
24765
19436
10561
-202
-10793
-19159
-23661
-23411
-18457
-9790
852
11321
19489
23676
22989
17506
8259
-2970
-14002
-22701
-27390
-27185
-22159
-13316
-2383
8538
17386
22537
23111
19117
11435
1619
-8414
-16757
-21866
-22839
-19557
-12675
-3479
6373
15156
21389
24077
22861
18059
10579
1745
-6935
-14023
-18380
-19340
-16806
-11247
-3621
4785
12557
18379
21238
20593
16466
9452
634
-8577
-16669
-22278
-24419
-22671
-17266
-9070
547
9934
17446
21735
21998
18136
10784
1216
-8878
-17691
-23626
-25585
-23172
-16768
-7458
3158
13264
21146
25502
25659
21680
14337
4956
-4831
-13373
-19282
-21658
-20214
-15302
-7819
962
9610
16770
21364
22742
20752
15744
8489
60
-8328
-15489
-20425
-22454
-21302
-17139
-10562
-2517
5819
13200
18490
20833
19793
15444
8376
-370
-9452
-17427
-22985
-25167
-23534
-18256
-10098
-306
9595
18051
23738
25781
23899
18445
10342
916
-8328
-15950
-20809
-22233
-20100
-14836
-7317
1280
9676
16676
21335
23071
21720
17531
11107
3316
-4831
-12303
-18167
-21692
-22436
-20294
-15522
-8715
-749
7315
14367
19391
21614
20635
16499
9718
1216
-7793
-15984
-22118
-25243
-24846
-20941
-14071
-5225
4317
13185
20136
24233
24981
22385
16923
9452
1064
-7079
-13917
-18615
-20664
-19908
-16541
-11055
-4160
3299
10441
16433
20571
22346
21500
18059
12350
4978
-3219
-11256
-18121
-22898
-24907
-23810
-19683
-13021
-4692
4186
12397
18810
22546
23111
20461
15010
7549
-873
-9116
-16108
-20992
-23227
-22631
-19380
-13947
-7025
575
8021
14540
19489
22393
22979
21192
17198
11380
4318
-3252
-10500
-16581
-20738
-22403
-21287
-17441
-11278
-3530
4831
12726
19119
23164
24330
22475
17858
11093
3053
-5263
-12871
-18928
-22826
-24245
-23158
-19803
-14624
-8203
-1193
5740
11965
16925
20162
21356
20348
17173
12078
5526
-1827
-9185
-15695
-20553
-23111
-22980
-20099
-14756
-7561
632
8844
16108
21593
24718
25209
23119
18786
12774
5772
-1491
-8328
-14156
-18525
-21131
-21815
-20554
-17456
-12759
-6829
-157
6661
12962
18074
21393
22467
21073
17269
11407
4108
-3815
-11459
-17953
-22575
-24845
-24580
-21894
-17166
-10967
-3970
3141
9741
15316
19489
22014
22770
21741
19008
14749
9242
2876
-3856
-10372
-16048
-20279
-22562
-22571
-20219
-15695
-9452
-2160
5382
12349
18005
21791
23390
22743
20034
15633
10027
3752
-2675
-8791
-14203
-18591
-21694
-23307
-23278
-21529
-18082
-13090
-6866
124
7279
13920
19371
23050
24552
23716
20646
15704
9452
2566
-4252
-10371
-15295
-18702
-20448
-20539
-19094
-16300
-12377
-7562
-2112
3683
9486
14901
19489
22805
24451
24142
21768
17438
11484
4439
-3027
-10196
-16398
-21097
-23949
-24833
-23833
-21195
-17269
-12441
-7082
-1521
3964
9127
13732
17535
20273
21685
21548
19726
16225
11226
5098
-1631
-8328
-14339
-19077
-22108
-23198
-22340
-19731
-15719
-10741
-5241
379
5798
10778
15145
18756
21466
23111
23512
22505
19986
15959
10586
4196
-2727
-9595
-15790
-20750
-24052
-25465
-24976
-22770
-19180
-14624
-9523
-4248
917
5776
10197
14077
17297
19700
21088
21249
20007
17276
13115
7755
1596
-4831
-10938
-16157
-20031
-22272
-22793
-21697
-19237
-15748
-11578
-7027
-2319
2403
7049
11537
15747
19489
22499
24467
25085
24121
21478
17245
11701
5294
-1425
-7882
-13568
-18106
-21295
-23105
-23647
-23111
-21701
-19579
-16838
-13498
-9548
-4992
89
5505
10937
15966
20131
23004
24269
23789
21632
18059
13479
8369
3188
-1692
-6031
-9732
-12810
-15333
-17361
-18889
-19825
-19992
-19174
-17181
-13920
-9452
-4016
1983
8031
13586
18168
21437
23239
23614
22759
20961
18517
15660
12521
9114
5374
1216
-3394
-8381
-13521
-18461
-22755
-25952
-27680
-27728
-26088
-22961
-18716
-13812
-8707
-3772
764
4831
8490
11867
15078
18157
21005
23396
25007
25498
24600
22191
18354
13373
7699
1865
-3613
-8328
-12050
-14744
-16547
-17693
-18431
-18934
-19241
-19243
-18710
-17367
-14982
-11457
-6883
-1553
4073
9452
14062
17506
19582
20313
19919
18745
17163
15467
13805
12147
10313
8037
5073
1287
-3267
-8328
-13456
-18116
-21785
-24065
-24768
-23951
-21896
-19028
-15815
-12647
-9751
-7146
-4666
-2023
1077
4831
9250
14115
19011
23395
26721
28561
28704
27204
24367
20675
16664
12802
9378
6445
3833
1216
-1772
-5409
-9781
-14721
-19828
-24540
-28256
-30482
-30944
-29657
-26921
-23245
-19226
-15398
-12111
-9452
-7239
-5094
-2565
728
4965
10045
15584
20986
25578
28767
30179
29755
27760
24720
21282
18059
15470
13644
12393
11282
9753
7294
3603
-1312
-7104
-13150
-18690
-23005
-25590
-26278
-25276
-23111
-20490
-18120
-16519
-15885
-16045
-16506
-16589
-15621
-13129
-8982
-3453
2828
9013
14239
17836
19489
19316
17833
15814
14091
13329
13846
15527
17844
19995
21112
20496
17815
13207
7266
912
-4831
-9088
-11343
-11577
-10263
-8243
-6510
-5936
-7044
-9852
-13860
-18163
-21681
-23433
-22803
-19704
-14624
-8515
-2563
2101
4690
4961
3277
517
-2150
-3571
-2915
95
5096
11155
16996
21313
23111
21957
18111
12473
6364
1202
-1858
-2218
0
3978
8403
11804
12923
11061
6263
-661
-8328
-15110
-19547
-20709
-18446
-13439
-7038
-933
3268
4451
2288
-2670
-9109
-15281
-19436
-20270
-17269
-10860
-2323
6503
13675
17624
17552
13646
7044
-438
-6748
-10116
-9502
-4874
2766
11612
19489
24393
24992
20975
13146
3247
-6453
-13713
-16874
-15271
-9419
-894
8039
14981
17991
16075
9452
-484
-11483
-20977
-26708
-27284
-22529
-13547
-2464
8071
15531
18124
15240
7608
-2863
-13539
-21694
-25174
-22923
-15258
-3804
8879
19903
26744
27847
23008
13430
1444
-10040
-18230
-21115
-17953
-9452
2389
14751
24660
29696
28562
21402
9768
-3740
-16081
-24488
-27110
-23450
-14470
-2370
9933
19489
23995
22337
14836
3174
-10002
-21698
-29260
-30980
-26482
-16796
-4110
8737
18907
24204
23562
17269
6882
-5141
-16010
-23227
-25144
-21317
-12579
-836
11371
21439
27272
27724
22829
13764
2566
-8328
-16611
-20598
-19566
-13876
-4870
5444
14830
21300
23513
21037
14409
4991
-5321
-14505
-20812
-23111
-21086
-15278
-6950
2178
10279
15767
17601
15467
9822
1797
-7032
-14943
-20394
-22308
-20275
-14624
-6366
2997
11743
18255
21326
20385
15618
7946
-1143
-9863
-16470
-19603
-18552
-13416
-5102
4831
14468
21899
25605
24765
19436
10561
-202
-10793
-19159
-23661
-23411
-18457
-9790
852
11321
19489
23676
22989
17506
8259
-2970
-14002
-22701
-27390
-27185
-22159
-13316
-2383
8538
17386
22537
23111
19117
11435
1619
-8414
-16757
-21866
-22839
-19557
-12675
-3479
6373
15156
21389
24077
22861
18059
10579
1745
-6935
-14023
-18380
-19340
-16806
-11247
-3621
4785
12557
18379
21238
20593
16466
9452
634
-8577
-16669
-22278
-24419
-22671
-17266
-9070
547
9934
17446
21735
21998
18136
10784
1216
-8878
-17691
-23626
-25585
-23172
-16768
-7458
3158
13264
21146
25502
25659
21680
14337
4956
-4831
-13373
-19282
-21658
-20214
-15302
-7819
962
9610
16770
21364
22742
20752
15744
8489
60
-8328
-15489
-20425
-22454
-21302
-17139
-10562
-2517
5819
13200
18490
20833
19793
15444
8376
-370
-9452
-17427
-22985
-25167
-23534
-18256
-10098
-306
9595
18051
23738
25781
23899
18445
10342
916
-8328
-15950
-20809
-22233
-20100
-14836
-7317
1280
9676
16676
21335
23071
21720
17531
11107
3316
-4831
-12303
-18167
-21692
-22436
-20294
-15522
-8715
-749
7315
14367
19391
21614
20635
16499
9718
1216
-7793
-15984
-22118
-25243
-24846
-20941
-14071
-5225
4317
13185
20136
24233
24981
22385
16923
9452
1064
-7079
-13917
-18615
-20664
-19908
-16541
-11055
-4160
3299
10441
16433
20571
22346
21500
18059
12350
4978
-3219
-11256
-18121
-22898
-24907
-23810
-19683
-13021
-4692
4186
12397
18810
22546
23111
20461
15010
7549
-873
-9116
-16108
-20992
-23227
-22631
-19380
-13947
-7025
575
8021
14540
19489
22393
22979
21192
17198
11380
4318
-3252
-10500
-16581
-20738
-22403
-21287
-17441
-11278
-3530
4831
12726
19119
23164
24330
22475
17858
11093
3053
-5263
-12871
-18928
-22826
-24245
-23158
-19803
-14624
-8203
-1193
5740
11965
16925
20162
21356
20348
17173
12078
5526
-1827
-9185
-15695
-20553
-23111
-22980
-20099
-14756
-7561
632
8844
16108
21593
24718
25209
23119
18786
12774
5772
-1491
-8328
-14156
-18525
-21131
-21815
-20554
-17456
-12759
-6829
-157
6661
12962
18074
21393
22467
21073
17269
11407
4108
-3815
-11459
-17953
-22575
-24845
-24580
-21894
-17166
-10967
-3970
3141
9741
15316
19489
22014
22770
21741
19008
14749
9242
2876
-3856
-10372
-16048
-20279
-22562
-22571
-20219
-15695
-9452
-2160
5382
12349
18005
21791
23390
22743
20034
15633
10027
3752
-2675
-8791
-14203
-18591
-21694
-23307
-23278
-21529
-18082
-13090
-6866
124
7279
13920
19371
23050
24552
23716
20646
15704
9452
2566
-4252
-10371
-15295
-18702
-20448
-20539
-19094
-16300
-12377
-7562
-2112
3683
9486
14901
19489
22805
24451
24142
21768
17438
11484
4439
-3027
-10196
-16398
-21097
-23949
-24833
-23833
-21195
-17269
-12441
-7082
-1521
3964
9127
13732
17535
20273
21685
21548
19726
16225
11226
5098
-1631
-8328
-14339
-19077
-22108
-23198
-22340
-19731
-15719
-10741
-5241
379
5798
10778
15145
18756
21466
23111
23512
22505
19986
15959
10586
4196
-2727
-9595
-15790
-20750
-24052
-25465
-24976
-22770
-19180
-14624
-9523
-4248
917
5776
10197
14077
17297
19700
21088
21249
20007
17276
13115
7755
1596
-4831
-10938
-16157
-20031
-22272
-22793
-21697
-19237
-15748
-11578
-7027
-2319
2403
7049
11537
15747
19489
22499
24467
25085
24121
21478
17245
11701
5294
-1425
-7882
-13568
-18106
-21295
-23105
-23647
-23111
-21701
-19579
-16838
-13498
-9548
-4992
89
5505
10937
15966
20131
23004
24269
23789
21632
18059
13479
8369
3188
-1692
-6031
-9732
-12810
-15333
-17361
-18889
-19825
-19992
-19174
-17181
-13920
-9452
-4016
1983
8031
13586
18168
21437
23239
23614
22759
20961
18517
15660
12521
9114
5374
1216
-3394
-8381
-13521
-18461
-22755
-25952
-27680
-27728
-26088
-22961
-18716
-13812
-8707
-3772
764
4831
8490
11867
15078
18157
21005
23396
25007
25498
24600
22191
18354
13373
7699
1865
-3613
-8328
-12050
-14744
-16547
-17693
-18431
-18934
-19241
-19243
-18710
-17367
-14982
-11457
-6883
-1553
4073
9452
14062
17506
19582
20313
19919
18745
17163
15467
13805
12147
10313
8037
5073
1287
-3267
-8328
-13456
-18116
-21785
-24065
-24768
-23951
-21896
-19028
-15815
-12647
-9751
-7146
-4666
-2023
1077
4831
9250
14115
19011
23395
26721
28561
28704
27204
24367
20675
16664
12802
9378
6445
3833
1216
-1772
-5409
-9781
-14721
-19828
-24540
-28256
-30482
-30944
-29657
-26921
-23245
-19226
-15398
-12111
-9452
-7239
-5094
-2565
728
4965
10045
15584
20986
25578
28767
30179
29755
27760
24720
21282
18059
15470
13644
12393
11282
9753
7294
3603
-1312
-7104
-13150
-18690
-23005
-25590
-26278
-25276
-23111
-20490
-18120
-16519
-15885
-16045
-16506
-16589
-15621
-13129
-8982
-3453
2828
9013
14239
17836
19489
19316
17833
15814
14091
13329
13846
15527
17844
19995
21112
20496
17815
13207
7266
912
-4831
-9088
-11343
-11577
-10263
-8243
-6510
-5936
-7044
-9852
-13860
-18163
-21681
-23433
-22803
-19704
-14624
-8515
-2563
2101
4690
4961
3277
517
-2150
-3571
-2915
95
5096
11155
16996
21313
23111
21957
18111
12473
6364
1202
-1858
-2218
0
3978
8403
11804
12923
11061
6263
-661
-8328
-15110
-19547
-20709
-18446
-13439
-7038
-933
3268
4451
2288
-2670
-9109
-15281
-19436
-20270
-17269
-10860
-2323
6503
13675
17624
17552
13646
7044
-438
-6748
-10116
-9502
-4874
2766
11612
19489
24393
24992
20975
13146
3247
-6453
-13713
-16874
-15271
-9419
-894
8039
14981
17991
16075
9452
-484
-11483
-20977
-26708
-27284
-22529
-13547
-2464
8071
15531
18124
15240
7608
-2863
-13539
-21694
-25174
-22923
-15258
-3804
8879
19903
26744
27847
23008
13430
1444
-10040
-18230
-21115
-17953
-9452
2389
14751
24660
29696
28562
21402
9768
-3740
-16081
-24488
-27110
-23450
-14470
-2370
9933
19489
23995
22337
14836
3174
-10002
-21698
-29260
-30980
-26482
-16796
-4110
8737
18907
24204
23562
17269
6882
-5141
-16010
-23227
-25144
-21317
-12579
-836
11371
21439
27272
27724
22829
13764
2566
-8328
-16611
-20598
-19566
-13876
-4870
5444
14830
21300
23513
21037
14409
4991
-5321
-14505
-20812
-23111
-21086
-15278
-6950
2178
10279
15767
17601
15467
9822
1797
-7032
-14943
-20394
-22308
-20275
-14624
-6366
2997
11743
18255
21326
20385
15618
7946
-1143
-9863
-16470
-19603
-18552
-13416
-5102
4831
14468
21899
25605
24765
19436
10561
-202
-10793
-19159
-23661
-23411
-18457
-9790
852
11321
19489
23676
22989
17506
8259
-2970
-14002
-22701
-27390
-27185
-22159
-13316
-2383
8538
17386
22537
23111
19117
11435
1619
-8414
-16757
-21866
-22839
-19557
-12675
-3479
6373
15156
21389
24077
22861
18059
10579
1745
-6935
-14023
-18380
-19340
-16806
-11247
-3621
4785
12557
18379
21238
20593
16466
9452
634
-8577
-16669
-22278
-24419
-22671
-17266
-9070
547
9934
17446
21735
21998
18136
10784
1216
-8878
-17691
-23626
-25585
-23172
-16768
-7458
3158
13264
21146
25502
25659
21680
14337
4956
-4831
-13373
-19282
-21658
-20214
-15302
-7819
962
9610
16770
21364
22742
20752
15744
8489
60
-8328
-15489
-20425
-22454
-21302
-17139
-10562
-2517
5819
13200
18490
20833
19793
15444
8376
-370
-9452
-17427
-22985
-25167
-23534
-18256
-10098
-306
9595
18051
23738
25781
23899
18445
10342
916
-8328
-15950
-20809
-22233
-20100
-14836
-7317
1280
9676
16676
21335
23071
21720
17531
11107
3316
-4831
-12303
-18167
-21692
-22436
-20294
-15522
-8715
-749
7315
14367
19391
21614
20635
16499
9718
1216
-7793
-15984
-22118
-25243
-24846
-20941
-14071
-5225
4317
13185
20136
24233
24981
22385
16923
9452
1064
-7079
-13917
-18615
-20664
-19908
-16541
-11055
-4160
3299
10441
16433
20571
22346
21500
18059
12350
4978
-3219
-11256
-18121
-22898
-24907
-23810
-19683
-13021
-4692
4186
12397
18810
22546
23111
20461
15010
7549
-873
-9116
-16108
-20992
-23227
-22631
-19380
-13947
-7025
575
8021
14540
19489
22393
22979
21192
17198
11380
4318
-3252
-10500
-16581
-20738
-22403
-21287
-17441
-11278
-3530
4831
12726
19119
23164
24330
22475
17858
11093
3053
-5263
-12871
-18928
-22826
-24245
-23158
-19803
-14624
-8203
-1193
5740
11965
16925
20162
21356
20348
17173
12078
5526
-1827
-9185
-15695
-20553
-23111
-22980
-20099
-14756
-7561
632
8844
16108
21593
24718
25209
23119
18786
12774
5772
-1491
-8328
-14156
-18525
-21131
-21815
-20554
-17456
-12759
-6829
-157
6661
12962
18074
21393
22467
21073
17269
11407
4108
-3815
-11459
-17953
-22575
-24845
-24580
-21894
-17166
-10967
-3970
3141
9741
15316
19489
22014
22770
21741
19008
14749
9242
2876
-3856
-10372
-16048
-20279
-22562
-22571
-20219
-15695
-9452
-2160
5382
12349
18005
21791
23390
22743
20034
15633
10027
3752
-2675
-8791
-14203
-18591
-21694
-23307
-23278
-21529
-18082
-13090
-6866
124
7279
13920
19371
23050
24552
23716
20646
15704
9452
2566
-4252
-10371
-15295
-18702
-20448
-20539
-19094
-16300
-12377
-7562
-2112
3683
9486
14901
19489
22805
24451
24142
21768
17438
11484
4439
-3027
-10196
-16398
-21097
-23949
-24833
-23833
-21195
-17269
-12441
-7082
-1521
3964
9127
13732
17535
20273
21685
21548
19726
16225
11226
5098
-1631
-8328
-14339
-19077
-22108
-23198
-22340
-19731
-15719
-10741
-5241
379
5798
10778
15145
18756
21466
23111
23512
22505
19986
15959
10586
4196
-2727
-9595
-15790
-20750
-24052
-25465
-24976
-22770
-19180
-14624
-9523
-4248
917
5776
10197
14077
17297
19700
21088
21249
20007
17276
13115
7755
1596
-4831
-10938
-16157
-20031
-22272
-22793
-21697
-19237
-15748
-11578
-7027
-2319
2403
7049
11537
15747
19489
22499
24467
25085
24121
21478
17245
11701
5294
-1425
-7882
-13568
-18106
-21295
-23105
-23647
-23111
-21701
-19579
-16838
-13498
-9548
-4992
89
5505
10937
15966
20131
23004
24269
23789
21632
18059
13479
8369
3188
-1692
-6031
-9732
-12810
-15333
-17361
-18889
-19825
-19992
-19174
-17181
-13920
-9452
-4016
1983
8031
13586
18168
21437
23239
23614
22759
20961
18517
15660
12521
9114
5374
1216
-3394
-8381
-13521
-18461
-22755
-25952
-27680
-27728
-26088
-22961
-18716
-13812
-8707
-3772
764
4831
8490
11867
15078
18157
21005
23396
25007
25498
24600
22191
18354
13373
7699
1865
-3613
-8328
-12050
-14744
-16547
-17693
-18431
-18934
-19241
-19243
-18710
-17367
-14982
-11457
-6883
-1553
4073
9452
14062
17506
19582
20313
19919
18745
17163
15467
13805
12147
10313
8037
5073
1287
-3267
-8328
-13456
-18116
-21785
-24065
-24768
-23951
-21896
-19028
-15815
-12647
-9751
-7146
-4666
-2023
1077
4831
9250
14115
19011
23395
26721
28561
28704
27204
24367
20675
16664
12802
9378
6445
3833
1216
-1772
-5409
-9781
-14721
-19828
-24540
-28256
-30482
-30944
-29657
-26921
-23245
-19226
-15398
-12111
-9452
-7239
-5094
-2565
728
4965
10045
15584
20986
25578
28767
30179
29755
27760
24720
21282
18059
15470
13644
12393
11282
9753
7294
3603
-1312
-7104
-13150
-18690
-23005
-25590
-26278
-25276
-23111
-20490
-18120
-16519
-15885
-16045
-16506
-16589
-15621
-13129
-8982
-3453
2828
9013
14239
17836
19489
19316
17833
15814
14091
13329
13846
15527
17844
19995
21112
20496
17815
13207
7266
912
-4831
-9088
-11343
-11577
-10263
-8243
-6510
-5936
-7044
-9852
-13860
-18163
-21681
-23433
-22803
-19704
-14624
-8515
-2563
2101
4690
4961
3277
517
-2150
-3571
-2915
95
5096
11155
16996
21313
23111
21957
18111
12473
6364
1202
-1858
-2218
0
3978
8403
11804
12923
11061
6263
-661
-8328
-15110
-19547
-20709
-18446
-13439
-7038
-933
3268
4451
2288
-2670
-9109
-15281
-19436
-20270
-17269
-10860
-2323
6503
13675
17624
17552
13646
7044
-438
-6748
-10116
-9502
-4874
2766
11612
19489
24393
24992
20975
13146
3247
-6453
-13713
-16874
-15271
-9419
-894
8039
14981
17991
16075
9452
-484
-11483
-20977
-26708
-27284
-22529
-13547
-2464
8071
15531
18124
15240
7608
-2863
-13539
-21694
-25174
-22923
-15258
-3804
8879
19903
26744
27847
23008
13430
1444
-10040
-18230
-21115
-17953
-9452
2389
14751
24660
29696
28562
21402
9768
-3740
-16081
-24488
-27110
-23450
-14470
-2370
9933
19489
23995
22337
14836
3174
-10002
-21698
-29260
-30980
-26482
-16796
-4110
8737
18907
24204
23562
17269
6882
-5141
-16010
-23227
-25144
-21317
-12579
-836
11371
21439
27272
27724
22829
13764
2566
-8328
-16611
-20598
-19566
-13876
-4870
5444
14830
21300
23513
21037
14409
4991
-5321
-14505
-20812
-23111
-21086
-15278
-6950
2178
10279
15767
17601
15467
9822
1797
-7032
-14943
-20394
-22308
-20275
-14624
-6366
2997
11743
18255
21326
20385
15618
7946
-1143
-9863
-16470
-19603
-18552
-13416
-5102
4831
14468
21899
25605
24765
19436
10561
-202
-10793
-19159
-23661
-23411
-18457
-9790
852
11321
19489
23676
22989
17506
8259
-2970
-14002
-22701
-27390
-27185
-22159
-13316
-2383
8538
17386
22537
23111
19117
11435
1619
-8414
-16757
-21866
-22839
-19557
-12675
-3479
6373
15156
21389
24077
22861
18059
10579
1745
-6935
-14023
-18380
-19340
-16806
-11247
-3621
4785
12557
18379
21238
20593
16466
9452
634
-8577
-16669
-22278
-24419
-22671
-17266
-9070
547
9934
17446
21735
21998
18136
10784
1216
-8878
-17691
-23626
-25585
-23172
-16768
-7458
3158
13264
21146
25502
25659
21680
14337
4956
-4831
-13373
-19282
-21658
-20214
-15302
-7819
962
9610
16770
21364
22742
20752
15744
8489
60
-8328
-15489
-20425
-22454
-21302
-17139
-10562
-2517
5819
13200
18490
20833
19793
15444
8376
-370
-9452
-17427
-22985
-25167
-23534
-18256
-10098
-306
9595
18051
23738
25781
23899
18445
10342
916
-8328
-15950
-20809
-22233
-20100
-14836
-7317
1280
9676
16676
21335
23071
21720
17531
11107
3316
-4831
-12303
-18167
-21692
-22436
-20294
-15522
-8715
-749
7315
14367
19391
21614
20635
16499
9718
1216
-7793
-15984
-22118
-25243
-24846
-20941
-14071
-5225
4317
13185
20136
24233
24981
22385
16923
9452
1064
-7079
-13917
-18615
-20664
-19908
-16541
-11055
-4160
3299
10441
16433
20571
22346
21500
18059
12350
4978
-3219
-11256
-18121
-22898
-24907
-23810
-19683
-13021
-4692
4186
12397
18810
22546
23111
20461
15010
7549
-873
-9116
-16108
-20992
-23227
-22631
-19380
-13947
-7025
575
8021
14540
19489
22393
22979
21192
17198
11380
4318
-3252
-10500
-16581
-20738
-22403
-21287
-17441
-11278
-3530
4831
12726
19119
23164
24330
22475
17858
11093
3053
-5263
-12871
-18928
-22826
-24245
-23158
-19803
-14624
-8203
-1193
5740
11965
16925
20162
21356
20348
17173
12078
5526
-1827
-9185
-15695
-20553
-23111
-22980
-20099
-14756
-7561
632
8844
16108
21593
24718
25209
23119
18786
12774
5772
-1491
-8328
-14156
-18525
-21131
-21815
-20554
-17456
-12759
-6829
-157
6661
12962
18074
21393
22467
21073
17269
11407
4108
-3815
-11459
-17953
-22575
-24845
-24580
-21894
-17166
-10967
-3970
3141
9741
15316
19489
22014
22770
21741
19008
14749
9242
2876
-3856
-10372
-16048
-20279
-22562
-22571
-20219
-15695
-9452
-2160
5382
12349
18005
21791
23390
22743
20034
15633
10027
3752
-2675
-8791
-14203
-18591
-21694
-23307
-23278
-21529
-18082
-13090
-6866
124
7279
13920
19371
23050
24552
23716
20646
15704
9452
2566
-4252
-10371
-15295
-18702
-20448
-20539
-19094
-16300
-12377
-7562
-2112
3683
9486
14901
19489
22805
24451
24142
21768
17438
11484
4439
-3027
-10196
-16398
-21097
-23949
-24833
-23833
-21195
-17269
-12441
-7082
-1521
3964
9127
13732
17535
20273
21685
21548
19726
16225
11226
5098
-1631
-8328
-14339
-19077
-22108
-23198
-22340
-19731
-15719
-10741
-5241
379
5798
10778
15145
18756
21466
23111
23512
22505
19986
15959
10586
4196
-2727
-9595
-15790
-20750
-24052
-25465
-24976
-22770
-19180
-14624
-9523
-4248
917
5776
10197
14077
17297
19700
21088
21249
20007
17276
13115
7755
1596
-4831
-10938
-16157
-20031
-22272
-22793
-21697
-19237
-15748
-11578
-7027
-2319
2403
7049
11537
15747
19489
22499
24467
25085
24121
21478
17245
11701
5294
-1425
-7882
-13568
-18106
-21295
-23105
-23647
-23111
-21701
-19579
-16838
-13498
-9548
-4992
89
5505
10937
15966
20131
23004
24269
23789
21632
18059
13479
8369
3188
-1692
-6031
-9732
-12810
-15333
-17361
-18889
-19825
-19992
-19174
-17181
-13920
-9452
-4016
1983
8031
13586
18168
21437
23239
23614
22759
20961
18517
15660
12521
9114
5374
1216
-3394
-8381
-13521
-18461
-22755
-25952
-27680
-27728
-26088
-22961
-18716
-13812
-8707
-3772
764
4831
8490
11867
15078
18157
21005
23396
25007
25498
24600
22191
18354
13373
7699
1865
-3613
-8328
-12050
-14744
-16547
-17693
-18431
-18934
-19241
-19243
-18710
-17367
-14982
-11457
-6883
-1553
4073
9452
14062
17506
19582
20313
19919
18745
17163
15467
13805
12147
10313
8037
5073
1287
-3267
-8328
-13456
-18116
-21785
-24065
-24768
-23951
-21896
-19028
-15815
-12647
-9751
-7146
-4666
-2023
1077
4831
9250
14115
19011
23395
26721
28561
28704
27204
24367
20675
16664
12802
9378
6445
3833
1216
-1772
-5409
-9781
-14721
-19828
-24540
-28256
-30482
-30944
-29657
-26921
-23245
-19226
-15398
-12111
-9452
-7239
-5094
-2565
728
4965
10045
15584
20986
25578
28767
30179
29755
27760
24720
21282
18059
15470
13644
12393
11282
9753
7294
3603
-1312
-7104
-13150
-18690
-23005
-25590
-26278
-25276
-23111
-20490
-18120
-16519
-15885
-16045
-16506
-16589
-15621
-13129
-8982
-3453
2828
9013
14239
17836
19489
19316
17833
15814
14091
13329
13846
15527
17844
19995
21112
20496
17815
13207
7266
912
-4831
-9088
-11343
-11577
-10263
-8243
-6510
-5936
-7044
-9852
-13860
-18163
-21681
-23433
-22803
-19704
-14624
-8515
-2563
2101
4690
4961
3277
517
-2150
-3571
-2915
95
5096
11155
16996
21313
23111
21957
18111
12473
6364
1202
-1858
-2218
0
3978
8403
11804
12923
11061
6263
-661
-8328
-15110
-19547
-20709
-18446
-13439
-7038
-933
3268
4451
2288
-2670
-9109
-15281
-19436
-20270
-17269
-10860
-2323
6503
13675
17624
17552
13646
7044
-438
-6748
-10116
-9502
-4874
2766
11612
19489
24393
24992
20975
13146
3247
-6453
-13713
-16874
-15271
-9419
-894
8039
14981
17991
16075
9452
-484
-11483
-20977
-26708
-27284
-22529
-13547
-2464
8071
15531
18124
15240
7608
-2863
-13539
-21694
-25174
-22923
-15258
-3804
8879
19903
26744
27847
23008
13430
1444
-10040
-18230
-21115
-17953
-9452
2389
14751
24660
29696
28562
21402
9768
-3740
-16081
-24488
-27110
-23450
-14470
-2370
9933
19489
23995
22337
14836
3174
-10002
-21698
-29260
-30980
-26482
-16796
-4110
8737
18907
24204
23562
17269
6882
-5141
-16010
-23227
-25144
-21317
-12579
-836
11371
21439
27272
27724
22829
13764
2566
-8328
-16611
-20598
-19566
-13876
-4870
5444
14830
21300
23513
21037
14409
4991
-5321
-14505
-20812
-23111
-21086
-15278
-6950
2178
10279
15767
17601
15467
9822
1797
-7032
-14943
-20394
-22308
-20275
-14624
-6366
2997
11743
18255
21326
20385
15618
7946
-1143
-9863
-16470
-19603
-18552
-13416
-5102
4831
14468
21899
25605
24765
19436
10561
-202
-10793
-19159
-23661
-23411
-18457
-9790
852
11321
19489
23676
22989
17506
8259
-2970
-14002
-22701
-27390
-27185
-22159
-13316
-2383
8538
17386
22537
23111
19117
11435
1619
-8414
-16757
-21866
-22839
-19557
-12675
-3479
6373
15156
21389
24077
22861
18059
10579
1745
-6935
-14023
-18380
-19340
-16806
-11247
-3621
4785
12557
18379
21238
20593
16466
9452
634
-8577
-16669
-22278
-24419
-22671
-17266
-9070
547
9934
17446
21735
21998
18136
10784
1216
-8878
-17691
-23626
-25585
-23172
-16768
-7458
3158
13264
21146
25502
25659
21680
14337
4956
-4831
-13373
-19282
-21658
-20214
-15302
-7819
962
9610
16770
21364
22742
20752
15744
8489
60
-8328
-15489
-20425
-22454
-21302
-17139
-10562
-2517
5819
13200
18490
20833
19793
15444
8376
-370
-9452
-17427
-22985
-25167
-23534
-18256
-10098
-306
9595
18051
23738
25781
23899
18445
10342
916
-8328
-15950
-20809
-22233
-20100
-14836
-7317
1280
9676
16676
21335
23071
21720
17531
11107
3316
-4831
-12303
-18167
-21692
-22436
-20294
-15522
-8715
-749
7315
14367
19391
21614
20635
16499
9718
1216
-7793
-15984
-22118
-25243
-24846
-20941
-14071
-5225
4317
13185
20136
24233
24981
22385
16923
9452
1064
-7079
-13917
-18615
-20664
-19908
-16541
-11055
-4160
3299
10441
16433
20571
22346
21500
18059
12350
4978
-3219
-11256
-18121
-22898
-24907
-23810
-19683
-13021
-4692
4186
12397
18810
22546
23111
20461
15010
7549
-873
-9116
-16108
-20992
-23227
-22631
-19380
-13947
-7025
575
8021
14540
19489
22393
22979
21192
17198
11380
4318
-3252
-10500
-16581
-20738
-22403
-21287
-17441
-11278
-3530
4831
12726
19119
23164
24330
22475
17858
11093
3053
-5263
-12871
-18928
-22826
-24245
-23158
-19803
-14624
-8203
-1193
5740
11965
16925
20162
21356
20348
17173
12078
5526
-1827
-9185
-15695
-20553
-23111
-22980
-20099
-14756
-7561
632
8844
16108
21593
24718
25209
23119
18786
12774
5772
-1491
-8328
-14156
-18525
-21131
-21815
-20554
-17456
-12759
-6829
-157
6661
12962
18074
21393
22467
21073
17269
11407
4108
-3815
-11459
-17953
-22575
-24845
-24580
-21894
-17166
-10967
-3970
3141
9741
15316
19489
22014
22770
21741
19008
14749
9242
2876
-3856
-10372
-16048
-20279
-22562
-22571
-20219
-15695
-9452
-2160
5382
12349
18005
21791
23390
22743
20034
15633
10027
3752
-2675
-8791
-14203
-18591
-21694
-23307
-23278
-21529
-18082
-13090
-6866
124
7279
13920
19371
23050
24552
23716
20646
15704
9452
2566
-4252
-10371
-15295
-18702
-20448
-20539
-19094
-16300
-12377
-7562
-2112
3683
9486
14901
19489
22805
24451
24142
21768
17438
11484
4439
-3027
-10196
-16398
-21097
-23949
-24833
-23833
-21195
-17269
-12441
-7082
-1521
3964
9127
13732
17535
20273
21685
21548
19726
16225
11226
5098
-1631
-8328
-14339
-19077
-22108
-23198
-22340
-19731
-15719
-10741
-5241
379
5798
10778
15145
18756
21466
23111
23512
22505
19986
15959
10586
4196
-2727
-9595
-15790
-20750
-24052
-25465
-24976
-22770
-19180
-14624
-9523
-4248
917
5776
10197
14077
17297
19700
21088
21249
20007
17276
13115
7755
1596
-4831
-10938
-16157
-20031
-22272
-22793
-21697
-19237
-15748
-11578
-7027
-2319
2403
7049
11537
15747
19489
22499
24467
25085
24121
21478
17245
11701
5294
-1425
-7882
-13568
-18106
-21295
-23105
-23647
-23111
-21701
-19579
-16838
-13498
-9548
-4992
89
5505
10937
15966
20131
23004
24269
23789
21632
18059
13479
8369
3188
-1692
-6031
-9732
-12810
-15333
-17361
-18889
-19825
-19992
-19174
-17181
-13920
-9452
-4016
1983
8031
13586
18168
21437
23239
23614
22759
20961
18517
15660
12521
9114
5374
1216
-3394
-8381
-13521
-18461
-22755
-25952
-27680
-27728
-26088
-22961
-18716
-13812
-8707
-3772
764
4831
8490
11867
15078
18157
21005
23396
25007
25498
24600
22191
18354
13373
7699
1865
-3613
-8328
-12050
-14744
-16547
-17693
-18431
-18934
-19241
-19243
-18710
-17367
-14982
-11457
-6883
-1553
4073
9452
14062
17506
19582
20313
19919
18745
17163
15467
13805
12147
10313
8037
5073
1287
-3267
-8328
-13456
-18116
-21785
-24065
-24768
-23951
-21896
-19028
-15815
-12647
-9751
-7146
-4666
-2023
1077
4831
9250
14115
19011
23395
26721
28561
28704
27204
24367
20675
16664
12802
9378
6445
3833
1216
-1772
-5409
-9781
-14721
-19828
-24540
-28256
-30482
-30944
-29657
-26921
-23245
-19226
-15398
-12111
-9452
-7239
-5094
-2565
728
4965
10045
15584
20986
25578
28767
30179
29755
27760
24720
21282
18059
15470
13644
12393
11282
9753
7294
3603
-1312
-7104
-13150
-18690
-23005
-25590
-26278
-25276
-23111
-20490
-18120
-16519
-15885
-16045
-16506
-16589
-15621
-13129
-8982
-3453
2828
9013
14239
17836
19489
19316
17833
15814
14091
13329
13846
15527
17844
19995
21112
20496
17815
13207
7266
912
-4831
-9088
-11343
-11577
-10263
-8243
-6510
-5936
-7044
-9852
-13860
-18163
-21681
-23433
-22803
-19704
-14624
-8515
-2563
2101
4690
4961
3277
517
-2150
-3571
-2915
95
5096
11155
16996
21313
23111
21957
18111
12473
6364
1202
-1858
-2218
0
3978
8403
11804
12923
11061
6263
-661
-8328
-15110
-19547
-20709
-18446
-13439
-7038
-933
3268
4451
2288
-2670
-9109
-15281
-19436
-20270
17269
10860
2323
-6503
-13675
-17624
-17552
-13646
-7044
438
6748
10116
9502
4874
-2766
-11612
-19489
-24393
-24992
-20975
-13146
-3247
6453
13713
16874
15271
9419
894
-8039
-14981
-17991
-16075
-9452
484
11483
20977
26708
27284
22529
13547
2464
-8071
-15531
-18124
-15240
-7608
2863
13539
21694
25174
22923
15258
3804
-8879
-19903
-26744
-27847
-23008
-13430
-1444
10040
18230
21115
17953
9452
-2389
-14751
-24660
-29696
-28562
-21402
-9768
3740
16081
24488
27110
23450
14470
2370
-9933
-19489
-23995
-22337
-14836
-3174
10002
21698
29260
30980
26482
16796
4110
-8737
-18907
-24204
-23562
-17269
-6882
5141
16010
23227
25144
21317
12579
836
-11371
-21439
-27272
-27724
-22829
-13764
-2566
8328
16611
20598
19566
13876
4870
-5444
-14830
-21300
-23513
-21037
-14409
-4991
5321
14505
20812
23111
21086
15278
6950
-2178
-10279
-15767
-17601
-15467
-9822
-1797
7032
14943
20394
22308
20275
14624
6366
-2997
-11743
-18255
-21326
-20385
-15618
-7946
1143
9863
16470
19603
18552
13416
5102
-4831
-14468
-21899
-25605
-24765
-19436
-10561
202
10793
19159
23661
23411
18457
9790
-852
-11321
-19489
-23676
-22989
-17506
-8259
2970
14002
22701
27390
27185
22159
13316
2383
-8538
-17386
-22537
-23111
-19117
-11435
-1619
8414
16757
21866
22839
19557
12675
3479
-6373
-15156
-21389
-24077
-22861
-18059
-10579
-1745
6935
14023
18380
19340
16806
11247
3621
-4785
-12557
-18379
-21238
-20593
-16466
-9452
-634
8577
16669
22278
24419
22671
17266
9070
-547
-9934
-17446
-21735
-21998
-18136
-10784
-1216
8878
17691
23626
25585
23172
16768
7458
-3158
-13264
-21146
-25502
-25659
-21680
-14337
-4956
4831
13373
19282
21658
20214
15302
7819
-962
-9610
-16770
-21364
-22742
-20752
-15744
-8489
-60
8328
15489
20425
22454
21302
17139
10562
2517
-5819
-13200
-18490
-20833
-19793
-15444
-8376
370
9452
17427
22985
25167
23534
18256
10098
306
-9595
-18051
-23738
-25781
-23899
-18445
-10342
-916
8328
15950
20809
22233
20100
14836
7317
-1280
-9676
-16676
-21335
-23071
-21720
-17531
-11107
-3316
4831
12303
18167
21692
22436
20294
15522
8715
749
-7315
-14367
-19391
-21614
-20635
-16499
-9718
-1216
7793
15984
22118
25243
24846
20941
14071
5225
-4317
-13185
-20136
-24233
-24981
-22385
-16923
-9452
-1064
7079
13917
18615
20664
19908
16541
11055
4160
-3299
-10441
-16433
-20571
-22346
-21500
-18059
-12350
-4978
3219
11256
18121
22898
24907
23810
19683
13021
4692
-4186
-12397
-18810
-22546
-23111
-20461
-15010
-7549
873
9116
16108
20992
23227
22631
19380
13947
7025
-575
-8021
-14540
-19489
-22393
-22979
-21192
-17198
-11380
-4318
3252
10500
16581
20738
22403
21287
17441
11278
3530
-4831
-12726
-19119
-23164
-24330
-22475
-17858
-11093
-3053
5263
12871
18928
22826
24245
23158
19803
14624
8203
1193
-5740
-11965
-16925
-20162
-21356
-20348
-17173
-12078
-5526
1827
9185
15695
20553
23111
22980
20099
14756
7561
-632
-8844
-16108
-21593
-24718
-25209
-23119
-18786
-12774
-5772
1491
8328
14156
18525
21131
21815
20554
17456
12759
6829
157
-6661
-12962
-18074
-21393
-22467
-21073
-17269
-11407
-4108
3815
11459
17953
22575
24845
24580
21894
17166
10967
3970
-3141
-9741
-15316
-19489
-22014
-22770
-21741
-19008
-14749
-9242
-2876
3856
10372
16048
20279
22562
22571
20219
15695
9452
2160
-5382
-12349
-18005
-21791
-23390
-22743
-20034
-15633
-10027
-3752
2675
8791
14203
18591
21694
23307
23278
21529
18082
13090
6866
-124
-7279
-13920
-19371
-23050
-24552
-23716
-20646
-15704
-9452
-2566
4252
10371
15295
18702
20448
20539
19094
16300
12377
7562
2112
-3683
-9486
-14901
-19489
-22805
-24451
-24142
-21768
-17438
-11484
-4439
3027
10196
16398
21097
23949
24833
23833
21195
17269
12441
7082
1521
-3964
-9127
-13732
-17535
-20273
-21685
-21548
-19726
-16225
-11226
-5098
1631
8328
14339
19077
22108
23198
22340
19731
15719
10741
5241
-379
-5798
-10778
-15145
-18756
-21466
-23111
-23512
-22505
-19986
-15959
-10586
-4196
2727
9595
15790
20750
24052
25465
24976
22770
19180
14624
9523
4248
-917
-5776
-10197
-14077
-17297
-19700
-21088
-21249
-20007
-17276
-13115
-7755
-1596
4831
10938
16157
20031
22272
22793
21697
19237
15748
11578
7027
2319
-2403
-7049
-11537
-15747
-19489
-22499
-24467
-25085
-24121
-21478
-17245
-11701
-5294
1425
7882
13568
18106
21295
23105
23647
23111
21701
19579
16838
13498
9548
4992
-89
-5505
-10937
-15966
-20131
-23004
-24269
-23789
-21632
-18059
-13479
-8369
-3188
1692
6031
9732
12810
15333
17361
18889
19825
19992
19174
17181
13920
9452
4016
-1983
-8031
-13586
-18168
-21437
-23239
-23614
-22759
-20961
-18517
-15660
-12521
-9114
-5374
-1216
3394
8381
13521
18461
22755
25952
27680
27728
26088
22961
18716
13812
8707
3772
-764
-4831
-8490
-11867
-15078
-18157
-21005
-23396
-25007
-25498
-24600
-22191
-18354
-13373
-7699
-1865
3613
8328
12050
14744
16547
17693
18431
18934
19241
19243
18710
17367
14982
11457
6883
1553
-4073
-9452
-14062
-17506
-19582
-20313
-19919
-18745
-17163
-15467
-13805
-12147
-10313
-8037
-5073
-1287
3267
8328
13456
18116
21785
24065
24768
23951
21896
19028
15815
12647
9751
7146
4666
2023
-1077
-4831
-9250
-14115
-19011
-23395
-26721
-28561
-28704
-27204
-24367
-20675
-16664
-12802
-9378
-6445
-3833
-1216
1772
5409
9781
14721
19828
24540
28256
30482
30944
29657
26921
23245
19226
15398
12111
9452
7239
5094
2565
-728
-4965
-10045
-15584
-20986
-25578
-28767
-30179
-29755
-27760
-24720
-21282
-18059
-15470
-13644
-12393
-11282
-9753
-7294
-3603
1312
7104
13150
18690
23005
25590
26278
25276
23111
20490
18120
16519
15885
16045
16506
16589
15621
13129
8982
3453
-2828
-9013
-14239
-17836
-19489
-19316
-17833
-15814
-14091
-13329
-13846
-15527
-17844
-19995
-21112
-20496
-17815
-13207
-7266
-912
4831
9088
11343
11577
10263
8243
6510
5936
7044
9852
13860
18163
21681
23433
22803
19704
14624
8515
2563
-2101
-4690
-4961
-3277
-517
2150
3571
2915
-95
-5096
-11155
-16996
-21313
-23111
-21957
-18111
-12473
-6364
-1202
1858
2218
0
-3978
-8403
-11804
-12923
-11061
-6263
661
8328
15110
19547
20709
18446
13439
7038
933
-3268
-4451
-2288
2670
9109
15281
19436
20270
-17269
-10860
-2323
6503
13675
17624
17552
13646
7044
-438
-6748
-10116
-9502
-4874
2766
11612
19489
24393
24992
20975
13146
3247
-6453
-13713
-16874
-15271
-9419
-894
8039
14981
17991
16075
9452
-484
-11483
-20977
-26708
-27284
-22529
-13547
-2464
8071
15531
18124
15240
7608
-2863
-13539
-21694
-25174
-22923
-15258
-3804
8879
19903
26744
27847
23008
13430
1444
-10040
-18230
-21115
-17953
-9452
2389
14751
24660
29696
28562
21402
9768
-3740
-16081
-24488
-27110
-23450
-14470
-2370
9933
19489
23995
22337
14836
3174
-10002
-21698
-29260
-30980
-26482
-16796
-4110
8737
18907
24204
23562
17269
6882
-5141
-16010
-23227
-25144
-21317
-12579
-836
11371
21439
27272
27724
22829
13764
2566
-8328
-16611
-20598
-19566
-13876
-4870
5444
14830
21300
23513
21037
14409
4991
-5321
-14505
-20812
-23111
-21086
-15278
-6950
2178
10279
15767
17601
15467
9822
1797
-7032
-14943
-20394
-22308
-20275
-14624
-6366
2997
11743
18255
21326
20385
15618
7946
-1143
-9863
-16470
-19603
-18552
-13416
-5102
4831
14468
21899
25605
24765
19436
10561
-202
-10793
-19159
-23661
-23411
-18457
-9790
852
11321
19489
23676
22989
17506
8259
-2970
-14002
-22701
-27390
-27185
-22159
-13316
-2383
8538
17386
22537
23111
19117
11435
1619
-8414
-16757
-21866
-22839
-19557
-12675
-3479
6373
15156
21389
24077
22861
18059
10579
1745
-6935
-14023
-18380
-19340
-16806
-11247
-3621
4785
12557
18379
21238
20593
16466
9452
634
-8577
-16669
-22278
-24419
-22671
-17266
-9070
547
9934
17446
21735
21998
18136
10784
1216
-8878
-17691
-23626
-25585
-23172
-16768
-7458
3158
13264
21146
25502
25659
21680
14337
4956
-4831
-13373
-19282
-21658
-20214
-15302
-7819
962
9610
16770
21364
22742
20752
15744
8489
60
-8328
-15489
-20425
-22454
-21302
-17139
-10562
-2517
5819
13200
18490
20833
19793
15444
8376
-370
-9452
-17427
-22985
-25167
-23534
-18256
-10098
-306
9595
18051
23738
25781
23899
18445
10342
916
-8328
-15950
-20809
-22233
-20100
-14836
-7317
1280
9676
16676
21335
23071
21720
17531
11107
3316
-4831
-12303
-18167
-21692
-22436
-20294
-15522
-8715
-749
7315
14367
19391
21614
20635
16499
9718
1216
-7793
-15984
-22118
-25243
-24846
-20941
-14071
-5225
4317
13185
20136
24233
24981
22385
16923
9452
1064
-7079
-13917
-18615
-20664
-19908
-16541
-11055
-4160
3299
10441
16433
20571
22346
21500
18059
12350
4978
-3219
-11256
-18121
-22898
-24907
-23810
-19683
-13021
-4692
4186
12397
18810
22546
23111
20461
15010
7549
-873
-9116
-16108
-20992
-23227
-22631
-19380
-13947
-7025
575
8021
14540
19489
22393
22979
21192
17198
11380
4318
-3252
-10500
-16581
-20738
-22403
-21287
-17441
-11278
-3530
4831
12726
19119
23164
24330
22475
17858
11093
3053
-5263
-12871
-18928
-22826
-24245
-23158
-19803
-14624
-8203
-1193
5740
11965
16925
20162
21356
20348
17173
12078
5526
-1827
-9185
-15695
-20553
-23111
-22980
-20099
-14756
-7561
632
8844
16108
21593
24718
25209
23119
18786
12774
5772
-1491
-8328
-14156
-18525
-21131
-21815
-20554
-17456
-12759
-6829
-157
6661
12962
18074
21393
22467
21073
17269
11407
4108
-3815
-11459
-17953
-22575
-24845
-24580
-21894
-17166
-10967
-3970
3141
9741
15316
19489
22014
22770
21741
19008
14749
9242
2876
-3856
-10372
-16048
-20279
-22562
-22571
-20219
-15695
-9452
-2160
5382
12349
18005
21791
23390
22743
20034
15633
10027
3752
-2675
-8791
-14203
-18591
-21694
-23307
-23278
-21529
-18082
-13090
-6866
124
7279
13920
19371
23050
24552
23716
20646
15704
9452
2566
-4252
-10371
-15295
-18702
-20448
-20539
-19094
-16300
-12377
-7562
-2112
3683
9486
14901
19489
22805
24451
24142
21768
17438
11484
4439
-3027
-10196
-16398
-21097
-23949
-24833
-23833
-21195
-17269
-12441
-7082
-1521
3964
9127
13732
17535
20273
21685
21548
19726
16225
11226
5098
-1631
-8328
-14339
-19077
-22108
-23198
-22340
-19731
-15719
-10741
-5241
379
5798
10778
15145
18756
21466
23111
23512
22505
19986
15959
10586
4196
-2727
-9595
-15790
-20750
-24052
-25465
-24976
-22770
-19180
-14624
-9523
-4248
917
5776
10197
14077
17297
19700
21088
21249
20007
17276
13115
7755
1596
-4831
-10938
-16157
-20031
-22272
-22793
-21697
-19237
-15748
-11578
-7027
-2319
2403
7049
11537
15747
19489
22499
24467
25085
24121
21478
17245
11701
5294
-1425
-7882
-13568
-18106
-21295
-23105
-23647
-23111
-21701
-19579
-16838
-13498
-9548
-4992
89
5505
10937
15966
20131
23004
24269
23789
21632
18059
13479
8369
3188
-1692
-6031
-9732
-12810
-15333
-17361
-18889
-19825
-19992
-19174
-17181
-13920
-9452
-4016
1983
8031
13586
18168
21437
23239
23614
22759
20961
18517
15660
12521
9114
5374
1216
-3394
-8381
-13521
-18461
-22755
-25952
-27680
-27728
-26088
-22961
-18716
-13812
-8707
-3772
764
4831
8490
11867
15078
18157
21005
23396
25007
25498
24600
22191
18354
13373
7699
1865
-3613
-8328
-12050
-14744
-16547
-17693
-18431
-18934
-19241
-19243
-18710
-17367
-14982
-11457
-6883
-1553
4073
9452
14062
17506
19582
20313
19919
18745
17163
15467
13805
12147
10313
8037
5073
1287
-3267
-8328
-13456
-18116
-21785
-24065
-24768
-23951
-21896
-19028
-15815
-12647
-9751
-7146
-4666
-2023
1077
4831
9250
14115
19011
23395
26721
28561
28704
27204
24367
20675
16664
12802
9378
6445
3833
1216
-1772
-5409
-9781
-14721
-19828
-24540
-28256
-30482
-30944
-29657
-26921
-23245
-19226
-15398
-12111
-9452
-7239
-5094
-2565
728
4965
10045
15584
20986
25578
28767
30179
29755
27760
24720
21282
18059
15470
13644
12393
11282
9753
7294
3603
-1312
-7104
-13150
-18690
-23005
-25590
-26278
-25276
-23111
-20490
-18120
-16519
-15885
-16045
-16506
-16589
-15621
-13129
-8982
-3453
2828
9013
14239
17836
19489
19316
17833
15814
14091
13329
13846
15527
17844
19995
21112
20496
17815
13207
7266
912
-4831
-9088
-11343
-11577
-10263
-8243
-6510
-5936
-7044
-9852
-13860
-18163
-21681
-23433
-22803
-19704
-14624
-8515
-2563
2101
4690
4961
3277
517
-2150
-3571
-2915
95
5096
11155
16996
21313
23111
21957
18111
12473
6364
1202
-1858
-2218
0
3978
8403
11804
12923
11061
6263
-661
-8328
-15110
-19547
-20709
-18446
-13439
-7038
-933
3268
4451
2288
-2670
-9109
-15281
-19436
-20270
0
0
0
0
0
0
0
0
0
0
0
0
0
0
0
0
0
0
0
0
0
0
0
0
0
0
0
0
0
0
0
0
0
0
0
0
0
0
0
0
0
0
0
0
0
0
0
0
0
0
0
0
0
0
0
0
0
0
0
0
0
0
0
0
0
0
0
0
0
0
0
0
0
0
0
0
0
0
0
0
0
0
0
0
0
0
0
0
0
0
0
0
0
0
0
0
0
0
0
0
0
0
0
0
0
0
0
0
0
0
0
0
0
0
0
0
0
0
0
0
0
0
0
0
0
0
0
0
0
0
0
0
0
0
0
0
0
0
0
0
0
0
0
0
0
0
0
0
0
0
0
0
0
0
0
0
0
0
0
0
0
0
0
0
0
0
0
0
0
0
0
0
0
0
0
0
0
0
0
0
0
0
0
0
0
0
0
0
0
0
0
0
0
0
0
0
0
0
0
0
0
0
0
0
0
0
0
0
0
0
0
0
0
0
0
0
0
0
0
0
0
0
0
0
0
0
0
0
0
0
0
0
0
0
0
0
0
0
0
0
0
0
0
0
0
0
0
0
0
0
0
0
0
0
0
0
0
0
0
0
0
0
0
0
0
0
0
0
0
0
0
0
0
0
0
0
0
0
0
0
0
0
0
0
0
0
0
0
0
0
0
0
0
0
0
0
0
0
0
0
0
0
0
0
0
0
0
0
0
0
0
0
0
0
0
0
0
0
0
0
0
0
0
0
0
0
0
0
0
0
0
0
0
0
0
0
0
0
0
0
0
0
0
0
0
0
0
0
0
0
0
0
0
0
0
0
0
0
0
0
0
0
0
0
0
0
0
0
0
0
0
0
0
0
0
0
0
0
0
0
0
0
0
0
0
0
0
0
0
0
0
0
0
0
0
0
0
0
0
0
0
0
0
0
0
0
0
0
0
0
0
0
0
0
0
0
0
0
0
0
0
0
0
0
0
0
0
0
0
0
0
0
0
0
0
0
0
0
0
0
0
0
0
0
0
0
0
0
0
0
0
0
0
0
0
0
0
0
0
0
0
0
0
0
0
0
0
0
0
0
0
0
0
0
0
0
0
0
0
0
0
0
0
0
0
0
0
0
0
0
0
0
0
0
0
0
0
0
0
0
0
0
0
0
0
0
0
0
0
0
0
0
0
0
0
0
0
0
0
0
0
0
0
0
0
0
0
0
0
0
0
0
0
0
0
0
0
0
0
0
0
0
0
0
0
0
0
0
0
0
0
0
0
0
0
0
0
0
0
0
0
0
0
0
0
0
0
0
0
0
0
0
0
0
0
0
0
0
0
0
0
0
0
0
0
0
0
0
0
0
0
0
0
0
0
0
0
0
0
0
0
0
0
0
0
0
0
0
0
0
0
0
0
0
0
0
0
0
0
0
0
0
0
0
0
0
0
0
0
0
0
0
0
0
0
0
0
0
0
0
0
0
0
0
0
0
0
0
0
0
0
0
0
0
0
0
0
0
0
0
0
0
0
0
0
0
0
0
0
0
0
0
0
0
0
0
0
0
0
0
0
0
0
0
0
0
0
0
0
0
0
0
0
0
0
0
0
0
0
0
0
0
0
0
0
0
0
0
0
0
0
0
0
0
0
0
0
0
0
0
0
0
0
0
0
0
0
0
0
0
0
0
0
0
0
0
0
0
0
0
0
0
0
0
0
0
0
0
0
0
0
0
0
0
0
0
0
0
0
0
0
0
0
0
0
0
0
0
0
0
0
0
0
0
0
0
0
0
0
0
0
0
0
0
0
0
0
0
0
0
0
0
0
0
0
0
0
0
0
0
0
0
0
0
0
0
0
0
0
0
0
0
0
0
0
0
0
0
0
0
0
0
0
0
0
0
0
0
0
0
0
0
0
0
0
0
0
0
0
0
0
0
0
0
0
0
0
0
0
0
0
0
0
0
0
0
0
0
0
0
0
0
0
0
0
0
0
0
0
0
0
0
0
0
0
0
0
0
0
0
0
0
0
0
0
0
0
0
0
0
0
0
0
0
0
0
0
0
0
0
0
0
0
0
0
0
0
0
0
0
0
0
0
0
0
0
0
0
0
0
0
0
0
0
0
0
0
0
0
0
0
0
0
0
0
0
0
0
0
0
0
0
0
0
0
0
0
0
0
0
0
0
0
0
0
0
0
0
0
0
0
9476
17940
24507
28534
29701
28038
23921
18005
11133
4214
-1905
-6552
-9316
-10095
-9101
-6812
-3888
-1068
952
1636
688
-1895
-5817
-10518
-15259
-19227
-21659
-21957
-19787
-15135
-8329
0
8985
17642
24990
30178
32607
32001
28446
22379
14524
5804
-2792
-10333
-16068
-19514
-20518
-19258
-16206
-12049
-7575
-3561
-646
751
505
-1211
-3958
-7091
-9873
-11584
-11646
-9714
-5741
0
6941
14295
21151
26603
29875
30430
28052
22883
15405
6391
-3196
-12328
-20042
-25559
-28387
-28376
-25723
-20946
-14793
-8143
-1870
3269
6741
8303
8025
6269
3620
791
-1491
-2613
-2159
0
3697
8475
13655
18428
21976
23597
22809
19430
13621
5873
-3047
-12191
-20550
-27185
-31348
-32586
-30791
-26220
-19454
-11316
-2770
5220
11810
16383
18622
18546
16487
13031
8921
4941
1794
0
-186
1190
3797
7066
10278
12685
13621
12618
9483
4339
-2371
-9947
-17506
-24110
-28888
-31162
-30535
-26961
-20749
-12534
-3191
6269
14837
21629
25999
27617
26505
23018
17792
11639
5438
0
-4039
-6301
-6716
-5516
-3196
-420
2079
3625
3704
2054
-1286
-5982
-11434
-16866
-21434
-24348
-24999
-23040
-18458
-11584
-3061
6234
15299
23136
28881
31913
31939
29024
23586
16326
8141
0
-7192
-12702
-16068
-17145
-16118
-13453
-9823
-5996
-2715
-584
21
-983
-3385
-6705
-10272
-13326
-15141
-15135
-12975
-8631
-2401
5120
13116
20643
26768
30690
31850
30012
25300
18189
9437
0
-9101
-16907
-22642
-25810
-26253
-24161
-20028
-14580
-8664
-3123
1325
4186
5249
4614
2664
0
-2664
-4614
-5249
-4186
-1325
3123
8664
14580
20028
24161
26253
25810
22642
16907
9101
0
-9437
-18189
-25300
-30012
-31850
-30690
-26768
-20643
-13116
-5120
2401
8631
12975
15135
15141
13326
10272
6705
3385
983
-21
584
2715
5996
9823
13453
16118
17145
16068
12702
7192
0
-8141
-16326
-23586
-29024
-31939
-31913
-28881
-23136
-15299
-6234
3061
11584
18458
23040
24999
24348
21434
16866
11434
5982
1286
-2054
-3704
-3625
-2079
420
3196
5516
6716
6301
4039
0
-5438
-11639
-17792
-23018
-26505
-27617
-25999
-21629
-14837
-6269
3191
12534
20749
26961
30535
31162
28888
24110
17506
9947
2371
-4339
-9483
-12618
-13621
-12685
-10278
-7066
-3797
-1190
186
0
-1794
-4941
-8921
-13031
-16487
-18546
-18622
-16383
-11810
-5220
2770
11316
19454
26220
30791
32586
31348
27185
20550
12191
3047
-5873
-13621
-19430
-22809
-23597
-21976
-18428
-13655
-8475
-3697
0
2159
2613
1491
-791
-3620
-6269
-8025
-8303
-6741
-3269
1870
8143
14793
20946
25723
28376
28387
25559
20042
12328
3196
-6391
-15405
-22883
-28052
-30430
-29875
-26603
-21151
-14295
-6941
0
5741
9714
11646
11584
9873
7091
3958
1211
-505
-751
646
3561
7575
12049
16206
19258
20518
19514
16068
10333
2792
-5804
-14524
-22379
-28446
-32001
-32607
-30178
-24990
-17642
-8985
0
8329
15135
19787
21957
21659
19227
15259
10518
5817
1895
-688
-1636
-952
1068
3888
6812
9101
10095
9316
6552
1905
-4214
-11133
-18005
-23921
-28038
-29701
-28534
-24507
-17940
-9476
0
9476
17940
24507
28534
29701
28038
23921
18005
11133
4214
-1905
-6552
-9316
-10095
-9101
-6812
-3888
-1068
952
1636
688
-1895
-5817
-10518
-15259
-19227
-21659
-21957
-19787
-15135
-8329
0
8985
17642
24990
30178
32607
32001
28446
22379
14524
5804
-2792
-10333
-16068
-19514
-20518
-19258
-16206
-12049
-7575
-3561
-646
751
505
-1211
-3958
-7091
-9873
-11584
-11646
-9714
-5741
0
6941
14295
21151
26603
29875
30430
28052
22883
15405
6391
-3196
-12328
-20042
-25559
-28387
-28376
-25723
-20946
-14793
-8143
-1870
3269
6741
8303
8025
6269
3620
791
-1491
-2613
-2159
0
3697
8475
13655
18428
21976
23597
22809
19430
13621
5873
-3047
-12191
-20550
-27185
-31348
-32586
-30791
-26220
-19454
-11316
-2770
5220
11810
16383
18622
18546
16487
13031
8921
4941
1794
0
-186
1190
3797
7066
10278
12685
13621
12618
9483
4339
-2371
-9947
-17506
-24110
-28888
-31162
-30535
-26961
-20749
-12534
-3191
6269
14837
21629
25999
27617
26505
23018
17792
11639
5438
0
-4039
-6301
-6716
-5516
-3196
-420
2079
3625
3704
2054
-1286
-5982
-11434
-16866
-21434
-24348
-24999
-23040
-18458
-11584
-3061
6234
15299
23136
28881
31913
31939
29024
23586
16326
8141
0
-7192
-12702
-16068
-17145
-16118
-13453
-9823
-5996
-2715
-584
21
-983
-3385
-6705
-10272
-13326
-15141
-15135
-12975
-8631
-2401
5120
13116
20643
26768
30690
31850
30012
25300
18189
9437
0
-9101
-16907
-22642
-25810
-26253
-24161
-20028
-14580
-8664
-3123
1325
4186
5249
4614
2664
0
-2664
-4614
-5249
-4186
-1325
3123
8664
14580
20028
24161
26253
25810
22642
16907
9101
0
-9437
-18189
-25300
-30012
-31850
-30690
-26768
-20643
-13116
-5120
2401
8631
12975
15135
15141
13326
10272
6705
3385
983
-21
584
2715
5996
9823
13453
16118
17145
16068
12702
7192
0
-8141
-16326
-23586
-29024
-31939
-31913
-28881
-23136
-15299
-6234
3061
11584
18458
23040
24999
24348
21434
16866
11434
5982
1286
-2054
-3704
-3625
-2079
420
3196
5516
6716
6301
4039
0
-5438
-11639
-17792
-23018
-26505
-27617
-25999
-21629
-14837
-6269
3191
12534
20749
26961
30535
31162
28888
24110
17506
9947
2371
-4339
-9483
-12618
-13621
-12685
-10278
-7066
-3797
-1190
186
0
-1794
-4941
-8921
-13031
-16487
-18546
-18622
-16383
-11810
-5220
2770
11316
19454
26220
30791
32586
31348
27185
20550
12191
3047
-5873
-13621
-19430
-22809
-23597
-21976
-18428
-13655
-8475
-3697
0
2159
2613
1491
-791
-3620
-6269
-8025
-8303
-6741
-3269
1870
8143
14793
20946
25723
28376
28387
25559
20042
12328
3196
-6391
-15405
-22883
-28052
-30430
-29875
-26603
-21151
-14295
-6941
0
5741
9714
11646
11584
9873
7091
3958
1211
-505
-751
646
3561
7575
12049
16206
19258
20518
19514
16068
10333
2792
-5804
-14524
-22379
-28446
-32001
-32607
-30178
-24990
-17642
-8985
0
8329
15135
19787
21957
21659
19227
15259
10518
5817
1895
-688
-1636
-952
1068
3888
6812
9101
10095
9316
6552
1905
-4214
-11133
-18005
-23921
-28038
-29701
-28534
-24507
-17940
-9476
0
9476
17940
24507
28534
29701
28038
23921
18005
11133
4214
-1905
-6552
-9316
-10095
-9101
-6812
-3888
-1068
952
1636
688
-1895
-5817
-10518
-15259
-19227
-21659
-21957
-19787
-15135
-8329
0
8985
17642
24990
30178
32607
32001
28446
22379
14524
5804
-2792
-10333
-16068
-19514
-20518
-19258
-16206
-12049
-7575
-3561
-646
751
505
-1211
-3958
-7091
-9873
-11584
-11646
-9714
-5741
0
6941
14295
21151
26603
29875
30430
28052
22883
15405
6391
-3196
-12328
-20042
-25559
-28387
-28376
-25723
-20946
-14793
-8143
-1870
3269
6741
8303
8025
6269
3620
791
-1491
-2613
-2159
0
3697
8475
13655
18428
21976
23597
22809
19430
13621
5873
-3047
-12191
-20550
-27185
-31348
-32586
-30791
-26220
-19454
-11316
-2770
5220
11810
16383
18622
18546
16487
13031
8921
4941
1794
0
-186
1190
3797
7066
10278
12685
13621
12618
9483
4339
-2371
-9947
-17506
-24110
-28888
-31162
-30535
-26961
-20749
-12534
-3191
6269
14837
21629
25999
27617
26505
23018
17792
11639
5438
0
-4039
-6301
-6716
-5516
-3196
-420
2079
3625
3704
2054
-1286
-5982
-11434
-16866
-21434
-24348
-24999
-23040
-18458
-11584
-3061
6234
15299
23136
28881
31913
31939
29024
23586
16326
8141
0
-7192
-12702
-16068
-17145
-16118
-13453
-9823
-5996
-2715
-584
21
-983
-3385
-6705
-10272
-13326
-15141
-15135
-12975
-8631
-2401
5120
13116
20643
26768
30690
31850
30012
25300
18189
9437
0
-9101
-16907
-22642
-25810
-26253
-24161
-20028
-14580
-8664
-3123
1325
4186
5249
4614
2664
0
-2664
-4614
-5249
-4186
-1325
3123
8664
14580
20028
24161
26253
25810
22642
16907
9101
0
-9437
-18189
-25300
-30012
-31850
-30690
-26768
-20643
-13116
-5120
2401
8631
12975
15135
15141
13326
10272
6705
3385
983
-21
584
2715
5996
9823
13453
16118
17145
16068
12702
7192
0
-8141
-16326
-23586
-29024
-31939
-31913
-28881
-23136
-15299
-6234
3061
11584
18458
23040
24999
24348
21434
16866
11434
5982
1286
-2054
-3704
-3625
-2079
420
3196
5516
6716
6301
4039
0
-5438
-11639
-17792
-23018
-26505
-27617
-25999
-21629
-14837
-6269
3191
12534
20749
26961
30535
31162
28888
24110
17506
9947
2371
-4339
-9483
-12618
-13621
-12685
-10278
-7066
-3797
-1190
186
0
-1794
-4941
-8921
-13031
-16487
-18546
-18622
-16383
-11810
-5220
2770
11316
19454
26220
30791
32586
31348
27185
20550
12191
3047
-5873
-13621
-19430
-22809
-23597
-21976
-18428
-13655
-8475
-3697
0
2159
2613
1491
-791
-3620
-6269
-8025
-8303
-6741
-3269
1870
8143
14793
20946
25723
28376
28387
25559
20042
12328
3196
-6391
-15405
-22883
-28052
-30430
-29875
-26603
-21151
-14295
-6941
0
5741
9714
11646
11584
9873
7091
3958
1211
-505
-751
646
3561
7575
12049
16206
19258
20518
19514
16068
10333
2792
-5804
-14524
-22379
-28446
-32001
-32607
-30178
-24990
-17642
-8985
0
8329
15135
19787
21957
21659
19227
15259
10518
5817
1895
-688
-1636
-952
1068
3888
6812
9101
10095
9316
6552
1905
-4214
-11133
-18005
-23921
-28038
-29701
-28534
-24507
-17940
-9476
0
9476
17940
24507
28534
29701
28038
23921
18005
11133
4214
-1905
-6552
-9316
-10095
-9101
-6812
-3888
-1068
952
1636
688
-1895
-5817
-10518
-15259
-19227
-21659
-21957
-19787
-15135
-8329
0
8985
17642
24990
30178
32607
32001
28446
22379
14524
5804
-2792
-10333
-16068
-19514
-20518
-19258
-16206
-12049
-7575
-3561
-646
751
505
-1211
-3958
-7091
-9873
-11584
-11646
-9714
-5741
0
6941
14295
21151
26603
29875
30430
28052
22883
15405
6391
-3196
-12328
-20042
-25559
-28387
-28376
-25723
-20946
-14793
-8143
-1870
3269
6741
8303
8025
6269
3620
791
-1491
-2613
-2159
0
3697
8475
13655
18428
21976
23597
22809
19430
13621
5873
-3047
-12191
-20550
-27185
-31348
-32586
-30791
-26220
-19454
-11316
-2770
5220
11810
16383
18622
18546
16487
13031
8921
4941
1794
0
-186
1190
3797
7066
10278
12685
13621
12618
9483
4339
-2371
-9947
-17506
-24110
-28888
-31162
-30535
-26961
-20749
-12534
-3191
6269
14837
21629
25999
27617
26505
23018
17792
11639
5438
0
-4039
-6301
-6716
-5516
-3196
-420
2079
3625
3704
2054
-1286
-5982
-11434
-16866
-21434
-24348
-24999
-23040
-18458
-11584
-3061
6234
15299
23136
28881
31913
31939
29024
23586
16326
8141
0
-7192
-12702
-16068
-17145
-16118
-13453
-9823
-5996
-2715
-584
21
-983
-3385
-6705
-10272
-13326
-15141
-15135
-12975
-8631
-2401
5120
13116
20643
26768
30690
31850
30012
25300
18189
9437
0
-9101
-16907
-22642
-25810
-26253
-24161
-20028
-14580
-8664
-3123
1325
4186
5249
4614
2664
0
-2664
-4614
-5249
-4186
-1325
3123
8664
14580
20028
24161
26253
25810
22642
16907
9101
0
-9437
-18189
-25300
-30012
-31850
-30690
-26768
-20643
-13116
-5120
2401
8631
12975
15135
15141
13326
10272
6705
3385
983
-21
584
2715
5996
9823
13453
16118
17145
16068
12702
7192
0
-8141
-16326
-23586
-29024
-31939
-31913
-28881
-23136
-15299
-6234
3061
11584
18458
23040
24999
24348
21434
16866
11434
5982
1286
-2054
-3704
-3625
-2079
420
3196
5516
6716
6301
4039
0
-5438
-11639
-17792
-23018
-26505
-27617
-25999
-21629
-14837
-6269
3191
12534
20749
26961
30535
31162
28888
24110
17506
9947
2371
-4339
-9483
-12618
-13621
-12685
-10278
-7066
-3797
-1190
186
0
-1794
-4941
-8921
-13031
-16487
-18546
-18622
-16383
-11810
-5220
2770
11316
19454
26220
30791
32586
31348
27185
20550
12191
3047
-5873
-13621
-19430
-22809
-23597
-21976
-18428
-13655
-8475
-3697
0
2159
2613
1491
-791
-3620
-6269
-8025
-8303
-6741
-3269
1870
8143
14793
20946
25723
28376
28387
25559
20042
12328
3196
-6391
-15405
-22883
-28052
-30430
-29875
-26603
-21151
-14295
-6941
0
5741
9714
11646
11584
9873
7091
3958
1211
-505
-751
646
3561
7575
12049
16206
19258
20518
19514
16068
10333
2792
-5804
-14524
-22379
-28446
-32001
-32607
-30178
-24990
-17642
-8985
0
8329
15135
19787
21957
21659
19227
15259
10518
5817
1895
-688
-1636
-952
1068
3888
6812
9101
10095
9316
6552
1905
-4214
-11133
-18005
-23921
-28038
-29701
-28534
-24507
-17940
-9476
0
9476
17940
24507
28534
29701
28038
23921
18005
11133
4214
-1905
-6552
-9316
-10095
-9101
-6812
-3888
-1068
952
1636
688
-1895
-5817
-10518
-15259
-19227
-21659
-21957
-19787
-15135
-8329
0
8985
17642
24990
30178
32607
32001
28446
22379
14524
5804
-2792
-10333
-16068
-19514
-20518
-19258
-16206
-12049
-7575
-3561
-646
751
505
-1211
-3958
-7091
-9873
-11584
-11646
-9714
-5741
0
6941
14295
21151
26603
29875
30430
28052
22883
15405
6391
-3196
-12328
-20042
-25559
-28387
-28376
-25723
-20946
-14793
-8143
-1870
3269
6741
8303
8025
6269
3620
791
-1491
-2613
-2159
0
3697
8475
13655
18428
21976
23597
22809
19430
13621
5873
-3047
-12191
-20550
-27185
-31348
-32586
-30791
-26220
-19454
-11316
-2770
5220
11810
16383
18622
18546
16487
13031
8921
4941
1794
0
-186
1190
3797
7066
10278
12685
13621
12618
9483
4339
-2371
-9947
-17506
-24110
-28888
-31162
-30535
-26961
-20749
-12534
-3191
6269
14837
21629
25999
27617
26505
23018
17792
11639
5438
0
-4039
-6301
-6716
-5516
-3196
-420
2079
3625
3704
2054
-1286
-5982
-11434
-16866
-21434
-24348
-24999
-23040
-18458
-11584
-3061
6234
15299
23136
28881
31913
31939
29024
23586
16326
8141
0
-7192
-12702
-16068
-17145
-16118
-13453
-9823
-5996
-2715
-584
21
-983
-3385
-6705
-10272
-13326
-15141
-15135
-12975
-8631
-2401
5120
13116
20643
26768
30690
31850
30012
25300
18189
9437
0
-9101
-16907
-22642
-25810
-26253
-24161
-20028
-14580
-8664
-3123
1325
4186
5249
4614
2664
0
-2664
-4614
-5249
-4186
-1325
3123
8664
14580
20028
24161
26253
25810
22642
16907
9101
0
-9437
-18189
-25300
-30012
-31850
-30690
-26768
-20643
-13116
-5120
2401
8631
12975
15135
15141
13326
10272
6705
3385
983
-21
584
2715
5996
9823
13453
16118
17145
16068
12702
7192
0
-8141
-16326
-23586
-29024
-31939
-31913
-28881
-23136
-15299
-6234
3061
11584
18458
23040
24999
24348
21434
16866
11434
5982
1286
-2054
-3704
-3625
-2079
420
3196
5516
6716
6301
4039
0
-5438
-11639
-17792
-23018
-26505
-27617
-25999
-21629
-14837
-6269
3191
12534
20749
26961
30535
31162
28888
24110
17506
9947
2371
-4339
-9483
-12618
-13621
-12685
-10278
-7066
-3797
-1190
186
0
-1794
-4941
-8921
-13031
-16487
-18546
-18622
-16383
-11810
-5220
2770
11316
19454
26220
30791
32586
31348
27185
20550
12191
3047
-5873
-13621
-19430
-22809
-23597
-21976
-18428
-13655
-8475
-3697
0
2159
2613
1491
-791
-3620
-6269
-8025
-8303
-6741
-3269
1870
8143
14793
20946
25723
28376
28387
25559
20042
12328
3196
-6391
-15405
-22883
-28052
-30430
-29875
-26603
-21151
-14295
-6941
0
5741
9714
11646
11584
9873
7091
3958
1211
-505
-751
646
3561
7575
12049
16206
19258
20518
19514
16068
10333
2792
-5804
-14524
-22379
-28446
-32001
-32607
-30178
-24990
-17642
-8985
0
8329
15135
19787
21957
21659
19227
15259
10518
5817
1895
-688
-1636
-952
1068
3888
6812
9101
10095
9316
6552
1905
-4214
-11133
-18005
-23921
-28038
-29701
-28534
-24507
-17940
-9476
0
9476
17940
24507
28534
29701
28038
23921
18005
11133
4214
-1905
-6552
-9316
-10095
-9101
-6812
-3888
-1068
952
1636
688
-1895
-5817
-10518
-15259
-19227
-21659
-21957
-19787
-15135
-8329
0
8985
17642
24990
30178
32607
32001
28446
22379
14524
5804
-2792
-10333
-16068
-19514
-20518
-19258
-16206
-12049
-7575
-3561
-646
751
505
-1211
-3958
-7091
-9873
-11584
-11646
-9714
-5741
0
6941
14295
21151
26603
29875
30430
28052
22883
15405
6391
-3196
-12328
-20042
-25559
-28387
-28376
-25723
-20946
-14793
-8143
-1870
3269
6741
8303
8025
6269
3620
791
-1491
-2613
-2159
0
3697
8475
13655
18428
21976
23597
22809
19430
13621
5873
-3047
-12191
-20550
-27185
-31348
-32586
-30791
-26220
-19454
-11316
-2770
5220
11810
16383
18622
18546
16487
13031
8921
4941
1794
0
-186
1190
3797
7066
10278
12685
13621
12618
9483
4339
-2371
-9947
-17506
-24110
-28888
-31162
-30535
-26961
-20749
-12534
-3191
6269
14837
21629
25999
27617
26505
23018
17792
11639
5438
0
-4039
-6301
-6716
-5516
-3196
-420
2079
3625
3704
2054
-1286
-5982
-11434
-16866
-21434
-24348
-24999
-23040
-18458
-11584
-3061
6234
15299
23136
28881
31913
31939
29024
23586
16326
8141
0
-7192
-12702
-16068
-17145
-16118
-13453
-9823
-5996
-2715
-584
21
-983
-3385
-6705
-10272
-13326
-15141
-15135
-12975
-8631
-2401
5120
13116
20643
26768
30690
31850
30012
25300
18189
9437
0
-9101
-16907
-22642
-25810
-26253
-24161
-20028
-14580
-8664
-3123
1325
4186
5249
4614
2664
0
-2664
-4614
-5249
-4186
-1325
3123
8664
14580
20028
24161
26253
25810
22642
16907
9101
0
-9437
-18189
-25300
-30012
-31850
-30690
-26768
-20643
-13116
-5120
2401
8631
12975
15135
15141
13326
10272
6705
3385
983
-21
584
2715
5996
9823
13453
16118
17145
16068
12702
7192
0
-8141
-16326
-23586
-29024
-31939
-31913
-28881
-23136
-15299
-6234
3061
11584
18458
23040
24999
24348
21434
16866
11434
5982
1286
-2054
-3704
-3625
-2079
420
3196
5516
6716
6301
4039
0
-5438
-11639
-17792
-23018
-26505
-27617
-25999
-21629
-14837
-6269
3191
12534
20749
26961
30535
31162
28888
24110
17506
9947
2371
-4339
-9483
-12618
-13621
-12685
-10278
-7066
-3797
-1190
186
0
-1794
-4941
-8921
-13031
-16487
-18546
-18622
-16383
-11810
-5220
2770
11316
19454
26220
30791
32586
31348
27185
20550
12191
3047
-5873
-13621
-19430
-22809
-23597
-21976
-18428
-13655
-8475
-3697
0
2159
2613
1491
-791
-3620
-6269
-8025
-8303
-6741
-3269
1870
8143
14793
20946
25723
28376
28387
25559
20042
12328
3196
-6391
-15405
-22883
-28052
-30430
-29875
-26603
-21151
-14295
-6941
0
5741
9714
11646
11584
9873
7091
3958
1211
-505
-751
646
3561
7575
12049
16206
19258
20518
19514
16068
10333
2792
-5804
-14524
-22379
-28446
-32001
-32607
-30178
-24990
-17642
-8985
0
8329
15135
19787
21957
21659
19227
15259
10518
5817
1895
-688
-1636
-952
1068
3888
6812
9101
10095
9316
6552
1905
-4214
-11133
-18005
-23921
-28038
-29701
-28534
-24507
-17940
-9476
0
9476
17940
24507
28534
29701
28038
23921
18005
11133
4214
-1905
-6552
-9316
-10095
-9101
-6812
-3888
-1068
952
1636
688
-1895
-5817
-10518
-15259
-19227
-21659
-21957
-19787
-15135
-8329
0
8985
17642
24990
30178
32607
32001
28446
22379
14524
5804
-2792
-10333
-16068
-19514
-20518
-19258
-16206
-12049
-7575
-3561
-646
751
505
-1211
-3958
-7091
-9873
-11584
-11646
-9714
-5741
0
6941
14295
21151
26603
29875
30430
28052
22883
15405
6391
-3196
-12328
-20042
-25559
-28387
-28376
-25723
-20946
-14793
-8143
-1870
3269
6741
8303
8025
6269
3620
791
-1491
-2613
-2159
0
3697
8475
13655
18428
21976
23597
22809
19430
13621
5873
-3047
-12191
-20550
-27185
-31348
-32586
-30791
-26220
-19454
-11316
-2770
5220
11810
16383
18622
18546
16487
13031
8921
4941
1794
0
-186
1190
3797
7066
10278
12685
13621
12618
9483
4339
-2371
-9947
-17506
-24110
-28888
-31162
-30535
-26961
-20749
-12534
-3191
6269
14837
21629
25999
27617
26505
23018
17792
11639
5438
0
-4039
-6301
-6716
-5516
-3196
-420
2079
3625
3704
2054
-1286
-5982
-11434
-16866
-21434
-24348
-24999
-23040
-18458
-11584
-3061
6234
15299
23136
28881
31913
31939
29024
23586
16326
8141
0
-7192
-12702
-16068
-17145
-16118
-13453
-9823
-5996
-2715
-584
21
-983
-3385
-6705
-10272
-13326
-15141
-15135
-12975
-8631
-2401
5120
13116
20643
26768
30690
31850
30012
25300
18189
9437
0
-9101
-16907
-22642
-25810
-26253
-24161
-20028
-14580
-8664
-3123
1325
4186
5249
4614
2664
0
-2664
-4614
-5249
-4186
-1325
3123
8664
14580
20028
24161
26253
25810
22642
16907
9101
0
-9437
-18189
-25300
-30012
-31850
-30690
-26768
-20643
-13116
-5120
2401
8631
12975
15135
15141
13326
10272
6705
3385
983
-21
584
2715
5996
9823
13453
16118
17145
16068
12702
7192
0
-8141
-16326
-23586
-29024
-31939
-31913
-28881
-23136
-15299
-6234
3061
11584
18458
23040
24999
24348
21434
16866
11434
5982
1286
-2054
-3704
-3625
-2079
420
3196
5516
6716
6301
4039
0
-5438
-11639
-17792
-23018
-26505
-27617
-25999
-21629
-14837
-6269
3191
12534
20749
26961
30535
31162
28888
24110
17506
9947
2371
-4339
-9483
-12618
-13621
-12685
-10278
-7066
-3797
-1190
186
0
-1794
-4941
-8921
-13031
-16487
-18546
-18622
-16383
-11810
-5220
2770
11316
19454
26220
30791
32586
31348
27185
20550
12191
3047
-5873
-13621
-19430
-22809
-23597
-21976
-18428
-13655
-8475
-3697
0
2159
2613
1491
-791
-3620
-6269
-8025
-8303
-6741
-3269
1870
8143
14793
20946
25723
28376
28387
25559
20042
12328
3196
-6391
-15405
-22883
-28052
-30430
-29875
-26603
-21151
-14295
-6941
0
5741
9714
11646
11584
9873
7091
3958
1211
-505
-751
646
3561
7575
12049
16206
19258
20518
19514
16068
10333
2792
-5804
-14524
-22379
-28446
-32001
-32607
-30178
-24990
-17642
-8985
0
8329
15135
19787
21957
21659
19227
15259
10518
5817
1895
-688
-1636
-952
1068
3888
6812
9101
10095
9316
6552
1905
-4214
-11133
-18005
-23921
-28038
-29701
-28534
-24507
-17940
-9476
0
9476
17940
24507
28534
29701
28038
23921
18005
11133
4214
-1905
-6552
-9316
-10095
-9101
-6812
-3888
-1068
952
1636
688
-1895
-5817
-10518
-15259
-19227
-21659
-21957
-19787
-15135
-8329
0
8985
17642
24990
30178
32607
32001
28446
22379
14524
5804
-2792
-10333
-16068
-19514
-20518
-19258
-16206
-12049
-7575
-3561
-646
751
505
-1211
-3958
-7091
-9873
-11584
-11646
-9714
-5741
0
6941
14295
21151
26603
29875
30430
28052
22883
15405
6391
-3196
-12328
-20042
-25559
-28387
-28376
-25723
-20946
-14793
-8143
-1870
3269
6741
8303
8025
6269
3620
791
-1491
-2613
-2159
0
3697
8475
13655
18428
21976
23597
22809
19430
13621
5873
-3047
-12191
-20550
-27185
-31348
-32586
-30791
-26220
-19454
-11316
-2770
5220
11810
16383
18622
18546
16487
13031
8921
4941
1794
0
-186
1190
3797
7066
10278
12685
13621
12618
9483
4339
-2371
-9947
-17506
-24110
-28888
-31162
-30535
-26961
-20749
-12534
-3191
6269
14837
21629
25999
27617
26505
23018
17792
11639
5438
0
-4039
-6301
-6716
-5516
-3196
-420
2079
3625
3704
2054
-1286
-5982
-11434
-16866
-21434
-24348
-24999
-23040
-18458
-11584
-3061
6234
15299
23136
28881
31913
31939
29024
23586
16326
8141
0
-7192
-12702
-16068
-17145
-16118
-13453
-9823
-5996
-2715
-584
21
-983
-3385
-6705
-10272
-13326
-15141
-15135
-12975
-8631
-2401
5120
13116
20643
26768
30690
31850
30012
25300
18189
9437
0
-9101
-16907
-22642
-25810
-26253
-24161
-20028
-14580
-8664
-3123
1325
4186
5249
4614
2664
0
-2664
-4614
-5249
-4186
-1325
3123
8664
14580
20028
24161
26253
25810
22642
16907
9101
0
-9437
-18189
-25300
-30012
-31850
-30690
-26768
-20643
-13116
-5120
2401
8631
12975
15135
15141
13326
10272
6705
3385
983
-21
584
2715
5996
9823
13453
16118
17145
16068
12702
7192
0
-8141
-16326
-23586
-29024
-31939
-31913
-28881
-23136
-15299
-6234
3061
11584
18458
23040
24999
24348
21434
16866
11434
5982
1286
-2054
-3704
-3625
-2079
420
3196
5516
6716
6301
4039
0
-5438
-11639
-17792
-23018
-26505
-27617
-25999
-21629
-14837
-6269
3191
12534
20749
26961
30535
31162
28888
24110
17506
9947
2371
-4339
-9483
-12618
-13621
-12685
-10278
-7066
-3797
-1190
186
0
-1794
-4941
-8921
-13031
-16487
-18546
-18622
-16383
-11810
-5220
2770
11316
19454
26220
30791
32586
31348
27185
20550
12191
3047
-5873
-13621
-19430
-22809
-23597
-21976
-18428
-13655
-8475
-3697
0
2159
2613
1491
-791
-3620
-6269
-8025
-8303
-6741
-3269
1870
8143
14793
20946
25723
28376
28387
25559
20042
12328
3196
-6391
-15405
-22883
-28052
-30430
-29875
-26603
-21151
-14295
-6941
0
5741
9714
11646
11584
9873
7091
3958
1211
-505
-751
646
3561
7575
12049
16206
19258
20518
19514
16068
10333
2792
-5804
-14524
-22379
-28446
-32001
-32607
-30178
-24990
-17642
-8985
0
8329
15135
19787
21957
21659
19227
15259
10518
5817
1895
-688
-1636
-952
1068
3888
6812
9101
10095
9316
6552
1905
-4214
-11133
-18005
-23921
-28038
-29701
-28534
-24507
-17940
-9476
0
9476
17940
24507
28534
29701
28038
23921
18005
11133
4214
-1905
-6552
-9316
-10095
-9101
-6812
-3888
-1068
952
1636
688
-1895
-5817
-10518
-15259
-19227
-21659
-21957
-19787
-15135
-8329
0
8985
17642
24990
30178
32607
32001
28446
22379
14524
5804
-2792
-10333
-16068
-19514
-20518
-19258
-16206
-12049
-7575
-3561
-646
751
505
-1211
-3958
-7091
-9873
-11584
-11646
-9714
-5741
0
6941
14295
21151
26603
29875
30430
28052
22883
15405
6391
-3196
-12328
-20042
-25559
-28387
-28376
-25723
-20946
-14793
-8143
-1870
3269
6741
8303
8025
6269
3620
791
-1491
-2613
-2159
0
3697
8475
13655
18428
21976
23597
22809
19430
13621
5873
-3047
-12191
-20550
-27185
-31348
-32586
-30791
-26220
-19454
-11316
-2770
5220
11810
16383
18622
18546
16487
13031
8921
4941
1794
0
-186
1190
3797
7066
10278
12685
13621
12618
9483
4339
-2371
-9947
-17506
-24110
-28888
-31162
-30535
-26961
-20749
-12534
-3191
6269
14837
21629
25999
27617
26505
23018
17792
11639
5438
0
-4039
-6301
-6716
-5516
-3196
-420
2079
3625
3704
2054
-1286
-5982
-11434
-16866
-21434
-24348
-24999
-23040
-18458
-11584
-3061
6234
15299
23136
28881
31913
31939
29024
23586
16326
8141
0
-7192
-12702
-16068
-17145
-16118
-13453
-9823
-5996
-2715
-584
21
-983
-3385
-6705
-10272
-13326
-15141
-15135
-12975
-8631
-2401
5120
13116
20643
26768
30690
31850
30012
25300
18189
9437
0
-9101
-16907
-22642
-25810
-26253
-24161
-20028
-14580
-8664
-3123
1325
4186
5249
4614
2664
0
-2664
-4614
-5249
-4186
-1325
3123
8664
14580
20028
24161
26253
25810
22642
16907
9101
0
-9437
-18189
-25300
-30012
-31850
-30690
-26768
-20643
-13116
-5120
2401
8631
12975
15135
15141
13326
10272
6705
3385
983
-21
584
2715
5996
9823
13453
16118
17145
16068
12702
7192
0
-8141
-16326
-23586
-29024
-31939
-31913
-28881
-23136
-15299
-6234
3061
11584
18458
23040
24999
24348
21434
16866
11434
5982
1286
-2054
-3704
-3625
-2079
420
3196
5516
6716
6301
4039
0
-5438
-11639
-17792
-23018
-26505
-27617
-25999
-21629
-14837
-6269
3191
12534
20749
26961
30535
31162
28888
24110
17506
9947
2371
-4339
-9483
-12618
-13621
-12685
-10278
-7066
-3797
-1190
186
0
-1794
-4941
-8921
-13031
-16487
-18546
-18622
-16383
-11810
-5220
2770
11316
19454
26220
30791
32586
31348
27185
20550
12191
3047
-5873
-13621
-19430
-22809
-23597
-21976
-18428
-13655
-8475
-3697
0
2159
2613
1491
-791
-3620
-6269
-8025
-8303
-6741
-3269
1870
8143
14793
20946
25723
28376
28387
25559
20042
12328
3196
-6391
-15405
-22883
-28052
-30430
-29875
-26603
-21151
-14295
-6941
0
5741
9714
11646
11584
9873
7091
3958
1211
-505
-751
646
3561
7575
12049
16206
19258
20518
19514
16068
10333
2792
-5804
-14524
-22379
-28446
-32001
-32607
-30178
-24990
-17642
-8985
0
8329
15135
19787
21957
21659
19227
15259
10518
5817
1895
-688
-1636
-952
1068
3888
6812
9101
10095
9316
6552
1905
-4214
-11133
-18005
-23921
-28038
-29701
-28534
-24507
-17940
-9476
0
9476
17940
24507
28534
29701
28038
23921
18005
11133
4214
-1905
-6552
-9316
-10095
-9101
-6812
-3888
-1068
952
1636
688
-1895
-5817
-10518
-15259
-19227
-21659
-21957
-19787
-15135
-8329
0
8985
17642
24990
30178
32607
32001
28446
22379
14524
5804
-2792
-10333
-16068
-19514
-20518
-19258
-16206
-12049
-7575
-3561
-646
751
505
-1211
-3958
-7091
-9873
-11584
-11646
-9714
-5741
0
6941
14295
21151
26603
29875
30430
28052
22883
15405
6391
-3196
-12328
-20042
-25559
-28387
-28376
-25723
-20946
-14793
-8143
-1870
3269
6741
8303
8025
6269
3620
791
-1491
-2613
-2159
0
3697
8475
13655
18428
21976
23597
22809
19430
13621
5873
-3047
-12191
-20550
-27185
-31348
-32586
-30791
-26220
-19454
-11316
-2770
5220
11810
16383
18622
18546
16487
13031
8921
4941
1794
0
-186
1190
3797
7066
10278
12685
13621
12618
9483
4339
-2371
-9947
-17506
-24110
-28888
-31162
-30535
-26961
-20749
-12534
-3191
6269
14837
21629
25999
27617
26505
23018
17792
11639
5438
0
-4039
-6301
-6716
-5516
-3196
-420
2079
3625
3704
2054
-1286
-5982
-11434
-16866
-21434
-24348
-24999
-23040
-18458
-11584
-3061
6234
15299
23136
28881
31913
31939
29024
23586
16326
8141
0
-7192
-12702
-16068
-17145
-16118
-13453
-9823
-5996
-2715
-584
21
-983
-3385
-6705
-10272
-13326
-15141
-15135
-12975
-8631
-2401
5120
13116
20643
26768
30690
31850
30012
25300
18189
9437
0
-9101
-16907
-22642
-25810
-26253
-24161
-20028
-14580
-8664
-3123
1325
4186
5249
4614
2664
0
-2664
-4614
-5249
-4186
-1325
3123
8664
14580
20028
24161
26253
25810
22642
16907
9101
0
-9437
-18189
-25300
-30012
-31850
-30690
-26768
-20643
-13116
-5120
2401
8631
12975
15135
15141
13326
10272
6705
3385
983
-21
584
2715
5996
9823
13453
16118
17145
16068
12702
7192
0
-8141
-16326
-23586
-29024
-31939
-31913
-28881
-23136
-15299
-6234
3061
11584
18458
23040
24999
24348
21434
16866
11434
5982
1286
-2054
-3704
-3625
-2079
420
3196
5516
6716
6301
4039
0
-5438
-11639
-17792
-23018
-26505
-27617
-25999
-21629
-14837
-6269
3191
12534
20749
26961
30535
31162
28888
24110
17506
9947
2371
-4339
-9483
-12618
-13621
-12685
-10278
-7066
-3797
-1190
186
0
-1794
-4941
-8921
-13031
-16487
-18546
-18622
-16383
-11810
-5220
2770
11316
19454
26220
30791
32586
31348
27185
20550
12191
3047
-5873
-13621
-19430
-22809
-23597
-21976
-18428
-13655
-8475
-3697
0
2159
2613
1491
-791
-3620
-6269
-8025
-8303
-6741
-3269
1870
8143
14793
20946
25723
28376
28387
25559
20042
12328
3196
-6391
-15405
-22883
-28052
-30430
-29875
-26603
-21151
-14295
-6941
0
5741
9714
11646
11584
9873
7091
3958
1211
-505
-751
646
3561
7575
12049
16206
19258
20518
19514
16068
10333
2792
-5804
-14524
-22379
-28446
-32001
-32607
-30178
-24990
-17642
-8985
0
8329
15135
19787
21957
21659
19227
15259
10518
5817
1895
-688
-1636
-952
1068
3888
6812
9101
10095
9316
6552
1905
-4214
-11133
-18005
-23921
-28038
-29701
-28534
-24507
-17940
-9476
