17269
10860
2323
-6503
-13675
-17624
-17552
-13646
-7044
438
6748
10116
9502
4874
-2766
-11612
-19489
-24393
-24992
-20975
-13146
-3247
6453
13713
16874
15271
9419
894
-8039
-14981
-17991
-16075
-9452
484
11483
20977
26708
27284
22529
13547
2464
-8071
-15531
-18124
-15240
-7608
2863
13539
21694
25174
22923
15258
3804
-8879
-19903
-26744
-27847
-23008
-13430
-1444
10040
18230
21115
17953
9452
-2389
-14751
-24660
-29696
-28562
-21402
-9768
3740
16081
24488
27110
23450
14470
2370
-9933
-19489
-23995
-22337
-14836
-3174
10002
21698
29260
30980
26482
16796
4110
-8737
-18907
-24204
-23562
-17269
-6882
5141
16010
23227
25144
21317
12579
836
-11371
-21439
-27272
-27724
-22829
-13764
-2566
8328
16611
20598
19566
13876
4870
-5444
-14830
-21300
-23513
-21037
-14409
-4991
5321
14505
20812
23111
21086
15278
6950
-2178
-10279
-15767
-17601
-15467
-9822
-1797
7032
14943
20394
22308
20275
14624
6366
-2997
-11743
-18255
-21326
-20385
-15618
-7946
1143
9863
16470
19603
18552
13416
5102
-4831
-14468
-21899
-25605
-24765
-19436
-10561
202
10793
19159
23661
23411
18457
9790
-852
-11321
-19489
-23676
-22989
-17506
-8259
2970
14002
22701
27390
27185
22159
13316
2383
-8538
-17386
-22537
-23111
-19117
-11435
-1619
8414
16757
21866
22839
19557
12675
3479
-6373
-15156
-21389
-24077
-22861
-18059
-10579
-1745
6935
14023
18380
19340
16806
11247
3621
-4785
-12557
-18379
-21238
-20593
-16466
-9452
-634
8577
16669
22278
24419
22671
17266
9070
-547
-9934
-17446
-21735
-21998
-18136
-10784
-1216
8878
17691
23626
25585
23172
16768
7458
-3158
-13264
-21146
-25502
-25659
-21680
-14337
-4956
4831
13373
19282
21658
20214
15302
7819
-962
-9610
-16770
-21364
-22742
-20752
-15744
-8489
-60
8328
15489
20425
22454
21302
17139
10562
2517
-5819
-13200
-18490
-20833
-19793
-15444
-8376
370
9452
17427
22985
25167
23534
18256
10098
306
-9595
-18051
-23738
-25781
-23899
-18445
-10342
-916
8328
15950
20809
22233
20100
14836
7317
-1280
-9676
-16676
-21335
-23071
-21720
-17531
-11107
-3316
4831
12303
18167
21692
22436
20294
15522
8715
749
-7315
-14367
-19391
-21614
-20635
-16499
-9718
-1216
7793
15984
22118
25243
24846
20941
14071
5225
-4317
-13185
-20136
-24233
-24981
-22385
-16923
-9452
-1064
7079
13917
18615
20664
19908
16541
11055
4160
-3299
-10441
-16433
-20571
-22346
-21500
-18059
-12350
-4978
3219
11256
18121
22898
24907
23810
19683
13021
4692
-4186
-12397
-18810
-22546
-23111
-20461
-15010
-7549
873
9116
16108
20992
23227
22631
19380
13947
7025
-575
-8021
-14540
-19489
-22393
-22979
-21192
-17198
-11380
-4318
3252
10500
16581
20738
22403
21287
17441
11278
3530
-4831
-12726
-19119
-23164
-24330
-22475
-17858
-11093
-3053
5263
12871
18928
22826
24245
23158
19803
14624
8203
1193
-5740
-11965
-16925
-20162
-21356
-20348
-17173
-12078
-5526
1827
9185
15695
20553
23111
22980
20099
14756
7561
-632
-8844
-16108
-21593
-24718
-25209
-23119
-18786
-12774
-5772
1491
8328
14156
18525
21131
21815
20554
17456
12759
6829
157
-6661
-12962
-18074
-21393
-22467
-21073
-17269
-11407
-4108
3815
11459
17953
22575
24845
24580
21894
17166
10967
3970
-3141
-9741
-15316
-19489
-22014
-22770
-21741
-19008
-14749
-9242
-2876
3856
10372
16048
20279
22562
22571
20219
15695
9452
2160
-5382
-12349
-18005
-21791
-23390
-22743
-20034
-15633
-10027
-3752
2675
8791
14203
18591
21694
23307
23278
21529
18082
13090
6866
-124
-7279
-13920
-19371
-23050
-24552
-23716
-20646
-15704
-9452
-2566
4252
10371
15295
18702
20448
20539
19094
16300
12377
7562
2112
-3683
-9486
-14901
-19489
-22805
-24451
-24142
-21768
-17438
-11484
-4439
3027
10196
16398
21097
23949
24833
23833
21195
17269
12441
7082
1521
-3964
-9127
-13732
-17535
-20273
-21685
-21548
-19726
-16225
-11226
-5098
1631
8328
14339
19077
22108
23198
22340
19731
15719
10741
5241
-379
-5798
-10778
-15145
-18756
-21466
-23111
-23512
-22505
-19986
-15959
-10586
-4196
2727
9595
15790
20750
24052
25465
24976
22770
19180
14624
9523
4248
-917
-5776
-10197
-14077
-17297
-19700
-21088
-21249
-20007
-17276
-13115
-7755
-1596
4831
10938
16157
20031
22272
22793
21697
19237
15748
11578
7027
2319
-2403
-7049
-11537
-15747
-19489
-22499
-24467
-25085
-24121
-21478
-17245
-11701
-5294
1425
7882
13568
18106
21295
23105
23647
23111
21701
19579
16838
13498
9548
4992
-89
-5505
-10937
-15966
-20131
-23004
-24269
-23789
-21632
-18059
-13479
-8369
-3188
1692
6031
9732
12810
15333
17361
18889
19825
19992
19174
17181
13920
9452
4016
-1983
-8031
-13586
-18168
-21437
-23239
-23614
-22759
-20961
-18517
-15660
-12521
-9114
-5374
-1216
3394
8381
13521
18461
22755
25952
27680
27728
26088
22961
18716
13812
8707
3772
-764
-4831
-8490
-11867
-15078
-18157
-21005
-23396
-25007
-25498
-24600
-22191
-18354
-13373
-7699
-1865
3613
8328
12050
14744
16547
17693
18431
18934
19241
19243
18710
17367
14982
11457
6883
1553
-4073
-9452
-14062
-17506
-19582
-20313
-19919
-18745
-17163
-15467
-13805
-12147
-10313
-8037
-5073
-1287
3267
8328
13456
18116
21785
24065
24768
23951
21896
19028
15815
12647
9751
7146
4666
2023
-1077
-4831
-9250
-14115
-19011
-23395
-26721
-28561
-28704
-27204
-24367
-20675
-16664
-12802
-9378
-6445
-3833
-1216
1772
5409
9781
14721
19828
24540
28256
30482
30944
29657
26921
23245
19226
15398
12111
9452
7239
5094
2565
-728
-4965
-10045
-15584
-20986
-25578
-28767
-30179
-29755
-27760
-24720
-21282
-18059
-15470
-13644
-12393
-11282
-9753
-7294
-3603
1312
7104
13150
18690
23005
25590
26278
25276
23111
20490
18120
16519
15885
16045
16506
16589
15621
13129
8982
3453
-2828
-9013
-14239
-17836
-19489
-19316
-17833
-15814
-14091
-13329
-13846
-15527
-17844
-19995
-21112
-20496
-17815
-13207
-7266
-912
4831
9088
11343
11577
10263
8243
6510
5936
7044
9852
13860
18163
21681
23433
22803
19704
14624
8515
2563
-2101
-4690
-4961
-3277
-517
2150
3571
2915
-95
-5096
-11155
-16996
-21313
-23111
-21957
-18111
-12473
-6364
-1202
1858
2218
0
-3978
-8403
-11804
-12923
-11061
-6263
661
8328
15110
19547
20709
18446
13439
7038
933
-3268
-4451
-2288
2670
9109
15281
19436
20270
-17269
-10860
-2323
6503
13675
17624
17552
13646
7044
-438
-6748
-10116
-9502
-4874
2766
11612
19489
24393
24992
20975
13146
3247
-6453
-13713
-16874
-15271
-9419
-894
8039
14981
17991
16075
9452
-484
-11483
-20977
-26708
-27284
-22529
-13547
-2464
8071
15531
18124
15240
7608
-2863
-13539
-21694
-25174
-22923
-15258
-3804
8879
19903
26744
27847
23008
13430
1444
-10040
-18230
-21115
-17953
-9452
2389
14751
24660
29696
28562
21402
9768
-3740
-16081
-24488
-27110
-23450
-14470
-2370
9933
19489
23995
22337
14836
3174
-10002
-21698
-29260
-30980
-26482
-16796
-4110
8737
18907
24204
23562
17269
6882
-5141
-16010
-23227
-25144
-21317
-12579
-836
11371
21439
27272
27724
22829
13764
2566
-8328
-16611
-20598
-19566
-13876
-4870
5444
14830
21300
23513
21037
14409
4991
-5321
-14505
-20812
-23111
-21086
-15278
-6950
2178
10279
15767
17601
15467
9822
1797
-7032
-14943
-20394
-22308
-20275
-14624
-6366
2997
11743
18255
21326
20385
15618
7946
-1143
-9863
-16470
-19603
-18552
-13416
-5102
4831
14468
21899
25605
24765
19436
10561
-202
-10793
-19159
-23661
-23411
-18457
-9790
852
11321
19489
23676
22989
17506
8259
-2970
-14002
-22701
-27390
-27185
-22159
-13316
-2383
8538
17386
22537
23111
19117
11435
1619
-8414
-16757
-21866
-22839
-19557
-12675
-3479
6373
15156
21389
24077
22861
18059
10579
1745
-6935
-14023
-18380
-19340
-16806
-11247
-3621
4785
12557
18379
21238
20593
16466
9452
634
-8577
-16669
-22278
-24419
-22671
-17266
-9070
547
9934
17446
21735
21998
18136
10784
1216
-8878
-17691
-23626
-25585
-23172
-16768
-7458
3158
13264
21146
25502
25659
21680
14337
4956
-4831
-13373
-19282
-21658
-20214
-15302
-7819
962
9610
16770
21364
22742
20752
15744
8489
60
-8328
-15489
-20425
-22454
-21302
-17139
-10562
-2517
5819
13200
18490
20833
19793
15444
8376
-370
-9452
-17427
-22985
-25167
-23534
-18256
-10098
-306
9595
18051
23738
25781
23899
18445
10342
916
-8328
-15950
-20809
-22233
-20100
-14836
-7317
1280
9676
16676
21335
23071
21720
17531
11107
3316
-4831
-12303
-18167
-21692
-22436
-20294
-15522
-8715
-749
7315
14367
19391
21614
20635
16499
9718
1216
-7793
-15984
-22118
-25243
-24846
-20941
-14071
-5225
4317
13185
20136
24233
24981
22385
16923
9452
1064
-7079
-13917
-18615
-20664
-19908
-16541
-11055
-4160
3299
10441
16433
20571
22346
21500
18059
12350
4978
-3219
-11256
-18121
-22898
-24907
-23810
-19683
-13021
-4692
4186
12397
18810
22546
23111
20461
15010
7549
-873
-9116
-16108
-20992
-23227
-22631
-19380
-13947
-7025
575
8021
14540
19489
22393
22979
21192
17198
11380
4318
-3252
-10500
-16581
-20738
-22403
-21287
-17441
-11278
-3530
4831
12726
19119
23164
24330
22475
17858
11093
3053
-5263
-12871
-18928
-22826
-24245
-23158
-19803
-14624
-8203
-1193
5740
11965
16925
20162
21356
20348
17173
12078
5526
-1827
-9185
-15695
-20553
-23111
-22980
-20099
-14756
-7561
632
8844
16108
21593
24718
25209
23119
18786
12774
5772
-1491
-8328
-14156
-18525
-21131
-21815
-20554
-17456
-12759
-6829
-157
6661
12962
18074
21393
22467
21073
17269
11407
4108
-3815
-11459
-17953
-22575
-24845
-24580
-21894
-17166
-10967
-3970
3141
9741
15316
19489
22014
22770
21741
19008
14749
9242
2876
-3856
-10372
-16048
-20279
-22562
-22571
-20219
-15695
-9452
-2160
5382
12349
18005
21791
23390
22743
20034
15633
10027
3752
-2675
-8791
-14203
-18591
-21694
-23307
-23278
-21529
-18082
-13090
-6866
124
7279
13920
19371
23050
24552
23716
20646
15704
9452
2566
-4252
-10371
-15295
-18702
-20448
-20539
-19094
-16300
-12377
-7562
-2112
3683
9486
14901
19489
22805
24451
24142
21768
17438
11484
4439
-3027
-10196
-16398
-21097
-23949
-24833
-23833
-21195
-17269
-12441
-7082
-1521
3964
9127
13732
17535
20273
21685
21548
19726
16225
11226
5098
-1631
-8328
-14339
-19077
-22108
-23198
-22340
-19731
-15719
-10741
-5241
379
5798
10778
15145
18756
21466
23111
23512
22505
19986
15959
10586
4196
-2727
-9595
-15790
-20750
-24052
-25465
-24976
-22770
-19180
-14624
-9523
-4248
917
5776
10197
14077
17297
19700
21088
21249
20007
17276
13115
7755
1596
-4831
-10938
-16157
-20031
-22272
-22793
-21697
-19237
-15748
-11578
-7027
-2319
2403
7049
11537
15747
19489
22499
24467
25085
24121
21478
17245
11701
5294
-1425
-7882
-13568
-18106
-21295
-23105
-23647
-23111
-21701
-19579
-16838
-13498
-9548
-4992
89
5505
10937
15966
20131
23004
24269
23789
21632
18059
13479
8369
3188
-1692
-6031
-9732
-12810
-15333
-17361
-18889
-19825
-19992
-19174
-17181
-13920
-9452
-4016
1983
8031
13586
18168
21437
23239
23614
22759
20961
18517
15660
12521
9114
5374
1216
-3394
-8381
-13521
-18461
-22755
-25952
-27680
-27728
-26088
-22961
-18716
-13812
-8707
-3772
764
4831
8490
11867
15078
18157
21005
23396
25007
25498
24600
22191
18354
13373
7699
1865
-3613
-8328
-12050
-14744
-16547
-17693
-18431
-18934
-19241
-19243
-18710
-17367
-14982
-11457
-6883
-1553
4073
9452
14062
17506
19582
20313
19919
18745
17163
15467
13805
12147
10313
8037
5073
1287
-3267
-8328
-13456
-18116
-21785
-24065
-24768
-23951
-21896
-19028
-15815
-12647
-9751
-7146
-4666
-2023
1077
4831
9250
14115
19011
23395
26721
28561
28704
27204
24367
20675
16664
12802
9378
6445
3833
1216
-1772
-5409
-9781
-14721
-19828
-24540
-28256
-30482
-30944
-29657
-26921
-23245
-19226
-15398
-12111
-9452
-7239
-5094
-2565
728
4965
10045
15584
20986
25578
28767
30179
29755
27760
24720
21282
18059
15470
13644
12393
11282
9753
7294
3603
-1312
-7104
-13150
-18690
-23005
-25590
-26278
-25276
-23111
-20490
-18120
-16519
-15885
-16045
-16506
-16589
-15621
-13129
-8982
-3453
2828
9013
14239
17836
19489
19316
17833
15814
14091
13329
13846
15527
17844
19995
21112
20496
17815
13207
7266
912
-4831
-9088
-11343
-11577
-10263
-8243
-6510
-5936
-7044
-9852
-13860
-18163
-21681
-23433
-22803
-19704
-14624
-8515
-2563
2101
4690
4961
3277
517
-2150
-3571
-2915
95
5096
11155
16996
21313
23111
21957
18111
12473
6364
1202
-1858
-2218
0
3978
8403
11804
12923
11061
6263
-661
-8328
-15110
-19547
-20709
-18446
-13439
-7038
-933
3268
4451
2288
-2670
-9109
-15281
-19436
-20270
-17269
-10860
-2323
6503
13675
17624
17552
13646
7044
-438
-6748
-10116
-9502
-4874
2766
11612
19489
24393
24992
20975
13146
3247
-6453
-13713
-16874
-15271
-9419
-894
8039
14981
17991
16075
9452
-484
-11483
-20977
-26708
-27284
-22529
-13547
-2464
8071
15531
18124
15240
7608
-2863
-13539
-21694
-25174
-22923
-15258
-3804
8879
19903
26744
27847
23008
13430
1444
-10040
-18230
-21115
-17953
-9452
2389
14751
24660
29696
28562
21402
9768
-3740
-16081
-24488
-27110
-23450
-14470
-2370
9933
19489
23995
22337
14836
3174
-10002
-21698
-29260
-30980
-26482
-16796
-4110
8737
18907
24204
23562
17269
6882
-5141
-16010
-23227
-25144
-21317
-12579
-836
11371
21439
27272
27724
22829
13764
2566
-8328
-16611
-20598
-19566
-13876
-4870
5444
14830
21300
23513
21037
14409
4991
-5321
-14505
-20812
-23111
-21086
-15278
-6950
2178
10279
15767
17601
15467
9822
1797
-7032
-14943
-20394
-22308
-20275
-14624
-6366
2997
11743
18255
21326
20385
15618
7946
-1143
-9863
-16470
-19603
-18552
-13416
-5102
4831
14468
21899
25605
24765
19436
10561
-202
-10793
-19159
-23661
-23411
-18457
-9790
852
11321
19489
23676
22989
17506
8259
-2970
-14002
-22701
-27390
-27185
-22159
-13316
-2383
8538
17386
22537
23111
19117
11435
1619
-8414
-16757
-21866
-22839
-19557
-12675
-3479
6373
15156
21389
24077
22861
18059
10579
1745
-6935
-14023
-18380
-19340
-16806
-11247
-3621
4785
12557
18379
21238
20593
16466
9452
634
-8577
-16669
-22278
-24419
-22671
-17266
-9070
547
9934
17446
21735
21998
18136
10784
1216
-8878
-17691
-23626
-25585
-23172
-16768
-7458
3158
13264
21146
25502
25659
21680
14337
4956
-4831
-13373
-19282
-21658
-20214
-15302
-7819
962
9610
16770
21364
22742
20752
15744
8489
60
-8328
-15489
-20425
-22454
-21302
-17139
-10562
-2517
5819
13200
18490
20833
19793
15444
8376
-370
-9452
-17427
-22985
-25167
-23534
-18256
-10098
-306
9595
18051
23738
25781
23899
18445
10342
916
-8328
-15950
-20809
-22233
-20100
-14836
-7317
1280
9676
16676
21335
23071
21720
17531
11107
3316
-4831
-12303
-18167
-21692
-22436
-20294
-15522
-8715
-749
7315
14367
19391
21614
20635
16499
9718
1216
-7793
-15984
-22118
-25243
-24846
-20941
-14071
-5225
4317
13185
20136
24233
24981
22385
16923
9452
1064
-7079
-13917
-18615
-20664
-19908
-16541
-11055
-4160
3299
10441
16433
20571
22346
21500
18059
12350
4978
-3219
-11256
-18121
-22898
-24907
-23810
-19683
-13021
-4692
4186
12397
18810
22546
23111
20461
15010
7549
-873
-9116
-16108
-20992
-23227
-22631
-19380
-13947
-7025
575
8021
14540
19489
22393
22979
21192
17198
11380
4318
-3252
-10500
-16581
-20738
-22403
-21287
-17441
-11278
-3530
4831
12726
19119
23164
24330
22475
17858
11093
3053
-5263
-12871
-18928
-22826
-24245
-23158
-19803
-14624
-8203
-1193
5740
11965
16925
20162
21356
20348
17173
12078
5526
-1827
-9185
-15695
-20553
-23111
-22980
-20099
-14756
-7561
632
8844
16108
21593
24718
25209
23119
18786
12774
5772
-1491
-8328
-14156
-18525
-21131
-21815
-20554
-17456
-12759
-6829
-157
6661
12962
18074
21393
22467
21073
17269
11407
4108
-3815
-11459
-17953
-22575
-24845
-24580
-21894
-17166
-10967
-3970
3141
9741
15316
19489
22014
22770
21741
19008
14749
9242
2876
-3856
-10372
-16048
-20279
-22562
-22571
-20219
-15695
-9452
-2160
5382
12349
18005
21791
23390
22743
20034
15633
10027
3752
-2675
-8791
-14203
-18591
-21694
-23307
-23278
-21529
-18082
-13090
-6866
124
7279
13920
19371
23050
24552
23716
20646
15704
9452
2566
-4252
-10371
-15295
-18702
-20448
-20539
-19094
-16300
-12377
-7562
-2112
3683
9486
14901
19489
22805
24451
24142
21768
17438
11484
4439
-3027
-10196
-16398
-21097
-23949
-24833
-23833
-21195
-17269
-12441
-7082
-1521
3964
9127
13732
17535
20273
21685
21548
19726
16225
11226
5098
-1631
-8328
-14339
-19077
-22108
-23198
-22340
-19731
-15719
-10741
-5241
379
5798
10778
15145
18756
21466
23111
23512
22505
19986
15959
10586
4196
-2727
-9595
-15790
-20750
-24052
-25465
-24976
-22770
-19180
-14624
-9523
-4248
917
5776
10197
14077
17297
19700
21088
21249
20007
17276
13115
7755
1596
-4831
-10938
-16157
-20031
-22272
-22793
-21697
-19237
-15748
-11578
-7027
-2319
2403
7049
11537
15747
19489
22499
24467
25085
24121
21478
17245
11701
5294
-1425
-7882
-13568
-18106
-21295
-23105
-23647
-23111
-21701
-19579
-16838
-13498
-9548
-4992
89
5505
10937
15966
20131
23004
24269
23789
21632
18059
13479
8369
3188
-1692
-6031
-9732
-12810
-15333
-17361
-18889
-19825
-19992
-19174
-17181
-13920
-9452
-4016
1983
8031
13586
18168
21437
23239
23614
22759
20961
18517
15660
12521
9114
5374
1216
-3394
-8381
-13521
-18461
-22755
-25952
-27680
-27728
-26088
-22961
-18716
-13812
-8707
-3772
764
4831
8490
11867
15078
18157
21005
23396
25007
25498
24600
22191
18354
13373
7699
1865
-3613
-8328
-12050
-14744
-16547
-17693
-18431
-18934
-19241
-19243
-18710
-17367
-14982
-11457
-6883
-1553
4073
9452
14062
17506
19582
20313
19919
18745
17163
15467
13805
12147
10313
8037
5073
1287
-3267
-8328
-13456
-18116
-21785
-24065
-24768
-23951
-21896
-19028
-15815
-12647
-9751
-7146
-4666
-2023
1077
4831
9250
14115
19011
23395
26721
28561
28704
27204
24367
20675
16664
12802
9378
6445
3833
1216
-1772
-5409
-9781
-14721
-19828
-24540
-28256
-30482
-30944
-29657
-26921
-23245
-19226
-15398
-12111
-9452
-7239
-5094
-2565
728
4965
10045
15584
20986
25578
28767
30179
29755
27760
24720
21282
18059
15470
13644
12393
11282
9753
7294
3603
-1312
-7104
-13150
-18690
-23005
-25590
-26278
-25276
-23111
-20490
-18120
-16519
-15885
-16045
-16506
-16589
-15621
-13129
-8982
-3453
2828
9013
14239
17836
19489
19316
17833
15814
14091
13329
13846
15527
17844
19995
21112
20496
17815
13207
7266
912
-4831
-9088
-11343
-11577
-10263
-8243
-6510
-5936
-7044
-9852
-13860
-18163
-21681
-23433
-22803
-19704
-14624
-8515
-2563
2101
4690
4961
3277
517
-2150
-3571
-2915
95
5096
11155
16996
21313
23111
21957
18111
12473
6364
1202
-1858
-2218
0
3978
8403
11804
12923
11061
6263
-661
-8328
-15110
-19547
-20709
-18446
-13439
-7038
-933
3268
4451
2288
-2670
-9109
-15281
-19436
-20270
-17269
-10860
-2323
6503
13675
17624
17552
13646
7044
-438
-6748
-10116
-9502
-4874
2766
11612
19489
24393
24992
20975
13146
3247
-6453
-13713
-16874
-15271
-9419
-894
8039
14981
17991
16075
9452
-484
-11483
-20977
-26708
-27284
-22529
-13547
-2464
8071
15531
18124
15240
7608
-2863
-13539
-21694
-25174
-22923
-15258
-3804
8879
19903
26744
27847
23008
13430
1444
-10040
-18230
-21115
-17953
-9452
2389
14751
24660
29696
28562
21402
9768
-3740
-16081
-24488
-27110
-23450
-14470
-2370
9933
19489
23995
22337
14836
3174
-10002
-21698
-29260
-30980
-26482
-16796
-4110
8737
18907
24204
23562
17269
6882
-5141
-16010
-23227
-25144
-21317
-12579
-836
11371
21439
27272
27724
22829
13764
2566
-8328
-16611
-20598
-19566
-13876
-4870
5444
14830
21300
23513
21037
14409
4991
-5321
-14505
-20812
-23111
-21086
-15278
-6950
2178
10279
15767
17601
15467
9822
1797
-7032
-14943
-20394
-22308
-20275
-14624
-6366
2997
11743
18255
21326
20385
15618
7946
-1143
-9863
-16470
-19603
-18552
-13416
-5102
4831
14468
21899
25605
24765
19436
10561
-202
-10793
-19159
-23661
-23411
-18457
-9790
852
11321
19489
23676
22989
17506
8259
-2970
-14002
-22701
-27390
-27185
-22159
-13316
-2383
8538
17386
22537
23111
19117
11435
1619
-8414
-16757
-21866
-22839
-19557
-12675
-3479
6373
15156
21389
24077
22861
18059
10579
1745
-6935
-14023
-18380
-19340
-16806
-11247
-3621
4785
12557
18379
21238
20593
16466
9452
634
-8577
-16669
-22278
-24419
-22671
-17266
-9070
547
9934
17446
21735
21998
18136
10784
1216
-8878
-17691
-23626
-25585
-23172
-16768
-7458
3158
13264
21146
25502
25659
21680
14337
4956
-4831
-13373
-19282
-21658
-20214
-15302
-7819
962
9610
16770
21364
22742
20752
15744
8489
60
-8328
-15489
-20425
-22454
-21302
-17139
-10562
-2517
5819
13200
18490
20833
19793
15444
8376
-370
-9452
-17427
-22985
-25167
-23534
-18256
-10098
-306
9595
18051
23738
25781
23899
18445
10342
916
-8328
-15950
-20809
-22233
-20100
-14836
-7317
1280
9676
16676
21335
23071
21720
17531
11107
3316
-4831
-12303
-18167
-21692
-22436
-20294
-15522
-8715
-749
7315
14367
19391
21614
20635
16499
9718
1216
-7793
-15984
-22118
-25243
-24846
-20941
-14071
-5225
4317
13185
20136
24233
24981
22385
16923
9452
1064
-7079
-13917
-18615
-20664
-19908
-16541
-11055
-4160
3299
10441
16433
20571
22346
21500
18059
12350
4978
-3219
-11256
-18121
-22898
-24907
-23810
-19683
-13021
-4692
4186
12397
18810
22546
23111
20461
15010
7549
-873
-9116
-16108
-20992
-23227
-22631
-19380
-13947
-7025
575
8021
14540
19489
22393
22979
21192
17198
11380
4318
-3252
-10500
-16581
-20738
-22403
-21287
-17441
-11278
-3530
4831
12726
19119
23164
24330
22475
17858
11093
3053
-5263
-12871
-18928
-22826
-24245
-23158
-19803
-14624
-8203
-1193
5740
11965
16925
20162
21356
20348
17173
12078
5526
-1827
-9185
-15695
-20553
-23111
-22980
-20099
-14756
-7561
632
8844
16108
21593
24718
25209
23119
18786
12774
5772
-1491
-8328
-14156
-18525
-21131
-21815
-20554
-17456
-12759
-6829
-157
6661
12962
18074
21393
22467
21073
17269
11407
4108
-3815
-11459
-17953
-22575
-24845
-24580
-21894
-17166
-10967
-3970
3141
9741
15316
19489
22014
22770
21741
19008
14749
9242
2876
-3856
-10372
-16048
-20279
-22562
-22571
-20219
-15695
-9452
-2160
5382
12349
18005
21791
23390
22743
20034
15633
10027
3752
-2675
-8791
-14203
-18591
-21694
-23307
-23278
-21529
-18082
-13090
-6866
124
7279
13920
19371
23050
24552
23716
20646
15704
9452
2566
-4252
-10371
-15295
-18702
-20448
-20539
-19094
-16300
-12377
-7562
-2112
3683
9486
14901
19489
22805
24451
24142
21768
17438
11484
4439
-3027
-10196
-16398
-21097
-23949
-24833
-23833
-21195
-17269
-12441
-7082
-1521
3964
9127
13732
17535
20273
21685
21548
19726
16225
11226
5098
-1631
-8328
-14339
-19077
-22108
-23198
-22340
-19731
-15719
-10741
-5241
379
5798
10778
15145
18756
21466
23111
23512
22505
19986
15959
10586
4196
-2727
-9595
-15790
-20750
-24052
-25465
-24976
-22770
-19180
-14624
-9523
-4248
917
5776
10197
14077
17297
19700
21088
21249
20007
17276
13115
7755
1596
-4831
-10938
-16157
-20031
-22272
-22793
-21697
-19237
-15748
-11578
-7027
-2319
2403
7049
11537
15747
19489
22499
24467
25085
24121
21478
17245
11701
5294
-1425
-7882
-13568
-18106
-21295
-23105
-23647
-23111
-21701
-19579
-16838
-13498
-9548
-4992
89
5505
10937
15966
20131
23004
24269
23789
21632
18059
13479
8369
3188
-1692
-6031
-9732
-12810
-15333
-17361
-18889
-19825
-19992
-19174
-17181
-13920
-9452
-4016
1983
8031
13586
18168
21437
23239
23614
22759
20961
18517
15660
12521
9114
5374
1216
-3394
-8381
-13521
-18461
-22755
-25952
-27680
-27728
-26088
-22961
-18716
-13812
-8707
-3772
764
4831
8490
11867
15078
18157
21005
23396
25007
25498
24600
22191
18354
13373
7699
1865
-3613
-8328
-12050
-14744
-16547
-17693
-18431
-18934
-19241
-19243
-18710
-17367
-14982
-11457
-6883
-1553
4073
9452
14062
17506
19582
20313
19919
18745
17163
15467
13805
12147
10313
8037
5073
1287
-3267
-8328
-13456
-18116
-21785
-24065
-24768
-23951
-21896
-19028
-15815
-12647
-9751
-7146
-4666
-2023
1077
4831
9250
14115
19011
23395
26721
28561
28704
27204
24367
20675
16664
12802
9378
6445
3833
1216
-1772
-5409
-9781
-14721
-19828
-24540
-28256
-30482
-30944
-29657
-26921
-23245
-19226
-15398
-12111
-9452
-7239
-5094
-2565
728
4965
10045
15584
20986
25578
28767
30179
29755
27760
24720
21282
18059
15470
13644
12393
11282
9753
7294
3603
-1312
-7104
-13150
-18690
-23005
-25590
-26278
-25276
-23111
-20490
-18120
-16519
-15885
-16045
-16506
-16589
-15621
-13129
-8982
-3453
2828
9013
14239
17836
19489
19316
17833
15814
14091
13329
13846
15527
17844
19995
21112
20496
17815
13207
7266
912
-4831
-9088
-11343
-11577
-10263
-8243
-6510
-5936
-7044
-9852
-13860
-18163
-21681
-23433
-22803
-19704
-14624
-8515
-2563
2101
4690
4961
3277
517
-2150
-3571
-2915
95
5096
11155
16996
21313
23111
21957
18111
12473
6364
1202
-1858
-2218
0
3978
8403
11804
12923
11061
6263
-661
-8328
-15110
-19547
-20709
-18446
-13439
-7038
-933
3268
4451
2288
-2670
-9109
-15281
-19436
-20270
-17269
-10860
-2323
6503
13675
17624
17552
13646
7044
-438
-6748
-10116
-9502
-4874
2766
11612
19489
24393
24992
20975
13146
3247
-6453
-13713
-16874
-15271
-9419
-894
8039
14981
17991
16075
9452
-484
-11483
-20977
-26708
-27284
-22529
-13547
-2464
8071
15531
18124
15240
7608
-2863
-13539
-21694
-25174
-22923
-15258
-3804
8879
19903
26744
27847
23008
13430
1444
-10040
-18230
-21115
-17953
-9452
2389
14751
24660
29696
28562
21402
9768
-3740
-16081
-24488
-27110
-23450
-14470
-2370
9933
19489
23995
22337
14836
3174
-10002
-21698
-29260
-30980
-26482
-16796
-4110
8737
18907
24204
23562
17269
6882
-5141
-16010
-23227
-25144
-21317
-12579
-836
11371
21439
27272
27724
22829
13764
2566
-8328
-16611
-20598
-19566
-13876
-4870
5444
14830
21300
23513
21037
14409
4991
-5321
-14505
-20812
-23111
-21086
-15278
-6950
2178
10279
15767
17601
15467
9822
1797
-7032
-14943
-20394
-22308
-20275
-14624
-6366
2997
11743
18255
21326
20385
15618
7946
-1143
-9863
-16470
-19603
-18552
-13416
-5102
4831
14468
21899
25605
24765
19436
10561
-202
-10793
-19159
-23661
-23411
-18457
-9790
852
11321
19489
23676
22989
17506
8259
-2970
-14002
-22701
-27390
-27185
-22159
-13316
-2383
8538
17386
22537
23111
19117
11435
1619
-8414
-16757
-21866
-22839
-19557
-12675
-3479
6373
15156
21389
24077
22861
18059
10579
1745
-6935
-14023
-18380
-19340
-16806
-11247
-3621
4785
12557
18379
21238
20593
16466
9452
634
-8577
-16669
-22278
-24419
-22671
-17266
-9070
547
9934
17446
21735
21998
18136
10784
1216
-8878
-17691
-23626
-25585
-23172
-16768
-7458
3158
13264
21146
25502
25659
21680
14337
4956
-4831
-13373
-19282
-21658
-20214
-15302
-7819
962
9610
16770
21364
22742
20752
15744
8489
60
-8328
-15489
-20425
-22454
-21302
-17139
-10562
-2517
5819
13200
18490
20833
19793
15444
8376
-370
-9452
-17427
-22985
-25167
-23534
-18256
-10098
-306
9595
18051
23738
25781
23899
18445
10342
916
-8328
-15950
-20809
-22233
-20100
-14836
-7317
1280
9676
16676
21335
23071
21720
17531
11107
3316
-4831
-12303
-18167
-21692
-22436
-20294
-15522
-8715
-749
7315
14367
19391
21614
20635
16499
9718
1216
-7793
-15984
-22118
-25243
-24846
-20941
-14071
-5225
4317
13185
20136
24233
24981
22385
16923
9452
1064
-7079
-13917
-18615
-20664
-19908
-16541
-11055
-4160
3299
10441
16433
20571
22346
21500
18059
12350
4978
-3219
-11256
-18121
-22898
-24907
-23810
-19683
-13021
-4692
4186
12397
18810
22546
23111
20461
15010
7549
-873
-9116
-16108
-20992
-23227
-22631
-19380
-13947
-7025
575
8021
14540
19489
22393
22979
21192
17198
11380
4318
-3252
-10500
-16581
-20738
-22403
-21287
-17441
-11278
-3530
4831
12726
19119
23164
24330
22475
17858
11093
3053
-5263
-12871
-18928
-22826
-24245
-23158
-19803
-14624
-8203
-1193
5740
11965
16925
20162
21356
20348
17173
12078
5526
-1827
-9185
-15695
-20553
-23111
-22980
-20099
-14756
-7561
632
8844
16108
21593
24718
25209
23119
18786
12774
5772
-1491
-8328
-14156
-18525
-21131
-21815
-20554
-17456
-12759
-6829
-157
6661
12962
18074
21393
22467
21073
17269
11407
4108
-3815
-11459
-17953
-22575
-24845
-24580
-21894
-17166
-10967
-3970
3141
9741
15316
19489
22014
22770
21741
19008
14749
9242
2876
-3856
-10372
-16048
-20279
-22562
-22571
-20219
-15695
-9452
-2160
5382
12349
18005
21791
23390
22743
20034
15633
10027
3752
-2675
-8791
-14203
-18591
-21694
-23307
-23278
-21529
-18082
-13090
-6866
124
7279
13920
19371
23050
24552
23716
20646
15704
9452
2566
-4252
-10371
-15295
-18702
-20448
-20539
-19094
-16300
-12377
-7562
-2112
3683
9486
14901
19489
22805
24451
24142
21768
17438
11484
4439
-3027
-10196
-16398
-21097
-23949
-24833
-23833
-21195
-17269
-12441
-7082
-1521
3964
9127
13732
17535
20273
21685
21548
19726
16225
11226
5098
-1631
-8328
-14339
-19077
-22108
-23198
-22340
-19731
-15719
-10741
-5241
379
5798
10778
15145
18756
21466
23111
23512
22505
19986
15959
10586
4196
-2727
-9595
-15790
-20750
-24052
-25465
-24976
-22770
-19180
-14624
-9523
-4248
917
5776
10197
14077
17297
19700
21088
21249
20007
17276
13115
7755
1596
-4831
-10938
-16157
-20031
-22272
-22793
-21697
-19237
-15748
-11578
-7027
-2319
2403
7049
11537
15747
19489
22499
24467
25085
24121
21478
17245
11701
5294
-1425
-7882
-13568
-18106
-21295
-23105
-23647
-23111
-21701
-19579
-16838
-13498
-9548
-4992
89
5505
10937
15966
20131
23004
24269
23789
21632
18059
13479
8369
3188
-1692
-6031
-9732
-12810
-15333
-17361
-18889
-19825
-19992
-19174
-17181
-13920
-9452
-4016
1983
8031
13586
18168
21437
23239
23614
22759
20961
18517
15660
12521
9114
5374
1216
-3394
-8381
-13521
-18461
-22755
-25952
-27680
-27728
-26088
-22961
-18716
-13812
-8707
-3772
764
4831
8490
11867
15078
18157
21005
23396
25007
25498
24600
22191
18354
13373
7699
1865
-3613
-8328
-12050
-14744
-16547
-17693
-18431
-18934
-19241
-19243
-18710
-17367
-14982
-11457
-6883
-1553
4073
9452
14062
17506
19582
20313
19919
18745
17163
15467
13805
12147
10313
8037
5073
1287
-3267
-8328
-13456
-18116
-21785
-24065
-24768
-23951
-21896
-19028
-15815
-12647
-9751
-7146
-4666
-2023
1077
4831
9250
14115
19011
23395
26721
28561
28704
27204
24367
20675
16664
12802
9378
6445
3833
1216
-1772
-5409
-9781
-14721
-19828
-24540
-28256
-30482
-30944
-29657
-26921
-23245
-19226
-15398
-12111
-9452
-7239
-5094
-2565
728
4965
10045
15584
20986
25578
28767
30179
29755
27760
24720
21282
18059
15470
13644
12393
11282
9753
7294
3603
-1312
-7104
-13150
-18690
-23005
-25590
-26278
-25276
-23111
-20490
-18120
-16519
-15885
-16045
-16506
-16589
-15621
-13129
-8982
-3453
2828
9013
14239
17836
19489
19316
17833
15814
14091
13329
13846
15527
17844
19995
21112
20496
17815
13207
7266
912
-4831
-9088
-11343
-11577
-10263
-8243
-6510
-5936
-7044
-9852
-13860
-18163
-21681
-23433
-22803
-19704
-14624
-8515
-2563
2101
4690
4961
3277
517
-2150
-3571
-2915
95
5096
11155
16996
21313
23111
21957
18111
12473
6364
1202
-1858
-2218
0
3978
8403
11804
12923
11061
6263
-661
-8328
-15110
-19547
-20709
-18446
-13439
-7038
-933
3268
4451
2288
-2670
-9109
-15281
-19436
-20270
-17269
-10860
-2323
6503
13675
17624
17552
13646
7044
-438
-6748
-10116
-9502
-4874
2766
11612
19489
24393
24992
20975
13146
3247
-6453
-13713
-16874
-15271
-9419
-894
8039
14981
17991
16075
9452
-484
-11483
-20977
-26708
-27284
-22529
-13547
-2464
8071
15531
18124
15240
7608
-2863
-13539
-21694
-25174
-22923
-15258
-3804
8879
19903
26744
27847
23008
13430
1444
-10040
-18230
-21115
-17953
-9452
2389
14751
24660
29696
28562
21402
9768
-3740
-16081
-24488
-27110
-23450
-14470
-2370
9933
19489
23995
22337
14836
3174
-10002
-21698
-29260
-30980
-26482
-16796
-4110
8737
18907
24204
23562
17269
6882
-5141
-16010
-23227
-25144
-21317
-12579
-836
11371
21439
27272
27724
22829
13764
2566
-8328
-16611
-20598
-19566
-13876
-4870
5444
14830
21300
23513
21037
14409
4991
-5321
-14505
-20812
-23111
-21086
-15278
-6950
2178
10279
15767
17601
15467
9822
1797
-7032
-14943
-20394
-22308
-20275
-14624
-6366
2997
11743
18255
21326
20385
15618
7946
-1143
-9863
-16470
-19603
-18552
-13416
-5102
4831
14468
21899
25605
24765
19436
10561
-202
-10793
-19159
-23661
-23411
-18457
-9790
852
11321
19489
23676
22989
17506
8259
-2970
-14002
-22701
-27390
-27185
-22159
-13316
-2383
8538
17386
22537
23111
19117
11435
1619
-8414
-16757
-21866
-22839
-19557
-12675
-3479
6373
15156
21389
24077
22861
18059
10579
1745
-6935
-14023
-18380
-19340
-16806
-11247
-3621
4785
12557
18379
21238
20593
16466
9452
634
-8577
-16669
-22278
-24419
-22671
-17266
-9070
547
9934
17446
21735
21998
18136
10784
1216
-8878
-17691
-23626
-25585
-23172
-16768
-7458
3158
13264
21146
25502
25659
21680
14337
4956
-4831
-13373
-19282
-21658
-20214
-15302
-7819
962
9610
16770
21364
22742
20752
15744
8489
60
-8328
-15489
-20425
-22454
-21302
-17139
-10562
-2517
5819
13200
18490
20833
19793
15444
8376
-370
-9452
-17427
-22985
-25167
-23534
-18256
-10098
-306
9595
18051
23738
25781
23899
18445
10342
916
-8328
-15950
-20809
-22233
-20100
-14836
-7317
1280
9676
16676
21335
23071
21720
17531
11107
3316
-4831
-12303
-18167
-21692
-22436
-20294
-15522
-8715
-749
7315
14367
19391
21614
20635
16499
9718
1216
-7793
-15984
-22118
-25243
-24846
-20941
-14071
-5225
4317
13185
20136
24233
24981
22385
16923
9452
1064
-7079
-13917
-18615
-20664
-19908
-16541
-11055
-4160
3299
10441
16433
20571
22346
21500
18059
12350
4978
-3219
-11256
-18121
-22898
-24907
-23810
-19683
-13021
-4692
4186
12397
18810
22546
23111
20461
15010
7549
-873
-9116
-16108
-20992
-23227
-22631
-19380
-13947
-7025
575
8021
14540
19489
22393
22979
21192
17198
11380
4318
-3252
-10500
-16581
-20738
-22403
-21287
-17441
-11278
-3530
4831
12726
19119
23164
24330
22475
17858
11093
3053
-5263
-12871
-18928
-22826
-24245
-23158
-19803
-14624
-8203
-1193
5740
11965
16925
20162
21356
20348
17173
12078
5526
-1827
-9185
-15695
-20553
-23111
-22980
-20099
-14756
-7561
632
8844
16108
21593
24718
25209
23119
18786
12774
5772
-1491
-8328
-14156
-18525
-21131
-21815
-20554
-17456
-12759
-6829
-157
6661
12962
18074
21393
22467
21073
17269
11407
4108
-3815
-11459
-17953
-22575
-24845
-24580
-21894
-17166
-10967
-3970
3141
9741
15316
19489
22014
22770
21741
19008
14749
9242
2876
-3856
-10372
-16048
-20279
-22562
-22571
-20219
-15695
-9452
-2160
5382
12349
18005
21791
23390
22743
20034
15633
10027
3752
-2675
-8791
-14203
-18591
-21694
-23307
-23278
-21529
-18082
-13090
-6866
124
7279
13920
19371
23050
24552
23716
20646
15704
9452
2566
-4252
-10371
-15295
-18702
-20448
-20539
-19094
-16300
-12377
-7562
-2112
3683
9486
14901
19489
22805
24451
24142
21768
17438
11484
4439
-3027
-10196
-16398
-21097
-23949
-24833
-23833
-21195
-17269
-12441
-7082
-1521
3964
9127
13732
17535
20273
21685
21548
19726
16225
11226
5098
-1631
-8328
-14339
-19077
-22108
-23198
-22340
-19731
-15719
-10741
-5241
379
5798
10778
15145
18756
21466
23111
23512
22505
19986
15959
10586
4196
-2727
-9595
-15790
-20750
-24052
-25465
-24976
-22770
-19180
-14624
-9523
-4248
917
5776
10197
14077
17297
19700
21088
21249
20007
17276
13115
7755
1596
-4831
-10938
-16157
-20031
-22272
-22793
-21697
-19237
-15748
-11578
-7027
-2319
2403
7049
11537
15747
19489
22499
24467
25085
24121
21478
17245
11701
5294
-1425
-7882
-13568
-18106
-21295
-23105
-23647
-23111
-21701
-19579
-16838
-13498
-9548
-4992
89
5505
10937
15966
20131
23004
24269
23789
21632
18059
13479
8369
3188
-1692
-6031
-9732
-12810
-15333
-17361
-18889
-19825
-19992
-19174
-17181
-13920
-9452
-4016
1983
8031
13586
18168
21437
23239
23614
22759
20961
18517
15660
12521
9114
5374
1216
-3394
-8381
-13521
-18461
-22755
-25952
-27680
-27728
-26088
-22961
-18716
-13812
-8707
-3772
764
4831
8490
11867
15078
18157
21005
23396
25007
25498
24600
22191
18354
13373
7699
1865
-3613
-8328
-12050
-14744
-16547
-17693
-18431
-18934
-19241
-19243
-18710
-17367
-14982
-11457
-6883
-1553
4073
9452
14062
17506
19582
20313
19919
18745
17163
15467
13805
12147
10313
8037
5073
1287
-3267
-8328
-13456
-18116
-21785
-24065
-24768
-23951
-21896
-19028
-15815
-12647
-9751
-7146
-4666
-2023
1077
4831
9250
14115
19011
23395
26721
28561
28704
27204
24367
20675
16664
12802
9378
6445
3833
1216
-1772
-5409
-9781
-14721
-19828
-24540
-28256
-30482
-30944
-29657
-26921
-23245
-19226
-15398
-12111
-9452
-7239
-5094
-2565
728
4965
10045
15584
20986
25578
28767
30179
29755
27760
24720
21282
18059
15470
13644
12393
11282
9753
7294
3603
-1312
-7104
-13150
-18690
-23005
-25590
-26278
-25276
-23111
-20490
-18120
-16519
-15885
-16045
-16506
-16589
-15621
-13129
-8982
-3453
2828
9013
14239
17836
19489
19316
17833
15814
14091
13329
13846
15527
17844
19995
21112
20496
17815
13207
7266
912
-4831
-9088
-11343
-11577
-10263
-8243
-6510
-5936
-7044
-9852
-13860
-18163
-21681
-23433
-22803
-19704
-14624
-8515
-2563
2101
4690
4961
3277
517
-2150
-3571
-2915
95
5096
11155
16996
21313
23111
21957
18111
12473
6364
1202
-1858
-2218
0
3978
8403
11804
12923
11061
6263
-661
-8328
-15110
-19547
-20709
-18446
-13439
-7038
-933
3268
4451
2288
-2670
-9109
-15281
-19436
-20270
17269
10860
2323
-6503
-13675
-17624
-17552
-13646
-7044
438
6748
10116
9502
4874
-2766
-11612
-19489
-24393
-24992
-20975
-13146
-3247
6453
13713
16874
15271
9419
894
-8039
-14981
-17991
-16075
-9452
484
11483
20977
26708
27284
22529
13547
2464
-8071
-15531
-18124
-15240
-7608
2863
13539
21694
25174
22923
15258
3804
-8879
-19903
-26744
-27847
-23008
-13430
-1444
10040
18230
21115
17953
9452
-2389
-14751
-24660
-29696
-28562
-21402
-9768
3740
16081
24488
27110
23450
14470
2370
-9933
-19489
-23995
-22337
-14836
-3174
10002
21698
29260
30980
26482
16796
4110
-8737
-18907
-24204
-23562
-17269
-6882
5141
16010
23227
25144
21317
12579
836
-11371
-21439
-27272
-27724
-22829
-13764
-2566
8328
16611
20598
19566
13876
4870
-5444
-14830
-21300
-23513
-21037
-14409
-4991
5321
14505
20812
23111
21086
15278
6950
-2178
-10279
-15767
-17601
-15467
-9822
-1797
7032
14943
20394
22308
20275
14624
6366
-2997
-11743
-18255
-21326
-20385
-15618
-7946
1143
9863
16470
19603
18552
13416
5102
-4831
-14468
-21899
-25605
-24765
-19436
-10561
202
10793
19159
23661
23411
18457
9790
-852
-11321
-19489
-23676
-22989
-17506
-8259
2970
14002
22701
27390
27185
22159
13316
2383
-8538
-17386
-22537
-23111
-19117
-11435
-1619
8414
16757
21866
22839
19557
12675
3479
-6373
-15156
-21389
-24077
-22861
-18059
-10579
-1745
6935
14023
18380
19340
16806
11247
3621
-4785
-12557
-18379
-21238
-20593
-16466
-9452
-634
8577
16669
22278
24419
22671
17266
9070
-547
-9934
-17446
-21735
-21998
-18136
-10784
-1216
8878
17691
23626
25585
23172
16768
7458
-3158
-13264
-21146
-25502
-25659
-21680
-14337
-4956
4831
13373
19282
21658
20214
15302
7819
-962
-9610
-16770
-21364
-22742
-20752
-15744
-8489
-60
8328
15489
20425
22454
21302
17139
10562
2517
-5819
-13200
-18490
-20833
-19793
-15444
-8376
370
9452
17427
22985
25167
23534
18256
10098
306
-9595
-18051
-23738
-25781
-23899
-18445
-10342
-916
8328
15950
20809
22233
20100
14836
7317
-1280
-9676
-16676
-21335
-23071
-21720
-17531
-11107
-3316
4831
12303
18167
21692
22436
20294
15522
8715
749
-7315
-14367
-19391
-21614
-20635
-16499
-9718
-1216
7793
15984
22118
25243
24846
20941
14071
5225
-4317
-13185
-20136
-24233
-24981
-22385
-16923
-9452
-1064
7079
13917
18615
20664
19908
16541
11055
4160
-3299
-10441
-16433
-20571
-22346
-21500
-18059
-12350
-4978
3219
11256
18121
22898
24907
23810
19683
13021
4692
-4186
-12397
-18810
-22546
-23111
-20461
-15010
-7549
873
9116
16108
20992
23227
22631
19380
13947
7025
-575
-8021
-14540
-19489
-22393
-22979
-21192
-17198
-11380
-4318
3252
10500
16581
20738
22403
21287
17441
11278
3530
-4831
-12726
-19119
-23164
-24330
-22475
-17858
-11093
-3053
5263
12871
18928
22826
24245
23158
19803
14624
8203
1193
-5740
-11965
-16925
-20162
-21356
-20348
-17173
-12078
-5526
1827
9185
15695
20553
23111
22980
20099
14756
7561
-632
-8844
-16108
-21593
-24718
-25209
-23119
-18786
-12774
-5772
1491
8328
14156
18525
21131
21815
20554
17456
12759
6829
157
-6661
-12962
-18074
-21393
-22467
-21073
-17269
-11407
-4108
3815
11459
17953
22575
24845
24580
21894
17166
10967
3970
-3141
-9741
-15316
-19489
-22014
-22770
-21741
-19008
-14749
-9242
-2876
3856
10372
16048
20279
22562
22571
20219
15695
9452
2160
-5382
-12349
-18005
-21791
-23390
-22743
-20034
-15633
-10027
-3752
2675
8791
14203
18591
21694
23307
23278
21529
18082
13090
6866
-124
-7279
-13920
-19371
-23050
-24552
-23716
-20646
-15704
-9452
-2566
4252
10371
15295
18702
20448
20539
19094
16300
12377
7562
2112
-3683
-9486
-14901
-19489
-22805
-24451
-24142
-21768
-17438
-11484
-4439
3027
10196
16398
21097
23949
24833
23833
21195
17269
12441
7082
1521
-3964
-9127
-13732
-17535
-20273
-21685
-21548
-19726
-16225
-11226
-5098
1631
8328
14339
19077
22108
23198
22340
19731
15719
10741
5241
-379
-5798
-10778
-15145
-18756
-21466
-23111
-23512
-22505
-19986
-15959
-10586
-4196
2727
9595
15790
20750
24052
25465
24976
22770
19180
14624
9523
4248
-917
-5776
-10197
-14077
-17297
-19700
-21088
-21249
-20007
-17276
-13115
-7755
-1596
4831
10938
16157
20031
22272
22793
21697
19237
15748
11578
7027
2319
-2403
-7049
-11537
-15747
-19489
-22499
-24467
-25085
-24121
-21478
-17245
-11701
-5294
1425
7882
13568
18106
21295
23105
23647
23111
21701
19579
16838
13498
9548
4992
-89
-5505
-10937
-15966
-20131
-23004
-24269
-23789
-21632
-18059
-13479
-8369
-3188
1692
6031
9732
12810
15333
17361
18889
19825
19992
19174
17181
13920
9452
4016
-1983
-8031
-13586
-18168
-21437
-23239
-23614
-22759
-20961
-18517
-15660
-12521
-9114
-5374
-1216
3394
8381
13521
18461
22755
25952
27680
27728
26088
22961
18716
13812
8707
3772
-764
-4831
-8490
-11867
-15078
-18157
-21005
-23396
-25007
-25498
-24600
-22191
-18354
-13373
-7699
-1865
3613
8328
12050
14744
16547
17693
18431
18934
19241
19243
18710
17367
14982
11457
6883
1553
-4073
-9452
-14062
-17506
-19582
-20313
-19919
-18745
-17163
-15467
-13805
-12147
-10313
-8037
-5073
-1287
3267
8328
13456
18116
21785
24065
24768
23951
21896
19028
15815
12647
9751
7146
4666
2023
-1077
-4831
-9250
-14115
-19011
-23395
-26721
-28561
-28704
-27204
-24367
-20675
-16664
-12802
-9378
-6445
-3833
-1216
1772
5409
9781
14721
19828
24540
28256
30482
30944
29657
26921
23245
19226
15398
12111
9452
7239
5094
2565
-728
-4965
-10045
-15584
-20986
-25578
-28767
-30179
-29755
-27760
-24720
-21282
-18059
-15470
-13644
-12393
-11282
-9753
-7294
-3603
1312
7104
13150
18690
23005
25590
26278
25276
23111
20490
18120
16519
15885
16045
16506
16589
15621
13129
8982
3453
-2828
-9013
-14239
-17836
-19489
-19316
-17833
-15814
-14091
-13329
-13846
-15527
-17844
-19995
-21112
-20496
-17815
-13207
-7266
-912
4831
9088
11343
11577
10263
8243
6510
5936
7044
9852
13860
18163
21681
23433
22803
19704
14624
8515
2563
-2101
-4690
-4961
-3277
-517
2150
3571
2915
-95
-5096
-11155
-16996
-21313
-23111
-21957
-18111
-12473
-6364
-1202
1858
2218
0
-3978
-8403
-11804
-12923
-11061
-6263
661
8328
15110
19547
20709
18446
13439
7038
933
-3268
-4451
-2288
2670
9109
15281
19436
20270
-17269
-10860
-2323
6503
13675
17624
17552
13646
7044
-438
-6748
-10116
-9502
-4874
2766
11612
19489
24393
24992
20975
13146
3247
-6453
-13713
-16874
-15271
-9419
-894
8039
14981
17991
16075
9452
-484
-11483
-20977
-26708
-27284
-22529
-13547
-2464
8071
15531
18124
15240
7608
-2863
-13539
-21694
-25174
-22923
-15258
-3804
8879
19903
26744
27847
23008
13430
1444
-10040
-18230
-21115
-17953
-9452
2389
14751
24660
29696
28562
21402
9768
-3740
-16081
-24488
-27110
-23450
-14470
-2370
9933
19489
23995
22337
14836
3174
-10002
-21698
-29260
-30980
-26482
-16796
-4110
8737
18907
24204
23562
17269
6882
-5141
-16010
-23227
-25144
-21317
-12579
-836
11371
21439
27272
27724
22829
13764
2566
-8328
-16611
-20598
-19566
-13876
-4870
5444
14830
21300
23513
21037
14409
4991
-5321
-14505
-20812
-23111
-21086
-15278
-6950
2178
10279
15767
17601
15467
9822
1797
-7032
-14943
-20394
-22308
-20275
-14624
-6366
2997
11743
18255
21326
20385
15618
7946
-1143
-9863
-16470
-19603
-18552
-13416
-5102
4831
14468
21899
25605
24765
19436
10561
-202
-10793
-19159
-23661
-23411
-18457
-9790
852
11321
19489
23676
22989
17506
8259
-2970
-14002
-22701
-27390
-27185
-22159
-13316
-2383
8538
17386
22537
23111
19117
11435
1619
-8414
-16757
-21866
-22839
-19557
-12675
-3479
6373
15156
21389
24077
22861
18059
10579
1745
-6935
-14023
-18380
-19340
-16806
-11247
-3621
4785
12557
18379
21238
20593
16466
9452
634
-8577
-16669
-22278
-24419
-22671
-17266
-9070
547
9934
17446
21735
21998
18136
10784
1216
-8878
-17691
-23626
-25585
-23172
-16768
-7458
3158
13264
21146
25502
25659
21680
14337
4956
-4831
-13373
-19282
-21658
-20214
-15302
-7819
962
9610
16770
21364
22742
20752
15744
8489
60
-8328
-15489
-20425
-22454
-21302
-17139
-10562
-2517
5819
13200
18490
20833
19793
15444
8376
-370
-9452
-17427
-22985
-25167
-23534
-18256
-10098
-306
9595
18051
23738
25781
23899
18445
10342
916
-8328
-15950
-20809
-22233
-20100
-14836
-7317
1280
9676
16676
21335
23071
21720
17531
11107
3316
-4831
-12303
-18167
-21692
-22436
-20294
-15522
-8715
-749
7315
14367
19391
21614
20635
16499
9718
1216
-7793
-15984
-22118
-25243
-24846
-20941
-14071
-5225
4317
13185
20136
24233
24981
22385
16923
9452
1064
-7079
-13917
-18615
-20664
-19908
-16541
-11055
-4160
3299
10441
16433
20571
22346
21500
18059
12350
4978
-3219
-11256
-18121
-22898
-24907
-23810
-19683
-13021
-4692
4186
12397
18810
22546
23111
20461
15010
7549
-873
-9116
-16108
-20992
-23227
-22631
-19380
-13947
-7025
575
8021
14540
19489
22393
22979
21192
17198
11380
4318
-3252
-10500
-16581
-20738
-22403
-21287
-17441
-11278
-3530
4831
12726
19119
23164
24330
22475
17858
11093
3053
-5263
-12871
-18928
-22826
-24245
-23158
-19803
-14624
-8203
-1193
5740
11965
16925
20162
21356
20348
17173
12078
5526
-1827
-9185
-15695
-20553
-23111
-22980
-20099
-14756
-7561
632
8844
16108
21593
24718
25209
23119
18786
12774
5772
-1491
-8328
-14156
-18525
-21131
-21815
-20554
-17456
-12759
-6829
-157
6661
12962
18074
21393
22467
21073
17269
11407
4108
-3815
-11459
-17953
-22575
-24845
-24580
-21894
-17166
-10967
-3970
3141
9741
15316
19489
22014
22770
21741
19008
14749
9242
2876
-3856
-10372
-16048
-20279
-22562
-22571
-20219
-15695
-9452
-2160
5382
12349
18005
21791
23390
22743
20034
15633
10027
3752
-2675
-8791
-14203
-18591
-21694
-23307
-23278
-21529
-18082
-13090
-6866
124
7279
13920
19371
23050
24552
23716
20646
15704
9452
2566
-4252
-10371
-15295
-18702
-20448
-20539
-19094
-16300
-12377
-7562
-2112
3683
9486
14901
19489
22805
24451
24142
21768
17438
11484
4439
-3027
-10196
-16398
-21097
-23949
-24833
-23833
-21195
-17269
-12441
-7082
-1521
3964
9127
13732
17535
20273
21685
21548
19726
16225
11226
5098
-1631
-8328
-14339
-19077
-22108
-23198
-22340
-19731
-15719
-10741
-5241
379
5798
10778
15145
18756
21466
23111
23512
22505
19986
15959
10586
4196
-2727
-9595
-15790
-20750
-24052
-25465
-24976
-22770
-19180
-14624
-9523
-4248
917
5776
10197
14077
17297
19700
21088
21249
20007
17276
13115
7755
1596
-4831
-10938
-16157
-20031
-22272
-22793
-21697
-19237
-15748
-11578
-7027
-2319
2403
7049
11537
15747
19489
22499
24467
25085
24121
21478
17245
11701
5294
-1425
-7882
-13568
-18106
-21295
-23105
-23647
-23111
-21701
-19579
-16838
-13498
-9548
-4992
89
5505
10937
15966
20131
23004
24269
23789
21632
18059
13479
8369
3188
-1692
-6031
-9732
-12810
-15333
-17361
-18889
-19825
-19992
-19174
-17181
-13920
-9452
-4016
1983
8031
13586
18168
21437
23239
23614
22759
20961
18517
15660
12521
9114
5374
1216
-3394
-8381
-13521
-18461
-22755
-25952
-27680
-27728
-26088
-22961
-18716
-13812
-8707
-3772
764
4831
8490
11867
15078
18157
21005
23396
25007
25498
24600
22191
18354
13373
7699
1865
-3613
-8328
-12050
-14744
-16547
-17693
-18431
-18934
-19241
-19243
-18710
-17367
-14982
-11457
-6883
-1553
4073
9452
14062
17506
19582
20313
19919
18745
17163
15467
13805
12147
10313
8037
5073
1287
-3267
-8328
-13456
-18116
-21785
-24065
-24768
-23951
-21896
-19028
-15815
-12647
-9751
-7146
-4666
-2023
1077
4831
9250
14115
19011
23395
26721
28561
28704
27204
24367
20675
16664
12802
9378
6445
3833
1216
-1772
-5409
-9781
-14721
-19828
-24540
-28256
-30482
-30944
-29657
-26921
-23245
-19226
-15398
-12111
-9452
-7239
-5094
-2565
728
4965
10045
15584
20986
25578
28767
30179
29755
27760
24720
21282
18059
15470
13644
12393
11282
9753
7294
3603
-1312
-7104
-13150
-18690
-23005
-25590
-26278
-25276
-23111
-20490
-18120
-16519
-15885
-16045
-16506
-16589
-15621
-13129
-8982
-3453
2828
9013
14239
17836
19489
19316
17833
15814
14091
13329
13846
15527
17844
19995
21112
20496
17815
13207
7266
912
-4831
-9088
-11343
-11577
-10263
-8243
-6510
-5936
-7044
-9852
-13860
-18163
-21681
-23433
-22803
-19704
-14624
-8515
-2563
2101
4690
4961
3277
517
-2150
-3571
-2915
95
5096
11155
16996
21313
23111
21957
18111
12473
6364
1202
-1858
-2218
0
3978
8403
11804
12923
11061
6263
-661
-8328
-15110
-19547
-20709
-18446
-13439
-7038
-933
3268
4451
2288
-2670
-9109
-15281
-19436
-20270
0
0
0
0
0
0
0
0
0
0
0
0
0
0
0
0
0
0
0
0
0
0
0
0
0
0
0
0
0
0
0
0
0
0
0
0
0
0
0
0
0
0
0
0
0
0
0
0
0
0
0
0
0
0
0
0
0
0
0
0
0
0
0
0
0
0
0
0
0
0
0
0
0
0
0
0
0
0
0
0
0
0
0
0
0
0
0
0
0
0
0
0
0
0
0
0
0
0
0
0
0
0
0
0
0
0
0
0
0
0
0
0
0
0
0
0
0
0
0
0
0
0
0
0
0
0
0
0
0
0
0
0
0
0
0
0
0
0
0
0
0
0
0
0
0
0
0
0
0
0
0
0
0
0
0
0
0
0
0
0
0
0
0
0
0
0
0
0
0
0
0
0
0
0
0
0
0
0
0
0
0
0
0
0
0
0
0
0
0
0
0
0
0
0
0
0
0
0
0
0
0
0
0
0
0
0
0
0
0
0
0
0
0
0
0
0
0
0
0
0
0
0
0
0
0
0
0
0
0
0
0
0
0
0
0
0
0
0
0
0
0
0
0
0
0
0
0
0
0
0
0
0
0
0
0
0
0
0
0
0
0
0
0
0
0
0
0
0
0
0
0
0
0
0
0
0
0
0
0
0
0
0
0
0
0
0
0
0
0
0
0
0
0
0
0
0
0
0
0
0
0
0
0
0
0
0
0
0
0
0
0
0
0
0
0
0
0
0
0
0
0
0
0
0
0
0
0
0
0
0
0
0
0
0
0
0
0
0
0
0
0
0
0
0
0
0
0
0
0
0
0
0
0
0
0
0
0
0
0
0
0
0
0
0
0
0
0
0
0
0
0
0
0
0
0
0
0
0
0
0
0
0
0
0
0
0
0
0
0
0
0
0
0
0
0
0
0
0
0
0
0
0
0
0
0
0
0
0
0
0
0
0
0
0
0
0
0
0
0
0
0
0
0
0
0
0
0
0
0
0
0
0
0
0
0
0
0
0
0
0
0
0
0
0
0
0
0
0
0
0
0
0
0
0
0
0
0
0
0
0
0
0
0
0
0
0
0
0
0
0
0
0
0
0
0
0
0
0
0
0
0
0
0
0
0
0
0
0
0
0
0
0
0
0
0
0
0
0
0
0
0
0
0
0
0
0
0
0
0
0
0
0
0
0
0
0
0
0
0
0
0
0
0
0
0
0
0
0
0
0
0
0
0
0
0
0
0
0
0
0
0
0
0
0
0
0
0
0
0
0
0
0
0
0
0
0
0
0
0
0
0
0
0
0
0
0
0
0
0
0
0
0
0
0
0
0
0
0
0
0
0
0
0
0
0
0
0
0
0
0
0
0
0
0
0
0
0
0
0
0
0
0
0
0
0
0
0
0
0
0
0
0
0
0
0
0
0
0
0
0
0
0
0
0
0
0
0
0
0
0
0
0
0
0
0
0
0
0
0
0
0
0
0
0
0
0
0
0
0
0
0
0
0
0
0
0
0
0
0
0
0
0
0
0
0
0
0
0
0
0
0
0
0
0
0
0
0
0
0
0
0
0
0
0
0
0
0
0
0
0
0
0
0
0
0
0
0
0
0
0
0
0
0
0
0
0
0
0
0
0
0
0
0
0
0
0
0
0
0
0
0
0
0
0
0
0
0
0
0
0
0
0
0
0
0
0
0
0
0
0
0
0
0
0
0
0
0
0
0
0
0
0
0
0
0
0
0
0
0
0
0
0
0
0
0
0
0
0
0
0
0
0
0
0
0
0
0
0
0
0
0
0
0
0
0
0
0
0
0
0
0
0
0
0
0
0
0
0
0
0
0
0
0
0
0
0
0
0
0
0
0
0
0
0
0
0
0
0
0
0
0
0
0
0
0
0
0
0
0
0
0
0
0
0
0
0
0
0
0
0
0
0
0
0
0
0
0
0
0
0
0
0
0
0
0
0
0
0
0
0
0
0
0
0
0
0
0
0
0
0
0
0
0
0
0
0
0
0
0
0
0
0
0
0
0
0
0
0
0
0
0
0
0
0
0
0
0
0
0
0
0
0
0
0
0
0
0
0
0
0
0
0
0
0
0
0
0
0
0
0
0
0
0
0
0
0
0
0
0
0
0
0
0
0
0
0
0
0
0
0
0
0
0
0
0
0
0
0
0
0
0
0
0
0
0
0
0
0
0
0
0
8366
16118
22691
27617
30562
31348
29974
26603
21552
15259
8245
1068
-5724
-11646
-16304
-19430
-20904
-20749
-19130
-16326
-12700
-8664
-4632
-983
1976
4039
5111
5220
4505
3196
1586
0
-1253
-1905
-1767
-751
1116
3697
6748
9947
12924
15299
16721
16907
15677
12975
8884
3625
-2457
-8921
-15259
-20946
-25483
-28446
-29520
-28534
-25481
-20518
-13964
-6269
2013
10278
17913
24348
29110
31850
32381
30690
26935
21434
14630
7066
-679
-8025
-14448
-19514
-22919
-24507
-24276
-22379
-19092
-14793
-9924
-4941
-275
3704
6725
8631
9393
9101
7956
6234
4261
2371
871
0
-89
646
2140
4214
6604
8985
11006
12328
12664
11810
9677
6301
1850
-3385
-9015
-14580
-19594
-23586
-26145
-26961
-25857
-22809
-17954
-11584
-4127
3888
11873
19227
25387
29875
32339
32586
30590
26505
20642
13453
5484
-2664
-10393
-17145
-22459
-25999
-27581
-27185
-24948
-21151
-16185
-10518
-4645
952
5849
9714
12332
13621
13632
12534
10593
8141
5536
3123
1198
-21
-421
0
1132
2770
4630
6391
7722
8329
7982
6552
4023
505
-3771
-8475
-13202
-17506
-20949
-23136
-23763
-22642
-19729
-15135
-9121
-2079
5492
13031
19958
25723
29855
32001
31960
29701
25364
19258
11827
3620
-4755
-12685
-19594
-24999
-28539
-30012
-29379
-26768
-22463
-16866
-10467
-3797
2617
8303
12875
16068
17752
17940
16778
14524
11519
8143
4784
1794
-546
-2054
-2658
-2401
-1435
0
1605
3061
4058
4339
3730
2159
-324
-3561
-7280
-11133
-14724
-17642
-19517
-20042
-19019
-16383
-12207
-6716
-259
6705
13651
20028
25305
29024
30837
30535
28078
23597
17384
9873
1605
-6812
-14761
-21659
-27006
-30430
-31708
-30791
-27801
-23018
-16856
-9823
-2479
4614
10940
16068
19687
21629
21875
20550
17908
14295
10122
5817
1782
-1636
-4191
-5741
-6268
-5873
-4755
-3191
-1498
0
1016
1325
798
-584
-2730
-5438
-8417
-11316
-13765
-15405
-15933
-15135
-12917
-9316
-4505
1211
7426
13655
19383
24110
27390
28881
28371
25810
21308
15141
7722
-420
-8695
-16487
-23215
-28376
-31583
-32607
-31387
-28038
-22839
-16206
-8664
-791
6820
13621
19144
23040
25107
25300
23730
20643
16400
11434
6213
1190
-3233
-6741
-9133
-10333
-10393
-9476
-7841
-5804
-3705
-1870
-571
0
-246
-1286
-2988
-5120
-7384
-9437
-10939
-11584
-11142
-9483
-6599
-2613
2230
7575
12991
18005
22146
24990
26198
25559
23003
18622
12664
5516
-2319
-10272
-17743
-24161
-29021
-31939
-32675
-31162
-27504
-21976
-14996
-7091
1144
9101
16205
21957
25983
28052
28100
26220
22661
17792
12069
5996
71
-5249
-9593
-12702
-14448
-14837
-14005
-12191
-9717
-6941
-4226
-1895
-204
688
734
0
-1344
-3047
-4798
-6269
-7152
-7192
-6223
-4186
-1144
2715
7102
11639
15902
19454
21890
22883
22210
19787
15677
10095
3395
-3958
-11423
-18428
-24413
-28888
-31469
-31913
-30143
-26253
-20511
-13326
-5225
3196
11317
18546
24369
28387
30352
30178
27953
23921
18461
12049
5217
-1491
-7578
-12618
-16304
-18458
-19050
-18189
-16102
-13116
-9609
-5982
-2611
186
2186
3269
3433
2792
1554
0
-1554
-2792
-3433
-3269
-2186
-186
2611
5982
9609
13116
16102
18189
19050
18458
16304
12618
7578
1491
-5217
-12049
-18461
-23921
-27953
-30178
-30352
-28387
-24369
-18546
-11317
-3196
5225
13326
20511
26253
30143
31913
31469
28888
24413
18428
11423
3958
-3395
-10095
-15677
-19787
-22210
-22883
-21890
-19454
-15902
-11639
-7102
-2715
1144
4186
6223
7192
7152
6269
4798
3047
1344
0
-734
-688
204
1895
4226
6941
9717
12191
14005
14837
14448
12702
9593
5249
-71
-5996
-12069
-17792
-22661
-26220
-28100
-28052
-25983
-21957
-16205
-9101
-1144
7091
14996
21976
27504
31162
32675
31939
29021
24161
17743
10272
2319
-5516
-12664
-18622
-23003
-25559
-26198
-24990
-22146
-18005
-12991
-7575
-2230
2613
6599
9483
11142
11584
10939
9437
7384
5120
2988
1286
246
0
571
1870
3705
5804
7841
9476
10393
10333
9133
6741
3233
-1190
-6213
-11434
-16400
-20643
-23730
-25300
-25107
-23040
-19144
-13621
-6820
791
8664
16206
22839
28038
31387
32607
31583
28376
23215
16487
8695
420
-7722
-15141
-21308
-25810
-28371
-28881
-27390
-24110
-19383
-13655
-7426
-1211
4505
9316
12917
15135
15933
15405
13765
11316
8417
5438
2730
584
-798
-1325
-1016
0
1498
3191
4755
5873
6268
5741
4191
1636
-1782
-5817
-10122
-14295
-17908
-20550
-21875
-21629
-19687
-16068
-10940
-4614
2479
9823
16856
23018
27801
30791
31708
30430
27006
21659
14761
6812
-1605
-9873
-17384
-23597
-28078
-30535
-30837
-29024
-25305
-20028
-13651
-6705
259
6716
12207
16383
19019
20042
19517
17642
14724
11133
7280
3561
324
-2159
-3730
-4339
-4058
-3061
-1605
0
1435
2401
2658
2054
546
-1794
-4784
-8143
-11519
-14524
-16778
-17940
-17752
-16068
-12875
-8303
-2617
3797
10467
16866
22463
26768
29379
30012
28539
24999
19594
12685
4755
-3620
-11827
-19258
-25364
-29701
-31960
-32001
-29855
-25723
-19958
-13031
-5492
2079
9121
15135
19729
22642
23763
23136
20949
17506
13202
8475
3771
-505
-4023
-6552
-7982
-8329
-7722
-6391
-4630
-2770
-1132
0
421
21
-1198
-3123
-5536
-8141
-10593
-12534
-13632
-13621
-12332
-9714
-5849
-952
4645
10518
16185
21151
24948
27185
27581
25999
22459
17145
10393
2664
-5484
-13453
-20642
-26505
-30590
-32586
-32339
-29875
-25387
-19227
-11873
-3888
4127
11584
17954
22809
25857
26961
26145
23586
19594
14580
9015
3385
-1850
-6301
-9677
-11810
-12664
-12328
-11006
-8985
-6604
-4214
-2140
-646
89
0
-871
-2371
-4261
-6234
-7956
-9101
-9393
-8631
-6725
-3704
275
4941
9924
14793
19092
22379
24276
24507
22919
19514
14448
8025
679
-7066
-14630
-21434
-26935
-30690
-32381
-31850
-29110
-24348
-17913
-10278
-2013
6269
13964
20518
25481
28534
29520
28446
25483
20946
15259
8921
2457
-3625
-8884
-12975
-15677
-16907
-16721
-15299
-12924
-9947
-6748
-3697
-1116
751
1767
1905
1253
0
-1586
-3196
-4505
-5220
-5111
-4039
-1976
983
4632
8664
12700
16326
19130
20749
20904
19430
16304
11646
5724
-1068
-8245
-15259
-21552
-26603
-29974
-31348
-30562
-27617
-22691
-16118
-8366
0
8366
16118
22691
27617
30562
31348
29974
26603
21552
15259
8245
1068
-5724
-11646
-16304
-19430
-20904
-20749
-19130
-16326
-12700
-8664
-4632
-983
1976
4039
5111
5220
4505
3196
1586
0
-1253
-1905
-1767
-751
1116
3697
6748
9947
12924
15299
16721
16907
15677
12975
8884
3625
-2457
-8921
-15259
-20946
-25483
-28446
-29520
-28534
-25481
-20518
-13964
-6269
2013
10278
17913
24348
29110
31850
32381
30690
26935
21434
14630
7066
-679
-8025
-14448
-19514
-22919
-24507
-24276
-22379
-19092
-14793
-9924
-4941
-275
3704
6725
8631
9393
9101
7956
6234
4261
2371
871
0
-89
646
2140
4214
6604
8985
11006
12328
12664
11810
9677
6301
1850
-3385
-9015
-14580
-19594
-23586
-26145
-26961
-25857
-22809
-17954
-11584
-4127
3888
11873
19227
25387
29875
32339
32586
30590
26505
20642
13453
5484
-2664
-10393
-17145
-22459
-25999
-27581
-27185
-24948
-21151
-16185
-10518
-4645
952
5849
9714
12332
13621
13632
12534
10593
8141
5536
3123
1198
-21
-421
0
1132
2770
4630
6391
7722
8329
7982
6552
4023
505
-3771
-8475
-13202
-17506
-20949
-23136
-23763
-22642
-19729
-15135
-9121
-2079
5492
13031
19958
25723
29855
32001
31960
29701
25364
19258
11827
3620
-4755
-12685
-19594
-24999
-28539
-30012
-29379
-26768
-22463
-16866
-10467
-3797
2617
8303
12875
16068
17752
17940
16778
14524
11519
8143
4784
1794
-546
-2054
-2658
-2401
-1435
0
1605
3061
4058
4339
3730
2159
-324
-3561
-7280
-11133
-14724
-17642
-19517
-20042
-19019
-16383
-12207
-6716
-259
6705
13651
20028
25305
29024
30837
30535
28078
23597
17384
9873
1605
-6812
-14761
-21659
-27006
-30430
-31708
-30791
-27801
-23018
-16856
-9823
-2479
4614
10940
16068
19687
21629
21875
20550
17908
14295
10122
5817
1782
-1636
-4191
-5741
-6268
-5873
-4755
-3191
-1498
0
1016
1325
798
-584
-2730
-5438
-8417
-11316
-13765
-15405
-15933
-15135
-12917
-9316
-4505
1211
7426
13655
19383
24110
27390
28881
28371
25810
21308
15141
7722
-420
-8695
-16487
-23215
-28376
-31583
-32607
-31387
-28038
-22839
-16206
-8664
-791
6820
13621
19144
23040
25107
25300
23730
20643
16400
11434
6213
1190
-3233
-6741
-9133
-10333
-10393
-9476
-7841
-5804
-3705
-1870
-571
0
-246
-1286
-2988
-5120
-7384
-9437
-10939
-11584
-11142
-9483
-6599
-2613
2230
7575
12991
18005
22146
24990
26198
25559
23003
18622
12664
5516
-2319
-10272
-17743
-24161
-29021
-31939
-32675
-31162
-27504
-21976
-14996
-7091
1144
9101
16205
21957
25983
28052
28100
26220
22661
17792
12069
5996
71
-5249
-9593
-12702
-14448
-14837
-14005
-12191
-9717
-6941
-4226
-1895
-204
688
734
0
-1344
-3047
-4798
-6269
-7152
-7192
-6223
-4186
-1144
2715
7102
11639
15902
19454
21890
22883
22210
19787
15677
10095
3395
-3958
-11423
-18428
-24413
-28888
-31469
-31913
-30143
-26253
-20511
-13326
-5225
3196
11317
18546
24369
28387
30352
30178
27953
23921
18461
12049
5217
-1491
-7578
-12618
-16304
-18458
-19050
-18189
-16102
-13116
-9609
-5982
-2611
186
2186
3269
3433
2792
1554
0
-1554
-2792
-3433
-3269
-2186
-186
2611
5982
9609
13116
16102
18189
19050
18458
16304
12618
7578
1491
-5217
-12049
-18461
-23921
-27953
-30178
-30352
-28387
-24369
-18546
-11317
-3196
5225
13326
20511
26253
30143
31913
31469
28888
24413
18428
11423
3958
-3395
-10095
-15677
-19787
-22210
-22883
-21890
-19454
-15902
-11639
-7102
-2715
1144
4186
6223
7192
7152
6269
4798
3047
1344
0
-734
-688
204
1895
4226
6941
9717
12191
14005
14837
14448
12702
9593
5249
-71
-5996
-12069
-17792
-22661
-26220
-28100
-28052
-25983
-21957
-16205
-9101
-1144
7091
14996
21976
27504
31162
32675
31939
29021
24161
17743
10272
2319
-5516
-12664
-18622
-23003
-25559
-26198
-24990
-22146
-18005
-12991
-7575
-2230
2613
6599
9483
11142
11584
10939
9437
7384
5120
2988
1286
246
0
571
1870
3705
5804
7841
9476
10393
10333
9133
6741
3233
-1190
-6213
-11434
-16400
-20643
-23730
-25300
-25107
-23040
-19144
-13621
-6820
791
8664
16206
22839
28038
31387
32607
31583
28376
23215
16487
8695
420
-7722
-15141
-21308
-25810
-28371
-28881
-27390
-24110
-19383
-13655
-7426
-1211
4505
9316
12917
15135
15933
15405
13765
11316
8417
5438
2730
584
-798
-1325
-1016
0
1498
3191
4755
5873
6268
5741
4191
1636
-1782
-5817
-10122
-14295
-17908
-20550
-21875
-21629
-19687
-16068
-10940
-4614
2479
9823
16856
23018
27801
30791
31708
30430
27006
21659
14761
6812
-1605
-9873
-17384
-23597
-28078
-30535
-30837
-29024
-25305
-20028
-13651
-6705
259
6716
12207
16383
19019
20042
19517
17642
14724
11133
7280
3561
324
-2159
-3730
-4339
-4058
-3061
-1605
0
1435
2401
2658
2054
546
-1794
-4784
-8143
-11519
-14524
-16778
-17940
-17752
-16068
-12875
-8303
-2617
3797
10467
16866
22463
26768
29379
30012
28539
24999
19594
12685
4755
-3620
-11827
-19258
-25364
-29701
-31960
-32001
-29855
-25723
-19958
-13031
-5492
2079
9121
15135
19729
22642
23763
23136
20949
17506
13202
8475
3771
-505
-4023
-6552
-7982
-8329
-7722
-6391
-4630
-2770
-1132
0
421
21
-1198
-3123
-5536
-8141
-10593
-12534
-13632
-13621
-12332
-9714
-5849
-952
4645
10518
16185
21151
24948
27185
27581
25999
22459
17145
10393
2664
-5484
-13453
-20642
-26505
-30590
-32586
-32339
-29875
-25387
-19227
-11873
-3888
4127
11584
17954
22809
25857
26961
26145
23586
19594
14580
9015
3385
-1850
-6301
-9677
-11810
-12664
-12328
-11006
-8985
-6604
-4214
-2140
-646
89
0
-871
-2371
-4261
-6234
-7956
-9101
-9393
-8631
-6725
-3704
275
4941
9924
14793
19092
22379
24276
24507
22919
19514
14448
8025
679
-7066
-14630
-21434
-26935
-30690
-32381
-31850
-29110
-24348
-17913
-10278
-2013
6269
13964
20518
25481
28534
29520
28446
25483
20946
15259
8921
2457
-3625
-8884
-12975
-15677
-16907
-16721
-15299
-12924
-9947
-6748
-3697
-1116
751
1767
1905
1253
0
-1586
-3196
-4505
-5220
-5111
-4039
-1976
983
4632
8664
12700
16326
19130
20749
20904
19430
16304
11646
5724
-1068
-8245
-15259
-21552
-26603
-29974
-31348
-30562
-27617
-22691
-16118
-8366
0
8366
16118
22691
27617
30562
31348
29974
26603
21552
15259
8245
1068
-5724
-11646
-16304
-19430
-20904
-20749
-19130
-16326
-12700
-8664
-4632
-983
1976
4039
5111
5220
4505
3196
1586
0
-1253
-1905
-1767
-751
1116
3697
6748
9947
12924
15299
16721
16907
15677
12975
8884
3625
-2457
-8921
-15259
-20946
-25483
-28446
-29520
-28534
-25481
-20518
-13964
-6269
2013
10278
17913
24348
29110
31850
32381
30690
26935
21434
14630
7066
-679
-8025
-14448
-19514
-22919
-24507
-24276
-22379
-19092
-14793
-9924
-4941
-275
3704
6725
8631
9393
9101
7956
6234
4261
2371
871
0
-89
646
2140
4214
6604
8985
11006
12328
12664
11810
9677
6301
1850
-3385
-9015
-14580
-19594
-23586
-26145
-26961
-25857
-22809
-17954
-11584
-4127
3888
11873
19227
25387
29875
32339
32586
30590
26505
20642
13453
5484
-2664
-10393
-17145
-22459
-25999
-27581
-27185
-24948
-21151
-16185
-10518
-4645
952
5849
9714
12332
13621
13632
12534
10593
8141
5536
3123
1198
-21
-421
0
1132
2770
4630
6391
7722
8329
7982
6552
4023
505
-3771
-8475
-13202
-17506
-20949
-23136
-23763
-22642
-19729
-15135
-9121
-2079
5492
13031
19958
25723
29855
32001
31960
29701
25364
19258
11827
3620
-4755
-12685
-19594
-24999
-28539
-30012
-29379
-26768
-22463
-16866
-10467
-3797
2617
8303
12875
16068
17752
17940
16778
14524
11519
8143
4784
1794
-546
-2054
-2658
-2401
-1435
0
1605
3061
4058
4339
3730
2159
-324
-3561
-7280
-11133
-14724
-17642
-19517
-20042
-19019
-16383
-12207
-6716
-259
6705
13651
20028
25305
29024
30837
30535
28078
23597
17384
9873
1605
-6812
-14761
-21659
-27006
-30430
-31708
-30791
-27801
-23018
-16856
-9823
-2479
4614
10940
16068
19687
21629
21875
20550
17908
14295
10122
5817
1782
-1636
-4191
-5741
-6268
-5873
-4755
-3191
-1498
0
1016
1325
798
-584
-2730
-5438
-8417
-11316
-13765
-15405
-15933
-15135
-12917
-9316
-4505
1211
7426
13655
19383
24110
27390
28881
28371
25810
21308
15141
7722
-420
-8695
-16487
-23215
-28376
-31583
-32607
-31387
-28038
-22839
-16206
-8664
-791
6820
13621
19144
23040
25107
25300
23730
20643
16400
11434
6213
1190
-3233
-6741
-9133
-10333
-10393
-9476
-7841
-5804
-3705
-1870
-571
0
-246
-1286
-2988
-5120
-7384
-9437
-10939
-11584
-11142
-9483
-6599
-2613
2230
7575
12991
18005
22146
24990
26198
25559
23003
18622
12664
5516
-2319
-10272
-17743
-24161
-29021
-31939
-32675
-31162
-27504
-21976
-14996
-7091
1144
9101
16205
21957
25983
28052
28100
26220
22661
17792
12069
5996
71
-5249
-9593
-12702
-14448
-14837
-14005
-12191
-9717
-6941
-4226
-1895
-204
688
734
0
-1344
-3047
-4798
-6269
-7152
-7192
-6223
-4186
-1144
2715
7102
11639
15902
19454
21890
22883
22210
19787
15677
10095
3395
-3958
-11423
-18428
-24413
-28888
-31469
-31913
-30143
-26253
-20511
-13326
-5225
3196
11317
18546
24369
28387
30352
30178
27953
23921
18461
12049
5217
-1491
-7578
-12618
-16304
-18458
-19050
-18189
-16102
-13116
-9609
-5982
-2611
186
2186
3269
3433
2792
1554
0
-1554
-2792
-3433
-3269
-2186
-186
2611
5982
9609
13116
16102
18189
19050
18458
16304
12618
7578
1491
-5217
-12049
-18461
-23921
-27953
-30178
-30352
-28387
-24369
-18546
-11317
-3196
5225
13326
20511
26253
30143
31913
31469
28888
24413
18428
11423
3958
-3395
-10095
-15677
-19787
-22210
-22883
-21890
-19454
-15902
-11639
-7102
-2715
1144
4186
6223
7192
7152
6269
4798
3047
1344
0
-734
-688
204
1895
4226
6941
9717
12191
14005
14837
14448
12702
9593
5249
-71
-5996
-12069
-17792
-22661
-26220
-28100
-28052
-25983
-21957
-16205
-9101
-1144
7091
14996
21976
27504
31162
32675
31939
29021
24161
17743
10272
2319
-5516
-12664
-18622
-23003
-25559
-26198
-24990
-22146
-18005
-12991
-7575
-2230
2613
6599
9483
11142
11584
10939
9437
7384
5120
2988
1286
246
0
571
1870
3705
5804
7841
9476
10393
10333
9133
6741
3233
-1190
-6213
-11434
-16400
-20643
-23730
-25300
-25107
-23040
-19144
-13621
-6820
791
8664
16206
22839
28038
31387
32607
31583
28376
23215
16487
8695
420
-7722
-15141
-21308
-25810
-28371
-28881
-27390
-24110
-19383
-13655
-7426
-1211
4505
9316
12917
15135
15933
15405
13765
11316
8417
5438
2730
584
-798
-1325
-1016
0
1498
3191
4755
5873
6268
5741
4191
1636
-1782
-5817
-10122
-14295
-17908
-20550
-21875
-21629
-19687
-16068
-10940
-4614
2479
9823
16856
23018
27801
30791
31708
30430
27006
21659
14761
6812
-1605
-9873
-17384
-23597
-28078
-30535
-30837
-29024
-25305
-20028
-13651
-6705
259
6716
12207
16383
19019
20042
19517
17642
14724
11133
7280
3561
324
-2159
-3730
-4339
-4058
-3061
-1605
0
1435
2401
2658
2054
546
-1794
-4784
-8143
-11519
-14524
-16778
-17940
-17752
-16068
-12875
-8303
-2617
3797
10467
16866
22463
26768
29379
30012
28539
24999
19594
12685
4755
-3620
-11827
-19258
-25364
-29701
-31960
-32001
-29855
-25723
-19958
-13031
-5492
2079
9121
15135
19729
22642
23763
23136
20949
17506
13202
8475
3771
-505
-4023
-6552
-7982
-8329
-7722
-6391
-4630
-2770
-1132
0
421
21
-1198
-3123
-5536
-8141
-10593
-12534
-13632
-13621
-12332
-9714
-5849
-952
4645
10518
16185
21151
24948
27185
27581
25999
22459
17145
10393
2664
-5484
-13453
-20642
-26505
-30590
-32586
-32339
-29875
-25387
-19227
-11873
-3888
4127
11584
17954
22809
25857
26961
26145
23586
19594
14580
9015
3385
-1850
-6301
-9677
-11810
-12664
-12328
-11006
-8985
-6604
-4214
-2140
-646
89
0
-871
-2371
-4261
-6234
-7956
-9101
-9393
-8631
-6725
-3704
275
4941
9924
14793
19092
22379
24276
24507
22919
19514
14448
8025
679
-7066
-14630
-21434
-26935
-30690
-32381
-31850
-29110
-24348
-17913
-10278
-2013
6269
13964
20518
25481
28534
29520
28446
25483
20946
15259
8921
2457
-3625
-8884
-12975
-15677
-16907
-16721
-15299
-12924
-9947
-6748
-3697
-1116
751
1767
1905
1253
0
-1586
-3196
-4505
-5220
-5111
-4039
-1976
983
4632
8664
12700
16326
19130
20749
20904
19430
16304
11646
5724
-1068
-8245
-15259
-21552
-26603
-29974
-31348
-30562
-27617
-22691
-16118
-8366
0
8366
16118
22691
27617
30562
31348
29974
26603
21552
15259
8245
1068
-5724
-11646
-16304
-19430
-20904
-20749
-19130
-16326
-12700
-8664
-4632
-983
1976
4039
5111
5220
4505
3196
1586
0
-1253
-1905
-1767
-751
1116
3697
6748
9947
12924
15299
16721
16907
15677
12975
8884
3625
-2457
-8921
-15259
-20946
-25483
-28446
-29520
-28534
-25481
-20518
-13964
-6269
2013
10278
17913
24348
29110
31850
32381
30690
26935
21434
14630
7066
-679
-8025
-14448
-19514
-22919
-24507
-24276
-22379
-19092
-14793
-9924
-4941
-275
3704
6725
8631
9393
9101
7956
6234
4261
2371
871
0
-89
646
2140
4214
6604
8985
11006
12328
12664
11810
9677
6301
1850
-3385
-9015
-14580
-19594
-23586
-26145
-26961
-25857
-22809
-17954
-11584
-4127
3888
11873
19227
25387
29875
32339
32586
30590
26505
20642
13453
5484
-2664
-10393
-17145
-22459
-25999
-27581
-27185
-24948
-21151
-16185
-10518
-4645
952
5849
9714
12332
13621
13632
12534
10593
8141
5536
3123
1198
-21
-421
0
1132
2770
4630
6391
7722
8329
7982
6552
4023
505
-3771
-8475
-13202
-17506
-20949
-23136
-23763
-22642
-19729
-15135
-9121
-2079
5492
13031
19958
25723
29855
32001
31960
29701
25364
19258
11827
3620
-4755
-12685
-19594
-24999
-28539
-30012
-29379
-26768
-22463
-16866
-10467
-3797
2617
8303
12875
16068
17752
17940
16778
14524
11519
8143
4784
1794
-546
-2054
-2658
-2401
-1435
0
1605
3061
4058
4339
3730
2159
-324
-3561
-7280
-11133
-14724
-17642
-19517
-20042
-19019
-16383
-12207
-6716
-259
6705
13651
20028
25305
29024
30837
30535
28078
23597
17384
9873
1605
-6812
-14761
-21659
-27006
-30430
-31708
-30791
-27801
-23018
-16856
-9823
-2479
4614
10940
16068
19687
21629
21875
20550
17908
14295
10122
5817
1782
-1636
-4191
-5741
-6268
-5873
-4755
-3191
-1498
0
1016
1325
798
-584
-2730
-5438
-8417
-11316
-13765
-15405
-15933
-15135
-12917
-9316
-4505
1211
7426
13655
19383
24110
27390
28881
28371
25810
21308
15141
7722
-420
-8695
-16487
-23215
-28376
-31583
-32607
-31387
-28038
-22839
-16206
-8664
-791
6820
13621
19144
23040
25107
25300
23730
20643
16400
11434
6213
1190
-3233
-6741
-9133
-10333
-10393
-9476
-7841
-5804
-3705
-1870
-571
0
-246
-1286
-2988
-5120
-7384
-9437
-10939
-11584
-11142
-9483
-6599
-2613
2230
7575
12991
18005
22146
24990
26198
25559
23003
18622
12664
5516
-2319
-10272
-17743
-24161
-29021
-31939
-32675
-31162
-27504
-21976
-14996
-7091
1144
9101
16205
21957
25983
28052
28100
26220
22661
17792
12069
5996
71
-5249
-9593
-12702
-14448
-14837
-14005
-12191
-9717
-6941
-4226
-1895
-204
688
734
0
-1344
-3047
-4798
-6269
-7152
-7192
-6223
-4186
-1144
2715
7102
11639
15902
19454
21890
22883
22210
19787
15677
10095
3395
-3958
-11423
-18428
-24413
-28888
-31469
-31913
-30143
-26253
-20511
-13326
-5225
3196
11317
18546
24369
28387
30352
30178
27953
23921
18461
12049
5217
-1491
-7578
-12618
-16304
-18458
-19050
-18189
-16102
-13116
-9609
-5982
-2611
186
2186
3269
3433
2792
1554
0
-1554
-2792
-3433
-3269
-2186
-186
2611
5982
9609
13116
16102
18189
19050
18458
16304
12618
7578
1491
-5217
-12049
-18461
-23921
-27953
-30178
-30352
-28387
-24369
-18546
-11317
-3196
5225
13326
20511
26253
30143
31913
31469
28888
24413
18428
11423
3958
-3395
-10095
-15677
-19787
-22210
-22883
-21890
-19454
-15902
-11639
-7102
-2715
1144
4186
6223
7192
7152
6269
4798
3047
1344
0
-734
-688
204
1895
4226
6941
9717
12191
14005
14837
14448
12702
9593
5249
-71
-5996
-12069
-17792
-22661
-26220
-28100
-28052
-25983
-21957
-16205
-9101
-1144
7091
14996
21976
27504
31162
32675
31939
29021
24161
17743
10272
2319
-5516
-12664
-18622
-23003
-25559
-26198
-24990
-22146
-18005
-12991
-7575
-2230
2613
6599
9483
11142
11584
10939
9437
7384
5120
2988
1286
246
0
571
1870
3705
5804
7841
9476
10393
10333
9133
6741
3233
-1190
-6213
-11434
-16400
-20643
-23730
-25300
-25107
-23040
-19144
-13621
-6820
791
8664
16206
22839
28038
31387
32607
31583
28376
23215
16487
8695
420
-7722
-15141
-21308
-25810
-28371
-28881
-27390
-24110
-19383
-13655
-7426
-1211
4505
9316
12917
15135
15933
15405
13765
11316
8417
5438
2730
584
-798
-1325
-1016
0
1498
3191
4755
5873
6268
5741
4191
1636
-1782
-5817
-10122
-14295
-17908
-20550
-21875
-21629
-19687
-16068
-10940
-4614
2479
9823
16856
23018
27801
30791
31708
30430
27006
21659
14761
6812
-1605
-9873
-17384
-23597
-28078
-30535
-30837
-29024
-25305
-20028
-13651
-6705
259
6716
12207
16383
19019
20042
19517
17642
14724
11133
7280
3561
324
-2159
-3730
-4339
-4058
-3061
-1605
0
1435
2401
2658
2054
546
-1794
-4784
-8143
-11519
-14524
-16778
-17940
-17752
-16068
-12875
-8303
-2617
3797
10467
16866
22463
26768
29379
30012
28539
24999
19594
12685
4755
-3620
-11827
-19258
-25364
-29701
-31960
-32001
-29855
-25723
-19958
-13031
-5492
2079
9121
15135
19729
22642
23763
23136
20949
17506
13202
8475
3771
-505
-4023
-6552
-7982
-8329
-7722
-6391
-4630
-2770
-1132
0
421
21
-1198
-3123
-5536
-8141
-10593
-12534
-13632
-13621
-12332
-9714
-5849
-952
4645
10518
16185
21151
24948
27185
27581
25999
22459
17145
10393
2664
-5484
-13453
-20642
-26505
-30590
-32586
-32339
-29875
-25387
-19227
-11873
-3888
4127
11584
17954
22809
25857
26961
26145
23586
19594
14580
9015
3385
-1850
-6301
-9677
-11810
-12664
-12328
-11006
-8985
-6604
-4214
-2140
-646
89
0
-871
-2371
-4261
-6234
-7956
-9101
-9393
-8631
-6725
-3704
275
4941
9924
14793
19092
22379
24276
24507
22919
19514
14448
8025
679
-7066
-14630
-21434
-26935
-30690
-32381
-31850
-29110
-24348
-17913
-10278
-2013
6269
13964
20518
25481
28534
29520
28446
25483
20946
15259
8921
2457
-3625
-8884
-12975
-15677
-16907
-16721
-15299
-12924
-9947
-6748
-3697
-1116
751
1767
1905
1253
0
-1586
-3196
-4505
-5220
-5111
-4039
-1976
983
4632
8664
12700
16326
19130
20749
20904
19430
16304
11646
5724
-1068
-8245
-15259
-21552
-26603
-29974
-31348
-30562
-27617
-22691
-16118
-8366
0
8366
16118
22691
27617
30562
31348
29974
26603
21552
15259
8245
1068
-5724
-11646
-16304
-19430
-20904
-20749
-19130
-16326
-12700
-8664
-4632
-983
1976
4039
5111
5220
4505
3196
1586
0
-1253
-1905
-1767
-751
1116
3697
6748
9947
12924
15299
16721
16907
15677
12975
8884
3625
-2457
-8921
-15259
-20946
-25483
-28446
-29520
-28534
-25481
-20518
-13964
-6269
2013
10278
17913
24348
29110
31850
32381
30690
26935
21434
14630
7066
-679
-8025
-14448
-19514
-22919
-24507
-24276
-22379
-19092
-14793
-9924
-4941
-275
3704
6725
8631
9393
9101
7956
6234
4261
2371
871
0
-89
646
2140
4214
6604
8985
11006
12328
12664
11810
9677
6301
1850
-3385
-9015
-14580
-19594
-23586
-26145
-26961
-25857
-22809
-17954
-11584
-4127
3888
11873
19227
25387
29875
32339
32586
30590
26505
20642
13453
5484
-2664
-10393
-17145
-22459
-25999
-27581
-27185
-24948
-21151
-16185
-10518
-4645
952
5849
9714
12332
13621
13632
12534
10593
8141
5536
3123
1198
-21
-421
0
1132
2770
4630
6391
7722
8329
7982
6552
4023
505
-3771
-8475
-13202
-17506
-20949
-23136
-23763
-22642
-19729
-15135
-9121
-2079
5492
13031
19958
25723
29855
32001
31960
29701
25364
19258
11827
3620
-4755
-12685
-19594
-24999
-28539
-30012
-29379
-26768
-22463
-16866
-10467
-3797
2617
8303
12875
16068
17752
17940
16778
14524
11519
8143
4784
1794
-546
-2054
-2658
-2401
-1435
0
1605
3061
4058
4339
3730
2159
-324
-3561
-7280
-11133
-14724
-17642
-19517
-20042
-19019
-16383
-12207
-6716
-259
6705
13651
20028
25305
29024
30837
30535
28078
23597
17384
9873
1605
-6812
-14761
-21659
-27006
-30430
-31708
-30791
-27801
-23018
-16856
-9823
-2479
4614
10940
16068
19687
21629
21875
20550
17908
14295
10122
5817
1782
-1636
-4191
-5741
-6268
-5873
-4755
-3191
-1498
0
1016
1325
798
-584
-2730
-5438
-8417
-11316
-13765
-15405
-15933
-15135
-12917
-9316
-4505
1211
7426
13655
19383
24110
27390
28881
28371
25810
21308
15141
7722
-420
-8695
-16487
-23215
-28376
-31583
-32607
-31387
-28038
-22839
-16206
-8664
-791
6820
13621
19144
23040
25107
25300
23730
20643
16400
11434
6213
1190
-3233
-6741
-9133
-10333
-10393
-9476
-7841
-5804
-3705
-1870
-571
0
-246
-1286
-2988
-5120
-7384
-9437
-10939
-11584
-11142
-9483
-6599
-2613
2230
7575
12991
18005
22146
24990
26198
25559
23003
18622
12664
5516
-2319
-10272
-17743
-24161
-29021
-31939
-32675
-31162
-27504
-21976
-14996
-7091
1144
9101
16205
21957
25983
28052
28100
26220
22661
17792
12069
5996
71
-5249
-9593
-12702
-14448
-14837
-14005
-12191
-9717
-6941
-4226
-1895
-204
688
734
0
-1344
-3047
-4798
-6269
-7152
-7192
-6223
-4186
-1144
2715
7102
11639
15902
19454
21890
22883
22210
19787
15677
10095
3395
-3958
-11423
-18428
-24413
-28888
-31469
-31913
-30143
-26253
-20511
-13326
-5225
3196
11317
18546
24369
28387
30352
30178
27953
23921
18461
12049
5217
-1491
-7578
-12618
-16304
-18458
-19050
-18189
-16102
-13116
-9609
-5982
-2611
186
2186
3269
3433
2792
1554
0
-1554
-2792
-3433
-3269
-2186
-186
2611
5982
9609
13116
16102
18189
19050
18458
16304
12618
7578
1491
-5217
-12049
-18461
-23921
-27953
-30178
-30352
-28387
-24369
-18546
-11317
-3196
5225
13326
20511
26253
30143
31913
31469
28888
24413
18428
11423
3958
-3395
-10095
-15677
-19787
-22210
-22883
-21890
-19454
-15902
-11639
-7102
-2715
1144
4186
6223
7192
7152
6269
4798
3047
1344
0
-734
-688
204
1895
4226
6941
9717
12191
14005
14837
14448
12702
9593
5249
-71
-5996
-12069
-17792
-22661
-26220
-28100
-28052
-25983
-21957
-16205
-9101
-1144
7091
14996
21976
27504
31162
32675
31939
29021
24161
17743
10272
2319
-5516
-12664
-18622
-23003
-25559
-26198
-24990
-22146
-18005
-12991
-7575
-2230
2613
6599
9483
11142
11584
10939
9437
7384
5120
2988
1286
246
0
571
1870
3705
5804
7841
9476
10393
10333
9133
6741
3233
-1190
-6213
-11434
-16400
-20643
-23730
-25300
-25107
-23040
-19144
-13621
-6820
791
8664
16206
22839
28038
31387
32607
31583
28376
23215
16487
8695
420
-7722
-15141
-21308
-25810
-28371
-28881
-27390
-24110
-19383
-13655
-7426
-1211
4505
9316
12917
15135
15933
15405
13765
11316
8417
5438
2730
584
-798
-1325
-1016
0
1498
3191
4755
5873
6268
5741
4191
1636
-1782
-5817
-10122
-14295
-17908
-20550
-21875
-21629
-19687
-16068
-10940
-4614
2479
9823
16856
23018
27801
30791
31708
30430
27006
21659
14761
6812
-1605
-9873
-17384
-23597
-28078
-30535
-30837
-29024
-25305
-20028
-13651
-6705
259
6716
12207
16383
19019
20042
19517
17642
14724
11133
7280
3561
324
-2159
-3730
-4339
-4058
-3061
-1605
0
1435
2401
2658
2054
546
-1794
-4784
-8143
-11519
-14524
-16778
-17940
-17752
-16068
-12875
-8303
-2617
3797
10467
16866
22463
26768
29379
30012
28539
24999
19594
12685
4755
-3620
-11827
-19258
-25364
-29701
-31960
-32001
-29855
-25723
-19958
-13031
-5492
2079
9121
15135
19729
22642
23763
23136
20949
17506
13202
8475
3771
-505
-4023
-6552
-7982
-8329
-7722
-6391
-4630
-2770
-1132
0
421
21
-1198
-3123
-5536
-8141
-10593
-12534
-13632
-13621
-12332
-9714
-5849
-952
4645
10518
16185
21151
24948
27185
27581
25999
22459
17145
10393
2664
-5484
-13453
-20642
-26505
-30590
-32586
-32339
-29875
-25387
-19227
-11873
-3888
4127
11584
17954
22809
25857
26961
26145
23586
19594
14580
9015
3385
-1850
-6301
-9677
-11810
-12664
-12328
-11006
-8985
-6604
-4214
-2140
-646
89
0
-871
-2371
-4261
-6234
-7956
-9101
-9393
-8631
-6725
-3704
275
4941
9924
14793
19092
22379
24276
24507
22919
19514
14448
8025
679
-7066
-14630
-21434
-26935
-30690
-32381
-31850
-29110
-24348
-17913
-10278
-2013
6269
13964
20518
25481
28534
29520
28446
25483
20946
15259
8921
2457
-3625
-8884
-12975
-15677
-16907
-16721
-15299
-12924
-9947
-6748
-3697
-1116
751
1767
1905
1253
0
-1586
-3196
-4505
-5220
-5111
-4039
-1976
983
4632
8664
12700
16326
19130
20749
20904
19430
16304
11646
5724
-1068
-8245
-15259
-21552
-26603
-29974
-31348
-30562
-27617
-22691
-16118
-8366
