17269
10860
2323
-6503
-13675
-17624
-17552
-13646
-7044
438
6748
10116
9502
4874
-2766
-11612
-19489
-24393
-24992
-20975
-13146
-3247
6453
13713
16874
15271
9419
894
-8039
-14981
-17991
-16075
-9452
484
11483
20977
26708
27284
22529
13547
2464
-8071
-15531
-18124
-15240
-7608
2863
13539
21694
25174
22923
15258
3804
-8879
-19903
-26744
-27847
-23008
-13430
-1444
10040
18230
21115
17953
9452
-2389
-14751
-24660
-29696
-28562
-21402
-9768
3740
16081
24488
27110
23450
14470
2370
-9933
-19489
-23995
-22337
-14836
-3174
10002
21698
29260
30980
26482
16796
4110
-8737
-18907
-24204
-23562
-17269
-6882
5141
16010
23227
25144
21317
12579
836
-11371
-21439
-27272
-27724
-22829
-13764
-2566
8328
16611
20598
19566
13876
4870
-5444
-14830
-21300
-23513
-21037
-14409
-4991
5321
14505
20812
23111
21086
15278
6950
-2178
-10279
-15767
-17601
-15467
-9822
-1797
7032
14943
20394
22308
20275
14624
6366
-2997
-11743
-18255
-21326
-20385
-15618
-7946
1143
9863
16470
19603
18552
13416
5102
-4831
-14468
-21899
-25605
-24765
-19436
-10561
202
10793
19159
23661
23411
18457
9790
-852
-11321
-19489
-23676
-22989
-17506
-8259
2970
14002
22701
27390
27185
22159
13316
2383
-8538
-17386
-22537
-23111
-19117
-11435
-1619
8414
16757
21866
22839
19557
12675
3479
-6373
-15156
-21389
-24077
-22861
-18059
-10579
-1745
6935
14023
18380
19340
16806
11247
3621
-4785
-12557
-18379
-21238
-20593
-16466
-9452
-634
8577
16669
22278
24419
22671
17266
9070
-547
-9934
-17446
-21735
-21998
-18136
-10784
-1216
8878
17691
23626
25585
23172
16768
7458
-3158
-13264
-21146
-25502
-25659
-21680
-14337
-4956
4831
13373
19282
21658
20214
15302
7819
-962
-9610
-16770
-21364
-22742
-20752
-15744
-8489
-60
8328
15489
20425
22454
21302
17139
10562
2517
-5819
-13200
-18490
-20833
-19793
-15444
-8376
370
9452
17427
22985
25167
23534
18256
10098
306
-9595
-18051
-23738
-25781
-23899
-18445
-10342
-916
8328
15950
20809
22233
20100
14836
7317
-1280
-9676
-16676
-21335
-23071
-21720
-17531
-11107
-3316
4831
12303
18167
21692
22436
20294
15522
8715
749
-7315
-14367
-19391
-21614
-20635
-16499
-9718
-1216
7793
15984
22118
25243
24846
20941
14071
5225
-4317
-13185
-20136
-24233
-24981
-22385
-16923
-9452
-1064
7079
13917
18615
20664
19908
16541
11055
4160
-3299
-10441
-16433
-20571
-22346
-21500
-18059
-12350
-4978
3219
11256
18121
22898
24907
23810
19683
13021
4692
-4186
-12397
-18810
-22546
-23111
-20461
-15010
-7549
873
9116
16108
20992
23227
22631
19380
13947
7025
-575
-8021
-14540
-19489
-22393
-22979
-21192
-17198
-11380
-4318
3252
10500
16581
20738
22403
21287
17441
11278
3530
-4831
-12726
-19119
-23164
-24330
-22475
-17858
-11093
-3053
5263
12871
18928
22826
24245
23158
19803
14624
8203
1193
-5740
-11965
-16925
-20162
-21356
-20348
-17173
-12078
-5526
1827
9185
15695
20553
23111
22980
20099
14756
7561
-632
-8844
-16108
-21593
-24718
-25209
-23119
-18786
-12774
-5772
1491
8328
14156
18525
21131
21815
20554
17456
12759
6829
157
-6661
-12962
-18074
-21393
-22467
-21073
-17269
-11407
-4108
3815
11459
17953
22575
24845
24580
21894
17166
10967
3970
-3141
-9741
-15316
-19489
-22014
-22770
-21741
-19008
-14749
-9242
-2876
3856
10372
16048
20279
22562
22571
20219
15695
9452
2160
-5382
-12349
-18005
-21791
-23390
-22743
-20034
-15633
-10027
-3752
2675
8791
14203
18591
21694
23307
23278
21529
18082
13090
6866
-124
-7279
-13920
-19371
-23050
-24552
-23716
-20646
-15704
-9452
-2566
4252
10371
15295
18702
20448
20539
19094
16300
12377
7562
2112
-3683
-9486
-14901
-19489
-22805
-24451
-24142
-21768
-17438
-11484
-4439
3027
10196
16398
21097
23949
24833
23833
21195
17269
12441
7082
1521
-3964
-9127
-13732
-17535
-20273
-21685
-21548
-19726
-16225
-11226
-5098
1631
8328
14339
19077
22108
23198
22340
19731
15719
10741
5241
-379
-5798
-10778
-15145
-18756
-21466
-23111
-23512
-22505
-19986
-15959
-10586
-4196
2727
9595
15790
20750
24052
25465
24976
22770
19180
14624
9523
4248
-917
-5776
-10197
-14077
-17297
-19700
-21088
-21249
-20007
-17276
-13115
-7755
-1596
4831
10938
16157
20031
22272
22793
21697
19237
15748
11578
7027
2319
-2403
-7049
-11537
-15747
-19489
-22499
-24467
-25085
-24121
-21478
-17245
-11701
-5294
1425
7882
13568
18106
21295
23105
23647
23111
21701
19579
16838
13498
9548
4992
-89
-5505
-10937
-15966
-20131
-23004
-24269
-23789
-21632
-18059
-13479
-8369
-3188
1692
6031
9732
12810
15333
17361
18889
19825
19992
19174
17181
13920
9452
4016
-1983
-8031
-13586
-18168
-21437
-23239
-23614
-22759
-20961
-18517
-15660
-12521
-9114
-5374
-1216
3394
8381
13521
18461
22755
25952
27680
27728
26088
22961
18716
13812
8707
3772
-764
-4831
-8490
-11867
-15078
-18157
-21005
-23396
-25007
-25498
-24600
-22191
-18354
-13373
-7699
-1865
3613
8328
12050
14744
16547
17693
18431
18934
19241
19243
18710
17367
14982
11457
6883
1553
-4073
-9452
-14062
-17506
-19582
-20313
-19919
-18745
-17163
-15467
-13805
-12147
-10313
-8037
-5073
-1287
3267
8328
13456
18116
21785
24065
24768
23951
21896
19028
15815
12647
9751
7146
4666
2023
-1077
-4831
-9250
-14115
-19011
-23395
-26721
-28561
-28704
-27204
-24367
-20675
-16664
-12802
-9378
-6445
-3833
-1216
1772
5409
9781
14721
19828
24540
28256
30482
30944
29657
26921
23245
19226
15398
12111
9452
7239
5094
2565
-728
-4965
-10045
-15584
-20986
-25578
-28767
-30179
-29755
-27760
-24720
-21282
-18059
-15470
-13644
-12393
-11282
-9753
-7294
-3603
1312
7104
13150
18690
23005
25590
26278
25276
23111
20490
18120
16519
15885
16045
16506
16589
15621
13129
8982
3453
-2828
-9013
-14239
-17836
-19489
-19316
-17833
-15814
-14091
-13329
-13846
-15527
-17844
-19995
-21112
-20496
-17815
-13207
-7266
-912
4831
9088
11343
11577
10263
8243
6510
5936
7044
9852
13860
18163
21681
23433
22803
19704
14624
8515
2563
-2101
-4690
-4961
-3277
-517
2150
3571
2915
-95
-5096
-11155
-16996
-21313
-23111
-21957
-18111
-12473
-6364
-1202
1858
2218
0
-3978
-8403
-11804
-12923
-11061
-6263
661
8328
15110
19547
20709
18446
13439
7038
933
-3268
-4451
-2288
2670
9109
15281
19436
20270
-17269
-10860
-2323
6503
13675
17624
17552
13646
7044
-438
-6748
-10116
-9502
-4874
2766
11612
19489
24393
24992
20975
13146
3247
-6453
-13713
-16874
-15271
-9419
-894
8039
14981
17991
16075
9452
-484
-11483
-20977
-26708
-27284
-22529
-13547
-2464
8071
15531
18124
15240
7608
-2863
-13539
-21694
-25174
-22923
-15258
-3804
8879
19903
26744
27847
23008
13430
1444
-10040
-18230
-21115
-17953
-9452
2389
14751
24660
29696
28562
21402
9768
-3740
-16081
-24488
-27110
-23450
-14470
-2370
9933
19489
23995
22337
14836
3174
-10002
-21698
-29260
-30980
-26482
-16796
-4110
8737
18907
24204
23562
17269
6882
-5141
-16010
-23227
-25144
-21317
-12579
-836
11371
21439
27272
27724
22829
13764
2566
-8328
-16611
-20598
-19566
-13876
-4870
5444
14830
21300
23513
21037
14409
4991
-5321
-14505
-20812
-23111
-21086
-15278
-6950
2178
10279
15767
17601
15467
9822
1797
-7032
-14943
-20394
-22308
-20275
-14624
-6366
2997
11743
18255
21326
20385
15618
7946
-1143
-9863
-16470
-19603
-18552
-13416
-5102
4831
14468
21899
25605
24765
19436
10561
-202
-10793
-19159
-23661
-23411
-18457
-9790
852
11321
19489
23676
22989
17506
8259
-2970
-14002
-22701
-27390
-27185
-22159
-13316
-2383
8538
17386
22537
23111
19117
11435
1619
-8414
-16757
-21866
-22839
-19557
-12675
-3479
6373
15156
21389
24077
22861
18059
10579
1745
-6935
-14023
-18380
-19340
-16806
-11247
-3621
4785
12557
18379
21238
20593
16466
9452
634
-8577
-16669
-22278
-24419
-22671
-17266
-9070
547
9934
17446
21735
21998
18136
10784
1216
-8878
-17691
-23626
-25585
-23172
-16768
-7458
3158
13264
21146
25502
25659
21680
14337
4956
-4831
-13373
-19282
-21658
-20214
-15302
-7819
962
9610
16770
21364
22742
20752
15744
8489
60
-8328
-15489
-20425
-22454
-21302
-17139
-10562
-2517
5819
13200
18490
20833
19793
15444
8376
-370
-9452
-17427
-22985
-25167
-23534
-18256
-10098
-306
9595
18051
23738
25781
23899
18445
10342
916
-8328
-15950
-20809
-22233
-20100
-14836
-7317
1280
9676
16676
21335
23071
21720
17531
11107
3316
-4831
-12303
-18167
-21692
-22436
-20294
-15522
-8715
-749
7315
14367
19391
21614
20635
16499
9718
1216
-7793
-15984
-22118
-25243
-24846
-20941
-14071
-5225
4317
13185
20136
24233
24981
22385
16923
9452
1064
-7079
-13917
-18615
-20664
-19908
-16541
-11055
-4160
3299
10441
16433
20571
22346
21500
18059
12350
4978
-3219
-11256
-18121
-22898
-24907
-23810
-19683
-13021
-4692
4186
12397
18810
22546
23111
20461
15010
7549
-873
-9116
-16108
-20992
-23227
-22631
-19380
-13947
-7025
575
8021
14540
19489
22393
22979
21192
17198
11380
4318
-3252
-10500
-16581
-20738
-22403
-21287
-17441
-11278
-3530
4831
12726
19119
23164
24330
22475
17858
11093
3053
-5263
-12871
-18928
-22826
-24245
-23158
-19803
-14624
-8203
-1193
5740
11965
16925
20162
21356
20348
17173
12078
5526
-1827
-9185
-15695
-20553
-23111
-22980
-20099
-14756
-7561
632
8844
16108
21593
24718
25209
23119
18786
12774
5772
-1491
-8328
-14156
-18525
-21131
-21815
-20554
-17456
-12759
-6829
-157
6661
12962
18074
21393
22467
21073
17269
11407
4108
-3815
-11459
-17953
-22575
-24845
-24580
-21894
-17166
-10967
-3970
3141
9741
15316
19489
22014
22770
21741
19008
14749
9242
2876
-3856
-10372
-16048
-20279
-22562
-22571
-20219
-15695
-9452
-2160
5382
12349
18005
21791
23390
22743
20034
15633
10027
3752
-2675
-8791
-14203
-18591
-21694
-23307
-23278
-21529
-18082
-13090
-6866
124
7279
13920
19371
23050
24552
23716
20646
15704
9452
2566
-4252
-10371
-15295
-18702
-20448
-20539
-19094
-16300
-12377
-7562
-2112
3683
9486
14901
19489
22805
24451
24142
21768
17438
11484
4439
-3027
-10196
-16398
-21097
-23949
-24833
-23833
-21195
-17269
-12441
-7082
-1521
3964
9127
13732
17535
20273
21685
21548
19726
16225
11226
5098
-1631
-8328
-14339
-19077
-22108
-23198
-22340
-19731
-15719
-10741
-5241
379
5798
10778
15145
18756
21466
23111
23512
22505
19986
15959
10586
4196
-2727
-9595
-15790
-20750
-24052
-25465
-24976
-22770
-19180
-14624
-9523
-4248
917
5776
10197
14077
17297
19700
21088
21249
20007
17276
13115
7755
1596
-4831
-10938
-16157
-20031
-22272
-22793
-21697
-19237
-15748
-11578
-7027
-2319
2403
7049
11537
15747
19489
22499
24467
25085
24121
21478
17245
11701
5294
-1425
-7882
-13568
-18106
-21295
-23105
-23647
-23111
-21701
-19579
-16838
-13498
-9548
-4992
89
5505
10937
15966
20131
23004
24269
23789
21632
18059
13479
8369
3188
-1692
-6031
-9732
-12810
-15333
-17361
-18889
-19825
-19992
-19174
-17181
-13920
-9452
-4016
1983
8031
13586
18168
21437
23239
23614
22759
20961
18517
15660
12521
9114
5374
1216
-3394
-8381
-13521
-18461
-22755
-25952
-27680
-27728
-26088
-22961
-18716
-13812
-8707
-3772
764
4831
8490
11867
15078
18157
21005
23396
25007
25498
24600
22191
18354
13373
7699
1865
-3613
-8328
-12050
-14744
-16547
-17693
-18431
-18934
-19241
-19243
-18710
-17367
-14982
-11457
-6883
-1553
4073
9452
14062
17506
19582
20313
19919
18745
17163
15467
13805
12147
10313
8037
5073
1287
-3267
-8328
-13456
-18116
-21785
-24065
-24768
-23951
-21896
-19028
-15815
-12647
-9751
-7146
-4666
-2023
1077
4831
9250
14115
19011
23395
26721
28561
28704
27204
24367
20675
16664
12802
9378
6445
3833
1216
-1772
-5409
-9781
-14721
-19828
-24540
-28256
-30482
-30944
-29657
-26921
-23245
-19226
-15398
-12111
-9452
-7239
-5094
-2565
728
4965
10045
15584
20986
25578
28767
30179
29755
27760
24720
21282
18059
15470
13644
12393
11282
9753
7294
3603
-1312
-7104
-13150
-18690
-23005
-25590
-26278
-25276
-23111
-20490
-18120
-16519
-15885
-16045
-16506
-16589
-15621
-13129
-8982
-3453
2828
9013
14239
17836
19489
19316
17833
15814
14091
13329
13846
15527
17844
19995
21112
20496
17815
13207
7266
912
-4831
-9088
-11343
-11577
-10263
-8243
-6510
-5936
-7044
-9852
-13860
-18163
-21681
-23433
-22803
-19704
-14624
-8515
-2563
2101
4690
4961
3277
517
-2150
-3571
-2915
95
5096
11155
16996
21313
23111
21957
18111
12473
6364
1202
-1858
-2218
0
3978
8403
11804
12923
11061
6263
-661
-8328
-15110
-19547
-20709
-18446
-13439
-7038
-933
3268
4451
2288
-2670
-9109
-15281
-19436
-20270
-17269
-10860
-2323
6503
13675
17624
17552
13646
7044
-438
-6748
-10116
-9502
-4874
2766
11612
19489
24393
24992
20975
13146
3247
-6453
-13713
-16874
-15271
-9419
-894
8039
14981
17991
16075
9452
-484
-11483
-20977
-26708
-27284
-22529
-13547
-2464
8071
15531
18124
15240
7608
-2863
-13539
-21694
-25174
-22923
-15258
-3804
8879
19903
26744
27847
23008
13430
1444
-10040
-18230
-21115
-17953
-9452
2389
14751
24660
29696
28562
21402
9768
-3740
-16081
-24488
-27110
-23450
-14470
-2370
9933
19489
23995
22337
14836
3174
-10002
-21698
-29260
-30980
-26482
-16796
-4110
8737
18907
24204
23562
17269
6882
-5141
-16010
-23227
-25144
-21317
-12579
-836
11371
21439
27272
27724
22829
13764
2566
-8328
-16611
-20598
-19566
-13876
-4870
5444
14830
21300
23513
21037
14409
4991
-5321
-14505
-20812
-23111
-21086
-15278
-6950
2178
10279
15767
17601
15467
9822
1797
-7032
-14943
-20394
-22308
-20275
-14624
-6366
2997
11743
18255
21326
20385
15618
7946
-1143
-9863
-16470
-19603
-18552
-13416
-5102
4831
14468
21899
25605
24765
19436
10561
-202
-10793
-19159
-23661
-23411
-18457
-9790
852
11321
19489
23676
22989
17506
8259
-2970
-14002
-22701
-27390
-27185
-22159
-13316
-2383
8538
17386
22537
23111
19117
11435
1619
-8414
-16757
-21866
-22839
-19557
-12675
-3479
6373
15156
21389
24077
22861
18059
10579
1745
-6935
-14023
-18380
-19340
-16806
-11247
-3621
4785
12557
18379
21238
20593
16466
9452
634
-8577
-16669
-22278
-24419
-22671
-17266
-9070
547
9934
17446
21735
21998
18136
10784
1216
-8878
-17691
-23626
-25585
-23172
-16768
-7458
3158
13264
21146
25502
25659
21680
14337
4956
-4831
-13373
-19282
-21658
-20214
-15302
-7819
962
9610
16770
21364
22742
20752
15744
8489
60
-8328
-15489
-20425
-22454
-21302
-17139
-10562
-2517
5819
13200
18490
20833
19793
15444
8376
-370
-9452
-17427
-22985
-25167
-23534
-18256
-10098
-306
9595
18051
23738
25781
23899
18445
10342
916
-8328
-15950
-20809
-22233
-20100
-14836
-7317
1280
9676
16676
21335
23071
21720
17531
11107
3316
-4831
-12303
-18167
-21692
-22436
-20294
-15522
-8715
-749
7315
14367
19391
21614
20635
16499
9718
1216
-7793
-15984
-22118
-25243
-24846
-20941
-14071
-5225
4317
13185
20136
24233
24981
22385
16923
9452
1064
-7079
-13917
-18615
-20664
-19908
-16541
-11055
-4160
3299
10441
16433
20571
22346
21500
18059
12350
4978
-3219
-11256
-18121
-22898
-24907
-23810
-19683
-13021
-4692
4186
12397
18810
22546
23111
20461
15010
7549
-873
-9116
-16108
-20992
-23227
-22631
-19380
-13947
-7025
575
8021
14540
19489
22393
22979
21192
17198
11380
4318
-3252
-10500
-16581
-20738
-22403
-21287
-17441
-11278
-3530
4831
12726
19119
23164
24330
22475
17858
11093
3053
-5263
-12871
-18928
-22826
-24245
-23158
-19803
-14624
-8203
-1193
5740
11965
16925
20162
21356
20348
17173
12078
5526
-1827
-9185
-15695
-20553
-23111
-22980
-20099
-14756
-7561
632
8844
16108
21593
24718
25209
23119
18786
12774
5772
-1491
-8328
-14156
-18525
-21131
-21815
-20554
-17456
-12759
-6829
-157
6661
12962
18074
21393
22467
21073
17269
11407
4108
-3815
-11459
-17953
-22575
-24845
-24580
-21894
-17166
-10967
-3970
3141
9741
15316
19489
22014
22770
21741
19008
14749
9242
2876
-3856
-10372
-16048
-20279
-22562
-22571
-20219
-15695
-9452
-2160
5382
12349
18005
21791
23390
22743
20034
15633
10027
3752
-2675
-8791
-14203
-18591
-21694
-23307
-23278
-21529
-18082
-13090
-6866
124
7279
13920
19371
23050
24552
23716
20646
15704
9452
2566
-4252
-10371
-15295
-18702
-20448
-20539
-19094
-16300
-12377
-7562
-2112
3683
9486
14901
19489
22805
24451
24142
21768
17438
11484
4439
-3027
-10196
-16398
-21097
-23949
-24833
-23833
-21195
-17269
-12441
-7082
-1521
3964
9127
13732
17535
20273
21685
21548
19726
16225
11226
5098
-1631
-8328
-14339
-19077
-22108
-23198
-22340
-19731
-15719
-10741
-5241
379
5798
10778
15145
18756
21466
23111
23512
22505
19986
15959
10586
4196
-2727
-9595
-15790
-20750
-24052
-25465
-24976
-22770
-19180
-14624
-9523
-4248
917
5776
10197
14077
17297
19700
21088
21249
20007
17276
13115
7755
1596
-4831
-10938
-16157
-20031
-22272
-22793
-21697
-19237
-15748
-11578
-7027
-2319
2403
7049
11537
15747
19489
22499
24467
25085
24121
21478
17245
11701
5294
-1425
-7882
-13568
-18106
-21295
-23105
-23647
-23111
-21701
-19579
-16838
-13498
-9548
-4992
89
5505
10937
15966
20131
23004
24269
23789
21632
18059
13479
8369
3188
-1692
-6031
-9732
-12810
-15333
-17361
-18889
-19825
-19992
-19174
-17181
-13920
-9452
-4016
1983
8031
13586
18168
21437
23239
23614
22759
20961
18517
15660
12521
9114
5374
1216
-3394
-8381
-13521
-18461
-22755
-25952
-27680
-27728
-26088
-22961
-18716
-13812
-8707
-3772
764
4831
8490
11867
15078
18157
21005
23396
25007
25498
24600
22191
18354
13373
7699
1865
-3613
-8328
-12050
-14744
-16547
-17693
-18431
-18934
-19241
-19243
-18710
-17367
-14982
-11457
-6883
-1553
4073
9452
14062
17506
19582
20313
19919
18745
17163
15467
13805
12147
10313
8037
5073
1287
-3267
-8328
-13456
-18116
-21785
-24065
-24768
-23951
-21896
-19028
-15815
-12647
-9751
-7146
-4666
-2023
1077
4831
9250
14115
19011
23395
26721
28561
28704
27204
24367
20675
16664
12802
9378
6445
3833
1216
-1772
-5409
-9781
-14721
-19828
-24540
-28256
-30482
-30944
-29657
-26921
-23245
-19226
-15398
-12111
-9452
-7239
-5094
-2565
728
4965
10045
15584
20986
25578
28767
30179
29755
27760
24720
21282
18059
15470
13644
12393
11282
9753
7294
3603
-1312
-7104
-13150
-18690
-23005
-25590
-26278
-25276
-23111
-20490
-18120
-16519
-15885
-16045
-16506
-16589
-15621
-13129
-8982
-3453
2828
9013
14239
17836
19489
19316
17833
15814
14091
13329
13846
15527
17844
19995
21112
20496
17815
13207
7266
912
-4831
-9088
-11343
-11577
-10263
-8243
-6510
-5936
-7044
-9852
-13860
-18163
-21681
-23433
-22803
-19704
-14624
-8515
-2563
2101
4690
4961
3277
517
-2150
-3571
-2915
95
5096
11155
16996
21313
23111
21957
18111
12473
6364
1202
-1858
-2218
0
3978
8403
11804
12923
11061
6263
-661
-8328
-15110
-19547
-20709
-18446
-13439
-7038
-933
3268
4451
2288
-2670
-9109
-15281
-19436
-20270
-17269
-10860
-2323
6503
13675
17624
17552
13646
7044
-438
-6748
-10116
-9502
-4874
2766
11612
19489
24393
24992
20975
13146
3247
-6453
-13713
-16874
-15271
-9419
-894
8039
14981
17991
16075
9452
-484
-11483
-20977
-26708
-27284
-22529
-13547
-2464
8071
15531
18124
15240
7608
-2863
-13539
-21694
-25174
-22923
-15258
-3804
8879
19903
26744
27847
23008
13430
1444
-10040
-18230
-21115
-17953
-9452
2389
14751
24660
29696
28562
21402
9768
-3740
-16081
-24488
-27110
-23450
-14470
-2370
9933
19489
23995
22337
14836
3174
-10002
-21698
-29260
-30980
-26482
-16796
-4110
8737
18907
24204
23562
17269
6882
-5141
-16010
-23227
-25144
-21317
-12579
-836
11371
21439
27272
27724
22829
13764
2566
-8328
-16611
-20598
-19566
-13876
-4870
5444
14830
21300
23513
21037
14409
4991
-5321
-14505
-20812
-23111
-21086
-15278
-6950
2178
10279
15767
17601
15467
9822
1797
-7032
-14943
-20394
-22308
-20275
-14624
-6366
2997
11743
18255
21326
20385
15618
7946
-1143
-9863
-16470
-19603
-18552
-13416
-5102
4831
14468
21899
25605
24765
19436
10561
-202
-10793
-19159
-23661
-23411
-18457
-9790
852
11321
19489
23676
22989
17506
8259
-2970
-14002
-22701
-27390
-27185
-22159
-13316
-2383
8538
17386
22537
23111
19117
11435
1619
-8414
-16757
-21866
-22839
-19557
-12675
-3479
6373
15156
21389
24077
22861
18059
10579
1745
-6935
-14023
-18380
-19340
-16806
-11247
-3621
4785
12557
18379
21238
20593
16466
9452
634
-8577
-16669
-22278
-24419
-22671
-17266
-9070
547
9934
17446
21735
21998
18136
10784
1216
-8878
-17691
-23626
-25585
-23172
-16768
-7458
3158
13264
21146
25502
25659
21680
14337
4956
-4831
-13373
-19282
-21658
-20214
-15302
-7819
962
9610
16770
21364
22742
20752
15744
8489
60
-8328
-15489
-20425
-22454
-21302
-17139
-10562
-2517
5819
13200
18490
20833
19793
15444
8376
-370
-9452
-17427
-22985
-25167
-23534
-18256
-10098
-306
9595
18051
23738
25781
23899
18445
10342
916
-8328
-15950
-20809
-22233
-20100
-14836
-7317
1280
9676
16676
21335
23071
21720
17531
11107
3316
-4831
-12303
-18167
-21692
-22436
-20294
-15522
-8715
-749
7315
14367
19391
21614
20635
16499
9718
1216
-7793
-15984
-22118
-25243
-24846
-20941
-14071
-5225
4317
13185
20136
24233
24981
22385
16923
9452
1064
-7079
-13917
-18615
-20664
-19908
-16541
-11055
-4160
3299
10441
16433
20571
22346
21500
18059
12350
4978
-3219
-11256
-18121
-22898
-24907
-23810
-19683
-13021
-4692
4186
12397
18810
22546
23111
20461
15010
7549
-873
-9116
-16108
-20992
-23227
-22631
-19380
-13947
-7025
575
8021
14540
19489
22393
22979
21192
17198
11380
4318
-3252
-10500
-16581
-20738
-22403
-21287
-17441
-11278
-3530
4831
12726
19119
23164
24330
22475
17858
11093
3053
-5263
-12871
-18928
-22826
-24245
-23158
-19803
-14624
-8203
-1193
5740
11965
16925
20162
21356
20348
17173
12078
5526
-1827
-9185
-15695
-20553
-23111
-22980
-20099
-14756
-7561
632
8844
16108
21593
24718
25209
23119
18786
12774
5772
-1491
-8328
-14156
-18525
-21131
-21815
-20554
-17456
-12759
-6829
-157
6661
12962
18074
21393
22467
21073
17269
11407
4108
-3815
-11459
-17953
-22575
-24845
-24580
-21894
-17166
-10967
-3970
3141
9741
15316
19489
22014
22770
21741
19008
14749
9242
2876
-3856
-10372
-16048
-20279
-22562
-22571
-20219
-15695
-9452
-2160
5382
12349
18005
21791
23390
22743
20034
15633
10027
3752
-2675
-8791
-14203
-18591
-21694
-23307
-23278
-21529
-18082
-13090
-6866
124
7279
13920
19371
23050
24552
23716
20646
15704
9452
2566
-4252
-10371
-15295
-18702
-20448
-20539
-19094
-16300
-12377
-7562
-2112
3683
9486
14901
19489
22805
24451
24142
21768
17438
11484
4439
-3027
-10196
-16398
-21097
-23949
-24833
-23833
-21195
-17269
-12441
-7082
-1521
3964
9127
13732
17535
20273
21685
21548
19726
16225
11226
5098
-1631
-8328
-14339
-19077
-22108
-23198
-22340
-19731
-15719
-10741
-5241
379
5798
10778
15145
18756
21466
23111
23512
22505
19986
15959
10586
4196
-2727
-9595
-15790
-20750
-24052
-25465
-24976
-22770
-19180
-14624
-9523
-4248
917
5776
10197
14077
17297
19700
21088
21249
20007
17276
13115
7755
1596
-4831
-10938
-16157
-20031
-22272
-22793
-21697
-19237
-15748
-11578
-7027
-2319
2403
7049
11537
15747
19489
22499
24467
25085
24121
21478
17245
11701
5294
-1425
-7882
-13568
-18106
-21295
-23105
-23647
-23111
-21701
-19579
-16838
-13498
-9548
-4992
89
5505
10937
15966
20131
23004
24269
23789
21632
18059
13479
8369
3188
-1692
-6031
-9732
-12810
-15333
-17361
-18889
-19825
-19992
-19174
-17181
-13920
-9452
-4016
1983
8031
13586
18168
21437
23239
23614
22759
20961
18517
15660
12521
9114
5374
1216
-3394
-8381
-13521
-18461
-22755
-25952
-27680
-27728
-26088
-22961
-18716
-13812
-8707
-3772
764
4831
8490
11867
15078
18157
21005
23396
25007
25498
24600
22191
18354
13373
7699
1865
-3613
-8328
-12050
-14744
-16547
-17693
-18431
-18934
-19241
-19243
-18710
-17367
-14982
-11457
-6883
-1553
4073
9452
14062
17506
19582
20313
19919
18745
17163
15467
13805
12147
10313
8037
5073
1287
-3267
-8328
-13456
-18116
-21785
-24065
-24768
-23951
-21896
-19028
-15815
-12647
-9751
-7146
-4666
-2023
1077
4831
9250
14115
19011
23395
26721
28561
28704
27204
24367
20675
16664
12802
9378
6445
3833
1216
-1772
-5409
-9781
-14721
-19828
-24540
-28256
-30482
-30944
-29657
-26921
-23245
-19226
-15398
-12111
-9452
-7239
-5094
-2565
728
4965
10045
15584
20986
25578
28767
30179
29755
27760
24720
21282
18059
15470
13644
12393
11282
9753
7294
3603
-1312
-7104
-13150
-18690
-23005
-25590
-26278
-25276
-23111
-20490
-18120
-16519
-15885
-16045
-16506
-16589
-15621
-13129
-8982
-3453
2828
9013
14239
17836
19489
19316
17833
15814
14091
13329
13846
15527
17844
19995
21112
20496
17815
13207
7266
912
-4831
-9088
-11343
-11577
-10263
-8243
-6510
-5936
-7044
-9852
-13860
-18163
-21681
-23433
-22803
-19704
-14624
-8515
-2563
2101
4690
4961
3277
517
-2150
-3571
-2915
95
5096
11155
16996
21313
23111
21957
18111
12473
6364
1202
-1858
-2218
0
3978
8403
11804
12923
11061
6263
-661
-8328
-15110
-19547
-20709
-18446
-13439
-7038
-933
3268
4451
2288
-2670
-9109
-15281
-19436
-20270
-17269
-10860
-2323
6503
13675
17624
17552
13646
7044
-438
-6748
-10116
-9502
-4874
2766
11612
19489
24393
24992
20975
13146
3247
-6453
-13713
-16874
-15271
-9419
-894
8039
14981
17991
16075
9452
-484
-11483
-20977
-26708
-27284
-22529
-13547
-2464
8071
15531
18124
15240
7608
-2863
-13539
-21694
-25174
-22923
-15258
-3804
8879
19903
26744
27847
23008
13430
1444
-10040
-18230
-21115
-17953
-9452
2389
14751
24660
29696
28562
21402
9768
-3740
-16081
-24488
-27110
-23450
-14470
-2370
9933
19489
23995
22337
14836
3174
-10002
-21698
-29260
-30980
-26482
-16796
-4110
8737
18907
24204
23562
17269
6882
-5141
-16010
-23227
-25144
-21317
-12579
-836
11371
21439
27272
27724
22829
13764
2566
-8328
-16611
-20598
-19566
-13876
-4870
5444
14830
21300
23513
21037
14409
4991
-5321
-14505
-20812
-23111
-21086
-15278
-6950
2178
10279
15767
17601
15467
9822
1797
-7032
-14943
-20394
-22308
-20275
-14624
-6366
2997
11743
18255
21326
20385
15618
7946
-1143
-9863
-16470
-19603
-18552
-13416
-5102
4831
14468
21899
25605
24765
19436
10561
-202
-10793
-19159
-23661
-23411
-18457
-9790
852
11321
19489
23676
22989
17506
8259
-2970
-14002
-22701
-27390
-27185
-22159
-13316
-2383
8538
17386
22537
23111
19117
11435
1619
-8414
-16757
-21866
-22839
-19557
-12675
-3479
6373
15156
21389
24077
22861
18059
10579
1745
-6935
-14023
-18380
-19340
-16806
-11247
-3621
4785
12557
18379
21238
20593
16466
9452
634
-8577
-16669
-22278
-24419
-22671
-17266
-9070
547
9934
17446
21735
21998
18136
10784
1216
-8878
-17691
-23626
-25585
-23172
-16768
-7458
3158
13264
21146
25502
25659
21680
14337
4956
-4831
-13373
-19282
-21658
-20214
-15302
-7819
962
9610
16770
21364
22742
20752
15744
8489
60
-8328
-15489
-20425
-22454
-21302
-17139
-10562
-2517
5819
13200
18490
20833
19793
15444
8376
-370
-9452
-17427
-22985
-25167
-23534
-18256
-10098
-306
9595
18051
23738
25781
23899
18445
10342
916
-8328
-15950
-20809
-22233
-20100
-14836
-7317
1280
9676
16676
21335
23071
21720
17531
11107
3316
-4831
-12303
-18167
-21692
-22436
-20294
-15522
-8715
-749
7315
14367
19391
21614
20635
16499
9718
1216
-7793
-15984
-22118
-25243
-24846
-20941
-14071
-5225
4317
13185
20136
24233
24981
22385
16923
9452
1064
-7079
-13917
-18615
-20664
-19908
-16541
-11055
-4160
3299
10441
16433
20571
22346
21500
18059
12350
4978
-3219
-11256
-18121
-22898
-24907
-23810
-19683
-13021
-4692
4186
12397
18810
22546
23111
20461
15010
7549
-873
-9116
-16108
-20992
-23227
-22631
-19380
-13947
-7025
575
8021
14540
19489
22393
22979
21192
17198
11380
4318
-3252
-10500
-16581
-20738
-22403
-21287
-17441
-11278
-3530
4831
12726
19119
23164
24330
22475
17858
11093
3053
-5263
-12871
-18928
-22826
-24245
-23158
-19803
-14624
-8203
-1193
5740
11965
16925
20162
21356
20348
17173
12078
5526
-1827
-9185
-15695
-20553
-23111
-22980
-20099
-14756
-7561
632
8844
16108
21593
24718
25209
23119
18786
12774
5772
-1491
-8328
-14156
-18525
-21131
-21815
-20554
-17456
-12759
-6829
-157
6661
12962
18074
21393
22467
21073
17269
11407
4108
-3815
-11459
-17953
-22575
-24845
-24580
-21894
-17166
-10967
-3970
3141
9741
15316
19489
22014
22770
21741
19008
14749
9242
2876
-3856
-10372
-16048
-20279
-22562
-22571
-20219
-15695
-9452
-2160
5382
12349
18005
21791
23390
22743
20034
15633
10027
3752
-2675
-8791
-14203
-18591
-21694
-23307
-23278
-21529
-18082
-13090
-6866
124
7279
13920
19371
23050
24552
23716
20646
15704
9452
2566
-4252
-10371
-15295
-18702
-20448
-20539
-19094
-16300
-12377
-7562
-2112
3683
9486
14901
19489
22805
24451
24142
21768
17438
11484
4439
-3027
-10196
-16398
-21097
-23949
-24833
-23833
-21195
-17269
-12441
-7082
-1521
3964
9127
13732
17535
20273
21685
21548
19726
16225
11226
5098
-1631
-8328
-14339
-19077
-22108
-23198
-22340
-19731
-15719
-10741
-5241
379
5798
10778
15145
18756
21466
23111
23512
22505
19986
15959
10586
4196
-2727
-9595
-15790
-20750
-24052
-25465
-24976
-22770
-19180
-14624
-9523
-4248
917
5776
10197
14077
17297
19700
21088
21249
20007
17276
13115
7755
1596
-4831
-10938
-16157
-20031
-22272
-22793
-21697
-19237
-15748
-11578
-7027
-2319
2403
7049
11537
15747
19489
22499
24467
25085
24121
21478
17245
11701
5294
-1425
-7882
-13568
-18106
-21295
-23105
-23647
-23111
-21701
-19579
-16838
-13498
-9548
-4992
89
5505
10937
15966
20131
23004
24269
23789
21632
18059
13479
8369
3188
-1692
-6031
-9732
-12810
-15333
-17361
-18889
-19825
-19992
-19174
-17181
-13920
-9452
-4016
1983
8031
13586
18168
21437
23239
23614
22759
20961
18517
15660
12521
9114
5374
1216
-3394
-8381
-13521
-18461
-22755
-25952
-27680
-27728
-26088
-22961
-18716
-13812
-8707
-3772
764
4831
8490
11867
15078
18157
21005
23396
25007
25498
24600
22191
18354
13373
7699
1865
-3613
-8328
-12050
-14744
-16547
-17693
-18431
-18934
-19241
-19243
-18710
-17367
-14982
-11457
-6883
-1553
4073
9452
14062
17506
19582
20313
19919
18745
17163
15467
13805
12147
10313
8037
5073
1287
-3267
-8328
-13456
-18116
-21785
-24065
-24768
-23951
-21896
-19028
-15815
-12647
-9751
-7146
-4666
-2023
1077
4831
9250
14115
19011
23395
26721
28561
28704
27204
24367
20675
16664
12802
9378
6445
3833
1216
-1772
-5409
-9781
-14721
-19828
-24540
-28256
-30482
-30944
-29657
-26921
-23245
-19226
-15398
-12111
-9452
-7239
-5094
-2565
728
4965
10045
15584
20986
25578
28767
30179
29755
27760
24720
21282
18059
15470
13644
12393
11282
9753
7294
3603
-1312
-7104
-13150
-18690
-23005
-25590
-26278
-25276
-23111
-20490
-18120
-16519
-15885
-16045
-16506
-16589
-15621
-13129
-8982
-3453
2828
9013
14239
17836
19489
19316
17833
15814
14091
13329
13846
15527
17844
19995
21112
20496
17815
13207
7266
912
-4831
-9088
-11343
-11577
-10263
-8243
-6510
-5936
-7044
-9852
-13860
-18163
-21681
-23433
-22803
-19704
-14624
-8515
-2563
2101
4690
4961
3277
517
-2150
-3571
-2915
95
5096
11155
16996
21313
23111
21957
18111
12473
6364
1202
-1858
-2218
0
3978
8403
11804
12923
11061
6263
-661
-8328
-15110
-19547
-20709
-18446
-13439
-7038
-933
3268
4451
2288
-2670
-9109
-15281
-19436
-20270
-17269
-10860
-2323
6503
13675
17624
17552
13646
7044
-438
-6748
-10116
-9502
-4874
2766
11612
19489
24393
24992
20975
13146
3247
-6453
-13713
-16874
-15271
-9419
-894
8039
14981
17991
16075
9452
-484
-11483
-20977
-26708
-27284
-22529
-13547
-2464
8071
15531
18124
15240
7608
-2863
-13539
-21694
-25174
-22923
-15258
-3804
8879
19903
26744
27847
23008
13430
1444
-10040
-18230
-21115
-17953
-9452
2389
14751
24660
29696
28562
21402
9768
-3740
-16081
-24488
-27110
-23450
-14470
-2370
9933
19489
23995
22337
14836
3174
-10002
-21698
-29260
-30980
-26482
-16796
-4110
8737
18907
24204
23562
17269
6882
-5141
-16010
-23227
-25144
-21317
-12579
-836
11371
21439
27272
27724
22829
13764
2566
-8328
-16611
-20598
-19566
-13876
-4870
5444
14830
21300
23513
21037
14409
4991
-5321
-14505
-20812
-23111
-21086
-15278
-6950
2178
10279
15767
17601
15467
9822
1797
-7032
-14943
-20394
-22308
-20275
-14624
-6366
2997
11743
18255
21326
20385
15618
7946
-1143
-9863
-16470
-19603
-18552
-13416
-5102
4831
14468
21899
25605
24765
19436
10561
-202
-10793
-19159
-23661
-23411
-18457
-9790
852
11321
19489
23676
22989
17506
8259
-2970
-14002
-22701
-27390
-27185
-22159
-13316
-2383
8538
17386
22537
23111
19117
11435
1619
-8414
-16757
-21866
-22839
-19557
-12675
-3479
6373
15156
21389
24077
22861
18059
10579
1745
-6935
-14023
-18380
-19340
-16806
-11247
-3621
4785
12557
18379
21238
20593
16466
9452
634
-8577
-16669
-22278
-24419
-22671
-17266
-9070
547
9934
17446
21735
21998
18136
10784
1216
-8878
-17691
-23626
-25585
-23172
-16768
-7458
3158
13264
21146
25502
25659
21680
14337
4956
-4831
-13373
-19282
-21658
-20214
-15302
-7819
962
9610
16770
21364
22742
20752
15744
8489
60
-8328
-15489
-20425
-22454
-21302
-17139
-10562
-2517
5819
13200
18490
20833
19793
15444
8376
-370
-9452
-17427
-22985
-25167
-23534
-18256
-10098
-306
9595
18051
23738
25781
23899
18445
10342
916
-8328
-15950
-20809
-22233
-20100
-14836
-7317
1280
9676
16676
21335
23071
21720
17531
11107
3316
-4831
-12303
-18167
-21692
-22436
-20294
-15522
-8715
-749
7315
14367
19391
21614
20635
16499
9718
1216
-7793
-15984
-22118
-25243
-24846
-20941
-14071
-5225
4317
13185
20136
24233
24981
22385
16923
9452
1064
-7079
-13917
-18615
-20664
-19908
-16541
-11055
-4160
3299
10441
16433
20571
22346
21500
18059
12350
4978
-3219
-11256
-18121
-22898
-24907
-23810
-19683
-13021
-4692
4186
12397
18810
22546
23111
20461
15010
7549
-873
-9116
-16108
-20992
-23227
-22631
-19380
-13947
-7025
575
8021
14540
19489
22393
22979
21192
17198
11380
4318
-3252
-10500
-16581
-20738
-22403
-21287
-17441
-11278
-3530
4831
12726
19119
23164
24330
22475
17858
11093
3053
-5263
-12871
-18928
-22826
-24245
-23158
-19803
-14624
-8203
-1193
5740
11965
16925
20162
21356
20348
17173
12078
5526
-1827
-9185
-15695
-20553
-23111
-22980
-20099
-14756
-7561
632
8844
16108
21593
24718
25209
23119
18786
12774
5772
-1491
-8328
-14156
-18525
-21131
-21815
-20554
-17456
-12759
-6829
-157
6661
12962
18074
21393
22467
21073
17269
11407
4108
-3815
-11459
-17953
-22575
-24845
-24580
-21894
-17166
-10967
-3970
3141
9741
15316
19489
22014
22770
21741
19008
14749
9242
2876
-3856
-10372
-16048
-20279
-22562
-22571
-20219
-15695
-9452
-2160
5382
12349
18005
21791
23390
22743
20034
15633
10027
3752
-2675
-8791
-14203
-18591
-21694
-23307
-23278
-21529
-18082
-13090
-6866
124
7279
13920
19371
23050
24552
23716
20646
15704
9452
2566
-4252
-10371
-15295
-18702
-20448
-20539
-19094
-16300
-12377
-7562
-2112
3683
9486
14901
19489
22805
24451
24142
21768
17438
11484
4439
-3027
-10196
-16398
-21097
-23949
-24833
-23833
-21195
-17269
-12441
-7082
-1521
3964
9127
13732
17535
20273
21685
21548
19726
16225
11226
5098
-1631
-8328
-14339
-19077
-22108
-23198
-22340
-19731
-15719
-10741
-5241
379
5798
10778
15145
18756
21466
23111
23512
22505
19986
15959
10586
4196
-2727
-9595
-15790
-20750
-24052
-25465
-24976
-22770
-19180
-14624
-9523
-4248
917
5776
10197
14077
17297
19700
21088
21249
20007
17276
13115
7755
1596
-4831
-10938
-16157
-20031
-22272
-22793
-21697
-19237
-15748
-11578
-7027
-2319
2403
7049
11537
15747
19489
22499
24467
25085
24121
21478
17245
11701
5294
-1425
-7882
-13568
-18106
-21295
-23105
-23647
-23111
-21701
-19579
-16838
-13498
-9548
-4992
89
5505
10937
15966
20131
23004
24269
23789
21632
18059
13479
8369
3188
-1692
-6031
-9732
-12810
-15333
-17361
-18889
-19825
-19992
-19174
-17181
-13920
-9452
-4016
1983
8031
13586
18168
21437
23239
23614
22759
20961
18517
15660
12521
9114
5374
1216
-3394
-8381
-13521
-18461
-22755
-25952
-27680
-27728
-26088
-22961
-18716
-13812
-8707
-3772
764
4831
8490
11867
15078
18157
21005
23396
25007
25498
24600
22191
18354
13373
7699
1865
-3613
-8328
-12050
-14744
-16547
-17693
-18431
-18934
-19241
-19243
-18710
-17367
-14982
-11457
-6883
-1553
4073
9452
14062
17506
19582
20313
19919
18745
17163
15467
13805
12147
10313
8037
5073
1287
-3267
-8328
-13456
-18116
-21785
-24065
-24768
-23951
-21896
-19028
-15815
-12647
-9751
-7146
-4666
-2023
1077
4831
9250
14115
19011
23395
26721
28561
28704
27204
24367
20675
16664
12802
9378
6445
3833
1216
-1772
-5409
-9781
-14721
-19828
-24540
-28256
-30482
-30944
-29657
-26921
-23245
-19226
-15398
-12111
-9452
-7239
-5094
-2565
728
4965
10045
15584
20986
25578
28767
30179
29755
27760
24720
21282
18059
15470
13644
12393
11282
9753
7294
3603
-1312
-7104
-13150
-18690
-23005
-25590
-26278
-25276
-23111
-20490
-18120
-16519
-15885
-16045
-16506
-16589
-15621
-13129
-8982
-3453
2828
9013
14239
17836
19489
19316
17833
15814
14091
13329
13846
15527
17844
19995
21112
20496
17815
13207
7266
912
-4831
-9088
-11343
-11577
-10263
-8243
-6510
-5936
-7044
-9852
-13860
-18163
-21681
-23433
-22803
-19704
-14624
-8515
-2563
2101
4690
4961
3277
517
-2150
-3571
-2915
95
5096
11155
16996
21313
23111
21957
18111
12473
6364
1202
-1858
-2218
0
3978
8403
11804
12923
11061
6263
-661
-8328
-15110
-19547
-20709
-18446
-13439
-7038
-933
3268
4451
2288
-2670
-9109
-15281
-19436
-20270
17269
10860
2323
-6503
-13675
-17624
-17552
-13646
-7044
438
6748
10116
9502
4874
-2766
-11612
-19489
-24393
-24992
-20975
-13146
-3247
6453
13713
16874
15271
9419
894
-8039
-14981
-17991
-16075
-9452
484
11483
20977
26708
27284
22529
13547
2464
-8071
-15531
-18124
-15240
-7608
2863
13539
21694
25174
22923
15258
3804
-8879
-19903
-26744
-27847
-23008
-13430
-1444
10040
18230
21115
17953
9452
-2389
-14751
-24660
-29696
-28562
-21402
-9768
3740
16081
24488
27110
23450
14470
2370
-9933
-19489
-23995
-22337
-14836
-3174
10002
21698
29260
30980
26482
16796
4110
-8737
-18907
-24204
-23562
-17269
-6882
5141
16010
23227
25144
21317
12579
836
-11371
-21439
-27272
-27724
-22829
-13764
-2566
8328
16611
20598
19566
13876
4870
-5444
-14830
-21300
-23513
-21037
-14409
-4991
5321
14505
20812
23111
21086
15278
6950
-2178
-10279
-15767
-17601
-15467
-9822
-1797
7032
14943
20394
22308
20275
14624
6366
-2997
-11743
-18255
-21326
-20385
-15618
-7946
1143
9863
16470
19603
18552
13416
5102
-4831
-14468
-21899
-25605
-24765
-19436
-10561
202
10793
19159
23661
23411
18457
9790
-852
-11321
-19489
-23676
-22989
-17506
-8259
2970
14002
22701
27390
27185
22159
13316
2383
-8538
-17386
-22537
-23111
-19117
-11435
-1619
8414
16757
21866
22839
19557
12675
3479
-6373
-15156
-21389
-24077
-22861
-18059
-10579
-1745
6935
14023
18380
19340
16806
11247
3621
-4785
-12557
-18379
-21238
-20593
-16466
-9452
-634
8577
16669
22278
24419
22671
17266
9070
-547
-9934
-17446
-21735
-21998
-18136
-10784
-1216
8878
17691
23626
25585
23172
16768
7458
-3158
-13264
-21146
-25502
-25659
-21680
-14337
-4956
4831
13373
19282
21658
20214
15302
7819
-962
-9610
-16770
-21364
-22742
-20752
-15744
-8489
-60
8328
15489
20425
22454
21302
17139
10562
2517
-5819
-13200
-18490
-20833
-19793
-15444
-8376
370
9452
17427
22985
25167
23534
18256
10098
306
-9595
-18051
-23738
-25781
-23899
-18445
-10342
-916
8328
15950
20809
22233
20100
14836
7317
-1280
-9676
-16676
-21335
-23071
-21720
-17531
-11107
-3316
4831
12303
18167
21692
22436
20294
15522
8715
749
-7315
-14367
-19391
-21614
-20635
-16499
-9718
-1216
7793
15984
22118
25243
24846
20941
14071
5225
-4317
-13185
-20136
-24233
-24981
-22385
-16923
-9452
-1064
7079
13917
18615
20664
19908
16541
11055
4160
-3299
-10441
-16433
-20571
-22346
-21500
-18059
-12350
-4978
3219
11256
18121
22898
24907
23810
19683
13021
4692
-4186
-12397
-18810
-22546
-23111
-20461
-15010
-7549
873
9116
16108
20992
23227
22631
19380
13947
7025
-575
-8021
-14540
-19489
-22393
-22979
-21192
-17198
-11380
-4318
3252
10500
16581
20738
22403
21287
17441
11278
3530
-4831
-12726
-19119
-23164
-24330
-22475
-17858
-11093
-3053
5263
12871
18928
22826
24245
23158
19803
14624
8203
1193
-5740
-11965
-16925
-20162
-21356
-20348
-17173
-12078
-5526
1827
9185
15695
20553
23111
22980
20099
14756
7561
-632
-8844
-16108
-21593
-24718
-25209
-23119
-18786
-12774
-5772
1491
8328
14156
18525
21131
21815
20554
17456
12759
6829
157
-6661
-12962
-18074
-21393
-22467
-21073
-17269
-11407
-4108
3815
11459
17953
22575
24845
24580
21894
17166
10967
3970
-3141
-9741
-15316
-19489
-22014
-22770
-21741
-19008
-14749
-9242
-2876
3856
10372
16048
20279
22562
22571
20219
15695
9452
2160
-5382
-12349
-18005
-21791
-23390
-22743
-20034
-15633
-10027
-3752
2675
8791
14203
18591
21694
23307
23278
21529
18082
13090
6866
-124
-7279
-13920
-19371
-23050
-24552
-23716
-20646
-15704
-9452
-2566
4252
10371
15295
18702
20448
20539
19094
16300
12377
7562
2112
-3683
-9486
-14901
-19489
-22805
-24451
-24142
-21768
-17438
-11484
-4439
3027
10196
16398
21097
23949
24833
23833
21195
17269
12441
7082
1521
-3964
-9127
-13732
-17535
-20273
-21685
-21548
-19726
-16225
-11226
-5098
1631
8328
14339
19077
22108
23198
22340
19731
15719
10741
5241
-379
-5798
-10778
-15145
-18756
-21466
-23111
-23512
-22505
-19986
-15959
-10586
-4196
2727
9595
15790
20750
24052
25465
24976
22770
19180
14624
9523
4248
-917
-5776
-10197
-14077
-17297
-19700
-21088
-21249
-20007
-17276
-13115
-7755
-1596
4831
10938
16157
20031
22272
22793
21697
19237
15748
11578
7027
2319
-2403
-7049
-11537
-15747
-19489
-22499
-24467
-25085
-24121
-21478
-17245
-11701
-5294
1425
7882
13568
18106
21295
23105
23647
23111
21701
19579
16838
13498
9548
4992
-89
-5505
-10937
-15966
-20131
-23004
-24269
-23789
-21632
-18059
-13479
-8369
-3188
1692
6031
9732
12810
15333
17361
18889
19825
19992
19174
17181
13920
9452
4016
-1983
-8031
-13586
-18168
-21437
-23239
-23614
-22759
-20961
-18517
-15660
-12521
-9114
-5374
-1216
3394
8381
13521
18461
22755
25952
27680
27728
26088
22961
18716
13812
8707
3772
-764
-4831
-8490
-11867
-15078
-18157
-21005
-23396
-25007
-25498
-24600
-22191
-18354
-13373
-7699
-1865
3613
8328
12050
14744
16547
17693
18431
18934
19241
19243
18710
17367
14982
11457
6883
1553
-4073
-9452
-14062
-17506
-19582
-20313
-19919
-18745
-17163
-15467
-13805
-12147
-10313
-8037
-5073
-1287
3267
8328
13456
18116
21785
24065
24768
23951
21896
19028
15815
12647
9751
7146
4666
2023
-1077
-4831
-9250
-14115
-19011
-23395
-26721
-28561
-28704
-27204
-24367
-20675
-16664
-12802
-9378
-6445
-3833
-1216
1772
5409
9781
14721
19828
24540
28256
30482
30944
29657
26921
23245
19226
15398
12111
9452
7239
5094
2565
-728
-4965
-10045
-15584
-20986
-25578
-28767
-30179
-29755
-27760
-24720
-21282
-18059
-15470
-13644
-12393
-11282
-9753
-7294
-3603
1312
7104
13150
18690
23005
25590
26278
25276
23111
20490
18120
16519
15885
16045
16506
16589
15621
13129
8982
3453
-2828
-9013
-14239
-17836
-19489
-19316
-17833
-15814
-14091
-13329
-13846
-15527
-17844
-19995
-21112
-20496
-17815
-13207
-7266
-912
4831
9088
11343
11577
10263
8243
6510
5936
7044
9852
13860
18163
21681
23433
22803
19704
14624
8515
2563
-2101
-4690
-4961
-3277
-517
2150
3571
2915
-95
-5096
-11155
-16996
-21313
-23111
-21957
-18111
-12473
-6364
-1202
1858
2218
0
-3978
-8403
-11804
-12923
-11061
-6263
661
8328
15110
19547
20709
18446
13439
7038
933
-3268
-4451
-2288
2670
9109
15281
19436
20270
-17269
-10860
-2323
6503
13675
17624
17552
13646
7044
-438
-6748
-10116
-9502
-4874
2766
11612
19489
24393
24992
20975
13146
3247
-6453
-13713
-16874
-15271
-9419
-894
8039
14981
17991
16075
9452
-484
-11483
-20977
-26708
-27284
-22529
-13547
-2464
8071
15531
18124
15240
7608
-2863
-13539
-21694
-25174
-22923
-15258
-3804
8879
19903
26744
27847
23008
13430
1444
-10040
-18230
-21115
-17953
-9452
2389
14751
24660
29696
28562
21402
9768
-3740
-16081
-24488
-27110
-23450
-14470
-2370
9933
19489
23995
22337
14836
3174
-10002
-21698
-29260
-30980
-26482
-16796
-4110
8737
18907
24204
23562
17269
6882
-5141
-16010
-23227
-25144
-21317
-12579
-836
11371
21439
27272
27724
22829
13764
2566
-8328
-16611
-20598
-19566
-13876
-4870
5444
14830
21300
23513
21037
14409
4991
-5321
-14505
-20812
-23111
-21086
-15278
-6950
2178
10279
15767
17601
15467
9822
1797
-7032
-14943
-20394
-22308
-20275
-14624
-6366
2997
11743
18255
21326
20385
15618
7946
-1143
-9863
-16470
-19603
-18552
-13416
-5102
4831
14468
21899
25605
24765
19436
10561
-202
-10793
-19159
-23661
-23411
-18457
-9790
852
11321
19489
23676
22989
17506
8259
-2970
-14002
-22701
-27390
-27185
-22159
-13316
-2383
8538
17386
22537
23111
19117
11435
1619
-8414
-16757
-21866
-22839
-19557
-12675
-3479
6373
15156
21389
24077
22861
18059
10579
1745
-6935
-14023
-18380
-19340
-16806
-11247
-3621
4785
12557
18379
21238
20593
16466
9452
634
-8577
-16669
-22278
-24419
-22671
-17266
-9070
547
9934
17446
21735
21998
18136
10784
1216
-8878
-17691
-23626
-25585
-23172
-16768
-7458
3158
13264
21146
25502
25659
21680
14337
4956
-4831
-13373
-19282
-21658
-20214
-15302
-7819
962
9610
16770
21364
22742
20752
15744
8489
60
-8328
-15489
-20425
-22454
-21302
-17139
-10562
-2517
5819
13200
18490
20833
19793
15444
8376
-370
-9452
-17427
-22985
-25167
-23534
-18256
-10098
-306
9595
18051
23738
25781
23899
18445
10342
916
-8328
-15950
-20809
-22233
-20100
-14836
-7317
1280
9676
16676
21335
23071
21720
17531
11107
3316
-4831
-12303
-18167
-21692
-22436
-20294
-15522
-8715
-749
7315
14367
19391
21614
20635
16499
9718
1216
-7793
-15984
-22118
-25243
-24846
-20941
-14071
-5225
4317
13185
20136
24233
24981
22385
16923
9452
1064
-7079
-13917
-18615
-20664
-19908
-16541
-11055
-4160
3299
10441
16433
20571
22346
21500
18059
12350
4978
-3219
-11256
-18121
-22898
-24907
-23810
-19683
-13021
-4692
4186
12397
18810
22546
23111
20461
15010
7549
-873
-9116
-16108
-20992
-23227
-22631
-19380
-13947
-7025
575
8021
14540
19489
22393
22979
21192
17198
11380
4318
-3252
-10500
-16581
-20738
-22403
-21287
-17441
-11278
-3530
4831
12726
19119
23164
24330
22475
17858
11093
3053
-5263
-12871
-18928
-22826
-24245
-23158
-19803
-14624
-8203
-1193
5740
11965
16925
20162
21356
20348
17173
12078
5526
-1827
-9185
-15695
-20553
-23111
-22980
-20099
-14756
-7561
632
8844
16108
21593
24718
25209
23119
18786
12774
5772
-1491
-8328
-14156
-18525
-21131
-21815
-20554
-17456
-12759
-6829
-157
6661
12962
18074
21393
22467
21073
17269
11407
4108
-3815
-11459
-17953
-22575
-24845
-24580
-21894
-17166
-10967
-3970
3141
9741
15316
19489
22014
22770
21741
19008
14749
9242
2876
-3856
-10372
-16048
-20279
-22562
-22571
-20219
-15695
-9452
-2160
5382
12349
18005
21791
23390
22743
20034
15633
10027
3752
-2675
-8791
-14203
-18591
-21694
-23307
-23278
-21529
-18082
-13090
-6866
124
7279
13920
19371
23050
24552
23716
20646
15704
9452
2566
-4252
-10371
-15295
-18702
-20448
-20539
-19094
-16300
-12377
-7562
-2112
3683
9486
14901
19489
22805
24451
24142
21768
17438
11484
4439
-3027
-10196
-16398
-21097
-23949
-24833
-23833
-21195
-17269
-12441
-7082
-1521
3964
9127
13732
17535
20273
21685
21548
19726
16225
11226
5098
-1631
-8328
-14339
-19077
-22108
-23198
-22340
-19731
-15719
-10741
-5241
379
5798
10778
15145
18756
21466
23111
23512
22505
19986
15959
10586
4196
-2727
-9595
-15790
-20750
-24052
-25465
-24976
-22770
-19180
-14624
-9523
-4248
917
5776
10197
14077
17297
19700
21088
21249
20007
17276
13115
7755
1596
-4831
-10938
-16157
-20031
-22272
-22793
-21697
-19237
-15748
-11578
-7027
-2319
2403
7049
11537
15747
19489
22499
24467
25085
24121
21478
17245
11701
5294
-1425
-7882
-13568
-18106
-21295
-23105
-23647
-23111
-21701
-19579
-16838
-13498
-9548
-4992
89
5505
10937
15966
20131
23004
24269
23789
21632
18059
13479
8369
3188
-1692
-6031
-9732
-12810
-15333
-17361
-18889
-19825
-19992
-19174
-17181
-13920
-9452
-4016
1983
8031
13586
18168
21437
23239
23614
22759
20961
18517
15660
12521
9114
5374
1216
-3394
-8381
-13521
-18461
-22755
-25952
-27680
-27728
-26088
-22961
-18716
-13812
-8707
-3772
764
4831
8490
11867
15078
18157
21005
23396
25007
25498
24600
22191
18354
13373
7699
1865
-3613
-8328
-12050
-14744
-16547
-17693
-18431
-18934
-19241
-19243
-18710
-17367
-14982
-11457
-6883
-1553
4073
9452
14062
17506
19582
20313
19919
18745
17163
15467
13805
12147
10313
8037
5073
1287
-3267
-8328
-13456
-18116
-21785
-24065
-24768
-23951
-21896
-19028
-15815
-12647
-9751
-7146
-4666
-2023
1077
4831
9250
14115
19011
23395
26721
28561
28704
27204
24367
20675
16664
12802
9378
6445
3833
1216
-1772
-5409
-9781
-14721
-19828
-24540
-28256
-30482
-30944
-29657
-26921
-23245
-19226
-15398
-12111
-9452
-7239
-5094
-2565
728
4965
10045
15584
20986
25578
28767
30179
29755
27760
24720
21282
18059
15470
13644
12393
11282
9753
7294
3603
-1312
-7104
-13150
-18690
-23005
-25590
-26278
-25276
-23111
-20490
-18120
-16519
-15885
-16045
-16506
-16589
-15621
-13129
-8982
-3453
2828
9013
14239
17836
19489
19316
17833
15814
14091
13329
13846
15527
17844
19995
21112
20496
17815
13207
7266
912
-4831
-9088
-11343
-11577
-10263
-8243
-6510
-5936
-7044
-9852
-13860
-18163
-21681
-23433
-22803
-19704
-14624
-8515
-2563
2101
4690
4961
3277
517
-2150
-3571
-2915
95
5096
11155
16996
21313
23111
21957
18111
12473
6364
1202
-1858
-2218
0
3978
8403
11804
12923
11061
6263
-661
-8328
-15110
-19547
-20709
-18446
-13439
-7038
-933
3268
4451
2288
-2670
-9109
-15281
-19436
-20270
0
0
0
0
0
0
0
0
0
0
0
0
0
0
0
0
0
0
0
0
0
0
0
0
0
0
0
0
0
0
0
0
0
0
0
0
0
0
0
0
0
0
0
0
0
0
0
0
0
0
0
0
0
0
0
0
0
0
0
0
0
0
0
0
0
0
0
0
0
0
0
0
0
0
0
0
0
0
0
0
0
0
0
0
0
0
0
0
0
0
0
0
0
0
0
0
0
0
0
0
0
0
0
0
0
0
0
0
0
0
0
0
0
0
0
0
0
0
0
0
0
0
0
0
0
0
0
0
0
0
0
0
0
0
0
0
0
0
0
0
0
0
0
0
0
0
0
0
0
0
0
0
0
0
0
0
0
0
0
0
0
0
0
0
0
0
0
0
0
0
0
0
0
0
0
0
0
0
0
0
0
0
0
0
0
0
0
0
0
0
0
0
0
0
0
0
0
0
0
0
0
0
0
0
0
0
0
0
0
0
0
0
0
0
0
0
0
0
0
0
0
0
0
0
0
0
0
0
0
0
0
0
0
0
0
0
0
0
0
0
0
0
0
0
0
0
0
0
0
0
0
0
0
0
0
0
0
0
0
0
0
0
0
0
0
0
0
0
0
0
0
0
0
0
0
0
0
0
0
0
0
0
0
0
0
0
0
0
0
0
0
0
0
0
0
0
0
0
0
0
0
0
0
0
0
0
0
0
0
0
0
0
0
0
0
0
0
0
0
0
0
0
0
0
0
0
0
0
0
0
0
0
0
0
0
0
0
0
0
0
0
0
0
0
0
0
0
0
0
0
0
0
0
0
0
0
0
0
0
0
0
0
0
0
0
0
0
0
0
0
0
0
0
0
0
0
0
0
0
0
0
0
0
0
0
0
0
0
0
0
0
0
0
0
0
0
0
0
0
0
0
0
0
0
0
0
0
0
0
0
0
0
0
0
0
0
0
0
0
0
0
0
0
0
0
0
0
0
0
0
0
0
0
0
0
0
0
0
0
0
0
0
0
0
0
0
0
0
0
0
0
0
0
0
0
0
0
0
0
0
0
0
0
0
0
0
0
0
0
0
0
0
0
0
0
0
0
0
0
0
0
0
0
0
0
0
0
0
0
0
0
0
0
0
0
0
0
0
0
0
0
0
0
0
0
0
0
0
0
0
0
0
0
0
0
0
0
0
0
0
0
0
0
0
0
0
0
0
0
0
0
0
0
0
0
0
0
0
0
0
0
0
0
0
0
0
0
0
0
0
0
0
0
0
0
0
0
0
0
0
0
0
0
0
0
0
0
0
0
0
0
0
0
0
0
0
0
0
0
0
0
0
0
0
0
0
0
0
0
0
0
0
0
0
0
0
0
0
0
0
0
0
0
0
0
0
0
0
0
0
0
0
0
0
0
0
0
0
0
0
0
0
0
0
0
0
0
0
0
0
0
0
0
0
0
0
0
0
0
0
0
0
0
0
0
0
0
0
0
0
0
0
0
0
0
0
0
0
0
0
0
0
0
0
0
0
0
0
0
0
0
0
0
0
0
0
0
0
0
0
0
0
0
0
0
0
0
0
0
0
0
0
0
0
0
0
0
0
0
0
0
0
0
0
0
0
0
0
0
0
0
0
0
0
0
0
0
0
0
0
0
0
0
0
0
0
0
0
0
0
0
0
0
0
0
0
0
0
0
0
0
0
0
0
0
0
0
0
0
0
0
0
0
0
0
0
0
0
0
0
0
0
0
0
0
0
0
0
0
0
0
0
0
0
0
0
0
0
0
0
0
0
0
0
0
0
0
0
0
0
0
0
0
0
0
0
0
0
0
0
0
0
0
0
0
0
0
0
0
0
0
0
0
0
0
0
0
0
0
0
0
0
0
0
0
0
0
0
0
0
0
0
0
0
0
0
0
0
0
0
0
0
0
0
0
0
0
0
0
0
0
0
0
0
0
0
0
0
0
0
0
0
0
0
0
0
0
0
0
0
0
0
0
0
0
0
0
0
0
0
0
0
0
0
0
0
0
0
0
0
0
0
0
0
0
0
0
0
0
0
0
0
0
0
0
0
0
0
0
0
0
0
0
0
0
0
0
0
0
0
0
0
0
0
0
0
0
0
0
0
0
0
0
0
0
0
0
0
0
0
0
0
0
0
0
0
0
0
0
0
0
0
0
0
0
0
0
0
0
0
0
9499
17518
22860
24852
23466
19315
13533
7528
2704
173
528
3723
9080
15430
21343
25428
26602
24327
18713
10509
960
-8433
-16214
-21243
-22923
-21309
-17091
-11445
-5794
-1513
350
-711
-4560
-10437
-17118
-23157
-27177
-28152
-25620
-19775
-11437
-1898
7333
14825
19500
20838
18982
14691
9186
3895
159
-1038
722
5211
11591
18586
24737
28691
29480
26719
20684
12264
2789
-6223
-13377
-17655
-18624
-16510
-12141
-6776
-1846
1343
1881
-564
-5674
-12535
-19825
-26072
-29956
-30571
-27605
-21419
-12966
-3612
5127
11893
15736
16309
13920
9465
4239
-329
-2979
-2869
244
5951
13265
20824
27151
30959
31406
28262
21962
13524
4345
-4067
-10398
-13770
-13920
-11239
-6691
-1600
2612
4731
3987
229
-6045
-13782
-21580
-27967
-31691
-31977
-28676
-22299
-13922
-4968
3067
8918
11781
11483
8498
3847
-1113
-4977
-6576
-5219
-845
5962
14087
22093
28515
32144
32273
28835
22415
14144
5464
-2147
-7476
-9799
-9030
-5725
-964
3873
7398
8493
6547
1588
-5715
-14187
-22365
-28795
-32316
-32290
-28732
-22301
-14176
-5816
1327
6095
7847
6586
2950
-1928
-6651
-9848
-10457
-7950
-2444
5314
14090
22402
28810
32205
32024
28362
21950
14008
6009
-624
-4797
-5952
-4181
-202
4801
9417
12299
12445
9408
3393
-4774
-13808
-22211
-28565
-31817
-31478
-27724
-21355
-13633
-6033
55
3601
4136
1841
-2490
-7624
-12141
-14722
-14429
-10895
-4415
4112
13355
21803
28069
31157
30655
26820
20517
13045
5878
368
-2524
-2421
408
5097
10369
14795
17090
16383
12390
5489
-3346
-12746
-21195
-27335
-30234
-29563
-25655
-19438
-12244
-5541
-636
1583
827
-2544
-7594
-13007
-17349
-19375
-18279
-13866
-6593
2499
12001
20399
26376
29063
28213
24236
18122
11230
5015
737
-791
628
4546
9957
15509
19775
21548
20093
15297
7703
-1590
-11138
-19437
-25210
-27659
-26618
-22578
-16579
-10007
-4301
-669
157
-1929
-6391
-12161
-17853
-22048
-23584
-21797
-16660
-8793
641
10180
18328
23857
26041
24797
20691
14819
8584
3403
429
311
3064
8066
14187
20014
24142
25457
23367
17930
9843
321
-9149
-17094
-22337
-24228
-22767
-18595
-12857
-6970
-2326
-18
-609
-4022
-9554
-16016
-21973
-26035
-27143
-24778
-19083
-10829
-1276
8070
15759
20675
22244
20551
16309
10711
5178
1079
-561
734
4798
10845
17633
23710
27707
28621
26009
20096
11725
2202
-6963
-14348
-18894
-20114
-18173
-13856
-8399
-3227
326
1302
-688
-5386
-11929
-19026
-25210
-29141
-29871
-27039
-20949
-12512
-3072
5856
12885
17022
17863
15659
11261
5943
1134
-1875
-2195
475
5787
12802
20184
26461
30321
30877
27851
21623
13169
3868
-4768
-11394
-15085
-15519
-13035
-8550
-3369
1080
3551
3228
-102
-6002
-13461
-21102
-27452
-31235
-31626
-28428
-22098
-13675
-4566
3726
9902
13108
13111
10331
5749
702
-3393
-5336
-4386
-419
6036
13907
21778
28179
31874
32106
28756
22363
14016
5148
-2751
-8431
-11119
-10666
-7577
-2889
2029
5779
7207
5652
1080
-5898
-14143
-22211
-28638
-32233
-32310
-28829
-22403
-14176
-5598
1862
7008
9144
8212
4799
0
-4799
-8212
-9144
-7008
-1862
5598
14176
22403
28829
32310
32233
28638
22211
14143
5898
-1080
-5652
-7207
-5779
-2029
2889
7577
10666
11119
8431
2751
-5148
-14016
-22363
-28756
-32106
-31874
-28179
-21778
-13907
-6036
419
4386
5336
3393
-702
-5749
-10331
-13111
-13108
-9902
-3726
4566
13675
22098
28428
31626
31235
27452
21102
13461
6002
102
-3228
-3551
-1080
3369
8550
13035
15519
15085
11394
4768
-3868
-13169
-21623
-27851
-30877
-30321
-26461
-20184
-12802
-5787
-475
2195
1875
-1134
-5943
-11261
-15659
-17863
-17022
-12885
-5856
3072
12512
20949
27039
29871
29141
25210
19026
11929
5386
688
-1302
-326
3227
8399
13856
18173
20114
18894
14348
6963
-2202
-11725
-20096
-26009
-28621
-27707
-23710
-17633
-10845
-4798
-734
561
-1079
-5178
-10711
-16309
-20551
-22244
-20675
-15759
-8070
1276
10829
19083
24778
27143
26035
21973
16016
9554
4022
609
18
2326
6970
12857
18595
22767
24228
22337
17094
9149
-321
-9843
-17930
-23367
-25457
-24142
-20014
-14188
-8066
-3064
-311
-429
-3403
-8584
-14819
-20691
-24797
-26041
-23857
-18328
-10180
-641
8793
16660
21797
23584
22048
17853
12161
6391
1929
-157
669
4301
10007
16579
22578
26618
27659
25210
19437
11138
1590
-7703
-15297
-20093
-21548
-19775
-15509
-9957
-4546
-628
791
-737
-5015
-11230
-18122
-24236
-28213
-29063
-26376
-20399
-12001
-2499
6593
13866
18279
19375
17349
13007
7594
2544
-827
-1583
636
5541
12244
19438
25655
29563
30234
27335
21195
12746
3346
-5489
-12390
-16383
-17090
-14795
-10369
-5097
-408
2421
2524
-368
-5878
-13045
-20517
-26820
-30655
-31157
-28069
-21803
-13355
-4112
4415
10895
14429
14722
12141
7624
2490
-1841
-4136
-3601
-55
6033
13633
21355
27724
31478
31817
28565
22211
13808
4774
-3393
-9408
-12445
-12299
-9417
-4801
202
4181
5952
4797
624
-6009
-14008
-21950
-28362
-32024
-32205
-28810
-22402
-14090
-5314
2444
7950
10457
9848
6651
1928
-2950
-6586
-7847
-6095
-1327
5816
14176
22301
28732
32290
32316
28795
22365
14188
5715
-1588
-6547
-8493
-7398
-3873
964
5725
9030
9799
7476
2147
-5464
-14144
-22415
-28835
-32273
-32144
-28515
-22093
-14087
-5962
845
5219
6576
4977
1113
-3847
-8498
-11483
-11781
-8918
-3067
4968
13922
22299
28676
31977
31691
27967
21580
13782
6045
-229
-3987
-4731
-2612
1600
6691
11239
13920
13770
10398
4067
-4345
-13524
-21962
-28262
-31406
-30959
-27151
-20824
-13265
-5951
-244
2869
2979
329
-4239
-9465
-13920
-16309
-15736
-11893
-5127
3612
12966
21419
27605
30571
29956
26072
19825
12535
5674
564
-1881
-1343
1846
6776
12141
16510
18624
17655
13377
6223
-2789
-12264
-20684
-26719
-29480
-28691
-24737
-18586
-11591
-5211
-722
1038
-159
-3895
-9186
-14691
-18982
-20838
-19500
-14825
-7333
1898
11437
19775
25620
28152
27177
23157
17118
10437
4560
711
-350
1513
5794
11445
17091
21309
22923
21243
16214
8433
-960
-10509
-18713
-24327
-26602
-25428
-21343
-15430
-9080
-3723
-528
-173
-2704
-7528
-13533
-19315
-23466
-24852
-22860
-17518
-9499
0
9499
17518
22860
24852
23466
19315
13533
7528
2704
173
528
3723
9080
15430
21343
25428
26602
24327
18713
10509
960
-8433
-16214
-21243
-22923
-21309
-17091
-11445
-5794
-1513
350
-711
-4560
-10437
-17118
-23157
-27177
-28152
-25620
-19775
-11437
-1898
7333
14825
19500
20838
18982
14691
9186
3895
159
-1038
722
5211
11591
18586
24737
28691
29480
26719
20684
12264
2789
-6223
-13377
-17655
-18624
-16510
-12141
-6776
-1846
1343
1881
-564
-5674
-12535
-19825
-26072
-29956
-30571
-27605
-21419
-12966
-3612
5127
11893
15736
16309
13920
9465
4239
-329
-2979
-2869
244
5951
13265
20824
27151
30959
31406
28262
21962
13524
4345
-4067
-10398
-13770
-13920
-11239
-6691
-1600
2612
4731
3987
229
-6045
-13782
-21580
-27967
-31691
-31977
-28676
-22299
-13922
-4968
3067
8918
11781
11483
8498
3847
-1113
-4977
-6576
-5219
-845
5962
14087
22093
28515
32144
32273
28835
22415
14144
5464
-2147
-7476
-9799
-9030
-5725
-964
3873
7398
8493
6547
1588
-5715
-14187
-22365
-28795
-32316
-32290
-28732
-22301
-14176
-5816
1327
6095
7847
6586
2950
-1928
-6651
-9848
-10457
-7950
-2444
5314
14090
22402
28810
32205
32024
28362
21950
14008
6009
-624
-4797
-5952
-4181
-202
4801
9417
12299
12445
9408
3393
-4774
-13808
-22211
-28565
-31817
-31478
-27724
-21355
-13633
-6033
55
3601
4136
1841
-2490
-7624
-12141
-14722
-14429
-10895
-4415
4112
13355
21803
28069
31157
30655
26820
20517
13045
5878
368
-2524
-2421
408
5097
10369
14795
17090
16383
12390
5489
-3346
-12746
-21195
-27335
-30234
-29563
-25655
-19438
-12244
-5541
-636
1583
827
-2544
-7594
-13007
-17349
-19375
-18279
-13866
-6593
2499
12001
20399
26376
29063
28213
24236
18122
11230
5015
737
-791
628
4546
9957
15509
19775
21548
20093
15297
7703
-1590
-11138
-19437
-25210
-27659
-26618
-22578
-16579
-10007
-4301
-669
157
-1929
-6391
-12161
-17853
-22048
-23584
-21797
-16660
-8793
641
10180
18328
23857
26041
24797
20691
14819
8584
3403
429
311
3064
8066
14187
20014
24142
25457
23367
17930
9843
321
-9149
-17094
-22337
-24228
-22767
-18595
-12857
-6970
-2326
-18
-609
-4022
-9554
-16016
-21973
-26035
-27143
-24778
-19083
-10829
-1276
8070
15759
20675
22244
20551
16309
10711
5178
1079
-561
734
4798
10845
17633
23710
27707
28621
26009
20096
11725
2202
-6963
-14348
-18894
-20114
-18173
-13856
-8399
-3227
326
1302
-688
-5386
-11929
-19026
-25210
-29141
-29871
-27039
-20949
-12512
-3072
5856
12885
17022
17863
15659
11261
5943
1134
-1875
-2195
475
5787
12802
20184
26461
30321
30877
27851
21623
13169
3868
-4768
-11394
-15085
-15519
-13035
-8550
-3369
1080
3551
3228
-102
-6002
-13461
-21102
-27452
-31235
-31626
-28428
-22098
-13675
-4566
3726
9902
13108
13111
10331
5749
702
-3393
-5336
-4386
-419
6036
13907
21778
28179
31874
32106
28756
22363
14016
5148
-2751
-8431
-11119
-10666
-7577
-2889
2029
5779
7207
5652
1080
-5898
-14143
-22211
-28638
-32233
-32310
-28829
-22403
-14176
-5598
1862
7008
9144
8212
4799
0
-4799
-8212
-9144
-7008
-1862
5598
14176
22403
28829
32310
32233
28638
22211
14143
5898
-1080
-5652
-7207
-5779
-2029
2889
7577
10666
11119
8431
2751
-5148
-14016
-22363
-28756
-32106
-31874
-28179
-21778
-13907
-6036
419
4386
5336
3393
-702
-5749
-10331
-13111
-13108
-9902
-3726
4566
13675
22098
28428
31626
31235
27452
21102
13461
6002
102
-3228
-3551
-1080
3369
8550
13035
15519
15085
11394
4768
-3868
-13169
-21623
-27851
-30877
-30321
-26461
-20184
-12802
-5787
-475
2195
1875
-1134
-5943
-11261
-15659
-17863
-17022
-12885
-5856
3072
12512
20949
27039
29871
29141
25210
19026
11929
5386
688
-1302
-326
3227
8399
13856
18173
20114
18894
14348
6963
-2202
-11725
-20096
-26009
-28621
-27707
-23710
-17633
-10845
-4798
-734
561
-1079
-5178
-10711
-16309
-20551
-22244
-20675
-15759
-8070
1276
10829
19083
24778
27143
26035
21973
16016
9554
4022
609
18
2326
6970
12857
18595
22767
24228
22337
17094
9149
-321
-9843
-17930
-23367
-25457
-24142
-20014
-14188
-8066
-3064
-311
-429
-3403
-8584
-14819
-20691
-24797
-26041
-23857
-18328
-10180
-641
8793
16660
21797
23584
22048
17853
12161
6391
1929
-157
669
4301
10007
16579
22578
26618
27659
25210
19437
11138
1590
-7703
-15297
-20093
-21548
-19775
-15509
-9957
-4546
-628
791
-737
-5015
-11230
-18122
-24236
-28213
-29063
-26376
-20399
-12001
-2499
6593
13866
18279
19375
17349
13007
7594
2544
-827
-1583
636
5541
12244
19438
25655
29563
30234
27335
21195
12746
3346
-5489
-12390
-16383
-17090
-14795
-10369
-5097
-408
2421
2524
-368
-5878
-13045
-20517
-26820
-30655
-31157
-28069
-21803
-13355
-4112
4415
10895
14429
14722
12141
7624
2490
-1841
-4136
-3601
-55
6033
13633
21355
27724
31478
31817
28565
22211
13808
4774
-3393
-9408
-12445
-12299
-9417
-4801
202
4181
5952
4797
624
-6009
-14008
-21950
-28362
-32024
-32205
-28810
-22402
-14090
-5314
2444
7950
10457
9848
6651
1928
-2950
-6586
-7847
-6095
-1327
5816
14176
22301
28732
32290
32316
28795
22365
14188
5715
-1588
-6547
-8493
-7398
-3873
964
5725
9030
9799
7476
2147
-5464
-14144
-22415
-28835
-32273
-32144
-28515
-22093
-14087
-5962
845
5219
6576
4977
1113
-3847
-8498
-11483
-11781
-8918
-3067
4968
13922
22299
28676
31977
31691
27967
21580
13782
6045
-229
-3987
-4731
-2612
1600
6691
11239
13920
13770
10398
4067
-4345
-13524
-21962
-28262
-31406
-30959
-27151
-20824
-13265
-5951
-244
2869
2979
329
-4239
-9465
-13920
-16309
-15736
-11893
-5127
3612
12966
21419
27605
30571
29956
26072
19825
12535
5674
564
-1881
-1343
1846
6776
12141
16510
18624
17655
13377
6223
-2789
-12264
-20684
-26719
-29480
-28691
-24737
-18586
-11591
-5211
-722
1038
-159
-3895
-9186
-14691
-18982
-20838
-19500
-14825
-7333
1898
11437
19775
25620
28152
27177
23157
17118
10437
4560
711
-350
1513
5794
11445
17091
21309
22923
21243
16214
8433
-960
-10509
-18713
-24327
-26602
-25428
-21343
-15430
-9080
-3723
-528
-173
-2704
-7528
-13533
-19315
-23466
-24852
-22860
-17518
-9499
0
9499
17518
22860
24852
23466
19315
13533
7528
2704
173
528
3723
9080
15430
21343
25428
26602
24327
18713
10509
960
-8433
-16214
-21243
-22923
-21309
-17091
-11445
-5794
-1513
350
-711
-4560
-10437
-17118
-23157
-27177
-28152
-25620
-19775
-11437
-1898
7333
14825
19500
20838
18982
14691
9186
3895
159
-1038
722
5211
11591
18586
24737
28691
29480
26719
20684
12264
2789
-6223
-13377
-17655
-18624
-16510
-12141
-6776
-1846
1343
1881
-564
-5674
-12535
-19825
-26072
-29956
-30571
-27605
-21419
-12966
-3612
5127
11893
15736
16309
13920
9465
4239
-329
-2979
-2869
244
5951
13265
20824
27151
30959
31406
28262
21962
13524
4345
-4067
-10398
-13770
-13920
-11239
-6691
-1600
2612
4731
3987
229
-6045
-13782
-21580
-27967
-31691
-31977
-28676
-22299
-13922
-4968
3067
8918
11781
11483
8498
3847
-1113
-4977
-6576
-5219
-845
5962
14087
22093
28515
32144
32273
28835
22415
14144
5464
-2147
-7476
-9799
-9030
-5725
-964
3873
7398
8493
6547
1588
-5715
-14187
-22365
-28795
-32316
-32290
-28732
-22301
-14176
-5816
1327
6095
7847
6586
2950
-1928
-6651
-9848
-10457
-7950
-2444
5314
14090
22402
28810
32205
32024
28362
21950
14008
6009
-624
-4797
-5952
-4181
-202
4801
9417
12299
12445
9408
3393
-4774
-13808
-22211
-28565
-31817
-31478
-27724
-21355
-13633
-6033
55
3601
4136
1841
-2490
-7624
-12141
-14722
-14429
-10895
-4415
4112
13355
21803
28069
31157
30655
26820
20517
13045
5878
368
-2524
-2421
408
5097
10369
14795
17090
16383
12390
5489
-3346
-12746
-21195
-27335
-30234
-29563
-25655
-19438
-12244
-5541
-636
1583
827
-2544
-7594
-13007
-17349
-19375
-18279
-13866
-6593
2499
12001
20399
26376
29063
28213
24236
18122
11230
5015
737
-791
628
4546
9957
15509
19775
21548
20093
15297
7703
-1590
-11138
-19437
-25210
-27659
-26618
-22578
-16579
-10007
-4301
-669
157
-1929
-6391
-12161
-17853
-22048
-23584
-21797
-16660
-8793
641
10180
18328
23857
26041
24797
20691
14819
8584
3403
429
311
3064
8066
14187
20014
24142
25457
23367
17930
9843
321
-9149
-17094
-22337
-24228
-22767
-18595
-12857
-6970
-2326
-18
-609
-4022
-9554
-16016
-21973
-26035
-27143
-24778
-19083
-10829
-1276
8070
15759
20675
22244
20551
16309
10711
5178
1079
-561
734
4798
10845
17633
23710
27707
28621
26009
20096
11725
2202
-6963
-14348
-18894
-20114
-18173
-13856
-8399
-3227
326
1302
-688
-5386
-11929
-19026
-25210
-29141
-29871
-27039
-20949
-12512
-3072
5856
12885
17022
17863
15659
11261
5943
1134
-1875
-2195
475
5787
12802
20184
26461
30321
30877
27851
21623
13169
3868
-4768
-11394
-15085
-15519
-13035
-8550
-3369
1080
3551
3228
-102
-6002
-13461
-21102
-27452
-31235
-31626
-28428
-22098
-13675
-4566
3726
9902
13108
13111
10331
5749
702
-3393
-5336
-4386
-419
6036
13907
21778
28179
31874
32106
28756
22363
14016
5148
-2751
-8431
-11119
-10666
-7577
-2889
2029
5779
7207
5652
1080
-5898
-14143
-22211
-28638
-32233
-32310
-28829
-22403
-14176
-5598
1862
7008
9144
8212
4799
0
-4799
-8212
-9144
-7008
-1862
5598
14176
22403
28829
32310
32233
28638
22211
14143
5898
-1080
-5652
-7207
-5779
-2029
2889
7577
10666
11119
8431
2751
-5148
-14016
-22363
-28756
-32106
-31874
-28179
-21778
-13907
-6036
419
4386
5336
3393
-702
-5749
-10331
-13111
-13108
-9902
-3726
4566
13675
22098
28428
31626
31235
27452
21102
13461
6002
102
-3228
-3551
-1080
3369
8550
13035
15519
15085
11394
4768
-3868
-13169
-21623
-27851
-30877
-30321
-26461
-20184
-12802
-5787
-475
2195
1875
-1134
-5943
-11261
-15659
-17863
-17022
-12885
-5856
3072
12512
20949
27039
29871
29141
25210
19026
11929
5386
688
-1302
-326
3227
8399
13856
18173
20114
18894
14348
6963
-2202
-11725
-20096
-26009
-28621
-27707
-23710
-17633
-10845
-4798
-734
561
-1079
-5178
-10711
-16309
-20551
-22244
-20675
-15759
-8070
1276
10829
19083
24778
27143
26035
21973
16016
9554
4022
609
18
2326
6970
12857
18595
22767
24228
22337
17094
9149
-321
-9843
-17930
-23367
-25457
-24142
-20014
-14188
-8066
-3064
-311
-429
-3403
-8584
-14819
-20691
-24797
-26041
-23857
-18328
-10180
-641
8793
16660
21797
23584
22048
17853
12161
6391
1929
-157
669
4301
10007
16579
22578
26618
27659
25210
19437
11138
1590
-7703
-15297
-20093
-21548
-19775
-15509
-9957
-4546
-628
791
-737
-5015
-11230
-18122
-24236
-28213
-29063
-26376
-20399
-12001
-2499
6593
13866
18279
19375
17349
13007
7594
2544
-827
-1583
636
5541
12244
19438
25655
29563
30234
27335
21195
12746
3346
-5489
-12390
-16383
-17090
-14795
-10369
-5097
-408
2421
2524
-368
-5878
-13045
-20517
-26820
-30655
-31157
-28069
-21803
-13355
-4112
4415
10895
14429
14722
12141
7624
2490
-1841
-4136
-3601
-55
6033
13633
21355
27724
31478
31817
28565
22211
13808
4774
-3393
-9408
-12445
-12299
-9417
-4801
202
4181
5952
4797
624
-6009
-14008
-21950
-28362
-32024
-32205
-28810
-22402
-14090
-5314
2444
7950
10457
9848
6651
1928
-2950
-6586
-7847
-6095
-1327
5816
14176
22301
28732
32290
32316
28795
22365
14188
5715
-1588
-6547
-8493
-7398
-3873
964
5725
9030
9799
7476
2147
-5464
-14144
-22415
-28835
-32273
-32144
-28515
-22093
-14087
-5962
845
5219
6576
4977
1113
-3847
-8498
-11483
-11781
-8918
-3067
4968
13922
22299
28676
31977
31691
27967
21580
13782
6045
-229
-3987
-4731
-2612
1600
6691
11239
13920
13770
10398
4067
-4345
-13524
-21962
-28262
-31406
-30959
-27151
-20824
-13265
-5951
-244
2869
2979
329
-4239
-9465
-13920
-16309
-15736
-11893
-5127
3612
12966
21419
27605
30571
29956
26072
19825
12535
5674
564
-1881
-1343
1846
6776
12141
16510
18624
17655
13377
6223
-2789
-12264
-20684
-26719
-29480
-28691
-24737
-18586
-11591
-5211
-722
1038
-159
-3895
-9186
-14691
-18982
-20838
-19500
-14825
-7333
1898
11437
19775
25620
28152
27177
23157
17118
10437
4560
711
-350
1513
5794
11445
17091
21309
22923
21243
16214
8433
-960
-10509
-18713
-24327
-26602
-25428
-21343
-15430
-9080
-3723
-528
-173
-2704
-7528
-13533
-19315
-23466
-24852
-22860
-17518
-9499
0
9499
17518
22860
24852
23466
19315
13533
7528
2704
173
528
3723
9080
15430
21343
25428
26602
24327
18713
10509
960
-8433
-16214
-21243
-22923
-21309
-17091
-11445
-5794
-1513
350
-711
-4560
-10437
-17118
-23157
-27177
-28152
-25620
-19775
-11437
-1898
7333
14825
19500
20838
18982
14691
9186
3895
159
-1038
722
5211
11591
18586
24737
28691
29480
26719
20684
12264
2789
-6223
-13377
-17655
-18624
-16510
-12141
-6776
-1846
1343
1881
-564
-5674
-12535
-19825
-26072
-29956
-30571
-27605
-21419
-12966
-3612
5127
11893
15736
16309
13920
9465
4239
-329
-2979
-2869
244
5951
13265
20824
27151
30959
31406
28262
21962
13524
4345
-4067
-10398
-13770
-13920
-11239
-6691
-1600
2612
4731
3987
229
-6045
-13782
-21580
-27967
-31691
-31977
-28676
-22299
-13922
-4968
3067
8918
11781
11483
8498
3847
-1113
-4977
-6576
-5219
-845
5962
14087
22093
28515
32144
32273
28835
22415
14144
5464
-2147
-7476
-9799
-9030
-5725
-964
3873
7398
8493
6547
1588
-5715
-14187
-22365
-28795
-32316
-32290
-28732
-22301
-14176
-5816
1327
6095
7847
6586
2950
-1928
-6651
-9848
-10457
-7950
-2444
5314
14090
22402
28810
32205
32024
28362
21950
14008
6009
-624
-4797
-5952
-4181
-202
4801
9417
12299
12445
9408
3393
-4774
-13808
-22211
-28565
-31817
-31478
-27724
-21355
-13633
-6033
55
3601
4136
1841
-2490
-7624
-12141
-14722
-14429
-10895
-4415
4112
13355
21803
28069
31157
30655
26820
20517
13045
5878
368
-2524
-2421
408
5097
10369
14795
17090
16383
12390
5489
-3346
-12746
-21195
-27335
-30234
-29563
-25655
-19438
-12244
-5541
-636
1583
827
-2544
-7594
-13007
-17349
-19375
-18279
-13866
-6593
2499
12001
20399
26376
29063
28213
24236
18122
11230
5015
737
-791
628
4546
9957
15509
19775
21548
20093
15297
7703
-1590
-11138
-19437
-25210
-27659
-26618
-22578
-16579
-10007
-4301
-669
157
-1929
-6391
-12161
-17853
-22048
-23584
-21797
-16660
-8793
641
10180
18328
23857
26041
24797
20691
14819
8584
3403
429
311
3064
8066
14188
20014
24142
25457
23367
17930
9843
321
-9149
-17094
-22337
-24228
-22767
-18595
-12857
-6970
-2326
-18
-609
-4022
-9554
-16016
-21973
-26035
-27143
-24778
-19083
-10829
-1276
8070
15759
20675
22244
20551
16309
10711
5178
1079
-561
734
4798
10845
17633
23710
27707
28621
26009
20096
11725
2202
-6963
-14348
-18894
-20114
-18173
-13856
-8399
-3227
326
1302
-688
-5386
-11929
-19026
-25210
-29141
-29871
-27039
-20949
-12512
-3072
5856
12885
17022
17863
15659
11261
5943
1134
-1875
-2195
475
5787
12802
20184
26461
30321
30877
27851
21623
13169
3868
-4768
-11394
-15085
-15519
-13035
-8550
-3369
1080
3551
3228
-102
-6002
-13461
-21102
-27452
-31235
-31626
-28428
-22098
-13675
-4566
3726
9902
13108
13111
10331
5749
702
-3393
-5336
-4386
-419
6036
13907
21778
28179
31874
32106
28756
22363
14016
5148
-2751
-8431
-11119
-10666
-7577
-2889
2029
5779
7207
5652
1080
-5898
-14143
-22211
-28638
-32233
-32310
-28829
-22403
-14176
-5598
1862
7008
9144
8212
4799
0
-4799
-8212
-9144
-7008
-1862
5598
14176
22403
28829
32310
32233
28638
22211
14143
5898
-1080
-5652
-7207
-5779
-2029
2889
7577
10666
11119
8431
2751
-5148
-14016
-22363
-28756
-32106
-31874
-28179
-21778
-13907
-6036
419
4386
5336
3393
-702
-5749
-10331
-13111
-13108
-9902
-3726
4566
13675
22098
28428
31626
31235
27452
21102
13461
6002
102
-3228
-3551
-1080
3369
8550
13035
15519
15085
11394
4768
-3868
-13169
-21623
-27851
-30877
-30321
-26461
-20184
-12802
-5787
-475
2195
1875
-1134
-5943
-11261
-15659
-17863
-17022
-12885
-5856
3072
12512
20949
27039
29871
29141
25210
19026
11929
5386
688
-1302
-326
3227
8399
13856
18173
20114
18894
14348
6963
-2202
-11725
-20096
-26009
-28621
-27707
-23710
-17633
-10845
-4798
-734
561
-1079
-5178
-10711
-16309
-20551
-22244
-20675
-15759
-8070
1276
10829
19083
24778
27143
26035
21973
16016
9554
4022
609
18
2326
6970
12857
18595
22767
24228
22337
17094
9149
-321
-9843
-17930
-23367
-25457
-24142
-20014
-14188
-8066
-3064
-311
-429
-3403
-8584
-14819
-20691
-24797
-26041
-23857
-18328
-10180
-641
8793
16660
21797
23584
22048
17853
12161
6391
1929
-157
669
4301
10007
16579
22578
26618
27659
25210
19437
11138
1590
-7703
-15297
-20093
-21548
-19775
-15509
-9957
-4546
-628
791
-737
-5015
-11230
-18122
-24236
-28213
-29063
-26376
-20399
-12001
-2499
6593
13866
18279
19375
17349
13007
7594
2544
-827
-1583
636
5541
12244
19438
25655
29563
30234
27335
21195
12746
3346
-5489
-12390
-16383
-17090
-14795
-10369
-5097
-408
2421
2524
-368
-5878
-13045
-20517
-26820
-30655
-31157
-28069
-21803
-13355
-4112
4415
10895
14429
14722
12141
7624
2490
-1841
-4136
-3601
-55
6033
13633
21355
27724
31478
31817
28565
22211
13808
4774
-3393
-9408
-12445
-12299
-9417
-4801
202
4181
5952
4797
624
-6009
-14008
-21950
-28362
-32024
-32205
-28810
-22402
-14090
-5314
2444
7950
10457
9848
6651
1928
-2950
-6586
-7847
-6095
-1327
5816
14176
22301
28732
32290
32316
28795
22365
14188
5715
-1588
-6547
-8493
-7398
-3873
964
5725
9030
9799
7476
2147
-5464
-14144
-22415
-28835
-32273
-32144
-28515
-22093
-14087
-5962
845
5219
6576
4977
1113
-3847
-8498
-11483
-11781
-8918
-3067
4968
13922
22299
28676
31977
31691
27967
21580
13782
6045
-229
-3987
-4731
-2612
1600
6691
11239
13920
13770
10398
4067
-4345
-13524
-21962
-28262
-31406
-30959
-27151
-20824
-13265
-5951
-244
2869
2979
329
-4239
-9465
-13920
-16309
-15736
-11893
-5127
3612
12966
21419
27605
30571
29956
26072
19825
12535
5674
564
-1881
-1343
1846
6776
12141
16510
18624
17655
13377
6223
-2789
-12264
-20684
-26719
-29480
-28691
-24737
-18586
-11591
-5211
-722
1038
-159
-3895
-9186
-14691
-18982
-20838
-19500
-14825
-7333
1898
11437
19775
25620
28152
27177
23157
17118
10437
4560
711
-350
1513
5794
11445
17091
21309
22923
21243
16214
8433
-960
-10509
-18713
-24327
-26602
-25428
-21343
-15430
-9080
-3723
-528
-173
-2704
-7528
-13533
-19315
-23466
-24852
-22860
-17518
-9499
0
9499
17518
22860
24852
23466
19315
13533
7528
2704
173
528
3723
9080
15430
21343
25428
26602
24327
18713
10509
960
-8433
-16214
-21243
-22923
-21309
-17091
-11445
-5794
-1513
350
-711
-4560
-10437
-17118
-23157
-27177
-28152
-25620
-19775
-11437
-1898
7333
14825
19500
20838
18982
14691
9186
3895
159
-1038
722
5211
11591
18586
24737
28691
29480
26719
20684
12264
2789
-6223
-13377
-17655
-18624
-16510
-12141
-6776
-1846
1343
1881
-564
-5674
-12535
-19825
-26072
-29956
-30571
-27605
-21419
-12966
-3612
5127
11893
15736
16309
13920
9465
4239
-329
-2979
-2869
244
5951
13265
20824
27151
30959
31406
28262
21962
13524
4345
-4067
-10398
-13770
-13920
-11239
-6691
-1600
2612
4731
3987
229
-6045
-13782
-21580
-27967
-31691
-31977
-28676
-22299
-13922
-4968
3067
8918
11781
11483
8498
3847
-1113
-4977
-6576
-5219
-845
5962
14087
22093
28515
32144
32273
28835
22415
14144
5464
-2147
-7476
-9799
-9030
-5725
-964
3873
7398
8493
6547
1588
-5715
-14187
-22365
-28795
-32316
-32290
-28732
-22301
-14176
-5816
1327
6095
7847
6586
2950
-1928
-6651
-9848
-10457
-7950
-2444
5314
14090
22402
28810
32205
32024
28362
21950
14008
6009
-624
-4797
-5952
-4181
-202
4801
9417
12299
12445
9408
3393
-4774
-13808
-22211
-28565
-31817
-31478
-27724
-21355
-13633
-6033
55
3601
4136
1841
-2490
-7624
-12141
-14722
-14429
-10895
-4415
4112
13355
21803
28069
31157
30655
26820
20517
13045
5878
368
-2524
-2421
408
5097
10369
14795
17090
16383
12390
5489
-3346
-12746
-21195
-27335
-30234
-29563
-25655
-19438
-12244
-5541
-636
1583
827
-2544
-7594
-13007
-17349
-19375
-18279
-13866
-6593
2499
12001
20399
26376
29063
28213
24236
18122
11230
5015
737
-791
628
4546
9957
15509
19775
21548
20093
15297
7703
-1590
-11138
-19437
-25210
-27659
-26618
-22578
-16579
-10007
-4301
-669
157
-1929
-6391
-12161
-17853
-22048
-23584
-21797
-16660
-8793
641
10180
18328
23857
26041
24797
20691
14819
8584
3403
429
311
3064
8066
14187
20014
24142
25457
23367
17930
9843
321
-9149
-17094
-22337
-24228
-22767
-18595
-12857
-6970
-2326
-18
-609
-4022
-9554
-16016
-21973
-26035
-27143
-24778
-19083
-10829
-1276
8070
15759
20675
22244
20551
16309
10711
5178
1079
-561
734
4798
10845
17633
23710
27707
28621
26009
20096
11725
2202
-6963
-14348
-18894
-20114
-18173
-13856
-8399
-3227
326
1302
-688
-5386
-11929
-19026
-25210
-29141
-29871
-27039
-20949
-12512
-3072
5856
12885
17022
17863
15659
11261
5943
1134
-1875
-2195
475
5787
12802
20184
26461
30321
30877
27851
21623
13169
3868
-4768
-11394
-15085
-15519
-13035
-8550
-3369
1080
3551
3228
-102
-6002
-13461
-21102
-27452
-31235
-31626
-28428
-22098
-13675
-4566
3726
9902
13108
13111
10331
5749
702
-3393
-5336
-4386
-419
6036
13907
21778
28179
31874
32106
28756
22363
14016
5148
-2751
-8431
-11119
-10666
-7577
-2889
2029
5779
7207
5652
1080
-5898
-14143
-22211
-28638
-32233
-32310
-28829
-22403
-14176
-5598
1862
7008
9144
8212
4799
0
-4799
-8212
-9144
-7008
-1862
5598
14176
22403
28829
32310
32233
28638
22211
14143
5898
-1080
-5652
-7207
-5779
-2029
2889
7577
10666
11119
8431
2751
-5148
-14016
-22363
-28756
-32106
-31874
-28179
-21778
-13907
-6036
419
4386
5336
3393
-702
-5749
-10331
-13111
-13108
-9902
-3726
4566
13675
22098
28428
31626
31235
27452
21102
13461
6002
102
-3228
-3551
-1080
3369
8550
13035
15519
15085
11394
4768
-3868
-13169
-21623
-27851
-30877
-30321
-26461
-20184
-12802
-5787
-475
2195
1875
-1134
-5943
-11261
-15659
-17863
-17022
-12885
-5856
3072
12512
20949
27039
29871
29141
25210
19026
11929
5386
688
-1302
-326
3227
8399
13856
18173
20114
18894
14348
6963
-2202
-11725
-20096
-26009
-28621
-27707
-23710
-17633
-10845
-4798
-734
561
-1079
-5178
-10711
-16309
-20551
-22244
-20675
-15759
-8070
1276
10829
19083
24778
27143
26035
21973
16016
9554
4022
609
18
2326
6970
12857
18595
22767
24228
22337
17094
9149
-321
-9843
-17930
-23367
-25457
-24142
-20014
-14188
-8066
-3064
-311
-429
-3403
-8584
-14819
-20691
-24797
-26041
-23857
-18328
-10180
-641
8793
16660
21797
23584
22048
17853
12161
6391
1929
-157
669
4301
10007
16579
22578
26618
27659
25210
19437
11138
1590
-7703
-15297
-20093
-21548
-19775
-15509
-9957
-4546
-628
791
-737
-5015
-11230
-18122
-24236
-28213
-29063
-26376
-20399
-12001
-2499
6593
13866
18279
19375
17349
13007
7594
2544
-827
-1583
636
5541
12244
19438
25655
29563
30234
27335
21195
12746
3346
-5489
-12390
-16383
-17090
-14795
-10369
-5097
-408
2421
2524
-368
-5878
-13045
-20517
-26820
-30655
-31157
-28069
-21803
-13355
-4112
4415
10895
14429
14722
12141
7624
2490
-1841
-4136
-3601
-55
6033
13633
21355
27724
31478
31817
28565
22211
13808
4774
-3393
-9408
-12445
-12299
-9417
-4801
202
4181
5952
4797
624
-6009
-14008
-21950
-28362
-32024
-32205
-28810
-22402
-14090
-5314
2444
7950
10457
9848
6651
1928
-2950
-6586
-7847
-6095
-1327
5816
14176
22301
28732
32290
32316
28795
22365
14188
5715
-1588
-6547
-8493
-7398
-3873
964
5725
9030
9799
7476
2147
-5464
-14144
-22415
-28835
-32273
-32144
-28515
-22093
-14087
-5962
845
5219
6576
4977
1113
-3847
-8498
-11483
-11781
-8918
-3067
4968
13922
22299
28676
31977
31691
27967
21580
13782
6045
-229
-3987
-4731
-2612
1600
6691
11239
13920
13770
10398
4067
-4345
-13524
-21962
-28262
-31406
-30959
-27151
-20824
-13265
-5951
-244
2869
2979
329
-4239
-9465
-13920
-16309
-15736
-11893
-5127
3612
12966
21419
27605
30571
29956
26072
19825
12535
5674
564
-1881
-1343
1846
6776
12141
16510
18624
17655
13377
6223
-2789
-12264
-20684
-26719
-29480
-28691
-24737
-18586
-11591
-5211
-722
1038
-159
-3895
-9186
-14691
-18982
-20838
-19500
-14825
-7333
1898
11437
19775
25620
28152
27177
23157
17118
10437
4560
711
-350
1513
5794
11445
17091
21309
22923
21243
16214
8433
-960
-10509
-18713
-24327
-26602
-25428
-21343
-15430
-9080
-3723
-528
-173
-2704
-7528
-13533
-19315
-23466
-24852
-22860
-17518
-9499
