17269
10860
2323
-6503
-13675
-17624
-17552
-13646
-7044
438
6748
10116
9502
4874
-2766
-11612
-19489
-24393
-24992
-20975
-13146
-3247
6453
13713
16874
15271
9419
894
-8039
-14981
-17991
-16075
-9452
484
11483
20977
26708
27284
22529
13547
2464
-8071
-15531
-18124
-15240
-7608
2863
13539
21694
25174
22923
15258
3804
-8879
-19903
-26744
-27847
-23008
-13430
-1444
10040
18230
21115
17953
9452
-2389
-14751
-24660
-29696
-28562
-21402
-9768
3740
16081
24488
27110
23450
14470
2370
-9933
-19489
-23995
-22337
-14836
-3174
10002
21698
29260
30980
26482
16796
4110
-8737
-18907
-24204
-23562
-17269
-6882
5141
16010
23227
25144
21317
12579
836
-11371
-21439
-27272
-27724
-22829
-13764
-2566
8328
16611
20598
19566
13876
4870
-5444
-14830
-21300
-23513
-21037
-14409
-4991
5321
14505
20812
23111
21086
15278
6950
-2178
-10279
-15767
-17601
-15467
-9822
-1797
7032
14943
20394
22308
20275
14624
6366
-2997
-11743
-18255
-21326
-20385
-15618
-7946
1143
9863
16470
19603
18552
13416
5102
-4831
-14468
-21899
-25605
-24765
-19436
-10561
202
10793
19159
23661
23411
18457
9790
-852
-11321
-19489
-23676
-22989
-17506
-8259
2970
14002
22701
27390
27185
22159
13316
2383
-8538
-17386
-22537
-23111
-19117
-11435
-1619
8414
16757
21866
22839
19557
12675
3479
-6373
-15156
-21389
-24077
-22861
-18059
-10579
-1745
6935
14023
18380
19340
16806
11247
3621
-4785
-12557
-18379
-21238
-20593
-16466
-9452
-634
8577
16669
22278
24419
22671
17266
9070
-547
-9934
-17446
-21735
-21998
-18136
-10784
-1216
8878
17691
23626
25585
23172
16768
7458
-3158
-13264
-21146
-25502
-25659
-21680
-14337
-4956
4831
13373
19282
21658
20214
15302
7819
-962
-9610
-16770
-21364
-22742
-20752
-15744
-8489
-60
8328
15489
20425
22454
21302
17139
10562
2517
-5819
-13200
-18490
-20833
-19793
-15444
-8376
370
9452
17427
22985
25167
23534
18256
10098
306
-9595
-18051
-23738
-25781
-23899
-18445
-10342
-916
8328
15950
20809
22233
20100
14836
7317
-1280
-9676
-16676
-21335
-23071
-21720
-17531
-11107
-3316
4831
12303
18167
21692
22436
20294
15522
8715
749
-7315
-14367
-19391
-21614
-20635
-16499
-9718
-1216
7793
15984
22118
25243
24846
20941
14071
5225
-4317
-13185
-20136
-24233
-24981
-22385
-16923
-9452
-1064
7079
13917
18615
20664
19908
16541
11055
4160
-3299
-10441
-16433
-20571
-22346
-21500
-18059
-12350
-4978
3219
11256
18121
22898
24907
23810
19683
13021
4692
-4186
-12397
-18810
-22546
-23111
-20461
-15010
-7549
873
9116
16108
20992
23227
22631
19380
13947
7025
-575
-8021
-14540
-19489
-22393
-22979
-21192
-17198
-11380
-4318
3252
10500
16581
20738
22403
21287
17441
11278
3530
-4831
-12726
-19119
-23164
-24330
-22475
-17858
-11093
-3053
5263
12871
18928
22826
24245
23158
19803
14624
8203
1193
-5740
-11965
-16925
-20162
-21356
-20348
-17173
-12078
-5526
1827
9185
15695
20553
23111
22980
20099
14756
7561
-632
-8844
-16108
-21593
-24718
-25209
-23119
-18786
-12774
-5772
1491
8328
14156
18525
21131
21815
20554
17456
12759
6829
157
-6661
-12962
-18074
-21393
-22467
-21073
-17269
-11407
-4108
3815
11459
17953
22575
24845
24580
21894
17166
10967
3970
-3141
-9741
-15316
-19489
-22014
-22770
-21741
-19008
-14749
-9242
-2876
3856
10372
16048
20279
22562
22571
20219
15695
9452
2160
-5382
-12349
-18005
-21791
-23390
-22743
-20034
-15633
-10027
-3752
2675
8791
14203
18591
21694
23307
23278
21529
18082
13090
6866
-124
-7279
-13920
-19371
-23050
-24552
-23716
-20646
-15704
-9452
-2566
4252
10371
15295
18702
20448
20539
19094
16300
12377
7562
2112
-3683
-9486
-14901
-19489
-22805
-24451
-24142
-21768
-17438
-11484
-4439
3027
10196
16398
21097
23949
24833
23833
21195
17269
12441
7082
1521
-3964
-9127
-13732
-17535
-20273
-21685
-21548
-19726
-16225
-11226
-5098
1631
8328
14339
19077
22108
23198
22340
19731
15719
10741
5241
-379
-5798
-10778
-15145
-18756
-21466
-23111
-23512
-22505
-19986
-15959
-10586
-4196
2727
9595
15790
20750
24052
25465
24976
22770
19180
14624
9523
4248
-917
-5776
-10197
-14077
-17297
-19700
-21088
-21249
-20007
-17276
-13115
-7755
-1596
4831
10938
16157
20031
22272
22793
21697
19237
15748
11578
7027
2319
-2403
-7049
-11537
-15747
-19489
-22499
-24467
-25085
-24121
-21478
-17245
-11701
-5294
1425
7882
13568
18106
21295
23105
23647
23111
21701
19579
16838
13498
9548
4992
-89
-5505
-10937
-15966
-20131
-23004
-24269
-23789
-21632
-18059
-13479
-8369
-3188
1692
6031
9732
12810
15333
17361
18889
19825
19992
19174
17181
13920
9452
4016
-1983
-8031
-13586
-18168
-21437
-23239
-23614
-22759
-20961
-18517
-15660
-12521
-9114
-5374
-1216
3394
8381
13521
18461
22755
25952
27680
27728
26088
22961
18716
13812
8707
3772
-764
-4831
-8490
-11867
-15078
-18157
-21005
-23396
-25007
-25498
-24600
-22191
-18354
-13373
-7699
-1865
3613
8328
12050
14744
16547
17693
18431
18934
19241
19243
18710
17367
14982
11457
6883
1553
-4073
-9452
-14062
-17506
-19582
-20313
-19919
-18745
-17163
-15467
-13805
-12147
-10313
-8037
-5073
-1287
3267
8328
13456
18116
21785
24065
24768
23951
21896
19028
15815
12647
9751
7146
4666
2023
-1077
-4831
-9250
-14115
-19011
-23395
-26721
-28561
-28704
-27204
-24367
-20675
-16664
-12802
-9378
-6445
-3833
-1216
1772
5409
9781
14721
19828
24540
28256
30482
30944
29657
26921
23245
19226
15398
12111
9452
7239
5094
2565
-728
-4965
-10045
-15584
-20986
-25578
-28767
-30179
-29755
-27760
-24720
-21282
-18059
-15470
-13644
-12393
-11282
-9753
-7294
-3603
1312
7104
13150
18690
23005
25590
26278
25276
23111
20490
18120
16519
15885
16045
16506
16589
15621
13129
8982
3453
-2828
-9013
-14239
-17836
-19489
-19316
-17833
-15814
-14091
-13329
-13846
-15527
-17844
-19995
-21112
-20496
-17815
-13207
-7266
-912
4831
9088
11343
11577
10263
8243
6510
5936
7044
9852
13860
18163
21681
23433
22803
19704
14624
8515
2563
-2101
-4690
-4961
-3277
-517
2150
3571
2915
-95
-5096
-11155
-16996
-21313
-23111
-21957
-18111
-12473
-6364
-1202
1858
2218
0
-3978
-8403
-11804
-12923
-11061
-6263
661
8328
15110
19547
20709
18446
13439
7038
933
-3268
-4451
-2288
2670
9109
15281
19436
20270
-17269
-10860
-2323
6503
13675
17624
17552
13646
7044
-438
-6748
-10116
-9502
-4874
2766
11612
19489
24393
24992
20975
13146
3247
-6453
-13713
-16874
-15271
-9419
-894
8039
14981
17991
16075
9452
-484
-11483
-20977
-26708
-27284
-22529
-13547
-2464
8071
15531
18124
15240
7608
-2863
-13539
-21694
-25174
-22923
-15258
-3804
8879
19903
26744
27847
23008
13430
1444
-10040
-18230
-21115
-17953
-9452
2389
14751
24660
29696
28562
21402
9768
-3740
-16081
-24488
-27110
-23450
-14470
-2370
9933
19489
23995
22337
14836
3174
-10002
-21698
-29260
-30980
-26482
-16796
-4110
8737
18907
24204
23562
17269
6882
-5141
-16010
-23227
-25144
-21317
-12579
-836
11371
21439
27272
27724
22829
13764
2566
-8328
-16611
-20598
-19566
-13876
-4870
5444
14830
21300
23513
21037
14409
4991
-5321
-14505
-20812
-23111
-21086
-15278
-6950
2178
10279
15767
17601
15467
9822
1797
-7032
-14943
-20394
-22308
-20275
-14624
-6366
2997
11743
18255
21326
20385
15618
7946
-1143
-9863
-16470
-19603
-18552
-13416
-5102
4831
14468
21899
25605
24765
19436
10561
-202
-10793
-19159
-23661
-23411
-18457
-9790
852
11321
19489
23676
22989
17506
8259
-2970
-14002
-22701
-27390
-27185
-22159
-13316
-2383
8538
17386
22537
23111
19117
11435
1619
-8414
-16757
-21866
-22839
-19557
-12675
-3479
6373
15156
21389
24077
22861
18059
10579
1745
-6935
-14023
-18380
-19340
-16806
-11247
-3621
4785
12557
18379
21238
20593
16466
9452
634
-8577
-16669
-22278
-24419
-22671
-17266
-9070
547
9934
17446
21735
21998
18136
10784
1216
-8878
-17691
-23626
-25585
-23172
-16768
-7458
3158
13264
21146
25502
25659
21680
14337
4956
-4831
-13373
-19282
-21658
-20214
-15302
-7819
962
9610
16770
21364
22742
20752
15744
8489
60
-8328
-15489
-20425
-22454
-21302
-17139
-10562
-2517
5819
13200
18490
20833
19793
15444
8376
-370
-9452
-17427
-22985
-25167
-23534
-18256
-10098
-306
9595
18051
23738
25781
23899
18445
10342
916
-8328
-15950
-20809
-22233
-20100
-14836
-7317
1280
9676
16676
21335
23071
21720
17531
11107
3316
-4831
-12303
-18167
-21692
-22436
-20294
-15522
-8715
-749
7315
14367
19391
21614
20635
16499
9718
1216
-7793
-15984
-22118
-25243
-24846
-20941
-14071
-5225
4317
13185
20136
24233
24981
22385
16923
9452
1064
-7079
-13917
-18615
-20664
-19908
-16541
-11055
-4160
3299
10441
16433
20571
22346
21500
18059
12350
4978
-3219
-11256
-18121
-22898
-24907
-23810
-19683
-13021
-4692
4186
12397
18810
22546
23111
20461
15010
7549
-873
-9116
-16108
-20992
-23227
-22631
-19380
-13947
-7025
575
8021
14540
19489
22393
22979
21192
17198
11380
4318
-3252
-10500
-16581
-20738
-22403
-21287
-17441
-11278
-3530
4831
12726
19119
23164
24330
22475
17858
11093
3053
-5263
-12871
-18928
-22826
-24245
-23158
-19803
-14624
-8203
-1193
5740
11965
16925
20162
21356
20348
17173
12078
5526
-1827
-9185
-15695
-20553
-23111
-22980
-20099
-14756
-7561
632
8844
16108
21593
24718
25209
23119
18786
12774
5772
-1491
-8328
-14156
-18525
-21131
-21815
-20554
-17456
-12759
-6829
-157
6661
12962
18074
21393
22467
21073
17269
11407
4108
-3815
-11459
-17953
-22575
-24845
-24580
-21894
-17166
-10967
-3970
3141
9741
15316
19489
22014
22770
21741
19008
14749
9242
2876
-3856
-10372
-16048
-20279
-22562
-22571
-20219
-15695
-9452
-2160
5382
12349
18005
21791
23390
22743
20034
15633
10027
3752
-2675
-8791
-14203
-18591
-21694
-23307
-23278
-21529
-18082
-13090
-6866
124
7279
13920
19371
23050
24552
23716
20646
15704
9452
2566
-4252
-10371
-15295
-18702
-20448
-20539
-19094
-16300
-12377
-7562
-2112
3683
9486
14901
19489
22805
24451
24142
21768
17438
11484
4439
-3027
-10196
-16398
-21097
-23949
-24833
-23833
-21195
-17269
-12441
-7082
-1521
3964
9127
13732
17535
20273
21685
21548
19726
16225
11226
5098
-1631
-8328
-14339
-19077
-22108
-23198
-22340
-19731
-15719
-10741
-5241
379
5798
10778
15145
18756
21466
23111
23512
22505
19986
15959
10586
4196
-2727
-9595
-15790
-20750
-24052
-25465
-24976
-22770
-19180
-14624
-9523
-4248
917
5776
10197
14077
17297
19700
21088
21249
20007
17276
13115
7755
1596
-4831
-10938
-16157
-20031
-22272
-22793
-21697
-19237
-15748
-11578
-7027
-2319
2403
7049
11537
15747
19489
22499
24467
25085
24121
21478
17245
11701
5294
-1425
-7882
-13568
-18106
-21295
-23105
-23647
-23111
-21701
-19579
-16838
-13498
-9548
-4992
89
5505
10937
15966
20131
23004
24269
23789
21632
18059
13479
8369
3188
-1692
-6031
-9732
-12810
-15333
-17361
-18889
-19825
-19992
-19174
-17181
-13920
-9452
-4016
1983
8031
13586
18168
21437
23239
23614
22759
20961
18517
15660
12521
9114
5374
1216
-3394
-8381
-13521
-18461
-22755
-25952
-27680
-27728
-26088
-22961
-18716
-13812
-8707
-3772
764
4831
8490
11867
15078
18157
21005
23396
25007
25498
24600
22191
18354
13373
7699
1865
-3613
-8328
-12050
-14744
-16547
-17693
-18431
-18934
-19241
-19243
-18710
-17367
-14982
-11457
-6883
-1553
4073
9452
14062
17506
19582
20313
19919
18745
17163
15467
13805
12147
10313
8037
5073
1287
-3267
-8328
-13456
-18116
-21785
-24065
-24768
-23951
-21896
-19028
-15815
-12647
-9751
-7146
-4666
-2023
1077
4831
9250
14115
19011
23395
26721
28561
28704
27204
24367
20675
16664
12802
9378
6445
3833
1216
-1772
-5409
-9781
-14721
-19828
-24540
-28256
-30482
-30944
-29657
-26921
-23245
-19226
-15398
-12111
-9452
-7239
-5094
-2565
728
4965
10045
15584
20986
25578
28767
30179
29755
27760
24720
21282
18059
15470
13644
12393
11282
9753
7294
3603
-1312
-7104
-13150
-18690
-23005
-25590
-26278
-25276
-23111
-20490
-18120
-16519
-15885
-16045
-16506
-16589
-15621
-13129
-8982
-3453
2828
9013
14239
17836
19489
19316
17833
15814
14091
13329
13846
15527
17844
19995
21112
20496
17815
13207
7266
912
-4831
-9088
-11343
-11577
-10263
-8243
-6510
-5936
-7044
-9852
-13860
-18163
-21681
-23433
-22803
-19704
-14624
-8515
-2563
2101
4690
4961
3277
517
-2150
-3571
-2915
95
5096
11155
16996
21313
23111
21957
18111
12473
6364
1202
-1858
-2218
0
3978
8403
11804
12923
11061
6263
-661
-8328
-15110
-19547
-20709
-18446
-13439
-7038
-933
3268
4451
2288
-2670
-9109
-15281
-19436
-20270
-17269
-10860
-2323
6503
13675
17624
17552
13646
7044
-438
-6748
-10116
-9502
-4874
2766
11612
19489
24393
24992
20975
13146
3247
-6453
-13713
-16874
-15271
-9419
-894
8039
14981
17991
16075
9452
-484
-11483
-20977
-26708
-27284
-22529
-13547
-2464
8071
15531
18124
15240
7608
-2863
-13539
-21694
-25174
-22923
-15258
-3804
8879
19903
26744
27847
23008
13430
1444
-10040
-18230
-21115
-17953
-9452
2389
14751
24660
29696
28562
21402
9768
-3740
-16081
-24488
-27110
-23450
-14470
-2370
9933
19489
23995
22337
14836
3174
-10002
-21698
-29260
-30980
-26482
-16796
-4110
8737
18907
24204
23562
17269
6882
-5141
-16010
-23227
-25144
-21317
-12579
-836
11371
21439
27272
27724
22829
13764
2566
-8328
-16611
-20598
-19566
-13876
-4870
5444
14830
21300
23513
21037
14409
4991
-5321
-14505
-20812
-23111
-21086
-15278
-6950
2178
10279
15767
17601
15467
9822
1797
-7032
-14943
-20394
-22308
-20275
-14624
-6366
2997
11743
18255
21326
20385
15618
7946
-1143
-9863
-16470
-19603
-18552
-13416
-5102
4831
14468
21899
25605
24765
19436
10561
-202
-10793
-19159
-23661
-23411
-18457
-9790
852
11321
19489
23676
22989
17506
8259
-2970
-14002
-22701
-27390
-27185
-22159
-13316
-2383
8538
17386
22537
23111
19117
11435
1619
-8414
-16757
-21866
-22839
-19557
-12675
-3479
6373
15156
21389
24077
22861
18059
10579
1745
-6935
-14023
-18380
-19340
-16806
-11247
-3621
4785
12557
18379
21238
20593
16466
9452
634
-8577
-16669
-22278
-24419
-22671
-17266
-9070
547
9934
17446
21735
21998
18136
10784
1216
-8878
-17691
-23626
-25585
-23172
-16768
-7458
3158
13264
21146
25502
25659
21680
14337
4956
-4831
-13373
-19282
-21658
-20214
-15302
-7819
962
9610
16770
21364
22742
20752
15744
8489
60
-8328
-15489
-20425
-22454
-21302
-17139
-10562
-2517
5819
13200
18490
20833
19793
15444
8376
-370
-9452
-17427
-22985
-25167
-23534
-18256
-10098
-306
9595
18051
23738
25781
23899
18445
10342
916
-8328
-15950
-20809
-22233
-20100
-14836
-7317
1280
9676
16676
21335
23071
21720
17531
11107
3316
-4831
-12303
-18167
-21692
-22436
-20294
-15522
-8715
-749
7315
14367
19391
21614
20635
16499
9718
1216
-7793
-15984
-22118
-25243
-24846
-20941
-14071
-5225
4317
13185
20136
24233
24981
22385
16923
9452
1064
-7079
-13917
-18615
-20664
-19908
-16541
-11055
-4160
3299
10441
16433
20571
22346
21500
18059
12350
4978
-3219
-11256
-18121
-22898
-24907
-23810
-19683
-13021
-4692
4186
12397
18810
22546
23111
20461
15010
7549
-873
-9116
-16108
-20992
-23227
-22631
-19380
-13947
-7025
575
8021
14540
19489
22393
22979
21192
17198
11380
4318
-3252
-10500
-16581
-20738
-22403
-21287
-17441
-11278
-3530
4831
12726
19119
23164
24330
22475
17858
11093
3053
-5263
-12871
-18928
-22826
-24245
-23158
-19803
-14624
-8203
-1193
5740
11965
16925
20162
21356
20348
17173
12078
5526
-1827
-9185
-15695
-20553
-23111
-22980
-20099
-14756
-7561
632
8844
16108
21593
24718
25209
23119
18786
12774
5772
-1491
-8328
-14156
-18525
-21131
-21815
-20554
-17456
-12759
-6829
-157
6661
12962
18074
21393
22467
21073
17269
11407
4108
-3815
-11459
-17953
-22575
-24845
-24580
-21894
-17166
-10967
-3970
3141
9741
15316
19489
22014
22770
21741
19008
14749
9242
2876
-3856
-10372
-16048
-20279
-22562
-22571
-20219
-15695
-9452
-2160
5382
12349
18005
21791
23390
22743
20034
15633
10027
3752
-2675
-8791
-14203
-18591
-21694
-23307
-23278
-21529
-18082
-13090
-6866
124
7279
13920
19371
23050
24552
23716
20646
15704
9452
2566
-4252
-10371
-15295
-18702
-20448
-20539
-19094
-16300
-12377
-7562
-2112
3683
9486
14901
19489
22805
24451
24142
21768
17438
11484
4439
-3027
-10196
-16398
-21097
-23949
-24833
-23833
-21195
-17269
-12441
-7082
-1521
3964
9127
13732
17535
20273
21685
21548
19726
16225
11226
5098
-1631
-8328
-14339
-19077
-22108
-23198
-22340
-19731
-15719
-10741
-5241
379
5798
10778
15145
18756
21466
23111
23512
22505
19986
15959
10586
4196
-2727
-9595
-15790
-20750
-24052
-25465
-24976
-22770
-19180
-14624
-9523
-4248
917
5776
10197
14077
17297
19700
21088
21249
20007
17276
13115
7755
1596
-4831
-10938
-16157
-20031
-22272
-22793
-21697
-19237
-15748
-11578
-7027
-2319
2403
7049
11537
15747
19489
22499
24467
25085
24121
21478
17245
11701
5294
-1425
-7882
-13568
-18106
-21295
-23105
-23647
-23111
-21701
-19579
-16838
-13498
-9548
-4992
89
5505
10937
15966
20131
23004
24269
23789
21632
18059
13479
8369
3188
-1692
-6031
-9732
-12810
-15333
-17361
-18889
-19825
-19992
-19174
-17181
-13920
-9452
-4016
1983
8031
13586
18168
21437
23239
23614
22759
20961
18517
15660
12521
9114
5374
1216
-3394
-8381
-13521
-18461
-22755
-25952
-27680
-27728
-26088
-22961
-18716
-13812
-8707
-3772
764
4831
8490
11867
15078
18157
21005
23396
25007
25498
24600
22191
18354
13373
7699
1865
-3613
-8328
-12050
-14744
-16547
-17693
-18431
-18934
-19241
-19243
-18710
-17367
-14982
-11457
-6883
-1553
4073
9452
14062
17506
19582
20313
19919
18745
17163
15467
13805
12147
10313
8037
5073
1287
-3267
-8328
-13456
-18116
-21785
-24065
-24768
-23951
-21896
-19028
-15815
-12647
-9751
-7146
-4666
-2023
1077
4831
9250
14115
19011
23395
26721
28561
28704
27204
24367
20675
16664
12802
9378
6445
3833
1216
-1772
-5409
-9781
-14721
-19828
-24540
-28256
-30482
-30944
-29657
-26921
-23245
-19226
-15398
-12111
-9452
-7239
-5094
-2565
728
4965
10045
15584
20986
25578
28767
30179
29755
27760
24720
21282
18059
15470
13644
12393
11282
9753
7294
3603
-1312
-7104
-13150
-18690
-23005
-25590
-26278
-25276
-23111
-20490
-18120
-16519
-15885
-16045
-16506
-16589
-15621
-13129
-8982
-3453
2828
9013
14239
17836
19489
19316
17833
15814
14091
13329
13846
15527
17844
19995
21112
20496
17815
13207
7266
912
-4831
-9088
-11343
-11577
-10263
-8243
-6510
-5936
-7044
-9852
-13860
-18163
-21681
-23433
-22803
-19704
-14624
-8515
-2563
2101
4690
4961
3277
517
-2150
-3571
-2915
95
5096
11155
16996
21313
23111
21957
18111
12473
6364
1202
-1858
-2218
0
3978
8403
11804
12923
11061
6263
-661
-8328
-15110
-19547
-20709
-18446
-13439
-7038
-933
3268
4451
2288
-2670
-9109
-15281
-19436
-20270
-17269
-10860
-2323
6503
13675
17624
17552
13646
7044
-438
-6748
-10116
-9502
-4874
2766
11612
19489
24393
24992
20975
13146
3247
-6453
-13713
-16874
-15271
-9419
-894
8039
14981
17991
16075
9452
-484
-11483
-20977
-26708
-27284
-22529
-13547
-2464
8071
15531
18124
15240
7608
-2863
-13539
-21694
-25174
-22923
-15258
-3804
8879
19903
26744
27847
23008
13430
1444
-10040
-18230
-21115
-17953
-9452
2389
14751
24660
29696
28562
21402
9768
-3740
-16081
-24488
-27110
-23450
-14470
-2370
9933
19489
23995
22337
14836
3174
-10002
-21698
-29260
-30980
-26482
-16796
-4110
8737
18907
24204
23562
17269
6882
-5141
-16010
-23227
-25144
-21317
-12579
-836
11371
21439
27272
27724
22829
13764
2566
-8328
-16611
-20598
-19566
-13876
-4870
5444
14830
21300
23513
21037
14409
4991
-5321
-14505
-20812
-23111
-21086
-15278
-6950
2178
10279
15767
17601
15467
9822
1797
-7032
-14943
-20394
-22308
-20275
-14624
-6366
2997
11743
18255
21326
20385
15618
7946
-1143
-9863
-16470
-19603
-18552
-13416
-5102
4831
14468
21899
25605
24765
19436
10561
-202
-10793
-19159
-23661
-23411
-18457
-9790
852
11321
19489
23676
22989
17506
8259
-2970
-14002
-22701
-27390
-27185
-22159
-13316
-2383
8538
17386
22537
23111
19117
11435
1619
-8414
-16757
-21866
-22839
-19557
-12675
-3479
6373
15156
21389
24077
22861
18059
10579
1745
-6935
-14023
-18380
-19340
-16806
-11247
-3621
4785
12557
18379
21238
20593
16466
9452
634
-8577
-16669
-22278
-24419
-22671
-17266
-9070
547
9934
17446
21735
21998
18136
10784
1216
-8878
-17691
-23626
-25585
-23172
-16768
-7458
3158
13264
21146
25502
25659
21680
14337
4956
-4831
-13373
-19282
-21658
-20214
-15302
-7819
962
9610
16770
21364
22742
20752
15744
8489
60
-8328
-15489
-20425
-22454
-21302
-17139
-10562
-2517
5819
13200
18490
20833
19793
15444
8376
-370
-9452
-17427
-22985
-25167
-23534
-18256
-10098
-306
9595
18051
23738
25781
23899
18445
10342
916
-8328
-15950
-20809
-22233
-20100
-14836
-7317
1280
9676
16676
21335
23071
21720
17531
11107
3316
-4831
-12303
-18167
-21692
-22436
-20294
-15522
-8715
-749
7315
14367
19391
21614
20635
16499
9718
1216
-7793
-15984
-22118
-25243
-24846
-20941
-14071
-5225
4317
13185
20136
24233
24981
22385
16923
9452
1064
-7079
-13917
-18615
-20664
-19908
-16541
-11055
-4160
3299
10441
16433
20571
22346
21500
18059
12350
4978
-3219
-11256
-18121
-22898
-24907
-23810
-19683
-13021
-4692
4186
12397
18810
22546
23111
20461
15010
7549
-873
-9116
-16108
-20992
-23227
-22631
-19380
-13947
-7025
575
8021
14540
19489
22393
22979
21192
17198
11380
4318
-3252
-10500
-16581
-20738
-22403
-21287
-17441
-11278
-3530
4831
12726
19119
23164
24330
22475
17858
11093
3053
-5263
-12871
-18928
-22826
-24245
-23158
-19803
-14624
-8203
-1193
5740
11965
16925
20162
21356
20348
17173
12078
5526
-1827
-9185
-15695
-20553
-23111
-22980
-20099
-14756
-7561
632
8844
16108
21593
24718
25209
23119
18786
12774
5772
-1491
-8328
-14156
-18525
-21131
-21815
-20554
-17456
-12759
-6829
-157
6661
12962
18074
21393
22467
21073
17269
11407
4108
-3815
-11459
-17953
-22575
-24845
-24580
-21894
-17166
-10967
-3970
3141
9741
15316
19489
22014
22770
21741
19008
14749
9242
2876
-3856
-10372
-16048
-20279
-22562
-22571
-20219
-15695
-9452
-2160
5382
12349
18005
21791
23390
22743
20034
15633
10027
3752
-2675
-8791
-14203
-18591
-21694
-23307
-23278
-21529
-18082
-13090
-6866
124
7279
13920
19371
23050
24552
23716
20646
15704
9452
2566
-4252
-10371
-15295
-18702
-20448
-20539
-19094
-16300
-12377
-7562
-2112
3683
9486
14901
19489
22805
24451
24142
21768
17438
11484
4439
-3027
-10196
-16398
-21097
-23949
-24833
-23833
-21195
-17269
-12441
-7082
-1521
3964
9127
13732
17535
20273
21685
21548
19726
16225
11226
5098
-1631
-8328
-14339
-19077
-22108
-23198
-22340
-19731
-15719
-10741
-5241
379
5798
10778
15145
18756
21466
23111
23512
22505
19986
15959
10586
4196
-2727
-9595
-15790
-20750
-24052
-25465
-24976
-22770
-19180
-14624
-9523
-4248
917
5776
10197
14077
17297
19700
21088
21249
20007
17276
13115
7755
1596
-4831
-10938
-16157
-20031
-22272
-22793
-21697
-19237
-15748
-11578
-7027
-2319
2403
7049
11537
15747
19489
22499
24467
25085
24121
21478
17245
11701
5294
-1425
-7882
-13568
-18106
-21295
-23105
-23647
-23111
-21701
-19579
-16838
-13498
-9548
-4992
89
5505
10937
15966
20131
23004
24269
23789
21632
18059
13479
8369
3188
-1692
-6031
-9732
-12810
-15333
-17361
-18889
-19825
-19992
-19174
-17181
-13920
-9452
-4016
1983
8031
13586
18168
21437
23239
23614
22759
20961
18517
15660
12521
9114
5374
1216
-3394
-8381
-13521
-18461
-22755
-25952
-27680
-27728
-26088
-22961
-18716
-13812
-8707
-3772
764
4831
8490
11867
15078
18157
21005
23396
25007
25498
24600
22191
18354
13373
7699
1865
-3613
-8328
-12050
-14744
-16547
-17693
-18431
-18934
-19241
-19243
-18710
-17367
-14982
-11457
-6883
-1553
4073
9452
14062
17506
19582
20313
19919
18745
17163
15467
13805
12147
10313
8037
5073
1287
-3267
-8328
-13456
-18116
-21785
-24065
-24768
-23951
-21896
-19028
-15815
-12647
-9751
-7146
-4666
-2023
1077
4831
9250
14115
19011
23395
26721
28561
28704
27204
24367
20675
16664
12802
9378
6445
3833
1216
-1772
-5409
-9781
-14721
-19828
-24540
-28256
-30482
-30944
-29657
-26921
-23245
-19226
-15398
-12111
-9452
-7239
-5094
-2565
728
4965
10045
15584
20986
25578
28767
30179
29755
27760
24720
21282
18059
15470
13644
12393
11282
9753
7294
3603
-1312
-7104
-13150
-18690
-23005
-25590
-26278
-25276
-23111
-20490
-18120
-16519
-15885
-16045
-16506
-16589
-15621
-13129
-8982
-3453
2828
9013
14239
17836
19489
19316
17833
15814
14091
13329
13846
15527
17844
19995
21112
20496
17815
13207
7266
912
-4831
-9088
-11343
-11577
-10263
-8243
-6510
-5936
-7044
-9852
-13860
-18163
-21681
-23433
-22803
-19704
-14624
-8515
-2563
2101
4690
4961
3277
517
-2150
-3571
-2915
95
5096
11155
16996
21313
23111
21957
18111
12473
6364
1202
-1858
-2218
0
3978
8403
11804
12923
11061
6263
-661
-8328
-15110
-19547
-20709
-18446
-13439
-7038
-933
3268
4451
2288
-2670
-9109
-15281
-19436
-20270
-17269
-10860
-2323
6503
13675
17624
17552
13646
7044
-438
-6748
-10116
-9502
-4874
2766
11612
19489
24393
24992
20975
13146
3247
-6453
-13713
-16874
-15271
-9419
-894
8039
14981
17991
16075
9452
-484
-11483
-20977
-26708
-27284
-22529
-13547
-2464
8071
15531
18124
15240
7608
-2863
-13539
-21694
-25174
-22923
-15258
-3804
8879
19903
26744
27847
23008
13430
1444
-10040
-18230
-21115
-17953
-9452
2389
14751
24660
29696
28562
21402
9768
-3740
-16081
-24488
-27110
-23450
-14470
-2370
9933
19489
23995
22337
14836
3174
-10002
-21698
-29260
-30980
-26482
-16796
-4110
8737
18907
24204
23562
17269
6882
-5141
-16010
-23227
-25144
-21317
-12579
-836
11371
21439
27272
27724
22829
13764
2566
-8328
-16611
-20598
-19566
-13876
-4870
5444
14830
21300
23513
21037
14409
4991
-5321
-14505
-20812
-23111
-21086
-15278
-6950
2178
10279
15767
17601
15467
9822
1797
-7032
-14943
-20394
-22308
-20275
-14624
-6366
2997
11743
18255
21326
20385
15618
7946
-1143
-9863
-16470
-19603
-18552
-13416
-5102
4831
14468
21899
25605
24765
19436
10561
-202
-10793
-19159
-23661
-23411
-18457
-9790
852
11321
19489
23676
22989
17506
8259
-2970
-14002
-22701
-27390
-27185
-22159
-13316
-2383
8538
17386
22537
23111
19117
11435
1619
-8414
-16757
-21866
-22839
-19557
-12675
-3479
6373
15156
21389
24077
22861
18059
10579
1745
-6935
-14023
-18380
-19340
-16806
-11247
-3621
4785
12557
18379
21238
20593
16466
9452
634
-8577
-16669
-22278
-24419
-22671
-17266
-9070
547
9934
17446
21735
21998
18136
10784
1216
-8878
-17691
-23626
-25585
-23172
-16768
-7458
3158
13264
21146
25502
25659
21680
14337
4956
-4831
-13373
-19282
-21658
-20214
-15302
-7819
962
9610
16770
21364
22742
20752
15744
8489
60
-8328
-15489
-20425
-22454
-21302
-17139
-10562
-2517
5819
13200
18490
20833
19793
15444
8376
-370
-9452
-17427
-22985
-25167
-23534
-18256
-10098
-306
9595
18051
23738
25781
23899
18445
10342
916
-8328
-15950
-20809
-22233
-20100
-14836
-7317
1280
9676
16676
21335
23071
21720
17531
11107
3316
-4831
-12303
-18167
-21692
-22436
-20294
-15522
-8715
-749
7315
14367
19391
21614
20635
16499
9718
1216
-7793
-15984
-22118
-25243
-24846
-20941
-14071
-5225
4317
13185
20136
24233
24981
22385
16923
9452
1064
-7079
-13917
-18615
-20664
-19908
-16541
-11055
-4160
3299
10441
16433
20571
22346
21500
18059
12350
4978
-3219
-11256
-18121
-22898
-24907
-23810
-19683
-13021
-4692
4186
12397
18810
22546
23111
20461
15010
7549
-873
-9116
-16108
-20992
-23227
-22631
-19380
-13947
-7025
575
8021
14540
19489
22393
22979
21192
17198
11380
4318
-3252
-10500
-16581
-20738
-22403
-21287
-17441
-11278
-3530
4831
12726
19119
23164
24330
22475
17858
11093
3053
-5263
-12871
-18928
-22826
-24245
-23158
-19803
-14624
-8203
-1193
5740
11965
16925
20162
21356
20348
17173
12078
5526
-1827
-9185
-15695
-20553
-23111
-22980
-20099
-14756
-7561
632
8844
16108
21593
24718
25209
23119
18786
12774
5772
-1491
-8328
-14156
-18525
-21131
-21815
-20554
-17456
-12759
-6829
-157
6661
12962
18074
21393
22467
21073
17269
11407
4108
-3815
-11459
-17953
-22575
-24845
-24580
-21894
-17166
-10967
-3970
3141
9741
15316
19489
22014
22770
21741
19008
14749
9242
2876
-3856
-10372
-16048
-20279
-22562
-22571
-20219
-15695
-9452
-2160
5382
12349
18005
21791
23390
22743
20034
15633
10027
3752
-2675
-8791
-14203
-18591
-21694
-23307
-23278
-21529
-18082
-13090
-6866
124
7279
13920
19371
23050
24552
23716
20646
15704
9452
2566
-4252
-10371
-15295
-18702
-20448
-20539
-19094
-16300
-12377
-7562
-2112
3683
9486
14901
19489
22805
24451
24142
21768
17438
11484
4439
-3027
-10196
-16398
-21097
-23949
-24833
-23833
-21195
-17269
-12441
-7082
-1521
3964
9127
13732
17535
20273
21685
21548
19726
16225
11226
5098
-1631
-8328
-14339
-19077
-22108
-23198
-22340
-19731
-15719
-10741
-5241
379
5798
10778
15145
18756
21466
23111
23512
22505
19986
15959
10586
4196
-2727
-9595
-15790
-20750
-24052
-25465
-24976
-22770
-19180
-14624
-9523
-4248
917
5776
10197
14077
17297
19700
21088
21249
20007
17276
13115
7755
1596
-4831
-10938
-16157
-20031
-22272
-22793
-21697
-19237
-15748
-11578
-7027
-2319
2403
7049
11537
15747
19489
22499
24467
25085
24121
21478
17245
11701
5294
-1425
-7882
-13568
-18106
-21295
-23105
-23647
-23111
-21701
-19579
-16838
-13498
-9548
-4992
89
5505
10937
15966
20131
23004
24269
23789
21632
18059
13479
8369
3188
-1692
-6031
-9732
-12810
-15333
-17361
-18889
-19825
-19992
-19174
-17181
-13920
-9452
-4016
1983
8031
13586
18168
21437
23239
23614
22759
20961
18517
15660
12521
9114
5374
1216
-3394
-8381
-13521
-18461
-22755
-25952
-27680
-27728
-26088
-22961
-18716
-13812
-8707
-3772
764
4831
8490
11867
15078
18157
21005
23396
25007
25498
24600
22191
18354
13373
7699
1865
-3613
-8328
-12050
-14744
-16547
-17693
-18431
-18934
-19241
-19243
-18710
-17367
-14982
-11457
-6883
-1553
4073
9452
14062
17506
19582
20313
19919
18745
17163
15467
13805
12147
10313
8037
5073
1287
-3267
-8328
-13456
-18116
-21785
-24065
-24768
-23951
-21896
-19028
-15815
-12647
-9751
-7146
-4666
-2023
1077
4831
9250
14115
19011
23395
26721
28561
28704
27204
24367
20675
16664
12802
9378
6445
3833
1216
-1772
-5409
-9781
-14721
-19828
-24540
-28256
-30482
-30944
-29657
-26921
-23245
-19226
-15398
-12111
-9452
-7239
-5094
-2565
728
4965
10045
15584
20986
25578
28767
30179
29755
27760
24720
21282
18059
15470
13644
12393
11282
9753
7294
3603
-1312
-7104
-13150
-18690
-23005
-25590
-26278
-25276
-23111
-20490
-18120
-16519
-15885
-16045
-16506
-16589
-15621
-13129
-8982
-3453
2828
9013
14239
17836
19489
19316
17833
15814
14091
13329
13846
15527
17844
19995
21112
20496
17815
13207
7266
912
-4831
-9088
-11343
-11577
-10263
-8243
-6510
-5936
-7044
-9852
-13860
-18163
-21681
-23433
-22803
-19704
-14624
-8515
-2563
2101
4690
4961
3277
517
-2150
-3571
-2915
95
5096
11155
16996
21313
23111
21957
18111
12473
6364
1202
-1858
-2218
0
3978
8403
11804
12923
11061
6263
-661
-8328
-15110
-19547
-20709
-18446
-13439
-7038
-933
3268
4451
2288
-2670
-9109
-15281
-19436
-20270
-17269
-10860
-2323
6503
13675
17624
17552
13646
7044
-438
-6748
-10116
-9502
-4874
2766
11612
19489
24393
24992
20975
13146
3247
-6453
-13713
-16874
-15271
-9419
-894
8039
14981
17991
16075
9452
-484
-11483
-20977
-26708
-27284
-22529
-13547
-2464
8071
15531
18124
15240
7608
-2863
-13539
-21694
-25174
-22923
-15258
-3804
8879
19903
26744
27847
23008
13430
1444
-10040
-18230
-21115
-17953
-9452
2389
14751
24660
29696
28562
21402
9768
-3740
-16081
-24488
-27110
-23450
-14470
-2370
9933
19489
23995
22337
14836
3174
-10002
-21698
-29260
-30980
-26482
-16796
-4110
8737
18907
24204
23562
17269
6882
-5141
-16010
-23227
-25144
-21317
-12579
-836
11371
21439
27272
27724
22829
13764
2566
-8328
-16611
-20598
-19566
-13876
-4870
5444
14830
21300
23513
21037
14409
4991
-5321
-14505
-20812
-23111
-21086
-15278
-6950
2178
10279
15767
17601
15467
9822
1797
-7032
-14943
-20394
-22308
-20275
-14624
-6366
2997
11743
18255
21326
20385
15618
7946
-1143
-9863
-16470
-19603
-18552
-13416
-5102
4831
14468
21899
25605
24765
19436
10561
-202
-10793
-19159
-23661
-23411
-18457
-9790
852
11321
19489
23676
22989
17506
8259
-2970
-14002
-22701
-27390
-27185
-22159
-13316
-2383
8538
17386
22537
23111
19117
11435
1619
-8414
-16757
-21866
-22839
-19557
-12675
-3479
6373
15156
21389
24077
22861
18059
10579
1745
-6935
-14023
-18380
-19340
-16806
-11247
-3621
4785
12557
18379
21238
20593
16466
9452
634
-8577
-16669
-22278
-24419
-22671
-17266
-9070
547
9934
17446
21735
21998
18136
10784
1216
-8878
-17691
-23626
-25585
-23172
-16768
-7458
3158
13264
21146
25502
25659
21680
14337
4956
-4831
-13373
-19282
-21658
-20214
-15302
-7819
962
9610
16770
21364
22742
20752
15744
8489
60
-8328
-15489
-20425
-22454
-21302
-17139
-10562
-2517
5819
13200
18490
20833
19793
15444
8376
-370
-9452
-17427
-22985
-25167
-23534
-18256
-10098
-306
9595
18051
23738
25781
23899
18445
10342
916
-8328
-15950
-20809
-22233
-20100
-14836
-7317
1280
9676
16676
21335
23071
21720
17531
11107
3316
-4831
-12303
-18167
-21692
-22436
-20294
-15522
-8715
-749
7315
14367
19391
21614
20635
16499
9718
1216
-7793
-15984
-22118
-25243
-24846
-20941
-14071
-5225
4317
13185
20136
24233
24981
22385
16923
9452
1064
-7079
-13917
-18615
-20664
-19908
-16541
-11055
-4160
3299
10441
16433
20571
22346
21500
18059
12350
4978
-3219
-11256
-18121
-22898
-24907
-23810
-19683
-13021
-4692
4186
12397
18810
22546
23111
20461
15010
7549
-873
-9116
-16108
-20992
-23227
-22631
-19380
-13947
-7025
575
8021
14540
19489
22393
22979
21192
17198
11380
4318
-3252
-10500
-16581
-20738
-22403
-21287
-17441
-11278
-3530
4831
12726
19119
23164
24330
22475
17858
11093
3053
-5263
-12871
-18928
-22826
-24245
-23158
-19803
-14624
-8203
-1193
5740
11965
16925
20162
21356
20348
17173
12078
5526
-1827
-9185
-15695
-20553
-23111
-22980
-20099
-14756
-7561
632
8844
16108
21593
24718
25209
23119
18786
12774
5772
-1491
-8328
-14156
-18525
-21131
-21815
-20554
-17456
-12759
-6829
-157
6661
12962
18074
21393
22467
21073
17269
11407
4108
-3815
-11459
-17953
-22575
-24845
-24580
-21894
-17166
-10967
-3970
3141
9741
15316
19489
22014
22770
21741
19008
14749
9242
2876
-3856
-10372
-16048
-20279
-22562
-22571
-20219
-15695
-9452
-2160
5382
12349
18005
21791
23390
22743
20034
15633
10027
3752
-2675
-8791
-14203
-18591
-21694
-23307
-23278
-21529
-18082
-13090
-6866
124
7279
13920
19371
23050
24552
23716
20646
15704
9452
2566
-4252
-10371
-15295
-18702
-20448
-20539
-19094
-16300
-12377
-7562
-2112
3683
9486
14901
19489
22805
24451
24142
21768
17438
11484
4439
-3027
-10196
-16398
-21097
-23949
-24833
-23833
-21195
-17269
-12441
-7082
-1521
3964
9127
13732
17535
20273
21685
21548
19726
16225
11226
5098
-1631
-8328
-14339
-19077
-22108
-23198
-22340
-19731
-15719
-10741
-5241
379
5798
10778
15145
18756
21466
23111
23512
22505
19986
15959
10586
4196
-2727
-9595
-15790
-20750
-24052
-25465
-24976
-22770
-19180
-14624
-9523
-4248
917
5776
10197
14077
17297
19700
21088
21249
20007
17276
13115
7755
1596
-4831
-10938
-16157
-20031
-22272
-22793
-21697
-19237
-15748
-11578
-7027
-2319
2403
7049
11537
15747
19489
22499
24467
25085
24121
21478
17245
11701
5294
-1425
-7882
-13568
-18106
-21295
-23105
-23647
-23111
-21701
-19579
-16838
-13498
-9548
-4992
89
5505
10937
15966
20131
23004
24269
23789
21632
18059
13479
8369
3188
-1692
-6031
-9732
-12810
-15333
-17361
-18889
-19825
-19992
-19174
-17181
-13920
-9452
-4016
1983
8031
13586
18168
21437
23239
23614
22759
20961
18517
15660
12521
9114
5374
1216
-3394
-8381
-13521
-18461
-22755
-25952
-27680
-27728
-26088
-22961
-18716
-13812
-8707
-3772
764
4831
8490
11867
15078
18157
21005
23396
25007
25498
24600
22191
18354
13373
7699
1865
-3613
-8328
-12050
-14744
-16547
-17693
-18431
-18934
-19241
-19243
-18710
-17367
-14982
-11457
-6883
-1553
4073
9452
14062
17506
19582
20313
19919
18745
17163
15467
13805
12147
10313
8037
5073
1287
-3267
-8328
-13456
-18116
-21785
-24065
-24768
-23951
-21896
-19028
-15815
-12647
-9751
-7146
-4666
-2023
1077
4831
9250
14115
19011
23395
26721
28561
28704
27204
24367
20675
16664
12802
9378
6445
3833
1216
-1772
-5409
-9781
-14721
-19828
-24540
-28256
-30482
-30944
-29657
-26921
-23245
-19226
-15398
-12111
-9452
-7239
-5094
-2565
728
4965
10045
15584
20986
25578
28767
30179
29755
27760
24720
21282
18059
15470
13644
12393
11282
9753
7294
3603
-1312
-7104
-13150
-18690
-23005
-25590
-26278
-25276
-23111
-20490
-18120
-16519
-15885
-16045
-16506
-16589
-15621
-13129
-8982
-3453
2828
9013
14239
17836
19489
19316
17833
15814
14091
13329
13846
15527
17844
19995
21112
20496
17815
13207
7266
912
-4831
-9088
-11343
-11577
-10263
-8243
-6510
-5936
-7044
-9852
-13860
-18163
-21681
-23433
-22803
-19704
-14624
-8515
-2563
2101
4690
4961
3277
517
-2150
-3571
-2915
95
5096
11155
16996
21313
23111
21957
18111
12473
6364
1202
-1858
-2218
0
3978
8403
11804
12923
11061
6263
-661
-8328
-15110
-19547
-20709
-18446
-13439
-7038
-933
3268
4451
2288
-2670
-9109
-15281
-19436
-20270
17269
10860
2323
-6503
-13675
-17624
-17552
-13646
-7044
438
6748
10116
9502
4874
-2766
-11612
-19489
-24393
-24992
-20975
-13146
-3247
6453
13713
16874
15271
9419
894
-8039
-14981
-17991
-16075
-9452
484
11483
20977
26708
27284
22529
13547
2464
-8071
-15531
-18124
-15240
-7608
2863
13539
21694
25174
22923
15258
3804
-8879
-19903
-26744
-27847
-23008
-13430
-1444
10040
18230
21115
17953
9452
-2389
-14751
-24660
-29696
-28562
-21402
-9768
3740
16081
24488
27110
23450
14470
2370
-9933
-19489
-23995
-22337
-14836
-3174
10002
21698
29260
30980
26482
16796
4110
-8737
-18907
-24204
-23562
-17269
-6882
5141
16010
23227
25144
21317
12579
836
-11371
-21439
-27272
-27724
-22829
-13764
-2566
8328
16611
20598
19566
13876
4870
-5444
-14830
-21300
-23513
-21037
-14409
-4991
5321
14505
20812
23111
21086
15278
6950
-2178
-10279
-15767
-17601
-15467
-9822
-1797
7032
14943
20394
22308
20275
14624
6366
-2997
-11743
-18255
-21326
-20385
-15618
-7946
1143
9863
16470
19603
18552
13416
5102
-4831
-14468
-21899
-25605
-24765
-19436
-10561
202
10793
19159
23661
23411
18457
9790
-852
-11321
-19489
-23676
-22989
-17506
-8259
2970
14002
22701
27390
27185
22159
13316
2383
-8538
-17386
-22537
-23111
-19117
-11435
-1619
8414
16757
21866
22839
19557
12675
3479
-6373
-15156
-21389
-24077
-22861
-18059
-10579
-1745
6935
14023
18380
19340
16806
11247
3621
-4785
-12557
-18379
-21238
-20593
-16466
-9452
-634
8577
16669
22278
24419
22671
17266
9070
-547
-9934
-17446
-21735
-21998
-18136
-10784
-1216
8878
17691
23626
25585
23172
16768
7458
-3158
-13264
-21146
-25502
-25659
-21680
-14337
-4956
4831
13373
19282
21658
20214
15302
7819
-962
-9610
-16770
-21364
-22742
-20752
-15744
-8489
-60
8328
15489
20425
22454
21302
17139
10562
2517
-5819
-13200
-18490
-20833
-19793
-15444
-8376
370
9452
17427
22985
25167
23534
18256
10098
306
-9595
-18051
-23738
-25781
-23899
-18445
-10342
-916
8328
15950
20809
22233
20100
14836
7317
-1280
-9676
-16676
-21335
-23071
-21720
-17531
-11107
-3316
4831
12303
18167
21692
22436
20294
15522
8715
749
-7315
-14367
-19391
-21614
-20635
-16499
-9718
-1216
7793
15984
22118
25243
24846
20941
14071
5225
-4317
-13185
-20136
-24233
-24981
-22385
-16923
-9452
-1064
7079
13917
18615
20664
19908
16541
11055
4160
-3299
-10441
-16433
-20571
-22346
-21500
-18059
-12350
-4978
3219
11256
18121
22898
24907
23810
19683
13021
4692
-4186
-12397
-18810
-22546
-23111
-20461
-15010
-7549
873
9116
16108
20992
23227
22631
19380
13947
7025
-575
-8021
-14540
-19489
-22393
-22979
-21192
-17198
-11380
-4318
3252
10500
16581
20738
22403
21287
17441
11278
3530
-4831
-12726
-19119
-23164
-24330
-22475
-17858
-11093
-3053
5263
12871
18928
22826
24245
23158
19803
14624
8203
1193
-5740
-11965
-16925
-20162
-21356
-20348
-17173
-12078
-5526
1827
9185
15695
20553
23111
22980
20099
14756
7561
-632
-8844
-16108
-21593
-24718
-25209
-23119
-18786
-12774
-5772
1491
8328
14156
18525
21131
21815
20554
17456
12759
6829
157
-6661
-12962
-18074
-21393
-22467
-21073
-17269
-11407
-4108
3815
11459
17953
22575
24845
24580
21894
17166
10967
3970
-3141
-9741
-15316
-19489
-22014
-22770
-21741
-19008
-14749
-9242
-2876
3856
10372
16048
20279
22562
22571
20219
15695
9452
2160
-5382
-12349
-18005
-21791
-23390
-22743
-20034
-15633
-10027
-3752
2675
8791
14203
18591
21694
23307
23278
21529
18082
13090
6866
-124
-7279
-13920
-19371
-23050
-24552
-23716
-20646
-15704
-9452
-2566
4252
10371
15295
18702
20448
20539
19094
16300
12377
7562
2112
-3683
-9486
-14901
-19489
-22805
-24451
-24142
-21768
-17438
-11484
-4439
3027
10196
16398
21097
23949
24833
23833
21195
17269
12441
7082
1521
-3964
-9127
-13732
-17535
-20273
-21685
-21548
-19726
-16225
-11226
-5098
1631
8328
14339
19077
22108
23198
22340
19731
15719
10741
5241
-379
-5798
-10778
-15145
-18756
-21466
-23111
-23512
-22505
-19986
-15959
-10586
-4196
2727
9595
15790
20750
24052
25465
24976
22770
19180
14624
9523
4248
-917
-5776
-10197
-14077
-17297
-19700
-21088
-21249
-20007
-17276
-13115
-7755
-1596
4831
10938
16157
20031
22272
22793
21697
19237
15748
11578
7027
2319
-2403
-7049
-11537
-15747
-19489
-22499
-24467
-25085
-24121
-21478
-17245
-11701
-5294
1425
7882
13568
18106
21295
23105
23647
23111
21701
19579
16838
13498
9548
4992
-89
-5505
-10937
-15966
-20131
-23004
-24269
-23789
-21632
-18059
-13479
-8369
-3188
1692
6031
9732
12810
15333
17361
18889
19825
19992
19174
17181
13920
9452
4016
-1983
-8031
-13586
-18168
-21437
-23239
-23614
-22759
-20961
-18517
-15660
-12521
-9114
-5374
-1216
3394
8381
13521
18461
22755
25952
27680
27728
26088
22961
18716
13812
8707
3772
-764
-4831
-8490
-11867
-15078
-18157
-21005
-23396
-25007
-25498
-24600
-22191
-18354
-13373
-7699
-1865
3613
8328
12050
14744
16547
17693
18431
18934
19241
19243
18710
17367
14982
11457
6883
1553
-4073
-9452
-14062
-17506
-19582
-20313
-19919
-18745
-17163
-15467
-13805
-12147
-10313
-8037
-5073
-1287
3267
8328
13456
18116
21785
24065
24768
23951
21896
19028
15815
12647
9751
7146
4666
2023
-1077
-4831
-9250
-14115
-19011
-23395
-26721
-28561
-28704
-27204
-24367
-20675
-16664
-12802
-9378
-6445
-3833
-1216
1772
5409
9781
14721
19828
24540
28256
30482
30944
29657
26921
23245
19226
15398
12111
9452
7239
5094
2565
-728
-4965
-10045
-15584
-20986
-25578
-28767
-30179
-29755
-27760
-24720
-21282
-18059
-15470
-13644
-12393
-11282
-9753
-7294
-3603
1312
7104
13150
18690
23005
25590
26278
25276
23111
20490
18120
16519
15885
16045
16506
16589
15621
13129
8982
3453
-2828
-9013
-14239
-17836
-19489
-19316
-17833
-15814
-14091
-13329
-13846
-15527
-17844
-19995
-21112
-20496
-17815
-13207
-7266
-912
4831
9088
11343
11577
10263
8243
6510
5936
7044
9852
13860
18163
21681
23433
22803
19704
14624
8515
2563
-2101
-4690
-4961
-3277
-517
2150
3571
2915
-95
-5096
-11155
-16996
-21313
-23111
-21957
-18111
-12473
-6364
-1202
1858
2218
0
-3978
-8403
-11804
-12923
-11061
-6263
661
8328
15110
19547
20709
18446
13439
7038
933
-3268
-4451
-2288
2670
9109
15281
19436
20270
-17269
-10860
-2323
6503
13675
17624
17552
13646
7044
-438
-6748
-10116
-9502
-4874
2766
11612
19489
24393
24992
20975
13146
3247
-6453
-13713
-16874
-15271
-9419
-894
8039
14981
17991
16075
9452
-484
-11483
-20977
-26708
-27284
-22529
-13547
-2464
8071
15531
18124
15240
7608
-2863
-13539
-21694
-25174
-22923
-15258
-3804
8879
19903
26744
27847
23008
13430
1444
-10040
-18230
-21115
-17953
-9452
2389
14751
24660
29696
28562
21402
9768
-3740
-16081
-24488
-27110
-23450
-14470
-2370
9933
19489
23995
22337
14836
3174
-10002
-21698
-29260
-30980
-26482
-16796
-4110
8737
18907
24204
23562
17269
6882
-5141
-16010
-23227
-25144
-21317
-12579
-836
11371
21439
27272
27724
22829
13764
2566
-8328
-16611
-20598
-19566
-13876
-4870
5444
14830
21300
23513
21037
14409
4991
-5321
-14505
-20812
-23111
-21086
-15278
-6950
2178
10279
15767
17601
15467
9822
1797
-7032
-14943
-20394
-22308
-20275
-14624
-6366
2997
11743
18255
21326
20385
15618
7946
-1143
-9863
-16470
-19603
-18552
-13416
-5102
4831
14468
21899
25605
24765
19436
10561
-202
-10793
-19159
-23661
-23411
-18457
-9790
852
11321
19489
23676
22989
17506
8259
-2970
-14002
-22701
-27390
-27185
-22159
-13316
-2383
8538
17386
22537
23111
19117
11435
1619
-8414
-16757
-21866
-22839
-19557
-12675
-3479
6373
15156
21389
24077
22861
18059
10579
1745
-6935
-14023
-18380
-19340
-16806
-11247
-3621
4785
12557
18379
21238
20593
16466
9452
634
-8577
-16669
-22278
-24419
-22671
-17266
-9070
547
9934
17446
21735
21998
18136
10784
1216
-8878
-17691
-23626
-25585
-23172
-16768
-7458
3158
13264
21146
25502
25659
21680
14337
4956
-4831
-13373
-19282
-21658
-20214
-15302
-7819
962
9610
16770
21364
22742
20752
15744
8489
60
-8328
-15489
-20425
-22454
-21302
-17139
-10562
-2517
5819
13200
18490
20833
19793
15444
8376
-370
-9452
-17427
-22985
-25167
-23534
-18256
-10098
-306
9595
18051
23738
25781
23899
18445
10342
916
-8328
-15950
-20809
-22233
-20100
-14836
-7317
1280
9676
16676
21335
23071
21720
17531
11107
3316
-4831
-12303
-18167
-21692
-22436
-20294
-15522
-8715
-749
7315
14367
19391
21614
20635
16499
9718
1216
-7793
-15984
-22118
-25243
-24846
-20941
-14071
-5225
4317
13185
20136
24233
24981
22385
16923
9452
1064
-7079
-13917
-18615
-20664
-19908
-16541
-11055
-4160
3299
10441
16433
20571
22346
21500
18059
12350
4978
-3219
-11256
-18121
-22898
-24907
-23810
-19683
-13021
-4692
4186
12397
18810
22546
23111
20461
15010
7549
-873
-9116
-16108
-20992
-23227
-22631
-19380
-13947
-7025
575
8021
14540
19489
22393
22979
21192
17198
11380
4318
-3252
-10500
-16581
-20738
-22403
-21287
-17441
-11278
-3530
4831
12726
19119
23164
24330
22475
17858
11093
3053
-5263
-12871
-18928
-22826
-24245
-23158
-19803
-14624
-8203
-1193
5740
11965
16925
20162
21356
20348
17173
12078
5526
-1827
-9185
-15695
-20553
-23111
-22980
-20099
-14756
-7561
632
8844
16108
21593
24718
25209
23119
18786
12774
5772
-1491
-8328
-14156
-18525
-21131
-21815
-20554
-17456
-12759
-6829
-157
6661
12962
18074
21393
22467
21073
17269
11407
4108
-3815
-11459
-17953
-22575
-24845
-24580
-21894
-17166
-10967
-3970
3141
9741
15316
19489
22014
22770
21741
19008
14749
9242
2876
-3856
-10372
-16048
-20279
-22562
-22571
-20219
-15695
-9452
-2160
5382
12349
18005
21791
23390
22743
20034
15633
10027
3752
-2675
-8791
-14203
-18591
-21694
-23307
-23278
-21529
-18082
-13090
-6866
124
7279
13920
19371
23050
24552
23716
20646
15704
9452
2566
-4252
-10371
-15295
-18702
-20448
-20539
-19094
-16300
-12377
-7562
-2112
3683
9486
14901
19489
22805
24451
24142
21768
17438
11484
4439
-3027
-10196
-16398
-21097
-23949
-24833
-23833
-21195
-17269
-12441
-7082
-1521
3964
9127
13732
17535
20273
21685
21548
19726
16225
11226
5098
-1631
-8328
-14339
-19077
-22108
-23198
-22340
-19731
-15719
-10741
-5241
379
5798
10778
15145
18756
21466
23111
23512
22505
19986
15959
10586
4196
-2727
-9595
-15790
-20750
-24052
-25465
-24976
-22770
-19180
-14624
-9523
-4248
917
5776
10197
14077
17297
19700
21088
21249
20007
17276
13115
7755
1596
-4831
-10938
-16157
-20031
-22272
-22793
-21697
-19237
-15748
-11578
-7027
-2319
2403
7049
11537
15747
19489
22499
24467
25085
24121
21478
17245
11701
5294
-1425
-7882
-13568
-18106
-21295
-23105
-23647
-23111
-21701
-19579
-16838
-13498
-9548
-4992
89
5505
10937
15966
20131
23004
24269
23789
21632
18059
13479
8369
3188
-1692
-6031
-9732
-12810
-15333
-17361
-18889
-19825
-19992
-19174
-17181
-13920
-9452
-4016
1983
8031
13586
18168
21437
23239
23614
22759
20961
18517
15660
12521
9114
5374
1216
-3394
-8381
-13521
-18461
-22755
-25952
-27680
-27728
-26088
-22961
-18716
-13812
-8707
-3772
764
4831
8490
11867
15078
18157
21005
23396
25007
25498
24600
22191
18354
13373
7699
1865
-3613
-8328
-12050
-14744
-16547
-17693
-18431
-18934
-19241
-19243
-18710
-17367
-14982
-11457
-6883
-1553
4073
9452
14062
17506
19582
20313
19919
18745
17163
15467
13805
12147
10313
8037
5073
1287
-3267
-8328
-13456
-18116
-21785
-24065
-24768
-23951
-21896
-19028
-15815
-12647
-9751
-7146
-4666
-2023
1077
4831
9250
14115
19011
23395
26721
28561
28704
27204
24367
20675
16664
12802
9378
6445
3833
1216
-1772
-5409
-9781
-14721
-19828
-24540
-28256
-30482
-30944
-29657
-26921
-23245
-19226
-15398
-12111
-9452
-7239
-5094
-2565
728
4965
10045
15584
20986
25578
28767
30179
29755
27760
24720
21282
18059
15470
13644
12393
11282
9753
7294
3603
-1312
-7104
-13150
-18690
-23005
-25590
-26278
-25276
-23111
-20490
-18120
-16519
-15885
-16045
-16506
-16589
-15621
-13129
-8982
-3453
2828
9013
14239
17836
19489
19316
17833
15814
14091
13329
13846
15527
17844
19995
21112
20496
17815
13207
7266
912
-4831
-9088
-11343
-11577
-10263
-8243
-6510
-5936
-7044
-9852
-13860
-18163
-21681
-23433
-22803
-19704
-14624
-8515
-2563
2101
4690
4961
3277
517
-2150
-3571
-2915
95
5096
11155
16996
21313
23111
21957
18111
12473
6364
1202
-1858
-2218
0
3978
8403
11804
12923
11061
6263
-661
-8328
-15110
-19547
-20709
-18446
-13439
-7038
-933
3268
4451
2288
-2670
-9109
-15281
-19436
-20270
0
0
0
0
0
0
0
0
0
0
0
0
0
0
0
0
0
0
0
0
0
0
0
0
0
0
0
0
0
0
0
0
0
0
0
0
0
0
0
0
0
0
0
0
0
0
0
0
0
0
0
0
0
0
0
0
0
0
0
0
0
0
0
0
0
0
0
0
0
0
0
0
0
0
0
0
0
0
0
0
0
0
0
0
0
0
0
0
0
0
0
0
0
0
0
0
0
0
0
0
0
0
0
0
0
0
0
0
0
0
0
0
0
0
0
0
0
0
0
0
0
0
0
0
0
0
0
0
0
0
0
0
0
0
0
0
0
0
0
0
0
0
0
0
0
0
0
0
0
0
0
0
0
0
0
0
0
0
0
0
0
0
0
0
0
0
0
0
0
0
0
0
0
0
0
0
0
0
0
0
0
0
0
0
0
0
0
0
0
0
0
0
0
0
0
0
0
0
0
0
0
0
0
0
0
0
0
0
0
0
0
0
0
0
0
0
0
0
0
0
0
0
0
0
0
0
0
0
0
0
0
0
0
0
0
0
0
0
0
0
0
0
0
0
0
0
0
0
0
0
0
0
0
0
0
0
0
0
0
0
0
0
0
0
0
0
0
0
0
0
0
0
0
0
0
0
0
0
0
0
0
0
0
0
0
0
0
0
0
0
0
0
0
0
0
0
0
0
0
0
0
0
0
0
0
0
0
0
0
0
0
0
0
0
0
0
0
0
0
0
0
0
0
0
0
0
0
0
0
0
0
0
0
0
0
0
0
0
0
0
0
0
0
0
0
0
0
0
0
0
0
0
0
0
0
0
0
0
0
0
0
0
0
0
0
0
0
0
0
0
0
0
0
0
0
0
0
0
0
0
0
0
0
0
0
0
0
0
0
0
0
0
0
0
0
0
0
0
0
0
0
0
0
0
0
0
0
0
0
0
0
0
0
0
0
0
0
0
0
0
0
0
0
0
0
0
0
0
0
0
0
0
0
0
0
0
0
0
0
0
0
0
0
0
0
0
0
0
0
0
0
0
0
0
0
0
0
0
0
0
0
0
0
0
0
0
0
0
0
0
0
0
0
0
0
0
0
0
0
0
0
0
0
0
0
0
0
0
0
0
0
0
0
0
0
0
0
0
0
0
0
0
0
0
0
0
0
0
0
0
0
0
0
0
0
0
0
0
0
0
0
0
0
0
0
0
0
0
0
0
0
0
0
0
0
0
0
0
0
0
0
0
0
0
0
0
0
0
0
0
0
0
0
0
0
0
0
0
0
0
0
0
0
0
0
0
0
0
0
0
0
0
0
0
0
0
0
0
0
0
0
0
0
0
0
0
0
0
0
0
0
0
0
0
0
0
0
0
0
0
0
0
0
0
0
0
0
0
0
0
0
0
0
0
0
0
0
0
0
0
0
0
0
0
0
0
0
0
0
0
0
0
0
0
0
0
0
0
0
0
0
0
0
0
0
0
0
0
0
0
0
0
0
0
0
0
0
0
0
0
0
0
0
0
0
0
0
0
0
0
0
0
0
0
0
0
0
0
0
0
0
0
0
0
0
0
0
0
0
0
0
0
0
0
0
0
0
0
0
0
0
0
0
0
0
0
0
0
0
0
0
0
0
0
0
0
0
0
0
0
0
0
0
0
0
0
0
0
0
0
0
0
0
0
0
0
0
0
0
0
0
0
0
0
0
0
0
0
0
0
0
0
0
0
0
0
0
0
0
0
0
0
0
0
0
0
0
0
0
0
0
0
0
0
0
0
0
0
0
0
0
0
0
0
0
0
0
0
0
0
0
0
0
0
0
0
0
0
0
0
0
0
0
0
0
0
0
0
0
0
0
0
0
0
0
0
0
0
0
0
0
0
0
0
0
0
0
0
0
0
0
0
0
0
0
0
0
0
0
0
0
0
0
0
0
0
0
0
0
0
0
0
0
0
0
0
0
0
0
0
0
0
0
0
0
0
0
0
0
0
0
0
0
0
0
0
0
0
0
0
0
0
0
0
0
0
0
0
0
0
0
0
0
0
0
0
0
0
0
0
0
0
0
0
0
0
0
0
0
0
0
0
0
0
0
0
0
0
0
0
0
0
0
0
0
0
0
0
0
0
0
0
0
0
0
0
0
0
0
0
0
0
0
0
0
0
0
0
0
0
0
0
0
0
0
0
0
0
0
0
0
10049
18095
22623
22978
19515
13509
6826
1456
-992
310
5200
12558
20585
27255
30812
30212
25384
17254
7516
-1782
-8740
-12074
-11424
-7437
-1601
4136
7865
8186
4575
-2482
-11604
-20851
-28197
-32037
-31574
-27022
-19543
-10965
-3325
1636
2907
446
-4808
-11176
-16662
-19456
-18394
-13254
-4818
5311
15101
22588
26355
25878
21648
15045
7985
2444
-39
1247
6015
13049
20502
26362
28952
27351
21633
12844
2757
-6562
-13269
-16181
-15069
-10707
-4663
1088
4672
4786
1027
-5996
-14813
-23452
-29923
-32715
-31164
-25626
-17379
-8316
-469
4484
5640
3086
-2132
-8272
-13337
-15581
-13950
-8355
297
10329
19689
26462
29337
27927
22857
15609
8143
2414
-123
1130
5767
12475
19365
24449
26137
23634
17151
7855
-2412
-11584
-17876
-20219
-18515
-13659
-7304
-1441
2097
2105
-1694
-8577
-16992
-24943
-30483
-32205
-29583
-23110
-14175
-4725
3217
8051
8987
6235
952
-5062
-9819
-11638
-9583
-3692
5012
14780
23555
29482
31363
28950
23003
15097
7229
1325
-1244
0
4528
10940
17315
21692
22573
19292
12196
2562
-7707
-16557
-22271
-23899
-21481
-16031
-9276
-3225
343
322
-3442
-10113
-18061
-25279
-29875
-30548
-26909
-19589
-10080
-373
7529
12107
12694
9629
4170
-1830
-6395
-7917
-5574
463
9068
18428
26489
31470
32288
28840
22012
13473
5246
-778
-3326
-2037
2439
8619
14553
18319
18512
14597
7052
-2740
-12834
-21188
-26170
-26954
-23718
-17594
-10379
-4088
-445
-452
-4139
-10557
-18015
-24498
-28173
-27853
-23289
-15244
-5304
4502
12208
16383
16484
12982
7233
1137
-3343
-4685
-2179
3877
12254
21090
28344
32313
32038
27559
19890
10781
2275
-3786
-6224
-4806
-296
5739
11328
14597
14236
9839
2015
-7762
-17506
-25205
-29320
-29154
-25023
-18174
-10471
-3925
-195
-177
-3780
-9947
-16925
-22704
-25520
-24299
-18933
-10310
-105
9629
16970
20587
20067
16008
9865
3578
-915
-2172
394
6368
14422
22652
29041
31970
30613
25150
16717
7136
-1535
-7517
-9733
-8077
-3431
2562
7920
10812
10035
5310
-2630
-12227
-21465
-28376
-31514
-30322
-25254
-17668
-9480
-2697
1093
1106
-2438
-8387
-14933
-20074
-22121
-20118
-14095
-5062
5228
14715
21525
24433
23163
18442
11818
5265
686
-557
2000
7822
15491
23070
28575
30481
28091
21726
12641
2722
-5977
-11739
-13600
-11584
-6688
-624
4613
7252
6191
1281
-6628
-15900
-24502
-30517
-32607
-30351
-24340
-16038
-7412
-448
3343
3294
-256
-6052
-12240
-16835
-18226
-15581
-9061
207
10405
19468
25586
27652
25524
20059
12890
6021
1319
50
2560
8195
15456
22379
27021
27954
24618
17470
7874
-2227
-10793
-16181
-17545
-15042
-9780
-3537
1687
4183
2958
-2013
-9767
-18598
-26468
-31518
-32523
-29203
-22284
-13330
-4345
2710
6409
6206
2563
-3168
-9094
-13254
-14118
-10976
-4124
5205
15137
23614
28901
30012
26944
20682
12940
5743
909
-389
2072
7524
14389
20685
24521
24568
20403
12616
2674
-7437
-15700
-20554
-21278
-18164
-12429
-5913
-609
1836
542
-4392
-11898
-20207
-27283
-31337
-31262
-26919
-19167
-9658
-430
6596
10085
9615
5773
0
-5773
-9615
-10085
-6596
430
9658
19167
26919
31262
31337
27283
20207
11898
4392
-542
-1836
609
5913
12429
18164
21278
20554
15700
7437
-2674
-12616
-20403
-24568
-24521
-20685
-14389
-7524
-2072
389
-909
-5743
-12940
-20682
-26944
-30012
-28901
-23614
-15137
-5205
4124
10976
14118
13254
9094
3168
-2563
-6206
-6409
-2710
4345
13330
22284
29203
32523
31518
26468
18598
9767
2013
-2958
-4183
-1687
3537
9780
15042
17545
16181
10793
2227
-7874
-17470
-24618
-27954
-27021
-22379
-15456
-8195
-2560
-50
-1319
-6021
-12890
-20059
-25524
-27652
-25586
-19468
-10405
-207
9061
15581
18226
16835
12240
6052
256
-3294
-3343
448
7412
16038
24340
30351
32607
30517
24502
15900
6628
-1281
-6191
-7252
-4613
624
6688
11584
13600
11739
5977
-2722
-12641
-21726
-28091
-30481
-28575
-23070
-15491
-7822
-2000
557
-686
-5265
-11818
-18442
-23163
-24433
-21525
-14715
-5228
5062
14095
20118
22121
20074
14933
8387
2438
-1106
-1093
2697
9480
17668
25254
30322
31514
28376
21465
12227
2630
-5310
-10035
-10812
-7920
-2562
3431
8077
9733
7517
1535
-7136
-16717
-25150
-30613
-31970
-29041
-22652
-14422
-6368
-394
2172
915
-3578
-9865
-16008
-20067
-20587
-16970
-9629
105
10310
18933
24299
25520
22704
16925
9947
3780
177
195
3925
10471
18174
25023
29154
29320
25205
17506
7762
-2015
-9839
-14236
-14597
-11328
-5739
296
4806
6224
3786
-2275
-10781
-19890
-27559
-32038
-32313
-28344
-21090
-12254
-3877
2179
4685
3343
-1137
-7233
-12982
-16484
-16383
-12208
-4502
5304
15244
23289
27853
28173
24498
18015
10557
4139
452
445
4088
10379
17594
23718
26954
26170
21188
12834
2740
-7052
-14597
-18512
-18319
-14553
-8619
-2439
2037
3326
778
-5246
-13473
-22012
-28840
-32288
-31470
-26489
-18428
-9068
-463
5574
7917
6395
1830
-4170
-9629
-12694
-12107
-7529
373
10080
19589
26909
30548
29875
25279
18061
10113
3442
-322
-343
3225
9276
16031
21481
23899
22271
16557
7707
-2562
-12196
-19292
-22573
-21692
-17315
-10940
-4528
0
1244
-1325
-7229
-15097
-23003
-28950
-31363
-29482
-23555
-14780
-5012
3692
9583
11638
9819
5062
-952
-6235
-8987
-8051
-3217
4725
14175
23110
29583
32205
30483
24943
16992
8577
1694
-2105
-2097
1441
7304
13659
18515
20219
17876
11584
2412
-7855
-17151
-23634
-26137
-24449
-19365
-12475
-5767
-1130
123
-2414
-8143
-15609
-22857
-27927
-29337
-26462
-19689
-10329
-297
8355
13950
15581
13337
8272
2132
-3086
-5640
-4484
469
8316
17379
25626
31164
32715
29923
23452
14813
5996
-1027
-4786
-4672
-1088
4663
10707
15069
16181
13269
6562
-2757
-12844
-21633
-27351
-28952
-26362
-20502
-13049
-6015
-1247
39
-2444
-7985
-15045
-21648
-25878
-26355
-22588
-15101
-5311
4818
13254
18394
19456
16662
11176
4808
-446
-2907
-1636
3325
10965
19543
27022
31574
32037
28197
20851
11604
2482
-4575
-8186
-7865
-4136
1601
7437
11424
12074
8740
1782
-7516
-17254
-25384
-30212
-30812
-27255
-20585
-12558
-5200
-310
992
-1456
-6826
-13509
-19515
-22978
-22623
-18095
-10049
0
10049
18095
22623
22978
19515
13509
6826
1456
-992
310
5200
12558
20585
27255
30812
30212
25384
17254
7516
-1782
-8740
-12074
-11424
-7437
-1601
4136
7865
8186
4575
-2482
-11604
-20851
-28197
-32037
-31574
-27022
-19543
-10965
-3325
1636
2907
446
-4808
-11176
-16662
-19456
-18394
-13254
-4818
5311
15101
22588
26355
25878
21648
15045
7985
2444
-39
1247
6015
13049
20502
26362
28952
27351
21633
12844
2757
-6562
-13269
-16181
-15069
-10707
-4663
1088
4672
4786
1027
-5996
-14813
-23452
-29923
-32715
-31164
-25626
-17379
-8316
-469
4484
5640
3086
-2132
-8272
-13337
-15581
-13950
-8355
297
10329
19689
26462
29337
27927
22857
15609
8143
2414
-123
1130
5767
12475
19365
24449
26137
23634
17151
7855
-2412
-11584
-17876
-20219
-18515
-13659
-7304
-1441
2097
2105
-1694
-8577
-16992
-24943
-30483
-32205
-29583
-23110
-14175
-4725
3217
8051
8987
6235
952
-5062
-9819
-11638
-9583
-3692
5012
14780
23555
29482
31363
28950
23003
15097
7229
1325
-1244
0
4528
10940
17315
21692
22573
19292
12196
2562
-7707
-16557
-22271
-23899
-21481
-16031
-9276
-3225
343
322
-3442
-10113
-18061
-25279
-29875
-30548
-26909
-19589
-10080
-373
7529
12107
12694
9629
4170
-1830
-6395
-7917
-5574
463
9068
18428
26489
31470
32288
28840
22012
13473
5246
-778
-3326
-2037
2439
8619
14553
18319
18512
14597
7052
-2740
-12834
-21188
-26170
-26954
-23718
-17594
-10379
-4088
-445
-452
-4139
-10557
-18015
-24498
-28173
-27853
-23289
-15244
-5304
4502
12208
16383
16484
12982
7233
1137
-3343
-4685
-2179
3877
12254
21090
28344
32313
32038
27559
19890
10781
2275
-3786
-6224
-4806
-296
5739
11328
14597
14236
9839
2015
-7762
-17506
-25205
-29320
-29154
-25023
-18174
-10471
-3925
-195
-177
-3780
-9947
-16925
-22704
-25520
-24299
-18933
-10310
-105
9629
16970
20587
20067
16008
9865
3578
-915
-2172
394
6368
14422
22652
29041
31970
30613
25150
16717
7136
-1535
-7517
-9733
-8077
-3431
2562
7920
10812
10035
5310
-2630
-12227
-21465
-28376
-31514
-30322
-25254
-17668
-9480
-2697
1093
1106
-2438
-8387
-14933
-20074
-22121
-20118
-14095
-5062
5228
14715
21525
24433
23163
18442
11818
5265
686
-557
2000
7822
15491
23070
28575
30481
28091
21726
12641
2722
-5977
-11739
-13600
-11584
-6688
-624
4613
7252
6191
1281
-6628
-15900
-24502
-30517
-32607
-30351
-24340
-16038
-7412
-448
3343
3294
-256
-6052
-12240
-16835
-18226
-15581
-9061
207
10405
19468
25586
27652
25524
20059
12890
6021
1319
50
2560
8195
15456
22379
27021
27954
24618
17470
7874
-2227
-10793
-16181
-17545
-15042
-9780
-3537
1687
4183
2958
-2013
-9767
-18598
-26468
-31518
-32523
-29203
-22284
-13330
-4345
2710
6409
6206
2563
-3168
-9094
-13254
-14118
-10976
-4124
5205
15137
23614
28901
30012
26944
20682
12940
5743
909
-389
2072
7524
14389
20685
24521
24568
20403
12616
2674
-7437
-15700
-20554
-21278
-18164
-12429
-5913
-609
1836
542
-4392
-11898
-20207
-27283
-31337
-31262
-26919
-19167
-9658
-430
6596
10085
9615
5773
0
-5773
-9615
-10085
-6596
430
9658
19167
26919
31262
31337
27283
20207
11898
4392
-542
-1836
609
5913
12429
18164
21278
20554
15700
7437
-2674
-12616
-20403
-24568
-24521
-20685
-14389
-7524
-2072
389
-909
-5743
-12940
-20682
-26944
-30012
-28901
-23614
-15137
-5205
4124
10976
14118
13254
9094
3168
-2563
-6206
-6409
-2710
4345
13330
22284
29203
32523
31518
26468
18598
9767
2013
-2958
-4183
-1687
3537
9780
15042
17545
16181
10793
2227
-7874
-17470
-24618
-27954
-27021
-22379
-15456
-8195
-2560
-50
-1319
-6021
-12890
-20059
-25524
-27652
-25586
-19468
-10405
-207
9061
15581
18226
16835
12240
6052
256
-3294
-3343
448
7412
16038
24340
30351
32607
30517
24502
15900
6628
-1281
-6191
-7252
-4613
624
6688
11584
13600
11739
5977
-2722
-12641
-21726
-28091
-30481
-28575
-23070
-15491
-7822
-2000
557
-686
-5265
-11818
-18442
-23163
-24433
-21525
-14715
-5228
5062
14095
20118
22121
20074
14933
8387
2438
-1106
-1093
2697
9480
17668
25254
30322
31514
28376
21465
12227
2630
-5310
-10035
-10812
-7920
-2562
3431
8077
9733
7517
1535
-7136
-16717
-25150
-30613
-31970
-29041
-22652
-14422
-6368
-394
2172
915
-3578
-9865
-16008
-20067
-20587
-16970
-9629
105
10310
18933
24299
25520
22704
16925
9947
3780
177
195
3925
10471
18174
25023
29154
29320
25205
17506
7762
-2015
-9839
-14236
-14597
-11328
-5739
296
4806
6224
3786
-2275
-10781
-19890
-27559
-32038
-32313
-28344
-21090
-12254
-3877
2179
4685
3343
-1137
-7233
-12982
-16484
-16383
-12208
-4502
5304
15244
23289
27853
28173
24498
18015
10557
4139
452
445
4088
10379
17594
23718
26954
26170
21188
12834
2740
-7052
-14597
-18512
-18319
-14553
-8619
-2439
2037
3326
778
-5246
-13473
-22012
-28840
-32288
-31470
-26489
-18428
-9068
-463
5574
7917
6395
1830
-4170
-9629
-12694
-12107
-7529
373
10080
19589
26909
30548
29875
25279
18061
10113
3442
-322
-343
3225
9276
16031
21481
23899
22271
16557
7707
-2562
-12196
-19292
-22573
-21692
-17315
-10940
-4528
0
1244
-1325
-7229
-15097
-23003
-28950
-31363
-29482
-23555
-14780
-5012
3692
9583
11638
9819
5062
-952
-6235
-8987
-8051
-3217
4725
14175
23110
29583
32205
30483
24943
16992
8577
1694
-2105
-2097
1441
7304
13659
18515
20219
17876
11584
2412
-7855
-17151
-23634
-26137
-24449
-19365
-12475
-5767
-1130
123
-2414
-8143
-15609
-22857
-27927
-29337
-26462
-19689
-10329
-297
8355
13950
15581
13337
8272
2132
-3086
-5640
-4484
469
8316
17379
25626
31164
32715
29923
23452
14813
5996
-1027
-4786
-4672
-1088
4663
10707
15069
16181
13269
6562
-2757
-12844
-21633
-27351
-28952
-26362
-20502
-13049
-6015
-1247
39
-2444
-7985
-15045
-21648
-25878
-26355
-22588
-15101
-5311
4818
13254
18394
19456
16662
11176
4808
-446
-2907
-1636
3325
10965
19543
27022
31574
32037
28197
20851
11604
2482
-4575
-8186
-7865
-4136
1601
7437
11424
12074
8740
1782
-7516
-17254
-25384
-30212
-30812
-27255
-20585
-12558
-5200
-310
992
-1456
-6826
-13509
-19515
-22978
-22623
-18095
-10049
0
10049
18095
22623
22978
19515
13509
6826
1456
-992
310
5200
12558
20585
27255
30812
30212
25384
17254
7516
-1782
-8740
-12074
-11424
-7437
-1601
4136
7865
8186
4575
-2482
-11604
-20851
-28197
-32037
-31574
-27022
-19543
-10965
-3325
1636
2907
446
-4808
-11176
-16662
-19456
-18394
-13254
-4818
5311
15101
22588
26355
25878
21648
15045
7985
2444
-39
1247
6015
13049
20502
26362
28952
27351
21633
12844
2757
-6562
-13269
-16181
-15069
-10707
-4663
1088
4672
4786
1027
-5996
-14813
-23452
-29923
-32715
-31164
-25626
-17379
-8316
-469
4484
5640
3086
-2132
-8272
-13337
-15581
-13950
-8355
297
10329
19689
26462
29337
27927
22857
15609
8143
2414
-123
1130
5767
12475
19365
24449
26137
23634
17151
7855
-2412
-11584
-17876
-20219
-18515
-13659
-7304
-1441
2097
2105
-1694
-8577
-16992
-24943
-30483
-32205
-29583
-23110
-14175
-4725
3217
8051
8987
6235
952
-5062
-9819
-11638
-9583
-3692
5012
14780
23555
29482
31363
28950
23003
15097
7229
1325
-1244
0
4528
10940
17315
21692
22573
19292
12196
2562
-7707
-16557
-22271
-23899
-21481
-16031
-9276
-3225
343
322
-3442
-10113
-18061
-25279
-29875
-30548
-26909
-19589
-10080
-373
7529
12107
12694
9629
4170
-1830
-6395
-7917
-5574
463
9068
18428
26489
31470
32288
28840
22012
13473
5246
-778
-3326
-2037
2439
8619
14553
18319
18512
14597
7052
-2740
-12834
-21188
-26170
-26954
-23718
-17594
-10379
-4088
-445
-452
-4139
-10557
-18015
-24498
-28173
-27853
-23289
-15244
-5304
4502
12208
16383
16484
12982
7233
1137
-3343
-4685
-2179
3877
12254
21090
28344
32313
32038
27559
19890
10781
2275
-3786
-6224
-4806
-296
5739
11328
14597
14236
9839
2015
-7762
-17506
-25205
-29320
-29154
-25023
-18174
-10471
-3925
-195
-177
-3780
-9947
-16925
-22704
-25520
-24299
-18933
-10310
-105
9629
16970
20587
20067
16008
9865
3578
-915
-2172
394
6368
14422
22652
29041
31970
30613
25150
16717
7136
-1535
-7517
-9733
-8077
-3431
2562
7920
10812
10035
5310
-2630
-12227
-21465
-28376
-31514
-30322
-25254
-17668
-9480
-2697
1093
1106
-2438
-8387
-14933
-20074
-22121
-20118
-14095
-5062
5228
14715
21525
24433
23163
18442
11818
5265
686
-557
2000
7822
15491
23070
28575
30481
28091
21726
12641
2722
-5977
-11739
-13600
-11584
-6688
-624
4613
7252
6191
1281
-6628
-15900
-24502
-30517
-32607
-30351
-24340
-16038
-7412
-448
3343
3294
-256
-6052
-12240
-16835
-18226
-15581
-9061
207
10405
19468
25586
27652
25524
20059
12890
6021
1319
50
2560
8195
15456
22379
27021
27954
24618
17470
7874
-2227
-10793
-16181
-17545
-15042
-9780
-3537
1687
4183
2958
-2013
-9767
-18598
-26468
-31518
-32523
-29203
-22284
-13330
-4345
2710
6409
6206
2563
-3168
-9094
-13254
-14118
-10976
-4124
5205
15137
23614
28901
30012
26944
20682
12940
5743
909
-389
2072
7524
14389
20685
24521
24568
20403
12616
2674
-7437
-15700
-20554
-21278
-18164
-12429
-5913
-609
1836
542
-4392
-11898
-20207
-27283
-31337
-31262
-26919
-19167
-9658
-430
6596
10085
9615
5773
0
-5773
-9615
-10085
-6596
430
9658
19167
26919
31262
31337
27283
20207
11898
4392
-542
-1836
609
5913
12429
18164
21278
20554
15700
7437
-2674
-12616
-20403
-24568
-24521
-20685
-14389
-7524
-2072
389
-909
-5743
-12940
-20682
-26944
-30012
-28901
-23614
-15137
-5205
4124
10976
14118
13254
9094
3168
-2563
-6206
-6409
-2710
4345
13330
22284
29203
32523
31518
26468
18598
9767
2013
-2958
-4183
-1687
3537
9780
15042
17545
16181
10793
2227
-7874
-17470
-24618
-27954
-27021
-22379
-15456
-8195
-2560
-50
-1319
-6021
-12890
-20059
-25524
-27652
-25586
-19468
-10405
-207
9061
15581
18226
16835
12240
6052
256
-3294
-3343
448
7412
16038
24340
30351
32607
30517
24502
15900
6628
-1281
-6191
-7252
-4613
624
6688
11584
13600
11739
5977
-2722
-12641
-21726
-28091
-30481
-28575
-23070
-15491
-7822
-2000
557
-686
-5265
-11818
-18442
-23163
-24433
-21525
-14715
-5228
5062
14095
20118
22121
20074
14933
8387
2438
-1106
-1093
2697
9480
17668
25254
30322
31514
28376
21465
12227
2630
-5310
-10035
-10812
-7920
-2562
3431
8077
9733
7517
1535
-7136
-16717
-25150
-30613
-31970
-29041
-22652
-14422
-6368
-394
2172
915
-3578
-9865
-16008
-20067
-20587
-16970
-9629
105
10310
18933
24299
25520
22704
16925
9947
3780
177
195
3925
10471
18174
25023
29154
29320
25205
17506
7762
-2015
-9839
-14236
-14597
-11328
-5739
296
4806
6224
3786
-2275
-10781
-19890
-27559
-32038
-32313
-28344
-21090
-12254
-3877
2179
4685
3343
-1137
-7233
-12982
-16484
-16383
-12208
-4502
5304
15244
23289
27853
28173
24498
18015
10557
4139
452
445
4088
10379
17594
23718
26954
26170
21188
12834
2740
-7052
-14597
-18512
-18319
-14553
-8619
-2439
2037
3326
778
-5246
-13473
-22012
-28840
-32288
-31470
-26489
-18428
-9068
-463
5574
7917
6395
1830
-4170
-9629
-12694
-12107
-7529
373
10080
19589
26909
30548
29875
25279
18061
10113
3442
-322
-343
3225
9276
16031
21481
23899
22271
16557
7707
-2562
-12196
-19292
-22573
-21692
-17315
-10940
-4528
0
1244
-1325
-7229
-15097
-23003
-28950
-31363
-29482
-23555
-14780
-5012
3692
9583
11638
9819
5062
-952
-6235
-8987
-8051
-3217
4725
14175
23110
29583
32205
30483
24943
16992
8577
1694
-2105
-2097
1441
7304
13659
18515
20219
17876
11584
2412
-7855
-17151
-23634
-26137
-24449
-19365
-12475
-5767
-1130
123
-2414
-8143
-15609
-22857
-27927
-29337
-26462
-19689
-10329
-297
8355
13950
15581
13337
8272
2132
-3086
-5640
-4484
469
8316
17379
25626
31164
32715
29923
23452
14813
5996
-1027
-4786
-4672
-1088
4663
10707
15069
16181
13269
6562
-2757
-12844
-21633
-27351
-28952
-26362
-20502
-13049
-6015
-1247
39
-2444
-7985
-15045
-21648
-25878
-26355
-22588
-15101
-5311
4818
13254
18394
19456
16662
11176
4808
-446
-2907
-1636
3325
10965
19543
27022
31574
32037
28197
20851
11604
2482
-4575
-8186
-7865
-4136
1601
7437
11424
12074
8740
1782
-7516
-17254
-25384
-30212
-30812
-27255
-20585
-12558
-5200
-310
992
-1456
-6826
-13509
-19515
-22978
-22623
-18095
-10049
0
10049
18095
22623
22978
19515
13509
6826
1456
-992
310
5200
12558
20585
27255
30812
30212
25384
17254
7516
-1782
-8740
-12074
-11424
-7437
-1601
4136
7865
8186
4575
-2482
-11604
-20851
-28197
-32037
-31574
-27022
-19543
-10965
-3325
1636
2907
446
-4808
-11176
-16662
-19456
-18394
-13254
-4818
5311
15101
22588
26355
25878
21648
15045
7985
2444
-39
1247
6015
13049
20502
26362
28952
27351
21633
12844
2757
-6562
-13269
-16181
-15069
-10707
-4663
1088
4672
4786
1027
-5996
-14813
-23452
-29923
-32715
-31164
-25626
-17379
-8316
-469
4484
5640
3086
-2132
-8272
-13337
-15581
-13950
-8355
297
10329
19689
26462
29337
27927
22857
15609
8143
2414
-123
1130
5767
12475
19365
24449
26137
23634
17151
7855
-2412
-11584
-17876
-20219
-18515
-13659
-7304
-1441
2097
2105
-1694
-8577
-16992
-24943
-30483
-32205
-29583
-23110
-14175
-4725
3217
8051
8987
6235
952
-5062
-9819
-11638
-9583
-3692
5012
14780
23555
29482
31363
28950
23003
15097
7229
1325
-1244
0
4528
10940
17315
21692
22573
19292
12196
2562
-7707
-16557
-22271
-23899
-21481
-16031
-9276
-3225
343
322
-3442
-10113
-18061
-25279
-29875
-30548
-26909
-19589
-10080
-373
7529
12107
12694
9629
4170
-1830
-6395
-7917
-5574
463
9068
18428
26489
31470
32288
28840
22012
13473
5246
-778
-3326
-2037
2439
8619
14553
18319
18512
14597
7052
-2740
-12834
-21188
-26170
-26954
-23718
-17594
-10379
-4088
-445
-452
-4139
-10557
-18015
-24498
-28173
-27853
-23289
-15244
-5304
4502
12208
16383
16484
12982
7233
1137
-3343
-4685
-2179
3877
12254
21090
28344
32313
32038
27559
19890
10781
2275
-3786
-6224
-4806
-296
5739
11328
14597
14236
9839
2015
-7762
-17506
-25205
-29320
-29154
-25023
-18174
-10471
-3925
-195
-177
-3780
-9947
-16925
-22704
-25520
-24299
-18933
-10310
-105
9629
16970
20587
20067
16008
9865
3578
-915
-2172
394
6368
14422
22652
29041
31970
30613
25150
16717
7136
-1535
-7517
-9733
-8077
-3431
2562
7920
10812
10035
5310
-2630
-12227
-21465
-28376
-31514
-30322
-25254
-17668
-9480
-2697
1093
1106
-2438
-8387
-14933
-20074
-22121
-20118
-14095
-5062
5228
14715
21525
24433
23163
18442
11818
5265
686
-557
2000
7822
15491
23070
28575
30481
28091
21726
12641
2722
-5977
-11739
-13600
-11584
-6688
-624
4613
7252
6191
1281
-6628
-15900
-24502
-30517
-32607
-30351
-24340
-16038
-7412
-448
3343
3294
-256
-6052
-12240
-16835
-18226
-15581
-9061
207
10405
19468
25586
27652
25524
20059
12890
6021
1319
50
2560
8195
15456
22379
27021
27954
24618
17470
7874
-2227
-10793
-16181
-17545
-15042
-9780
-3537
1687
4183
2958
-2013
-9767
-18598
-26468
-31518
-32523
-29203
-22284
-13330
-4345
2710
6409
6206
2563
-3168
-9094
-13254
-14118
-10976
-4124
5205
15137
23614
28901
30012
26944
20682
12940
5743
909
-389
2072
7524
14389
20685
24521
24568
20403
12616
2674
-7437
-15700
-20554
-21278
-18164
-12429
-5913
-609
1836
542
-4392
-11898
-20207
-27283
-31337
-31262
-26919
-19167
-9658
-430
6596
10085
9615
5773
0
-5773
-9615
-10085
-6596
430
9658
19167
26919
31262
31337
27283
20207
11898
4392
-542
-1836
609
5913
12429
18164
21278
20554
15700
7437
-2674
-12616
-20403
-24568
-24521
-20685
-14389
-7524
-2072
389
-909
-5743
-12940
-20682
-26944
-30012
-28901
-23614
-15137
-5205
4124
10976
14118
13254
9094
3168
-2563
-6206
-6409
-2710
4345
13330
22284
29203
32523
31518
26468
18598
9767
2013
-2958
-4183
-1687
3537
9780
15042
17545
16181
10793
2227
-7874
-17470
-24618
-27954
-27021
-22379
-15456
-8195
-2560
-50
-1319
-6021
-12890
-20059
-25524
-27652
-25586
-19468
-10405
-207
9061
15581
18226
16835
12240
6052
256
-3294
-3343
448
7412
16038
24340
30351
32607
30517
24502
15900
6628
-1281
-6191
-7252
-4613
624
6688
11584
13600
11739
5977
-2722
-12641
-21726
-28091
-30481
-28575
-23070
-15491
-7822
-2000
557
-686
-5265
-11818
-18442
-23163
-24433
-21525
-14715
-5228
5062
14095
20118
22121
20074
14933
8387
2438
-1106
-1093
2697
9480
17668
25254
30322
31514
28376
21465
12227
2630
-5310
-10035
-10812
-7920
-2562
3431
8077
9733
7517
1535
-7136
-16717
-25150
-30613
-31970
-29041
-22652
-14422
-6368
-394
2172
915
-3578
-9865
-16008
-20067
-20587
-16970
-9629
105
10310
18933
24299
25520
22704
16925
9947
3780
177
195
3925
10471
18174
25023
29154
29320
25205
17506
7762
-2015
-9839
-14236
-14597
-11328
-5739
296
4806
6224
3786
-2275
-10781
-19890
-27559
-32038
-32313
-28344
-21090
-12254
-3877
2179
4685
3343
-1137
-7233
-12982
-16484
-16383
-12208
-4502
5304
15244
23289
27853
28173
24498
18015
10557
4139
452
445
4088
10379
17594
23718
26954
26170
21188
12834
2740
-7052
-14597
-18512
-18319
-14553
-8619
-2439
2037
3326
778
-5246
-13473
-22012
-28840
-32288
-31470
-26489
-18428
-9068
-463
5574
7917
6395
1830
-4170
-9629
-12694
-12107
-7529
373
10080
19589
26909
30548
29875
25279
18061
10113
3442
-322
-343
3225
9276
16031
21481
23899
22271
16557
7707
-2562
-12196
-19292
-22573
-21692
-17315
-10940
-4528
0
1244
-1325
-7229
-15097
-23003
-28950
-31363
-29482
-23555
-14780
-5012
3692
9583
11638
9819
5062
-952
-6235
-8987
-8051
-3217
4725
14175
23110
29583
32205
30483
24943
16992
8577
1694
-2105
-2097
1441
7304
13659
18515
20219
17876
11584
2412
-7855
-17151
-23634
-26137
-24449
-19365
-12475
-5767
-1130
123
-2414
-8143
-15609
-22857
-27927
-29337
-26462
-19689
-10329
-297
8355
13950
15581
13337
8272
2132
-3086
-5640
-4484
469
8316
17379
25626
31164
32715
29923
23452
14813
5996
-1027
-4786
-4672
-1088
4663
10707
15069
16181
13269
6562
-2757
-12844
-21633
-27351
-28952
-26362
-20502
-13049
-6015
-1247
39
-2444
-7985
-15045
-21648
-25878
-26355
-22588
-15101
-5311
4818
13254
18394
19456
16662
11176
4808
-446
-2907
-1636
3325
10965
19543
27022
31574
32037
28197
20851
11604
2482
-4575
-8186
-7865
-4136
1601
7437
11424
12074
8740
1782
-7516
-17254
-25384
-30212
-30812
-27255
-20585
-12558
-5200
-310
992
-1456
-6826
-13509
-19515
-22978
-22623
-18095
-10049
0
10049
18095
22623
22978
19515
13509
6826
1456
-992
310
5200
12558
20585
27255
30812
30212
25384
17254
7516
-1782
-8740
-12074
-11424
-7437
-1601
4136
7865
8186
4575
-2482
-11604
-20851
-28197
-32037
-31574
-27022
-19543
-10965
-3325
1636
2907
446
-4808
-11176
-16662
-19456
-18394
-13254
-4818
5311
15101
22588
26355
25878
21648
15045
7985
2444
-39
1247
6015
13049
20502
26362
28952
27351
21633
12844
2757
-6562
-13269
-16181
-15069
-10707
-4663
1088
4672
4786
1027
-5996
-14813
-23452
-29923
-32715
-31164
-25626
-17379
-8316
-469
4484
5640
3086
-2132
-8272
-13337
-15581
-13950
-8355
297
10329
19689
26462
29337
27927
22857
15609
8143
2414
-123
1130
5767
12475
19365
24449
26137
23634
17151
7855
-2412
-11584
-17876
-20219
-18515
-13659
-7304
-1441
2097
2105
-1694
-8577
-16992
-24943
-30483
-32205
-29583
-23110
-14175
-4725
3217
8051
8987
6235
952
-5062
-9819
-11638
-9583
-3692
5012
14780
23555
29482
31363
28950
23003
15097
7229
1325
-1244
0
4528
10940
17315
21692
22573
19292
12196
2562
-7707
-16557
-22271
-23899
-21481
-16031
-9276
-3225
343
322
-3442
-10113
-18061
-25279
-29875
-30548
-26909
-19589
-10080
-373
7529
12107
12694
9629
4170
-1830
-6395
-7917
-5574
463
9068
18428
26489
31470
32288
28840
22012
13473
5246
-778
-3326
-2037
2439
8619
14553
18319
18512
14597
7052
-2740
-12834
-21188
-26170
-26954
-23718
-17594
-10379
-4088
-445
-452
-4139
-10557
-18015
-24498
-28173
-27853
-23289
-15244
-5304
4502
12208
16383
16484
12982
7233
1137
-3343
-4685
-2179
3877
12254
21090
28344
32313
32038
27559
19890
10781
2275
-3786
-6224
-4806
-296
5739
11328
14597
14236
9839
2015
-7762
-17506
-25205
-29320
-29154
-25023
-18174
-10471
-3925
-195
-177
-3780
-9947
-16925
-22704
-25520
-24299
-18933
-10310
-105
9629
16970
20587
20067
16008
9865
3578
-915
-2172
394
6368
14422
22652
29041
31970
30613
25150
16717
7136
-1535
-7517
-9733
-8077
-3431
2562
7920
10812
10035
5310
-2630
-12227
-21465
-28376
-31514
-30322
-25254
-17668
-9480
-2697
1093
1106
-2438
-8387
-14933
-20074
-22121
-20118
-14095
-5062
5228
14715
21525
24433
23163
18442
11818
5265
686
-557
2000
7822
15491
23070
28575
30481
28091
21726
12641
2722
-5977
-11739
-13600
-11584
-6688
-624
4613
7252
6191
1281
-6628
-15900
-24502
-30517
-32607
-30351
-24340
-16038
-7412
-448
3343
3294
-256
-6052
-12240
-16835
-18226
-15581
-9061
207
10405
19468
25586
27652
25524
20059
12890
6021
1319
50
2560
8195
15456
22379
27021
27954
24618
17470
7874
-2227
-10793
-16181
-17545
-15042
-9780
-3537
1687
4183
2958
-2013
-9767
-18598
-26468
-31518
-32523
-29203
-22284
-13330
-4345
2710
6409
6206
2563
-3168
-9094
-13254
-14118
-10976
-4124
5205
15137
23614
28901
30012
26944
20682
12940
5743
909
-389
2072
7524
14389
20685
24521
24568
20403
12616
2674
-7437
-15700
-20554
-21278
-18164
-12429
-5913
-609
1836
542
-4392
-11898
-20207
-27283
-31337
-31262
-26919
-19167
-9658
-430
6596
10085
9615
5773
0
-5773
-9615
-10085
-6596
430
9658
19167
26919
31262
31337
27283
20207
11898
4392
-542
-1836
609
5913
12429
18164
21278
20554
15700
7437
-2674
-12616
-20403
-24568
-24521
-20685
-14389
-7524
-2072
389
-909
-5743
-12940
-20682
-26944
-30012
-28901
-23614
-15137
-5205
4124
10976
14118
13254
9094
3168
-2563
-6206
-6409
-2710
4345
13330
22284
29203
32523
31518
26468
18598
9767
2013
-2958
-4183
-1687
3537
9780
15042
17545
16181
10793
2227
-7874
-17470
-24618
-27954
-27021
-22379
-15456
-8195
-2560
-50
-1319
-6021
-12890
-20059
-25524
-27652
-25586
-19468
-10405
-207
9061
15581
18226
16835
12240
6052
256
-3294
-3343
448
7412
16038
24340
30351
32607
30517
24502
15900
6628
-1281
-6191
-7252
-4613
624
6688
11584
13600
11739
5977
-2722
-12641
-21726
-28091
-30481
-28575
-23070
-15491
-7822
-2000
557
-686
-5265
-11818
-18442
-23163
-24433
-21525
-14715
-5228
5062
14095
20118
22121
20074
14933
8387
2438
-1106
-1093
2697
9480
17668
25254
30322
31514
28376
21465
12227
2630
-5310
-10035
-10812
-7920
-2562
3431
8077
9733
7517
1535
-7136
-16717
-25150
-30613
-31970
-29041
-22652
-14422
-6368
-394
2172
915
-3578
-9865
-16008
-20067
-20587
-16970
-9629
105
10310
18933
24299
25520
22704
16925
9947
3780
177
195
3925
10471
18174
25023
29154
29320
25205
17506
7762
-2015
-9839
-14236
-14597
-11328
-5739
296
4806
6224
3786
-2275
-10781
-19890
-27559
-32038
-32313
-28344
-21090
-12254
-3877
2179
4685
3343
-1137
-7233
-12982
-16484
-16383
-12208
-4502
5304
15244
23289
27853
28173
24498
18015
10557
4139
452
445
4088
10379
17594
23718
26954
26170
21188
12834
2740
-7052
-14597
-18512
-18319
-14553
-8619
-2439
2037
3326
778
-5246
-13473
-22012
-28840
-32288
-31470
-26489
-18428
-9068
-463
5574
7917
6395
1830
-4170
-9629
-12694
-12107
-7529
373
10080
19589
26909
30548
29875
25279
18061
10113
3442
-322
-343
3225
9276
16031
21481
23899
22271
16557
7707
-2562
-12196
-19292
-22573
-21692
-17315
-10940
-4528
0
1244
-1325
-7229
-15097
-23003
-28950
-31363
-29482
-23555
-14780
-5012
3692
9583
11638
9819
5062
-952
-6235
-8987
-8051
-3217
4725
14175
23110
29583
32205
30483
24943
16992
8577
1694
-2105
-2097
1441
7304
13659
18515
20219
17876
11584
2412
-7855
-17151
-23634
-26137
-24449
-19365
-12475
-5767
-1130
123
-2414
-8143
-15609
-22857
-27927
-29337
-26462
-19689
-10329
-297
8355
13950
15581
13337
8272
2132
-3086
-5640
-4484
469
8316
17379
25626
31164
32715
29923
23452
14813
5996
-1027
-4786
-4672
-1088
4663
10707
15069
16181
13269
6562
-2757
-12844
-21633
-27351
-28952
-26362
-20502
-13049
-6015
-1247
39
-2444
-7985
-15045
-21648
-25878
-26355
-22588
-15101
-5311
4818
13254
18394
19456
16662
11176
4808
-446
-2907
-1636
3325
10965
19543
27022
31574
32037
28197
20851
11604
2482
-4575
-8186
-7865
-4136
1601
7437
11424
12074
8740
1782
-7516
-17254
-25384
-30212
-30812
-27255
-20585
-12558
-5200
-310
992
-1456
-6826
-13509
-19515
-22978
-22623
-18095
-10049
