17269
10860
2323
-6503
-13675
-17624
-17552
-13646
-7044
438
6748
10116
9502
4874
-2766
-11612
-19489
-24393
-24992
-20975
-13146
-3247
6453
13713
16874
15271
9419
894
-8039
-14981
-17991
-16075
-9452
484
11483
20977
26708
27284
22529
13547
2464
-8071
-15531
-18124
-15240
-7608
2863
13539
21694
25174
22923
15258
3804
-8879
-19903
-26744
-27847
-23008
-13430
-1444
10040
18230
21115
17953
9452
-2389
-14751
-24660
-29696
-28562
-21402
-9768
3740
16081
24488
27110
23450
14470
2370
-9933
-19489
-23995
-22337
-14836
-3174
10002
21698
29260
30980
26482
16796
4110
-8737
-18907
-24204
-23562
-17269
-6882
5141
16010
23227
25144
21317
12579
836
-11371
-21439
-27272
-27724
-22829
-13764
-2566
8328
16611
20598
19566
13876
4870
-5444
-14830
-21300
-23513
-21037
-14409
-4991
5321
14505
20812
23111
21086
15278
6950
-2178
-10279
-15767
-17601
-15467
-9822
-1797
7032
14943
20394
22308
20275
14624
6366
-2997
-11743
-18255
-21326
-20385
-15618
-7946
1143
9863
16470
19603
18552
13416
5102
-4831
-14468
-21899
-25605
-24765
-19436
-10561
202
10793
19159
23661
23411
18457
9790
-852
-11321
-19489
-23676
-22989
-17506
-8259
2970
14002
22701
27390
27185
22159
13316
2383
-8538
-17386
-22537
-23111
-19117
-11435
-1619
8414
16757
21866
22839
19557
12675
3479
-6373
-15156
-21389
-24077
-22861
-18059
-10579
-1745
6935
14023
18380
19340
16806
11247
3621
-4785
-12557
-18379
-21238
-20593
-16466
-9452
-634
8577
16669
22278
24419
22671
17266
9070
-547
-9934
-17446
-21735
-21998
-18136
-10784
-1216
8878
17691
23626
25585
23172
16768
7458
-3158
-13264
-21146
-25502
-25659
-21680
-14337
-4956
4831
13373
19282
21658
20214
15302
7819
-962
-9610
-16770
-21364
-22742
-20752
-15744
-8489
-60
8328
15489
20425
22454
21302
17139
10562
2517
-5819
-13200
-18490
-20833
-19793
-15444
-8376
370
9452
17427
22985
25167
23534
18256
10098
306
-9595
-18051
-23738
-25781
-23899
-18445
-10342
-916
8328
15950
20809
22233
20100
14836
7317
-1280
-9676
-16676
-21335
-23071
-21720
-17531
-11107
-3316
4831
12303
18167
21692
22436
20294
15522
8715
749
-7315
-14367
-19391
-21614
-20635
-16499
-9718
-1216
7793
15984
22118
25243
24846
20941
14071
5225
-4317
-13185
-20136
-24233
-24981
-22385
-16923
-9452
-1064
7079
13917
18615
20664
19908
16541
11055
4160
-3299
-10441
-16433
-20571
-22346
-21500
-18059
-12350
-4978
3219
11256
18121
22898
24907
23810
19683
13021
4692
-4186
-12397
-18810
-22546
-23111
-20461
-15010
-7549
873
9116
16108
20992
23227
22631
19380
13947
7025
-575
-8021
-14540
-19489
-22393
-22979
-21192
-17198
-11380
-4318
3252
10500
16581
20738
22403
21287
17441
11278
3530
-4831
-12726
-19119
-23164
-24330
-22475
-17858
-11093
-3053
5263
12871
18928
22826
24245
23158
19803
14624
8203
1193
-5740
-11965
-16925
-20162
-21356
-20348
-17173
-12078
-5526
1827
9185
15695
20553
23111
22980
20099
14756
7561
-632
-8844
-16108
-21593
-24718
-25209
-23119
-18786
-12774
-5772
1491
8328
14156
18525
21131
21815
20554
17456
12759
6829
157
-6661
-12962
-18074
-21393
-22467
-21073
-17269
-11407
-4108
3815
11459
17953
22575
24845
24580
21894
17166
10967
3970
-3141
-9741
-15316
-19489
-22014
-22770
-21741
-19008
-14749
-9242
-2876
3856
10372
16048
20279
22562
22571
20219
15695
9452
2160
-5382
-12349
-18005
-21791
-23390
-22743
-20034
-15633
-10027
-3752
2675
8791
14203
18591
21694
23307
23278
21529
18082
13090
6866
-124
-7279
-13920
-19371
-23050
-24552
-23716
-20646
-15704
-9452
-2566
4252
10371
15295
18702
20448
20539
19094
16300
12377
7562
2112
-3683
-9486
-14901
-19489
-22805
-24451
-24142
-21768
-17438
-11484
-4439
3027
10196
16398
21097
23949
24833
23833
21195
17269
12441
7082
1521
-3964
-9127
-13732
-17535
-20273
-21685
-21548
-19726
-16225
-11226
-5098
1631
8328
14339
19077
22108
23198
22340
19731
15719
10741
5241
-379
-5798
-10778
-15145
-18756
-21466
-23111
-23512
-22505
-19986
-15959
-10586
-4196
2727
9595
15790
20750
24052
25465
24976
22770
19180
14624
9523
4248
-917
-5776
-10197
-14077
-17297
-19700
-21088
-21249
-20007
-17276
-13115
-7755
-1596
4831
10938
16157
20031
22272
22793
21697
19237
15748
11578
7027
2319
-2403
-7049
-11537
-15747
-19489
-22499
-24467
-25085
-24121
-21478
-17245
-11701
-5294
1425
7882
13568
18106
21295
23105
23647
23111
21701
19579
16838
13498
9548
4992
-89
-5505
-10937
-15966
-20131
-23004
-24269
-23789
-21632
-18059
-13479
-8369
-3188
1692
6031
9732
12810
15333
17361
18889
19825
19992
19174
17181
13920
9452
4016
-1983
-8031
-13586
-18168
-21437
-23239
-23614
-22759
-20961
-18517
-15660
-12521
-9114
-5374
-1216
3394
8381
13521
18461
22755
25952
27680
27728
26088
22961
18716
13812
8707
3772
-764
-4831
-8490
-11867
-15078
-18157
-21005
-23396
-25007
-25498
-24600
-22191
-18354
-13373
-7699
-1865
3613
8328
12050
14744
16547
17693
18431
18934
19241
19243
18710
17367
14982
11457
6883
1553
-4073
-9452
-14062
-17506
-19582
-20313
-19919
-18745
-17163
-15467
-13805
-12147
-10313
-8037
-5073
-1287
3267
8328
13456
18116
21785
24065
24768
23951
21896
19028
15815
12647
9751
7146
4666
2023
-1077
-4831
-9250
-14115
-19011
-23395
-26721
-28561
-28704
-27204
-24367
-20675
-16664
-12802
-9378
-6445
-3833
-1216
1772
5409
9781
14721
19828
24540
28256
30482
30944
29657
26921
23245
19226
15398
12111
9452
7239
5094
2565
-728
-4965
-10045
-15584
-20986
-25578
-28767
-30179
-29755
-27760
-24720
-21282
-18059
-15470
-13644
-12393
-11282
-9753
-7294
-3603
1312
7104
13150
18690
23005
25590
26278
25276
23111
20490
18120
16519
15885
16045
16506
16589
15621
13129
8982
3453
-2828
-9013
-14239
-17836
-19489
-19316
-17833
-15814
-14091
-13329
-13846
-15527
-17844
-19995
-21112
-20496
-17815
-13207
-7266
-912
4831
9088
11343
11577
10263
8243
6510
5936
7044
9852
13860
18163
21681
23433
22803
19704
14624
8515
2563
-2101
-4690
-4961
-3277
-517
2150
3571
2915
-95
-5096
-11155
-16996
-21313
-23111
-21957
-18111
-12473
-6364
-1202
1858
2218
0
-3978
-8403
-11804
-12923
-11061
-6263
661
8328
15110
19547
20709
18446
13439
7038
933
-3268
-4451
-2288
2670
9109
15281
19436
20270
-17269
-10860
-2323
6503
13675
17624
17552
13646
7044
-438
-6748
-10116
-9502
-4874
2766
11612
19489
24393
24992
20975
13146
3247
-6453
-13713
-16874
-15271
-9419
-894
8039
14981
17991
16075
9452
-484
-11483
-20977
-26708
-27284
-22529
-13547
-2464
8071
15531
18124
15240
7608
-2863
-13539
-21694
-25174
-22923
-15258
-3804
8879
19903
26744
27847
23008
13430
1444
-10040
-18230
-21115
-17953
-9452
2389
14751
24660
29696
28562
21402
9768
-3740
-16081
-24488
-27110
-23450
-14470
-2370
9933
19489
23995
22337
14836
3174
-10002
-21698
-29260
-30980
-26482
-16796
-4110
8737
18907
24204
23562
17269
6882
-5141
-16010
-23227
-25144
-21317
-12579
-836
11371
21439
27272
27724
22829
13764
2566
-8328
-16611
-20598
-19566
-13876
-4870
5444
14830
21300
23513
21037
14409
4991
-5321
-14505
-20812
-23111
-21086
-15278
-6950
2178
10279
15767
17601
15467
9822
1797
-7032
-14943
-20394
-22308
-20275
-14624
-6366
2997
11743
18255
21326
20385
15618
7946
-1143
-9863
-16470
-19603
-18552
-13416
-5102
4831
14468
21899
25605
24765
19436
10561
-202
-10793
-19159
-23661
-23411
-18457
-9790
852
11321
19489
23676
22989
17506
8259
-2970
-14002
-22701
-27390
-27185
-22159
-13316
-2383
8538
17386
22537
23111
19117
11435
1619
-8414
-16757
-21866
-22839
-19557
-12675
-3479
6373
15156
21389
24077
22861
18059
10579
1745
-6935
-14023
-18380
-19340
-16806
-11247
-3621
4785
12557
18379
21238
20593
16466
9452
634
-8577
-16669
-22278
-24419
-22671
-17266
-9070
547
9934
17446
21735
21998
18136
10784
1216
-8878
-17691
-23626
-25585
-23172
-16768
-7458
3158
13264
21146
25502
25659
21680
14337
4956
-4831
-13373
-19282
-21658
-20214
-15302
-7819
962
9610
16770
21364
22742
20752
15744
8489
60
-8328
-15489
-20425
-22454
-21302
-17139
-10562
-2517
5819
13200
18490
20833
19793
15444
8376
-370
-9452
-17427
-22985
-25167
-23534
-18256
-10098
-306
9595
18051
23738
25781
23899
18445
10342
916
-8328
-15950
-20809
-22233
-20100
-14836
-7317
1280
9676
16676
21335
23071
21720
17531
11107
3316
-4831
-12303
-18167
-21692
-22436
-20294
-15522
-8715
-749
7315
14367
19391
21614
20635
16499
9718
1216
-7793
-15984
-22118
-25243
-24846
-20941
-14071
-5225
4317
13185
20136
24233
24981
22385
16923
9452
1064
-7079
-13917
-18615
-20664
-19908
-16541
-11055
-4160
3299
10441
16433
20571
22346
21500
18059
12350
4978
-3219
-11256
-18121
-22898
-24907
-23810
-19683
-13021
-4692
4186
12397
18810
22546
23111
20461
15010
7549
-873
-9116
-16108
-20992
-23227
-22631
-19380
-13947
-7025
575
8021
14540
19489
22393
22979
21192
17198
11380
4318
-3252
-10500
-16581
-20738
-22403
-21287
-17441
-11278
-3530
4831
12726
19119
23164
24330
22475
17858
11093
3053
-5263
-12871
-18928
-22826
-24245
-23158
-19803
-14624
-8203
-1193
5740
11965
16925
20162
21356
20348
17173
12078
5526
-1827
-9185
-15695
-20553
-23111
-22980
-20099
-14756
-7561
632
8844
16108
21593
24718
25209
23119
18786
12774
5772
-1491
-8328
-14156
-18525
-21131
-21815
-20554
-17456
-12759
-6829
-157
6661
12962
18074
21393
22467
21073
17269
11407
4108
-3815
-11459
-17953
-22575
-24845
-24580
-21894
-17166
-10967
-3970
3141
9741
15316
19489
22014
22770
21741
19008
14749
9242
2876
-3856
-10372
-16048
-20279
-22562
-22571
-20219
-15695
-9452
-2160
5382
12349
18005
21791
23390
22743
20034
15633
10027
3752
-2675
-8791
-14203
-18591
-21694
-23307
-23278
-21529
-18082
-13090
-6866
124
7279
13920
19371
23050
24552
23716
20646
15704
9452
2566
-4252
-10371
-15295
-18702
-20448
-20539
-19094
-16300
-12377
-7562
-2112
3683
9486
14901
19489
22805
24451
24142
21768
17438
11484
4439
-3027
-10196
-16398
-21097
-23949
-24833
-23833
-21195
-17269
-12441
-7082
-1521
3964
9127
13732
17535
20273
21685
21548
19726
16225
11226
5098
-1631
-8328
-14339
-19077
-22108
-23198
-22340
-19731
-15719
-10741
-5241
379
5798
10778
15145
18756
21466
23111
23512
22505
19986
15959
10586
4196
-2727
-9595
-15790
-20750
-24052
-25465
-24976
-22770
-19180
-14624
-9523
-4248
917
5776
10197
14077
17297
19700
21088
21249
20007
17276
13115
7755
1596
-4831
-10938
-16157
-20031
-22272
-22793
-21697
-19237
-15748
-11578
-7027
-2319
2403
7049
11537
15747
19489
22499
24467
25085
24121
21478
17245
11701
5294
-1425
-7882
-13568
-18106
-21295
-23105
-23647
-23111
-21701
-19579
-16838
-13498
-9548
-4992
89
5505
10937
15966
20131
23004
24269
23789
21632
18059
13479
8369
3188
-1692
-6031
-9732
-12810
-15333
-17361
-18889
-19825
-19992
-19174
-17181
-13920
-9452
-4016
1983
8031
13586
18168
21437
23239
23614
22759
20961
18517
15660
12521
9114
5374
1216
-3394
-8381
-13521
-18461
-22755
-25952
-27680
-27728
-26088
-22961
-18716
-13812
-8707
-3772
764
4831
8490
11867
15078
18157
21005
23396
25007
25498
24600
22191
18354
13373
7699
1865
-3613
-8328
-12050
-14744
-16547
-17693
-18431
-18934
-19241
-19243
-18710
-17367
-14982
-11457
-6883
-1553
4073
9452
14062
17506
19582
20313
19919
18745
17163
15467
13805
12147
10313
8037
5073
1287
-3267
-8328
-13456
-18116
-21785
-24065
-24768
-23951
-21896
-19028
-15815
-12647
-9751
-7146
-4666
-2023
1077
4831
9250
14115
19011
23395
26721
28561
28704
27204
24367
20675
16664
12802
9378
6445
3833
1216
-1772
-5409
-9781
-14721
-19828
-24540
-28256
-30482
-30944
-29657
-26921
-23245
-19226
-15398
-12111
-9452
-7239
-5094
-2565
728
4965
10045
15584
20986
25578
28767
30179
29755
27760
24720
21282
18059
15470
13644
12393
11282
9753
7294
3603
-1312
-7104
-13150
-18690
-23005
-25590
-26278
-25276
-23111
-20490
-18120
-16519
-15885
-16045
-16506
-16589
-15621
-13129
-8982
-3453
2828
9013
14239
17836
19489
19316
17833
15814
14091
13329
13846
15527
17844
19995
21112
20496
17815
13207
7266
912
-4831
-9088
-11343
-11577
-10263
-8243
-6510
-5936
-7044
-9852
-13860
-18163
-21681
-23433
-22803
-19704
-14624
-8515
-2563
2101
4690
4961
3277
517
-2150
-3571
-2915
95
5096
11155
16996
21313
23111
21957
18111
12473
6364
1202
-1858
-2218
0
3978
8403
11804
12923
11061
6263
-661
-8328
-15110
-19547
-20709
-18446
-13439
-7038
-933
3268
4451
2288
-2670
-9109
-15281
-19436
-20270
-17269
-10860
-2323
6503
13675
17624
17552
13646
7044
-438
-6748
-10116
-9502
-4874
2766
11612
19489
24393
24992
20975
13146
3247
-6453
-13713
-16874
-15271
-9419
-894
8039
14981
17991
16075
9452
-484
-11483
-20977
-26708
-27284
-22529
-13547
-2464
8071
15531
18124
15240
7608
-2863
-13539
-21694
-25174
-22923
-15258
-3804
8879
19903
26744
27847
23008
13430
1444
-10040
-18230
-21115
-17953
-9452
2389
14751
24660
29696
28562
21402
9768
-3740
-16081
-24488
-27110
-23450
-14470
-2370
9933
19489
23995
22337
14836
3174
-10002
-21698
-29260
-30980
-26482
-16796
-4110
8737
18907
24204
23562
17269
6882
-5141
-16010
-23227
-25144
-21317
-12579
-836
11371
21439
27272
27724
22829
13764
2566
-8328
-16611
-20598
-19566
-13876
-4870
5444
14830
21300
23513
21037
14409
4991
-5321
-14505
-20812
-23111
-21086
-15278
-6950
2178
10279
15767
17601
15467
9822
1797
-7032
-14943
-20394
-22308
-20275
-14624
-6366
2997
11743
18255
21326
20385
15618
7946
-1143
-9863
-16470
-19603
-18552
-13416
-5102
4831
14468
21899
25605
24765
19436
10561
-202
-10793
-19159
-23661
-23411
-18457
-9790
852
11321
19489
23676
22989
17506
8259
-2970
-14002
-22701
-27390
-27185
-22159
-13316
-2383
8538
17386
22537
23111
19117
11435
1619
-8414
-16757
-21866
-22839
-19557
-12675
-3479
6373
15156
21389
24077
22861
18059
10579
1745
-6935
-14023
-18380
-19340
-16806
-11247
-3621
4785
12557
18379
21238
20593
16466
9452
634
-8577
-16669
-22278
-24419
-22671
-17266
-9070
547
9934
17446
21735
21998
18136
10784
1216
-8878
-17691
-23626
-25585
-23172
-16768
-7458
3158
13264
21146
25502
25659
21680
14337
4956
-4831
-13373
-19282
-21658
-20214
-15302
-7819
962
9610
16770
21364
22742
20752
15744
8489
60
-8328
-15489
-20425
-22454
-21302
-17139
-10562
-2517
5819
13200
18490
20833
19793
15444
8376
-370
-9452
-17427
-22985
-25167
-23534
-18256
-10098
-306
9595
18051
23738
25781
23899
18445
10342
916
-8328
-15950
-20809
-22233
-20100
-14836
-7317
1280
9676
16676
21335
23071
21720
17531
11107
3316
-4831
-12303
-18167
-21692
-22436
-20294
-15522
-8715
-749
7315
14367
19391
21614
20635
16499
9718
1216
-7793
-15984
-22118
-25243
-24846
-20941
-14071
-5225
4317
13185
20136
24233
24981
22385
16923
9452
1064
-7079
-13917
-18615
-20664
-19908
-16541
-11055
-4160
3299
10441
16433
20571
22346
21500
18059
12350
4978
-3219
-11256
-18121
-22898
-24907
-23810
-19683
-13021
-4692
4186
12397
18810
22546
23111
20461
15010
7549
-873
-9116
-16108
-20992
-23227
-22631
-19380
-13947
-7025
575
8021
14540
19489
22393
22979
21192
17198
11380
4318
-3252
-10500
-16581
-20738
-22403
-21287
-17441
-11278
-3530
4831
12726
19119
23164
24330
22475
17858
11093
3053
-5263
-12871
-18928
-22826
-24245
-23158
-19803
-14624
-8203
-1193
5740
11965
16925
20162
21356
20348
17173
12078
5526
-1827
-9185
-15695
-20553
-23111
-22980
-20099
-14756
-7561
632
8844
16108
21593
24718
25209
23119
18786
12774
5772
-1491
-8328
-14156
-18525
-21131
-21815
-20554
-17456
-12759
-6829
-157
6661
12962
18074
21393
22467
21073
17269
11407
4108
-3815
-11459
-17953
-22575
-24845
-24580
-21894
-17166
-10967
-3970
3141
9741
15316
19489
22014
22770
21741
19008
14749
9242
2876
-3856
-10372
-16048
-20279
-22562
-22571
-20219
-15695
-9452
-2160
5382
12349
18005
21791
23390
22743
20034
15633
10027
3752
-2675
-8791
-14203
-18591
-21694
-23307
-23278
-21529
-18082
-13090
-6866
124
7279
13920
19371
23050
24552
23716
20646
15704
9452
2566
-4252
-10371
-15295
-18702
-20448
-20539
-19094
-16300
-12377
-7562
-2112
3683
9486
14901
19489
22805
24451
24142
21768
17438
11484
4439
-3027
-10196
-16398
-21097
-23949
-24833
-23833
-21195
-17269
-12441
-7082
-1521
3964
9127
13732
17535
20273
21685
21548
19726
16225
11226
5098
-1631
-8328
-14339
-19077
-22108
-23198
-22340
-19731
-15719
-10741
-5241
379
5798
10778
15145
18756
21466
23111
23512
22505
19986
15959
10586
4196
-2727
-9595
-15790
-20750
-24052
-25465
-24976
-22770
-19180
-14624
-9523
-4248
917
5776
10197
14077
17297
19700
21088
21249
20007
17276
13115
7755
1596
-4831
-10938
-16157
-20031
-22272
-22793
-21697
-19237
-15748
-11578
-7027
-2319
2403
7049
11537
15747
19489
22499
24467
25085
24121
21478
17245
11701
5294
-1425
-7882
-13568
-18106
-21295
-23105
-23647
-23111
-21701
-19579
-16838
-13498
-9548
-4992
89
5505
10937
15966
20131
23004
24269
23789
21632
18059
13479
8369
3188
-1692
-6031
-9732
-12810
-15333
-17361
-18889
-19825
-19992
-19174
-17181
-13920
-9452
-4016
1983
8031
13586
18168
21437
23239
23614
22759
20961
18517
15660
12521
9114
5374
1216
-3394
-8381
-13521
-18461
-22755
-25952
-27680
-27728
-26088
-22961
-18716
-13812
-8707
-3772
764
4831
8490
11867
15078
18157
21005
23396
25007
25498
24600
22191
18354
13373
7699
1865
-3613
-8328
-12050
-14744
-16547
-17693
-18431
-18934
-19241
-19243
-18710
-17367
-14982
-11457
-6883
-1553
4073
9452
14062
17506
19582
20313
19919
18745
17163
15467
13805
12147
10313
8037
5073
1287
-3267
-8328
-13456
-18116
-21785
-24065
-24768
-23951
-21896
-19028
-15815
-12647
-9751
-7146
-4666
-2023
1077
4831
9250
14115
19011
23395
26721
28561
28704
27204
24367
20675
16664
12802
9378
6445
3833
1216
-1772
-5409
-9781
-14721
-19828
-24540
-28256
-30482
-30944
-29657
-26921
-23245
-19226
-15398
-12111
-9452
-7239
-5094
-2565
728
4965
10045
15584
20986
25578
28767
30179
29755
27760
24720
21282
18059
15470
13644
12393
11282
9753
7294
3603
-1312
-7104
-13150
-18690
-23005
-25590
-26278
-25276
-23111
-20490
-18120
-16519
-15885
-16045
-16506
-16589
-15621
-13129
-8982
-3453
2828
9013
14239
17836
19489
19316
17833
15814
14091
13329
13846
15527
17844
19995
21112
20496
17815
13207
7266
912
-4831
-9088
-11343
-11577
-10263
-8243
-6510
-5936
-7044
-9852
-13860
-18163
-21681
-23433
-22803
-19704
-14624
-8515
-2563
2101
4690
4961
3277
517
-2150
-3571
-2915
95
5096
11155
16996
21313
23111
21957
18111
12473
6364
1202
-1858
-2218
0
3978
8403
11804
12923
11061
6263
-661
-8328
-15110
-19547
-20709
-18446
-13439
-7038
-933
3268
4451
2288
-2670
-9109
-15281
-19436
-20270
-17269
-10860
-2323
6503
13675
17624
17552
13646
7044
-438
-6748
-10116
-9502
-4874
2766
11612
19489
24393
24992
20975
13146
3247
-6453
-13713
-16874
-15271
-9419
-894
8039
14981
17991
16075
9452
-484
-11483
-20977
-26708
-27284
-22529
-13547
-2464
8071
15531
18124
15240
7608
-2863
-13539
-21694
-25174
-22923
-15258
-3804
8879
19903
26744
27847
23008
13430
1444
-10040
-18230
-21115
-17953
-9452
2389
14751
24660
29696
28562
21402
9768
-3740
-16081
-24488
-27110
-23450
-14470
-2370
9933
19489
23995
22337
14836
3174
-10002
-21698
-29260
-30980
-26482
-16796
-4110
8737
18907
24204
23562
17269
6882
-5141
-16010
-23227
-25144
-21317
-12579
-836
11371
21439
27272
27724
22829
13764
2566
-8328
-16611
-20598
-19566
-13876
-4870
5444
14830
21300
23513
21037
14409
4991
-5321
-14505
-20812
-23111
-21086
-15278
-6950
2178
10279
15767
17601
15467
9822
1797
-7032
-14943
-20394
-22308
-20275
-14624
-6366
2997
11743
18255
21326
20385
15618
7946
-1143
-9863
-16470
-19603
-18552
-13416
-5102
4831
14468
21899
25605
24765
19436
10561
-202
-10793
-19159
-23661
-23411
-18457
-9790
852
11321
19489
23676
22989
17506
8259
-2970
-14002
-22701
-27390
-27185
-22159
-13316
-2383
8538
17386
22537
23111
19117
11435
1619
-8414
-16757
-21866
-22839
-19557
-12675
-3479
6373
15156
21389
24077
22861
18059
10579
1745
-6935
-14023
-18380
-19340
-16806
-11247
-3621
4785
12557
18379
21238
20593
16466
9452
634
-8577
-16669
-22278
-24419
-22671
-17266
-9070
547
9934
17446
21735
21998
18136
10784
1216
-8878
-17691
-23626
-25585
-23172
-16768
-7458
3158
13264
21146
25502
25659
21680
14337
4956
-4831
-13373
-19282
-21658
-20214
-15302
-7819
962
9610
16770
21364
22742
20752
15744
8489
60
-8328
-15489
-20425
-22454
-21302
-17139
-10562
-2517
5819
13200
18490
20833
19793
15444
8376
-370
-9452
-17427
-22985
-25167
-23534
-18256
-10098
-306
9595
18051
23738
25781
23899
18445
10342
916
-8328
-15950
-20809
-22233
-20100
-14836
-7317
1280
9676
16676
21335
23071
21720
17531
11107
3316
-4831
-12303
-18167
-21692
-22436
-20294
-15522
-8715
-749
7315
14367
19391
21614
20635
16499
9718
1216
-7793
-15984
-22118
-25243
-24846
-20941
-14071
-5225
4317
13185
20136
24233
24981
22385
16923
9452
1064
-7079
-13917
-18615
-20664
-19908
-16541
-11055
-4160
3299
10441
16433
20571
22346
21500
18059
12350
4978
-3219
-11256
-18121
-22898
-24907
-23810
-19683
-13021
-4692
4186
12397
18810
22546
23111
20461
15010
7549
-873
-9116
-16108
-20992
-23227
-22631
-19380
-13947
-7025
575
8021
14540
19489
22393
22979
21192
17198
11380
4318
-3252
-10500
-16581
-20738
-22403
-21287
-17441
-11278
-3530
4831
12726
19119
23164
24330
22475
17858
11093
3053
-5263
-12871
-18928
-22826
-24245
-23158
-19803
-14624
-8203
-1193
5740
11965
16925
20162
21356
20348
17173
12078
5526
-1827
-9185
-15695
-20553
-23111
-22980
-20099
-14756
-7561
632
8844
16108
21593
24718
25209
23119
18786
12774
5772
-1491
-8328
-14156
-18525
-21131
-21815
-20554
-17456
-12759
-6829
-157
6661
12962
18074
21393
22467
21073
17269
11407
4108
-3815
-11459
-17953
-22575
-24845
-24580
-21894
-17166
-10967
-3970
3141
9741
15316
19489
22014
22770
21741
19008
14749
9242
2876
-3856
-10372
-16048
-20279
-22562
-22571
-20219
-15695
-9452
-2160
5382
12349
18005
21791
23390
22743
20034
15633
10027
3752
-2675
-8791
-14203
-18591
-21694
-23307
-23278
-21529
-18082
-13090
-6866
124
7279
13920
19371
23050
24552
23716
20646
15704
9452
2566
-4252
-10371
-15295
-18702
-20448
-20539
-19094
-16300
-12377
-7562
-2112
3683
9486
14901
19489
22805
24451
24142
21768
17438
11484
4439
-3027
-10196
-16398
-21097
-23949
-24833
-23833
-21195
-17269
-12441
-7082
-1521
3964
9127
13732
17535
20273
21685
21548
19726
16225
11226
5098
-1631
-8328
-14339
-19077
-22108
-23198
-22340
-19731
-15719
-10741
-5241
379
5798
10778
15145
18756
21466
23111
23512
22505
19986
15959
10586
4196
-2727
-9595
-15790
-20750
-24052
-25465
-24976
-22770
-19180
-14624
-9523
-4248
917
5776
10197
14077
17297
19700
21088
21249
20007
17276
13115
7755
1596
-4831
-10938
-16157
-20031
-22272
-22793
-21697
-19237
-15748
-11578
-7027
-2319
2403
7049
11537
15747
19489
22499
24467
25085
24121
21478
17245
11701
5294
-1425
-7882
-13568
-18106
-21295
-23105
-23647
-23111
-21701
-19579
-16838
-13498
-9548
-4992
89
5505
10937
15966
20131
23004
24269
23789
21632
18059
13479
8369
3188
-1692
-6031
-9732
-12810
-15333
-17361
-18889
-19825
-19992
-19174
-17181
-13920
-9452
-4016
1983
8031
13586
18168
21437
23239
23614
22759
20961
18517
15660
12521
9114
5374
1216
-3394
-8381
-13521
-18461
-22755
-25952
-27680
-27728
-26088
-22961
-18716
-13812
-8707
-3772
764
4831
8490
11867
15078
18157
21005
23396
25007
25498
24600
22191
18354
13373
7699
1865
-3613
-8328
-12050
-14744
-16547
-17693
-18431
-18934
-19241
-19243
-18710
-17367
-14982
-11457
-6883
-1553
4073
9452
14062
17506
19582
20313
19919
18745
17163
15467
13805
12147
10313
8037
5073
1287
-3267
-8328
-13456
-18116
-21785
-24065
-24768
-23951
-21896
-19028
-15815
-12647
-9751
-7146
-4666
-2023
1077
4831
9250
14115
19011
23395
26721
28561
28704
27204
24367
20675
16664
12802
9378
6445
3833
1216
-1772
-5409
-9781
-14721
-19828
-24540
-28256
-30482
-30944
-29657
-26921
-23245
-19226
-15398
-12111
-9452
-7239
-5094
-2565
728
4965
10045
15584
20986
25578
28767
30179
29755
27760
24720
21282
18059
15470
13644
12393
11282
9753
7294
3603
-1312
-7104
-13150
-18690
-23005
-25590
-26278
-25276
-23111
-20490
-18120
-16519
-15885
-16045
-16506
-16589
-15621
-13129
-8982
-3453
2828
9013
14239
17836
19489
19316
17833
15814
14091
13329
13846
15527
17844
19995
21112
20496
17815
13207
7266
912
-4831
-9088
-11343
-11577
-10263
-8243
-6510
-5936
-7044
-9852
-13860
-18163
-21681
-23433
-22803
-19704
-14624
-8515
-2563
2101
4690
4961
3277
517
-2150
-3571
-2915
95
5096
11155
16996
21313
23111
21957
18111
12473
6364
1202
-1858
-2218
0
3978
8403
11804
12923
11061
6263
-661
-8328
-15110
-19547
-20709
-18446
-13439
-7038
-933
3268
4451
2288
-2670
-9109
-15281
-19436
-20270
-17269
-10860
-2323
6503
13675
17624
17552
13646
7044
-438
-6748
-10116
-9502
-4874
2766
11612
19489
24393
24992
20975
13146
3247
-6453
-13713
-16874
-15271
-9419
-894
8039
14981
17991
16075
9452
-484
-11483
-20977
-26708
-27284
-22529
-13547
-2464
8071
15531
18124
15240
7608
-2863
-13539
-21694
-25174
-22923
-15258
-3804
8879
19903
26744
27847
23008
13430
1444
-10040
-18230
-21115
-17953
-9452
2389
14751
24660
29696
28562
21402
9768
-3740
-16081
-24488
-27110
-23450
-14470
-2370
9933
19489
23995
22337
14836
3174
-10002
-21698
-29260
-30980
-26482
-16796
-4110
8737
18907
24204
23562
17269
6882
-5141
-16010
-23227
-25144
-21317
-12579
-836
11371
21439
27272
27724
22829
13764
2566
-8328
-16611
-20598
-19566
-13876
-4870
5444
14830
21300
23513
21037
14409
4991
-5321
-14505
-20812
-23111
-21086
-15278
-6950
2178
10279
15767
17601
15467
9822
1797
-7032
-14943
-20394
-22308
-20275
-14624
-6366
2997
11743
18255
21326
20385
15618
7946
-1143
-9863
-16470
-19603
-18552
-13416
-5102
4831
14468
21899
25605
24765
19436
10561
-202
-10793
-19159
-23661
-23411
-18457
-9790
852
11321
19489
23676
22989
17506
8259
-2970
-14002
-22701
-27390
-27185
-22159
-13316
-2383
8538
17386
22537
23111
19117
11435
1619
-8414
-16757
-21866
-22839
-19557
-12675
-3479
6373
15156
21389
24077
22861
18059
10579
1745
-6935
-14023
-18380
-19340
-16806
-11247
-3621
4785
12557
18379
21238
20593
16466
9452
634
-8577
-16669
-22278
-24419
-22671
-17266
-9070
547
9934
17446
21735
21998
18136
10784
1216
-8878
-17691
-23626
-25585
-23172
-16768
-7458
3158
13264
21146
25502
25659
21680
14337
4956
-4831
-13373
-19282
-21658
-20214
-15302
-7819
962
9610
16770
21364
22742
20752
15744
8489
60
-8328
-15489
-20425
-22454
-21302
-17139
-10562
-2517
5819
13200
18490
20833
19793
15444
8376
-370
-9452
-17427
-22985
-25167
-23534
-18256
-10098
-306
9595
18051
23738
25781
23899
18445
10342
916
-8328
-15950
-20809
-22233
-20100
-14836
-7317
1280
9676
16676
21335
23071
21720
17531
11107
3316
-4831
-12303
-18167
-21692
-22436
-20294
-15522
-8715
-749
7315
14367
19391
21614
20635
16499
9718
1216
-7793
-15984
-22118
-25243
-24846
-20941
-14071
-5225
4317
13185
20136
24233
24981
22385
16923
9452
1064
-7079
-13917
-18615
-20664
-19908
-16541
-11055
-4160
3299
10441
16433
20571
22346
21500
18059
12350
4978
-3219
-11256
-18121
-22898
-24907
-23810
-19683
-13021
-4692
4186
12397
18810
22546
23111
20461
15010
7549
-873
-9116
-16108
-20992
-23227
-22631
-19380
-13947
-7025
575
8021
14540
19489
22393
22979
21192
17198
11380
4318
-3252
-10500
-16581
-20738
-22403
-21287
-17441
-11278
-3530
4831
12726
19119
23164
24330
22475
17858
11093
3053
-5263
-12871
-18928
-22826
-24245
-23158
-19803
-14624
-8203
-1193
5740
11965
16925
20162
21356
20348
17173
12078
5526
-1827
-9185
-15695
-20553
-23111
-22980
-20099
-14756
-7561
632
8844
16108
21593
24718
25209
23119
18786
12774
5772
-1491
-8328
-14156
-18525
-21131
-21815
-20554
-17456
-12759
-6829
-157
6661
12962
18074
21393
22467
21073
17269
11407
4108
-3815
-11459
-17953
-22575
-24845
-24580
-21894
-17166
-10967
-3970
3141
9741
15316
19489
22014
22770
21741
19008
14749
9242
2876
-3856
-10372
-16048
-20279
-22562
-22571
-20219
-15695
-9452
-2160
5382
12349
18005
21791
23390
22743
20034
15633
10027
3752
-2675
-8791
-14203
-18591
-21694
-23307
-23278
-21529
-18082
-13090
-6866
124
7279
13920
19371
23050
24552
23716
20646
15704
9452
2566
-4252
-10371
-15295
-18702
-20448
-20539
-19094
-16300
-12377
-7562
-2112
3683
9486
14901
19489
22805
24451
24142
21768
17438
11484
4439
-3027
-10196
-16398
-21097
-23949
-24833
-23833
-21195
-17269
-12441
-7082
-1521
3964
9127
13732
17535
20273
21685
21548
19726
16225
11226
5098
-1631
-8328
-14339
-19077
-22108
-23198
-22340
-19731
-15719
-10741
-5241
379
5798
10778
15145
18756
21466
23111
23512
22505
19986
15959
10586
4196
-2727
-9595
-15790
-20750
-24052
-25465
-24976
-22770
-19180
-14624
-9523
-4248
917
5776
10197
14077
17297
19700
21088
21249
20007
17276
13115
7755
1596
-4831
-10938
-16157
-20031
-22272
-22793
-21697
-19237
-15748
-11578
-7027
-2319
2403
7049
11537
15747
19489
22499
24467
25085
24121
21478
17245
11701
5294
-1425
-7882
-13568
-18106
-21295
-23105
-23647
-23111
-21701
-19579
-16838
-13498
-9548
-4992
89
5505
10937
15966
20131
23004
24269
23789
21632
18059
13479
8369
3188
-1692
-6031
-9732
-12810
-15333
-17361
-18889
-19825
-19992
-19174
-17181
-13920
-9452
-4016
1983
8031
13586
18168
21437
23239
23614
22759
20961
18517
15660
12521
9114
5374
1216
-3394
-8381
-13521
-18461
-22755
-25952
-27680
-27728
-26088
-22961
-18716
-13812
-8707
-3772
764
4831
8490
11867
15078
18157
21005
23396
25007
25498
24600
22191
18354
13373
7699
1865
-3613
-8328
-12050
-14744
-16547
-17693
-18431
-18934
-19241
-19243
-18710
-17367
-14982
-11457
-6883
-1553
4073
9452
14062
17506
19582
20313
19919
18745
17163
15467
13805
12147
10313
8037
5073
1287
-3267
-8328
-13456
-18116
-21785
-24065
-24768
-23951
-21896
-19028
-15815
-12647
-9751
-7146
-4666
-2023
1077
4831
9250
14115
19011
23395
26721
28561
28704
27204
24367
20675
16664
12802
9378
6445
3833
1216
-1772
-5409
-9781
-14721
-19828
-24540
-28256
-30482
-30944
-29657
-26921
-23245
-19226
-15398
-12111
-9452
-7239
-5094
-2565
728
4965
10045
15584
20986
25578
28767
30179
29755
27760
24720
21282
18059
15470
13644
12393
11282
9753
7294
3603
-1312
-7104
-13150
-18690
-23005
-25590
-26278
-25276
-23111
-20490
-18120
-16519
-15885
-16045
-16506
-16589
-15621
-13129
-8982
-3453
2828
9013
14239
17836
19489
19316
17833
15814
14091
13329
13846
15527
17844
19995
21112
20496
17815
13207
7266
912
-4831
-9088
-11343
-11577
-10263
-8243
-6510
-5936
-7044
-9852
-13860
-18163
-21681
-23433
-22803
-19704
-14624
-8515
-2563
2101
4690
4961
3277
517
-2150
-3571
-2915
95
5096
11155
16996
21313
23111
21957
18111
12473
6364
1202
-1858
-2218
0
3978
8403
11804
12923
11061
6263
-661
-8328
-15110
-19547
-20709
-18446
-13439
-7038
-933
3268
4451
2288
-2670
-9109
-15281
-19436
-20270
-17269
-10860
-2323
6503
13675
17624
17552
13646
7044
-438
-6748
-10116
-9502
-4874
2766
11612
19489
24393
24992
20975
13146
3247
-6453
-13713
-16874
-15271
-9419
-894
8039
14981
17991
16075
9452
-484
-11483
-20977
-26708
-27284
-22529
-13547
-2464
8071
15531
18124
15240
7608
-2863
-13539
-21694
-25174
-22923
-15258
-3804
8879
19903
26744
27847
23008
13430
1444
-10040
-18230
-21115
-17953
-9452
2389
14751
24660
29696
28562
21402
9768
-3740
-16081
-24488
-27110
-23450
-14470
-2370
9933
19489
23995
22337
14836
3174
-10002
-21698
-29260
-30980
-26482
-16796
-4110
8737
18907
24204
23562
17269
6882
-5141
-16010
-23227
-25144
-21317
-12579
-836
11371
21439
27272
27724
22829
13764
2566
-8328
-16611
-20598
-19566
-13876
-4870
5444
14830
21300
23513
21037
14409
4991
-5321
-14505
-20812
-23111
-21086
-15278
-6950
2178
10279
15767
17601
15467
9822
1797
-7032
-14943
-20394
-22308
-20275
-14624
-6366
2997
11743
18255
21326
20385
15618
7946
-1143
-9863
-16470
-19603
-18552
-13416
-5102
4831
14468
21899
25605
24765
19436
10561
-202
-10793
-19159
-23661
-23411
-18457
-9790
852
11321
19489
23676
22989
17506
8259
-2970
-14002
-22701
-27390
-27185
-22159
-13316
-2383
8538
17386
22537
23111
19117
11435
1619
-8414
-16757
-21866
-22839
-19557
-12675
-3479
6373
15156
21389
24077
22861
18059
10579
1745
-6935
-14023
-18380
-19340
-16806
-11247
-3621
4785
12557
18379
21238
20593
16466
9452
634
-8577
-16669
-22278
-24419
-22671
-17266
-9070
547
9934
17446
21735
21998
18136
10784
1216
-8878
-17691
-23626
-25585
-23172
-16768
-7458
3158
13264
21146
25502
25659
21680
14337
4956
-4831
-13373
-19282
-21658
-20214
-15302
-7819
962
9610
16770
21364
22742
20752
15744
8489
60
-8328
-15489
-20425
-22454
-21302
-17139
-10562
-2517
5819
13200
18490
20833
19793
15444
8376
-370
-9452
-17427
-22985
-25167
-23534
-18256
-10098
-306
9595
18051
23738
25781
23899
18445
10342
916
-8328
-15950
-20809
-22233
-20100
-14836
-7317
1280
9676
16676
21335
23071
21720
17531
11107
3316
-4831
-12303
-18167
-21692
-22436
-20294
-15522
-8715
-749
7315
14367
19391
21614
20635
16499
9718
1216
-7793
-15984
-22118
-25243
-24846
-20941
-14071
-5225
4317
13185
20136
24233
24981
22385
16923
9452
1064
-7079
-13917
-18615
-20664
-19908
-16541
-11055
-4160
3299
10441
16433
20571
22346
21500
18059
12350
4978
-3219
-11256
-18121
-22898
-24907
-23810
-19683
-13021
-4692
4186
12397
18810
22546
23111
20461
15010
7549
-873
-9116
-16108
-20992
-23227
-22631
-19380
-13947
-7025
575
8021
14540
19489
22393
22979
21192
17198
11380
4318
-3252
-10500
-16581
-20738
-22403
-21287
-17441
-11278
-3530
4831
12726
19119
23164
24330
22475
17858
11093
3053
-5263
-12871
-18928
-22826
-24245
-23158
-19803
-14624
-8203
-1193
5740
11965
16925
20162
21356
20348
17173
12078
5526
-1827
-9185
-15695
-20553
-23111
-22980
-20099
-14756
-7561
632
8844
16108
21593
24718
25209
23119
18786
12774
5772
-1491
-8328
-14156
-18525
-21131
-21815
-20554
-17456
-12759
-6829
-157
6661
12962
18074
21393
22467
21073
17269
11407
4108
-3815
-11459
-17953
-22575
-24845
-24580
-21894
-17166
-10967
-3970
3141
9741
15316
19489
22014
22770
21741
19008
14749
9242
2876
-3856
-10372
-16048
-20279
-22562
-22571
-20219
-15695
-9452
-2160
5382
12349
18005
21791
23390
22743
20034
15633
10027
3752
-2675
-8791
-14203
-18591
-21694
-23307
-23278
-21529
-18082
-13090
-6866
124
7279
13920
19371
23050
24552
23716
20646
15704
9452
2566
-4252
-10371
-15295
-18702
-20448
-20539
-19094
-16300
-12377
-7562
-2112
3683
9486
14901
19489
22805
24451
24142
21768
17438
11484
4439
-3027
-10196
-16398
-21097
-23949
-24833
-23833
-21195
-17269
-12441
-7082
-1521
3964
9127
13732
17535
20273
21685
21548
19726
16225
11226
5098
-1631
-8328
-14339
-19077
-22108
-23198
-22340
-19731
-15719
-10741
-5241
379
5798
10778
15145
18756
21466
23111
23512
22505
19986
15959
10586
4196
-2727
-9595
-15790
-20750
-24052
-25465
-24976
-22770
-19180
-14624
-9523
-4248
917
5776
10197
14077
17297
19700
21088
21249
20007
17276
13115
7755
1596
-4831
-10938
-16157
-20031
-22272
-22793
-21697
-19237
-15748
-11578
-7027
-2319
2403
7049
11537
15747
19489
22499
24467
25085
24121
21478
17245
11701
5294
-1425
-7882
-13568
-18106
-21295
-23105
-23647
-23111
-21701
-19579
-16838
-13498
-9548
-4992
89
5505
10937
15966
20131
23004
24269
23789
21632
18059
13479
8369
3188
-1692
-6031
-9732
-12810
-15333
-17361
-18889
-19825
-19992
-19174
-17181
-13920
-9452
-4016
1983
8031
13586
18168
21437
23239
23614
22759
20961
18517
15660
12521
9114
5374
1216
-3394
-8381
-13521
-18461
-22755
-25952
-27680
-27728
-26088
-22961
-18716
-13812
-8707
-3772
764
4831
8490
11867
15078
18157
21005
23396
25007
25498
24600
22191
18354
13373
7699
1865
-3613
-8328
-12050
-14744
-16547
-17693
-18431
-18934
-19241
-19243
-18710
-17367
-14982
-11457
-6883
-1553
4073
9452
14062
17506
19582
20313
19919
18745
17163
15467
13805
12147
10313
8037
5073
1287
-3267
-8328
-13456
-18116
-21785
-24065
-24768
-23951
-21896
-19028
-15815
-12647
-9751
-7146
-4666
-2023
1077
4831
9250
14115
19011
23395
26721
28561
28704
27204
24367
20675
16664
12802
9378
6445
3833
1216
-1772
-5409
-9781
-14721
-19828
-24540
-28256
-30482
-30944
-29657
-26921
-23245
-19226
-15398
-12111
-9452
-7239
-5094
-2565
728
4965
10045
15584
20986
25578
28767
30179
29755
27760
24720
21282
18059
15470
13644
12393
11282
9753
7294
3603
-1312
-7104
-13150
-18690
-23005
-25590
-26278
-25276
-23111
-20490
-18120
-16519
-15885
-16045
-16506
-16589
-15621
-13129
-8982
-3453
2828
9013
14239
17836
19489
19316
17833
15814
14091
13329
13846
15527
17844
19995
21112
20496
17815
13207
7266
912
-4831
-9088
-11343
-11577
-10263
-8243
-6510
-5936
-7044
-9852
-13860
-18163
-21681
-23433
-22803
-19704
-14624
-8515
-2563
2101
4690
4961
3277
517
-2150
-3571
-2915
95
5096
11155
16996
21313
23111
21957
18111
12473
6364
1202
-1858
-2218
0
3978
8403
11804
12923
11061
6263
-661
-8328
-15110
-19547
-20709
-18446
-13439
-7038
-933
3268
4451
2288
-2670
-9109
-15281
-19436
-20270
17269
10860
2323
-6503
-13675
-17624
-17552
-13646
-7044
438
6748
10116
9502
4874
-2766
-11612
-19489
-24393
-24992
-20975
-13146
-3247
6453
13713
16874
15271
9419
894
-8039
-14981
-17991
-16075
-9452
484
11483
20977
26708
27284
22529
13547
2464
-8071
-15531
-18124
-15240
-7608
2863
13539
21694
25174
22923
15258
3804
-8879
-19903
-26744
-27847
-23008
-13430
-1444
10040
18230
21115
17953
9452
-2389
-14751
-24660
-29696
-28562
-21402
-9768
3740
16081
24488
27110
23450
14470
2370
-9933
-19489
-23995
-22337
-14836
-3174
10002
21698
29260
30980
26482
16796
4110
-8737
-18907
-24204
-23562
-17269
-6882
5141
16010
23227
25144
21317
12579
836
-11371
-21439
-27272
-27724
-22829
-13764
-2566
8328
16611
20598
19566
13876
4870
-5444
-14830
-21300
-23513
-21037
-14409
-4991
5321
14505
20812
23111
21086
15278
6950
-2178
-10279
-15767
-17601
-15467
-9822
-1797
7032
14943
20394
22308
20275
14624
6366
-2997
-11743
-18255
-21326
-20385
-15618
-7946
1143
9863
16470
19603
18552
13416
5102
-4831
-14468
-21899
-25605
-24765
-19436
-10561
202
10793
19159
23661
23411
18457
9790
-852
-11321
-19489
-23676
-22989
-17506
-8259
2970
14002
22701
27390
27185
22159
13316
2383
-8538
-17386
-22537
-23111
-19117
-11435
-1619
8414
16757
21866
22839
19557
12675
3479
-6373
-15156
-21389
-24077
-22861
-18059
-10579
-1745
6935
14023
18380
19340
16806
11247
3621
-4785
-12557
-18379
-21238
-20593
-16466
-9452
-634
8577
16669
22278
24419
22671
17266
9070
-547
-9934
-17446
-21735
-21998
-18136
-10784
-1216
8878
17691
23626
25585
23172
16768
7458
-3158
-13264
-21146
-25502
-25659
-21680
-14337
-4956
4831
13373
19282
21658
20214
15302
7819
-962
-9610
-16770
-21364
-22742
-20752
-15744
-8489
-60
8328
15489
20425
22454
21302
17139
10562
2517
-5819
-13200
-18490
-20833
-19793
-15444
-8376
370
9452
17427
22985
25167
23534
18256
10098
306
-9595
-18051
-23738
-25781
-23899
-18445
-10342
-916
8328
15950
20809
22233
20100
14836
7317
-1280
-9676
-16676
-21335
-23071
-21720
-17531
-11107
-3316
4831
12303
18167
21692
22436
20294
15522
8715
749
-7315
-14367
-19391
-21614
-20635
-16499
-9718
-1216
7793
15984
22118
25243
24846
20941
14071
5225
-4317
-13185
-20136
-24233
-24981
-22385
-16923
-9452
-1064
7079
13917
18615
20664
19908
16541
11055
4160
-3299
-10441
-16433
-20571
-22346
-21500
-18059
-12350
-4978
3219
11256
18121
22898
24907
23810
19683
13021
4692
-4186
-12397
-18810
-22546
-23111
-20461
-15010
-7549
873
9116
16108
20992
23227
22631
19380
13947
7025
-575
-8021
-14540
-19489
-22393
-22979
-21192
-17198
-11380
-4318
3252
10500
16581
20738
22403
21287
17441
11278
3530
-4831
-12726
-19119
-23164
-24330
-22475
-17858
-11093
-3053
5263
12871
18928
22826
24245
23158
19803
14624
8203
1193
-5740
-11965
-16925
-20162
-21356
-20348
-17173
-12078
-5526
1827
9185
15695
20553
23111
22980
20099
14756
7561
-632
-8844
-16108
-21593
-24718
-25209
-23119
-18786
-12774
-5772
1491
8328
14156
18525
21131
21815
20554
17456
12759
6829
157
-6661
-12962
-18074
-21393
-22467
-21073
-17269
-11407
-4108
3815
11459
17953
22575
24845
24580
21894
17166
10967
3970
-3141
-9741
-15316
-19489
-22014
-22770
-21741
-19008
-14749
-9242
-2876
3856
10372
16048
20279
22562
22571
20219
15695
9452
2160
-5382
-12349
-18005
-21791
-23390
-22743
-20034
-15633
-10027
-3752
2675
8791
14203
18591
21694
23307
23278
21529
18082
13090
6866
-124
-7279
-13920
-19371
-23050
-24552
-23716
-20646
-15704
-9452
-2566
4252
10371
15295
18702
20448
20539
19094
16300
12377
7562
2112
-3683
-9486
-14901
-19489
-22805
-24451
-24142
-21768
-17438
-11484
-4439
3027
10196
16398
21097
23949
24833
23833
21195
17269
12441
7082
1521
-3964
-9127
-13732
-17535
-20273
-21685
-21548
-19726
-16225
-11226
-5098
1631
8328
14339
19077
22108
23198
22340
19731
15719
10741
5241
-379
-5798
-10778
-15145
-18756
-21466
-23111
-23512
-22505
-19986
-15959
-10586
-4196
2727
9595
15790
20750
24052
25465
24976
22770
19180
14624
9523
4248
-917
-5776
-10197
-14077
-17297
-19700
-21088
-21249
-20007
-17276
-13115
-7755
-1596
4831
10938
16157
20031
22272
22793
21697
19237
15748
11578
7027
2319
-2403
-7049
-11537
-15747
-19489
-22499
-24467
-25085
-24121
-21478
-17245
-11701
-5294
1425
7882
13568
18106
21295
23105
23647
23111
21701
19579
16838
13498
9548
4992
-89
-5505
-10937
-15966
-20131
-23004
-24269
-23789
-21632
-18059
-13479
-8369
-3188
1692
6031
9732
12810
15333
17361
18889
19825
19992
19174
17181
13920
9452
4016
-1983
-8031
-13586
-18168
-21437
-23239
-23614
-22759
-20961
-18517
-15660
-12521
-9114
-5374
-1216
3394
8381
13521
18461
22755
25952
27680
27728
26088
22961
18716
13812
8707
3772
-764
-4831
-8490
-11867
-15078
-18157
-21005
-23396
-25007
-25498
-24600
-22191
-18354
-13373
-7699
-1865
3613
8328
12050
14744
16547
17693
18431
18934
19241
19243
18710
17367
14982
11457
6883
1553
-4073
-9452
-14062
-17506
-19582
-20313
-19919
-18745
-17163
-15467
-13805
-12147
-10313
-8037
-5073
-1287
3267
8328
13456
18116
21785
24065
24768
23951
21896
19028
15815
12647
9751
7146
4666
2023
-1077
-4831
-9250
-14115
-19011
-23395
-26721
-28561
-28704
-27204
-24367
-20675
-16664
-12802
-9378
-6445
-3833
-1216
1772
5409
9781
14721
19828
24540
28256
30482
30944
29657
26921
23245
19226
15398
12111
9452
7239
5094
2565
-728
-4965
-10045
-15584
-20986
-25578
-28767
-30179
-29755
-27760
-24720
-21282
-18059
-15470
-13644
-12393
-11282
-9753
-7294
-3603
1312
7104
13150
18690
23005
25590
26278
25276
23111
20490
18120
16519
15885
16045
16506
16589
15621
13129
8982
3453
-2828
-9013
-14239
-17836
-19489
-19316
-17833
-15814
-14091
-13329
-13846
-15527
-17844
-19995
-21112
-20496
-17815
-13207
-7266
-912
4831
9088
11343
11577
10263
8243
6510
5936
7044
9852
13860
18163
21681
23433
22803
19704
14624
8515
2563
-2101
-4690
-4961
-3277
-517
2150
3571
2915
-95
-5096
-11155
-16996
-21313
-23111
-21957
-18111
-12473
-6364
-1202
1858
2218
0
-3978
-8403
-11804
-12923
-11061
-6263
661
8328
15110
19547
20709
18446
13439
7038
933
-3268
-4451
-2288
2670
9109
15281
19436
20270
-17269
-10860
-2323
6503
13675
17624
17552
13646
7044
-438
-6748
-10116
-9502
-4874
2766
11612
19489
24393
24992
20975
13146
3247
-6453
-13713
-16874
-15271
-9419
-894
8039
14981
17991
16075
9452
-484
-11483
-20977
-26708
-27284
-22529
-13547
-2464
8071
15531
18124
15240
7608
-2863
-13539
-21694
-25174
-22923
-15258
-3804
8879
19903
26744
27847
23008
13430
1444
-10040
-18230
-21115
-17953
-9452
2389
14751
24660
29696
28562
21402
9768
-3740
-16081
-24488
-27110
-23450
-14470
-2370
9933
19489
23995
22337
14836
3174
-10002
-21698
-29260
-30980
-26482
-16796
-4110
8737
18907
24204
23562
17269
6882
-5141
-16010
-23227
-25144
-21317
-12579
-836
11371
21439
27272
27724
22829
13764
2566
-8328
-16611
-20598
-19566
-13876
-4870
5444
14830
21300
23513
21037
14409
4991
-5321
-14505
-20812
-23111
-21086
-15278
-6950
2178
10279
15767
17601
15467
9822
1797
-7032
-14943
-20394
-22308
-20275
-14624
-6366
2997
11743
18255
21326
20385
15618
7946
-1143
-9863
-16470
-19603
-18552
-13416
-5102
4831
14468
21899
25605
24765
19436
10561
-202
-10793
-19159
-23661
-23411
-18457
-9790
852
11321
19489
23676
22989
17506
8259
-2970
-14002
-22701
-27390
-27185
-22159
-13316
-2383
8538
17386
22537
23111
19117
11435
1619
-8414
-16757
-21866
-22839
-19557
-12675
-3479
6373
15156
21389
24077
22861
18059
10579
1745
-6935
-14023
-18380
-19340
-16806
-11247
-3621
4785
12557
18379
21238
20593
16466
9452
634
-8577
-16669
-22278
-24419
-22671
-17266
-9070
547
9934
17446
21735
21998
18136
10784
1216
-8878
-17691
-23626
-25585
-23172
-16768
-7458
3158
13264
21146
25502
25659
21680
14337
4956
-4831
-13373
-19282
-21658
-20214
-15302
-7819
962
9610
16770
21364
22742
20752
15744
8489
60
-8328
-15489
-20425
-22454
-21302
-17139
-10562
-2517
5819
13200
18490
20833
19793
15444
8376
-370
-9452
-17427
-22985
-25167
-23534
-18256
-10098
-306
9595
18051
23738
25781
23899
18445
10342
916
-8328
-15950
-20809
-22233
-20100
-14836
-7317
1280
9676
16676
21335
23071
21720
17531
11107
3316
-4831
-12303
-18167
-21692
-22436
-20294
-15522
-8715
-749
7315
14367
19391
21614
20635
16499
9718
1216
-7793
-15984
-22118
-25243
-24846
-20941
-14071
-5225
4317
13185
20136
24233
24981
22385
16923
9452
1064
-7079
-13917
-18615
-20664
-19908
-16541
-11055
-4160
3299
10441
16433
20571
22346
21500
18059
12350
4978
-3219
-11256
-18121
-22898
-24907
-23810
-19683
-13021
-4692
4186
12397
18810
22546
23111
20461
15010
7549
-873
-9116
-16108
-20992
-23227
-22631
-19380
-13947
-7025
575
8021
14540
19489
22393
22979
21192
17198
11380
4318
-3252
-10500
-16581
-20738
-22403
-21287
-17441
-11278
-3530
4831
12726
19119
23164
24330
22475
17858
11093
3053
-5263
-12871
-18928
-22826
-24245
-23158
-19803
-14624
-8203
-1193
5740
11965
16925
20162
21356
20348
17173
12078
5526
-1827
-9185
-15695
-20553
-23111
-22980
-20099
-14756
-7561
632
8844
16108
21593
24718
25209
23119
18786
12774
5772
-1491
-8328
-14156
-18525
-21131
-21815
-20554
-17456
-12759
-6829
-157
6661
12962
18074
21393
22467
21073
17269
11407
4108
-3815
-11459
-17953
-22575
-24845
-24580
-21894
-17166
-10967
-3970
3141
9741
15316
19489
22014
22770
21741
19008
14749
9242
2876
-3856
-10372
-16048
-20279
-22562
-22571
-20219
-15695
-9452
-2160
5382
12349
18005
21791
23390
22743
20034
15633
10027
3752
-2675
-8791
-14203
-18591
-21694
-23307
-23278
-21529
-18082
-13090
-6866
124
7279
13920
19371
23050
24552
23716
20646
15704
9452
2566
-4252
-10371
-15295
-18702
-20448
-20539
-19094
-16300
-12377
-7562
-2112
3683
9486
14901
19489
22805
24451
24142
21768
17438
11484
4439
-3027
-10196
-16398
-21097
-23949
-24833
-23833
-21195
-17269
-12441
-7082
-1521
3964
9127
13732
17535
20273
21685
21548
19726
16225
11226
5098
-1631
-8328
-14339
-19077
-22108
-23198
-22340
-19731
-15719
-10741
-5241
379
5798
10778
15145
18756
21466
23111
23512
22505
19986
15959
10586
4196
-2727
-9595
-15790
-20750
-24052
-25465
-24976
-22770
-19180
-14624
-9523
-4248
917
5776
10197
14077
17297
19700
21088
21249
20007
17276
13115
7755
1596
-4831
-10938
-16157
-20031
-22272
-22793
-21697
-19237
-15748
-11578
-7027
-2319
2403
7049
11537
15747
19489
22499
24467
25085
24121
21478
17245
11701
5294
-1425
-7882
-13568
-18106
-21295
-23105
-23647
-23111
-21701
-19579
-16838
-13498
-9548
-4992
89
5505
10937
15966
20131
23004
24269
23789
21632
18059
13479
8369
3188
-1692
-6031
-9732
-12810
-15333
-17361
-18889
-19825
-19992
-19174
-17181
-13920
-9452
-4016
1983
8031
13586
18168
21437
23239
23614
22759
20961
18517
15660
12521
9114
5374
1216
-3394
-8381
-13521
-18461
-22755
-25952
-27680
-27728
-26088
-22961
-18716
-13812
-8707
-3772
764
4831
8490
11867
15078
18157
21005
23396
25007
25498
24600
22191
18354
13373
7699
1865
-3613
-8328
-12050
-14744
-16547
-17693
-18431
-18934
-19241
-19243
-18710
-17367
-14982
-11457
-6883
-1553
4073
9452
14062
17506
19582
20313
19919
18745
17163
15467
13805
12147
10313
8037
5073
1287
-3267
-8328
-13456
-18116
-21785
-24065
-24768
-23951
-21896
-19028
-15815
-12647
-9751
-7146
-4666
-2023
1077
4831
9250
14115
19011
23395
26721
28561
28704
27204
24367
20675
16664
12802
9378
6445
3833
1216
-1772
-5409
-9781
-14721
-19828
-24540
-28256
-30482
-30944
-29657
-26921
-23245
-19226
-15398
-12111
-9452
-7239
-5094
-2565
728
4965
10045
15584
20986
25578
28767
30179
29755
27760
24720
21282
18059
15470
13644
12393
11282
9753
7294
3603
-1312
-7104
-13150
-18690
-23005
-25590
-26278
-25276
-23111
-20490
-18120
-16519
-15885
-16045
-16506
-16589
-15621
-13129
-8982
-3453
2828
9013
14239
17836
19489
19316
17833
15814
14091
13329
13846
15527
17844
19995
21112
20496
17815
13207
7266
912
-4831
-9088
-11343
-11577
-10263
-8243
-6510
-5936
-7044
-9852
-13860
-18163
-21681
-23433
-22803
-19704
-14624
-8515
-2563
2101
4690
4961
3277
517
-2150
-3571
-2915
95
5096
11155
16996
21313
23111
21957
18111
12473
6364
1202
-1858
-2218
0
3978
8403
11804
12923
11061
6263
-661
-8328
-15110
-19547
-20709
-18446
-13439
-7038
-933
3268
4451
2288
-2670
-9109
-15281
-19436
-20270
0
0
0
0
0
0
0
0
0
0
0
0
0
0
0
0
0
0
0
0
0
0
0
0
0
0
0
0
0
0
0
0
0
0
0
0
0
0
0
0
0
0
0
0
0
0
0
0
0
0
0
0
0
0
0
0
0
0
0
0
0
0
0
0
0
0
0
0
0
0
0
0
0
0
0
0
0
0
0
0
0
0
0
0
0
0
0
0
0
0
0
0
0
0
0
0
0
0
0
0
0
0
0
0
0
0
0
0
0
0
0
0
0
0
0
0
0
0
0
0
0
0
0
0
0
0
0
0
0
0
0
0
0
0
0
0
0
0
0
0
0
0
0
0
0
0
0
0
0
0
0
0
0
0
0
0
0
0
0
0
0
0
0
0
0
0
0
0
0
0
0
0
0
0
0
0
0
0
0
0
0
0
0
0
0
0
0
0
0
0
0
0
0
0
0
0
0
0
0
0
0
0
0
0
0
0
0
0
0
0
0
0
0
0
0
0
0
0
0
0
0
0
0
0
0
0
0
0
0
0
0
0
0
0
0
0
0
0
0
0
0
0
0
0
0
0
0
0
0
0
0
0
0
0
0
0
0
0
0
0
0
0
0
0
0
0
0
0
0
0
0
0
0
0
0
0
0
0
0
0
0
0
0
0
0
0
0
0
0
0
0
0
0
0
0
0
0
0
0
0
0
0
0
0
0
0
0
0
0
0
0
0
0
0
0
0
0
0
0
0
0
0
0
0
0
0
0
0
0
0
0
0
0
0
0
0
0
0
0
0
0
0
0
0
0
0
0
0
0
0
0
0
0
0
0
0
0
0
0
0
0
0
0
0
0
0
0
0
0
0
0
0
0
0
0
0
0
0
0
0
0
0
0
0
0
0
0
0
0
0
0
0
0
0
0
0
0
0
0
0
0
0
0
0
0
0
0
0
0
0
0
0
0
0
0
0
0
0
0
0
0
0
0
0
0
0
0
0
0
0
0
0
0
0
0
0
0
0
0
0
0
0
0
0
0
0
0
0
0
0
0
0
0
0
0
0
0
0
0
0
0
0
0
0
0
0
0
0
0
0
0
0
0
0
0
0
0
0
0
0
0
0
0
0
0
0
0
0
0
0
0
0
0
0
0
0
0
0
0
0
0
0
0
0
0
0
0
0
0
0
0
0
0
0
0
0
0
0
0
0
0
0
0
0
0
0
0
0
0
0
0
0
0
0
0
0
0
0
0
0
0
0
0
0
0
0
0
0
0
0
0
0
0
0
0
0
0
0
0
0
0
0
0
0
0
0
0
0
0
0
0
0
0
0
0
0
0
0
0
0
0
0
0
0
0
0
0
0
0
0
0
0
0
0
0
0
0
0
0
0
0
0
0
0
0
0
0
0
0
0
0
0
0
0
0
0
0
0
0
0
0
0
0
0
0
0
0
0
0
0
0
0
0
0
0
0
0
0
0
0
0
0
0
0
0
0
0
0
0
0
0
0
0
0
0
0
0
0
0
0
0
0
0
0
0
0
0
0
0
0
0
0
0
0
0
0
0
0
0
0
0
0
0
0
0
0
0
0
0
0
0
0
0
0
0
0
0
0
0
0
0
0
0
0
0
0
0
0
0
0
0
0
0
0
0
0
0
0
0
0
0
0
0
0
0
0
0
0
0
0
0
0
0
0
0
0
0
0
0
0
0
0
0
0
0
0
0
0
0
0
0
0
0
0
0
0
0
0
0
0
0
0
0
0
0
0
0
0
0
0
0
0
0
0
0
0
0
0
0
0
0
0
0
0
0
0
0
0
0
0
0
0
0
0
0
0
0
0
0
0
0
0
0
0
0
0
0
0
0
0
0
0
0
0
0
0
0
0
0
0
0
0
0
0
0
0
0
0
0
0
0
0
0
0
0
0
0
0
0
0
0
0
0
0
0
0
0
0
0
0
0
0
0
0
0
0
0
0
0
0
0
0
0
0
0
0
0
0
0
0
0
0
0
0
0
0
0
0
0
0
0
0
0
0
0
0
0
0
0
0
0
0
0
0
0
0
0
0
0
0
0
0
0
0
0
0
0
0
0
0
0
0
0
0
0
0
0
0
0
0
0
0
0
0
0
0
0
0
0
0
0
0
0
0
0
0
0
0
0
0
0
0
0
0
0
0
0
0
0
0
0
0
0
0
0
0
0
0
0
0
0
8338
15905
22016
26154
28025
27589
25064
20886
15660
10077
4834
537
-2357
-3613
-3228
-1438
1322
4481
7394
9446
10123
9086
6225
1670
-4214
-10868
-17602
-23679
-28404
-31203
-31702
-29769
-25529
-19362
-11847
-3706
4285
11386
16975
20623
22131
21558
19204
15559
11251
6952
3298
801
-206
377
2417
5559
9273
12925
15862
17494
17372
15261
11158
5315
-1792
-9516
-17111
-23817
-28953
-31998
-32643
-30839
-26797
-20962
-13959
-6521
600
6722
11313
14043
14830
13835
11440
8190
4722
1677
-382
-1046
-113
2378
6161
10761
15565
19890
23077
24570
23991
21196
16289
9629
1779
-6551
-14580
-21557
-26835
-29953
-30689
-29078
-25405
-20171
-14029
-7697
-1881
2818
5977
7390
7095
5364
2660
-424
-3250
-5211
-5828
-4799
-2054
2235
7671
13679
19570
24628
28197
29769
29034
25937
20681
13706
5645
-2753
-10706
-17494
-22528
-25433
-26077
-24581
-21306
-16798
-11716
-6753
-2542
417
1821
1600
-78
-2831
-6117
-9302
-11747
-12897
-12348
-9912
-5643
162
6993
14188
21002
26707
30668
32423
31745
28661
23458
16646
8898
976
-6365
-12459
-16805
-19126
-19391
-17820
-14840
-11031
-7053
-3550
-1076
-14
-536
-2569
-5820
-9796
-13882
-17410
-19752
-20401
-19038
-15581
-10197
-3294
4525
12535
19962
26078
30292
32207
31674
28804
23960
17697
10715
3756
-2472
-7390
-10600
-11939
-11494
-9575
-6680
-3421
-440
1670
2451
1639
-798
-4657
-9515
-14782
-19779
-23817
-26285
-26732
-24920
-20866
-14840
-7340
961
9302
16903
23069
27267
29178
28742
26152
21834
16382
10493
4873
153
-3184
-4869
-4867
-3381
-822
2248
5198
7400
8328
7618
5128
957
-4558
-10884
-17353
-23232
-27826
-30555
-31025
-29083
-24838
-18643
-11070
-2829
5299
12566
18331
22140
23772
23258
20877
17108
12572
7949
3889
933
-559
-448
1163
3951
7410
10918
13826
15533
15581
13702
9869
4308
-2535
-10031
-17445
-24023
-29078
-32071
-32679
-30833
-26719
-20770
-13602
-5945
1438
7851
12734
15733
16735
15875
13515
10185
6521
3173
724
-391
60
2079
5428
9661
14188
18334
21441
22945
22450
19788
15039
8537
822
-7404
-15370
-22319
-27594
-30717
-31443
-29785
-26012
-20611
-14227
-7589
-1412
3679
7231
9006
9014
7496
4895
1794
-1168
-3379
-4333
-3706
-1393
2466
7507
13177
18804
23682
27150
28686
27967
24912
19703
12760
4700
-3732
-11756
-18635
-23772
-26763
-27452
-25942
-22572
-17880
-12522
-7202
-2569
845
2711
2921
1611
-863
-3980
-7115
-9629
-10953
-10664
-8547
-4624
836
7351
14278
20886
26446
30315
32023
31316
28206
22956
16063
8191
99
-7443
-13758
-18319
-20823
-21214
-19684
-16646
-12672
-8423
-4556
-1644
-104
-137
-1710
-4558
-8216
-12087
-15509
-17853
-18598
-17403
-14162
-9014
-2340
5276
13124
20434
26478
30648
32534
31964
29029
24073
17644
10434
3193
-3356
-8609
-12143
-13765
-13528
-11725
-8831
-5454
-2241
201
1393
1038
-932
-4343
-8804
-13751
-18517
-22417
-24838
-25309
-23578
-19633
-13722
-6322
1910
10217
17820
24014
28247
30181
29732
27075
22616
16947
10761
4779
-347
-4111
-6208
-6572
-5373
-3002
0
3002
5373
6572
6208
4111
347
-4779
-10761
-16947
-22616
-27075
-29732
-30181
-28247
-24014
-17820
-10217
-1910
6322
13722
19633
23578
25309
24838
22417
18517
13751
8804
4343
932
-1038
-1393
-201
2241
5454
8831
11725
13528
13765
12143
8609
3356
-3193
-10434
-17644
-24073
-29029
-31964
-32534
-30648
-26478
-20434
-13124
-5276
2340
9014
14162
17403
18598
17853
15509
12087
8216
4558
1710
137
104
1644
4556
8423
12672
16646
19684
21214
20823
18319
13758
7443
-99
-8191
-16063
-22956
-28206
-31316
-32023
-30315
-26446
-20886
-14278
-7351
-836
4624
8547
10664
10953
9629
7115
3980
863
-1611
-2921
-2711
-845
2569
7202
12522
17880
22572
25942
27452
26763
23772
18635
11756
3732
-4700
-12760
-19703
-24912
-27967
-28686
-27150
-23682
-18804
-13177
-7507
-2466
1393
3706
4333
3379
1168
-1794
-4895
-7496
-9014
-9006
-7231
-3679
1412
7589
14227
20611
26012
29785
31443
30717
27594
22319
15370
7404
-822
-8537
-15039
-19788
-22450
-22945
-21441
-18334
-14187
-9661
-5428
-2079
-60
391
-724
-3173
-6521
-10185
-13515
-15875
-16735
-15733
-12734
-7851
-1438
5945
13602
20770
26719
30833
32679
32071
29078
24023
17445
10031
2535
-4308
-9869
-13702
-15581
-15533
-13826
-10918
-7410
-3951
-1163
448
559
-933
-3889
-7949
-12572
-17108
-20877
-23258
-23772
-22140
-18331
-12566
-5299
2829
11070
18643
24838
29083
31025
30555
27826
23232
17353
10884
4558
-957
-5128
-7618
-8328
-7400
-5198
-2248
822
3381
4867
4869
3184
-153
-4873
-10493
-16383
-21834
-26152
-28742
-29178
-27267
-23069
-16903
-9302
-961
7340
14840
20866
24920
26732
26285
23817
19779
14782
9515
4657
798
-1639
-2451
-1670
440
3421
6680
9575
11494
11939
10600
7390
2472
-3756
-10715
-17697
-23960
-28804
-31674
-32207
-30292
-26078
-19962
-12535
-4525
3294
10197
15581
19038
20401
19752
17410
13882
9796
5820
2569
536
14
1076
3550
7053
11031
14840
17820
19391
19126
16805
12459
6365
-976
-8898
-16646
-23458
-28661
-31745
-32423
-30668
-26707
-21002
-14187
-6993
-162
5643
9912
12348
12897
11747
9302
6117
2831
78
-1600
-1821
-417
2542
6753
11716
16798
21306
24581
26077
25433
22528
17494
10706
2753
-5645
-13706
-20681
-25937
-29034
-29769
-28197
-24628
-19570
-13679
-7671
-2235
2054
4799
5828
5211
3250
424
-2660
-5364
-7095
-7390
-5977
-2818
1881
7697
14029
20171
25405
29078
30689
29953
26835
21557
14580
6551
-1779
-9629
-16289
-21196
-23991
-24570
-23077
-19890
-15565
-10761
-6161
-2378
113
1046
382
-1677
-4722
-8191
-11440
-13835
-14830
-14043
-11313
-6722
-600
6521
13959
20962
26797
30839
32643
31998
28953
23817
17111
9516
1792
-5315
-11158
-15261
-17372
-17494
-15862
-12925
-9273
-5559
-2417
-377
206
-801
-3298
-6952
-11251
-15559
-19204
-21558
-22131
-20623
-16975
-11386
-4285
3706
11847
19362
25529
29769
31702
31203
28404
23679
17602
10868
4214
-1670
-6225
-9086
-10123
-9446
-7394
-4481
-1322
1438
3228
3613
2357
-537
-4834
-10077
-15660
-20886
-25064
-27589
-28025
-26154
-22016
-15905
-8338
0
8338
15905
22016
26154
28025
27589
25064
20886
15660
10077
4834
537
-2357
-3613
-3228
-1438
1322
4481
7394
9446
10123
9086
6225
1670
-4214
-10868
-17602
-23679
-28404
-31203
-31702
-29769
-25529
-19362
-11847
-3706
4285
11386
16975
20623
22131
21558
19204
15559
11251
6952
3298
801
-206
377
2417
5559
9273
12925
15862
17494
17372
15261
11158
5315
-1792
-9516
-17111
-23817
-28953
-31998
-32643
-30839
-26797
-20962
-13959
-6521
600
6722
11313
14043
14830
13835
11440
8191
4722
1677
-382
-1046
-113
2378
6161
10761
15565
19890
23077
24570
23991
21196
16289
9629
1779
-6551
-14580
-21557
-26835
-29953
-30689
-29078
-25405
-20171
-14029
-7697
-1881
2818
5977
7390
7095
5364
2660
-424
-3250
-5211
-5828
-4799
-2054
2235
7671
13679
19570
24628
28197
29769
29034
25937
20681
13706
5645
-2753
-10706
-17494
-22528
-25433
-26077
-24581
-21306
-16798
-11716
-6753
-2542
417
1821
1600
-78
-2831
-6117
-9302
-11747
-12897
-12348
-9912
-5643
162
6993
14188
21002
26707
30668
32423
31745
28661
23458
16646
8898
976
-6365
-12459
-16805
-19126
-19391
-17820
-14840
-11031
-7053
-3550
-1076
-14
-536
-2569
-5820
-9796
-13882
-17410
-19752
-20401
-19038
-15581
-10197
-3294
4525
12535
19962
26078
30292
32207
31674
28804
23960
17697
10715
3756
-2472
-7390
-10600
-11939
-11494
-9575
-6680
-3421
-440
1670
2451
1639
-798
-4657
-9515
-14782
-19779
-23817
-26285
-26732
-24920
-20866
-14840
-7340
961
9302
16903
23069
27267
29178
28742
26152
21834
16382
10493
4873
153
-3184
-4869
-4867
-3381
-822
2248
5198
7400
8328
7618
5128
957
-4558
-10884
-17353
-23232
-27826
-30555
-31025
-29083
-24838
-18643
-11070
-2829
5299
12566
18331
22140
23772
23258
20877
17108
12572
7949
3889
933
-559
-448
1163
3951
7410
10918
13826
15533
15581
13702
9869
4308
-2535
-10031
-17445
-24023
-29078
-32071
-32679
-30833
-26719
-20770
-13602
-5945
1438
7851
12734
15733
16735
15875
13515
10185
6521
3173
724
-391
60
2079
5428
9661
14188
18334
21441
22945
22450
19788
15039
8537
822
-7404
-15370
-22319
-27594
-30717
-31443
-29785
-26012
-20611
-14227
-7589
-1412
3679
7231
9006
9014
7496
4895
1794
-1168
-3379
-4333
-3706
-1393
2466
7507
13177
18804
23682
27150
28686
27967
24912
19703
12760
4700
-3732
-11756
-18635
-23772
-26763
-27452
-25942
-22572
-17880
-12522
-7202
-2569
845
2711
2921
1611
-863
-3980
-7115
-9629
-10953
-10664
-8547
-4624
836
7351
14278
20886
26446
30315
32023
31316
28206
22956
16063
8190
99
-7443
-13758
-18319
-20823
-21214
-19684
-16646
-12672
-8423
-4556
-1644
-104
-137
-1710
-4558
-8216
-12087
-15509
-17853
-18598
-17403
-14162
-9014
-2340
5276
13124
20434
26478
30648
32534
31964
29029
24073
17644
10434
3193
-3356
-8609
-12143
-13765
-13528
-11725
-8831
-5454
-2241
201
1393
1038
-932
-4343
-8804
-13751
-18517
-22417
-24838
-25309
-23578
-19633
-13722
-6322
1910
10217
17820
24014
28247
30181
29732
27075
22616
16947
10761
4779
-347
-4111
-6208
-6572
-5373
-3002
0
3002
5373
6572
6208
4111
347
-4779
-10761
-16947
-22616
-27075
-29732
-30181
-28247
-24014
-17820
-10217
-1910
6322
13722
19633
23578
25309
24838
22417
18517
13751
8804
4343
932
-1038
-1393
-201
2241
5454
8831
11725
13528
13765
12143
8609
3356
-3193
-10434
-17644
-24073
-29029
-31964
-32534
-30648
-26478
-20434
-13124
-5276
2340
9014
14162
17403
18598
17853
15509
12087
8216
4558
1710
137
104
1644
4556
8423
12672
16646
19684
21214
20823
18319
13758
7443
-99
-8191
-16063
-22956
-28206
-31316
-32023
-30315
-26446
-20886
-14278
-7351
-836
4624
8547
10664
10953
9629
7115
3980
863
-1611
-2921
-2711
-845
2569
7202
12522
17880
22572
25942
27452
26763
23772
18635
11756
3732
-4700
-12760
-19703
-24912
-27967
-28686
-27150
-23682
-18804
-13177
-7507
-2466
1393
3706
4333
3379
1168
-1794
-4895
-7496
-9014
-9006
-7231
-3679
1412
7589
14227
20611
26012
29785
31443
30717
27594
22319
15370
7404
-822
-8537
-15039
-19788
-22450
-22945
-21441
-18334
-14187
-9661
-5428
-2079
-60
391
-724
-3173
-6521
-10185
-13515
-15875
-16735
-15733
-12734
-7851
-1438
5945
13602
20770
26719
30833
32679
32071
29078
24023
17445
10031
2535
-4308
-9869
-13702
-15581
-15533
-13826
-10918
-7410
-3951
-1163
448
559
-933
-3889
-7949
-12572
-17108
-20877
-23258
-23772
-22140
-18331
-12566
-5299
2829
11070
18643
24838
29083
31025
30555
27826
23232
17353
10884
4558
-957
-5128
-7618
-8328
-7400
-5198
-2248
822
3381
4867
4869
3184
-153
-4873
-10493
-16383
-21834
-26152
-28742
-29178
-27267
-23069
-16903
-9302
-961
7340
14840
20866
24920
26732
26285
23817
19779
14782
9515
4657
798
-1639
-2451
-1670
440
3421
6680
9575
11494
11939
10600
7390
2472
-3756
-10715
-17697
-23960
-28804
-31674
-32207
-30292
-26078
-19962
-12535
-4525
3294
10197
15581
19038
20401
19752
17410
13882
9796
5820
2569
536
14
1076
3550
7053
11031
14840
17820
19391
19126
16805
12459
6365
-976
-8898
-16646
-23458
-28661
-31745
-32423
-30668
-26707
-21002
-14187
-6993
-162
5643
9912
12348
12897
11747
9302
6117
2831
78
-1600
-1821
-417
2542
6753
11716
16798
21306
24581
26077
25433
22528
17494
10706
2753
-5645
-13706
-20681
-25937
-29034
-29769
-28197
-24628
-19570
-13679
-7671
-2235
2054
4799
5828
5211
3250
424
-2660
-5364
-7095
-7390
-5977
-2818
1881
7697
14029
20171
25405
29078
30689
29953
26835
21557
14580
6551
-1779
-9629
-16289
-21196
-23991
-24570
-23077
-19890
-15565
-10761
-6161
-2378
113
1046
382
-1677
-4722
-8191
-11440
-13835
-14830
-14043
-11313
-6722
-600
6521
13959
20962
26797
30839
32643
31998
28953
23817
17111
9516
1792
-5315
-11158
-15261
-17372
-17494
-15862
-12925
-9273
-5559
-2417
-377
206
-801
-3298
-6952
-11251
-15559
-19204
-21558
-22131
-20623
-16975
-11386
-4285
3706
11847
19362
25529
29769
31702
31203
28404
23679
17602
10868
4214
-1670
-6225
-9086
-10123
-9446
-7394
-4481
-1322
1438
3228
3613
2357
-537
-4834
-10077
-15660
-20886
-25064
-27589
-28025
-26154
-22016
-15905
-8338
0
8338
15905
22016
26154
28025
27589
25064
20886
15660
10077
4834
537
-2357
-3613
-3228
-1438
1322
4481
7394
9446
10123
9086
6225
1670
-4214
-10868
-17602
-23679
-28404
-31203
-31702
-29769
-25529
-19362
-11847
-3706
4285
11386
16975
20623
22131
21558
19204
15559
11251
6952
3298
801
-206
377
2417
5559
9273
12925
15862
17494
17372
15261
11158
5315
-1792
-9516
-17111
-23817
-28953
-31998
-32643
-30839
-26797
-20962
-13959
-6521
600
6722
11313
14043
14830
13835
11440
8190
4722
1677
-382
-1046
-113
2378
6161
10761
15565
19890
23077
24570
23991
21196
16289
9629
1779
-6551
-14580
-21557
-26835
-29953
-30689
-29078
-25405
-20171
-14029
-7697
-1881
2818
5977
7390
7095
5364
2660
-424
-3250
-5211
-5828
-4799
-2054
2235
7671
13679
19570
24628
28197
29769
29034
25937
20681
13706
5645
-2753
-10706
-17494
-22528
-25433
-26077
-24581
-21306
-16798
-11716
-6753
-2542
417
1821
1600
-78
-2831
-6117
-9302
-11747
-12897
-12348
-9912
-5643
162
6993
14187
21002
26707
30668
32423
31745
28661
23458
16646
8898
976
-6365
-12459
-16805
-19126
-19391
-17820
-14840
-11031
-7053
-3550
-1076
-14
-536
-2569
-5820
-9796
-13882
-17410
-19752
-20401
-19038
-15581
-10197
-3294
4525
12535
19962
26078
30292
32207
31674
28804
23960
17697
10715
3756
-2472
-7390
-10600
-11939
-11494
-9575
-6680
-3421
-440
1670
2451
1639
-798
-4657
-9515
-14782
-19779
-23817
-26285
-26732
-24920
-20866
-14840
-7340
961
9302
16903
23069
27267
29178
28742
26152
21834
16382
10493
4873
153
-3184
-4869
-4867
-3381
-822
2248
5198
7400
8328
7618
5128
957
-4558
-10884
-17353
-23232
-27826
-30555
-31025
-29083
-24838
-18643
-11070
-2829
5299
12566
18331
22140
23772
23258
20877
17108
12572
7949
3889
933
-559
-448
1163
3951
7410
10918
13826
15533
15581
13702
9869
4308
-2535
-10031
-17445
-24023
-29078
-32071
-32679
-30833
-26719
-20770
-13602
-5945
1438
7851
12734
15733
16735
15875
13515
10185
6521
3173
724
-391
60
2079
5428
9661
14187
18334
21441
22945
22450
19788
15039
8537
822
-7404
-15370
-22319
-27594
-30717
-31443
-29785
-26012
-20611
-14227
-7589
-1412
3679
7231
9006
9014
7496
4895
1794
-1168
-3379
-4333
-3706
-1393
2466
7507
13177
18804
23682
27150
28686
27967
24912
19703
12760
4700
-3732
-11756
-18635
-23772
-26763
-27452
-25942
-22572
-17880
-12522
-7202
-2569
845
2711
2921
1611
-863
-3980
-7115
-9629
-10953
-10664
-8547
-4624
836
7351
14278
20886
26446
30315
32023
31316
28206
22956
16063
8190
99
-7443
-13758
-18319
-20823
-21214
-19684
-16646
-12672
-8423
-4556
-1644
-104
-137
-1710
-4558
-8216
-12087
-15509
-17853
-18598
-17403
-14162
-9014
-2340
5276
13124
20434
26478
30648
32534
31964
29029
24073
17644
10434
3193
-3356
-8609
-12143
-13765
-13528
-11725
-8831
-5454
-2241
201
1393
1038
-932
-4343
-8804
-13751
-18517
-22417
-24838
-25309
-23578
-19633
-13722
-6322
1910
10217
17820
24014
28247
30181
29732
27075
22616
16947
10761
4779
-347
-4111
-6208
-6572
-5373
-3002
0
3002
5373
6572
6208
4111
347
-4779
-10761
-16947
-22616
-27075
-29732
-30181
-28247
-24014
-17820
-10217
-1910
6322
13722
19633
23578
25309
24838
22417
18517
13751
8804
4343
932
-1038
-1393
-201
2241
5454
8831
11725
13528
13765
12143
8609
3356
-3193
-10434
-17644
-24073
-29029
-31964
-32534
-30648
-26478
-20434
-13124
-5276
2340
9014
14162
17403
18598
17853
15509
12087
8216
4558
1710
137
104
1644
4556
8423
12672
16646
19684
21214
20823
18319
13758
7443
-99
-8191
-16063
-22956
-28206
-31316
-32023
-30315
-26446
-20886
-14278
-7351
-836
4624
8547
10664
10953
9629
7115
3980
863
-1611
-2921
-2711
-845
2569
7202
12522
17880
22572
25942
27452
26763
23772
18635
11756
3732
-4700
-12760
-19703
-24912
-27967
-28686
-27150
-23682
-18804
-13177
-7507
-2466
1393
3706
4333
3379
1168
-1794
-4895
-7496
-9014
-9006
-7231
-3679
1412
7589
14227
20611
26012
29785
31443
30717
27594
22319
15370
7404
-822
-8537
-15039
-19788
-22450
-22945
-21441
-18334
-14187
-9661
-5428
-2079
-60
391
-724
-3173
-6521
-10185
-13515
-15875
-16735
-15733
-12734
-7851
-1438
5945
13602
20770
26719
30833
32679
32071
29078
24023
17445
10031
2535
-4308
-9869
-13702
-15581
-15533
-13826
-10918
-7410
-3951
-1163
448
559
-933
-3889
-7949
-12572
-17108
-20877
-23258
-23772
-22140
-18331
-12566
-5299
2829
11070
18643
24838
29083
31025
30555
27826
23232
17353
10884
4558
-957
-5128
-7618
-8328
-7400
-5198
-2248
822
3381
4867
4869
3184
-153
-4873
-10493
-16382
-21834
-26152
-28742
-29178
-27267
-23069
-16903
-9302
-961
7340
14840
20866
24920
26732
26285
23817
19779
14782
9515
4657
798
-1639
-2451
-1670
440
3421
6680
9575
11494
11939
10600
7390
2472
-3756
-10715
-17697
-23960
-28804
-31674
-32207
-30292
-26078
-19962
-12535
-4525
3294
10197
15581
19038
20401
19752
17410
13882
9796
5820
2569
536
14
1076
3550
7053
11031
14840
17820
19391
19126
16805
12459
6365
-976
-8898
-16646
-23458
-28661
-31745
-32423
-30668
-26707
-21002
-14187
-6993
-162
5643
9912
12348
12897
11747
9302
6117
2831
78
-1600
-1821
-417
2542
6753
11716
16798
21306
24581
26077
25433
22528
17494
10706
2753
-5645
-13706
-20681
-25937
-29034
-29769
-28197
-24628
-19570
-13679
-7671
-2235
2054
4799
5828
5211
3250
424
-2660
-5364
-7095
-7390
-5977
-2818
1881
7697
14029
20171
25405
29078
30689
29953
26835
21557
14580
6551
-1779
-9629
-16289
-21196
-23991
-24570
-23077
-19890
-15565
-10761
-6161
-2378
113
1046
382
-1677
-4722
-8191
-11440
-13835
-14830
-14043
-11313
-6722
-600
6521
13959
20962
26797
30839
32643
31998
28953
23817
17111
9516
1792
-5315
-11158
-15261
-17372
-17494
-15862
-12925
-9273
-5559
-2417
-377
206
-801
-3298
-6952
-11251
-15559
-19204
-21558
-22131
-20623
-16975
-11386
-4285
3706
11847
19362
25529
29769
31702
31203
28404
23679
17602
10868
4214
-1670
-6225
-9086
-10123
-9446
-7394
-4481
-1322
1438
3228
3613
2357
-537
-4834
-10077
-15660
-20886
-25064
-27589
-28025
-26154
-22016
-15905
-8338
0
8338
15905
22016
26154
28025
27589
25064
20886
15660
10077
4834
537
-2357
-3613
-3228
-1438
1322
4481
7394
9446
10123
9086
6225
1670
-4214
-10868
-17602
-23679
-28404
-31203
-31702
-29769
-25529
-19362
-11847
-3706
4285
11386
16975
20623
22131
21558
19204
15559
11251
6952
3298
801
-206
377
2417
5559
9273
12925
15862
17494
17372
15261
11158
5315
-1792
-9516
-17111
-23817
-28953
-31998
-32643
-30839
-26797
-20962
-13959
-6521
600
6722
11313
14043
14830
13835
11440
8191
4722
1677
-382
-1046
-113
2378
6161
10761
15565
19890
23077
24570
23991
21196
16289
9629
1779
-6551
-14580
-21557
-26835
-29953
-30689
-29078
-25405
-20171
-14029
-7697
-1881
2818
5977
7390
7095
5364
2660
-424
-3250
-5211
-5828
-4799
-2054
2235
7671
13679
19570
24628
28197
29769
29034
25937
20681
13706
5645
-2753
-10706
-17494
-22528
-25433
-26077
-24581
-21306
-16798
-11716
-6753
-2542
417
1821
1600
-78
-2831
-6117
-9302
-11747
-12897
-12348
-9912
-5643
162
6993
14188
21002
26707
30668
32423
31745
28661
23458
16646
8898
976
-6365
-12459
-16805
-19126
-19391
-17820
-14840
-11031
-7053
-3550
-1076
-14
-536
-2569
-5820
-9796
-13882
-17410
-19752
-20401
-19038
-15581
-10197
-3294
4525
12535
19962
26078
30292
32207
31674
28804
23960
17697
10715
3756
-2472
-7390
-10600
-11939
-11494
-9575
-6680
-3421
-440
1670
2451
1639
-798
-4657
-9515
-14782
-19779
-23817
-26285
-26732
-24920
-20866
-14840
-7340
961
9302
16903
23069
27267
29178
28742
26152
21834
16382
10493
4873
153
-3184
-4869
-4867
-3381
-822
2248
5198
7400
8328
7618
5128
957
-4558
-10884
-17353
-23232
-27826
-30555
-31025
-29083
-24838
-18643
-11070
-2829
5299
12566
18331
22140
23772
23258
20877
17108
12572
7949
3889
933
-559
-448
1163
3951
7410
10918
13826
15533
15581
13702
9869
4308
-2535
-10031
-17445
-24023
-29078
-32071
-32679
-30833
-26719
-20770
-13602
-5945
1438
7851
12734
15733
16735
15875
13515
10185
6521
3173
724
-391
60
2079
5428
9661
14188
18334
21441
22945
22450
19788
15039
8537
822
-7404
-15370
-22319
-27594
-30717
-31443
-29785
-26012
-20611
-14227
-7589
-1412
3679
7231
9006
9014
7496
4895
1794
-1168
-3379
-4333
-3706
-1393
2466
7507
13177
18804
23682
27150
28686
27967
24912
19703
12760
4700
-3732
-11756
-18635
-23772
-26763
-27452
-25942
-22572
-17880
-12522
-7202
-2569
845
2711
2921
1611
-863
-3980
-7115
-9629
-10953
-10664
-8547
-4624
836
7351
14278
20886
26446
30315
32023
31316
28206
22956
16063
8191
99
-7443
-13758
-18319
-20823
-21214
-19684
-16646
-12672
-8423
-4556
-1644
-104
-137
-1710
-4558
-8216
-12087
-15509
-17853
-18598
-17403
-14162
-9014
-2340
5276
13124
20434
26478
30648
32534
31964
29029
24073
17644
10434
3193
-3356
-8609
-12143
-13765
-13528
-11725
-8831
-5454
-2241
201
1393
1038
-932
-4343
-8804
-13751
-18517
-22417
-24838
-25309
-23578
-19633
-13722
-6322
1910
10217
17820
24014
28247
30181
29732
27075
22616
16947
10761
4779
-347
-4111
-6208
-6572
-5373
-3002
0
3002
5373
6572
6208
4111
347
-4779
-10761
-16947
-22616
-27075
-29732
-30181
-28247
-24014
-17820
-10217
-1910
6322
13722
19633
23578
25309
24838
22417
18517
13751
8804
4343
932
-1038
-1393
-201
2241
5454
8831
11725
13528
13765
12143
8609
3356
-3193
-10434
-17644
-24073
-29029
-31964
-32534
-30648
-26478
-20434
-13124
-5276
2340
9014
14162
17403
18598
17853
15509
12087
8216
4558
1710
137
104
1644
4556
8423
12672
16646
19684
21214
20823
18319
13758
7443
-99
-8190
-16063
-22956
-28206
-31316
-32023
-30315
-26446
-20886
-14278
-7351
-836
4624
8547
10664
10953
9629
7115
3980
863
-1611
-2921
-2711
-845
2569
7202
12522
17880
22572
25942
27452
26763
23772
18635
11756
3732
-4700
-12760
-19703
-24912
-27967
-28686
-27150
-23682
-18804
-13177
-7507
-2466
1393
3706
4333
3379
1168
-1794
-4895
-7496
-9014
-9006
-7231
-3679
1412
7589
14227
20611
26012
29785
31443
30717
27594
22319
15370
7404
-822
-8537
-15039
-19788
-22450
-22945
-21441
-18334
-14187
-9661
-5428
-2079
-60
391
-724
-3173
-6521
-10185
-13515
-15875
-16735
-15733
-12734
-7851
-1438
5945
13602
20770
26719
30833
32679
32071
29078
24023
17445
10031
2535
-4308
-9869
-13702
-15581
-15533
-13826
-10918
-7410
-3951
-1163
448
559
-933
-3889
-7949
-12572
-17108
-20877
-23258
-23772
-22140
-18331
-12566
-5299
2829
11070
18643
24838
29083
31025
30555
27826
23232
17353
10884
4558
-957
-5128
-7618
-8328
-7400
-5198
-2248
822
3381
4867
4869
3184
-153
-4873
-10493
-16383
-21834
-26152
-28742
-29178
-27267
-23069
-16903
-9302
-961
7340
14840
20866
24920
26732
26285
23817
19779
14782
9515
4657
798
-1639
-2451
-1670
440
3421
6680
9575
11494
11939
10600
7390
2472
-3756
-10715
-17697
-23960
-28804
-31674
-32207
-30292
-26078
-19962
-12535
-4525
3294
10197
15581
19038
20401
19752
17410
13882
9796
5820
2569
536
14
1076
3550
7053
11031
14840
17820
19391
19126
16805
12459
6365
-976
-8898
-16646
-23458
-28661
-31745
-32423
-30668
-26707
-21002
-14187
-6993
-162
5643
9912
12348
12897
11747
9302
6117
2831
78
-1600
-1821
-417
2542
6753
11716
16798
21306
24581
26077
25433
22528
17494
10706
2753
-5645
-13706
-20681
-25937
-29034
-29769
-28197
-24628
-19570
-13679
-7671
-2235
2054
4799
5828
5211
3250
424
-2660
-5364
-7095
-7390
-5977
-2818
1881
7697
14029
20171
25405
29078
30689
29953
26835
21557
14580
6551
-1779
-9629
-16289
-21196
-23991
-24570
-23077
-19890
-15565
-10761
-6161
-2378
113
1046
382
-1677
-4722
-8191
-11440
-13835
-14830
-14043
-11313
-6722
-600
6521
13959
20962
26797
30839
32643
31998
28953
23817
17111
9516
1792
-5315
-11158
-15261
-17372
-17494
-15862
-12925
-9273
-5559
-2417
-377
206
-801
-3298
-6952
-11251
-15559
-19204
-21558
-22131
-20623
-16975
-11386
-4285
3706
11847
19362
25529
29769
31702
31203
28404
23679
17602
10868
4214
-1670
-6225
-9086
-10123
-9446
-7394
-4481
-1322
1438
3228
3613
2357
-537
-4834
-10077
-15660
-20886
-25064
-27589
-28025
-26154
-22016
-15905
-8338
0
8338
15905
22016
26154
28025
27589
25064
20886
15660
10077
4834
537
-2357
-3613
-3228
-1438
1322
4481
7394
9446
10123
9086
6225
1670
-4214
-10868
-17602
-23679
-28404
-31203
-31702
-29769
-25529
-19362
-11847
-3706
4285
11386
16975
20623
22131
21558
19204
15559
11251
6952
3298
801
-206
377
2417
5559
9273
12925
15862
17494
17372
15261
11158
5315
-1792
-9516
-17111
-23817
-28953
-31998
-32643
-30839
-26797
-20962
-13959
-6521
600
6722
11313
14043
14830
13835
11440
8190
4722
1677
-382
-1046
-113
2378
6161
10761
15565
19890
23077
24570
23991
21196
16289
9629
1779
-6551
-14580
-21557
-26835
-29953
-30689
-29078
-25405
-20171
-14029
-7697
-1881
2818
5977
7390
7095
5364
2660
-424
-3250
-5211
-5828
-4799
-2054
2235
7671
13679
19570
24628
28197
29769
29034
25937
20681
13706
5645
-2753
-10706
-17494
-22528
-25433
-26077
-24581
-21306
-16798
-11716
-6753
-2542
417
1821
1600
-78
-2831
-6117
-9302
-11747
-12897
-12348
-9912
-5643
162
6993
14187
21002
26707
30668
32423
31745
28661
23458
16646
8898
976
-6365
-12459
-16805
-19126
-19391
-17820
-14840
-11031
-7053
-3550
-1076
-14
-536
-2569
-5820
-9796
-13882
-17410
-19752
-20401
-19038
-15581
-10197
-3294
4525
12535
19962
26078
30292
32207
31674
28804
23960
17697
10715
3756
-2472
-7390
-10600
-11939
-11494
-9575
-6680
-3421
-440
1670
2451
1639
-798
-4657
-9515
-14782
-19779
-23817
-26285
-26732
-24920
-20866
-14840
-7340
961
9302
16903
23069
27267
29178
28742
26152
21834
16382
10493
4873
153
-3184
-4869
-4867
-3381
-822
2248
5198
7400
8328
7618
5128
957
-4558
-10884
-17353
-23232
-27826
-30555
-31025
-29083
-24838
-18643
-11070
-2829
5299
12566
18331
22140
23772
23258
20877
17108
12572
7949
3889
933
-559
-448
1163
3951
7410
10918
13826
15533
15581
13702
9869
4308
-2535
-10031
-17445
-24023
-29078
-32071
-32679
-30833
-26719
-20770
-13602
-5945
1438
7851
12734
15733
16735
15875
13515
10185
6521
3173
724
-391
60
2079
5428
9661
14187
18334
21441
22945
22450
19788
15039
8537
822
-7404
-15370
-22319
-27594
-30717
-31443
-29785
-26012
-20611
-14227
-7589
-1412
3679
7231
9006
9014
7496
4895
1794
-1168
-3379
-4333
-3706
-1393
2466
7507
13177
18804
23682
27150
28686
27967
24912
19703
12760
4700
-3732
-11756
-18635
-23772
-26763
-27452
-25942
-22572
-17880
-12522
-7202
-2569
845
2711
2921
1611
-863
-3980
-7115
-9629
-10953
-10664
-8547
-4624
836
7351
14278
20886
26446
30315
32023
31316
28206
22956
16063
8190
99
-7443
-13758
-18319
-20823
-21214
-19684
-16646
-12672
-8423
-4556
-1644
-104
-137
-1710
-4558
-8216
-12087
-15509
-17853
-18598
-17403
-14162
-9014
-2340
5276
13124
20434
26478
30648
32534
31964
29029
24073
17644
10434
3193
-3356
-8609
-12143
-13765
-13528
-11725
-8831
-5454
-2241
201
1393
1038
-932
-4343
-8804
-13751
-18517
-22417
-24838
-25309
-23578
-19633
-13722
-6322
1910
10217
17820
24014
28247
30181
29732
27075
22616
16947
10761
4779
-347
-4111
-6208
-6572
-5373
-3002
0
3002
5373
6572
6208
4111
347
-4779
-10761
-16947
-22616
-27075
-29732
-30181
-28247
-24014
-17820
-10217
-1910
6322
13722
19633
23578
25309
24838
22417
18517
13751
8804
4343
932
-1038
-1393
-201
2241
5454
8831
11725
13528
13765
12143
8609
3356
-3193
-10434
-17644
-24073
-29029
-31964
-32534
-30648
-26478
-20434
-13124
-5276
2340
9014
14162
17403
18598
17853
15509
12087
8216
4558
1710
137
104
1644
4556
8423
12672
16646
19684
21214
20823
18319
13758
7443
-99
-8191
-16063
-22956
-28206
-31316
-32023
-30315
-26446
-20886
-14278
-7351
-836
4624
8547
10664
10953
9629
7115
3980
863
-1611
-2921
-2711
-845
2569
7202
12522
17880
22572
25942
27452
26763
23772
18635
11756
3732
-4700
-12760
-19703
-24912
-27967
-28686
-27150
-23682
-18804
-13177
-7507
-2466
1393
3706
4333
3379
1168
-1794
-4895
-7496
-9014
-9006
-7231
-3679
1412
7589
14227
20611
26012
29785
31443
30717
27594
22319
15370
7404
-822
-8537
-15039
-19788
-22450
-22945
-21441
-18334
-14187
-9661
-5428
-2079
-60
391
-724
-3173
-6521
-10185
-13515
-15875
-16735
-15733
-12734
-7851
-1438
5945
13602
20770
26719
30833
32679
32071
29078
24023
17445
10031
2535
-4308
-9869
-13702
-15581
-15533
-13826
-10918
-7410
-3951
-1163
448
559
-933
-3889
-7949
-12572
-17108
-20877
-23258
-23772
-22140
-18331
-12566
-5299
2829
11070
18643
24838
29083
31025
30555
27826
23232
17353
10884
4558
-957
-5128
-7618
-8328
-7400
-5198
-2248
822
3381
4867
4869
3184
-153
-4873
-10493
-16383
-21834
-26152
-28742
-29178
-27267
-23069
-16903
-9302
-961
7340
14840
20866
24920
26732
26285
23817
19779
14782
9515
4657
798
-1639
-2451
-1670
440
3421
6680
9575
11494
11939
10600
7390
2472
-3756
-10715
-17697
-23960
-28804
-31674
-32207
-30292
-26078
-19962
-12535
-4525
3294
10197
15581
19038
20401
19752
17410
13882
9796
5820
2569
536
14
1076
3550
7053
11031
14840
17820
19391
19126
16805
12459
6365
-976
-8898
-16646
-23458
-28661
-31745
-32423
-30668
-26707
-21002
-14187
-6993
-162
5643
9912
12348
12897
11747
9302
6117
2831
78
-1600
-1821
-417
2542
6753
11716
16798
21306
24581
26077
25433
22528
17494
10706
2753
-5645
-13706
-20681
-25937
-29034
-29769
-28197
-24628
-19570
-13679
-7671
-2235
2054
4799
5828
5211
3250
424
-2660
-5364
-7095
-7390
-5977
-2818
1881
7697
14029
20171
25405
29078
30689
29953
26835
21557
14580
6551
-1779
-9629
-16289
-21196
-23991
-24570
-23077
-19890
-15565
-10761
-6161
-2378
113
1046
382
-1677
-4722
-8190
-11440
-13835
-14830
-14043
-11313
-6722
-600
6521
13959
20962
26797
30839
32643
31998
28953
23817
17111
9516
1792
-5315
-11158
-15261
-17372
-17494
-15862
-12925
-9273
-5559
-2417
-377
206
-801
-3298
-6952
-11251
-15559
-19204
-21558
-22131
-20623
-16975
-11386
-4285
3706
11847
19362
25529
29769
31702
31203
28404
23679
17602
10868
4214
-1670
-6225
-9086
-10123
-9446
-7394
-4481
-1322
1438
3228
3613
2357
-537
-4834
-10077
-15660
-20886
-25064
-27589
-28025
-26154
-22016
-15905
-8338
