0.023797512,0.22394228,0.5173416
-0.030612826,0.30300832,0.48530483
-0.014068186,0.34098172,0.2566452
0.09528297,0.3360529,0.37098217
0.20682183,0.29676032,0.46173382
0.27661097,0.3287785,0.55665684
0.26185143,0.35017705,0.5983591
0.22445422,0.3477888,0.49305344
0.17113873,0.3883083,0.32694244
0.11322734,0.4451301,0.17143822
0.09962672,0.4920001,0.08838081
0.095189184,0.50990105,0.050351143
0.11169866,0.47419405,0.036375046
0.1289962,0.39684916,0.06930542
0.13303494,0.36972094,0.11876869
0.13101009,0.34061837,0.19368362
0.13230628,0.30562973,0.30412102
0.112992704,0.28081775,0.33872318
0.09918794,0.24307537,0.39628983
0.08483422,0.20506549,0.45040607
0.076592386,0.14514613,0.4043827
0.0819208,0.14933491,0.31734848
0.05041057,0.20566511,0.19207191
0.017410457,0.1895318,0.07970333
-0.0029469728,0.18318558,0.041251183
-0.010797143,0.16878772,0.04848671
-1.8519163E-4,0.12891793,0.071331024
0.012430668,0.13847542,0.10966778
0.019250214,0.14761686,0.1481266
0.03850591,0.13306904,0.22699928
0.065791786,0.17123008,0.26803875
0.06820321,0.176795,0.24830818
0.07944316,0.17553926,0.2514801
0.084279925,0.21033216,0.2359991
0.09105259,0.23047495,0.20700264
0.090153486,0.22460413,0.16708755
0.08870074,0.27131414,0.1105423
0.07609677,0.2695887,0.07541466
0.065476835,0.25196362,0.0661602
0.08522168,0.24220824,0.0788908
0.08888465,0.25420952,0.10855198
0.0931451,0.2566769,0.12174034
0.080084294,0.2601645,0.122125626
0.07695818,0.22887683,0.113310814
0.07297099,0.2112999,0.13667488
0.076317966,0.19518733,0.17875767
0.07268825,0.16465712,0.19896507
0.06567365,0.14576077,0.23774529
0.05869186,0.1405592,0.23090458
0.038414955,0.12626624,0.18360806
0.034227848,0.14429045,0.16016197
0.018586457,0.12907529,0.12592506
0.0069283843,0.10823774,0.09996033
0.011163175,0.12802744,0.09165478
0.015770316,0.13948274,0.09372997
0.01745683,0.1357162,0.11680412
0.031831443,0.14201522,0.12284088
0.048309147,0.12766027,0.13697529
0.03968665,0.12636614,0.14620113
0.045508474,0.13462114,0.14589214
0.03830868,0.1424694,0.13720226
0.017012179,0.14494085,0.06397438
-0.004044771,0.16021919,-0.20631313
-0.012922525,0.1525011,-0.30784035
-0.021064997,0.09047127,-0.004831314
0.0037898123,0.008723974,0.22263813
0.03764513,0.032240868,0.477458
0.08660486,0.03229952,0.5258713
0.0756422,0.03920269,0.41375828
0.07402119,0.05581808,0.2435379
0.07550046,0.11804199,0.116642
0.054603845,0.13086891,0.046967506
0.05047193,0.12501144,-0.06431961
0.040436506,0.16718936,-0.11716938
0.04042843,0.21200132,-0.00879097
0.049593985,0.22163343,0.15626812
0.055249155,0.20960331,0.23280716
0.06941223,0.2128017,0.22867107
0.07052314,0.20226145,0.12185669
0.06902164,0.18823862,0.012747765
0.05725202,0.14769483,0.022278786
0.015960455,0.121064425,0.046135902
-2.72125E-4,0.09952736,0.042513847
-0.015256226,0.07563257,0.056678772
-0.01823023,0.030082703,0.10857105
-0.0031398833,-0.011218309,0.19777775
-0.014092475,-0.065155745,0.21589565
-0.025128812,-0.07138014,0.18834114
-0.067395,-0.08478212,0.14163303
-0.10147151,-0.09104419,0.18870544
-0.13710758,-0.09038234,0.16253757
-0.14817476,-0.08977127,0.09110165
-0.17265946,-0.10331869,0.06979561
-0.16855475,-0.10829711,0.11248016
-0.13413325,-0.06571245,0.22219753
-0.028620392,0.01092267,0.40909386
0.032263964,0.042810917,0.44219875
0.0864788,0.04917407,0.42720318
0.11456564,0.030080795,0.38344574
0.16044676,0.04713726,0.34194088
0.1823115,0.07380271,0.36318302
0.21254173,0.0945282,0.37187958
0.23821808,0.10107398,0.4085312
0.25010657,0.069714785,0.44560814
0.2687388,0.045842886,0.4700775
0.24563068,-0.0062320232,0.47970295
0.21181321,-0.03400016,0.48057175
0.17074192,-0.0803895,0.43479156
0.1341809,-0.11091757,0.39616585
0.08659369,-0.1638372,0.35157394
0.030430675,-0.21762872,0.3307686
-0.010655105,-0.25578332,0.3406744
-0.038062572,-0.28671956,0.3276596
-0.07097709,-0.29406738,0.3215866
-0.08929217,-0.27210176,0.3188753
-0.07420629,-0.2484355,0.31122303
-0.053195834,-0.23144639,0.32721138
-0.021463752,-0.19729435,0.32754135
-0.007697046,-0.13901055,0.33614063
0.053389072,-0.076850414,0.3126526
0.10690397,-0.021643996,0.32150173
0.16239333,0.017130852,0.33517838
0.1995036,0.07852268,0.33467388
0.28386727,0.16601157,0.3712616
0.37618536,0.18566895,0.41032028
0.40760887,0.22590536,0.4139328
0.50019974,0.21668857,0.41933727
0.5389512,0.15298879,0.44450188
0.50182277,0.08389807,0.46915436
0.44275272,0.0025447607,0.40197182
0.33652717,-0.04555148,0.31024075
0.25346178,-0.18988383,0.23221302
0.15806884,-0.33793694,0.22483921
0.046703875,-0.37900347,0.1961565
-0.039534092,-0.36469072,0.103601456
-0.15512007,-0.29889408,-0.0012960434
-0.1958611,-0.30766824,-0.14219666
-0.24485129,-0.2900822,-0.21201897
-0.28485584,-0.26247418,-0.27147293
-0.26981908,-0.25165525,-0.32144642
-0.359398,1.0035543,-9.668841
-2.321338,1.6307142,-0.6664486
-2.0324259,2.3768165,-1.4456968
-0.66943824,1.7541842,-2.5323186
0.6971251,0.47175324,-5.897976
0.97320724,0.6112484,-2.9737563
1.3310963,0.92713916,2.2071028
1.955116,0.9652893,4.900153
2.3091195,0.9439817,2.9260778
1.8961508,0.71456015,0.18245983
1.3337818,0.27324855,1.4690781
0.62574446,-0.26022556,0.78816986
-0.1872986,-0.2757868,-1.4283061
-1.5621324,0.06684366,-1.5273609
-2.8827753,0.262324,-0.7579794
-2.0896688,0.3353214,-1.0783434
-0.59588003,-0.122465774,-0.5287533
-0.16400862,-0.65970147,1.1894093
0.16721213,-0.42680523,0.7267399
0.28421724,0.40043783,0.2953682
0.5521974,0.87850934,-0.10518551
0.44004202,0.9075046,-0.110609055
0.32130808,0.69915426,-0.09329033
0.28178382,0.47078338,0.0658102
0.06996864,0.24622831,0.06095314
-0.11502361,0.090369225,-0.04529476
-0.18301857,0.07164076,-0.14524555
-0.19459468,0.11666137,-0.09708309
-0.042476952,0.17903772,0.12246418
0.06492221,0.23893934,0.19336796
0.13095838,0.3202224,0.18300629
0.12394357,0.34040076,0.09167004
0.02318114,0.30062297,-0.058890343
-0.07806885,0.17590791,0.006829262
-0.077840745,0.12787217,0.0054979324
-0.07614839,0.16599879,0.013729095
0.033032656,0.22324377,0.07079315
0.10513592,0.2768259,0.052559853
0.048542082,0.28745052,0.051120758
0.051956296,0.21957126,0.037781715
0.0054028034,0.22480446,0.017359734
-0.012424469,0.21706402,0.013698578
0.010027945,0.17605236,-0.024540901
0.01085037,0.23180917,0.016033173
0.010304272,0.26856667,0.013493538
0.04763466,0.2831838,-0.039141655
0.039180875,0.3096862,-0.07852173
0.019601107,0.35087186,-0.1726656
-0.0145151615,0.35893548,-0.20928955
-0.010818243,0.33281532,-0.24586582
-0.019533634,0.30894235,-0.24665546
-0.046321273,0.31740576,-0.27138615
-0.03033042,0.30687866,-0.3390236
-0.02658701,0.33578822,-0.30276203
-0.054138422,0.36613482,-0.2905817
-0.051101327,0.3835981,-0.37868023
-0.04642272,0.39198893,-0.3794937
-0.06645256,0.4227484,-0.42927742
-0.065929115,0.45366699,-0.52425003
-0.06175983,0.46959084,-0.5509558
-0.05279869,0.4960287,-0.624074
-0.035511732,0.54044145,-0.69091034
-0.015805364,0.6091173,-0.728755
-0.015088439,0.62122583,-0.77697754
-0.006830871,0.5901911,-0.7865257
0.005728781,0.47675443,-0.7705202
-0.019275904,0.4793031,-0.72655773
-0.011607945,0.5304561,-0.75359344
-0.035911918,0.57635885,-0.80232525
-0.038565814,0.59173536,-0.8141136
-0.038820803,0.56727076,-0.80921173
-0.048725843,0.5115982,-0.80658054
-0.05504012,0.4940045,-0.80242825
-0.036295414,0.49277484,-0.8299465
-0.040161908,0.4887951,-0.8136635
-0.0439685,0.46874255,-0.78216934
-0.048906624,0.4350912,-0.81040096
-0.050005257,0.39338863,-0.8299713
-0.053236067,0.43552387,-0.7466545
0.012406468,0.48290288,-0.6729145
0.11756244,0.50030696,-0.6218071
0.20511508,0.45869315,-0.45247364
0.24459982,0.38998258,-0.32630348
0.31635222,0.31267536,-0.2443676
0.37794805,0.22451663,-0.16998291
-0.094980866,-0.5352688,3.1728344
-0.48899198,-2.4889855,15.754158
1.7114555,-3.0360603,9.70502
2.5192144,-2.986311,3.6693306
1.0056746,-1.6101687,1.9255066
-0.7258942,-0.55573106,-1.532731
-0.98897743,-0.056812286,-1.5449114
-0.32659167,0.036089897,-1.4940004
-0.089580774,-0.2668779,-1.8901405
-0.03848332,-0.1563704,-2.8505616
-0.14640373,-0.12520099,-3.344089
-0.39539188,-0.39593792,-2.4791098
-0.5589414,-0.38600516,-1.3292122
-0.64140195,-0.15470362,-0.67134476
-0.53531903,0.06468582,-0.23596382
-0.28605473,-0.36555696,0.25865078
-0.1100741,-0.4415741,1.7115955
9.88245E-5,-0.35023904,1.5831699
0.21211025,-0.1364317,0.851737
0.23323223,0.015171528,0.4205799
0.10089508,0.060243845,0.104278564
0.025704175,0.06092286,-0.06997967
0.043907523,0.048567772,0.14417171
0.07551223,0.008000612,0.38272
0.12537688,0.028566837,0.7567024
0.16240409,0.14437962,0.7587967
0.080507845,0.30794644,0.028508186
-0.020979255,0.41729987,-0.73675156
-0.11794275,0.44055772,-1.2485895
-0.28290185,0.4229467,-1.5319061
-0.37745374,0.40829372,-1.5222168
-0.16621229,0.4897406,0.02806282
0.5429166,0.4837587,1.8003101
1.0383315,0.12946868,1.8432608
0.83947587,-0.30230546,1.3743944
0.27085978,-0.32341933,0.6500673
-0.019142687,0.047030926,-0.15531826
-0.13575345,0.12454581,-0.57299805
-0.20964944,-0.07581806,-0.48617935
-0.23745912,-0.1293149,-0.37961006
-0.21812904,-0.09986639,-0.34888744
-0.1040169,-0.062032938,-0.22920227
-0.10081601,-0.065732,-0.067237854
-0.074228525,-0.11254597,-0.003624916
-0.017083585,-0.13551426,0.08052063
-0.0018422008,-0.095481634,0.12580967
0.024177402,-0.08253312,0.12544918
-0.021425605,-0.08730388,0.13473701
-0.04761824,-0.045545578,-0.021492004
-0.036042392,-0.007925272,-0.1253004
0.0018340647,0.043884516,-0.09795952
0.051022053,0.10663319,-0.034028053
0.10105264,0.14465714,0.06763077
0.14242676,0.16047478,0.15082645
0.13422176,0.18268132,0.11413193
0.10465112,0.17384553,0.049660683
0.07465136,0.17637634,-0.018842697
0.0510045,0.14293003,-0.082053185
0.027548045,0.074120045,-0.072164536
0.028093487,0.024371862,0.02475357
0.026308328,0.008690596,0.07464981
0.017037392,-0.029553413,0.108548164
0.017872334,-0.039159298,0.081074715
-0.008683741,-0.021557331,0.030534744
-0.013636231,-0.019846916,-0.02751255
-0.026841521,-0.01613164,-0.04173565
-0.02220887,-0.026848316,-0.03879738
-0.030447543,-0.16492915,0.1018095
-0.08898601,-0.33274674,-0.5238495
-0.15156934,-0.14222884,-0.75742054
-0.1587643,-0.25222802,0.47652912
-0.18533546,-0.23991895,0.36798763
-0.13335481,-0.23571205,0.183774
-0.10889912,-0.31616044,1.0416431
-0.19510555,-0.42451406,1.0485373
-0.17077172,-0.41392922,1.2739906
0.35723874,-0.25989103,1.9261789
0.70801276,-0.22939944,0.6486683
0.32152718,-0.47314358,0.56924725
-0.103105724,-0.6847465,0.8324728
0.008969545,-0.55840707,0.24498367
-0.035960436,-0.27096367,0.11137962
-0.19593889,-0.1182549,0.12973404
-0.16930091,-0.11956501,0.008490562
-0.1602678,-0.13640952,-0.044073105
-0.090919405,-0.08237195,-0.14622688
0.03177643,-0.15633571,-0.2556858
0.13057691,-0.026742458,-0.35205078
0.1568405,0.20974004,-0.29323387
0.15132338,0.35572374,-0.47225094
0.13742554,0.49359572,-0.64703083
0.09896487,0.5269799,-0.82938194
0.052793443,0.5199543,-1.1042967
-0.020063818,0.5384265,-1.2569485
-0.074784994,0.5657518,-1.4154558
-0.0958426,0.59755224,-1.3374138
-0.06494939,0.6773107,-1.1892862
-0.019425869,0.75738674,-1.1549797
-1.6129017E-4,0.80538714,-1.1159277
0.026904643,0.77791977,-0.96708584
0.048845053,0.6679641,-0.8877497
0.04890269,0.57248735,-0.8859892
0.026777267,0.48532176,-0.9257269
-0.014438808,0.47795558,-0.94828606
-0.046497345,0.4947629,-0.95728207
-0.076898605,0.5331639,-0.9633961
-0.103352994,0.5498607,-0.97728825
-0.10380918,0.48836827,-0.95130444
-0.0018826723,0.34566534,-0.69256115
-0.16481102,0.49983346,-0.61419296
-0.06479514,0.3361125,0.03316021
0.77740467,-0.046644926,5.008703
1.7757466,-1.1183794,5.670286
1.2462956,-2.4871035,4.6896772
-0.011005998,-2.1807623,-0.4714527
-1.2401655,-0.45415664,-0.9246931
-1.4093678,0.41964602,-0.66020584
-0.69924825,0.04829192,-0.57838726
-0.16337577,-0.23775077,0.39280224
0.20396394,-0.06337094,0.17451859
0.46532,0.19293594,-0.6363344
0.5691179,0.118593454,-0.1318388
0.35879117,-0.21219397,0.7127323
0.17499521,-0.21155381,0.38292122
-0.11152631,0.17009926,-0.006341934
-0.20098558,0.32190776,-0.12292099
-0.060156465,0.15469313,-0.08721733
0.026510924,-0.004226923,0.14653015
0.060676098,-0.07805133,0.12150478
0.06229034,-0.089277506,-0.10543537
0.06419319,0.004450798,-0.19690514
0.027313739,0.037695885,-0.12083149
-0.015073717,0.026207924,0.09132767
-0.015685648,0.061636925,0.24930763
-0.0016278327,0.059529305,0.17634201
0.012521625,0.02069354,-0.022064209
0.023453176,0.004480362,-0.11531067
-0.015843064,-0.032227516,-0.16221619
-0.03813696,-0.049821854,-0.04103756
-0.027611405,-0.036086798,0.027008057
-0.022538453,-0.027854443,0.057650566
-0.011992902,-0.02493596,0.07134056
0.0017743707,-0.0044984818,0.06338596
0.008343279,0.013798952,0.048373222
0.011659861,-0.004103422,0.028877258
0.042106807,0.05833602,0.021814346
0.047331393,0.10404134,0.0035629272
0.062278003,0.21795797,-0.0067014694
0.1047405,0.23665285,-0.0032625198
0.09469873,0.13586307,-0.02452755
0.06630319,0.04181409,0.027287483
0.047199905,0.009846687,-0.030963898
-0.0015267134,0.09984732,-0.055989265
-0.024891794,0.0018577576,-0.0897665
-0.034695476,-0.066547155,0.10890484
-0.016829222,-0.040083647,0.1309557
-0.007405609,0.043983936,0.06993675
-0.008543968,0.067536354,0.030025482
-0.011493772,0.045767784,0.09737015
0.017291486,0.041713953,0.09998226
0.040893465,0.063213825,0.027467728
0.023886949,0.044925928,-0.0637455
0.021892786,-0.007022381,-0.067279816
0.040218025,-0.06617975,0.005961418
0.04809925,-0.11700678,0.06505108
0.06667271,-0.09986782,0.021608353
0.0273287,-0.0676949,-0.0107584
-0.026159734,-0.04341221,-0.019014359
-0.046077102,-0.036798477,-0.043890953
-0.055007428,-0.031386375,-0.019733429
-0.037443668,-0.03556013,0.015122414
-0.0065948367,0.019991875,0.02363205
0.0016489923,0.027610779,0.052425385
0.008735925,6.6304207E-4,0.050126076
0.030128598,0.025276423,9.727478E-5
0.009789288,0.04177189,-7.658005E-4
0.0074414015,0.050328016,0.0068588257
0.005343288,0.059281826,-0.014075279
0.008253783,0.068605185,0.006957054
0.031861603,0.05559182,-0.059126854
0.048555106,0.03922248,0.038635254
0.006887555,0.045797586,0.0024785995
0.033372104,0.039393187,0.02377987
0.008464217,0.03547144,0.018782616
0.023134798,0.047014236,0.026922226
0.033079803,0.022701979,0.033857346
0.019146949,0.04855442,0.0335989
0.018276423,0.052859306,0.013035774
0.041233003,0.077281,0.037856102
0.049776584,0.12908387,0.019613266
0.06425455,0.1341815,0.05396366
0.05010256,0.11547685,0.036910057
0.05765426,0.11005664,0.054570198
0.046239406,0.10357356,0.030430794
0.042022914,0.06140828,0.027884483
0.02114597,0.043349504,0.015826225
0.008621782,0.018339157,0.0026483536
0.015340269,-0.017095804,0.027806282
0.015118271,-0.048543453,0.047042847
0.009113461,-0.052215338,0.026899338
0.025873512,-0.04957509,-0.0062417984
-0.0016084313,-0.036068678,1.449585E-4
-0.013560593,-0.034382343,-6.055832E-4
-0.009919226,-0.03753543,0.009387016
-0.0038178563,-0.06115222,0.026489258
0.011762679,-0.062405586,0.033893585
0.0033183098,-0.06779599,0.023205757
0.0018430948,-0.07856941,0.0039978027
-0.019030333,-0.087750435,0.03356266
-0.023626804,-0.055930853,0.007857323
-0.015399694,-0.038101435,-0.02281189
7.747412E-4,-0.019773245,0.0013246536
-0.0036308765,-0.035109043,0.01800251
-0.003462851,-0.0031661987,0.040371895
0.00593251,0.020147324,-0.027693748
0.010392785,0.0019226074,-0.009673119
0.017280102,0.047118664,0.018987656
0.014806867,0.040257215,-0.012965202
-0.012372136,0.04951501,-0.013598442
9.018183E-5,0.03449607,0.010923386
0.021079004,0.036886215,0.018829346
0.025916457,0.034701586,0.016078949
0.021352112,-0.02783227,0.07988739
0.02988857,-0.024632215,-0.03847885
0.025266409,-0.022993803,0.009047508
0.020458162,-0.01827383,0.0049886703
0.010566354,0.010699272,-4.2533875E-4
-0.0020577312,0.020962954,-0.027377129
-0.012718558,0.05293584,0.016872406
0.012758851,0.022390842,-0.054585457
-0.007665038,0.035419464,0.004922867
-0.01879996,0.005056858,-0.005095482
-0.01848203,0.0031027794,0.0145225525
-0.0032379031,0.02117896,-0.017144203
-0.012371898,0.09730816,-0.03313446
0.005515218,0.08275652,-0.0062303543
0.018573284,0.08397651,-0.009159088
0.056612194,0.099886894,0.03911972
0.083823144,0.1457777,0.020651817
0.114542305,0.20125961,0.0143556595
0.11189312,0.22253084,0.0035619736
0.107134044,0.20513415,0.073786736
0.10993686,0.2050569,0.080690384
0.08442792,0.16993165,0.02716732
0.0330472,0.12277079,-0.013830185
-0.021386504,0.100563526,0.031216621
-0.06307334,0.05338788,0.05600643
-0.09316307,-0.026899576,0.061893463
-0.11059636,-0.09361529,0.037195206
-0.10609931,-0.15390134,-0.020184517
-0.10213584,-0.19242382,-0.007876396
-0.075816214,-0.19145656,0.036792755
-0.04483366,-0.1951437,0.06256294
-0.0066057444,-0.16181135,0.09694481
0.059098303,-0.11809683,0.1481266
0.065493405,-0.07327032,0.17453194
0.018731415,0.00496912,0.17643547
-0.01684022,0.014407396,0.18614388
-0.0399127,-0.0030736923,0.1228323
-0.08564514,0.05146289,0.15297031
-0.073501706,0.08739591,0.15384579
