84.65495705659619
88.49643489606325
52.74003730944348
48.36640938400513
58.248934390944804
55.73217831053233
49.21463625817111
48.23768847856019
52.82574616267317
53.737200023957044
61.68479637013624
66.08258772429708
75.62484570447761
77.73844587758904
69.63202799574896
57.908708567166165
59.96729731718597
55.793886406495275
70.21217255994723
72.13716086263693
84.1470332133344
77.11314234338627
76.07281374838733
63.43239286199517
61.52933925680939
62.78150820744607
69.78917138333782
73.21302131844192
73.53699714937461
87.51322784149323
88.19574053137826
81.05411973641748
81.30341875535804
75.57447815768627
80.63738349513216
88.40789337748876
86.32804122603851
81.78914463122658
97.04954679358909
92.78309678999575
76.65082388332789
71.62813310706854
60.99287711280921
69.96085587318255
69.0423988191669
65.21453284278022
59.747290483772076
70.39001309232572
77.73554461616264
79.95382202032256
73.40457451754017
87.42678201322703
89.52639585363416
81.2913750381586
83.7647158288233
82.54315498549731
67.24446746576919
66.45809184036878
66.85512617814047
62.9596538312666
68.24995523234765
73.86919464773273
99.58069531654988
99.5713386767295
59.6380507088094
59.41125670701855
67.08082550046528
79.19990694954575
80.82579452083158
69.28378861845432
82.05649409640574
76.71817490294356
91.07185157534687
90.38294245311783
83.41370413773416
64.56962898381852
70.16790581445534
69.93860109208893
60.38340216986483
62.64805000301794
70.91720826033578
79.98071354795026
66.94276433827305
61.262173863254105
63.917424148352985
55.226234383833116
61.009579608207865
54.26879543048361
59.54607358064183
56.97550548988066
73.81052106799447
79.2005040150418
60.09523915188175
77.68600400319022
83.02303337840145
76.41858862274466
75.59074916760996
73.8843545988629
84.30127106698731
89.94197676880705
72.74303687622614
82.99996959809286
89.49509381858304
72.70906283058126
75.40116936939995
71.92026105579583
68.91134044821455
72.38419046364295
82.64450308573308
77.98091350370072
80.72120322818277
86.23949368227933
80.20129981764656
79.68590182596516
86.5586303535666
81.18662559536315
77.08679424143646
70.87198487481336
70.17111672204423
77.16428612208823
75.75264163187497
73.55440145318286
72.49203566618347
70.70676168933032
74.64763236708183
72.43303205240375
67.29636058755175
72.02264164879418
72.32191025968814
72.29674340763279
72.46896156339147
69.32675970627199
67.7174193627374
73.90345595284391
73.85422806381558
77.16075855994384
81.55428032158474
74.24978625483037
84.95236806858969
85.38948734225619
89.48234322924087
86.01325345766907
77.50562788093765
74.29388419843121
72.59462737325202
78.09160885862576
74.91354172131321
77.87065979327794
77.75000381939653
69.90422142736179
71.83245125836255
74.83553963442462
71.98423344797544
71.8153215210843
72.9478992621125
74.45178737596974
75.37762333387504
67.68469199882563
67.7803169795161
75.66152287432888
76.46995103214078
77.72847741443597
79.82014765408991
76.95019867082372
75.83713894506786
86.25837476844751
77.04820952792637
72.16195429175824
80.05906852974512
70.92731849956975
