17269
10860
2323
-6503
-13675
-17624
-17552
-13646
-7044
438
6748
10116
9502
4874
-2766
-11612
-19489
-24393
-24992
-20975
-13146
-3247
6453
13713
16874
15271
9419
894
-8039
-14981
-17991
-16075
-9452
484
11483
20977
26708
27284
22529
13547
2464
-8071
-15531
-18124
-15240
-7608
2863
13539
21694
25174
22923
15258
3804
-8879
-19903
-26744
-27847
-23008
-13430
-1444
10040
18230
21115
17953
9452
-2389
-14751
-24660
-29696
-28562
-21402
-9768
3740
16081
24488
27110
23450
14470
2370
-9933
-19489
-23995
-22337
-14836
-3174
10002
21698
29260
30980
26482
16796
4110
-8737
-18907
-24204
-23562
-17269
-6882
5141
16010
23227
25144
21317
12579
836
-11371
-21439
-27272
-27724
-22829
-13764
-2566
8328
16611
20598
19566
13876
4870
-5444
-14830
-21300
-23513
-21037
-14409
-4991
5321
14505
20812
23111
21086
15278
6950
-2178
-10279
-15767
-17601
-15467
-9822
-1797
7032
14943
20394
22308
20275
14624
6366
-2997
-11743
-18255
-21326
-20385
-15618
-7946
1143
9863
16470
19603
18552
13416
5102
-4831
-14468
-21899
-25605
-24765
-19436
-10561
202
10793
19159
23661
23411
18457
9790
-852
-11321
-19489
-23676
-22989
-17506
-8259
2970
14002
22701
27390
27185
22159
13316
2383
-8538
-17386
-22537
-23111
-19117
-11435
-1619
8414
16757
21866
22839
19557
12675
3479
-6373
-15156
-21389
-24077
-22861
-18059
-10579
-1745
6935
14023
18380
19340
16806
11247
3621
-4785
-12557
-18379
-21238
-20593
-16466
-9452
-634
8577
16669
22278
24419
22671
17266
9070
-547
-9934
-17446
-21735
-21998
-18136
-10784
-1216
8878
17691
23626
25585
23172
16768
7458
-3158
-13264
-21146
-25502
-25659
-21680
-14337
-4956
4831
13373
19282
21658
20214
15302
7819
-962
-9610
-16770
-21364
-22742
-20752
-15744
-8489
-60
8328
15489
20425
22454
21302
17139
10562
2517
-5819
-13200
-18490
-20833
-19793
-15444
-8376
370
9452
17427
22985
25167
23534
18256
10098
306
-9595
-18051
-23738
-25781
-23899
-18445
-10342
-916
8328
15950
20809
22233
20100
14836
7317
-1280
-9676
-16676
-21335
-23071
-21720
-17531
-11107
-3316
4831
12303
18167
21692
22436
20294
15522
8715
749
-7315
-14367
-19391
-21614
-20635
-16499
-9718
-1216
7793
15984
22118
25243
24846
20941
14071
5225
-4317
-13185
-20136
-24233
-24981
-22385
-16923
-9452
-1064
7079
13917
18615
20664
19908
16541
11055
4160
-3299
-10441
-16433
-20571
-22346
-21500
-18059
-12350
-4978
3219
11256
18121
22898
24907
23810
19683
13021
4692
-4186
-12397
-18810
-22546
-23111
-20461
-15010
-7549
873
9116
16108
20992
23227
22631
19380
13947
7025
-575
-8021
-14540
-19489
-22393
-22979
-21192
-17198
-11380
-4318
3252
10500
16581
20738
22403
21287
17441
11278
3530
-4831
-12726
-19119
-23164
-24330
-22475
-17858
-11093
-3053
5263
12871
18928
22826
24245
23158
19803
14624
8203
1193
-5740
-11965
-16925
-20162
-21356
-20348
-17173
-12078
-5526
1827
9185
15695
20553
23111
22980
20099
14756
7561
-632
-8844
-16108
-21593
-24718
-25209
-23119
-18786
-12774
-5772
1491
8328
14156
18525
21131
21815
20554
17456
12759
6829
157
-6661
-12962
-18074
-21393
-22467
-21073
-17269
-11407
-4108
3815
11459
17953
22575
24845
24580
21894
17166
10967
3970
-3141
-9741
-15316
-19489
-22014
-22770
-21741
-19008
-14749
-9242
-2876
3856
10372
16048
20279
22562
22571
20219
15695
9452
2160
-5382
-12349
-18005
-21791
-23390
-22743
-20034
-15633
-10027
-3752
2675
8791
14203
18591
21694
23307
23278
21529
18082
13090
6866
-124
-7279
-13920
-19371
-23050
-24552
-23716
-20646
-15704
-9452
-2566
4252
10371
15295
18702
20448
20539
19094
16300
12377
7562
2112
-3683
-9486
-14901
-19489
-22805
-24451
-24142
-21768
-17438
-11484
-4439
3027
10196
16398
21097
23949
24833
23833
21195
17269
12441
7082
1521
-3964
-9127
-13732
-17535
-20273
-21685
-21548
-19726
-16225
-11226
-5098
1631
8328
14339
19077
22108
23198
22340
19731
15719
10741
5241
-379
-5798
-10778
-15145
-18756
-21466
-23111
-23512
-22505
-19986
-15959
-10586
-4196
2727
9595
15790
20750
24052
25465
24976
22770
19180
14624
9523
4248
-917
-5776
-10197
-14077
-17297
-19700
-21088
-21249
-20007
-17276
-13115
-7755
-1596
4831
10938
16157
20031
22272
22793
21697
19237
15748
11578
7027
2319
-2403
-7049
-11537
-15747
-19489
-22499
-24467
-25085
-24121
-21478
-17245
-11701
-5294
1425
7882
13568
18106
21295
23105
23647
23111
21701
19579
16838
13498
9548
4992
-89
-5505
-10937
-15966
-20131
-23004
-24269
-23789
-21632
-18059
-13479
-8369
-3188
1692
6031
9732
12810
15333
17361
18889
19825
19992
19174
17181
13920
9452
4016
-1983
-8031
-13586
-18168
-21437
-23239
-23614
-22759
-20961
-18517
-15660
-12521
-9114
-5374
-1216
3394
8381
13521
18461
22755
25952
27680
27728
26088
22961
18716
13812
8707
3772
-764
-4831
-8490
-11867
-15078
-18157
-21005
-23396
-25007
-25498
-24600
-22191
-18354
-13373
-7699
-1865
3613
8328
12050
14744
16547
17693
18431
18934
19241
19243
18710
17367
14982
11457
6883
1553
-4073
-9452
-14062
-17506
-19582
-20313
-19919
-18745
-17163
-15467
-13805
-12147
-10313
-8037
-5073
-1287
3267
8328
13456
18116
21785
24065
24768
23951
21896
19028
15815
12647
9751
7146
4666
2023
-1077
-4831
-9250
-14115
-19011
-23395
-26721
-28561
-28704
-27204
-24367
-20675
-16664
-12802
-9378
-6445
-3833
-1216
1772
5409
9781
14721
19828
24540
28256
30482
30944
29657
26921
23245
19226
15398
12111
9452
7239
5094
2565
-728
-4965
-10045
-15584
-20986
-25578
-28767
-30179
-29755
-27760
-24720
-21282
-18059
-15470
-13644
-12393
-11282
-9753
-7294
-3603
1312
7104
13150
18690
23005
25590
26278
25276
23111
20490
18120
16519
15885
16045
16506
16589
15621
13129
8982
3453
-2828
-9013
-14239
-17836
-19489
-19316
-17833
-15814
-14091
-13329
-13846
-15527
-17844
-19995
-21112
-20496
-17815
-13207
-7266
-912
4831
9088
11343
11577
10263
8243
6510
5936
7044
9852
13860
18163
21681
23433
22803
19704
14624
8515
2563
-2101
-4690
-4961
-3277
-517
2150
3571
2915
-95
-5096
-11155
-16996
-21313
-23111
-21957
-18111
-12473
-6364
-1202
1858
2218
0
-3978
-8403
-11804
-12923
-11061
-6263
661
8328
15110
19547
20709
18446
13439
7038
933
-3268
-4451
-2288
2670
9109
15281
19436
20270
-17269
-10860
-2323
6503
13675
17624
17552
13646
7044
-438
-6748
-10116
-9502
-4874
2766
11612
19489
24393
24992
20975
13146
3247
-6453
-13713
-16874
-15271
-9419
-894
8039
14981
17991
16075
9452
-484
-11483
-20977
-26708
-27284
-22529
-13547
-2464
8071
15531
18124
15240
7608
-2863
-13539
-21694
-25174
-22923
-15258
-3804
8879
19903
26744
27847
23008
13430
1444
-10040
-18230
-21115
-17953
-9452
2389
14751
24660
29696
28562
21402
9768
-3740
-16081
-24488
-27110
-23450
-14470
-2370
9933
19489
23995
22337
14836
3174
-10002
-21698
-29260
-30980
-26482
-16796
-4110
8737
18907
24204
23562
17269
6882
-5141
-16010
-23227
-25144
-21317
-12579
-836
11371
21439
27272
27724
22829
13764
2566
-8328
-16611
-20598
-19566
-13876
-4870
5444
14830
21300
23513
21037
14409
4991
-5321
-14505
-20812
-23111
-21086
-15278
-6950
2178
10279
15767
17601
15467
9822
1797
-7032
-14943
-20394
-22308
-20275
-14624
-6366
2997
11743
18255
21326
20385
15618
7946
-1143
-9863
-16470
-19603
-18552
-13416
-5102
4831
14468
21899
25605
24765
19436
10561
-202
-10793
-19159
-23661
-23411
-18457
-9790
852
11321
19489
23676
22989
17506
8259
-2970
-14002
-22701
-27390
-27185
-22159
-13316
-2383
8538
17386
22537
23111
19117
11435
1619
-8414
-16757
-21866
-22839
-19557
-12675
-3479
6373
15156
21389
24077
22861
18059
10579
1745
-6935
-14023
-18380
-19340
-16806
-11247
-3621
4785
12557
18379
21238
20593
16466
9452
634
-8577
-16669
-22278
-24419
-22671
-17266
-9070
547
9934
17446
21735
21998
18136
10784
1216
-8878
-17691
-23626
-25585
-23172
-16768
-7458
3158
13264
21146
25502
25659
21680
14337
4956
-4831
-13373
-19282
-21658
-20214
-15302
-7819
962
9610
16770
21364
22742
20752
15744
8489
60
-8328
-15489
-20425
-22454
-21302
-17139
-10562
-2517
5819
13200
18490
20833
19793
15444
8376
-370
-9452
-17427
-22985
-25167
-23534
-18256
-10098
-306
9595
18051
23738
25781
23899
18445
10342
916
-8328
-15950
-20809
-22233
-20100
-14836
-7317
1280
9676
16676
21335
23071
21720
17531
11107
3316
-4831
-12303
-18167
-21692
-22436
-20294
-15522
-8715
-749
7315
14367
19391
21614
20635
16499
9718
1216
-7793
-15984
-22118
-25243
-24846
-20941
-14071
-5225
4317
13185
20136
24233
24981
22385
16923
9452
1064
-7079
-13917
-18615
-20664
-19908
-16541
-11055
-4160
3299
10441
16433
20571
22346
21500
18059
12350
4978
-3219
-11256
-18121
-22898
-24907
-23810
-19683
-13021
-4692
4186
12397
18810
22546
23111
20461
15010
7549
-873
-9116
-16108
-20992
-23227
-22631
-19380
-13947
-7025
575
8021
14540
19489
22393
22979
21192
17198
11380
4318
-3252
-10500
-16581
-20738
-22403
-21287
-17441
-11278
-3530
4831
12726
19119
23164
24330
22475
17858
11093
3053
-5263
-12871
-18928
-22826
-24245
-23158
-19803
-14624
-8203
-1193
5740
11965
16925
20162
21356
20348
17173
12078
5526
-1827
-9185
-15695
-20553
-23111
-22980
-20099
-14756
-7561
632
8844
16108
21593
24718
25209
23119
18786
12774
5772
-1491
-8328
-14156
-18525
-21131
-21815
-20554
-17456
-12759
-6829
-157
6661
12962
18074
21393
22467
21073
17269
11407
4108
-3815
-11459
-17953
-22575
-24845
-24580
-21894
-17166
-10967
-3970
3141
9741
15316
19489
22014
22770
21741
19008
14749
9242
2876
-3856
-10372
-16048
-20279
-22562
-22571
-20219
-15695
-9452
-2160
5382
12349
18005
21791
23390
22743
20034
15633
10027
3752
-2675
-8791
-14203
-18591
-21694
-23307
-23278
-21529
-18082
-13090
-6866
124
7279
13920
19371
23050
24552
23716
20646
15704
9452
2566
-4252
-10371
-15295
-18702
-20448
-20539
-19094
-16300
-12377
-7562
-2112
3683
9486
14901
19489
22805
24451
24142
21768
17438
11484
4439
-3027
-10196
-16398
-21097
-23949
-24833
-23833
-21195
-17269
-12441
-7082
-1521
3964
9127
13732
17535
20273
21685
21548
19726
16225
11226
5098
-1631
-8328
-14339
-19077
-22108
-23198
-22340
-19731
-15719
-10741
-5241
379
5798
10778
15145
18756
21466
23111
23512
22505
19986
15959
10586
4196
-2727
-9595
-15790
-20750
-24052
-25465
-24976
-22770
-19180
-14624
-9523
-4248
917
5776
10197
14077
17297
19700
21088
21249
20007
17276
13115
7755
1596
-4831
-10938
-16157
-20031
-22272
-22793
-21697
-19237
-15748
-11578
-7027
-2319
2403
7049
11537
15747
19489
22499
24467
25085
24121
21478
17245
11701
5294
-1425
-7882
-13568
-18106
-21295
-23105
-23647
-23111
-21701
-19579
-16838
-13498
-9548
-4992
89
5505
10937
15966
20131
23004
24269
23789
21632
18059
13479
8369
3188
-1692
-6031
-9732
-12810
-15333
-17361
-18889
-19825
-19992
-19174
-17181
-13920
-9452
-4016
1983
8031
13586
18168
21437
23239
23614
22759
20961
18517
15660
12521
9114
5374
1216
-3394
-8381
-13521
-18461
-22755
-25952
-27680
-27728
-26088
-22961
-18716
-13812
-8707
-3772
764
4831
8490
11867
15078
18157
21005
23396
25007
25498
24600
22191
18354
13373
7699
1865
-3613
-8328
-12050
-14744
-16547
-17693
-18431
-18934
-19241
-19243
-18710
-17367
-14982
-11457
-6883
-1553
4073
9452
14062
17506
19582
20313
19919
18745
17163
15467
13805
12147
10313
8037
5073
1287
-3267
-8328
-13456
-18116
-21785
-24065
-24768
-23951
-21896
-19028
-15815
-12647
-9751
-7146
-4666
-2023
1077
4831
9250
14115
19011
23395
26721
28561
28704
27204
24367
20675
16664
12802
9378
6445
3833
1216
-1772
-5409
-9781
-14721
-19828
-24540
-28256
-30482
-30944
-29657
-26921
-23245
-19226
-15398
-12111
-9452
-7239
-5094
-2565
728
4965
10045
15584
20986
25578
28767
30179
29755
27760
24720
21282
18059
15470
13644
12393
11282
9753
7294
3603
-1312
-7104
-13150
-18690
-23005
-25590
-26278
-25276
-23111
-20490
-18120
-16519
-15885
-16045
-16506
-16589
-15621
-13129
-8982
-3453
2828
9013
14239
17836
19489
19316
17833
15814
14091
13329
13846
15527
17844
19995
21112
20496
17815
13207
7266
912
-4831
-9088
-11343
-11577
-10263
-8243
-6510
-5936
-7044
-9852
-13860
-18163
-21681
-23433
-22803
-19704
-14624
-8515
-2563
2101
4690
4961
3277
517
-2150
-3571
-2915
95
5096
11155
16996
21313
23111
21957
18111
12473
6364
1202
-1858
-2218
0
3978
8403
11804
12923
11061
6263
-661
-8328
-15110
-19547
-20709
-18446
-13439
-7038
-933
3268
4451
2288
-2670
-9109
-15281
-19436
-20270
-17269
-10860
-2323
6503
13675
17624
17552
13646
7044
-438
-6748
-10116
-9502
-4874
2766
11612
19489
24393
24992
20975
13146
3247
-6453
-13713
-16874
-15271
-9419
-894
8039
14981
17991
16075
9452
-484
-11483
-20977
-26708
-27284
-22529
-13547
-2464
8071
15531
18124
15240
7608
-2863
-13539
-21694
-25174
-22923
-15258
-3804
8879
19903
26744
27847
23008
13430
1444
-10040
-18230
-21115
-17953
-9452
2389
14751
24660
29696
28562
21402
9768
-3740
-16081
-24488
-27110
-23450
-14470
-2370
9933
19489
23995
22337
14836
3174
-10002
-21698
-29260
-30980
-26482
-16796
-4110
8737
18907
24204
23562
17269
6882
-5141
-16010
-23227
-25144
-21317
-12579
-836
11371
21439
27272
27724
22829
13764
2566
-8328
-16611
-20598
-19566
-13876
-4870
5444
14830
21300
23513
21037
14409
4991
-5321
-14505
-20812
-23111
-21086
-15278
-6950
2178
10279
15767
17601
15467
9822
1797
-7032
-14943
-20394
-22308
-20275
-14624
-6366
2997
11743
18255
21326
20385
15618
7946
-1143
-9863
-16470
-19603
-18552
-13416
-5102
4831
14468
21899
25605
24765
19436
10561
-202
-10793
-19159
-23661
-23411
-18457
-9790
852
11321
19489
23676
22989
17506
8259
-2970
-14002
-22701
-27390
-27185
-22159
-13316
-2383
8538
17386
22537
23111
19117
11435
1619
-8414
-16757
-21866
-22839
-19557
-12675
-3479
6373
15156
21389
24077
22861
18059
10579
1745
-6935
-14023
-18380
-19340
-16806
-11247
-3621
4785
12557
18379
21238
20593
16466
9452
634
-8577
-16669
-22278
-24419
-22671
-17266
-9070
547
9934
17446
21735
21998
18136
10784
1216
-8878
-17691
-23626
-25585
-23172
-16768
-7458
3158
13264
21146
25502
25659
21680
14337
4956
-4831
-13373
-19282
-21658
-20214
-15302
-7819
962
9610
16770
21364
22742
20752
15744
8489
60
-8328
-15489
-20425
-22454
-21302
-17139
-10562
-2517
5819
13200
18490
20833
19793
15444
8376
-370
-9452
-17427
-22985
-25167
-23534
-18256
-10098
-306
9595
18051
23738
25781
23899
18445
10342
916
-8328
-15950
-20809
-22233
-20100
-14836
-7317
1280
9676
16676
21335
23071
21720
17531
11107
3316
-4831
-12303
-18167
-21692
-22436
-20294
-15522
-8715
-749
7315
14367
19391
21614
20635
16499
9718
1216
-7793
-15984
-22118
-25243
-24846
-20941
-14071
-5225
4317
13185
20136
24233
24981
22385
16923
9452
1064
-7079
-13917
-18615
-20664
-19908
-16541
-11055
-4160
3299
10441
16433
20571
22346
21500
18059
12350
4978
-3219
-11256
-18121
-22898
-24907
-23810
-19683
-13021
-4692
4186
12397
18810
22546
23111
20461
15010
7549
-873
-9116
-16108
-20992
-23227
-22631
-19380
-13947
-7025
575
8021
14540
19489
22393
22979
21192
17198
11380
4318
-3252
-10500
-16581
-20738
-22403
-21287
-17441
-11278
-3530
4831
12726
19119
23164
24330
22475
17858
11093
3053
-5263
-12871
-18928
-22826
-24245
-23158
-19803
-14624
-8203
-1193
5740
11965
16925
20162
21356
20348
17173
12078
5526
-1827
-9185
-15695
-20553
-23111
-22980
-20099
-14756
-7561
632
8844
16108
21593
24718
25209
23119
18786
12774
5772
-1491
-8328
-14156
-18525
-21131
-21815
-20554
-17456
-12759
-6829
-157
6661
12962
18074
21393
22467
21073
17269
11407
4108
-3815
-11459
-17953
-22575
-24845
-24580
-21894
-17166
-10967
-3970
3141
9741
15316
19489
22014
22770
21741
19008
14749
9242
2876
-3856
-10372
-16048
-20279
-22562
-22571
-20219
-15695
-9452
-2160
5382
12349
18005
21791
23390
22743
20034
15633
10027
3752
-2675
-8791
-14203
-18591
-21694
-23307
-23278
-21529
-18082
-13090
-6866
124
7279
13920
19371
23050
24552
23716
20646
15704
9452
2566
-4252
-10371
-15295
-18702
-20448
-20539
-19094
-16300
-12377
-7562
-2112
3683
9486
14901
19489
22805
24451
24142
21768
17438
11484
4439
-3027
-10196
-16398
-21097
-23949
-24833
-23833
-21195
-17269
-12441
-7082
-1521
3964
9127
13732
17535
20273
21685
21548
19726
16225
11226
5098
-1631
-8328
-14339
-19077
-22108
-23198
-22340
-19731
-15719
-10741
-5241
379
5798
10778
15145
18756
21466
23111
23512
22505
19986
15959
10586
4196
-2727
-9595
-15790
-20750
-24052
-25465
-24976
-22770
-19180
-14624
-9523
-4248
917
5776
10197
14077
17297
19700
21088
21249
20007
17276
13115
7755
1596
-4831
-10938
-16157
-20031
-22272
-22793
-21697
-19237
-15748
-11578
-7027
-2319
2403
7049
11537
15747
19489
22499
24467
25085
24121
21478
17245
11701
5294
-1425
-7882
-13568
-18106
-21295
-23105
-23647
-23111
-21701
-19579
-16838
-13498
-9548
-4992
89
5505
10937
15966
20131
23004
24269
23789
21632
18059
13479
8369
3188
-1692
-6031
-9732
-12810
-15333
-17361
-18889
-19825
-19992
-19174
-17181
-13920
-9452
-4016
1983
8031
13586
18168
21437
23239
23614
22759
20961
18517
15660
12521
9114
5374
1216
-3394
-8381
-13521
-18461
-22755
-25952
-27680
-27728
-26088
-22961
-18716
-13812
-8707
-3772
764
4831
8490
11867
15078
18157
21005
23396
25007
25498
24600
22191
18354
13373
7699
1865
-3613
-8328
-12050
-14744
-16547
-17693
-18431
-18934
-19241
-19243
-18710
-17367
-14982
-11457
-6883
-1553
4073
9452
14062
17506
19582
20313
19919
18745
17163
15467
13805
12147
10313
8037
5073
1287
-3267
-8328
-13456
-18116
-21785
-24065
-24768
-23951
-21896
-19028
-15815
-12647
-9751
-7146
-4666
-2023
1077
4831
9250
14115
19011
23395
26721
28561
28704
27204
24367
20675
16664
12802
9378
6445
3833
1216
-1772
-5409
-9781
-14721
-19828
-24540
-28256
-30482
-30944
-29657
-26921
-23245
-19226
-15398
-12111
-9452
-7239
-5094
-2565
728
4965
10045
15584
20986
25578
28767
30179
29755
27760
24720
21282
18059
15470
13644
12393
11282
9753
7294
3603
-1312
-7104
-13150
-18690
-23005
-25590
-26278
-25276
-23111
-20490
-18120
-16519
-15885
-16045
-16506
-16589
-15621
-13129
-8982
-3453
2828
9013
14239
17836
19489
19316
17833
15814
14091
13329
13846
15527
17844
19995
21112
20496
17815
13207
7266
912
-4831
-9088
-11343
-11577
-10263
-8243
-6510
-5936
-7044
-9852
-13860
-18163
-21681
-23433
-22803
-19704
-14624
-8515
-2563
2101
4690
4961
3277
517
-2150
-3571
-2915
95
5096
11155
16996
21313
23111
21957
18111
12473
6364
1202
-1858
-2218
0
3978
8403
11804
12923
11061
6263
-661
-8328
-15110
-19547
-20709
-18446
-13439
-7038
-933
3268
4451
2288
-2670
-9109
-15281
-19436
-20270
-17269
-10860
-2323
6503
13675
17624
17552
13646
7044
-438
-6748
-10116
-9502
-4874
2766
11612
19489
24393
24992
20975
13146
3247
-6453
-13713
-16874
-15271
-9419
-894
8039
14981
17991
16075
9452
-484
-11483
-20977
-26708
-27284
-22529
-13547
-2464
8071
15531
18124
15240
7608
-2863
-13539
-21694
-25174
-22923
-15258
-3804
8879
19903
26744
27847
23008
13430
1444
-10040
-18230
-21115
-17953
-9452
2389
14751
24660
29696
28562
21402
9768
-3740
-16081
-24488
-27110
-23450
-14470
-2370
9933
19489
23995
22337
14836
3174
-10002
-21698
-29260
-30980
-26482
-16796
-4110
8737
18907
24204
23562
17269
6882
-5141
-16010
-23227
-25144
-21317
-12579
-836
11371
21439
27272
27724
22829
13764
2566
-8328
-16611
-20598
-19566
-13876
-4870
5444
14830
21300
23513
21037
14409
4991
-5321
-14505
-20812
-23111
-21086
-15278
-6950
2178
10279
15767
17601
15467
9822
1797
-7032
-14943
-20394
-22308
-20275
-14624
-6366
2997
11743
18255
21326
20385
15618
7946
-1143
-9863
-16470
-19603
-18552
-13416
-5102
4831
14468
21899
25605
24765
19436
10561
-202
-10793
-19159
-23661
-23411
-18457
-9790
852
11321
19489
23676
22989
17506
8259
-2970
-14002
-22701
-27390
-27185
-22159
-13316
-2383
8538
17386
22537
23111
19117
11435
1619
-8414
-16757
-21866
-22839
-19557
-12675
-3479
6373
15156
21389
24077
22861
18059
10579
1745
-6935
-14023
-18380
-19340
-16806
-11247
-3621
4785
12557
18379
21238
20593
16466
9452
634
-8577
-16669
-22278
-24419
-22671
-17266
-9070
547
9934
17446
21735
21998
18136
10784
1216
-8878
-17691
-23626
-25585
-23172
-16768
-7458
3158
13264
21146
25502
25659
21680
14337
4956
-4831
-13373
-19282
-21658
-20214
-15302
-7819
962
9610
16770
21364
22742
20752
15744
8489
60
-8328
-15489
-20425
-22454
-21302
-17139
-10562
-2517
5819
13200
18490
20833
19793
15444
8376
-370
-9452
-17427
-22985
-25167
-23534
-18256
-10098
-306
9595
18051
23738
25781
23899
18445
10342
916
-8328
-15950
-20809
-22233
-20100
-14836
-7317
1280
9676
16676
21335
23071
21720
17531
11107
3316
-4831
-12303
-18167
-21692
-22436
-20294
-15522
-8715
-749
7315
14367
19391
21614
20635
16499
9718
1216
-7793
-15984
-22118
-25243
-24846
-20941
-14071
-5225
4317
13185
20136
24233
24981
22385
16923
9452
1064
-7079
-13917
-18615
-20664
-19908
-16541
-11055
-4160
3299
10441
16433
20571
22346
21500
18059
12350
4978
-3219
-11256
-18121
-22898
-24907
-23810
-19683
-13021
-4692
4186
12397
18810
22546
23111
20461
15010
7549
-873
-9116
-16108
-20992
-23227
-22631
-19380
-13947
-7025
575
8021
14540
19489
22393
22979
21192
17198
11380
4318
-3252
-10500
-16581
-20738
-22403
-21287
-17441
-11278
-3530
4831
12726
19119
23164
24330
22475
17858
11093
3053
-5263
-12871
-18928
-22826
-24245
-23158
-19803
-14624
-8203
-1193
5740
11965
16925
20162
21356
20348
17173
12078
5526
-1827
-9185
-15695
-20553
-23111
-22980
-20099
-14756
-7561
632
8844
16108
21593
24718
25209
23119
18786
12774
5772
-1491
-8328
-14156
-18525
-21131
-21815
-20554
-17456
-12759
-6829
-157
6661
12962
18074
21393
22467
21073
17269
11407
4108
-3815
-11459
-17953
-22575
-24845
-24580
-21894
-17166
-10967
-3970
3141
9741
15316
19489
22014
22770
21741
19008
14749
9242
2876
-3856
-10372
-16048
-20279
-22562
-22571
-20219
-15695
-9452
-2160
5382
12349
18005
21791
23390
22743
20034
15633
10027
3752
-2675
-8791
-14203
-18591
-21694
-23307
-23278
-21529
-18082
-13090
-6866
124
7279
13920
19371
23050
24552
23716
20646
15704
9452
2566
-4252
-10371
-15295
-18702
-20448
-20539
-19094
-16300
-12377
-7562
-2112
3683
9486
14901
19489
22805
24451
24142
21768
17438
11484
4439
-3027
-10196
-16398
-21097
-23949
-24833
-23833
-21195
-17269
-12441
-7082
-1521
3964
9127
13732
17535
20273
21685
21548
19726
16225
11226
5098
-1631
-8328
-14339
-19077
-22108
-23198
-22340
-19731
-15719
-10741
-5241
379
5798
10778
15145
18756
21466
23111
23512
22505
19986
15959
10586
4196
-2727
-9595
-15790
-20750
-24052
-25465
-24976
-22770
-19180
-14624
-9523
-4248
917
5776
10197
14077
17297
19700
21088
21249
20007
17276
13115
7755
1596
-4831
-10938
-16157
-20031
-22272
-22793
-21697
-19237
-15748
-11578
-7027
-2319
2403
7049
11537
15747
19489
22499
24467
25085
24121
21478
17245
11701
5294
-1425
-7882
-13568
-18106
-21295
-23105
-23647
-23111
-21701
-19579
-16838
-13498
-9548
-4992
89
5505
10937
15966
20131
23004
24269
23789
21632
18059
13479
8369
3188
-1692
-6031
-9732
-12810
-15333
-17361
-18889
-19825
-19992
-19174
-17181
-13920
-9452
-4016
1983
8031
13586
18168
21437
23239
23614
22759
20961
18517
15660
12521
9114
5374
1216
-3394
-8381
-13521
-18461
-22755
-25952
-27680
-27728
-26088
-22961
-18716
-13812
-8707
-3772
764
4831
8490
11867
15078
18157
21005
23396
25007
25498
24600
22191
18354
13373
7699
1865
-3613
-8328
-12050
-14744
-16547
-17693
-18431
-18934
-19241
-19243
-18710
-17367
-14982
-11457
-6883
-1553
4073
9452
14062
17506
19582
20313
19919
18745
17163
15467
13805
12147
10313
8037
5073
1287
-3267
-8328
-13456
-18116
-21785
-24065
-24768
-23951
-21896
-19028
-15815
-12647
-9751
-7146
-4666
-2023
1077
4831
9250
14115
19011
23395
26721
28561
28704
27204
24367
20675
16664
12802
9378
6445
3833
1216
-1772
-5409
-9781
-14721
-19828
-24540
-28256
-30482
-30944
-29657
-26921
-23245
-19226
-15398
-12111
-9452
-7239
-5094
-2565
728
4965
10045
15584
20986
25578
28767
30179
29755
27760
24720
21282
18059
15470
13644
12393
11282
9753
7294
3603
-1312
-7104
-13150
-18690
-23005
-25590
-26278
-25276
-23111
-20490
-18120
-16519
-15885
-16045
-16506
-16589
-15621
-13129
-8982
-3453
2828
9013
14239
17836
19489
19316
17833
15814
14091
13329
13846
15527
17844
19995
21112
20496
17815
13207
7266
912
-4831
-9088
-11343
-11577
-10263
-8243
-6510
-5936
-7044
-9852
-13860
-18163
-21681
-23433
-22803
-19704
-14624
-8515
-2563
2101
4690
4961
3277
517
-2150
-3571
-2915
95
5096
11155
16996
21313
23111
21957
18111
12473
6364
1202
-1858
-2218
0
3978
8403
11804
12923
11061
6263
-661
-8328
-15110
-19547
-20709
-18446
-13439
-7038
-933
3268
4451
2288
-2670
-9109
-15281
-19436
-20270
-17269
-10860
-2323
6503
13675
17624
17552
13646
7044
-438
-6748
-10116
-9502
-4874
2766
11612
19489
24393
24992
20975
13146
3247
-6453
-13713
-16874
-15271
-9419
-894
8039
14981
17991
16075
9452
-484
-11483
-20977
-26708
-27284
-22529
-13547
-2464
8071
15531
18124
15240
7608
-2863
-13539
-21694
-25174
-22923
-15258
-3804
8879
19903
26744
27847
23008
13430
1444
-10040
-18230
-21115
-17953
-9452
2389
14751
24660
29696
28562
21402
9768
-3740
-16081
-24488
-27110
-23450
-14470
-2370
9933
19489
23995
22337
14836
3174
-10002
-21698
-29260
-30980
-26482
-16796
-4110
8737
18907
24204
23562
17269
6882
-5141
-16010
-23227
-25144
-21317
-12579
-836
11371
21439
27272
27724
22829
13764
2566
-8328
-16611
-20598
-19566
-13876
-4870
5444
14830
21300
23513
21037
14409
4991
-5321
-14505
-20812
-23111
-21086
-15278
-6950
2178
10279
15767
17601
15467
9822
1797
-7032
-14943
-20394
-22308
-20275
-14624
-6366
2997
11743
18255
21326
20385
15618
7946
-1143
-9863
-16470
-19603
-18552
-13416
-5102
4831
14468
21899
25605
24765
19436
10561
-202
-10793
-19159
-23661
-23411
-18457
-9790
852
11321
19489
23676
22989
17506
8259
-2970
-14002
-22701
-27390
-27185
-22159
-13316
-2383
8538
17386
22537
23111
19117
11435
1619
-8414
-16757
-21866
-22839
-19557
-12675
-3479
6373
15156
21389
24077
22861
18059
10579
1745
-6935
-14023
-18380
-19340
-16806
-11247
-3621
4785
12557
18379
21238
20593
16466
9452
634
-8577
-16669
-22278
-24419
-22671
-17266
-9070
547
9934
17446
21735
21998
18136
10784
1216
-8878
-17691
-23626
-25585
-23172
-16768
-7458
3158
13264
21146
25502
25659
21680
14337
4956
-4831
-13373
-19282
-21658
-20214
-15302
-7819
962
9610
16770
21364
22742
20752
15744
8489
60
-8328
-15489
-20425
-22454
-21302
-17139
-10562
-2517
5819
13200
18490
20833
19793
15444
8376
-370
-9452
-17427
-22985
-25167
-23534
-18256
-10098
-306
9595
18051
23738
25781
23899
18445
10342
916
-8328
-15950
-20809
-22233
-20100
-14836
-7317
1280
9676
16676
21335
23071
21720
17531
11107
3316
-4831
-12303
-18167
-21692
-22436
-20294
-15522
-8715
-749
7315
14367
19391
21614
20635
16499
9718
1216
-7793
-15984
-22118
-25243
-24846
-20941
-14071
-5225
4317
13185
20136
24233
24981
22385
16923
9452
1064
-7079
-13917
-18615
-20664
-19908
-16541
-11055
-4160
3299
10441
16433
20571
22346
21500
18059
12350
4978
-3219
-11256
-18121
-22898
-24907
-23810
-19683
-13021
-4692
4186
12397
18810
22546
23111
20461
15010
7549
-873
-9116
-16108
-20992
-23227
-22631
-19380
-13947
-7025
575
8021
14540
19489
22393
22979
21192
17198
11380
4318
-3252
-10500
-16581
-20738
-22403
-21287
-17441
-11278
-3530
4831
12726
19119
23164
24330
22475
17858
11093
3053
-5263
-12871
-18928
-22826
-24245
-23158
-19803
-14624
-8203
-1193
5740
11965
16925
20162
21356
20348
17173
12078
5526
-1827
-9185
-15695
-20553
-23111
-22980
-20099
-14756
-7561
632
8844
16108
21593
24718
25209
23119
18786
12774
5772
-1491
-8328
-14156
-18525
-21131
-21815
-20554
-17456
-12759
-6829
-157
6661
12962
18074
21393
22467
21073
17269
11407
4108
-3815
-11459
-17953
-22575
-24845
-24580
-21894
-17166
-10967
-3970
3141
9741
15316
19489
22014
22770
21741
19008
14749
9242
2876
-3856
-10372
-16048
-20279
-22562
-22571
-20219
-15695
-9452
-2160
5382
12349
18005
21791
23390
22743
20034
15633
10027
3752
-2675
-8791
-14203
-18591
-21694
-23307
-23278
-21529
-18082
-13090
-6866
124
7279
13920
19371
23050
24552
23716
20646
15704
9452
2566
-4252
-10371
-15295
-18702
-20448
-20539
-19094
-16300
-12377
-7562
-2112
3683
9486
14901
19489
22805
24451
24142
21768
17438
11484
4439
-3027
-10196
-16398
-21097
-23949
-24833
-23833
-21195
-17269
-12441
-7082
-1521
3964
9127
13732
17535
20273
21685
21548
19726
16225
11226
5098
-1631
-8328
-14339
-19077
-22108
-23198
-22340
-19731
-15719
-10741
-5241
379
5798
10778
15145
18756
21466
23111
23512
22505
19986
15959
10586
4196
-2727
-9595
-15790
-20750
-24052
-25465
-24976
-22770
-19180
-14624
-9523
-4248
917
5776
10197
14077
17297
19700
21088
21249
20007
17276
13115
7755
1596
-4831
-10938
-16157
-20031
-22272
-22793
-21697
-19237
-15748
-11578
-7027
-2319
2403
7049
11537
15747
19489
22499
24467
25085
24121
21478
17245
11701
5294
-1425
-7882
-13568
-18106
-21295
-23105
-23647
-23111
-21701
-19579
-16838
-13498
-9548
-4992
89
5505
10937
15966
20131
23004
24269
23789
21632
18059
13479
8369
3188
-1692
-6031
-9732
-12810
-15333
-17361
-18889
-19825
-19992
-19174
-17181
-13920
-9452
-4016
1983
8031
13586
18168
21437
23239
23614
22759
20961
18517
15660
12521
9114
5374
1216
-3394
-8381
-13521
-18461
-22755
-25952
-27680
-27728
-26088
-22961
-18716
-13812
-8707
-3772
764
4831
8490
11867
15078
18157
21005
23396
25007
25498
24600
22191
18354
13373
7699
1865
-3613
-8328
-12050
-14744
-16547
-17693
-18431
-18934
-19241
-19243
-18710
-17367
-14982
-11457
-6883
-1553
4073
9452
14062
17506
19582
20313
19919
18745
17163
15467
13805
12147
10313
8037
5073
1287
-3267
-8328
-13456
-18116
-21785
-24065
-24768
-23951
-21896
-19028
-15815
-12647
-9751
-7146
-4666
-2023
1077
4831
9250
14115
19011
23395
26721
28561
28704
27204
24367
20675
16664
12802
9378
6445
3833
1216
-1772
-5409
-9781
-14721
-19828
-24540
-28256
-30482
-30944
-29657
-26921
-23245
-19226
-15398
-12111
-9452
-7239
-5094
-2565
728
4965
10045
15584
20986
25578
28767
30179
29755
27760
24720
21282
18059
15470
13644
12393
11282
9753
7294
3603
-1312
-7104
-13150
-18690
-23005
-25590
-26278
-25276
-23111
-20490
-18120
-16519
-15885
-16045
-16506
-16589
-15621
-13129
-8982
-3453
2828
9013
14239
17836
19489
19316
17833
15814
14091
13329
13846
15527
17844
19995
21112
20496
17815
13207
7266
912
-4831
-9088
-11343
-11577
-10263
-8243
-6510
-5936
-7044
-9852
-13860
-18163
-21681
-23433
-22803
-19704
-14624
-8515
-2563
2101
4690
4961
3277
517
-2150
-3571
-2915
95
5096
11155
16996
21313
23111
21957
18111
12473
6364
1202
-1858
-2218
0
3978
8403
11804
12923
11061
6263
-661
-8328
-15110
-19547
-20709
-18446
-13439
-7038
-933
3268
4451
2288
-2670
-9109
-15281
-19436
-20270
-17269
-10860
-2323
6503
13675
17624
17552
13646
7044
-438
-6748
-10116
-9502
-4874
2766
11612
19489
24393
24992
20975
13146
3247
-6453
-13713
-16874
-15271
-9419
-894
8039
14981
17991
16075
9452
-484
-11483
-20977
-26708
-27284
-22529
-13547
-2464
8071
15531
18124
15240
7608
-2863
-13539
-21694
-25174
-22923
-15258
-3804
8879
19903
26744
27847
23008
13430
1444
-10040
-18230
-21115
-17953
-9452
2389
14751
24660
29696
28562
21402
9768
-3740
-16081
-24488
-27110
-23450
-14470
-2370
9933
19489
23995
22337
14836
3174
-10002
-21698
-29260
-30980
-26482
-16796
-4110
8737
18907
24204
23562
17269
6882
-5141
-16010
-23227
-25144
-21317
-12579
-836
11371
21439
27272
27724
22829
13764
2566
-8328
-16611
-20598
-19566
-13876
-4870
5444
14830
21300
23513
21037
14409
4991
-5321
-14505
-20812
-23111
-21086
-15278
-6950
2178
10279
15767
17601
15467
9822
1797
-7032
-14943
-20394
-22308
-20275
-14624
-6366
2997
11743
18255
21326
20385
15618
7946
-1143
-9863
-16470
-19603
-18552
-13416
-5102
4831
14468
21899
25605
24765
19436
10561
-202
-10793
-19159
-23661
-23411
-18457
-9790
852
11321
19489
23676
22989
17506
8259
-2970
-14002
-22701
-27390
-27185
-22159
-13316
-2383
8538
17386
22537
23111
19117
11435
1619
-8414
-16757
-21866
-22839
-19557
-12675
-3479
6373
15156
21389
24077
22861
18059
10579
1745
-6935
-14023
-18380
-19340
-16806
-11247
-3621
4785
12557
18379
21238
20593
16466
9452
634
-8577
-16669
-22278
-24419
-22671
-17266
-9070
547
9934
17446
21735
21998
18136
10784
1216
-8878
-17691
-23626
-25585
-23172
-16768
-7458
3158
13264
21146
25502
25659
21680
14337
4956
-4831
-13373
-19282
-21658
-20214
-15302
-7819
962
9610
16770
21364
22742
20752
15744
8489
60
-8328
-15489
-20425
-22454
-21302
-17139
-10562
-2517
5819
13200
18490
20833
19793
15444
8376
-370
-9452
-17427
-22985
-25167
-23534
-18256
-10098
-306
9595
18051
23738
25781
23899
18445
10342
916
-8328
-15950
-20809
-22233
-20100
-14836
-7317
1280
9676
16676
21335
23071
21720
17531
11107
3316
-4831
-12303
-18167
-21692
-22436
-20294
-15522
-8715
-749
7315
14367
19391
21614
20635
16499
9718
1216
-7793
-15984
-22118
-25243
-24846
-20941
-14071
-5225
4317
13185
20136
24233
24981
22385
16923
9452
1064
-7079
-13917
-18615
-20664
-19908
-16541
-11055
-4160
3299
10441
16433
20571
22346
21500
18059
12350
4978
-3219
-11256
-18121
-22898
-24907
-23810
-19683
-13021
-4692
4186
12397
18810
22546
23111
20461
15010
7549
-873
-9116
-16108
-20992
-23227
-22631
-19380
-13947
-7025
575
8021
14540
19489
22393
22979
21192
17198
11380
4318
-3252
-10500
-16581
-20738
-22403
-21287
-17441
-11278
-3530
4831
12726
19119
23164
24330
22475
17858
11093
3053
-5263
-12871
-18928
-22826
-24245
-23158
-19803
-14624
-8203
-1193
5740
11965
16925
20162
21356
20348
17173
12078
5526
-1827
-9185
-15695
-20553
-23111
-22980
-20099
-14756
-7561
632
8844
16108
21593
24718
25209
23119
18786
12774
5772
-1491
-8328
-14156
-18525
-21131
-21815
-20554
-17456
-12759
-6829
-157
6661
12962
18074
21393
22467
21073
17269
11407
4108
-3815
-11459
-17953
-22575
-24845
-24580
-21894
-17166
-10967
-3970
3141
9741
15316
19489
22014
22770
21741
19008
14749
9242
2876
-3856
-10372
-16048
-20279
-22562
-22571
-20219
-15695
-9452
-2160
5382
12349
18005
21791
23390
22743
20034
15633
10027
3752
-2675
-8791
-14203
-18591
-21694
-23307
-23278
-21529
-18082
-13090
-6866
124
7279
13920
19371
23050
24552
23716
20646
15704
9452
2566
-4252
-10371
-15295
-18702
-20448
-20539
-19094
-16300
-12377
-7562
-2112
3683
9486
14901
19489
22805
24451
24142
21768
17438
11484
4439
-3027
-10196
-16398
-21097
-23949
-24833
-23833
-21195
-17269
-12441
-7082
-1521
3964
9127
13732
17535
20273
21685
21548
19726
16225
11226
5098
-1631
-8328
-14339
-19077
-22108
-23198
-22340
-19731
-15719
-10741
-5241
379
5798
10778
15145
18756
21466
23111
23512
22505
19986
15959
10586
4196
-2727
-9595
-15790
-20750
-24052
-25465
-24976
-22770
-19180
-14624
-9523
-4248
917
5776
10197
14077
17297
19700
21088
21249
20007
17276
13115
7755
1596
-4831
-10938
-16157
-20031
-22272
-22793
-21697
-19237
-15748
-11578
-7027
-2319
2403
7049
11537
15747
19489
22499
24467
25085
24121
21478
17245
11701
5294
-1425
-7882
-13568
-18106
-21295
-23105
-23647
-23111
-21701
-19579
-16838
-13498
-9548
-4992
89
5505
10937
15966
20131
23004
24269
23789
21632
18059
13479
8369
3188
-1692
-6031
-9732
-12810
-15333
-17361
-18889
-19825
-19992
-19174
-17181
-13920
-9452
-4016
1983
8031
13586
18168
21437
23239
23614
22759
20961
18517
15660
12521
9114
5374
1216
-3394
-8381
-13521
-18461
-22755
-25952
-27680
-27728
-26088
-22961
-18716
-13812
-8707
-3772
764
4831
8490
11867
15078
18157
21005
23396
25007
25498
24600
22191
18354
13373
7699
1865
-3613
-8328
-12050
-14744
-16547
-17693
-18431
-18934
-19241
-19243
-18710
-17367
-14982
-11457
-6883
-1553
4073
9452
14062
17506
19582
20313
19919
18745
17163
15467
13805
12147
10313
8037
5073
1287
-3267
-8328
-13456
-18116
-21785
-24065
-24768
-23951
-21896
-19028
-15815
-12647
-9751
-7146
-4666
-2023
1077
4831
9250
14115
19011
23395
26721
28561
28704
27204
24367
20675
16664
12802
9378
6445
3833
1216
-1772
-5409
-9781
-14721
-19828
-24540
-28256
-30482
-30944
-29657
-26921
-23245
-19226
-15398
-12111
-9452
-7239
-5094
-2565
728
4965
10045
15584
20986
25578
28767
30179
29755
27760
24720
21282
18059
15470
13644
12393
11282
9753
7294
3603
-1312
-7104
-13150
-18690
-23005
-25590
-26278
-25276
-23111
-20490
-18120
-16519
-15885
-16045
-16506
-16589
-15621
-13129
-8982
-3453
2828
9013
14239
17836
19489
19316
17833
15814
14091
13329
13846
15527
17844
19995
21112
20496
17815
13207
7266
912
-4831
-9088
-11343
-11577
-10263
-8243
-6510
-5936
-7044
-9852
-13860
-18163
-21681
-23433
-22803
-19704
-14624
-8515
-2563
2101
4690
4961
3277
517
-2150
-3571
-2915
95
5096
11155
16996
21313
23111
21957
18111
12473
6364
1202
-1858
-2218
0
3978
8403
11804
12923
11061
6263
-661
-8328
-15110
-19547
-20709
-18446
-13439
-7038
-933
3268
4451
2288
-2670
-9109
-15281
-19436
-20270
17269
10860
2323
-6503
-13675
-17624
-17552
-13646
-7044
438
6748
10116
9502
4874
-2766
-11612
-19489
-24393
-24992
-20975
-13146
-3247
6453
13713
16874
15271
9419
894
-8039
-14981
-17991
-16075
-9452
484
11483
20977
26708
27284
22529
13547
2464
-8071
-15531
-18124
-15240
-7608
2863
13539
21694
25174
22923
15258
3804
-8879
-19903
-26744
-27847
-23008
-13430
-1444
10040
18230
21115
17953
9452
-2389
-14751
-24660
-29696
-28562
-21402
-9768
3740
16081
24488
27110
23450
14470
2370
-9933
-19489
-23995
-22337
-14836
-3174
10002
21698
29260
30980
26482
16796
4110
-8737
-18907
-24204
-23562
-17269
-6882
5141
16010
23227
25144
21317
12579
836
-11371
-21439
-27272
-27724
-22829
-13764
-2566
8328
16611
20598
19566
13876
4870
-5444
-14830
-21300
-23513
-21037
-14409
-4991
5321
14505
20812
23111
21086
15278
6950
-2178
-10279
-15767
-17601
-15467
-9822
-1797
7032
14943
20394
22308
20275
14624
6366
-2997
-11743
-18255
-21326
-20385
-15618
-7946
1143
9863
16470
19603
18552
13416
5102
-4831
-14468
-21899
-25605
-24765
-19436
-10561
202
10793
19159
23661
23411
18457
9790
-852
-11321
-19489
-23676
-22989
-17506
-8259
2970
14002
22701
27390
27185
22159
13316
2383
-8538
-17386
-22537
-23111
-19117
-11435
-1619
8414
16757
21866
22839
19557
12675
3479
-6373
-15156
-21389
-24077
-22861
-18059
-10579
-1745
6935
14023
18380
19340
16806
11247
3621
-4785
-12557
-18379
-21238
-20593
-16466
-9452
-634
8577
16669
22278
24419
22671
17266
9070
-547
-9934
-17446
-21735
-21998
-18136
-10784
-1216
8878
17691
23626
25585
23172
16768
7458
-3158
-13264
-21146
-25502
-25659
-21680
-14337
-4956
4831
13373
19282
21658
20214
15302
7819
-962
-9610
-16770
-21364
-22742
-20752
-15744
-8489
-60
8328
15489
20425
22454
21302
17139
10562
2517
-5819
-13200
-18490
-20833
-19793
-15444
-8376
370
9452
17427
22985
25167
23534
18256
10098
306
-9595
-18051
-23738
-25781
-23899
-18445
-10342
-916
8328
15950
20809
22233
20100
14836
7317
-1280
-9676
-16676
-21335
-23071
-21720
-17531
-11107
-3316
4831
12303
18167
21692
22436
20294
15522
8715
749
-7315
-14367
-19391
-21614
-20635
-16499
-9718
-1216
7793
15984
22118
25243
24846
20941
14071
5225
-4317
-13185
-20136
-24233
-24981
-22385
-16923
-9452
-1064
7079
13917
18615
20664
19908
16541
11055
4160
-3299
-10441
-16433
-20571
-22346
-21500
-18059
-12350
-4978
3219
11256
18121
22898
24907
23810
19683
13021
4692
-4186
-12397
-18810
-22546
-23111
-20461
-15010
-7549
873
9116
16108
20992
23227
22631
19380
13947
7025
-575
-8021
-14540
-19489
-22393
-22979
-21192
-17198
-11380
-4318
3252
10500
16581
20738
22403
21287
17441
11278
3530
-4831
-12726
-19119
-23164
-24330
-22475
-17858
-11093
-3053
5263
12871
18928
22826
24245
23158
19803
14624
8203
1193
-5740
-11965
-16925
-20162
-21356
-20348
-17173
-12078
-5526
1827
9185
15695
20553
23111
22980
20099
14756
7561
-632
-8844
-16108
-21593
-24718
-25209
-23119
-18786
-12774
-5772
1491
8328
14156
18525
21131
21815
20554
17456
12759
6829
157
-6661
-12962
-18074
-21393
-22467
-21073
-17269
-11407
-4108
3815
11459
17953
22575
24845
24580
21894
17166
10967
3970
-3141
-9741
-15316
-19489
-22014
-22770
-21741
-19008
-14749
-9242
-2876
3856
10372
16048
20279
22562
22571
20219
15695
9452
2160
-5382
-12349
-18005
-21791
-23390
-22743
-20034
-15633
-10027
-3752
2675
8791
14203
18591
21694
23307
23278
21529
18082
13090
6866
-124
-7279
-13920
-19371
-23050
-24552
-23716
-20646
-15704
-9452
-2566
4252
10371
15295
18702
20448
20539
19094
16300
12377
7562
2112
-3683
-9486
-14901
-19489
-22805
-24451
-24142
-21768
-17438
-11484
-4439
3027
10196
16398
21097
23949
24833
23833
21195
17269
12441
7082
1521
-3964
-9127
-13732
-17535
-20273
-21685
-21548
-19726
-16225
-11226
-5098
1631
8328
14339
19077
22108
23198
22340
19731
15719
10741
5241
-379
-5798
-10778
-15145
-18756
-21466
-23111
-23512
-22505
-19986
-15959
-10586
-4196
2727
9595
15790
20750
24052
25465
24976
22770
19180
14624
9523
4248
-917
-5776
-10197
-14077
-17297
-19700
-21088
-21249
-20007
-17276
-13115
-7755
-1596
4831
10938
16157
20031
22272
22793
21697
19237
15748
11578
7027
2319
-2403
-7049
-11537
-15747
-19489
-22499
-24467
-25085
-24121
-21478
-17245
-11701
-5294
1425
7882
13568
18106
21295
23105
23647
23111
21701
19579
16838
13498
9548
4992
-89
-5505
-10937
-15966
-20131
-23004
-24269
-23789
-21632
-18059
-13479
-8369
-3188
1692
6031
9732
12810
15333
17361
18889
19825
19992
19174
17181
13920
9452
4016
-1983
-8031
-13586
-18168
-21437
-23239
-23614
-22759
-20961
-18517
-15660
-12521
-9114
-5374
-1216
3394
8381
13521
18461
22755
25952
27680
27728
26088
22961
18716
13812
8707
3772
-764
-4831
-8490
-11867
-15078
-18157
-21005
-23396
-25007
-25498
-24600
-22191
-18354
-13373
-7699
-1865
3613
8328
12050
14744
16547
17693
18431
18934
19241
19243
18710
17367
14982
11457
6883
1553
-4073
-9452
-14062
-17506
-19582
-20313
-19919
-18745
-17163
-15467
-13805
-12147
-10313
-8037
-5073
-1287
3267
8328
13456
18116
21785
24065
24768
23951
21896
19028
15815
12647
9751
7146
4666
2023
-1077
-4831
-9250
-14115
-19011
-23395
-26721
-28561
-28704
-27204
-24367
-20675
-16664
-12802
-9378
-6445
-3833
-1216
1772
5409
9781
14721
19828
24540
28256
30482
30944
29657
26921
23245
19226
15398
12111
9452
7239
5094
2565
-728
-4965
-10045
-15584
-20986
-25578
-28767
-30179
-29755
-27760
-24720
-21282
-18059
-15470
-13644
-12393
-11282
-9753
-7294
-3603
1312
7104
13150
18690
23005
25590
26278
25276
23111
20490
18120
16519
15885
16045
16506
16589
15621
13129
8982
3453
-2828
-9013
-14239
-17836
-19489
-19316
-17833
-15814
-14091
-13329
-13846
-15527
-17844
-19995
-21112
-20496
-17815
-13207
-7266
-912
4831
9088
11343
11577
10263
8243
6510
5936
7044
9852
13860
18163
21681
23433
22803
19704
14624
8515
2563
-2101
-4690
-4961
-3277
-517
2150
3571
2915
-95
-5096
-11155
-16996
-21313
-23111
-21957
-18111
-12473
-6364
-1202
1858
2218
0
-3978
-8403
-11804
-12923
-11061
-6263
661
8328
15110
19547
20709
18446
13439
7038
933
-3268
-4451
-2288
2670
9109
15281
19436
20270
-17269
-10860
-2323
6503
13675
17624
17552
13646
7044
-438
-6748
-10116
-9502
-4874
2766
11612
19489
24393
24992
20975
13146
3247
-6453
-13713
-16874
-15271
-9419
-894
8039
14981
17991
16075
9452
-484
-11483
-20977
-26708
-27284
-22529
-13547
-2464
8071
15531
18124
15240
7608
-2863
-13539
-21694
-25174
-22923
-15258
-3804
8879
19903
26744
27847
23008
13430
1444
-10040
-18230
-21115
-17953
-9452
2389
14751
24660
29696
28562
21402
9768
-3740
-16081
-24488
-27110
-23450
-14470
-2370
9933
19489
23995
22337
14836
3174
-10002
-21698
-29260
-30980
-26482
-16796
-4110
8737
18907
24204
23562
17269
6882
-5141
-16010
-23227
-25144
-21317
-12579
-836
11371
21439
27272
27724
22829
13764
2566
-8328
-16611
-20598
-19566
-13876
-4870
5444
14830
21300
23513
21037
14409
4991
-5321
-14505
-20812
-23111
-21086
-15278
-6950
2178
10279
15767
17601
15467
9822
1797
-7032
-14943
-20394
-22308
-20275
-14624
-6366
2997
11743
18255
21326
20385
15618
7946
-1143
-9863
-16470
-19603
-18552
-13416
-5102
4831
14468
21899
25605
24765
19436
10561
-202
-10793
-19159
-23661
-23411
-18457
-9790
852
11321
19489
23676
22989
17506
8259
-2970
-14002
-22701
-27390
-27185
-22159
-13316
-2383
8538
17386
22537
23111
19117
11435
1619
-8414
-16757
-21866
-22839
-19557
-12675
-3479
6373
15156
21389
24077
22861
18059
10579
1745
-6935
-14023
-18380
-19340
-16806
-11247
-3621
4785
12557
18379
21238
20593
16466
9452
634
-8577
-16669
-22278
-24419
-22671
-17266
-9070
547
9934
17446
21735
21998
18136
10784
1216
-8878
-17691
-23626
-25585
-23172
-16768
-7458
3158
13264
21146
25502
25659
21680
14337
4956
-4831
-13373
-19282
-21658
-20214
-15302
-7819
962
9610
16770
21364
22742
20752
15744
8489
60
-8328
-15489
-20425
-22454
-21302
-17139
-10562
-2517
5819
13200
18490
20833
19793
15444
8376
-370
-9452
-17427
-22985
-25167
-23534
-18256
-10098
-306
9595
18051
23738
25781
23899
18445
10342
916
-8328
-15950
-20809
-22233
-20100
-14836
-7317
1280
9676
16676
21335
23071
21720
17531
11107
3316
-4831
-12303
-18167
-21692
-22436
-20294
-15522
-8715
-749
7315
14367
19391
21614
20635
16499
9718
1216
-7793
-15984
-22118
-25243
-24846
-20941
-14071
-5225
4317
13185
20136
24233
24981
22385
16923
9452
1064
-7079
-13917
-18615
-20664
-19908
-16541
-11055
-4160
3299
10441
16433
20571
22346
21500
18059
12350
4978
-3219
-11256
-18121
-22898
-24907
-23810
-19683
-13021
-4692
4186
12397
18810
22546
23111
20461
15010
7549
-873
-9116
-16108
-20992
-23227
-22631
-19380
-13947
-7025
575
8021
14540
19489
22393
22979
21192
17198
11380
4318
-3252
-10500
-16581
-20738
-22403
-21287
-17441
-11278
-3530
4831
12726
19119
23164
24330
22475
17858
11093
3053
-5263
-12871
-18928
-22826
-24245
-23158
-19803
-14624
-8203
-1193
5740
11965
16925
20162
21356
20348
17173
12078
5526
-1827
-9185
-15695
-20553
-23111
-22980
-20099
-14756
-7561
632
8844
16108
21593
24718
25209
23119
18786
12774
5772
-1491
-8328
-14156
-18525
-21131
-21815
-20554
-17456
-12759
-6829
-157
6661
12962
18074
21393
22467
21073
17269
11407
4108
-3815
-11459
-17953
-22575
-24845
-24580
-21894
-17166
-10967
-3970
3141
9741
15316
19489
22014
22770
21741
19008
14749
9242
2876
-3856
-10372
-16048
-20279
-22562
-22571
-20219
-15695
-9452
-2160
5382
12349
18005
21791
23390
22743
20034
15633
10027
3752
-2675
-8791
-14203
-18591
-21694
-23307
-23278
-21529
-18082
-13090
-6866
124
7279
13920
19371
23050
24552
23716
20646
15704
9452
2566
-4252
-10371
-15295
-18702
-20448
-20539
-19094
-16300
-12377
-7562
-2112
3683
9486
14901
19489
22805
24451
24142
21768
17438
11484
4439
-3027
-10196
-16398
-21097
-23949
-24833
-23833
-21195
-17269
-12441
-7082
-1521
3964
9127
13732
17535
20273
21685
21548
19726
16225
11226
5098
-1631
-8328
-14339
-19077
-22108
-23198
-22340
-19731
-15719
-10741
-5241
379
5798
10778
15145
18756
21466
23111
23512
22505
19986
15959
10586
4196
-2727
-9595
-15790
-20750
-24052
-25465
-24976
-22770
-19180
-14624
-9523
-4248
917
5776
10197
14077
17297
19700
21088
21249
20007
17276
13115
7755
1596
-4831
-10938
-16157
-20031
-22272
-22793
-21697
-19237
-15748
-11578
-7027
-2319
2403
7049
11537
15747
19489
22499
24467
25085
24121
21478
17245
11701
5294
-1425
-7882
-13568
-18106
-21295
-23105
-23647
-23111
-21701
-19579
-16838
-13498
-9548
-4992
89
5505
10937
15966
20131
23004
24269
23789
21632
18059
13479
8369
3188
-1692
-6031
-9732
-12810
-15333
-17361
-18889
-19825
-19992
-19174
-17181
-13920
-9452
-4016
1983
8031
13586
18168
21437
23239
23614
22759
20961
18517
15660
12521
9114
5374
1216
-3394
-8381
-13521
-18461
-22755
-25952
-27680
-27728
-26088
-22961
-18716
-13812
-8707
-3772
764
4831
8490
11867
15078
18157
21005
23396
25007
25498
24600
22191
18354
13373
7699
1865
-3613
-8328
-12050
-14744
-16547
-17693
-18431
-18934
-19241
-19243
-18710
-17367
-14982
-11457
-6883
-1553
4073
9452
14062
17506
19582
20313
19919
18745
17163
15467
13805
12147
10313
8037
5073
1287
-3267
-8328
-13456
-18116
-21785
-24065
-24768
-23951
-21896
-19028
-15815
-12647
-9751
-7146
-4666
-2023
1077
4831
9250
14115
19011
23395
26721
28561
28704
27204
24367
20675
16664
12802
9378
6445
3833
1216
-1772
-5409
-9781
-14721
-19828
-24540
-28256
-30482
-30944
-29657
-26921
-23245
-19226
-15398
-12111
-9452
-7239
-5094
-2565
728
4965
10045
15584
20986
25578
28767
30179
29755
27760
24720
21282
18059
15470
13644
12393
11282
9753
7294
3603
-1312
-7104
-13150
-18690
-23005
-25590
-26278
-25276
-23111
-20490
-18120
-16519
-15885
-16045
-16506
-16589
-15621
-13129
-8982
-3453
2828
9013
14239
17836
19489
19316
17833
15814
14091
13329
13846
15527
17844
19995
21112
20496
17815
13207
7266
912
-4831
-9088
-11343
-11577
-10263
-8243
-6510
-5936
-7044
-9852
-13860
-18163
-21681
-23433
-22803
-19704
-14624
-8515
-2563
2101
4690
4961
3277
517
-2150
-3571
-2915
95
5096
11155
16996
21313
23111
21957
18111
12473
6364
1202
-1858
-2218
0
3978
8403
11804
12923
11061
6263
-661
-8328
-15110
-19547
-20709
-18446
-13439
-7038
-933
3268
4451
2288
-2670
-9109
-15281
-19436
-20270
0
0
0
0
0
0
0
0
0
0
0
0
0
0
0
0
0
0
0
0
0
0
0
0
0
0
0
0
0
0
0
0
0
0
0
0
0
0
0
0
0
0
0
0
0
0
0
0
0
0
0
0
0
0
0
0
0
0
0
0
0
0
0
0
0
0
0
0
0
0
0
0
0
0
0
0
0
0
0
0
0
0
0
0
0
0
0
0
0
0
0
0
0
0
0
0
0
0
0
0
0
0
0
0
0
0
0
0
0
0
0
0
0
0
0
0
0
0
0
0
0
0
0
0
0
0
0
0
0
0
0
0
0
0
0
0
0
0
0
0
0
0
0
0
0
0
0
0
0
0
0
0
0
0
0
0
0
0
0
0
0
0
0
0
0
0
0
0
0
0
0
0
0
0
0
0
0
0
0
0
0
0
0
0
0
0
0
0
0
0
0
0
0
0
0
0
0
0
0
0
0
0
0
0
0
0
0
0
0
0
0
0
0
0
0
0
0
0
0
0
0
0
0
0
0
0
0
0
0
0
0
0
0
0
0
0
0
0
0
0
0
0
0
0
0
0
0
0
0
0
0
0
0
0
0
0
0
0
0
0
0
0
0
0
0
0
0
0
0
0
0
0
0
0
0
0
0
0
0
0
0
0
0
0
0
0
0
0
0
0
0
0
0
0
0
0
0
0
0
0
0
0
0
0
0
0
0
0
0
0
0
0
0
0
0
0
0
0
0
0
0
0
0
0
0
0
0
0
0
0
0
0
0
0
0
0
0
0
0
0
0
0
0
0
0
0
0
0
0
0
0
0
0
0
0
0
0
0
0
0
0
0
0
0
0
0
0
0
0
0
0
0
0
0
0
0
0
0
0
0
0
0
0
0
0
0
0
0
0
0
0
0
0
0
0
0
0
0
0
0
0
0
0
0
0
0
0
0
0
0
0
0
0
0
0
0
0
0
0
0
0
0
0
0
0
0
0
0
0
0
0
0
0
0
0
0
0
0
0
0
0
0
0
0
0
0
0
0
0
0
0
0
0
0
0
0
0
0
0
0
0
0
0
0
0
0
0
0
0
0
0
0
0
0
0
0
0
0
0
0
0
0
0
0
0
0
0
0
0
0
0
0
0
0
0
0
0
0
0
0
0
0
0
0
0
0
0
0
0
0
0
0
0
0
0
0
0
0
0
0
0
0
0
0
0
0
0
0
0
0
0
0
0
0
0
0
0
0
0
0
0
0
0
0
0
0
0
0
0
0
0
0
0
0
0
0
0
0
0
0
0
0
0
0
0
0
0
0
0
0
0
0
0
0
0
0
0
0
0
0
0
0
0
0
0
0
0
0
0
0
0
0
0
0
0
0
0
0
0
0
0
0
0
0
0
0
0
0
0
0
0
0
0
0
0
0
0
0
0
0
0
0
0
0
0
0
0
0
0
0
0
0
0
0
0
0
0
0
0
0
0
0
0
0
0
0
0
0
0
0
0
0
0
0
0
0
0
0
0
0
0
0
0
0
0
0
0
0
0
0
0
0
0
0
0
0
0
0
0
0
0
0
0
0
0
0
0
0
0
0
0
0
0
0
0
0
0
0
0
0
0
0
0
0
0
0
0
0
0
0
0
0
0
0
0
0
0
0
0
0
0
0
0
0
0
0
0
0
0
0
0
0
0
0
0
0
0
0
0
0
0
0
0
0
0
0
0
0
0
0
0
0
0
0
0
0
0
0
0
0
0
0
0
0
0
0
0
0
0
0
0
0
0
0
0
0
0
0
0
0
0
0
0
0
0
0
0
0
0
0
0
0
0
0
0
0
0
0
0
0
0
0
0
0
0
0
0
0
0
0
0
0
0
0
0
0
0
0
0
0
0
0
0
0
0
0
0
0
0
0
0
0
0
0
0
0
0
0
0
0
0
0
0
0
0
0
0
0
0
0
0
0
0
0
0
0
0
0
0
0
0
0
0
0
0
0
0
0
0
0
0
0
0
0
0
0
0
0
0
0
0
0
0
0
0
0
0
0
0
0
0
0
0
0
0
0
0
0
0
0
0
0
0
0
0
0
0
0
0
0
0
0
0
0
0
0
0
0
0
0
0
0
0
0
0
0
0
0
0
0
0
0
0
0
0
0
0
0
0
0
0
0
0
0
0
0
0
0
0
0
0
0
0
0
0
0
0
0
0
0
0
12956
23358
29244
29691
24998
16573
6545
-2777
-9496
-12555
-11964
-8722
-4474
-1017
236
-1326
-5335
-10531
-15110
-17237
-15585
-9748
-424
10691
21283
28972
31894
29182
21196
9465
-3665
-15580
-24007
-27529
-25892
-20005
-11662
-3051
3822
7633
8045
5732
2141
-967
-2056
-271
4278
10518
16680
20775
21148
16965
8495
-2889
-14985
-25276
-31525
-32321
-27429
-17853
-5595
6817
16934
22956
24118
20826
14485
7080
629
-3350
-4226
-2375
964
4089
5347
3646
-1191
-8326
-16086
-22379
-25254
-23434
-16696
-5998
6709
18905
28092
32384
30959
24236
13773
1868
-8993
-16742
-20188
-19258
-14945
-8975
-3307
418
1321
-496
-4010
-7583
-9468
-8329
-3672
3957
13055
21508
27124
28198
23989
14944
2649
-10524
-21951
-29379
-31442
-27967
-19989
-9468
1212
9837
14884
15854
13336
8767
3995
728
57
2139
6165
10591
13589
13582
9730
2226
-7684
-17962
-26258
-30495
-29407
-22883
-12027
1071
13814
23709
28935
28756
23656
15166
5461
-3221
-9128
-11406
-10261
-6838
-2835
0
403
-2037
-6747
-12302
-16823
-18508
-16151
-9535
442
11925
22519
29861
32201
28846
20344
8375
-4640
-16111
-23884
-26719
-24556
-18458
-10297
-2234
3847
6810
6526
3842
302
-2344
-2667
0
5339
12092
18376
22193
21974
17052
7893
-3950
-16166
-26218
-31951
-32111
-26650
-16741
-4493
7556
17046
22337
22862
19207
12886
5901
180
-2927
-2997
-602
2887
5733
6352
3812
-1861
-9629
-17673
-23852
-26263
-23769
-16336
-5108
7822
19884
28627
32300
30259
23111
12543
902
-9383
-16383
-19099
-17655
-13186
-7476
-2434
440
469
-2039
-5893
-9384
-10788
-8895
-3401
4941
14462
22956
28242
28726
23836
14213
1601
-11538
-22601
-29435
-30845
-26852
-18647
-8270
1912
9799
14048
14368
11516
7024
2735
250
474
3355
7893
12431
15123
14482
9834
1573
-8865
-19323
-27422
-31162
-29425
-22290
-11037
2128
14590
23930
28481
27697
22240
13757
4439
-3551
-8628
-10141
-8490
-4950
-1259
910
445
-2858
-8220
-14068
-18467
-19659
-16579
-9202
1378
13159
23684
30626
32361
28376
19404
7267
-5561
-16530
-23620
-25775
-23126
-16881
-8971
-1513
3745
5865
4920
1927
-1495
-3625
-3155
390
6481
13685
20025
23504
22664
17006
7197
-5042
-17304
-27054
-32234
-31755
-25760
-15580
-3415
8206
17026
21579
21496
17533
11302
4798
-150
-2377
-1667
1217
4791
7296
7237
3850
-2631
-10975
-19236
-25236
-27142
-23963
-15860
-4159
8923
20781
29031
32066
29432
21910
11306
0
-9656
-15886
-17887
-15975
-11416
-6033
-1668
336
-495
-3648
-7782
-11122
-11996
-9328
-3014
5996
15871
24337
29240
29108
23549
13395
536
-12499
-23136
-29344
-30110
-25639
-17270
-7109
2514
9630
13084
12787
9660
5314
1566
-105
1012
4655
9648
14230
16559
15251
9808
829
-10077
-20643
-28483
-31687
-29298
-21587
-9998
3162
15275
24015
27882
26522
20763
12356
3493
-3763
-7997
-8768
-6663
-3072
246
1704
360
-3781
-9742
-15816
-20028
-20684
-16871
-8757
2373
14382
24768
31259
32372
27776
18387
6151
-6416
-16831
-23212
-24701
-21612
-15286
-7695
-896
3514
4800
3240
0
-3240
-4800
-3514
896
7695
15286
21612
24701
23212
16831
6416
-6151
-18387
-27776
-32372
-31259
-24768
-14382
-2373
8757
16871
20684
20028
15816
9742
3781
-360
-1704
-246
3072
6663
8768
7997
3763
-3493
-12356
-20763
-26522
-27882
-24015
-15275
-3162
9998
21587
29298
31687
28483
20643
10077
-829
-9808
-15251
-16559
-14230
-9648
-4655
-1012
105
-1566
-5314
-9660
-12787
-13084
-9630
-2514
7109
17270
25639
30110
29344
23136
12499
-536
-13395
-23549
-29108
-29240
-24337
-15871
-5996
3014
9328
11996
11122
7782
3648
495
-336
1668
6033
11416
15975
17887
15886
9656
0
-11306
-21910
-29432
-32066
-29031
-20781
-8923
4159
15860
23963
27142
25236
19236
10975
2631
-3850
-7237
-7296
-4791
-1217
1667
2377
150
-4798
-11302
-17533
-21496
-21579
-17026
-8206
3415
15580
25760
31755
32234
27054
17304
5042
-7197
-17006
-22664
-23504
-20025
-13685
-6481
-390
3155
3625
1495
-1927
-4920
-5865
-3745
1513
8971
16881
23126
25775
23620
16530
5561
-7267
-19404
-28376
-32361
-30626
-23684
-13159
-1378
9202
16579
19659
18467
14068
8220
2858
-445
-910
1259
4950
8490
10141
8628
3551
-4439
-13757
-22240
-27697
-28481
-23930
-14590
-2128
11037
22290
29425
31162
27422
19323
8865
-1573
-9834
-14482
-15123
-12431
-7893
-3355
-474
-250
-2735
-7024
-11516
-14368
-14048
-9799
-1912
8270
18647
26852
30845
29435
22601
11538
-1601
-14213
-23836
-28726
-28242
-22956
-14462
-4941
3401
8895
10788
9384
5893
2039
-469
-440
2434
7476
13186
17655
19099
16383
9383
-902
-12543
-23111
-30259
-32300
-28627
-19884
-7822
5108
16336
23769
26263
23852
17673
9629
1861
-3812
-6352
-5733
-2887
602
2997
2927
-180
-5901
-12886
-19207
-22862
-22337
-17046
-7556
4493
16741
26650
32111
31951
26218
16166
3950
-7893
-17052
-21974
-22193
-18376
-12092
-5339
0
2667
2344
-302
-3842
-6526
-6810
-3847
2234
10297
18458
24556
26719
23884
16111
4640
-8375
-20344
-28846
-32201
-29861
-22519
-11925
-442
9535
16151
18508
16823
12302
6747
2037
-403
0
2835
6838
10261
11406
9128
3221
-5461
-15166
-23656
-28756
-28935
-23709
-13814
-1071
12027
22883
29407
30495
26258
17962
7684
-2226
-9730
-13582
-13589
-10591
-6165
-2139
-57
-728
-3995
-8767
-13336
-15854
-14884
-9837
-1212
9468
19989
27967
31442
29379
21951
10524
-2649
-14944
-23989
-28198
-27124
-21508
-13055
-3957
3672
8329
9468
7583
4010
496
-1321
-418
3307
8975
14945
19258
20188
16742
8993
-1868
-13773
-24236
-30959
-32384
-28092
-18905
-6709
5998
16696
23434
25254
22379
16086
8326
1191
-3646
-5347
-4089
-964
2375
4226
3350
-629
-7080
-14485
-20826
-24118
-22956
-16934
-6817
5595
17853
27429
32321
31525
25276
14985
2889
-8495
-16965
-21148
-20775
-16680
-10518
-4278
271
2056
967
-2141
-5732
-8045
-7633
-3822
3051
11662
20005
25892
27529
24007
15580
3665
-9465
-21196
-29182
-31894
-28972
-21283
-10691
424
9748
15585
17237
15110
10531
5335
1326
-236
1017
4474
8722
11964
12555
9496
2777
-6545
-16573
-24998
-29691
-29244
-23358
-12956
0
12956
23358
29244
29691
24998
16573
6545
-2777
-9496
-12555
-11964
-8722
-4474
-1017
236
-1326
-5335
-10531
-15110
-17237
-15585
-9748
-424
10691
21283
28972
31894
29182
21196
9465
-3665
-15580
-24007
-27529
-25892
-20005
-11662
-3051
3822
7633
8045
5732
2141
-967
-2056
-271
4278
10518
16680
20775
21148
16965
8495
-2889
-14985
-25276
-31525
-32321
-27429
-17853
-5595
6817
16934
22956
24118
20826
14485
7080
629
-3350
-4226
-2375
964
4089
5347
3646
-1191
-8326
-16086
-22379
-25254
-23434
-16696
-5998
6709
18905
28092
32384
30959
24236
13773
1868
-8993
-16742
-20188
-19258
-14945
-8975
-3307
418
1321
-496
-4010
-7583
-9468
-8329
-3672
3957
13055
21508
27124
28198
23989
14944
2649
-10524
-21951
-29379
-31442
-27967
-19989
-9468
1212
9837
14884
15854
13336
8767
3995
728
57
2139
6165
10591
13589
13582
9730
2226
-7684
-17962
-26258
-30495
-29407
-22883
-12027
1071
13814
23709
28935
28756
23656
15166
5461
-3221
-9128
-11406
-10261
-6838
-2835
0
403
-2037
-6747
-12302
-16823
-18508
-16151
-9535
442
11925
22519
29861
32201
28846
20344
8375
-4640
-16111
-23884
-26719
-24556
-18458
-10297
-2234
3847
6810
6526
3842
302
-2344
-2667
0
5339
12092
18376
22193
21974
17052
7893
-3950
-16166
-26218
-31951
-32111
-26650
-16741
-4493
7556
17046
22337
22862
19207
12886
5901
180
-2927
-2997
-602
2887
5733
6352
3812
-1861
-9629
-17673
-23852
-26263
-23769
-16336
-5108
7822
19884
28627
32300
30259
23111
12543
902
-9383
-16383
-19099
-17655
-13186
-7476
-2434
440
469
-2039
-5893
-9384
-10788
-8895
-3401
4941
14462
22956
28242
28726
23836
14213
1601
-11538
-22601
-29435
-30845
-26852
-18647
-8270
1912
9799
14048
14368
11516
7024
2735
250
474
3355
7893
12431
15123
14482
9834
1573
-8865
-19323
-27422
-31162
-29425
-22290
-11037
2128
14590
23930
28481
27697
22240
13757
4439
-3551
-8628
-10141
-8490
-4950
-1259
910
445
-2858
-8220
-14068
-18467
-19659
-16579
-9202
1378
13159
23684
30626
32361
28376
19404
7267
-5561
-16530
-23620
-25775
-23126
-16881
-8971
-1513
3745
5865
4920
1927
-1495
-3625
-3155
390
6481
13685
20025
23504
22664
17006
7197
-5042
-17304
-27054
-32234
-31755
-25760
-15580
-3415
8206
17026
21579
21496
17533
11302
4798
-150
-2377
-1667
1217
4791
7296
7237
3850
-2631
-10975
-19236
-25236
-27142
-23963
-15860
-4159
8923
20781
29031
32066
29432
21910
11306
0
-9656
-15886
-17887
-15975
-11416
-6033
-1668
336
-495
-3648
-7782
-11122
-11996
-9328
-3014
5996
15871
24337
29240
29108
23549
13395
536
-12499
-23136
-29344
-30110
-25639
-17270
-7109
2514
9630
13084
12787
9660
5314
1566
-105
1012
4655
9648
14230
16559
15251
9808
829
-10077
-20643
-28483
-31687
-29298
-21587
-9998
3162
15275
24015
27882
26522
20763
12356
3493
-3763
-7997
-8768
-6663
-3072
246
1704
360
-3781
-9742
-15816
-20028
-20684
-16871
-8757
2373
14382
24768
31259
32372
27776
18387
6151
-6416
-16831
-23212
-24701
-21612
-15286
-7695
-896
3514
4800
3240
0
-3240
-4800
-3514
896
7695
15286
21612
24701
23212
16831
6416
-6151
-18387
-27776
-32372
-31259
-24768
-14382
-2373
8757
16871
20684
20028
15816
9742
3781
-360
-1704
-246
3072
6663
8768
7997
3763
-3493
-12356
-20763
-26522
-27882
-24015
-15275
-3162
9998
21587
29298
31687
28483
20643
10077
-829
-9808
-15251
-16559
-14230
-9648
-4655
-1012
105
-1566
-5314
-9660
-12787
-13084
-9630
-2514
7109
17270
25639
30110
29344
23136
12499
-536
-13395
-23549
-29108
-29240
-24337
-15871
-5996
3014
9328
11996
11122
7782
3648
495
-336
1668
6033
11416
15975
17887
15886
9656
0
-11306
-21910
-29432
-32066
-29031
-20781
-8923
4159
15860
23963
27142
25236
19236
10975
2631
-3850
-7237
-7296
-4791
-1217
1667
2377
150
-4798
-11302
-17533
-21496
-21579
-17026
-8206
3415
15580
25760
31755
32234
27054
17304
5042
-7197
-17006
-22664
-23504
-20025
-13685
-6481
-390
3155
3625
1495
-1927
-4920
-5865
-3745
1513
8971
16881
23126
25775
23620
16530
5561
-7267
-19404
-28376
-32361
-30626
-23684
-13159
-1378
9202
16579
19659
18467
14068
8220
2858
-445
-910
1259
4950
8490
10141
8628
3551
-4439
-13757
-22240
-27697
-28481
-23930
-14590
-2128
11037
22290
29425
31162
27422
19323
8865
-1573
-9834
-14482
-15123
-12431
-7893
-3355
-474
-250
-2735
-7024
-11516
-14368
-14048
-9799
-1912
8270
18647
26852
30845
29435
22601
11538
-1601
-14213
-23836
-28726
-28242
-22956
-14462
-4941
3401
8895
10788
9384
5893
2039
-469
-440
2434
7476
13186
17655
19099
16383
9383
-902
-12543
-23111
-30259
-32300
-28627
-19884
-7822
5108
16336
23769
26263
23852
17673
9629
1861
-3812
-6352
-5733
-2887
602
2997
2927
-180
-5901
-12886
-19207
-22862
-22337
-17046
-7556
4493
16741
26650
32111
31951
26218
16166
3950
-7893
-17052
-21974
-22193
-18376
-12092
-5339
0
2667
2344
-302
-3842
-6526
-6810
-3847
2234
10297
18458
24556
26719
23884
16111
4640
-8375
-20344
-28846
-32201
-29861
-22519
-11925
-442
9535
16151
18508
16823
12302
6747
2037
-403
0
2835
6838
10261
11406
9128
3221
-5461
-15166
-23656
-28756
-28935
-23709
-13814
-1071
12027
22883
29407
30495
26258
17962
7684
-2226
-9730
-13582
-13589
-10591
-6165
-2139
-57
-728
-3995
-8767
-13336
-15854
-14884
-9837
-1212
9468
19989
27967
31442
29379
21951
10524
-2649
-14944
-23989
-28198
-27124
-21508
-13055
-3957
3672
8329
9468
7583
4010
496
-1321
-418
3307
8975
14945
19258
20188
16742
8993
-1868
-13773
-24236
-30959
-32384
-28092
-18905
-6709
5998
16696
23434
25254
22379
16086
8326
1191
-3646
-5347
-4089
-964
2375
4226
3350
-629
-7080
-14485
-20826
-24118
-22956
-16934
-6817
5595
17853
27429
32321
31525
25276
14985
2889
-8495
-16965
-21148
-20775
-16680
-10518
-4278
271
2056
967
-2141
-5732
-8045
-7633
-3822
3051
11662
20005
25892
27529
24007
15580
3665
-9465
-21196
-29182
-31894
-28972
-21283
-10691
424
9748
15585
17237
15110
10531
5335
1326
-236
1017
4474
8722
11964
12555
9496
2777
-6545
-16573
-24998
-29691
-29244
-23358
-12956
0
12956
23358
29244
29691
24998
16573
6545
-2777
-9496
-12555
-11964
-8722
-4474
-1017
236
-1326
-5335
-10531
-15110
-17237
-15585
-9748
-424
10691
21283
28972
31894
29182
21196
9465
-3665
-15580
-24007
-27529
-25892
-20005
-11662
-3051
3822
7633
8045
5732
2141
-967
-2056
-271
4278
10518
16680
20775
21148
16965
8495
-2889
-14985
-25276
-31525
-32321
-27429
-17853
-5595
6817
16934
22956
24118
20826
14485
7080
629
-3350
-4226
-2375
964
4089
5347
3646
-1191
-8326
-16086
-22379
-25254
-23434
-16696
-5998
6709
18905
28092
32384
30959
24236
13773
1868
-8993
-16742
-20188
-19258
-14945
-8975
-3307
418
1321
-496
-4010
-7583
-9468
-8329
-3672
3957
13055
21508
27124
28198
23989
14944
2649
-10524
-21951
-29379
-31442
-27967
-19989
-9468
1212
9837
14884
15854
13336
8767
3995
728
57
2139
6165
10591
13589
13582
9730
2226
-7684
-17962
-26258
-30495
-29407
-22883
-12027
1071
13814
23709
28935
28756
23656
15166
5461
-3221
-9128
-11406
-10261
-6838
-2835
0
403
-2037
-6747
-12302
-16823
-18508
-16151
-9535
442
11925
22519
29861
32201
28846
20344
8375
-4640
-16111
-23884
-26719
-24556
-18458
-10297
-2234
3847
6810
6526
3842
302
-2344
-2667
0
5339
12092
18376
22193
21974
17052
7893
-3950
-16166
-26218
-31951
-32111
-26650
-16741
-4493
7556
17046
22337
22862
19207
12886
5901
180
-2927
-2997
-602
2887
5733
6352
3812
-1861
-9629
-17673
-23852
-26263
-23769
-16336
-5108
7822
19884
28627
32300
30259
23111
12543
902
-9383
-16383
-19099
-17655
-13186
-7476
-2434
440
469
-2039
-5893
-9384
-10788
-8895
-3401
4941
14462
22956
28242
28726
23836
14213
1601
-11538
-22601
-29435
-30845
-26852
-18647
-8270
1912
9799
14048
14368
11516
7024
2735
250
474
3355
7893
12431
15123
14482
9834
1573
-8865
-19323
-27422
-31162
-29425
-22290
-11037
2128
14590
23930
28481
27697
22240
13757
4439
-3551
-8628
-10141
-8490
-4950
-1259
910
445
-2858
-8220
-14068
-18467
-19659
-16579
-9202
1378
13159
23684
30626
32361
28376
19404
7267
-5561
-16530
-23620
-25775
-23126
-16881
-8971
-1513
3745
5865
4920
1927
-1495
-3625
-3155
390
6481
13685
20025
23504
22664
17006
7197
-5042
-17304
-27054
-32234
-31755
-25760
-15580
-3415
8206
17026
21579
21496
17533
11302
4798
-150
-2377
-1667
1217
4791
7296
7237
3850
-2631
-10975
-19236
-25236
-27142
-23963
-15860
-4159
8923
20781
29031
32066
29432
21910
11306
0
-9656
-15886
-17887
-15975
-11416
-6033
-1668
336
-495
-3648
-7782
-11122
-11996
-9328
-3014
5996
15871
24337
29240
29108
23549
13395
536
-12499
-23136
-29344
-30110
-25639
-17270
-7109
2514
9630
13084
12787
9660
5314
1566
-105
1012
4655
9648
14230
16559
15251
9808
829
-10077
-20643
-28483
-31687
-29298
-21587
-9998
3162
15275
24015
27882
26522
20763
12356
3493
-3763
-7997
-8768
-6663
-3072
246
1704
360
-3781
-9742
-15816
-20028
-20684
-16871
-8757
2373
14382
24768
31259
32372
27776
18387
6151
-6416
-16831
-23212
-24701
-21612
-15286
-7695
-896
3514
4800
3240
0
-3240
-4800
-3514
896
7695
15286
21612
24701
23212
16831
6416
-6151
-18387
-27776
-32372
-31259
-24768
-14382
-2373
8757
16871
20684
20028
15816
9742
3781
-360
-1704
-246
3072
6663
8768
7997
3763
-3493
-12356
-20763
-26522
-27882
-24015
-15275
-3162
9998
21587
29298
31687
28483
20643
10077
-829
-9808
-15251
-16559
-14230
-9648
-4655
-1012
105
-1566
-5314
-9660
-12787
-13084
-9630
-2514
7109
17270
25639
30110
29344
23136
12499
-536
-13395
-23549
-29108
-29240
-24337
-15871
-5996
3014
9328
11996
11122
7782
3648
495
-336
1668
6033
11416
15975
17887
15886
9656
0
-11306
-21910
-29432
-32066
-29031
-20781
-8923
4159
15860
23963
27142
25236
19236
10975
2631
-3850
-7237
-7296
-4791
-1217
1667
2377
150
-4798
-11302
-17533
-21496
-21579
-17026
-8206
3415
15580
25760
31755
32234
27054
17304
5042
-7197
-17006
-22664
-23504
-20025
-13685
-6481
-390
3155
3625
1495
-1927
-4920
-5865
-3745
1513
8971
16881
23126
25775
23620
16530
5561
-7267
-19404
-28376
-32361
-30626
-23684
-13159
-1378
9202
16579
19659
18467
14068
8220
2858
-445
-910
1259
4950
8490
10141
8628
3551
-4439
-13757
-22240
-27697
-28481
-23930
-14590
-2128
11037
22290
29425
31162
27422
19323
8865
-1573
-9834
-14482
-15123
-12431
-7893
-3355
-474
-250
-2735
-7024
-11516
-14368
-14048
-9799
-1912
8270
18647
26852
30845
29435
22601
11538
-1601
-14213
-23836
-28726
-28242
-22956
-14462
-4941
3401
8895
10788
9384
5893
2039
-469
-440
2434
7476
13186
17655
19099
16383
9383
-902
-12543
-23111
-30259
-32300
-28627
-19884
-7822
5108
16336
23769
26263
23852
17673
9629
1861
-3812
-6352
-5733
-2887
602
2997
2927
-180
-5901
-12886
-19207
-22862
-22337
-17046
-7556
4493
16741
26650
32111
31951
26218
16166
3950
-7893
-17052
-21974
-22193
-18376
-12092
-5339
0
2667
2344
-302
-3842
-6526
-6810
-3847
2234
10297
18458
24556
26719
23884
16111
4640
-8375
-20344
-28846
-32201
-29861
-22519
-11925
-442
9535
16151
18508
16823
12302
6747
2037
-403
0
2835
6838
10261
11406
9128
3221
-5461
-15166
-23656
-28756
-28935
-23709
-13814
-1071
12027
22883
29407
30495
26258
17962
7684
-2226
-9730
-13582
-13589
-10591
-6165
-2139
-57
-728
-3995
-8767
-13336
-15854
-14884
-9837
-1212
9468
19989
27967
31442
29379
21951
10524
-2649
-14944
-23989
-28198
-27124
-21508
-13055
-3957
3672
8329
9468
7583
4010
496
-1321
-418
3307
8975
14945
19258
20188
16742
8993
-1868
-13773
-24236
-30959
-32384
-28092
-18905
-6709
5998
16696
23434
25254
22379
16086
8326
1191
-3646
-5347
-4089
-964
2375
4226
3350
-629
-7080
-14485
-20826
-24118
-22956
-16934
-6817
5595
17853
27429
32321
31525
25276
14985
2889
-8495
-16965
-21148
-20775
-16680
-10518
-4278
271
2056
967
-2141
-5732
-8045
-7633
-3822
3051
11662
20005
25892
27529
24007
15580
3665
-9465
-21196
-29182
-31894
-28972
-21283
-10691
424
9748
15585
17237
15110
10531
5335
1326
-236
1017
4474
8722
11964
12555
9496
2777
-6545
-16573
-24998
-29691
-29244
-23358
-12956
0
12956
23358
29244
29691
24998
16573
6545
-2777
-9496
-12555
-11964
-8722
-4474
-1017
236
-1326
-5335
-10531
-15110
-17237
-15585
-9748
-424
10691
21283
28972
31894
29182
21196
9465
-3665
-15580
-24007
-27529
-25892
-20005
-11662
-3051
3822
7633
8045
5732
2141
-967
-2056
-271
4278
10518
16680
20775
21148
16965
8495
-2889
-14985
-25276
-31525
-32321
-27429
-17853
-5595
6817
16934
22956
24118
20826
14485
7080
629
-3350
-4226
-2375
964
4089
5347
3646
-1191
-8326
-16086
-22379
-25254
-23434
-16696
-5998
6709
18905
28092
32384
30959
24236
13773
1868
-8993
-16742
-20188
-19258
-14945
-8975
-3307
418
1321
-496
-4010
-7583
-9468
-8329
-3672
3957
13055
21508
27124
28198
23989
14944
2649
-10524
-21951
-29379
-31442
-27967
-19989
-9468
1212
9837
14884
15854
13336
8767
3995
728
57
2139
6165
10591
13589
13582
9730
2226
-7684
-17962
-26258
-30495
-29407
-22883
-12027
1071
13814
23709
28935
28756
23656
15166
5461
-3221
-9128
-11406
-10261
-6838
-2835
0
403
-2037
-6747
-12302
-16823
-18508
-16151
-9535
442
11925
22519
29861
32201
28846
20344
8375
-4640
-16111
-23884
-26719
-24556
-18458
-10297
-2234
3847
6810
6526
3842
302
-2344
-2667
0
5339
12092
18376
22193
21974
17052
7893
-3950
-16166
-26218
-31951
-32111
-26650
-16741
-4493
7556
17046
22337
22862
19207
12886
5901
180
-2927
-2997
-602
2887
5733
6352
3812
-1861
-9629
-17673
-23852
-26263
-23769
-16336
-5108
7822
19884
28627
32300
30259
23111
12543
902
-9383
-16383
-19099
-17655
-13186
-7476
-2434
440
469
-2039
-5893
-9384
-10788
-8895
-3401
4941
14462
22956
28242
28726
23836
14213
1601
-11538
-22601
-29435
-30845
-26852
-18647
-8270
1912
9799
14048
14368
11516
7024
2735
250
474
3355
7893
12431
15123
14482
9834
1573
-8865
-19323
-27422
-31162
-29425
-22290
-11037
2128
14590
23930
28481
27697
22240
13757
4439
-3551
-8628
-10141
-8490
-4950
-1259
910
445
-2858
-8220
-14068
-18467
-19659
-16579
-9202
1378
13159
23684
30626
32361
28376
19404
7267
-5561
-16530
-23620
-25775
-23126
-16881
-8971
-1513
3745
5865
4920
1927
-1495
-3625
-3155
390
6481
13685
20025
23504
22664
17006
7197
-5042
-17304
-27054
-32234
-31755
-25760
-15580
-3415
8206
17026
21579
21496
17533
11302
4798
-150
-2377
-1667
1217
4791
7296
7237
3850
-2631
-10975
-19236
-25236
-27142
-23963
-15860
-4159
8923
20781
29031
32066
29432
21910
11306
0
-9656
-15886
-17887
-15975
-11416
-6033
-1668
336
-495
-3648
-7782
-11122
-11996
-9328
-3014
5996
15871
24337
29240
29108
23549
13395
536
-12499
-23136
-29344
-30110
-25639
-17270
-7109
2514
9630
13084
12787
9660
5314
1566
-105
1012
4655
9648
14230
16559
15251
9808
829
-10077
-20643
-28483
-31687
-29298
-21587
-9998
3162
15275
24015
27882
26522
20763
12356
3493
-3763
-7997
-8768
-6663
-3072
246
1704
360
-3781
-9742
-15816
-20028
-20684
-16871
-8757
2373
14382
24768
31259
32372
27776
18387
6151
-6416
-16831
-23212
-24701
-21612
-15286
-7695
-896
3514
4800
3240
0
-3240
-4800
-3514
896
7695
15286
21612
24701
23212
16831
6416
-6151
-18387
-27776
-32372
-31259
-24768
-14382
-2373
8757
16871
20684
20028
15816
9742
3781
-360
-1704
-246
3072
6663
8768
7997
3763
-3493
-12356
-20763
-26522
-27882
-24015
-15275
-3162
9998
21587
29298
31687
28483
20643
10077
-829
-9808
-15251
-16559
-14230
-9648
-4655
-1012
105
-1566
-5314
-9660
-12787
-13084
-9630
-2514
7109
17270
25639
30110
29344
23136
12499
-536
-13395
-23549
-29108
-29240
-24337
-15871
-5996
3014
9328
11996
11122
7782
3648
495
-336
1668
6033
11416
15975
17887
15886
9656
0
-11306
-21910
-29432
-32066
-29031
-20781
-8923
4159
15860
23963
27142
25236
19236
10975
2631
-3850
-7237
-7296
-4791
-1217
1667
2377
150
-4798
-11302
-17533
-21496
-21579
-17026
-8206
3415
15580
25760
31755
32234
27054
17304
5042
-7197
-17006
-22664
-23504
-20025
-13685
-6481
-390
3155
3625
1495
-1927
-4920
-5865
-3745
1513
8971
16881
23126
25775
23620
16530
5561
-7267
-19404
-28376
-32361
-30626
-23684
-13159
-1378
9202
16579
19659
18467
14068
8220
2858
-445
-910
1259
4950
8490
10141
8628
3551
-4439
-13757
-22240
-27697
-28481
-23930
-14590
-2128
11037
22290
29425
31162
27422
19323
8865
-1573
-9834
-14482
-15123
-12431
-7893
-3355
-474
-250
-2735
-7024
-11516
-14368
-14048
-9799
-1912
8270
18647
26852
30845
29435
22601
11538
-1601
-14213
-23836
-28726
-28242
-22956
-14462
-4941
3401
8895
10788
9384
5893
2039
-469
-440
2434
7476
13186
17655
19099
16383
9383
-902
-12543
-23111
-30259
-32300
-28627
-19884
-7822
5108
16336
23769
26263
23852
17673
9629
1861
-3812
-6352
-5733
-2887
602
2997
2927
-180
-5901
-12886
-19207
-22862
-22337
-17046
-7556
4493
16741
26650
32111
31951
26218
16166
3950
-7893
-17052
-21974
-22193
-18376
-12092
-5339
0
2667
2344
-302
-3842
-6526
-6810
-3847
2234
10297
18458
24556
26719
23884
16111
4640
-8375
-20344
-28846
-32201
-29861
-22519
-11925
-442
9535
16151
18508
16823
12302
6747
2037
-403
0
2835
6838
10261
11406
9128
3221
-5461
-15166
-23656
-28756
-28935
-23709
-13814
-1071
12027
22883
29407
30495
26258
17962
7684
-2226
-9730
-13582
-13589
-10591
-6165
-2139
-57
-728
-3995
-8767
-13336
-15854
-14884
-9837
-1212
9468
19989
27967
31442
29379
21951
10524
-2649
-14944
-23989
-28198
-27124
-21508
-13055
-3957
3672
8329
9468
7583
4010
496
-1321
-418
3307
8975
14945
19258
20188
16742
8993
-1868
-13773
-24236
-30959
-32384
-28092
-18905
-6709
5998
16696
23434
25254
22379
16086
8326
1191
-3646
-5347
-4089
-964
2375
4226
3350
-629
-7080
-14485
-20826
-24118
-22956
-16934
-6817
5595
17853
27429
32321
31525
25276
14985
2889
-8495
-16965
-21148
-20775
-16680
-10518
-4278
271
2056
967
-2141
-5732
-8045
-7633
-3822
3051
11662
20005
25892
27529
24007
15580
3665
-9465
-21196
-29182
-31894
-28972
-21283
-10691
424
9748
15585
17237
15110
10531
5335
1326
-236
1017
4474
8722
11964
12555
9496
2777
-6545
-16573
-24998
-29691
-29244
-23358
-12956
0
12956
23358
29244
29691
24998
16573
6545
-2777
-9496
-12555
-11964
-8722
-4474
-1017
236
-1326
-5335
-10531
-15110
-17237
-15585
-9748
-424
10691
21283
28972
31894
29182
21196
9465
-3665
-15580
-24007
-27529
-25892
-20005
-11662
-3051
3822
7633
8045
5732
2141
-967
-2056
-271
4278
10518
16680
20775
21148
16965
8495
-2889
-14985
-25276
-31525
-32321
-27429
-17853
-5595
6817
16934
22956
24118
20826
14485
7080
629
-3350
-4226
-2375
964
4089
5347
3646
-1191
-8326
-16086
-22379
-25254
-23434
-16696
-5998
6709
18905
28092
32384
30959
24236
13773
1868
-8993
-16742
-20188
-19258
-14945
-8975
-3307
418
1321
-496
-4010
-7583
-9468
-8329
-3672
3957
13055
21508
27124
28198
23989
14944
2649
-10524
-21951
-29379
-31442
-27967
-19989
-9468
1212
9837
14884
15854
13336
8767
3995
728
57
2139
6165
10591
13589
13582
9730
2226
-7684
-17962
-26258
-30495
-29407
-22883
-12027
1071
13814
23709
28935
28756
23656
15166
5461
-3221
-9128
-11406
-10261
-6838
-2835
0
403
-2037
-6747
-12302
-16823
-18508
-16151
-9535
442
11925
22519
29861
32201
28846
20344
8375
-4640
-16111
-23884
-26719
-24556
-18458
-10297
-2234
3847
6810
6526
3842
302
-2344
-2667
0
5339
12092
18376
22193
21974
17052
7893
-3950
-16166
-26218
-31951
-32111
-26650
-16741
-4493
7556
17046
22337
22862
19207
12886
5901
180
-2927
-2997
-602
2887
5733
6352
3812
-1861
-9629
-17673
-23852
-26263
-23769
-16336
-5108
7822
19884
28627
32300
30259
23111
12543
902
-9383
-16383
-19099
-17655
-13186
-7476
-2434
440
469
-2039
-5893
-9384
-10788
-8895
-3401
4941
14462
22956
28242
28726
23836
14213
1601
-11538
-22601
-29435
-30845
-26852
-18647
-8270
1912
9799
14048
14368
11516
7024
2735
250
474
3355
7893
12431
15123
14482
9834
1573
-8865
-19323
-27422
-31162
-29425
-22290
-11037
2128
14590
23930
28481
27697
22240
13757
4439
-3551
-8628
-10141
-8490
-4950
-1259
910
445
-2858
-8220
-14068
-18467
-19659
-16579
-9202
1378
13159
23684
30626
32361
28376
19404
7267
-5561
-16530
-23620
-25775
-23126
-16881
-8971
-1513
3745
5865
4920
1927
-1495
-3625
-3155
390
6481
13685
20025
23504
22664
17006
7197
-5042
-17304
-27054
-32234
-31755
-25760
-15580
-3415
8206
17026
21579
21496
17533
11302
4798
-150
-2377
-1667
1217
4791
7296
7237
3850
-2631
-10975
-19236
-25236
-27142
-23963
-15860
-4159
8923
20781
29031
32066
29432
21910
11306
0
-9656
-15886
-17887
-15975
-11416
-6033
-1668
336
-495
-3648
-7782
-11122
-11996
-9328
-3014
5996
15871
24337
29240
29108
23549
13395
536
-12499
-23136
-29344
-30110
-25639
-17270
-7109
2514
9630
13084
12787
9660
5314
1566
-105
1012
4655
9648
14230
16559
15251
9808
829
-10077
-20643
-28483
-31687
-29298
-21587
-9998
3162
15275
24015
27882
26522
20763
12356
3493
-3763
-7997
-8768
-6663
-3072
246
1704
360
-3781
-9742
-15816
-20028
-20684
-16871
-8757
2373
14382
24768
31259
32372
27776
18387
6151
-6416
-16831
-23212
-24701
-21612
-15286
-7695
-896
3514
4800
3240
0
-3240
-4800
-3514
896
7695
15286
21612
24701
23212
16831
6416
-6151
-18387
-27776
-32372
-31259
-24768
-14382
-2373
8757
16871
20684
20028
15816
9742
3781
-360
-1704
-246
3072
6663
8768
7997
3763
-3493
-12356
-20763
-26522
-27882
-24015
-15275
-3162
9998
21587
29298
31687
28483
20643
10077
-829
-9808
-15251
-16559
-14230
-9648
-4655
-1012
105
-1566
-5314
-9660
-12787
-13084
-9630
-2514
7109
17270
25639
30110
29344
23136
12499
-536
-13395
-23549
-29108
-29240
-24337
-15871
-5996
3014
9328
11996
11122
7782
3648
495
-336
1668
6033
11416
15975
17887
15886
9656
0
-11306
-21910
-29432
-32066
-29031
-20781
-8923
4159
15860
23963
27142
25236
19236
10975
2631
-3850
-7237
-7296
-4791
-1217
1667
2377
150
-4798
-11302
-17533
-21496
-21579
-17026
-8206
3415
15580
25760
31755
32234
27054
17304
5042
-7197
-17006
-22664
-23504
-20025
-13685
-6481
-390
3155
3625
1495
-1927
-4920
-5865
-3745
1513
8971
16881
23126
25775
23620
16530
5561
-7267
-19404
-28376
-32361
-30626
-23684
-13159
-1378
9202
16579
19659
18467
14068
8220
2858
-445
-910
1259
4950
8490
10141
8628
3551
-4439
-13757
-22240
-27697
-28481
-23930
-14590
-2128
11037
22290
29425
31162
27422
19323
8865
-1573
-9834
-14482
-15123
-12431
-7893
-3355
-474
-250
-2735
-7024
-11516
-14368
-14048
-9799
-1912
8270
18647
26852
30845
29435
22601
11538
-1601
-14213
-23836
-28726
-28242
-22956
-14462
-4941
3401
8895
10788
9384
5893
2039
-469
-440
2434
7476
13186
17655
19099
16383
9383
-902
-12543
-23111
-30259
-32300
-28627
-19884
-7822
5108
16336
23769
26263
23852
17673
9629
1861
-3812
-6352
-5733
-2887
602
2997
2927
-180
-5901
-12886
-19207
-22862
-22337
-17046
-7556
4493
16741
26650
32111
31951
26218
16166
3950
-7893
-17052
-21974
-22193
-18376
-12092
-5339
0
2667
2344
-302
-3842
-6526
-6810
-3847
2234
10297
18458
24556
26719
23884
16111
4640
-8375
-20344
-28846
-32201
-29861
-22519
-11925
-442
9535
16151
18508
16823
12302
6747
2037
-403
0
2835
6838
10261
11406
9128
3221
-5461
-15166
-23656
-28756
-28935
-23709
-13814
-1071
12027
22883
29407
30495
26258
17962
7684
-2226
-9730
-13582
-13589
-10591
-6165
-2139
-57
-728
-3995
-8767
-13336
-15854
-14884
-9837
-1212
9468
19989
27967
31442
29379
21951
10524
-2649
-14944
-23989
-28198
-27124
-21508
-13055
-3957
3672
8329
9468
7583
4010
496
-1321
-418
3307
8975
14945
19258
20188
16742
8993
-1868
-13773
-24236
-30959
-32384
-28092
-18905
-6709
5998
16696
23434
25254
22379
16086
8326
1191
-3646
-5347
-4089
-964
2375
4226
3350
-629
-7080
-14485
-20826
-24118
-22956
-16934
-6817
5595
17853
27429
32321
31525
25276
14985
2889
-8495
-16965
-21148
-20775
-16680
-10518
-4278
271
2056
967
-2141
-5732
-8045
-7633
-3822
3051
11662
20005
25892
27529
24007
15580
3665
-9465
-21196
-29182
-31894
-28972
-21283
-10691
424
9748
15585
17237
15110
10531
5335
1326
-236
1017
4474
8722
11964
12555
9496
2777
-6545
-16573
-24998
-29691
-29244
-23358
-12956
