17269
10860
2323
-6503
-13675
-17624
-17552
-13646
-7044
438
6748
10116
9502
4874
-2766
-11612
-19489
-24393
-24992
-20975
-13146
-3247
6453
13713
16874
15271
9419
894
-8039
-14981
-17991
-16075
-9452
484
11483
20977
26708
27284
22529
13547
2464
-8071
-15531
-18124
-15240
-7608
2863
13539
21694
25174
22923
15258
3804
-8879
-19903
-26744
-27847
-23008
-13430
-1444
10040
18230
21115
17953
9452
-2389
-14751
-24660
-29696
-28562
-21402
-9768
3740
16081
24488
27110
23450
14470
2370
-9933
-19489
-23995
-22337
-14836
-3174
10002
21698
29260
30980
26482
16796
4110
-8737
-18907
-24204
-23562
-17269
-6882
5141
16010
23227
25144
21317
12579
836
-11371
-21439
-27272
-27724
-22829
-13764
-2566
8328
16611
20598
19566
13876
4870
-5444
-14830
-21300
-23513
-21037
-14409
-4991
5321
14505
20812
23111
21086
15278
6950
-2178
-10279
-15767
-17601
-15467
-9822
-1797
7032
14943
20394
22308
20275
14624
6366
-2997
-11743
-18255
-21326
-20385
-15618
-7946
1143
9863
16470
19603
18552
13416
5102
-4831
-14468
-21899
-25605
-24765
-19436
-10561
202
10793
19159
23661
23411
18457
9790
-852
-11321
-19489
-23676
-22989
-17506
-8259
2970
14002
22701
27390
27185
22159
13316
2383
-8538
-17386
-22537
-23111
-19117
-11435
-1619
8414
16757
21866
22839
19557
12675
3479
-6373
-15156
-21389
-24077
-22861
-18059
-10579
-1745
6935
14023
18380
19340
16806
11247
3621
-4785
-12557
-18379
-21238
-20593
-16466
-9452
-634
8577
16669
22278
24419
22671
17266
9070
-547
-9934
-17446
-21735
-21998
-18136
-10784
-1216
8878
17691
23626
25585
23172
16768
7458
-3158
-13264
-21146
-25502
-25659
-21680
-14337
-4956
4831
13373
19282
21658
20214
15302
7819
-962
-9610
-16770
-21364
-22742
-20752
-15744
-8489
-60
8328
15489
20425
22454
21302
17139
10562
2517
-5819
-13200
-18490
-20833
-19793
-15444
-8376
370
9452
17427
22985
25167
23534
18256
10098
306
-9595
-18051
-23738
-25781
-23899
-18445
-10342
-916
8328
15950
20809
22233
20100
14836
7317
-1280
-9676
-16676
-21335
-23071
-21720
-17531
-11107
-3316
4831
12303
18167
21692
22436
20294
15522
8715
749
-7315
-14367
-19391
-21614
-20635
-16499
-9718
-1216
7793
15984
22118
25243
24846
20941
14071
5225
-4317
-13185
-20136
-24233
-24981
-22385
-16923
-9452
-1064
7079
13917
18615
20664
19908
16541
11055
4160
-3299
-10441
-16433
-20571
-22346
-21500
-18059
-12350
-4978
3219
11256
18121
22898
24907
23810
19683
13021
4692
-4186
-12397
-18810
-22546
-23111
-20461
-15010
-7549
873
9116
16108
20992
23227
22631
19380
13947
7025
-575
-8021
-14540
-19489
-22393
-22979
-21192
-17198
-11380
-4318
3252
10500
16581
20738
22403
21287
17441
11278
3530
-4831
-12726
-19119
-23164
-24330
-22475
-17858
-11093
-3053
5263
12871
18928
22826
24245
23158
19803
14624
8203
1193
-5740
-11965
-16925
-20162
-21356
-20348
-17173
-12078
-5526
1827
9185
15695
20553
23111
22980
20099
14756
7561
-632
-8844
-16108
-21593
-24718
-25209
-23119
-18786
-12774
-5772
1491
8328
14156
18525
21131
21815
20554
17456
12759
6829
157
-6661
-12962
-18074
-21393
-22467
-21073
-17269
-11407
-4108
3815
11459
17953
22575
24845
24580
21894
17166
10967
3970
-3141
-9741
-15316
-19489
-22014
-22770
-21741
-19008
-14749
-9242
-2876
3856
10372
16048
20279
22562
22571
20219
15695
9452
2160
-5382
-12349
-18005
-21791
-23390
-22743
-20034
-15633
-10027
-3752
2675
8791
14203
18591
21694
23307
23278
21529
18082
13090
6866
-124
-7279
-13920
-19371
-23050
-24552
-23716
-20646
-15704
-9452
-2566
4252
10371
15295
18702
20448
20539
19094
16300
12377
7562
2112
-3683
-9486
-14901
-19489
-22805
-24451
-24142
-21768
-17438
-11484
-4439
3027
10196
16398
21097
23949
24833
23833
21195
17269
12441
7082
1521
-3964
-9127
-13732
-17535
-20273
-21685
-21548
-19726
-16225
-11226
-5098
1631
8328
14339
19077
22108
23198
22340
19731
15719
10741
5241
-379
-5798
-10778
-15145
-18756
-21466
-23111
-23512
-22505
-19986
-15959
-10586
-4196
2727
9595
15790
20750
24052
25465
24976
22770
19180
14624
9523
4248
-917
-5776
-10197
-14077
-17297
-19700
-21088
-21249
-20007
-17276
-13115
-7755
-1596
4831
10938
16157
20031
22272
22793
21697
19237
15748
11578
7027
2319
-2403
-7049
-11537
-15747
-19489
-22499
-24467
-25085
-24121
-21478
-17245
-11701
-5294
1425
7882
13568
18106
21295
23105
23647
23111
21701
19579
16838
13498
9548
4992
-89
-5505
-10937
-15966
-20131
-23004
-24269
-23789
-21632
-18059
-13479
-8369
-3188
1692
6031
9732
12810
15333
17361
18889
19825
19992
19174
17181
13920
9452
4016
-1983
-8031
-13586
-18168
-21437
-23239
-23614
-22759
-20961
-18517
-15660
-12521
-9114
-5374
-1216
3394
8381
13521
18461
22755
25952
27680
27728
26088
22961
18716
13812
8707
3772
-764
-4831
-8490
-11867
-15078
-18157
-21005
-23396
-25007
-25498
-24600
-22191
-18354
-13373
-7699
-1865
3613
8328
12050
14744
16547
17693
18431
18934
19241
19243
18710
17367
14982
11457
6883
1553
-4073
-9452
-14062
-17506
-19582
-20313
-19919
-18745
-17163
-15467
-13805
-12147
-10313
-8037
-5073
-1287
3267
8328
13456
18116
21785
24065
24768
23951
21896
19028
15815
12647
9751
7146
4666
2023
-1077
-4831
-9250
-14115
-19011
-23395
-26721
-28561
-28704
-27204
-24367
-20675
-16664
-12802
-9378
-6445
-3833
-1216
1772
5409
9781
14721
19828
24540
28256
30482
30944
29657
26921
23245
19226
15398
12111
9452
7239
5094
2565
-728
-4965
-10045
-15584
-20986
-25578
-28767
-30179
-29755
-27760
-24720
-21282
-18059
-15470
-13644
-12393
-11282
-9753
-7294
-3603
1312
7104
13150
18690
23005
25590
26278
25276
23111
20490
18120
16519
15885
16045
16506
16589
15621
13129
8982
3453
-2828
-9013
-14239
-17836
-19489
-19316
-17833
-15814
-14091
-13329
-13846
-15527
-17844
-19995
-21112
-20496
-17815
-13207
-7266
-912
4831
9088
11343
11577
10263
8243
6510
5936
7044
9852
13860
18163
21681
23433
22803
19704
14624
8515
2563
-2101
-4690
-4961
-3277
-517
2150
3571
2915
-95
-5096
-11155
-16996
-21313
-23111
-21957
-18111
-12473
-6364
-1202
1858
2218
0
-3978
-8403
-11804
-12923
-11061
-6263
661
8328
15110
19547
20709
18446
13439
7038
933
-3268
-4451
-2288
2670
9109
15281
19436
20270
-17269
-10860
-2323
6503
13675
17624
17552
13646
7044
-438
-6748
-10116
-9502
-4874
2766
11612
19489
24393
24992
20975
13146
3247
-6453
-13713
-16874
-15271
-9419
-894
8039
14981
17991
16075
9452
-484
-11483
-20977
-26708
-27284
-22529
-13547
-2464
8071
15531
18124
15240
7608
-2863
-13539
-21694
-25174
-22923
-15258
-3804
8879
19903
26744
27847
23008
13430
1444
-10040
-18230
-21115
-17953
-9452
2389
14751
24660
29696
28562
21402
9768
-3740
-16081
-24488
-27110
-23450
-14470
-2370
9933
19489
23995
22337
14836
3174
-10002
-21698
-29260
-30980
-26482
-16796
-4110
8737
18907
24204
23562
17269
6882
-5141
-16010
-23227
-25144
-21317
-12579
-836
11371
21439
27272
27724
22829
13764
2566
-8328
-16611
-20598
-19566
-13876
-4870
5444
14830
21300
23513
21037
14409
4991
-5321
-14505
-20812
-23111
-21086
-15278
-6950
2178
10279
15767
17601
15467
9822
1797
-7032
-14943
-20394
-22308
-20275
-14624
-6366
2997
11743
18255
21326
20385
15618
7946
-1143
-9863
-16470
-19603
-18552
-13416
-5102
4831
14468
21899
25605
24765
19436
10561
-202
-10793
-19159
-23661
-23411
-18457
-9790
852
11321
19489
23676
22989
17506
8259
-2970
-14002
-22701
-27390
-27185
-22159
-13316
-2383
8538
17386
22537
23111
19117
11435
1619
-8414
-16757
-21866
-22839
-19557
-12675
-3479
6373
15156
21389
24077
22861
18059
10579
1745
-6935
-14023
-18380
-19340
-16806
-11247
-3621
4785
12557
18379
21238
20593
16466
9452
634
-8577
-16669
-22278
-24419
-22671
-17266
-9070
547
9934
17446
21735
21998
18136
10784
1216
-8878
-17691
-23626
-25585
-23172
-16768
-7458
3158
13264
21146
25502
25659
21680
14337
4956
-4831
-13373
-19282
-21658
-20214
-15302
-7819
962
9610
16770
21364
22742
20752
15744
8489
60
-8328
-15489
-20425
-22454
-21302
-17139
-10562
-2517
5819
13200
18490
20833
19793
15444
8376
-370
-9452
-17427
-22985
-25167
-23534
-18256
-10098
-306
9595
18051
23738
25781
23899
18445
10342
916
-8328
-15950
-20809
-22233
-20100
-14836
-7317
1280
9676
16676
21335
23071
21720
17531
11107
3316
-4831
-12303
-18167
-21692
-22436
-20294
-15522
-8715
-749
7315
14367
19391
21614
20635
16499
9718
1216
-7793
-15984
-22118
-25243
-24846
-20941
-14071
-5225
4317
13185
20136
24233
24981
22385
16923
9452
1064
-7079
-13917
-18615
-20664
-19908
-16541
-11055
-4160
3299
10441
16433
20571
22346
21500
18059
12350
4978
-3219
-11256
-18121
-22898
-24907
-23810
-19683
-13021
-4692
4186
12397
18810
22546
23111
20461
15010
7549
-873
-9116
-16108
-20992
-23227
-22631
-19380
-13947
-7025
575
8021
14540
19489
22393
22979
21192
17198
11380
4318
-3252
-10500
-16581
-20738
-22403
-21287
-17441
-11278
-3530
4831
12726
19119
23164
24330
22475
17858
11093
3053
-5263
-12871
-18928
-22826
-24245
-23158
-19803
-14624
-8203
-1193
5740
11965
16925
20162
21356
20348
17173
12078
5526
-1827
-9185
-15695
-20553
-23111
-22980
-20099
-14756
-7561
632
8844
16108
21593
24718
25209
23119
18786
12774
5772
-1491
-8328
-14156
-18525
-21131
-21815
-20554
-17456
-12759
-6829
-157
6661
12962
18074
21393
22467
21073
17269
11407
4108
-3815
-11459
-17953
-22575
-24845
-24580
-21894
-17166
-10967
-3970
3141
9741
15316
19489
22014
22770
21741
19008
14749
9242
2876
-3856
-10372
-16048
-20279
-22562
-22571
-20219
-15695
-9452
-2160
5382
12349
18005
21791
23390
22743
20034
15633
10027
3752
-2675
-8791
-14203
-18591
-21694
-23307
-23278
-21529
-18082
-13090
-6866
124
7279
13920
19371
23050
24552
23716
20646
15704
9452
2566
-4252
-10371
-15295
-18702
-20448
-20539
-19094
-16300
-12377
-7562
-2112
3683
9486
14901
19489
22805
24451
24142
21768
17438
11484
4439
-3027
-10196
-16398
-21097
-23949
-24833
-23833
-21195
-17269
-12441
-7082
-1521
3964
9127
13732
17535
20273
21685
21548
19726
16225
11226
5098
-1631
-8328
-14339
-19077
-22108
-23198
-22340
-19731
-15719
-10741
-5241
379
5798
10778
15145
18756
21466
23111
23512
22505
19986
15959
10586
4196
-2727
-9595
-15790
-20750
-24052
-25465
-24976
-22770
-19180
-14624
-9523
-4248
917
5776
10197
14077
17297
19700
21088
21249
20007
17276
13115
7755
1596
-4831
-10938
-16157
-20031
-22272
-22793
-21697
-19237
-15748
-11578
-7027
-2319
2403
7049
11537
15747
19489
22499
24467
25085
24121
21478
17245
11701
5294
-1425
-7882
-13568
-18106
-21295
-23105
-23647
-23111
-21701
-19579
-16838
-13498
-9548
-4992
89
5505
10937
15966
20131
23004
24269
23789
21632
18059
13479
8369
3188
-1692
-6031
-9732
-12810
-15333
-17361
-18889
-19825
-19992
-19174
-17181
-13920
-9452
-4016
1983
8031
13586
18168
21437
23239
23614
22759
20961
18517
15660
12521
9114
5374
1216
-3394
-8381
-13521
-18461
-22755
-25952
-27680
-27728
-26088
-22961
-18716
-13812
-8707
-3772
764
4831
8490
11867
15078
18157
21005
23396
25007
25498
24600
22191
18354
13373
7699
1865
-3613
-8328
-12050
-14744
-16547
-17693
-18431
-18934
-19241
-19243
-18710
-17367
-14982
-11457
-6883
-1553
4073
9452
14062
17506
19582
20313
19919
18745
17163
15467
13805
12147
10313
8037
5073
1287
-3267
-8328
-13456
-18116
-21785
-24065
-24768
-23951
-21896
-19028
-15815
-12647
-9751
-7146
-4666
-2023
1077
4831
9250
14115
19011
23395
26721
28561
28704
27204
24367
20675
16664
12802
9378
6445
3833
1216
-1772
-5409
-9781
-14721
-19828
-24540
-28256
-30482
-30944
-29657
-26921
-23245
-19226
-15398
-12111
-9452
-7239
-5094
-2565
728
4965
10045
15584
20986
25578
28767
30179
29755
27760
24720
21282
18059
15470
13644
12393
11282
9753
7294
3603
-1312
-7104
-13150
-18690
-23005
-25590
-26278
-25276
-23111
-20490
-18120
-16519
-15885
-16045
-16506
-16589
-15621
-13129
-8982
-3453
2828
9013
14239
17836
19489
19316
17833
15814
14091
13329
13846
15527
17844
19995
21112
20496
17815
13207
7266
912
-4831
-9088
-11343
-11577
-10263
-8243
-6510
-5936
-7044
-9852
-13860
-18163
-21681
-23433
-22803
-19704
-14624
-8515
-2563
2101
4690
4961
3277
517
-2150
-3571
-2915
95
5096
11155
16996
21313
23111
21957
18111
12473
6364
1202
-1858
-2218
0
3978
8403
11804
12923
11061
6263
-661
-8328
-15110
-19547
-20709
-18446
-13439
-7038
-933
3268
4451
2288
-2670
-9109
-15281
-19436
-20270
-17269
-10860
-2323
6503
13675
17624
17552
13646
7044
-438
-6748
-10116
-9502
-4874
2766
11612
19489
24393
24992
20975
13146
3247
-6453
-13713
-16874
-15271
-9419
-894
8039
14981
17991
16075
9452
-484
-11483
-20977
-26708
-27284
-22529
-13547
-2464
8071
15531
18124
15240
7608
-2863
-13539
-21694
-25174
-22923
-15258
-3804
8879
19903
26744
27847
23008
13430
1444
-10040
-18230
-21115
-17953
-9452
2389
14751
24660
29696
28562
21402
9768
-3740
-16081
-24488
-27110
-23450
-14470
-2370
9933
19489
23995
22337
14836
3174
-10002
-21698
-29260
-30980
-26482
-16796
-4110
8737
18907
24204
23562
17269
6882
-5141
-16010
-23227
-25144
-21317
-12579
-836
11371
21439
27272
27724
22829
13764
2566
-8328
-16611
-20598
-19566
-13876
-4870
5444
14830
21300
23513
21037
14409
4991
-5321
-14505
-20812
-23111
-21086
-15278
-6950
2178
10279
15767
17601
15467
9822
1797
-7032
-14943
-20394
-22308
-20275
-14624
-6366
2997
11743
18255
21326
20385
15618
7946
-1143
-9863
-16470
-19603
-18552
-13416
-5102
4831
14468
21899
25605
24765
19436
10561
-202
-10793
-19159
-23661
-23411
-18457
-9790
852
11321
19489
23676
22989
17506
8259
-2970
-14002
-22701
-27390
-27185
-22159
-13316
-2383
8538
17386
22537
23111
19117
11435
1619
-8414
-16757
-21866
-22839
-19557
-12675
-3479
6373
15156
21389
24077
22861
18059
10579
1745
-6935
-14023
-18380
-19340
-16806
-11247
-3621
4785
12557
18379
21238
20593
16466
9452
634
-8577
-16669
-22278
-24419
-22671
-17266
-9070
547
9934
17446
21735
21998
18136
10784
1216
-8878
-17691
-23626
-25585
-23172
-16768
-7458
3158
13264
21146
25502
25659
21680
14337
4956
-4831
-13373
-19282
-21658
-20214
-15302
-7819
962
9610
16770
21364
22742
20752
15744
8489
60
-8328
-15489
-20425
-22454
-21302
-17139
-10562
-2517
5819
13200
18490
20833
19793
15444
8376
-370
-9452
-17427
-22985
-25167
-23534
-18256
-10098
-306
9595
18051
23738
25781
23899
18445
10342
916
-8328
-15950
-20809
-22233
-20100
-14836
-7317
1280
9676
16676
21335
23071
21720
17531
11107
3316
-4831
-12303
-18167
-21692
-22436
-20294
-15522
-8715
-749
7315
14367
19391
21614
20635
16499
9718
1216
-7793
-15984
-22118
-25243
-24846
-20941
-14071
-5225
4317
13185
20136
24233
24981
22385
16923
9452
1064
-7079
-13917
-18615
-20664
-19908
-16541
-11055
-4160
3299
10441
16433
20571
22346
21500
18059
12350
4978
-3219
-11256
-18121
-22898
-24907
-23810
-19683
-13021
-4692
4186
12397
18810
22546
23111
20461
15010
7549
-873
-9116
-16108
-20992
-23227
-22631
-19380
-13947
-7025
575
8021
14540
19489
22393
22979
21192
17198
11380
4318
-3252
-10500
-16581
-20738
-22403
-21287
-17441
-11278
-3530
4831
12726
19119
23164
24330
22475
17858
11093
3053
-5263
-12871
-18928
-22826
-24245
-23158
-19803
-14624
-8203
-1193
5740
11965
16925
20162
21356
20348
17173
12078
5526
-1827
-9185
-15695
-20553
-23111
-22980
-20099
-14756
-7561
632
8844
16108
21593
24718
25209
23119
18786
12774
5772
-1491
-8328
-14156
-18525
-21131
-21815
-20554
-17456
-12759
-6829
-157
6661
12962
18074
21393
22467
21073
17269
11407
4108
-3815
-11459
-17953
-22575
-24845
-24580
-21894
-17166
-10967
-3970
3141
9741
15316
19489
22014
22770
21741
19008
14749
9242
2876
-3856
-10372
-16048
-20279
-22562
-22571
-20219
-15695
-9452
-2160
5382
12349
18005
21791
23390
22743
20034
15633
10027
3752
-2675
-8791
-14203
-18591
-21694
-23307
-23278
-21529
-18082
-13090
-6866
124
7279
13920
19371
23050
24552
23716
20646
15704
9452
2566
-4252
-10371
-15295
-18702
-20448
-20539
-19094
-16300
-12377
-7562
-2112
3683
9486
14901
19489
22805
24451
24142
21768
17438
11484
4439
-3027
-10196
-16398
-21097
-23949
-24833
-23833
-21195
-17269
-12441
-7082
-1521
3964
9127
13732
17535
20273
21685
21548
19726
16225
11226
5098
-1631
-8328
-14339
-19077
-22108
-23198
-22340
-19731
-15719
-10741
-5241
379
5798
10778
15145
18756
21466
23111
23512
22505
19986
15959
10586
4196
-2727
-9595
-15790
-20750
-24052
-25465
-24976
-22770
-19180
-14624
-9523
-4248
917
5776
10197
14077
17297
19700
21088
21249
20007
17276
13115
7755
1596
-4831
-10938
-16157
-20031
-22272
-22793
-21697
-19237
-15748
-11578
-7027
-2319
2403
7049
11537
15747
19489
22499
24467
25085
24121
21478
17245
11701
5294
-1425
-7882
-13568
-18106
-21295
-23105
-23647
-23111
-21701
-19579
-16838
-13498
-9548
-4992
89
5505
10937
15966
20131
23004
24269
23789
21632
18059
13479
8369
3188
-1692
-6031
-9732
-12810
-15333
-17361
-18889
-19825
-19992
-19174
-17181
-13920
-9452
-4016
1983
8031
13586
18168
21437
23239
23614
22759
20961
18517
15660
12521
9114
5374
1216
-3394
-8381
-13521
-18461
-22755
-25952
-27680
-27728
-26088
-22961
-18716
-13812
-8707
-3772
764
4831
8490
11867
15078
18157
21005
23396
25007
25498
24600
22191
18354
13373
7699
1865
-3613
-8328
-12050
-14744
-16547
-17693
-18431
-18934
-19241
-19243
-18710
-17367
-14982
-11457
-6883
-1553
4073
9452
14062
17506
19582
20313
19919
18745
17163
15467
13805
12147
10313
8037
5073
1287
-3267
-8328
-13456
-18116
-21785
-24065
-24768
-23951
-21896
-19028
-15815
-12647
-9751
-7146
-4666
-2023
1077
4831
9250
14115
19011
23395
26721
28561
28704
27204
24367
20675
16664
12802
9378
6445
3833
1216
-1772
-5409
-9781
-14721
-19828
-24540
-28256
-30482
-30944
-29657
-26921
-23245
-19226
-15398
-12111
-9452
-7239
-5094
-2565
728
4965
10045
15584
20986
25578
28767
30179
29755
27760
24720
21282
18059
15470
13644
12393
11282
9753
7294
3603
-1312
-7104
-13150
-18690
-23005
-25590
-26278
-25276
-23111
-20490
-18120
-16519
-15885
-16045
-16506
-16589
-15621
-13129
-8982
-3453
2828
9013
14239
17836
19489
19316
17833
15814
14091
13329
13846
15527
17844
19995
21112
20496
17815
13207
7266
912
-4831
-9088
-11343
-11577
-10263
-8243
-6510
-5936
-7044
-9852
-13860
-18163
-21681
-23433
-22803
-19704
-14624
-8515
-2563
2101
4690
4961
3277
517
-2150
-3571
-2915
95
5096
11155
16996
21313
23111
21957
18111
12473
6364
1202
-1858
-2218
0
3978
8403
11804
12923
11061
6263
-661
-8328
-15110
-19547
-20709
-18446
-13439
-7038
-933
3268
4451
2288
-2670
-9109
-15281
-19436
-20270
-17269
-10860
-2323
6503
13675
17624
17552
13646
7044
-438
-6748
-10116
-9502
-4874
2766
11612
19489
24393
24992
20975
13146
3247
-6453
-13713
-16874
-15271
-9419
-894
8039
14981
17991
16075
9452
-484
-11483
-20977
-26708
-27284
-22529
-13547
-2464
8071
15531
18124
15240
7608
-2863
-13539
-21694
-25174
-22923
-15258
-3804
8879
19903
26744
27847
23008
13430
1444
-10040
-18230
-21115
-17953
-9452
2389
14751
24660
29696
28562
21402
9768
-3740
-16081
-24488
-27110
-23450
-14470
-2370
9933
19489
23995
22337
14836
3174
-10002
-21698
-29260
-30980
-26482
-16796
-4110
8737
18907
24204
23562
17269
6882
-5141
-16010
-23227
-25144
-21317
-12579
-836
11371
21439
27272
27724
22829
13764
2566
-8328
-16611
-20598
-19566
-13876
-4870
5444
14830
21300
23513
21037
14409
4991
-5321
-14505
-20812
-23111
-21086
-15278
-6950
2178
10279
15767
17601
15467
9822
1797
-7032
-14943
-20394
-22308
-20275
-14624
-6366
2997
11743
18255
21326
20385
15618
7946
-1143
-9863
-16470
-19603
-18552
-13416
-5102
4831
14468
21899
25605
24765
19436
10561
-202
-10793
-19159
-23661
-23411
-18457
-9790
852
11321
19489
23676
22989
17506
8259
-2970
-14002
-22701
-27390
-27185
-22159
-13316
-2383
8538
17386
22537
23111
19117
11435
1619
-8414
-16757
-21866
-22839
-19557
-12675
-3479
6373
15156
21389
24077
22861
18059
10579
1745
-6935
-14023
-18380
-19340
-16806
-11247
-3621
4785
12557
18379
21238
20593
16466
9452
634
-8577
-16669
-22278
-24419
-22671
-17266
-9070
547
9934
17446
21735
21998
18136
10784
1216
-8878
-17691
-23626
-25585
-23172
-16768
-7458
3158
13264
21146
25502
25659
21680
14337
4956
-4831
-13373
-19282
-21658
-20214
-15302
-7819
962
9610
16770
21364
22742
20752
15744
8489
60
-8328
-15489
-20425
-22454
-21302
-17139
-10562
-2517
5819
13200
18490
20833
19793
15444
8376
-370
-9452
-17427
-22985
-25167
-23534
-18256
-10098
-306
9595
18051
23738
25781
23899
18445
10342
916
-8328
-15950
-20809
-22233
-20100
-14836
-7317
1280
9676
16676
21335
23071
21720
17531
11107
3316
-4831
-12303
-18167
-21692
-22436
-20294
-15522
-8715
-749
7315
14367
19391
21614
20635
16499
9718
1216
-7793
-15984
-22118
-25243
-24846
-20941
-14071
-5225
4317
13185
20136
24233
24981
22385
16923
9452
1064
-7079
-13917
-18615
-20664
-19908
-16541
-11055
-4160
3299
10441
16433
20571
22346
21500
18059
12350
4978
-3219
-11256
-18121
-22898
-24907
-23810
-19683
-13021
-4692
4186
12397
18810
22546
23111
20461
15010
7549
-873
-9116
-16108
-20992
-23227
-22631
-19380
-13947
-7025
575
8021
14540
19489
22393
22979
21192
17198
11380
4318
-3252
-10500
-16581
-20738
-22403
-21287
-17441
-11278
-3530
4831
12726
19119
23164
24330
22475
17858
11093
3053
-5263
-12871
-18928
-22826
-24245
-23158
-19803
-14624
-8203
-1193
5740
11965
16925
20162
21356
20348
17173
12078
5526
-1827
-9185
-15695
-20553
-23111
-22980
-20099
-14756
-7561
632
8844
16108
21593
24718
25209
23119
18786
12774
5772
-1491
-8328
-14156
-18525
-21131
-21815
-20554
-17456
-12759
-6829
-157
6661
12962
18074
21393
22467
21073
17269
11407
4108
-3815
-11459
-17953
-22575
-24845
-24580
-21894
-17166
-10967
-3970
3141
9741
15316
19489
22014
22770
21741
19008
14749
9242
2876
-3856
-10372
-16048
-20279
-22562
-22571
-20219
-15695
-9452
-2160
5382
12349
18005
21791
23390
22743
20034
15633
10027
3752
-2675
-8791
-14203
-18591
-21694
-23307
-23278
-21529
-18082
-13090
-6866
124
7279
13920
19371
23050
24552
23716
20646
15704
9452
2566
-4252
-10371
-15295
-18702
-20448
-20539
-19094
-16300
-12377
-7562
-2112
3683
9486
14901
19489
22805
24451
24142
21768
17438
11484
4439
-3027
-10196
-16398
-21097
-23949
-24833
-23833
-21195
-17269
-12441
-7082
-1521
3964
9127
13732
17535
20273
21685
21548
19726
16225
11226
5098
-1631
-8328
-14339
-19077
-22108
-23198
-22340
-19731
-15719
-10741
-5241
379
5798
10778
15145
18756
21466
23111
23512
22505
19986
15959
10586
4196
-2727
-9595
-15790
-20750
-24052
-25465
-24976
-22770
-19180
-14624
-9523
-4248
917
5776
10197
14077
17297
19700
21088
21249
20007
17276
13115
7755
1596
-4831
-10938
-16157
-20031
-22272
-22793
-21697
-19237
-15748
-11578
-7027
-2319
2403
7049
11537
15747
19489
22499
24467
25085
24121
21478
17245
11701
5294
-1425
-7882
-13568
-18106
-21295
-23105
-23647
-23111
-21701
-19579
-16838
-13498
-9548
-4992
89
5505
10937
15966
20131
23004
24269
23789
21632
18059
13479
8369
3188
-1692
-6031
-9732
-12810
-15333
-17361
-18889
-19825
-19992
-19174
-17181
-13920
-9452
-4016
1983
8031
13586
18168
21437
23239
23614
22759
20961
18517
15660
12521
9114
5374
1216
-3394
-8381
-13521
-18461
-22755
-25952
-27680
-27728
-26088
-22961
-18716
-13812
-8707
-3772
764
4831
8490
11867
15078
18157
21005
23396
25007
25498
24600
22191
18354
13373
7699
1865
-3613
-8328
-12050
-14744
-16547
-17693
-18431
-18934
-19241
-19243
-18710
-17367
-14982
-11457
-6883
-1553
4073
9452
14062
17506
19582
20313
19919
18745
17163
15467
13805
12147
10313
8037
5073
1287
-3267
-8328
-13456
-18116
-21785
-24065
-24768
-23951
-21896
-19028
-15815
-12647
-9751
-7146
-4666
-2023
1077
4831
9250
14115
19011
23395
26721
28561
28704
27204
24367
20675
16664
12802
9378
6445
3833
1216
-1772
-5409
-9781
-14721
-19828
-24540
-28256
-30482
-30944
-29657
-26921
-23245
-19226
-15398
-12111
-9452
-7239
-5094
-2565
728
4965
10045
15584
20986
25578
28767
30179
29755
27760
24720
21282
18059
15470
13644
12393
11282
9753
7294
3603
-1312
-7104
-13150
-18690
-23005
-25590
-26278
-25276
-23111
-20490
-18120
-16519
-15885
-16045
-16506
-16589
-15621
-13129
-8982
-3453
2828
9013
14239
17836
19489
19316
17833
15814
14091
13329
13846
15527
17844
19995
21112
20496
17815
13207
7266
912
-4831
-9088
-11343
-11577
-10263
-8243
-6510
-5936
-7044
-9852
-13860
-18163
-21681
-23433
-22803
-19704
-14624
-8515
-2563
2101
4690
4961
3277
517
-2150
-3571
-2915
95
5096
11155
16996
21313
23111
21957
18111
12473
6364
1202
-1858
-2218
0
3978
8403
11804
12923
11061
6263
-661
-8328
-15110
-19547
-20709
-18446
-13439
-7038
-933
3268
4451
2288
-2670
-9109
-15281
-19436
-20270
-17269
-10860
-2323
6503
13675
17624
17552
13646
7044
-438
-6748
-10116
-9502
-4874
2766
11612
19489
24393
24992
20975
13146
3247
-6453
-13713
-16874
-15271
-9419
-894
8039
14981
17991
16075
9452
-484
-11483
-20977
-26708
-27284
-22529
-13547
-2464
8071
15531
18124
15240
7608
-2863
-13539
-21694
-25174
-22923
-15258
-3804
8879
19903
26744
27847
23008
13430
1444
-10040
-18230
-21115
-17953
-9452
2389
14751
24660
29696
28562
21402
9768
-3740
-16081
-24488
-27110
-23450
-14470
-2370
9933
19489
23995
22337
14836
3174
-10002
-21698
-29260
-30980
-26482
-16796
-4110
8737
18907
24204
23562
17269
6882
-5141
-16010
-23227
-25144
-21317
-12579
-836
11371
21439
27272
27724
22829
13764
2566
-8328
-16611
-20598
-19566
-13876
-4870
5444
14830
21300
23513
21037
14409
4991
-5321
-14505
-20812
-23111
-21086
-15278
-6950
2178
10279
15767
17601
15467
9822
1797
-7032
-14943
-20394
-22308
-20275
-14624
-6366
2997
11743
18255
21326
20385
15618
7946
-1143
-9863
-16470
-19603
-18552
-13416
-5102
4831
14468
21899
25605
24765
19436
10561
-202
-10793
-19159
-23661
-23411
-18457
-9790
852
11321
19489
23676
22989
17506
8259
-2970
-14002
-22701
-27390
-27185
-22159
-13316
-2383
8538
17386
22537
23111
19117
11435
1619
-8414
-16757
-21866
-22839
-19557
-12675
-3479
6373
15156
21389
24077
22861
18059
10579
1745
-6935
-14023
-18380
-19340
-16806
-11247
-3621
4785
12557
18379
21238
20593
16466
9452
634
-8577
-16669
-22278
-24419
-22671
-17266
-9070
547
9934
17446
21735
21998
18136
10784
1216
-8878
-17691
-23626
-25585
-23172
-16768
-7458
3158
13264
21146
25502
25659
21680
14337
4956
-4831
-13373
-19282
-21658
-20214
-15302
-7819
962
9610
16770
21364
22742
20752
15744
8489
60
-8328
-15489
-20425
-22454
-21302
-17139
-10562
-2517
5819
13200
18490
20833
19793
15444
8376
-370
-9452
-17427
-22985
-25167
-23534
-18256
-10098
-306
9595
18051
23738
25781
23899
18445
10342
916
-8328
-15950
-20809
-22233
-20100
-14836
-7317
1280
9676
16676
21335
23071
21720
17531
11107
3316
-4831
-12303
-18167
-21692
-22436
-20294
-15522
-8715
-749
7315
14367
19391
21614
20635
16499
9718
1216
-7793
-15984
-22118
-25243
-24846
-20941
-14071
-5225
4317
13185
20136
24233
24981
22385
16923
9452
1064
-7079
-13917
-18615
-20664
-19908
-16541
-11055
-4160
3299
10441
16433
20571
22346
21500
18059
12350
4978
-3219
-11256
-18121
-22898
-24907
-23810
-19683
-13021
-4692
4186
12397
18810
22546
23111
20461
15010
7549
-873
-9116
-16108
-20992
-23227
-22631
-19380
-13947
-7025
575
8021
14540
19489
22393
22979
21192
17198
11380
4318
-3252
-10500
-16581
-20738
-22403
-21287
-17441
-11278
-3530
4831
12726
19119
23164
24330
22475
17858
11093
3053
-5263
-12871
-18928
-22826
-24245
-23158
-19803
-14624
-8203
-1193
5740
11965
16925
20162
21356
20348
17173
12078
5526
-1827
-9185
-15695
-20553
-23111
-22980
-20099
-14756
-7561
632
8844
16108
21593
24718
25209
23119
18786
12774
5772
-1491
-8328
-14156
-18525
-21131
-21815
-20554
-17456
-12759
-6829
-157
6661
12962
18074
21393
22467
21073
17269
11407
4108
-3815
-11459
-17953
-22575
-24845
-24580
-21894
-17166
-10967
-3970
3141
9741
15316
19489
22014
22770
21741
19008
14749
9242
2876
-3856
-10372
-16048
-20279
-22562
-22571
-20219
-15695
-9452
-2160
5382
12349
18005
21791
23390
22743
20034
15633
10027
3752
-2675
-8791
-14203
-18591
-21694
-23307
-23278
-21529
-18082
-13090
-6866
124
7279
13920
19371
23050
24552
23716
20646
15704
9452
2566
-4252
-10371
-15295
-18702
-20448
-20539
-19094
-16300
-12377
-7562
-2112
3683
9486
14901
19489
22805
24451
24142
21768
17438
11484
4439
-3027
-10196
-16398
-21097
-23949
-24833
-23833
-21195
-17269
-12441
-7082
-1521
3964
9127
13732
17535
20273
21685
21548
19726
16225
11226
5098
-1631
-8328
-14339
-19077
-22108
-23198
-22340
-19731
-15719
-10741
-5241
379
5798
10778
15145
18756
21466
23111
23512
22505
19986
15959
10586
4196
-2727
-9595
-15790
-20750
-24052
-25465
-24976
-22770
-19180
-14624
-9523
-4248
917
5776
10197
14077
17297
19700
21088
21249
20007
17276
13115
7755
1596
-4831
-10938
-16157
-20031
-22272
-22793
-21697
-19237
-15748
-11578
-7027
-2319
2403
7049
11537
15747
19489
22499
24467
25085
24121
21478
17245
11701
5294
-1425
-7882
-13568
-18106
-21295
-23105
-23647
-23111
-21701
-19579
-16838
-13498
-9548
-4992
89
5505
10937
15966
20131
23004
24269
23789
21632
18059
13479
8369
3188
-1692
-6031
-9732
-12810
-15333
-17361
-18889
-19825
-19992
-19174
-17181
-13920
-9452
-4016
1983
8031
13586
18168
21437
23239
23614
22759
20961
18517
15660
12521
9114
5374
1216
-3394
-8381
-13521
-18461
-22755
-25952
-27680
-27728
-26088
-22961
-18716
-13812
-8707
-3772
764
4831
8490
11867
15078
18157
21005
23396
25007
25498
24600
22191
18354
13373
7699
1865
-3613
-8328
-12050
-14744
-16547
-17693
-18431
-18934
-19241
-19243
-18710
-17367
-14982
-11457
-6883
-1553
4073
9452
14062
17506
19582
20313
19919
18745
17163
15467
13805
12147
10313
8037
5073
1287
-3267
-8328
-13456
-18116
-21785
-24065
-24768
-23951
-21896
-19028
-15815
-12647
-9751
-7146
-4666
-2023
1077
4831
9250
14115
19011
23395
26721
28561
28704
27204
24367
20675
16664
12802
9378
6445
3833
1216
-1772
-5409
-9781
-14721
-19828
-24540
-28256
-30482
-30944
-29657
-26921
-23245
-19226
-15398
-12111
-9452
-7239
-5094
-2565
728
4965
10045
15584
20986
25578
28767
30179
29755
27760
24720
21282
18059
15470
13644
12393
11282
9753
7294
3603
-1312
-7104
-13150
-18690
-23005
-25590
-26278
-25276
-23111
-20490
-18120
-16519
-15885
-16045
-16506
-16589
-15621
-13129
-8982
-3453
2828
9013
14239
17836
19489
19316
17833
15814
14091
13329
13846
15527
17844
19995
21112
20496
17815
13207
7266
912
-4831
-9088
-11343
-11577
-10263
-8243
-6510
-5936
-7044
-9852
-13860
-18163
-21681
-23433
-22803
-19704
-14624
-8515
-2563
2101
4690
4961
3277
517
-2150
-3571
-2915
95
5096
11155
16996
21313
23111
21957
18111
12473
6364
1202
-1858
-2218
0
3978
8403
11804
12923
11061
6263
-661
-8328
-15110
-19547
-20709
-18446
-13439
-7038
-933
3268
4451
2288
-2670
-9109
-15281
-19436
-20270
-17269
-10860
-2323
6503
13675
17624
17552
13646
7044
-438
-6748
-10116
-9502
-4874
2766
11612
19489
24393
24992
20975
13146
3247
-6453
-13713
-16874
-15271
-9419
-894
8039
14981
17991
16075
9452
-484
-11483
-20977
-26708
-27284
-22529
-13547
-2464
8071
15531
18124
15240
7608
-2863
-13539
-21694
-25174
-22923
-15258
-3804
8879
19903
26744
27847
23008
13430
1444
-10040
-18230
-21115
-17953
-9452
2389
14751
24660
29696
28562
21402
9768
-3740
-16081
-24488
-27110
-23450
-14470
-2370
9933
19489
23995
22337
14836
3174
-10002
-21698
-29260
-30980
-26482
-16796
-4110
8737
18907
24204
23562
17269
6882
-5141
-16010
-23227
-25144
-21317
-12579
-836
11371
21439
27272
27724
22829
13764
2566
-8328
-16611
-20598
-19566
-13876
-4870
5444
14830
21300
23513
21037
14409
4991
-5321
-14505
-20812
-23111
-21086
-15278
-6950
2178
10279
15767
17601
15467
9822
1797
-7032
-14943
-20394
-22308
-20275
-14624
-6366
2997
11743
18255
21326
20385
15618
7946
-1143
-9863
-16470
-19603
-18552
-13416
-5102
4831
14468
21899
25605
24765
19436
10561
-202
-10793
-19159
-23661
-23411
-18457
-9790
852
11321
19489
23676
22989
17506
8259
-2970
-14002
-22701
-27390
-27185
-22159
-13316
-2383
8538
17386
22537
23111
19117
11435
1619
-8414
-16757
-21866
-22839
-19557
-12675
-3479
6373
15156
21389
24077
22861
18059
10579
1745
-6935
-14023
-18380
-19340
-16806
-11247
-3621
4785
12557
18379
21238
20593
16466
9452
634
-8577
-16669
-22278
-24419
-22671
-17266
-9070
547
9934
17446
21735
21998
18136
10784
1216
-8878
-17691
-23626
-25585
-23172
-16768
-7458
3158
13264
21146
25502
25659
21680
14337
4956
-4831
-13373
-19282
-21658
-20214
-15302
-7819
962
9610
16770
21364
22742
20752
15744
8489
60
-8328
-15489
-20425
-22454
-21302
-17139
-10562
-2517
5819
13200
18490
20833
19793
15444
8376
-370
-9452
-17427
-22985
-25167
-23534
-18256
-10098
-306
9595
18051
23738
25781
23899
18445
10342
916
-8328
-15950
-20809
-22233
-20100
-14836
-7317
1280
9676
16676
21335
23071
21720
17531
11107
3316
-4831
-12303
-18167
-21692
-22436
-20294
-15522
-8715
-749
7315
14367
19391
21614
20635
16499
9718
1216
-7793
-15984
-22118
-25243
-24846
-20941
-14071
-5225
4317
13185
20136
24233
24981
22385
16923
9452
1064
-7079
-13917
-18615
-20664
-19908
-16541
-11055
-4160
3299
10441
16433
20571
22346
21500
18059
12350
4978
-3219
-11256
-18121
-22898
-24907
-23810
-19683
-13021
-4692
4186
12397
18810
22546
23111
20461
15010
7549
-873
-9116
-16108
-20992
-23227
-22631
-19380
-13947
-7025
575
8021
14540
19489
22393
22979
21192
17198
11380
4318
-3252
-10500
-16581
-20738
-22403
-21287
-17441
-11278
-3530
4831
12726
19119
23164
24330
22475
17858
11093
3053
-5263
-12871
-18928
-22826
-24245
-23158
-19803
-14624
-8203
-1193
5740
11965
16925
20162
21356
20348
17173
12078
5526
-1827
-9185
-15695
-20553
-23111
-22980
-20099
-14756
-7561
632
8844
16108
21593
24718
25209
23119
18786
12774
5772
-1491
-8328
-14156
-18525
-21131
-21815
-20554
-17456
-12759
-6829
-157
6661
12962
18074
21393
22467
21073
17269
11407
4108
-3815
-11459
-17953
-22575
-24845
-24580
-21894
-17166
-10967
-3970
3141
9741
15316
19489
22014
22770
21741
19008
14749
9242
2876
-3856
-10372
-16048
-20279
-22562
-22571
-20219
-15695
-9452
-2160
5382
12349
18005
21791
23390
22743
20034
15633
10027
3752
-2675
-8791
-14203
-18591
-21694
-23307
-23278
-21529
-18082
-13090
-6866
124
7279
13920
19371
23050
24552
23716
20646
15704
9452
2566
-4252
-10371
-15295
-18702
-20448
-20539
-19094
-16300
-12377
-7562
-2112
3683
9486
14901
19489
22805
24451
24142
21768
17438
11484
4439
-3027
-10196
-16398
-21097
-23949
-24833
-23833
-21195
-17269
-12441
-7082
-1521
3964
9127
13732
17535
20273
21685
21548
19726
16225
11226
5098
-1631
-8328
-14339
-19077
-22108
-23198
-22340
-19731
-15719
-10741
-5241
379
5798
10778
15145
18756
21466
23111
23512
22505
19986
15959
10586
4196
-2727
-9595
-15790
-20750
-24052
-25465
-24976
-22770
-19180
-14624
-9523
-4248
917
5776
10197
14077
17297
19700
21088
21249
20007
17276
13115
7755
1596
-4831
-10938
-16157
-20031
-22272
-22793
-21697
-19237
-15748
-11578
-7027
-2319
2403
7049
11537
15747
19489
22499
24467
25085
24121
21478
17245
11701
5294
-1425
-7882
-13568
-18106
-21295
-23105
-23647
-23111
-21701
-19579
-16838
-13498
-9548
-4992
89
5505
10937
15966
20131
23004
24269
23789
21632
18059
13479
8369
3188
-1692
-6031
-9732
-12810
-15333
-17361
-18889
-19825
-19992
-19174
-17181
-13920
-9452
-4016
1983
8031
13586
18168
21437
23239
23614
22759
20961
18517
15660
12521
9114
5374
1216
-3394
-8381
-13521
-18461
-22755
-25952
-27680
-27728
-26088
-22961
-18716
-13812
-8707
-3772
764
4831
8490
11867
15078
18157
21005
23396
25007
25498
24600
22191
18354
13373
7699
1865
-3613
-8328
-12050
-14744
-16547
-17693
-18431
-18934
-19241
-19243
-18710
-17367
-14982
-11457
-6883
-1553
4073
9452
14062
17506
19582
20313
19919
18745
17163
15467
13805
12147
10313
8037
5073
1287
-3267
-8328
-13456
-18116
-21785
-24065
-24768
-23951
-21896
-19028
-15815
-12647
-9751
-7146
-4666
-2023
1077
4831
9250
14115
19011
23395
26721
28561
28704
27204
24367
20675
16664
12802
9378
6445
3833
1216
-1772
-5409
-9781
-14721
-19828
-24540
-28256
-30482
-30944
-29657
-26921
-23245
-19226
-15398
-12111
-9452
-7239
-5094
-2565
728
4965
10045
15584
20986
25578
28767
30179
29755
27760
24720
21282
18059
15470
13644
12393
11282
9753
7294
3603
-1312
-7104
-13150
-18690
-23005
-25590
-26278
-25276
-23111
-20490
-18120
-16519
-15885
-16045
-16506
-16589
-15621
-13129
-8982
-3453
2828
9013
14239
17836
19489
19316
17833
15814
14091
13329
13846
15527
17844
19995
21112
20496
17815
13207
7266
912
-4831
-9088
-11343
-11577
-10263
-8243
-6510
-5936
-7044
-9852
-13860
-18163
-21681
-23433
-22803
-19704
-14624
-8515
-2563
2101
4690
4961
3277
517
-2150
-3571
-2915
95
5096
11155
16996
21313
23111
21957
18111
12473
6364
1202
-1858
-2218
0
3978
8403
11804
12923
11061
6263
-661
-8328
-15110
-19547
-20709
-18446
-13439
-7038
-933
3268
4451
2288
-2670
-9109
-15281
-19436
-20270
17269
10860
2323
-6503
-13675
-17624
-17552
-13646
-7044
438
6748
10116
9502
4874
-2766
-11612
-19489
-24393
-24992
-20975
-13146
-3247
6453
13713
16874
15271
9419
894
-8039
-14981
-17991
-16075
-9452
484
11483
20977
26708
27284
22529
13547
2464
-8071
-15531
-18124
-15240
-7608
2863
13539
21694
25174
22923
15258
3804
-8879
-19903
-26744
-27847
-23008
-13430
-1444
10040
18230
21115
17953
9452
-2389
-14751
-24660
-29696
-28562
-21402
-9768
3740
16081
24488
27110
23450
14470
2370
-9933
-19489
-23995
-22337
-14836
-3174
10002
21698
29260
30980
26482
16796
4110
-8737
-18907
-24204
-23562
-17269
-6882
5141
16010
23227
25144
21317
12579
836
-11371
-21439
-27272
-27724
-22829
-13764
-2566
8328
16611
20598
19566
13876
4870
-5444
-14830
-21300
-23513
-21037
-14409
-4991
5321
14505
20812
23111
21086
15278
6950
-2178
-10279
-15767
-17601
-15467
-9822
-1797
7032
14943
20394
22308
20275
14624
6366
-2997
-11743
-18255
-21326
-20385
-15618
-7946
1143
9863
16470
19603
18552
13416
5102
-4831
-14468
-21899
-25605
-24765
-19436
-10561
202
10793
19159
23661
23411
18457
9790
-852
-11321
-19489
-23676
-22989
-17506
-8259
2970
14002
22701
27390
27185
22159
13316
2383
-8538
-17386
-22537
-23111
-19117
-11435
-1619
8414
16757
21866
22839
19557
12675
3479
-6373
-15156
-21389
-24077
-22861
-18059
-10579
-1745
6935
14023
18380
19340
16806
11247
3621
-4785
-12557
-18379
-21238
-20593
-16466
-9452
-634
8577
16669
22278
24419
22671
17266
9070
-547
-9934
-17446
-21735
-21998
-18136
-10784
-1216
8878
17691
23626
25585
23172
16768
7458
-3158
-13264
-21146
-25502
-25659
-21680
-14337
-4956
4831
13373
19282
21658
20214
15302
7819
-962
-9610
-16770
-21364
-22742
-20752
-15744
-8489
-60
8328
15489
20425
22454
21302
17139
10562
2517
-5819
-13200
-18490
-20833
-19793
-15444
-8376
370
9452
17427
22985
25167
23534
18256
10098
306
-9595
-18051
-23738
-25781
-23899
-18445
-10342
-916
8328
15950
20809
22233
20100
14836
7317
-1280
-9676
-16676
-21335
-23071
-21720
-17531
-11107
-3316
4831
12303
18167
21692
22436
20294
15522
8715
749
-7315
-14367
-19391
-21614
-20635
-16499
-9718
-1216
7793
15984
22118
25243
24846
20941
14071
5225
-4317
-13185
-20136
-24233
-24981
-22385
-16923
-9452
-1064
7079
13917
18615
20664
19908
16541
11055
4160
-3299
-10441
-16433
-20571
-22346
-21500
-18059
-12350
-4978
3219
11256
18121
22898
24907
23810
19683
13021
4692
-4186
-12397
-18810
-22546
-23111
-20461
-15010
-7549
873
9116
16108
20992
23227
22631
19380
13947
7025
-575
-8021
-14540
-19489
-22393
-22979
-21192
-17198
-11380
-4318
3252
10500
16581
20738
22403
21287
17441
11278
3530
-4831
-12726
-19119
-23164
-24330
-22475
-17858
-11093
-3053
5263
12871
18928
22826
24245
23158
19803
14624
8203
1193
-5740
-11965
-16925
-20162
-21356
-20348
-17173
-12078
-5526
1827
9185
15695
20553
23111
22980
20099
14756
7561
-632
-8844
-16108
-21593
-24718
-25209
-23119
-18786
-12774
-5772
1491
8328
14156
18525
21131
21815
20554
17456
12759
6829
157
-6661
-12962
-18074
-21393
-22467
-21073
-17269
-11407
-4108
3815
11459
17953
22575
24845
24580
21894
17166
10967
3970
-3141
-9741
-15316
-19489
-22014
-22770
-21741
-19008
-14749
-9242
-2876
3856
10372
16048
20279
22562
22571
20219
15695
9452
2160
-5382
-12349
-18005
-21791
-23390
-22743
-20034
-15633
-10027
-3752
2675
8791
14203
18591
21694
23307
23278
21529
18082
13090
6866
-124
-7279
-13920
-19371
-23050
-24552
-23716
-20646
-15704
-9452
-2566
4252
10371
15295
18702
20448
20539
19094
16300
12377
7562
2112
-3683
-9486
-14901
-19489
-22805
-24451
-24142
-21768
-17438
-11484
-4439
3027
10196
16398
21097
23949
24833
23833
21195
17269
12441
7082
1521
-3964
-9127
-13732
-17535
-20273
-21685
-21548
-19726
-16225
-11226
-5098
1631
8328
14339
19077
22108
23198
22340
19731
15719
10741
5241
-379
-5798
-10778
-15145
-18756
-21466
-23111
-23512
-22505
-19986
-15959
-10586
-4196
2727
9595
15790
20750
24052
25465
24976
22770
19180
14624
9523
4248
-917
-5776
-10197
-14077
-17297
-19700
-21088
-21249
-20007
-17276
-13115
-7755
-1596
4831
10938
16157
20031
22272
22793
21697
19237
15748
11578
7027
2319
-2403
-7049
-11537
-15747
-19489
-22499
-24467
-25085
-24121
-21478
-17245
-11701
-5294
1425
7882
13568
18106
21295
23105
23647
23111
21701
19579
16838
13498
9548
4992
-89
-5505
-10937
-15966
-20131
-23004
-24269
-23789
-21632
-18059
-13479
-8369
-3188
1692
6031
9732
12810
15333
17361
18889
19825
19992
19174
17181
13920
9452
4016
-1983
-8031
-13586
-18168
-21437
-23239
-23614
-22759
-20961
-18517
-15660
-12521
-9114
-5374
-1216
3394
8381
13521
18461
22755
25952
27680
27728
26088
22961
18716
13812
8707
3772
-764
-4831
-8490
-11867
-15078
-18157
-21005
-23396
-25007
-25498
-24600
-22191
-18354
-13373
-7699
-1865
3613
8328
12050
14744
16547
17693
18431
18934
19241
19243
18710
17367
14982
11457
6883
1553
-4073
-9452
-14062
-17506
-19582
-20313
-19919
-18745
-17163
-15467
-13805
-12147
-10313
-8037
-5073
-1287
3267
8328
13456
18116
21785
24065
24768
23951
21896
19028
15815
12647
9751
7146
4666
2023
-1077
-4831
-9250
-14115
-19011
-23395
-26721
-28561
-28704
-27204
-24367
-20675
-16664
-12802
-9378
-6445
-3833
-1216
1772
5409
9781
14721
19828
24540
28256
30482
30944
29657
26921
23245
19226
15398
12111
9452
7239
5094
2565
-728
-4965
-10045
-15584
-20986
-25578
-28767
-30179
-29755
-27760
-24720
-21282
-18059
-15470
-13644
-12393
-11282
-9753
-7294
-3603
1312
7104
13150
18690
23005
25590
26278
25276
23111
20490
18120
16519
15885
16045
16506
16589
15621
13129
8982
3453
-2828
-9013
-14239
-17836
-19489
-19316
-17833
-15814
-14091
-13329
-13846
-15527
-17844
-19995
-21112
-20496
-17815
-13207
-7266
-912
4831
9088
11343
11577
10263
8243
6510
5936
7044
9852
13860
18163
21681
23433
22803
19704
14624
8515
2563
-2101
-4690
-4961
-3277
-517
2150
3571
2915
-95
-5096
-11155
-16996
-21313
-23111
-21957
-18111
-12473
-6364
-1202
1858
2218
0
-3978
-8403
-11804
-12923
-11061
-6263
661
8328
15110
19547
20709
18446
13439
7038
933
-3268
-4451
-2288
2670
9109
15281
19436
20270
-17269
-10860
-2323
6503
13675
17624
17552
13646
7044
-438
-6748
-10116
-9502
-4874
2766
11612
19489
24393
24992
20975
13146
3247
-6453
-13713
-16874
-15271
-9419
-894
8039
14981
17991
16075
9452
-484
-11483
-20977
-26708
-27284
-22529
-13547
-2464
8071
15531
18124
15240
7608
-2863
-13539
-21694
-25174
-22923
-15258
-3804
8879
19903
26744
27847
23008
13430
1444
-10040
-18230
-21115
-17953
-9452
2389
14751
24660
29696
28562
21402
9768
-3740
-16081
-24488
-27110
-23450
-14470
-2370
9933
19489
23995
22337
14836
3174
-10002
-21698
-29260
-30980
-26482
-16796
-4110
8737
18907
24204
23562
17269
6882
-5141
-16010
-23227
-25144
-21317
-12579
-836
11371
21439
27272
27724
22829
13764
2566
-8328
-16611
-20598
-19566
-13876
-4870
5444
14830
21300
23513
21037
14409
4991
-5321
-14505
-20812
-23111
-21086
-15278
-6950
2178
10279
15767
17601
15467
9822
1797
-7032
-14943
-20394
-22308
-20275
-14624
-6366
2997
11743
18255
21326
20385
15618
7946
-1143
-9863
-16470
-19603
-18552
-13416
-5102
4831
14468
21899
25605
24765
19436
10561
-202
-10793
-19159
-23661
-23411
-18457
-9790
852
11321
19489
23676
22989
17506
8259
-2970
-14002
-22701
-27390
-27185
-22159
-13316
-2383
8538
17386
22537
23111
19117
11435
1619
-8414
-16757
-21866
-22839
-19557
-12675
-3479
6373
15156
21389
24077
22861
18059
10579
1745
-6935
-14023
-18380
-19340
-16806
-11247
-3621
4785
12557
18379
21238
20593
16466
9452
634
-8577
-16669
-22278
-24419
-22671
-17266
-9070
547
9934
17446
21735
21998
18136
10784
1216
-8878
-17691
-23626
-25585
-23172
-16768
-7458
3158
13264
21146
25502
25659
21680
14337
4956
-4831
-13373
-19282
-21658
-20214
-15302
-7819
962
9610
16770
21364
22742
20752
15744
8489
60
-8328
-15489
-20425
-22454
-21302
-17139
-10562
-2517
5819
13200
18490
20833
19793
15444
8376
-370
-9452
-17427
-22985
-25167
-23534
-18256
-10098
-306
9595
18051
23738
25781
23899
18445
10342
916
-8328
-15950
-20809
-22233
-20100
-14836
-7317
1280
9676
16676
21335
23071
21720
17531
11107
3316
-4831
-12303
-18167
-21692
-22436
-20294
-15522
-8715
-749
7315
14367
19391
21614
20635
16499
9718
1216
-7793
-15984
-22118
-25243
-24846
-20941
-14071
-5225
4317
13185
20136
24233
24981
22385
16923
9452
1064
-7079
-13917
-18615
-20664
-19908
-16541
-11055
-4160
3299
10441
16433
20571
22346
21500
18059
12350
4978
-3219
-11256
-18121
-22898
-24907
-23810
-19683
-13021
-4692
4186
12397
18810
22546
23111
20461
15010
7549
-873
-9116
-16108
-20992
-23227
-22631
-19380
-13947
-7025
575
8021
14540
19489
22393
22979
21192
17198
11380
4318
-3252
-10500
-16581
-20738
-22403
-21287
-17441
-11278
-3530
4831
12726
19119
23164
24330
22475
17858
11093
3053
-5263
-12871
-18928
-22826
-24245
-23158
-19803
-14624
-8203
-1193
5740
11965
16925
20162
21356
20348
17173
12078
5526
-1827
-9185
-15695
-20553
-23111
-22980
-20099
-14756
-7561
632
8844
16108
21593
24718
25209
23119
18786
12774
5772
-1491
-8328
-14156
-18525
-21131
-21815
-20554
-17456
-12759
-6829
-157
6661
12962
18074
21393
22467
21073
17269
11407
4108
-3815
-11459
-17953
-22575
-24845
-24580
-21894
-17166
-10967
-3970
3141
9741
15316
19489
22014
22770
21741
19008
14749
9242
2876
-3856
-10372
-16048
-20279
-22562
-22571
-20219
-15695
-9452
-2160
5382
12349
18005
21791
23390
22743
20034
15633
10027
3752
-2675
-8791
-14203
-18591
-21694
-23307
-23278
-21529
-18082
-13090
-6866
124
7279
13920
19371
23050
24552
23716
20646
15704
9452
2566
-4252
-10371
-15295
-18702
-20448
-20539
-19094
-16300
-12377
-7562
-2112
3683
9486
14901
19489
22805
24451
24142
21768
17438
11484
4439
-3027
-10196
-16398
-21097
-23949
-24833
-23833
-21195
-17269
-12441
-7082
-1521
3964
9127
13732
17535
20273
21685
21548
19726
16225
11226
5098
-1631
-8328
-14339
-19077
-22108
-23198
-22340
-19731
-15719
-10741
-5241
379
5798
10778
15145
18756
21466
23111
23512
22505
19986
15959
10586
4196
-2727
-9595
-15790
-20750
-24052
-25465
-24976
-22770
-19180
-14624
-9523
-4248
917
5776
10197
14077
17297
19700
21088
21249
20007
17276
13115
7755
1596
-4831
-10938
-16157
-20031
-22272
-22793
-21697
-19237
-15748
-11578
-7027
-2319
2403
7049
11537
15747
19489
22499
24467
25085
24121
21478
17245
11701
5294
-1425
-7882
-13568
-18106
-21295
-23105
-23647
-23111
-21701
-19579
-16838
-13498
-9548
-4992
89
5505
10937
15966
20131
23004
24269
23789
21632
18059
13479
8369
3188
-1692
-6031
-9732
-12810
-15333
-17361
-18889
-19825
-19992
-19174
-17181
-13920
-9452
-4016
1983
8031
13586
18168
21437
23239
23614
22759
20961
18517
15660
12521
9114
5374
1216
-3394
-8381
-13521
-18461
-22755
-25952
-27680
-27728
-26088
-22961
-18716
-13812
-8707
-3772
764
4831
8490
11867
15078
18157
21005
23396
25007
25498
24600
22191
18354
13373
7699
1865
-3613
-8328
-12050
-14744
-16547
-17693
-18431
-18934
-19241
-19243
-18710
-17367
-14982
-11457
-6883
-1553
4073
9452
14062
17506
19582
20313
19919
18745
17163
15467
13805
12147
10313
8037
5073
1287
-3267
-8328
-13456
-18116
-21785
-24065
-24768
-23951
-21896
-19028
-15815
-12647
-9751
-7146
-4666
-2023
1077
4831
9250
14115
19011
23395
26721
28561
28704
27204
24367
20675
16664
12802
9378
6445
3833
1216
-1772
-5409
-9781
-14721
-19828
-24540
-28256
-30482
-30944
-29657
-26921
-23245
-19226
-15398
-12111
-9452
-7239
-5094
-2565
728
4965
10045
15584
20986
25578
28767
30179
29755
27760
24720
21282
18059
15470
13644
12393
11282
9753
7294
3603
-1312
-7104
-13150
-18690
-23005
-25590
-26278
-25276
-23111
-20490
-18120
-16519
-15885
-16045
-16506
-16589
-15621
-13129
-8982
-3453
2828
9013
14239
17836
19489
19316
17833
15814
14091
13329
13846
15527
17844
19995
21112
20496
17815
13207
7266
912
-4831
-9088
-11343
-11577
-10263
-8243
-6510
-5936
-7044
-9852
-13860
-18163
-21681
-23433
-22803
-19704
-14624
-8515
-2563
2101
4690
4961
3277
517
-2150
-3571
-2915
95
5096
11155
16996
21313
23111
21957
18111
12473
6364
1202
-1858
-2218
0
3978
8403
11804
12923
11061
6263
-661
-8328
-15110
-19547
-20709
-18446
-13439
-7038
-933
3268
4451
2288
-2670
-9109
-15281
-19436
-20270
0
0
0
0
0
0
0
0
0
0
0
0
0
0
0
0
0
0
0
0
0
0
0
0
0
0
0
0
0
0
0
0
0
0
0
0
0
0
0
0
0
0
0
0
0
0
0
0
0
0
0
0
0
0
0
0
0
0
0
0
0
0
0
0
0
0
0
0
0
0
0
0
0
0
0
0
0
0
0
0
0
0
0
0
0
0
0
0
0
0
0
0
0
0
0
0
0
0
0
0
0
0
0
0
0
0
0
0
0
0
0
0
0
0
0
0
0
0
0
0
0
0
0
0
0
0
0
0
0
0
0
0
0
0
0
0
0
0
0
0
0
0
0
0
0
0
0
0
0
0
0
0
0
0
0
0
0
0
0
0
0
0
0
0
0
0
0
0
0
0
0
0
0
0
0
0
0
0
0
0
0
0
0
0
0
0
0
0
0
0
0
0
0
0
0
0
0
0
0
0
0
0
0
0
0
0
0
0
0
0
0
0
0
0
0
0
0
0
0
0
0
0
0
0
0
0
0
0
0
0
0
0
0
0
0
0
0
0
0
0
0
0
0
0
0
0
0
0
0
0
0
0
0
0
0
0
0
0
0
0
0
0
0
0
0
0
0
0
0
0
0
0
0
0
0
0
0
0
0
0
0
0
0
0
0
0
0
0
0
0
0
0
0
0
0
0
0
0
0
0
0
0
0
0
0
0
0
0
0
0
0
0
0
0
0
0
0
0
0
0
0
0
0
0
0
0
0
0
0
0
0
0
0
0
0
0
0
0
0
0
0
0
0
0
0
0
0
0
0
0
0
0
0
0
0
0
0
0
0
0
0
0
0
0
0
0
0
0
0
0
0
0
0
0
0
0
0
0
0
0
0
0
0
0
0
0
0
0
0
0
0
0
0
0
0
0
0
0
0
0
0
0
0
0
0
0
0
0
0
0
0
0
0
0
0
0
0
0
0
0
0
0
0
0
0
0
0
0
0
0
0
0
0
0
0
0
0
0
0
0
0
0
0
0
0
0
0
0
0
0
0
0
0
0
0
0
0
0
0
0
0
0
0
0
0
0
0
0
0
0
0
0
0
0
0
0
0
0
0
0
0
0
0
0
0
0
0
0
0
0
0
0
0
0
0
0
0
0
0
0
0
0
0
0
0
0
0
0
0
0
0
0
0
0
0
0
0
0
0
0
0
0
0
0
0
0
0
0
0
0
0
0
0
0
0
0
0
0
0
0
0
0
0
0
0
0
0
0
0
0
0
0
0
0
0
0
0
0
0
0
0
0
0
0
0
0
0
0
0
0
0
0
0
0
0
0
0
0
0
0
0
0
0
0
0
0
0
0
0
0
0
0
0
0
0
0
0
0
0
0
0
0
0
0
0
0
0
0
0
0
0
0
0
0
0
0
0
0
0
0
0
0
0
0
0
0
0
0
0
0
0
0
0
0
0
0
0
0
0
0
0
0
0
0
0
0
0
0
0
0
0
0
0
0
0
0
0
0
0
0
0
0
0
0
0
0
0
0
0
0
0
0
0
0
0
0
0
0
0
0
0
0
0
0
0
0
0
0
0
0
0
0
0
0
0
0
0
0
0
0
0
0
0
0
0
0
0
0
0
0
0
0
0
0
0
0
0
0
0
0
0
0
0
0
0
0
0
0
0
0
0
0
0
0
0
0
0
0
0
0
0
0
0
0
0
0
0
0
0
0
0
0
0
0
0
0
0
0
0
0
0
0
0
0
0
0
0
0
0
0
0
0
0
0
0
0
0
0
0
0
0
0
0
0
0
0
0
0
0
0
0
0
0
0
0
0
0
0
0
0
0
0
0
0
0
0
0
0
0
0
0
0
0
0
0
0
0
0
0
0
0
0
0
0
0
0
0
0
0
0
0
0
0
0
0
0
0
0
0
0
0
0
0
0
0
0
0
0
0
0
0
0
0
0
0
0
0
0
0
0
0
0
0
0
0
0
0
0
0
0
0
0
0
0
0
0
0
0
0
0
0
0
0
0
0
0
0
0
0
0
0
0
0
0
0
0
0
0
0
0
0
0
0
0
0
0
0
0
0
0
0
0
0
0
0
0
0
0
0
0
0
0
0
0
0
0
0
0
0
0
0
0
0
0
0
0
0
0
0
0
0
0
0
0
0
0
0
0
0
0
0
0
0
0
0
0
0
0
0
0
0
10174
19032
25469
28750
28636
25396
19760
12774
5626
-567
-4939
-7021
-6807
-4738
-1605
1601
3890
4461
2853
-946
-6497
-12963
-19258
-24226
-26852
-26435
-22730
-15998
-6984
3196
13228
21803
27827
30587
29865
25961
19634
11963
4168
-2604
-7461
-9911
-9930
-7948
-4754
-1341
1292
2327
1284
-1879
-6749
-12523
-18146
-22494
-24581
-23730
-19717
-12817
-3783
6268
16030
24204
29715
31874
30492
25898
18884
10561
2179
-5087
-10322
-13019
-13138
-11110
-7722
-3975
-887
703
291
-2194
-6372
-11471
-16468
-20268
-21910
-20740
-16545
-9612
-692
9101
18472
26142
31059
32562
30492
25210
17540
8623
-262
-7919
-13413
-16224
-16310
-14100
-10393
-6201
-2565
-348
-85
-1879
-5379
-9847
-14288
-17634
-18943
-17578
-13337
-6504
2168
11584
20461
27544
31809
32625
29865
23923
15652
6222
-3064
-10992
-16614
-19405
-19323
-16805
-12664
-7933
-3677
-788
166
-946
-3810
-7713
-11690
-14691
-15793
-14368
-10214
-3614
4690
13621
21919
28355
31935
32060
28636
22086
13294
3451
-6118
-14188
-19804
-22439
-22062
-19120
-14447
-9103
-4179
-599
1037
567
-1724
-5153
-8773
-11554
-12583
-11231
-7297
-1054
6776
15135
22790
28544
31433
30890
26852
19771
10555
417
-9308
-17384
-22858
-25210
-24420
-20957
-15677
-9668
-4053
211
2495
2604
797
-2263
-5650
-8344
-9433
-8288
-4699
1079
8345
16068
23042
28104
30321
29158
24581
17066
7542
-2763
-12509
-20457
-25660
-27611
-26308
-22244
-16303
-9605
-3303
1613
4484
5087
3658
844
-2442
-5182
-6466
-5654
-2519
2703
9338
16382
22665
27052
28643
26932
21910
14076
4370
-5968
-15600
-23289
-28102
-29549
-27652
-22932
-16304
-8917
-1959
3551
6926
7919
6749
4049
729
-2192
-3795
-3428
-841
3755
9715
16068
21672
25428
26463
24298
18943
10914
1162
-9076
-18461
-25772
-30091
-30951
-28402
-22995
-15676
-7630
-71
5952
9728
10992
9950
7230
3742
512
-1524
-1696
270
4195
9463
15134
20103
23294
23865
21355
15793
7704
-1960
-11966
-20983
-27809
-31549
-31762
-28528
-22430
-14447
-5793
2286
8723
12782
14188
13140
10264
6481
2827
259
-526
772
4006
8592
13621
18017
20734
20948
18218
12583
4567
-4877
-14526
-23069
-29323
-32420
-31951
-28026
-21260
-12663
-3478
5025
11757
15972
17384
16194
13035
8839
4664
1488
38
646
3195
7134
11583
15495
17844
17825
15008
9433
1624
-7475
-16660
-24638
-30256
-32672
-31511
-26914
-19528
-10392
-773
8038
14938
19173
20457
18996
15436
10727
5951
2115
-24
-103
1793
5145
9100
12634
14736
14617
11846
6466
-1009
-9655
-18284
-25631
-30571
-32295
-30459
-25236
-17302
-7722
2216
11210
18143
22264
23289
21438
17374
12071
6639
2115
-712
-1447
-144
2703
6269
9543
11531
11445
8856
3795
-3235
-11333
-19336
-26008
-30256
-31302
-28835
-23056
-14668
-4755
5378
14418
21251
25125
25772
23427
18776
12821
6702
1488
-1999
-3335
-2545
-98
3195
6342
8350
8432
6151
1524
-4967
-12445
-19776
-25756
-29323
-29733
-26701
-20458
-11725
-1604
8588
17541
24141
27647
27809
24885
19587
12947
6137
259
-3836
-5693
-5316
-3152
0
3152
5316
5693
3836
-259
-6137
-12947
-19587
-24885
-27809
-27647
-24141
-17541
-8588
1604
11725
20458
26701
29733
29323
25756
19776
12445
4967
-1524
-6151
-8432
-8350
-6342
-3196
98
2545
3335
1999
-1488
-6702
-12821
-18776
-23427
-25772
-25125
-21251
-14418
-5378
4755
14668
23056
28835
31302
30256
26008
19336
11333
3235
-3795
-8856
-11445
-11531
-9543
-6269
-2703
144
1447
712
-2115
-6639
-12071
-17374
-21438
-23289
-22264
-18143
-11210
-2216
7721
17302
25236
30459
32295
30571
25631
18284
9655
1009
-6466
-11846
-14617
-14736
-12634
-9101
-5145
-1793
103
24
-2115
-5951
-10727
-15436
-18996
-20457
-19173
-14938
-8038
773
10393
19528
26914
31511
32672
30256
24638
16660
7475
-1624
-9433
-15008
-17825
-17844
-15495
-11584
-7134
-3195
-646
-38
-1488
-4664
-8839
-13035
-16194
-17384
-15972
-11757
-5025
3478
12664
21260
28026
31951
32420
29323
23069
14526
4877
-4567
-12583
-18218
-20948
-20734
-18017
-13621
-8592
-4006
-772
526
-259
-2827
-6481
-10264
-13140
-14188
-12782
-8723
-2286
5793
14448
22430
28528
31762
31549
27809
20983
11966
1960
-7704
-15793
-21355
-23865
-23294
-20103
-15134
-9463
-4195
-270
1696
1524
-512
-3742
-7230
-9950
-10992
-9728
-5952
71
7630
15677
22995
28402
30951
30091
25772
18461
9076
-1162
-10914
-18943
-24298
-26463
-25428
-21672
-16068
-9715
-3755
841
3428
3795
2192
-729
-4049
-6749
-7919
-6926
-3551
1959
8917
16304
22932
27652
29549
28102
23289
15600
5968
-4370
-14076
-21910
-26932
-28643
-27052
-22665
-16382
-9338
-2703
2519
5654
6466
5182
2442
-844
-3658
-5087
-4484
-1613
3303
9605
16303
22244
26308
27611
25660
20457
12509
2763
-7542
-17066
-24581
-29158
-30321
-28104
-23042
-16068
-8345
-1079
4699
8288
9433
8344
5650
2263
-797
-2604
-2495
-211
4053
9668
15676
20957
24420
25210
22858
17384
9308
-417
-10555
-19771
-26852
-30890
-31433
-28544
-22790
-15134
-6776
1054
7297
11231
12583
11554
8773
5153
1724
-567
-1037
599
4179
9103
14447
19120
22062
22439
19804
14188
6118
-3451
-13294
-22086
-28636
-32060
-31935
-28355
-21919
-13620
-4690
3614
10214
14368
15793
14691
11690
7713
3810
946
-166
788
3677
7933
12663
16805
19323
19405
16614
10992
3064
-6222
-15652
-23923
-29865
-32625
-31809
-27544
-20461
-11583
-2168
6504
13337
17578
18943
17634
14288
9847
5379
1879
85
348
2565
6201
10393
14100
16310
16224
13413
7919
262
-8623
-17540
-25210
-30492
-32562
-31059
-26142
-18472
-9101
692
9612
16545
20740
21910
20268
16468
11471
6372
2194
-291
-703
887
3975
7721
11110
13138
13019
10322
5087
-2179
-10561
-18884
-25898
-30492
-31874
-29715
-24204
-16030
-6268
3783
12817
19717
23730
24581
22494
18146
12523
6749
1879
-1284
-2327
-1292
1341
4755
7948
9930
9911
7461
2604
-4168
-11963
-19634
-25961
-29865
-30587
-27827
-21803
-13228
-3196
6984
15998
22730
26435
26852
24226
19258
12963
6497
946
-2853
-4461
-3890
-1601
1604
4738
6807
7021
4939
567
-5626
-12774
-19760
-25396
-28636
-28750
-25469
-19032
-10174
0
10174
19032
25469
28750
28636
25396
19760
12774
5626
-567
-4939
-7021
-6807
-4738
-1604
1601
3890
4461
2853
-946
-6497
-12963
-19258
-24226
-26852
-26435
-22730
-15998
-6984
3195
13228
21803
27827
30587
29865
25961
19634
11963
4168
-2604
-7461
-9911
-9930
-7948
-4754
-1341
1292
2327
1284
-1879
-6749
-12523
-18146
-22494
-24581
-23730
-19717
-12817
-3783
6269
16030
24204
29715
31874
30492
25898
18884
10561
2179
-5087
-10322
-13019
-13138
-11110
-7722
-3975
-887
703
291
-2194
-6372
-11471
-16468
-20268
-21910
-20740
-16545
-9612
-692
9101
18472
26142
31059
32562
30492
25210
17540
8623
-262
-7919
-13413
-16224
-16310
-14100
-10393
-6201
-2565
-348
-85
-1879
-5379
-9847
-14288
-17634
-18943
-17578
-13337
-6504
2168
11584
20461
27544
31809
32625
29865
23923
15652
6222
-3064
-10992
-16614
-19405
-19323
-16805
-12663
-7933
-3677
-788
166
-946
-3810
-7713
-11690
-14691
-15793
-14368
-10214
-3614
4690
13621
21919
28355
31935
32060
28636
22086
13294
3451
-6118
-14188
-19804
-22439
-22062
-19120
-14448
-9103
-4179
-599
1037
567
-1724
-5153
-8773
-11554
-12583
-11231
-7297
-1054
6776
15134
22790
28544
31433
30890
26852
19771
10555
417
-9308
-17384
-22858
-25210
-24420
-20957
-15676
-9668
-4053
211
2495
2604
797
-2263
-5650
-8344
-9433
-8288
-4699
1079
8345
16067
23042
28104
30321
29158
24581
17066
7542
-2763
-12509
-20457
-25660
-27611
-26308
-22244
-16304
-9605
-3303
1613
4484
5087
3658
844
-2442
-5182
-6466
-5654
-2519
2703
9338
16382
22665
27052
28643
26932
21910
14076
4370
-5968
-15600
-23289
-28102
-29549
-27652
-22932
-16303
-8917
-1959
3551
6926
7919
6749
4049
729
-2192
-3795
-3428
-841
3755
9715
16067
21672
25428
26463
24298
18943
10914
1162
-9076
-18461
-25772
-30091
-30951
-28402
-22995
-15677
-7630
-71
5952
9728
10992
9950
7230
3742
512
-1524
-1696
270
4195
9463
15134
20103
23294
23865
21355
15793
7704
-1960
-11966
-20983
-27809
-31549
-31762
-28528
-22430
-14447
-5793
2286
8723
12782
14188
13140
10264
6481
2827
259
-526
772
4006
8592
13620
18017
20734
20948
18218
12583
4567
-4877
-14526
-23069
-29323
-32420
-31951
-28026
-21260
-12664
-3478
5025
11757
15972
17384
16194
13035
8839
4664
1488
38
646
3195
7134
11584
15495
17844
17825
15008
9433
1624
-7475
-16660
-24638
-30256
-32672
-31511
-26914
-19528
-10393
-773
8038
14938
19173
20457
18996
15436
10727
5951
2115
-24
-103
1793
5145
9100
12634
14736
14617
11846
6466
-1009
-9655
-18284
-25631
-30571
-32295
-30459
-25236
-17302
-7721
2216
11210
18143
22264
23289
21438
17374
12071
6639
2115
-712
-1447
-144
2703
6269
9543
11531
11445
8856
3795
-3235
-11333
-19336
-26008
-30256
-31302
-28835
-23056
-14668
-4755
5378
14418
21251
25125
25772
23427
18776
12821
6702
1488
-1999
-3335
-2545
-98
3196
6342
8350
8432
6151
1524
-4967
-12445
-19776
-25756
-29323
-29733
-26701
-20458
-11725
-1604
8588
17541
24141
27647
27809
24885
19587
12947
6137
259
-3836
-5693
-5316
-3152
0
3152
5316
5693
3836
-259
-6137
-12947
-19587
-24885
-27809
-27647
-24141
-17541
-8588
1605
11725
20458
26701
29733
29323
25756
19776
12445
4967
-1524
-6151
-8432
-8350
-6342
-3195
98
2545
3335
1999
-1488
-6702
-12821
-18776
-23427
-25772
-25125
-21251
-14418
-5378
4755
14668
23056
28835
31302
30256
26008
19336
11333
3235
-3795
-8856
-11445
-11531
-9543
-6269
-2703
144
1447
712
-2115
-6639
-12071
-17374
-21438
-23289
-22264
-18143
-11210
-2216
7721
17302
25236
30459
32295
30571
25631
18284
9655
1009
-6466
-11846
-14617
-14736
-12634
-9100
-5145
-1793
103
24
-2115
-5951
-10727
-15436
-18996
-20457
-19173
-14938
-8038
773
10393
19528
26914
31511
32672
30256
24638
16660
7475
-1624
-9433
-15008
-17825
-17844
-15495
-11584
-7134
-3195
-646
-38
-1488
-4664
-8839
-13035
-16194
-17384
-15972
-11757
-5025
3478
12663
21260
28026
31951
32420
29323
23069
14526
4877
-4567
-12583
-18218
-20948
-20734
-18017
-13620
-8592
-4006
-772
526
-259
-2827
-6481
-10264
-13140
-14188
-12782
-8723
-2286
5793
14448
22430
28528
31762
31549
27809
20983
11966
1960
-7704
-15793
-21355
-23865
-23294
-20103
-15135
-9463
-4195
-270
1696
1524
-512
-3742
-7230
-9950
-10992
-9728
-5952
71
7630
15676
22995
28402
30951
30091
25772
18461
9076
-1162
-10914
-18943
-24298
-26463
-25428
-21672
-16067
-9715
-3755
841
3428
3795
2192
-729
-4049
-6749
-7919
-6926
-3551
1959
8917
16303
22932
27652
29549
28102
23289
15600
5968
-4370
-14076
-21910
-26932
-28643
-27052
-22665
-16383
-9338
-2703
2519
5654
6466
5182
2442
-844
-3658
-5087
-4484
-1613
3303
9605
16303
22244
26308
27611
25660
20457
12509
2763
-7542
-17066
-24581
-29158
-30321
-28104
-23042
-16067
-8345
-1079
4699
8288
9433
8344
5650
2263
-797
-2604
-2495
-211
4053
9668
15676
20957
24420
25210
22858
17384
9308
-417
-10555
-19771
-26852
-30890
-31433
-28544
-22790
-15135
-6776
1054
7297
11231
12583
11554
8773
5153
1724
-567
-1037
599
4179
9103
14448
19120
22062
22439
19804
14188
6118
-3451
-13294
-22086
-28636
-32060
-31935
-28355
-21919
-13620
-4690
3614
10214
14368
15793
14691
11690
7713
3810
946
-166
788
3677
7933
12663
16805
19323
19405
16614
10992
3064
-6222
-15652
-23923
-29865
-32625
-31809
-27544
-20461
-11583
-2168
6504
13337
17578
18943
17634
14288
9847
5379
1879
85
348
2565
6201
10393
14100
16310
16224
13413
7919
262
-8623
-17540
-25210
-30492
-32562
-31059
-26142
-18472
-9101
692
9612
16545
20740
21910
20268
16468
11471
6372
2194
-291
-703
887
3975
7721
11110
13138
13019
10322
5087
-2179
-10561
-18884
-25898
-30492
-31874
-29715
-24204
-16030
-6268
3783
12817
19717
23730
24581
22494
18146
12523
6749
1879
-1284
-2327
-1292
1341
4755
7948
9930
9911
7461
2604
-4168
-11963
-19634
-25961
-29865
-30587
-27827
-21803
-13228
-3196
6984
15998
22730
26435
26852
24226
19258
12963
6497
946
-2853
-4461
-3890
-1601
1605
4738
6807
7021
4939
567
-5626
-12774
-19760
-25396
-28636
-28750
-25469
-19032
-10174
0
10174
19032
25469
28750
28636
25396
19760
12774
5626
-567
-4939
-7021
-6807
-4738
-1604
1601
3890
4461
2853
-946
-6497
-12963
-19258
-24226
-26852
-26435
-22730
-15998
-6984
3195
13228
21803
27827
30587
29865
25961
19634
11963
4168
-2604
-7461
-9911
-9930
-7948
-4754
-1341
1292
2327
1284
-1879
-6749
-12523
-18146
-22494
-24581
-23730
-19717
-12817
-3783
6269
16030
24204
29715
31874
30492
25898
18884
10561
2179
-5087
-10322
-13019
-13138
-11110
-7722
-3975
-887
703
291
-2194
-6372
-11471
-16468
-20268
-21910
-20740
-16545
-9612
-692
9100
18472
26142
31059
32562
30492
25210
17540
8623
-262
-7919
-13413
-16224
-16310
-14100
-10392
-6201
-2565
-348
-85
-1879
-5379
-9847
-14288
-17634
-18943
-17578
-13337
-6504
2168
11584
20461
27544
31809
32625
29865
23923
15652
6222
-3064
-10992
-16614
-19405
-19323
-16805
-12664
-7933
-3677
-788
166
-946
-3810
-7713
-11690
-14691
-15793
-14368
-10214
-3614
4690
13620
21919
28355
31935
32060
28636
22086
13294
3451
-6118
-14188
-19804
-22439
-22062
-19120
-14447
-9103
-4179
-599
1037
567
-1724
-5153
-8773
-11554
-12583
-11231
-7297
-1054
6776
15135
22790
28544
31433
30890
26852
19771
10555
417
-9308
-17384
-22858
-25210
-24420
-20957
-15677
-9668
-4053
211
2495
2604
797
-2263
-5650
-8344
-9433
-8288
-4699
1079
8345
16067
23042
28104
30321
29158
24581
17066
7542
-2763
-12509
-20457
-25660
-27611
-26308
-22244
-16303
-9605
-3303
1613
4484
5087
3658
844
-2442
-5182
-6466
-5654
-2519
2703
9338
16382
22665
27052
28643
26932
21910
14076
4370
-5968
-15600
-23289
-28102
-29549
-27652
-22932
-16304
-8917
-1959
3551
6926
7919
6749
4049
729
-2192
-3795
-3428
-841
3755
9715
16067
21672
25428
26463
24298
18943
10914
1162
-9076
-18461
-25772
-30091
-30951
-28402
-22995
-15676
-7630
-71
5952
9728
10992
9950
7230
3742
512
-1524
-1696
270
4195
9463
15134
20103
23294
23865
21355
15793
7704
-1960
-11966
-20983
-27809
-31549
-31762
-28528
-22430
-14448
-5793
2286
8723
12782
14188
13140
10264
6481
2827
259
-526
772
4006
8592
13621
18017
20734
20948
18218
12583
4567
-4877
-14526
-23069
-29323
-32420
-31951
-28026
-21260
-12663
-3478
5025
11757
15972
17384
16194
13035
8839
4664
1488
38
646
3195
7134
11583
15495
17844
17825
15008
9433
1624
-7475
-16660
-24638
-30256
-32672
-31511
-26914
-19528
-10392
-773
8038
14938
19173
20457
18996
15436
10727
5951
2115
-24
-103
1793
5145
9101
12634
14736
14617
11846
6466
-1009
-9655
-18284
-25631
-30571
-32295
-30459
-25236
-17302
-7722
2216
11210
18143
22264
23289
21438
17374
12071
6639
2115
-712
-1447
-144
2703
6269
9543
11531
11445
8856
3795
-3235
-11333
-19336
-26008
-30256
-31302
-28835
-23056
-14668
-4754
5378
14418
21251
25125
25772
23427
18776
12821
6702
1488
-1999
-3335
-2545
-98
3196
6342
8350
8432
6151
1524
-4967
-12445
-19776
-25756
-29323
-29733
-26701
-20458
-11725
-1605
8588
17541
24141
27647
27809
24885
19587
12947
6137
259
-3836
-5693
-5316
-3152
0
3152
5316
5693
3836
-259
-6137
-12947
-19587
-24885
-27809
-27647
-24141
-17541
-8588
1605
11725
20458
26701
29733
29323
25756
19776
12445
4967
-1524
-6151
-8432
-8350
-6342
-3195
98
2545
3335
1999
-1488
-6702
-12821
-18776
-23427
-25772
-25125
-21251
-14418
-5378
4754
14668
23056
28835
31302
30256
26008
19336
11333
3235
-3795
-8856
-11445
-11531
-9543
-6268
-2703
144
1447
712
-2115
-6639
-12071
-17374
-21438
-23289
-22264
-18143
-11210
-2216
7722
17302
25236
30459
32295
30571
25631
18284
9655
1009
-6466
-11846
-14617
-14736
-12634
-9101
-5145
-1793
103
24
-2115
-5951
-10727
-15436
-18996
-20457
-19173
-14938
-8038
773
10392
19528
26914
31511
32672
30256
24638
16660
7475
-1624
-9433
-15008
-17825
-17844
-15495
-11583
-7134
-3195
-646
-38
-1488
-4664
-8839
-13035
-16194
-17384
-15972
-11757
-5025
3478
12664
21260
28026
31951
32420
29323
23069
14526
4877
-4567
-12583
-18218
-20948
-20734
-18017
-13621
-8592
-4006
-772
526
-259
-2827
-6481
-10264
-13140
-14188
-12782
-8723
-2286
5793
14447
22430
28528
31762
31549
27809
20983
11966
1960
-7704
-15793
-21355
-23865
-23294
-20103
-15134
-9463
-4195
-270
1696
1524
-512
-3742
-7230
-9950
-10992
-9728
-5952
71
7630
15676
22995
28402
30951
30091
25772
18461
9076
-1162
-10914
-18943
-24298
-26463
-25428
-21672
-16068
-9715
-3755
841
3428
3795
2192
-729
-4049
-6749
-7919
-6926
-3551
1959
8917
16303
22932
27652
29549
28102
23289
15600
5968
-4370
-14076
-21910
-26932
-28643
-27052
-22665
-16382
-9338
-2703
2519
5654
6466
5182
2442
-844
-3658
-5087
-4484
-1613
3303
9605
16303
22244
26308
27611
25660
20457
12509
2763
-7542
-17066
-24581
-29158
-30321
-28104
-23042
-16068
-8345
-1079
4699
8288
9433
8344
5650
2263
-797
-2604
-2495
-211
4053
9668
15677
20957
24420
25210
22858
17384
9308
-417
-10555
-19771
-26852
-30890
-31433
-28544
-22790
-15134
-6776
1054
7297
11231
12583
11554
8773
5153
1724
-567
-1037
599
4179
9103
14447
19120
22062
22439
19804
14188
6118
-3451
-13294
-22086
-28636
-32060
-31935
-28355
-21919
-13620
-4690
3614
10214
14368
15793
14691
11690
7713
3810
946
-166
788
3677
7933
12664
16805
19323
19405
16614
10992
3064
-6222
-15652
-23923
-29865
-32625
-31809
-27544
-20461
-11584
-2168
6504
13337
17578
18943
17634
14288
9847
5379
1879
85
348
2565
6201
10393
14100
16310
16224
13413
7919
262
-8623
-17540
-25210
-30492
-32562
-31059
-26142
-18472
-9100
692
9612
16545
20740
21910
20268
16468
11471
6372
2194
-291
-703
887
3975
7722
11110
13138
13019
10322
5087
-2179
-10561
-18884
-25898
-30492
-31874
-29715
-24204
-16030
-6269
3783
12817
19717
23730
24581
22494
18146
12523
6749
1879
-1284
-2327
-1292
1341
4755
7948
9930
9911
7461
2604
-4168
-11963
-19634
-25961
-29865
-30587
-27827
-21803
-13228
-3195
6984
15998
22730
26435
26852
24226
19258
12963
6497
946
-2853
-4461
-3890
-1601
1605
4738
6807
7021
4939
567
-5626
-12774
-19760
-25396
-28636
-28750
-25469
-19032
-10174
0
10174
19032
25469
28750
28636
25396
19760
12774
5626
-567
-4939
-7021
-6807
-4738
-1604
1601
3890
4461
2853
-946
-6497
-12963
-19258
-24226
-26852
-26435
-22730
-15998
-6984
3196
13228
21803
27827
30587
29865
25961
19634
11963
4168
-2604
-7461
-9911
-9930
-7948
-4755
-1341
1292
2327
1284
-1879
-6749
-12523
-18146
-22494
-24581
-23730
-19717
-12817
-3783
6268
16030
24204
29715
31874
30492
25898
18884
10561
2179
-5087
-10322
-13019
-13138
-11110
-7721
-3975
-887
703
291
-2194
-6372
-11471
-16468
-20268
-21910
-20740
-16545
-9612
-692
9101
18472
26142
31059
32562
30492
25210
17540
8623
-262
-7919
-13413
-16224
-16310
-14100
-10393
-6201
-2565
-348
-85
-1879
-5379
-9847
-14288
-17634
-18943
-17578
-13337
-6504
2168
11583
20461
27544
31809
32625
29865
23923
15652
6222
-3064
-10992
-16614
-19405
-19323
-16805
-12664
-7933
-3677
-788
166
-946
-3810
-7713
-11690
-14691
-15793
-14368
-10214
-3614
4690
13621
21919
28355
31935
32060
28636
22086
13294
3451
-6118
-14188
-19804
-22439
-22062
-19120
-14448
-9103
-4179
-599
1037
567
-1724
-5153
-8773
-11554
-12583
-11231
-7297
-1054
6776
15134
22790
28544
31433
30890
26852
19771
10555
417
-9308
-17384
-22858
-25210
-24420
-20957
-15676
-9668
-4053
211
2495
2604
797
-2263
-5650
-8344
-9433
-8288
-4699
1079
8345
16067
23042
28104
30321
29158
24581
17066
7542
-2763
-12509
-20457
-25660
-27611
-26308
-22244
-16304
-9605
-3303
1613
4484
5087
3658
844
-2442
-5182
-6466
-5654
-2519
2703
9338
16383
22665
27052
28643
26932
21910
14076
4370
-5968
-15600
-23289
-28102
-29549
-27652
-22932
-16303
-8917
-1959
3551
6926
7919
6749
4049
729
-2192
-3795
-3428
-841
3755
9715
16067
21672
25428
26463
24298
18943
10914
1162
-9076
-18461
-25772
-30091
-30951
-28402
-22995
-15676
-7630
-71
5952
9728
10992
9950
7230
3742
512
-1524
-1696
270
4195
9463
15135
20103
23294
23865
21355
15793
7704
-1960
-11966
-20983
-27809
-31549
-31762
-28528
-22430
-14447
-5793
2286
8723
12782
14188
13140
10264
6481
2827
259
-526
772
4006
8592
13621
18017
20734
20948
18218
12583
4567
-4877
-14526
-23069
-29323
-32420
-31951
-28026
-21260
-12663
-3478
5025
11757
15972
17384
16194
13035
8839
4664
1488
38
646
3195
7134
11584
15495
17844
17825
15008
9433
1624
-7475
-16660
-24638
-30256
-32672
-31511
-26914
-19528
-10393
-773
8038
14938
19173
20457
18996
15436
10727
5951
2115
-24
-103
1793
5145
9101
12634
14736
14617
11846
6466
-1009
-9655
-18284
-25631
-30571
-32295
-30459
-25236
-17302
-7721
2216
11210
18143
22264
23289
21438
17374
12071
6639
2115
-712
-1447
-144
2703
6269
9543
11531
11445
8856
3795
-3235
-11333
-19336
-26008
-30256
-31302
-28835
-23056
-14668
-4755
5378
14418
21251
25125
25772
23427
18776
12821
6702
1488
-1999
-3335
-2545
-98
3196
6342
8350
8432
6151
1524
-4967
-12445
-19776
-25756
-29323
-29733
-26701
-20458
-11725
-1604
8588
17541
24141
27647
27809
24885
19587
12947
6137
259
-3836
-5693
-5316
-3152
0
3152
5316
5693
3836
-259
-6137
-12947
-19587
-24885
-27809
-27647
-24141
-17541
-8588
1604
11725
20458
26701
29733
29323
25756
19776
12445
4967
-1524
-6151
-8432
-8350
-6342
-3196
98
2545
3335
1999
-1488
-6702
-12821
-18776
-23427
-25772
-25125
-21251
-14418
-5378
4754
14668
23056
28835
31302
30256
26008
19336
11333
3235
-3795
-8856
-11445
-11531
-9543
-6269
-2703
144
1447
712
-2115
-6639
-12071
-17374
-21438
-23289
-22264
-18143
-11210
-2216
7722
17302
25236
30459
32295
30571
25631
18284
9655
1009
-6466
-11846
-14617
-14736
-12634
-9100
-5145
-1793
103
24
-2115
-5951
-10727
-15436
-18996
-20457
-19173
-14938
-8038
773
10393
19528
26914
31511
32672
30256
24638
16660
7475
-1624
-9433
-15008
-17825
-17844
-15495
-11584
-7134
-3195
-646
-38
-1488
-4664
-8839
-13035
-16194
-17384
-15972
-11757
-5025
3478
12663
21260
28026
31951
32420
29323
23069
14526
4877
-4567
-12583
-18218
-20948
-20734
-18017
-13621
-8592
-4006
-772
526
-259
-2827
-6481
-10264
-13140
-14188
-12782
-8723
-2286
5793
14448
22430
28528
31762
31549
27809
20983
11966
1960
-7704
-15793
-21355
-23865
-23294
-20103
-15135
-9463
-4195
-270
1696
1524
-512
-3742
-7230
-9950
-10992
-9728
-5952
71
7630
15677
22995
28402
30951
30091
25772
18461
9076
-1162
-10914
-18943
-24298
-26463
-25428
-21672
-16067
-9715
-3755
841
3428
3795
2192
-729
-4049
-6749
-7919
-6926
-3551
1959
8917
16303
22932
27652
29549
28102
23289
15600
5968
-4370
-14076
-21910
-26932
-28643
-27052
-22665
-16383
-9338
-2703
2519
5654
6466
5182
2442
-844
-3658
-5087
-4484
-1613
3303
9605
16304
22244
26308
27611
25660
20457
12509
2763
-7542
-17066
-24581
-29158
-30321
-28104
-23042
-16067
-8345
-1079
4699
8288
9433
8344
5650
2263
-797
-2604
-2495
-211
4053
9668
15676
20957
24420
25210
22858
17384
9308
-417
-10555
-19771
-26852
-30890
-31433
-28544
-22790
-15135
-6776
1054
7297
11231
12583
11554
8773
5153
1724
-567
-1037
599
4179
9103
14448
19120
22062
22439
19804
14188
6118
-3451
-13294
-22086
-28636
-32060
-31935
-28355
-21919
-13620
-4690
3614
10214
14368
15793
14691
11690
7713
3810
946
-166
788
3677
7933
12664
16805
19323
19405
16614
10992
3064
-6222
-15652
-23923
-29865
-32625
-31809
-27544
-20461
-11583
-2168
6504
13337
17578
18943
17634
14288
9847
5379
1879
85
348
2565
6201
10393
14100
16310
16224
13413
7919
262
-8623
-17540
-25210
-30492
-32562
-31059
-26142
-18472
-9101
692
9612
16545
20740
21910
20268
16468
11471
6372
2194
-291
-703
887
3975
7721
11110
13138
13019
10322
5087
-2179
-10561
-18884
-25898
-30492
-31874
-29715
-24204
-16030
-6269
3783
12817
19717
23730
24581
22494
18146
12523
6749
1879
-1284
-2327
-1292
1341
4754
7948
9930
9911
7461
2604
-4168
-11963
-19634
-25961
-29865
-30587
-27827
-21803
-13228
-3195
6984
15998
22730
26435
26852
24226
19258
12963
6497
946
-2853
-4461
-3890
-1601
1605
4738
6807
7021
4939
567
-5626
-12774
-19760
-25396
-28636
-28750
-25469
-19032
-10174
0
10174
19032
25469
28750
28636
25396
19760
12774
5626
-567
-4939
-7021
-6807
-4738
-1604
1601
3890
4461
2853
-946
-6497
-12963
-19258
-24226
-26852
-26435
-22730
-15998
-6984
3195
13228
21803
27827
30587
29865
25961
19634
11963
4168
-2604
-7461
-9911
-9930
-7948
-4755
-1341
1292
2327
1284
-1879
-6749
-12523
-18146
-22494
-24581
-23730
-19717
-12817
-3783
6268
16030
24204
29715
31874
30492
25898
18884
10561
2179
-5087
-10322
-13019
-13138
-11110
-7722
-3975
-887
703
291
-2194
-6372
-11471
-16468
-20268
-21910
-20740
-16545
-9612
-692
9101
18472
26142
31059
32562
30492
25210
17540
8623
-262
-7919
-13413
-16224
-16310
-14100
-10392
-6201
-2565
-348
-85
-1879
-5379
-9847
-14288
-17634
-18943
-17578
-13337
-6504
2168
11584
20461
27544
31809
32625
29865
23923
15652
6222
-3064
-10992
-16614
-19405
-19323
-16805
-12664
-7933
-3677
-788
166
-946
-3810
-7713
-11690
-14691
-15793
-14368
-10214
-3614
4690
13620
21919
28355
31935
32060
28636
22086
13294
3451
-6118
-14188
-19804
-22439
-22062
-19120
-14447
-9103
-4179
-599
1037
567
-1724
-5153
-8773
-11554
-12583
-11231
-7297
-1054
6776
15134
22790
28544
31433
30890
26852
19771
10555
417
-9308
-17384
-22858
-25210
-24420
-20957
-15677
-9668
-4053
211
2495
2604
797
-2263
-5650
-8344
-9433
-8288
-4699
1079
8345
16068
23042
28104
30321
29158
24581
17066
7542
-2763
-12509
-20457
-25660
-27611
-26308
-22244
-16303
-9605
-3303
1613
4484
5087
3658
844
-2442
-5182
-6466
-5654
-2519
2703
9338
16382
22665
27052
28643
26932
21910
14076
4370
-5968
-15600
-23289
-28102
-29549
-27652
-22932
-16303
-8917
-1959
3551
6926
7919
6749
4049
729
-2192
-3795
-3428
-841
3755
9715
16068
21672
25428
26463
24298
18943
10914
1162
-9076
-18461
-25772
-30091
-30951
-28402
-22995
-15676
-7630
-71
5952
9728
10992
9950
7230
3742
512
-1524
-1696
270
4195
9463
15134
20103
23294
23865
21355
15793
7704
-1960
-11966
-20983
-27809
-31549
-31762
-28528
-22430
-14448
-5793
2286
8723
12782
14188
13140
10264
6481
2827
259
-526
772
4006
8592
13620
18017
20734
20948
18218
12583
4567
-4877
-14526
-23069
-29323
-32420
-31951
-28026
-21260
-12663
-3478
5025
11757
15972
17384
16194
13035
8839
4664
1488
38
646
3195
7134
11584
15495
17844
17825
15008
9433
1624
-7475
-16660
-24638
-30256
-32672
-31511
-26914
-19528
-10392
-773
8038
14938
19173
20457
18996
15436
10727
5951
2115
-24
-103
1793
5145
9101
12634
14736
14617
11846
6466
-1009
-9655
-18284
-25631
-30571
-32295
-30459
-25236
-17302
-7722
2216
11210
18143
22264
23289
21438
17374
12071
6639
2115
-712
-1447
-144
2703
6268
9543
11531
11445
8856
3795
-3235
-11333
-19336
-26008
-30256
-31302
-28835
-23056
-14668
-4755
5378
14418
21251
25125
25772
23427
18776
12821
6702
1488
-1999
-3335
-2545
-98
3195
6342
8350
8432
6151
1524
-4967
-12445
-19776
-25756
-29323
-29733
-26701
-20458
-11725
-1604
8588
17541
24141
27647
27809
24885
19587
12947
6137
259
-3836
-5693
-5316
-3152
0
3152
5316
5693
3836
-259
-6137
-12947
-19587
-24885
-27809
-27647
-24141
-17541
-8588
1605
11725
20458
26701
29733
29323
25756
19776
12445
4967
-1524
-6151
-8432
-8350
-6342
-3196
98
2545
3335
1999
-1488
-6702
-12821
-18776
-23427
-25772
-25125
-21251
-14418
-5378
4754
14668
23056
28835
31302
30256
26008
19336
11333
3235
-3795
-8856
-11445
-11531
-9543
-6269
-2703
144
1447
712
-2115
-6639
-12071
-17374
-21438
-23289
-22264
-18143
-11210
-2216
7722
17302
25236
30459
32295
30571
25631
18284
9655
1009
-6466
-11846
-14617
-14736
-12634
-9101
-5145
-1793
103
24
-2115
-5951
-10727
-15436
-18996
-20457
-19173
-14938
-8038
773
10393
19528
26914
31511
32672
30256
24638
16660
7475
-1624
-9433
-15008
-17825
-17844
-15495
-11583
-7134
-3195
-646
-38
-1488
-4664
-8839
-13035
-16194
-17384
-15972
-11757
-5025
3478
12664
21260
28026
31951
32420
29323
23069
14526
4877
-4567
-12583
-18218
-20948
-20734
-18017
-13621
-8592
-4006
-772
526
-259
-2827
-6481
-10264
-13140
-14188
-12782
-8723
-2286
5793
14448
22430
28528
31762
31549
27809
20983
11966
1960
-7704
-15793
-21355
-23865
-23294
-20103
-15134
-9463
-4195
-270
1696
1524
-512
-3742
-7230
-9950
-10992
-9728
-5952
71
7630
15676
22995
28402
30951
30091
25772
18461
9076
-1162
-10914
-18943
-24298
-26463
-25428
-21672
-16068
-9715
-3755
841
3428
3795
2192
-729
-4049
-6749
-7919
-6926
-3551
1959
8917
16303
22932
27652
29549
28102
23289
15600
5968
-4370
-14076
-21910
-26932
-28643
-27052
-22665
-16382
-9338
-2703
2519
5654
6466
5182
2442
-844
-3658
-5087
-4484
-1613
3303
9605
16304
22244
26308
27611
25660
20457
12509
2763
-7542
-17066
-24581
-29158
-30321
-28104
-23042
-16067
-8345
-1079
4699
8288
9433
8344
5650
2263
-797
-2604
-2495
-211
4053
9668
15677
20957
24420
25210
22858
17384
9308
-417
-10555
-19771
-26852
-30890
-31433
-28544
-22790
-15134
-6776
1054
7297
11231
12583
11554
8773
5153
1724
-567
-1037
599
4179
9103
14447
19120
22062
22439
19804
14188
6118
-3451
-13294
-22086
-28636
-32060
-31935
-28355
-21919
-13621
-4690
3614
10214
14368
15793
14691
11690
7713
3810
946
-166
788
3677
7933
12663
16805
19323
19405
16614
10992
3064
-6222
-15652
-23923
-29865
-32625
-31809
-27544
-20461
-11583
-2168
6504
13337
17578
18943
17634
14288
9847
5379
1879
85
348
2565
6201
10393
14100
16310
16224
13413
7919
262
-8623
-17540
-25210
-30492
-32562
-31059
-26142
-18472
-9100
692
9612
16545
20740
21910
20268
16468
11471
6372
2194
-291
-703
887
3975
7722
11110
13138
13019
10322
5087
-2179
-10561
-18884
-25898
-30492
-31874
-29715
-24204
-16030
-6269
3783
12817
19717
23730
24581
22494
18146
12523
6749
1879
-1284
-2327
-1292
1341
4754
7948
9930
9911
7461
2604
-4168
-11963
-19634
-25961
-29865
-30587
-27827
-21803
-13228
-3196
6984
15998
22730
26435
26852
24226
19258
12963
6497
946
-2853
-4461
-3890
-1601
1605
4738
6807
7021
4939
567
-5626
-12774
-19760
-25396
-28636
-28750
-25469
-19032
-10174
