17269
10860
2323
-6503
-13675
-17624
-17552
-13646
-7044
438
6748
10116
9502
4874
-2766
-11612
-19489
-24393
-24992
-20975
-13146
-3247
6453
13713
16874
15271
9419
894
-8039
-14981
-17991
-16075
-9452
484
11483
20977
26708
27284
22529
13547
2464
-8071
-15531
-18124
-15240
-7608
2863
13539
21694
25174
22923
15258
3804
-8879
-19903
-26744
-27847
-23008
-13430
-1444
10040
18230
21115
17953
9452
-2389
-14751
-24660
-29696
-28562
-21402
-9768
3740
16081
24488
27110
23450
14470
2370
-9933
-19489
-23995
-22337
-14836
-3174
10002
21698
29260
30980
26482
16796
4110
-8737
-18907
-24204
-23562
-17269
-6882
5141
16010
23227
25144
21317
12579
836
-11371
-21439
-27272
-27724
-22829
-13764
-2566
8328
16611
20598
19566
13876
4870
-5444
-14830
-21300
-23513
-21037
-14409
-4991
5321
14505
20812
23111
21086
15278
6950
-2178
-10279
-15767
-17601
-15467
-9822
-1797
7032
14943
20394
22308
20275
14624
6366
-2997
-11743
-18255
-21326
-20385
-15618
-7946
1143
9863
16470
19603
18552
13416
5102
-4831
-14468
-21899
-25605
-24765
-19436
-10561
202
10793
19159
23661
23411
18457
9790
-852
-11321
-19489
-23676
-22989
-17506
-8259
2970
14002
22701
27390
27185
22159
13316
2383
-8538
-17386
-22537
-23111
-19117
-11435
-1619
8414
16757
21866
22839
19557
12675
3479
-6373
-15156
-21389
-24077
-22861
-18059
-10579
-1745
6935
14023
18380
19340
16806
11247
3621
-4785
-12557
-18379
-21238
-20593
-16466
-9452
-634
8577
16669
22278
24419
22671
17266
9070
-547
-9934
-17446
-21735
-21998
-18136
-10784
-1216
8878
17691
23626
25585
23172
16768
7458
-3158
-13264
-21146
-25502
-25659
-21680
-14337
-4956
4831
13373
19282
21658
20214
15302
7819
-962
-9610
-16770
-21364
-22742
-20752
-15744
-8489
-60
8328
15489
20425
22454
21302
17139
10562
2517
-5819
-13200
-18490
-20833
-19793
-15444
-8376
370
9452
17427
22985
25167
23534
18256
10098
306
-9595
-18051
-23738
-25781
-23899
-18445
-10342
-916
8328
15950
20809
22233
20100
14836
7317
-1280
-9676
-16676
-21335
-23071
-21720
-17531
-11107
-3316
4831
12303
18167
21692
22436
20294
15522
8715
749
-7315
-14367
-19391
-21614
-20635
-16499
-9718
-1216
7793
15984
22118
25243
24846
20941
14071
5225
-4317
-13185
-20136
-24233
-24981
-22385
-16923
-9452
-1064
7079
13917
18615
20664
19908
16541
11055
4160
-3299
-10441
-16433
-20571
-22346
-21500
-18059
-12350
-4978
3219
11256
18121
22898
24907
23810
19683
13021
4692
-4186
-12397
-18810
-22546
-23111
-20461
-15010
-7549
873
9116
16108
20992
23227
22631
19380
13947
7025
-575
-8021
-14540
-19489
-22393
-22979
-21192
-17198
-11380
-4318
3252
10500
16581
20738
22403
21287
17441
11278
3530
-4831
-12726
-19119
-23164
-24330
-22475
-17858
-11093
-3053
5263
12871
18928
22826
24245
23158
19803
14624
8203
1193
-5740
-11965
-16925
-20162
-21356
-20348
-17173
-12078
-5526
1827
9185
15695
20553
23111
22980
20099
14756
7561
-632
-8844
-16108
-21593
-24718
-25209
-23119
-18786
-12774
-5772
1491
8328
14156
18525
21131
21815
20554
17456
12759
6829
157
-6661
-12962
-18074
-21393
-22467
-21073
-17269
-11407
-4108
3815
11459
17953
22575
24845
24580
21894
17166
10967
3970
-3141
-9741
-15316
-19489
-22014
-22770
-21741
-19008
-14749
-9242
-2876
3856
10372
16048
20279
22562
22571
20219
15695
9452
2160
-5382
-12349
-18005
-21791
-23390
-22743
-20034
-15633
-10027
-3752
2675
8791
14203
18591
21694
23307
23278
21529
18082
13090
6866
-124
-7279
-13920
-19371
-23050
-24552
-23716
-20646
-15704
-9452
-2566
4252
10371
15295
18702
20448
20539
19094
16300
12377
7562
2112
-3683
-9486
-14901
-19489
-22805
-24451
-24142
-21768
-17438
-11484
-4439
3027
10196
16398
21097
23949
24833
23833
21195
17269
12441
7082
1521
-3964
-9127
-13732
-17535
-20273
-21685
-21548
-19726
-16225
-11226
-5098
1631
8328
14339
19077
22108
23198
22340
19731
15719
10741
5241
-379
-5798
-10778
-15145
-18756
-21466
-23111
-23512
-22505
-19986
-15959
-10586
-4196
2727
9595
15790
20750
24052
25465
24976
22770
19180
14624
9523
4248
-917
-5776
-10197
-14077
-17297
-19700
-21088
-21249
-20007
-17276
-13115
-7755
-1596
4831
10938
16157
20031
22272
22793
21697
19237
15748
11578
7027
2319
-2403
-7049
-11537
-15747
-19489
-22499
-24467
-25085
-24121
-21478
-17245
-11701
-5294
1425
7882
13568
18106
21295
23105
23647
23111
21701
19579
16838
13498
9548
4992
-89
-5505
-10937
-15966
-20131
-23004
-24269
-23789
-21632
-18059
-13479
-8369
-3188
1692
6031
9732
12810
15333
17361
18889
19825
19992
19174
17181
13920
9452
4016
-1983
-8031
-13586
-18168
-21437
-23239
-23614
-22759
-20961
-18517
-15660
-12521
-9114
-5374
-1216
3394
8381
13521
18461
22755
25952
27680
27728
26088
22961
18716
13812
8707
3772
-764
-4831
-8490
-11867
-15078
-18157
-21005
-23396
-25007
-25498
-24600
-22191
-18354
-13373
-7699
-1865
3613
8328
12050
14744
16547
17693
18431
18934
19241
19243
18710
17367
14982
11457
6883
1553
-4073
-9452
-14062
-17506
-19582
-20313
-19919
-18745
-17163
-15467
-13805
-12147
-10313
-8037
-5073
-1287
3267
8328
13456
18116
21785
24065
24768
23951
21896
19028
15815
12647
9751
7146
4666
2023
-1077
-4831
-9250
-14115
-19011
-23395
-26721
-28561
-28704
-27204
-24367
-20675
-16664
-12802
-9378
-6445
-3833
-1216
1772
5409
9781
14721
19828
24540
28256
30482
30944
29657
26921
23245
19226
15398
12111
9452
7239
5094
2565
-728
-4965
-10045
-15584
-20986
-25578
-28767
-30179
-29755
-27760
-24720
-21282
-18059
-15470
-13644
-12393
-11282
-9753
-7294
-3603
1312
7104
13150
18690
23005
25590
26278
25276
23111
20490
18120
16519
15885
16045
16506
16589
15621
13129
8982
3453
-2828
-9013
-14239
-17836
-19489
-19316
-17833
-15814
-14091
-13329
-13846
-15527
-17844
-19995
-21112
-20496
-17815
-13207
-7266
-912
4831
9088
11343
11577
10263
8243
6510
5936
7044
9852
13860
18163
21681
23433
22803
19704
14624
8515
2563
-2101
-4690
-4961
-3277
-517
2150
3571
2915
-95
-5096
-11155
-16996
-21313
-23111
-21957
-18111
-12473
-6364
-1202
1858
2218
0
-3978
-8403
-11804
-12923
-11061
-6263
661
8328
15110
19547
20709
18446
13439
7038
933
-3268
-4451
-2288
2670
9109
15281
19436
20270
-17269
-10860
-2323
6503
13675
17624
17552
13646
7044
-438
-6748
-10116
-9502
-4874
2766
11612
19489
24393
24992
20975
13146
3247
-6453
-13713
-16874
-15271
-9419
-894
8039
14981
17991
16075
9452
-484
-11483
-20977
-26708
-27284
-22529
-13547
-2464
8071
15531
18124
15240
7608
-2863
-13539
-21694
-25174
-22923
-15258
-3804
8879
19903
26744
27847
23008
13430
1444
-10040
-18230
-21115
-17953
-9452
2389
14751
24660
29696
28562
21402
9768
-3740
-16081
-24488
-27110
-23450
-14470
-2370
9933
19489
23995
22337
14836
3174
-10002
-21698
-29260
-30980
-26482
-16796
-4110
8737
18907
24204
23562
17269
6882
-5141
-16010
-23227
-25144
-21317
-12579
-836
11371
21439
27272
27724
22829
13764
2566
-8328
-16611
-20598
-19566
-13876
-4870
5444
14830
21300
23513
21037
14409
4991
-5321
-14505
-20812
-23111
-21086
-15278
-6950
2178
10279
15767
17601
15467
9822
1797
-7032
-14943
-20394
-22308
-20275
-14624
-6366
2997
11743
18255
21326
20385
15618
7946
-1143
-9863
-16470
-19603
-18552
-13416
-5102
4831
14468
21899
25605
24765
19436
10561
-202
-10793
-19159
-23661
-23411
-18457
-9790
852
11321
19489
23676
22989
17506
8259
-2970
-14002
-22701
-27390
-27185
-22159
-13316
-2383
8538
17386
22537
23111
19117
11435
1619
-8414
-16757
-21866
-22839
-19557
-12675
-3479
6373
15156
21389
24077
22861
18059
10579
1745
-6935
-14023
-18380
-19340
-16806
-11247
-3621
4785
12557
18379
21238
20593
16466
9452
634
-8577
-16669
-22278
-24419
-22671
-17266
-9070
547
9934
17446
21735
21998
18136
10784
1216
-8878
-17691
-23626
-25585
-23172
-16768
-7458
3158
13264
21146
25502
25659
21680
14337
4956
-4831
-13373
-19282
-21658
-20214
-15302
-7819
962
9610
16770
21364
22742
20752
15744
8489
60
-8328
-15489
-20425
-22454
-21302
-17139
-10562
-2517
5819
13200
18490
20833
19793
15444
8376
-370
-9452
-17427
-22985
-25167
-23534
-18256
-10098
-306
9595
18051
23738
25781
23899
18445
10342
916
-8328
-15950
-20809
-22233
-20100
-14836
-7317
1280
9676
16676
21335
23071
21720
17531
11107
3316
-4831
-12303
-18167
-21692
-22436
-20294
-15522
-8715
-749
7315
14367
19391
21614
20635
16499
9718
1216
-7793
-15984
-22118
-25243
-24846
-20941
-14071
-5225
4317
13185
20136
24233
24981
22385
16923
9452
1064
-7079
-13917
-18615
-20664
-19908
-16541
-11055
-4160
3299
10441
16433
20571
22346
21500
18059
12350
4978
-3219
-11256
-18121
-22898
-24907
-23810
-19683
-13021
-4692
4186
12397
18810
22546
23111
20461
15010
7549
-873
-9116
-16108
-20992
-23227
-22631
-19380
-13947
-7025
575
8021
14540
19489
22393
22979
21192
17198
11380
4318
-3252
-10500
-16581
-20738
-22403
-21287
-17441
-11278
-3530
4831
12726
19119
23164
24330
22475
17858
11093
3053
-5263
-12871
-18928
-22826
-24245
-23158
-19803
-14624
-8203
-1193
5740
11965
16925
20162
21356
20348
17173
12078
5526
-1827
-9185
-15695
-20553
-23111
-22980
-20099
-14756
-7561
632
8844
16108
21593
24718
25209
23119
18786
12774
5772
-1491
-8328
-14156
-18525
-21131
-21815
-20554
-17456
-12759
-6829
-157
6661
12962
18074
21393
22467
21073
17269
11407
4108
-3815
-11459
-17953
-22575
-24845
-24580
-21894
-17166
-10967
-3970
3141
9741
15316
19489
22014
22770
21741
19008
14749
9242
2876
-3856
-10372
-16048
-20279
-22562
-22571
-20219
-15695
-9452
-2160
5382
12349
18005
21791
23390
22743
20034
15633
10027
3752
-2675
-8791
-14203
-18591
-21694
-23307
-23278
-21529
-18082
-13090
-6866
124
7279
13920
19371
23050
24552
23716
20646
15704
9452
2566
-4252
-10371
-15295
-18702
-20448
-20539
-19094
-16300
-12377
-7562
-2112
3683
9486
14901
19489
22805
24451
24142
21768
17438
11484
4439
-3027
-10196
-16398
-21097
-23949
-24833
-23833
-21195
-17269
-12441
-7082
-1521
3964
9127
13732
17535
20273
21685
21548
19726
16225
11226
5098
-1631
-8328
-14339
-19077
-22108
-23198
-22340
-19731
-15719
-10741
-5241
379
5798
10778
15145
18756
21466
23111
23512
22505
19986
15959
10586
4196
-2727
-9595
-15790
-20750
-24052
-25465
-24976
-22770
-19180
-14624
-9523
-4248
917
5776
10197
14077
17297
19700
21088
21249
20007
17276
13115
7755
1596
-4831
-10938
-16157
-20031
-22272
-22793
-21697
-19237
-15748
-11578
-7027
-2319
2403
7049
11537
15747
19489
22499
24467
25085
24121
21478
17245
11701
5294
-1425
-7882
-13568
-18106
-21295
-23105
-23647
-23111
-21701
-19579
-16838
-13498
-9548
-4992
89
5505
10937
15966
20131
23004
24269
23789
21632
18059
13479
8369
3188
-1692
-6031
-9732
-12810
-15333
-17361
-18889
-19825
-19992
-19174
-17181
-13920
-9452
-4016
1983
8031
13586
18168
21437
23239
23614
22759
20961
18517
15660
12521
9114
5374
1216
-3394
-8381
-13521
-18461
-22755
-25952
-27680
-27728
-26088
-22961
-18716
-13812
-8707
-3772
764
4831
8490
11867
15078
18157
21005
23396
25007
25498
24600
22191
18354
13373
7699
1865
-3613
-8328
-12050
-14744
-16547
-17693
-18431
-18934
-19241
-19243
-18710
-17367
-14982
-11457
-6883
-1553
4073
9452
14062
17506
19582
20313
19919
18745
17163
15467
13805
12147
10313
8037
5073
1287
-3267
-8328
-13456
-18116
-21785
-24065
-24768
-23951
-21896
-19028
-15815
-12647
-9751
-7146
-4666
-2023
1077
4831
9250
14115
19011
23395
26721
28561
28704
27204
24367
20675
16664
12802
9378
6445
3833
1216
-1772
-5409
-9781
-14721
-19828
-24540
-28256
-30482
-30944
-29657
-26921
-23245
-19226
-15398
-12111
-9452
-7239
-5094
-2565
728
4965
10045
15584
20986
25578
28767
30179
29755
27760
24720
21282
18059
15470
13644
12393
11282
9753
7294
3603
-1312
-7104
-13150
-18690
-23005
-25590
-26278
-25276
-23111
-20490
-18120
-16519
-15885
-16045
-16506
-16589
-15621
-13129
-8982
-3453
2828
9013
14239
17836
19489
19316
17833
15814
14091
13329
13846
15527
17844
19995
21112
20496
17815
13207
7266
912
-4831
-9088
-11343
-11577
-10263
-8243
-6510
-5936
-7044
-9852
-13860
-18163
-21681
-23433
-22803
-19704
-14624
-8515
-2563
2101
4690
4961
3277
517
-2150
-3571
-2915
95
5096
11155
16996
21313
23111
21957
18111
12473
6364
1202
-1858
-2218
0
3978
8403
11804
12923
11061
6263
-661
-8328
-15110
-19547
-20709
-18446
-13439
-7038
-933
3268
4451
2288
-2670
-9109
-15281
-19436
-20270
-17269
-10860
-2323
6503
13675
17624
17552
13646
7044
-438
-6748
-10116
-9502
-4874
2766
11612
19489
24393
24992
20975
13146
3247
-6453
-13713
-16874
-15271
-9419
-894
8039
14981
17991
16075
9452
-484
-11483
-20977
-26708
-27284
-22529
-13547
-2464
8071
15531
18124
15240
7608
-2863
-13539
-21694
-25174
-22923
-15258
-3804
8879
19903
26744
27847
23008
13430
1444
-10040
-18230
-21115
-17953
-9452
2389
14751
24660
29696
28562
21402
9768
-3740
-16081
-24488
-27110
-23450
-14470
-2370
9933
19489
23995
22337
14836
3174
-10002
-21698
-29260
-30980
-26482
-16796
-4110
8737
18907
24204
23562
17269
6882
-5141
-16010
-23227
-25144
-21317
-12579
-836
11371
21439
27272
27724
22829
13764
2566
-8328
-16611
-20598
-19566
-13876
-4870
5444
14830
21300
23513
21037
14409
4991
-5321
-14505
-20812
-23111
-21086
-15278
-6950
2178
10279
15767
17601
15467
9822
1797
-7032
-14943
-20394
-22308
-20275
-14624
-6366
2997
11743
18255
21326
20385
15618
7946
-1143
-9863
-16470
-19603
-18552
-13416
-5102
4831
14468
21899
25605
24765
19436
10561
-202
-10793
-19159
-23661
-23411
-18457
-9790
852
11321
19489
23676
22989
17506
8259
-2970
-14002
-22701
-27390
-27185
-22159
-13316
-2383
8538
17386
22537
23111
19117
11435
1619
-8414
-16757
-21866
-22839
-19557
-12675
-3479
6373
15156
21389
24077
22861
18059
10579
1745
-6935
-14023
-18380
-19340
-16806
-11247
-3621
4785
12557
18379
21238
20593
16466
9452
634
-8577
-16669
-22278
-24419
-22671
-17266
-9070
547
9934
17446
21735
21998
18136
10784
1216
-8878
-17691
-23626
-25585
-23172
-16768
-7458
3158
13264
21146
25502
25659
21680
14337
4956
-4831
-13373
-19282
-21658
-20214
-15302
-7819
962
9610
16770
21364
22742
20752
15744
8489
60
-8328
-15489
-20425
-22454
-21302
-17139
-10562
-2517
5819
13200
18490
20833
19793
15444
8376
-370
-9452
-17427
-22985
-25167
-23534
-18256
-10098
-306
9595
18051
23738
25781
23899
18445
10342
916
-8328
-15950
-20809
-22233
-20100
-14836
-7317
1280
9676
16676
21335
23071
21720
17531
11107
3316
-4831
-12303
-18167
-21692
-22436
-20294
-15522
-8715
-749
7315
14367
19391
21614
20635
16499
9718
1216
-7793
-15984
-22118
-25243
-24846
-20941
-14071
-5225
4317
13185
20136
24233
24981
22385
16923
9452
1064
-7079
-13917
-18615
-20664
-19908
-16541
-11055
-4160
3299
10441
16433
20571
22346
21500
18059
12350
4978
-3219
-11256
-18121
-22898
-24907
-23810
-19683
-13021
-4692
4186
12397
18810
22546
23111
20461
15010
7549
-873
-9116
-16108
-20992
-23227
-22631
-19380
-13947
-7025
575
8021
14540
19489
22393
22979
21192
17198
11380
4318
-3252
-10500
-16581
-20738
-22403
-21287
-17441
-11278
-3530
4831
12726
19119
23164
24330
22475
17858
11093
3053
-5263
-12871
-18928
-22826
-24245
-23158
-19803
-14624
-8203
-1193
5740
11965
16925
20162
21356
20348
17173
12078
5526
-1827
-9185
-15695
-20553
-23111
-22980
-20099
-14756
-7561
632
8844
16108
21593
24718
25209
23119
18786
12774
5772
-1491
-8328
-14156
-18525
-21131
-21815
-20554
-17456
-12759
-6829
-157
6661
12962
18074
21393
22467
21073
17269
11407
4108
-3815
-11459
-17953
-22575
-24845
-24580
-21894
-17166
-10967
-3970
3141
9741
15316
19489
22014
22770
21741
19008
14749
9242
2876
-3856
-10372
-16048
-20279
-22562
-22571
-20219
-15695
-9452
-2160
5382
12349
18005
21791
23390
22743
20034
15633
10027
3752
-2675
-8791
-14203
-18591
-21694
-23307
-23278
-21529
-18082
-13090
-6866
124
7279
13920
19371
23050
24552
23716
20646
15704
9452
2566
-4252
-10371
-15295
-18702
-20448
-20539
-19094
-16300
-12377
-7562
-2112
3683
9486
14901
19489
22805
24451
24142
21768
17438
11484
4439
-3027
-10196
-16398
-21097
-23949
-24833
-23833
-21195
-17269
-12441
-7082
-1521
3964
9127
13732
17535
20273
21685
21548
19726
16225
11226
5098
-1631
-8328
-14339
-19077
-22108
-23198
-22340
-19731
-15719
-10741
-5241
379
5798
10778
15145
18756
21466
23111
23512
22505
19986
15959
10586
4196
-2727
-9595
-15790
-20750
-24052
-25465
-24976
-22770
-19180
-14624
-9523
-4248
917
5776
10197
14077
17297
19700
21088
21249
20007
17276
13115
7755
1596
-4831
-10938
-16157
-20031
-22272
-22793
-21697
-19237
-15748
-11578
-7027
-2319
2403
7049
11537
15747
19489
22499
24467
25085
24121
21478
17245
11701
5294
-1425
-7882
-13568
-18106
-21295
-23105
-23647
-23111
-21701
-19579
-16838
-13498
-9548
-4992
89
5505
10937
15966
20131
23004
24269
23789
21632
18059
13479
8369
3188
-1692
-6031
-9732
-12810
-15333
-17361
-18889
-19825
-19992
-19174
-17181
-13920
-9452
-4016
1983
8031
13586
18168
21437
23239
23614
22759
20961
18517
15660
12521
9114
5374
1216
-3394
-8381
-13521
-18461
-22755
-25952
-27680
-27728
-26088
-22961
-18716
-13812
-8707
-3772
764
4831
8490
11867
15078
18157
21005
23396
25007
25498
24600
22191
18354
13373
7699
1865
-3613
-8328
-12050
-14744
-16547
-17693
-18431
-18934
-19241
-19243
-18710
-17367
-14982
-11457
-6883
-1553
4073
9452
14062
17506
19582
20313
19919
18745
17163
15467
13805
12147
10313
8037
5073
1287
-3267
-8328
-13456
-18116
-21785
-24065
-24768
-23951
-21896
-19028
-15815
-12647
-9751
-7146
-4666
-2023
1077
4831
9250
14115
19011
23395
26721
28561
28704
27204
24367
20675
16664
12802
9378
6445
3833
1216
-1772
-5409
-9781
-14721
-19828
-24540
-28256
-30482
-30944
-29657
-26921
-23245
-19226
-15398
-12111
-9452
-7239
-5094
-2565
728
4965
10045
15584
20986
25578
28767
30179
29755
27760
24720
21282
18059
15470
13644
12393
11282
9753
7294
3603
-1312
-7104
-13150
-18690
-23005
-25590
-26278
-25276
-23111
-20490
-18120
-16519
-15885
-16045
-16506
-16589
-15621
-13129
-8982
-3453
2828
9013
14239
17836
19489
19316
17833
15814
14091
13329
13846
15527
17844
19995
21112
20496
17815
13207
7266
912
-4831
-9088
-11343
-11577
-10263
-8243
-6510
-5936
-7044
-9852
-13860
-18163
-21681
-23433
-22803
-19704
-14624
-8515
-2563
2101
4690
4961
3277
517
-2150
-3571
-2915
95
5096
11155
16996
21313
23111
21957
18111
12473
6364
1202
-1858
-2218
0
3978
8403
11804
12923
11061
6263
-661
-8328
-15110
-19547
-20709
-18446
-13439
-7038
-933
3268
4451
2288
-2670
-9109
-15281
-19436
-20270
-17269
-10860
-2323
6503
13675
17624
17552
13646
7044
-438
-6748
-10116
-9502
-4874
2766
11612
19489
24393
24992
20975
13146
3247
-6453
-13713
-16874
-15271
-9419
-894
8039
14981
17991
16075
9452
-484
-11483
-20977
-26708
-27284
-22529
-13547
-2464
8071
15531
18124
15240
7608
-2863
-13539
-21694
-25174
-22923
-15258
-3804
8879
19903
26744
27847
23008
13430
1444
-10040
-18230
-21115
-17953
-9452
2389
14751
24660
29696
28562
21402
9768
-3740
-16081
-24488
-27110
-23450
-14470
-2370
9933
19489
23995
22337
14836
3174
-10002
-21698
-29260
-30980
-26482
-16796
-4110
8737
18907
24204
23562
17269
6882
-5141
-16010
-23227
-25144
-21317
-12579
-836
11371
21439
27272
27724
22829
13764
2566
-8328
-16611
-20598
-19566
-13876
-4870
5444
14830
21300
23513
21037
14409
4991
-5321
-14505
-20812
-23111
-21086
-15278
-6950
2178
10279
15767
17601
15467
9822
1797
-7032
-14943
-20394
-22308
-20275
-14624
-6366
2997
11743
18255
21326
20385
15618
7946
-1143
-9863
-16470
-19603
-18552
-13416
-5102
4831
14468
21899
25605
24765
19436
10561
-202
-10793
-19159
-23661
-23411
-18457
-9790
852
11321
19489
23676
22989
17506
8259
-2970
-14002
-22701
-27390
-27185
-22159
-13316
-2383
8538
17386
22537
23111
19117
11435
1619
-8414
-16757
-21866
-22839
-19557
-12675
-3479
6373
15156
21389
24077
22861
18059
10579
1745
-6935
-14023
-18380
-19340
-16806
-11247
-3621
4785
12557
18379
21238
20593
16466
9452
634
-8577
-16669
-22278
-24419
-22671
-17266
-9070
547
9934
17446
21735
21998
18136
10784
1216
-8878
-17691
-23626
-25585
-23172
-16768
-7458
3158
13264
21146
25502
25659
21680
14337
4956
-4831
-13373
-19282
-21658
-20214
-15302
-7819
962
9610
16770
21364
22742
20752
15744
8489
60
-8328
-15489
-20425
-22454
-21302
-17139
-10562
-2517
5819
13200
18490
20833
19793
15444
8376
-370
-9452
-17427
-22985
-25167
-23534
-18256
-10098
-306
9595
18051
23738
25781
23899
18445
10342
916
-8328
-15950
-20809
-22233
-20100
-14836
-7317
1280
9676
16676
21335
23071
21720
17531
11107
3316
-4831
-12303
-18167
-21692
-22436
-20294
-15522
-8715
-749
7315
14367
19391
21614
20635
16499
9718
1216
-7793
-15984
-22118
-25243
-24846
-20941
-14071
-5225
4317
13185
20136
24233
24981
22385
16923
9452
1064
-7079
-13917
-18615
-20664
-19908
-16541
-11055
-4160
3299
10441
16433
20571
22346
21500
18059
12350
4978
-3219
-11256
-18121
-22898
-24907
-23810
-19683
-13021
-4692
4186
12397
18810
22546
23111
20461
15010
7549
-873
-9116
-16108
-20992
-23227
-22631
-19380
-13947
-7025
575
8021
14540
19489
22393
22979
21192
17198
11380
4318
-3252
-10500
-16581
-20738
-22403
-21287
-17441
-11278
-3530
4831
12726
19119
23164
24330
22475
17858
11093
3053
-5263
-12871
-18928
-22826
-24245
-23158
-19803
-14624
-8203
-1193
5740
11965
16925
20162
21356
20348
17173
12078
5526
-1827
-9185
-15695
-20553
-23111
-22980
-20099
-14756
-7561
632
8844
16108
21593
24718
25209
23119
18786
12774
5772
-1491
-8328
-14156
-18525
-21131
-21815
-20554
-17456
-12759
-6829
-157
6661
12962
18074
21393
22467
21073
17269
11407
4108
-3815
-11459
-17953
-22575
-24845
-24580
-21894
-17166
-10967
-3970
3141
9741
15316
19489
22014
22770
21741
19008
14749
9242
2876
-3856
-10372
-16048
-20279
-22562
-22571
-20219
-15695
-9452
-2160
5382
12349
18005
21791
23390
22743
20034
15633
10027
3752
-2675
-8791
-14203
-18591
-21694
-23307
-23278
-21529
-18082
-13090
-6866
124
7279
13920
19371
23050
24552
23716
20646
15704
9452
2566
-4252
-10371
-15295
-18702
-20448
-20539
-19094
-16300
-12377
-7562
-2112
3683
9486
14901
19489
22805
24451
24142
21768
17438
11484
4439
-3027
-10196
-16398
-21097
-23949
-24833
-23833
-21195
-17269
-12441
-7082
-1521
3964
9127
13732
17535
20273
21685
21548
19726
16225
11226
5098
-1631
-8328
-14339
-19077
-22108
-23198
-22340
-19731
-15719
-10741
-5241
379
5798
10778
15145
18756
21466
23111
23512
22505
19986
15959
10586
4196
-2727
-9595
-15790
-20750
-24052
-25465
-24976
-22770
-19180
-14624
-9523
-4248
917
5776
10197
14077
17297
19700
21088
21249
20007
17276
13115
7755
1596
-4831
-10938
-16157
-20031
-22272
-22793
-21697
-19237
-15748
-11578
-7027
-2319
2403
7049
11537
15747
19489
22499
24467
25085
24121
21478
17245
11701
5294
-1425
-7882
-13568
-18106
-21295
-23105
-23647
-23111
-21701
-19579
-16838
-13498
-9548
-4992
89
5505
10937
15966
20131
23004
24269
23789
21632
18059
13479
8369
3188
-1692
-6031
-9732
-12810
-15333
-17361
-18889
-19825
-19992
-19174
-17181
-13920
-9452
-4016
1983
8031
13586
18168
21437
23239
23614
22759
20961
18517
15660
12521
9114
5374
1216
-3394
-8381
-13521
-18461
-22755
-25952
-27680
-27728
-26088
-22961
-18716
-13812
-8707
-3772
764
4831
8490
11867
15078
18157
21005
23396
25007
25498
24600
22191
18354
13373
7699
1865
-3613
-8328
-12050
-14744
-16547
-17693
-18431
-18934
-19241
-19243
-18710
-17367
-14982
-11457
-6883
-1553
4073
9452
14062
17506
19582
20313
19919
18745
17163
15467
13805
12147
10313
8037
5073
1287
-3267
-8328
-13456
-18116
-21785
-24065
-24768
-23951
-21896
-19028
-15815
-12647
-9751
-7146
-4666
-2023
1077
4831
9250
14115
19011
23395
26721
28561
28704
27204
24367
20675
16664
12802
9378
6445
3833
1216
-1772
-5409
-9781
-14721
-19828
-24540
-28256
-30482
-30944
-29657
-26921
-23245
-19226
-15398
-12111
-9452
-7239
-5094
-2565
728
4965
10045
15584
20986
25578
28767
30179
29755
27760
24720
21282
18059
15470
13644
12393
11282
9753
7294
3603
-1312
-7104
-13150
-18690
-23005
-25590
-26278
-25276
-23111
-20490
-18120
-16519
-15885
-16045
-16506
-16589
-15621
-13129
-8982
-3453
2828
9013
14239
17836
19489
19316
17833
15814
14091
13329
13846
15527
17844
19995
21112
20496
17815
13207
7266
912
-4831
-9088
-11343
-11577
-10263
-8243
-6510
-5936
-7044
-9852
-13860
-18163
-21681
-23433
-22803
-19704
-14624
-8515
-2563
2101
4690
4961
3277
517
-2150
-3571
-2915
95
5096
11155
16996
21313
23111
21957
18111
12473
6364
1202
-1858
-2218
0
3978
8403
11804
12923
11061
6263
-661
-8328
-15110
-19547
-20709
-18446
-13439
-7038
-933
3268
4451
2288
-2670
-9109
-15281
-19436
-20270
-17269
-10860
-2323
6503
13675
17624
17552
13646
7044
-438
-6748
-10116
-9502
-4874
2766
11612
19489
24393
24992
20975
13146
3247
-6453
-13713
-16874
-15271
-9419
-894
8039
14981
17991
16075
9452
-484
-11483
-20977
-26708
-27284
-22529
-13547
-2464
8071
15531
18124
15240
7608
-2863
-13539
-21694
-25174
-22923
-15258
-3804
8879
19903
26744
27847
23008
13430
1444
-10040
-18230
-21115
-17953
-9452
2389
14751
24660
29696
28562
21402
9768
-3740
-16081
-24488
-27110
-23450
-14470
-2370
9933
19489
23995
22337
14836
3174
-10002
-21698
-29260
-30980
-26482
-16796
-4110
8737
18907
24204
23562
17269
6882
-5141
-16010
-23227
-25144
-21317
-12579
-836
11371
21439
27272
27724
22829
13764
2566
-8328
-16611
-20598
-19566
-13876
-4870
5444
14830
21300
23513
21037
14409
4991
-5321
-14505
-20812
-23111
-21086
-15278
-6950
2178
10279
15767
17601
15467
9822
1797
-7032
-14943
-20394
-22308
-20275
-14624
-6366
2997
11743
18255
21326
20385
15618
7946
-1143
-9863
-16470
-19603
-18552
-13416
-5102
4831
14468
21899
25605
24765
19436
10561
-202
-10793
-19159
-23661
-23411
-18457
-9790
852
11321
19489
23676
22989
17506
8259
-2970
-14002
-22701
-27390
-27185
-22159
-13316
-2383
8538
17386
22537
23111
19117
11435
1619
-8414
-16757
-21866
-22839
-19557
-12675
-3479
6373
15156
21389
24077
22861
18059
10579
1745
-6935
-14023
-18380
-19340
-16806
-11247
-3621
4785
12557
18379
21238
20593
16466
9452
634
-8577
-16669
-22278
-24419
-22671
-17266
-9070
547
9934
17446
21735
21998
18136
10784
1216
-8878
-17691
-23626
-25585
-23172
-16768
-7458
3158
13264
21146
25502
25659
21680
14337
4956
-4831
-13373
-19282
-21658
-20214
-15302
-7819
962
9610
16770
21364
22742
20752
15744
8489
60
-8328
-15489
-20425
-22454
-21302
-17139
-10562
-2517
5819
13200
18490
20833
19793
15444
8376
-370
-9452
-17427
-22985
-25167
-23534
-18256
-10098
-306
9595
18051
23738
25781
23899
18445
10342
916
-8328
-15950
-20809
-22233
-20100
-14836
-7317
1280
9676
16676
21335
23071
21720
17531
11107
3316
-4831
-12303
-18167
-21692
-22436
-20294
-15522
-8715
-749
7315
14367
19391
21614
20635
16499
9718
1216
-7793
-15984
-22118
-25243
-24846
-20941
-14071
-5225
4317
13185
20136
24233
24981
22385
16923
9452
1064
-7079
-13917
-18615
-20664
-19908
-16541
-11055
-4160
3299
10441
16433
20571
22346
21500
18059
12350
4978
-3219
-11256
-18121
-22898
-24907
-23810
-19683
-13021
-4692
4186
12397
18810
22546
23111
20461
15010
7549
-873
-9116
-16108
-20992
-23227
-22631
-19380
-13947
-7025
575
8021
14540
19489
22393
22979
21192
17198
11380
4318
-3252
-10500
-16581
-20738
-22403
-21287
-17441
-11278
-3530
4831
12726
19119
23164
24330
22475
17858
11093
3053
-5263
-12871
-18928
-22826
-24245
-23158
-19803
-14624
-8203
-1193
5740
11965
16925
20162
21356
20348
17173
12078
5526
-1827
-9185
-15695
-20553
-23111
-22980
-20099
-14756
-7561
632
8844
16108
21593
24718
25209
23119
18786
12774
5772
-1491
-8328
-14156
-18525
-21131
-21815
-20554
-17456
-12759
-6829
-157
6661
12962
18074
21393
22467
21073
17269
11407
4108
-3815
-11459
-17953
-22575
-24845
-24580
-21894
-17166
-10967
-3970
3141
9741
15316
19489
22014
22770
21741
19008
14749
9242
2876
-3856
-10372
-16048
-20279
-22562
-22571
-20219
-15695
-9452
-2160
5382
12349
18005
21791
23390
22743
20034
15633
10027
3752
-2675
-8791
-14203
-18591
-21694
-23307
-23278
-21529
-18082
-13090
-6866
124
7279
13920
19371
23050
24552
23716
20646
15704
9452
2566
-4252
-10371
-15295
-18702
-20448
-20539
-19094
-16300
-12377
-7562
-2112
3683
9486
14901
19489
22805
24451
24142
21768
17438
11484
4439
-3027
-10196
-16398
-21097
-23949
-24833
-23833
-21195
-17269
-12441
-7082
-1521
3964
9127
13732
17535
20273
21685
21548
19726
16225
11226
5098
-1631
-8328
-14339
-19077
-22108
-23198
-22340
-19731
-15719
-10741
-5241
379
5798
10778
15145
18756
21466
23111
23512
22505
19986
15959
10586
4196
-2727
-9595
-15790
-20750
-24052
-25465
-24976
-22770
-19180
-14624
-9523
-4248
917
5776
10197
14077
17297
19700
21088
21249
20007
17276
13115
7755
1596
-4831
-10938
-16157
-20031
-22272
-22793
-21697
-19237
-15748
-11578
-7027
-2319
2403
7049
11537
15747
19489
22499
24467
25085
24121
21478
17245
11701
5294
-1425
-7882
-13568
-18106
-21295
-23105
-23647
-23111
-21701
-19579
-16838
-13498
-9548
-4992
89
5505
10937
15966
20131
23004
24269
23789
21632
18059
13479
8369
3188
-1692
-6031
-9732
-12810
-15333
-17361
-18889
-19825
-19992
-19174
-17181
-13920
-9452
-4016
1983
8031
13586
18168
21437
23239
23614
22759
20961
18517
15660
12521
9114
5374
1216
-3394
-8381
-13521
-18461
-22755
-25952
-27680
-27728
-26088
-22961
-18716
-13812
-8707
-3772
764
4831
8490
11867
15078
18157
21005
23396
25007
25498
24600
22191
18354
13373
7699
1865
-3613
-8328
-12050
-14744
-16547
-17693
-18431
-18934
-19241
-19243
-18710
-17367
-14982
-11457
-6883
-1553
4073
9452
14062
17506
19582
20313
19919
18745
17163
15467
13805
12147
10313
8037
5073
1287
-3267
-8328
-13456
-18116
-21785
-24065
-24768
-23951
-21896
-19028
-15815
-12647
-9751
-7146
-4666
-2023
1077
4831
9250
14115
19011
23395
26721
28561
28704
27204
24367
20675
16664
12802
9378
6445
3833
1216
-1772
-5409
-9781
-14721
-19828
-24540
-28256
-30482
-30944
-29657
-26921
-23245
-19226
-15398
-12111
-9452
-7239
-5094
-2565
728
4965
10045
15584
20986
25578
28767
30179
29755
27760
24720
21282
18059
15470
13644
12393
11282
9753
7294
3603
-1312
-7104
-13150
-18690
-23005
-25590
-26278
-25276
-23111
-20490
-18120
-16519
-15885
-16045
-16506
-16589
-15621
-13129
-8982
-3453
2828
9013
14239
17836
19489
19316
17833
15814
14091
13329
13846
15527
17844
19995
21112
20496
17815
13207
7266
912
-4831
-9088
-11343
-11577
-10263
-8243
-6510
-5936
-7044
-9852
-13860
-18163
-21681
-23433
-22803
-19704
-14624
-8515
-2563
2101
4690
4961
3277
517
-2150
-3571
-2915
95
5096
11155
16996
21313
23111
21957
18111
12473
6364
1202
-1858
-2218
0
3978
8403
11804
12923
11061
6263
-661
-8328
-15110
-19547
-20709
-18446
-13439
-7038
-933
3268
4451
2288
-2670
-9109
-15281
-19436
-20270
-17269
-10860
-2323
6503
13675
17624
17552
13646
7044
-438
-6748
-10116
-9502
-4874
2766
11612
19489
24393
24992
20975
13146
3247
-6453
-13713
-16874
-15271
-9419
-894
8039
14981
17991
16075
9452
-484
-11483
-20977
-26708
-27284
-22529
-13547
-2464
8071
15531
18124
15240
7608
-2863
-13539
-21694
-25174
-22923
-15258
-3804
8879
19903
26744
27847
23008
13430
1444
-10040
-18230
-21115
-17953
-9452
2389
14751
24660
29696
28562
21402
9768
-3740
-16081
-24488
-27110
-23450
-14470
-2370
9933
19489
23995
22337
14836
3174
-10002
-21698
-29260
-30980
-26482
-16796
-4110
8737
18907
24204
23562
17269
6882
-5141
-16010
-23227
-25144
-21317
-12579
-836
11371
21439
27272
27724
22829
13764
2566
-8328
-16611
-20598
-19566
-13876
-4870
5444
14830
21300
23513
21037
14409
4991
-5321
-14505
-20812
-23111
-21086
-15278
-6950
2178
10279
15767
17601
15467
9822
1797
-7032
-14943
-20394
-22308
-20275
-14624
-6366
2997
11743
18255
21326
20385
15618
7946
-1143
-9863
-16470
-19603
-18552
-13416
-5102
4831
14468
21899
25605
24765
19436
10561
-202
-10793
-19159
-23661
-23411
-18457
-9790
852
11321
19489
23676
22989
17506
8259
-2970
-14002
-22701
-27390
-27185
-22159
-13316
-2383
8538
17386
22537
23111
19117
11435
1619
-8414
-16757
-21866
-22839
-19557
-12675
-3479
6373
15156
21389
24077
22861
18059
10579
1745
-6935
-14023
-18380
-19340
-16806
-11247
-3621
4785
12557
18379
21238
20593
16466
9452
634
-8577
-16669
-22278
-24419
-22671
-17266
-9070
547
9934
17446
21735
21998
18136
10784
1216
-8878
-17691
-23626
-25585
-23172
-16768
-7458
3158
13264
21146
25502
25659
21680
14337
4956
-4831
-13373
-19282
-21658
-20214
-15302
-7819
962
9610
16770
21364
22742
20752
15744
8489
60
-8328
-15489
-20425
-22454
-21302
-17139
-10562
-2517
5819
13200
18490
20833
19793
15444
8376
-370
-9452
-17427
-22985
-25167
-23534
-18256
-10098
-306
9595
18051
23738
25781
23899
18445
10342
916
-8328
-15950
-20809
-22233
-20100
-14836
-7317
1280
9676
16676
21335
23071
21720
17531
11107
3316
-4831
-12303
-18167
-21692
-22436
-20294
-15522
-8715
-749
7315
14367
19391
21614
20635
16499
9718
1216
-7793
-15984
-22118
-25243
-24846
-20941
-14071
-5225
4317
13185
20136
24233
24981
22385
16923
9452
1064
-7079
-13917
-18615
-20664
-19908
-16541
-11055
-4160
3299
10441
16433
20571
22346
21500
18059
12350
4978
-3219
-11256
-18121
-22898
-24907
-23810
-19683
-13021
-4692
4186
12397
18810
22546
23111
20461
15010
7549
-873
-9116
-16108
-20992
-23227
-22631
-19380
-13947
-7025
575
8021
14540
19489
22393
22979
21192
17198
11380
4318
-3252
-10500
-16581
-20738
-22403
-21287
-17441
-11278
-3530
4831
12726
19119
23164
24330
22475
17858
11093
3053
-5263
-12871
-18928
-22826
-24245
-23158
-19803
-14624
-8203
-1193
5740
11965
16925
20162
21356
20348
17173
12078
5526
-1827
-9185
-15695
-20553
-23111
-22980
-20099
-14756
-7561
632
8844
16108
21593
24718
25209
23119
18786
12774
5772
-1491
-8328
-14156
-18525
-21131
-21815
-20554
-17456
-12759
-6829
-157
6661
12962
18074
21393
22467
21073
17269
11407
4108
-3815
-11459
-17953
-22575
-24845
-24580
-21894
-17166
-10967
-3970
3141
9741
15316
19489
22014
22770
21741
19008
14749
9242
2876
-3856
-10372
-16048
-20279
-22562
-22571
-20219
-15695
-9452
-2160
5382
12349
18005
21791
23390
22743
20034
15633
10027
3752
-2675
-8791
-14203
-18591
-21694
-23307
-23278
-21529
-18082
-13090
-6866
124
7279
13920
19371
23050
24552
23716
20646
15704
9452
2566
-4252
-10371
-15295
-18702
-20448
-20539
-19094
-16300
-12377
-7562
-2112
3683
9486
14901
19489
22805
24451
24142
21768
17438
11484
4439
-3027
-10196
-16398
-21097
-23949
-24833
-23833
-21195
-17269
-12441
-7082
-1521
3964
9127
13732
17535
20273
21685
21548
19726
16225
11226
5098
-1631
-8328
-14339
-19077
-22108
-23198
-22340
-19731
-15719
-10741
-5241
379
5798
10778
15145
18756
21466
23111
23512
22505
19986
15959
10586
4196
-2727
-9595
-15790
-20750
-24052
-25465
-24976
-22770
-19180
-14624
-9523
-4248
917
5776
10197
14077
17297
19700
21088
21249
20007
17276
13115
7755
1596
-4831
-10938
-16157
-20031
-22272
-22793
-21697
-19237
-15748
-11578
-7027
-2319
2403
7049
11537
15747
19489
22499
24467
25085
24121
21478
17245
11701
5294
-1425
-7882
-13568
-18106
-21295
-23105
-23647
-23111
-21701
-19579
-16838
-13498
-9548
-4992
89
5505
10937
15966
20131
23004
24269
23789
21632
18059
13479
8369
3188
-1692
-6031
-9732
-12810
-15333
-17361
-18889
-19825
-19992
-19174
-17181
-13920
-9452
-4016
1983
8031
13586
18168
21437
23239
23614
22759
20961
18517
15660
12521
9114
5374
1216
-3394
-8381
-13521
-18461
-22755
-25952
-27680
-27728
-26088
-22961
-18716
-13812
-8707
-3772
764
4831
8490
11867
15078
18157
21005
23396
25007
25498
24600
22191
18354
13373
7699
1865
-3613
-8328
-12050
-14744
-16547
-17693
-18431
-18934
-19241
-19243
-18710
-17367
-14982
-11457
-6883
-1553
4073
9452
14062
17506
19582
20313
19919
18745
17163
15467
13805
12147
10313
8037
5073
1287
-3267
-8328
-13456
-18116
-21785
-24065
-24768
-23951
-21896
-19028
-15815
-12647
-9751
-7146
-4666
-2023
1077
4831
9250
14115
19011
23395
26721
28561
28704
27204
24367
20675
16664
12802
9378
6445
3833
1216
-1772
-5409
-9781
-14721
-19828
-24540
-28256
-30482
-30944
-29657
-26921
-23245
-19226
-15398
-12111
-9452
-7239
-5094
-2565
728
4965
10045
15584
20986
25578
28767
30179
29755
27760
24720
21282
18059
15470
13644
12393
11282
9753
7294
3603
-1312
-7104
-13150
-18690
-23005
-25590
-26278
-25276
-23111
-20490
-18120
-16519
-15885
-16045
-16506
-16589
-15621
-13129
-8982
-3453
2828
9013
14239
17836
19489
19316
17833
15814
14091
13329
13846
15527
17844
19995
21112
20496
17815
13207
7266
912
-4831
-9088
-11343
-11577
-10263
-8243
-6510
-5936
-7044
-9852
-13860
-18163
-21681
-23433
-22803
-19704
-14624
-8515
-2563
2101
4690
4961
3277
517
-2150
-3571
-2915
95
5096
11155
16996
21313
23111
21957
18111
12473
6364
1202
-1858
-2218
0
3978
8403
11804
12923
11061
6263
-661
-8328
-15110
-19547
-20709
-18446
-13439
-7038
-933
3268
4451
2288
-2670
-9109
-15281
-19436
-20270
17269
10860
2323
-6503
-13675
-17624
-17552
-13646
-7044
438
6748
10116
9502
4874
-2766
-11612
-19489
-24393
-24992
-20975
-13146
-3247
6453
13713
16874
15271
9419
894
-8039
-14981
-17991
-16075
-9452
484
11483
20977
26708
27284
22529
13547
2464
-8071
-15531
-18124
-15240
-7608
2863
13539
21694
25174
22923
15258
3804
-8879
-19903
-26744
-27847
-23008
-13430
-1444
10040
18230
21115
17953
9452
-2389
-14751
-24660
-29696
-28562
-21402
-9768
3740
16081
24488
27110
23450
14470
2370
-9933
-19489
-23995
-22337
-14836
-3174
10002
21698
29260
30980
26482
16796
4110
-8737
-18907
-24204
-23562
-17269
-6882
5141
16010
23227
25144
21317
12579
836
-11371
-21439
-27272
-27724
-22829
-13764
-2566
8328
16611
20598
19566
13876
4870
-5444
-14830
-21300
-23513
-21037
-14409
-4991
5321
14505
20812
23111
21086
15278
6950
-2178
-10279
-15767
-17601
-15467
-9822
-1797
7032
14943
20394
22308
20275
14624
6366
-2997
-11743
-18255
-21326
-20385
-15618
-7946
1143
9863
16470
19603
18552
13416
5102
-4831
-14468
-21899
-25605
-24765
-19436
-10561
202
10793
19159
23661
23411
18457
9790
-852
-11321
-19489
-23676
-22989
-17506
-8259
2970
14002
22701
27390
27185
22159
13316
2383
-8538
-17386
-22537
-23111
-19117
-11435
-1619
8414
16757
21866
22839
19557
12675
3479
-6373
-15156
-21389
-24077
-22861
-18059
-10579
-1745
6935
14023
18380
19340
16806
11247
3621
-4785
-12557
-18379
-21238
-20593
-16466
-9452
-634
8577
16669
22278
24419
22671
17266
9070
-547
-9934
-17446
-21735
-21998
-18136
-10784
-1216
8878
17691
23626
25585
23172
16768
7458
-3158
-13264
-21146
-25502
-25659
-21680
-14337
-4956
4831
13373
19282
21658
20214
15302
7819
-962
-9610
-16770
-21364
-22742
-20752
-15744
-8489
-60
8328
15489
20425
22454
21302
17139
10562
2517
-5819
-13200
-18490
-20833
-19793
-15444
-8376
370
9452
17427
22985
25167
23534
18256
10098
306
-9595
-18051
-23738
-25781
-23899
-18445
-10342
-916
8328
15950
20809
22233
20100
14836
7317
-1280
-9676
-16676
-21335
-23071
-21720
-17531
-11107
-3316
4831
12303
18167
21692
22436
20294
15522
8715
749
-7315
-14367
-19391
-21614
-20635
-16499
-9718
-1216
7793
15984
22118
25243
24846
20941
14071
5225
-4317
-13185
-20136
-24233
-24981
-22385
-16923
-9452
-1064
7079
13917
18615
20664
19908
16541
11055
4160
-3299
-10441
-16433
-20571
-22346
-21500
-18059
-12350
-4978
3219
11256
18121
22898
24907
23810
19683
13021
4692
-4186
-12397
-18810
-22546
-23111
-20461
-15010
-7549
873
9116
16108
20992
23227
22631
19380
13947
7025
-575
-8021
-14540
-19489
-22393
-22979
-21192
-17198
-11380
-4318
3252
10500
16581
20738
22403
21287
17441
11278
3530
-4831
-12726
-19119
-23164
-24330
-22475
-17858
-11093
-3053
5263
12871
18928
22826
24245
23158
19803
14624
8203
1193
-5740
-11965
-16925
-20162
-21356
-20348
-17173
-12078
-5526
1827
9185
15695
20553
23111
22980
20099
14756
7561
-632
-8844
-16108
-21593
-24718
-25209
-23119
-18786
-12774
-5772
1491
8328
14156
18525
21131
21815
20554
17456
12759
6829
157
-6661
-12962
-18074
-21393
-22467
-21073
-17269
-11407
-4108
3815
11459
17953
22575
24845
24580
21894
17166
10967
3970
-3141
-9741
-15316
-19489
-22014
-22770
-21741
-19008
-14749
-9242
-2876
3856
10372
16048
20279
22562
22571
20219
15695
9452
2160
-5382
-12349
-18005
-21791
-23390
-22743
-20034
-15633
-10027
-3752
2675
8791
14203
18591
21694
23307
23278
21529
18082
13090
6866
-124
-7279
-13920
-19371
-23050
-24552
-23716
-20646
-15704
-9452
-2566
4252
10371
15295
18702
20448
20539
19094
16300
12377
7562
2112
-3683
-9486
-14901
-19489
-22805
-24451
-24142
-21768
-17438
-11484
-4439
3027
10196
16398
21097
23949
24833
23833
21195
17269
12441
7082
1521
-3964
-9127
-13732
-17535
-20273
-21685
-21548
-19726
-16225
-11226
-5098
1631
8328
14339
19077
22108
23198
22340
19731
15719
10741
5241
-379
-5798
-10778
-15145
-18756
-21466
-23111
-23512
-22505
-19986
-15959
-10586
-4196
2727
9595
15790
20750
24052
25465
24976
22770
19180
14624
9523
4248
-917
-5776
-10197
-14077
-17297
-19700
-21088
-21249
-20007
-17276
-13115
-7755
-1596
4831
10938
16157
20031
22272
22793
21697
19237
15748
11578
7027
2319
-2403
-7049
-11537
-15747
-19489
-22499
-24467
-25085
-24121
-21478
-17245
-11701
-5294
1425
7882
13568
18106
21295
23105
23647
23111
21701
19579
16838
13498
9548
4992
-89
-5505
-10937
-15966
-20131
-23004
-24269
-23789
-21632
-18059
-13479
-8369
-3188
1692
6031
9732
12810
15333
17361
18889
19825
19992
19174
17181
13920
9452
4016
-1983
-8031
-13586
-18168
-21437
-23239
-23614
-22759
-20961
-18517
-15660
-12521
-9114
-5374
-1216
3394
8381
13521
18461
22755
25952
27680
27728
26088
22961
18716
13812
8707
3772
-764
-4831
-8490
-11867
-15078
-18157
-21005
-23396
-25007
-25498
-24600
-22191
-18354
-13373
-7699
-1865
3613
8328
12050
14744
16547
17693
18431
18934
19241
19243
18710
17367
14982
11457
6883
1553
-4073
-9452
-14062
-17506
-19582
-20313
-19919
-18745
-17163
-15467
-13805
-12147
-10313
-8037
-5073
-1287
3267
8328
13456
18116
21785
24065
24768
23951
21896
19028
15815
12647
9751
7146
4666
2023
-1077
-4831
-9250
-14115
-19011
-23395
-26721
-28561
-28704
-27204
-24367
-20675
-16664
-12802
-9378
-6445
-3833
-1216
1772
5409
9781
14721
19828
24540
28256
30482
30944
29657
26921
23245
19226
15398
12111
9452
7239
5094
2565
-728
-4965
-10045
-15584
-20986
-25578
-28767
-30179
-29755
-27760
-24720
-21282
-18059
-15470
-13644
-12393
-11282
-9753
-7294
-3603
1312
7104
13150
18690
23005
25590
26278
25276
23111
20490
18120
16519
15885
16045
16506
16589
15621
13129
8982
3453
-2828
-9013
-14239
-17836
-19489
-19316
-17833
-15814
-14091
-13329
-13846
-15527
-17844
-19995
-21112
-20496
-17815
-13207
-7266
-912
4831
9088
11343
11577
10263
8243
6510
5936
7044
9852
13860
18163
21681
23433
22803
19704
14624
8515
2563
-2101
-4690
-4961
-3277
-517
2150
3571
2915
-95
-5096
-11155
-16996
-21313
-23111
-21957
-18111
-12473
-6364
-1202
1858
2218
0
-3978
-8403
-11804
-12923
-11061
-6263
661
8328
15110
19547
20709
18446
13439
7038
933
-3268
-4451
-2288
2670
9109
15281
19436
20270
-17269
-10860
-2323
6503
13675
17624
17552
13646
7044
-438
-6748
-10116
-9502
-4874
2766
11612
19489
24393
24992
20975
13146
3247
-6453
-13713
-16874
-15271
-9419
-894
8039
14981
17991
16075
9452
-484
-11483
-20977
-26708
-27284
-22529
-13547
-2464
8071
15531
18124
15240
7608
-2863
-13539
-21694
-25174
-22923
-15258
-3804
8879
19903
26744
27847
23008
13430
1444
-10040
-18230
-21115
-17953
-9452
2389
14751
24660
29696
28562
21402
9768
-3740
-16081
-24488
-27110
-23450
-14470
-2370
9933
19489
23995
22337
14836
3174
-10002
-21698
-29260
-30980
-26482
-16796
-4110
8737
18907
24204
23562
17269
6882
-5141
-16010
-23227
-25144
-21317
-12579
-836
11371
21439
27272
27724
22829
13764
2566
-8328
-16611
-20598
-19566
-13876
-4870
5444
14830
21300
23513
21037
14409
4991
-5321
-14505
-20812
-23111
-21086
-15278
-6950
2178
10279
15767
17601
15467
9822
1797
-7032
-14943
-20394
-22308
-20275
-14624
-6366
2997
11743
18255
21326
20385
15618
7946
-1143
-9863
-16470
-19603
-18552
-13416
-5102
4831
14468
21899
25605
24765
19436
10561
-202
-10793
-19159
-23661
-23411
-18457
-9790
852
11321
19489
23676
22989
17506
8259
-2970
-14002
-22701
-27390
-27185
-22159
-13316
-2383
8538
17386
22537
23111
19117
11435
1619
-8414
-16757
-21866
-22839
-19557
-12675
-3479
6373
15156
21389
24077
22861
18059
10579
1745
-6935
-14023
-18380
-19340
-16806
-11247
-3621
4785
12557
18379
21238
20593
16466
9452
634
-8577
-16669
-22278
-24419
-22671
-17266
-9070
547
9934
17446
21735
21998
18136
10784
1216
-8878
-17691
-23626
-25585
-23172
-16768
-7458
3158
13264
21146
25502
25659
21680
14337
4956
-4831
-13373
-19282
-21658
-20214
-15302
-7819
962
9610
16770
21364
22742
20752
15744
8489
60
-8328
-15489
-20425
-22454
-21302
-17139
-10562
-2517
5819
13200
18490
20833
19793
15444
8376
-370
-9452
-17427
-22985
-25167
-23534
-18256
-10098
-306
9595
18051
23738
25781
23899
18445
10342
916
-8328
-15950
-20809
-22233
-20100
-14836
-7317
1280
9676
16676
21335
23071
21720
17531
11107
3316
-4831
-12303
-18167
-21692
-22436
-20294
-15522
-8715
-749
7315
14367
19391
21614
20635
16499
9718
1216
-7793
-15984
-22118
-25243
-24846
-20941
-14071
-5225
4317
13185
20136
24233
24981
22385
16923
9452
1064
-7079
-13917
-18615
-20664
-19908
-16541
-11055
-4160
3299
10441
16433
20571
22346
21500
18059
12350
4978
-3219
-11256
-18121
-22898
-24907
-23810
-19683
-13021
-4692
4186
12397
18810
22546
23111
20461
15010
7549
-873
-9116
-16108
-20992
-23227
-22631
-19380
-13947
-7025
575
8021
14540
19489
22393
22979
21192
17198
11380
4318
-3252
-10500
-16581
-20738
-22403
-21287
-17441
-11278
-3530
4831
12726
19119
23164
24330
22475
17858
11093
3053
-5263
-12871
-18928
-22826
-24245
-23158
-19803
-14624
-8203
-1193
5740
11965
16925
20162
21356
20348
17173
12078
5526
-1827
-9185
-15695
-20553
-23111
-22980
-20099
-14756
-7561
632
8844
16108
21593
24718
25209
23119
18786
12774
5772
-1491
-8328
-14156
-18525
-21131
-21815
-20554
-17456
-12759
-6829
-157
6661
12962
18074
21393
22467
21073
17269
11407
4108
-3815
-11459
-17953
-22575
-24845
-24580
-21894
-17166
-10967
-3970
3141
9741
15316
19489
22014
22770
21741
19008
14749
9242
2876
-3856
-10372
-16048
-20279
-22562
-22571
-20219
-15695
-9452
-2160
5382
12349
18005
21791
23390
22743
20034
15633
10027
3752
-2675
-8791
-14203
-18591
-21694
-23307
-23278
-21529
-18082
-13090
-6866
124
7279
13920
19371
23050
24552
23716
20646
15704
9452
2566
-4252
-10371
-15295
-18702
-20448
-20539
-19094
-16300
-12377
-7562
-2112
3683
9486
14901
19489
22805
24451
24142
21768
17438
11484
4439
-3027
-10196
-16398
-21097
-23949
-24833
-23833
-21195
-17269
-12441
-7082
-1521
3964
9127
13732
17535
20273
21685
21548
19726
16225
11226
5098
-1631
-8328
-14339
-19077
-22108
-23198
-22340
-19731
-15719
-10741
-5241
379
5798
10778
15145
18756
21466
23111
23512
22505
19986
15959
10586
4196
-2727
-9595
-15790
-20750
-24052
-25465
-24976
-22770
-19180
-14624
-9523
-4248
917
5776
10197
14077
17297
19700
21088
21249
20007
17276
13115
7755
1596
-4831
-10938
-16157
-20031
-22272
-22793
-21697
-19237
-15748
-11578
-7027
-2319
2403
7049
11537
15747
19489
22499
24467
25085
24121
21478
17245
11701
5294
-1425
-7882
-13568
-18106
-21295
-23105
-23647
-23111
-21701
-19579
-16838
-13498
-9548
-4992
89
5505
10937
15966
20131
23004
24269
23789
21632
18059
13479
8369
3188
-1692
-6031
-9732
-12810
-15333
-17361
-18889
-19825
-19992
-19174
-17181
-13920
-9452
-4016
1983
8031
13586
18168
21437
23239
23614
22759
20961
18517
15660
12521
9114
5374
1216
-3394
-8381
-13521
-18461
-22755
-25952
-27680
-27728
-26088
-22961
-18716
-13812
-8707
-3772
764
4831
8490
11867
15078
18157
21005
23396
25007
25498
24600
22191
18354
13373
7699
1865
-3613
-8328
-12050
-14744
-16547
-17693
-18431
-18934
-19241
-19243
-18710
-17367
-14982
-11457
-6883
-1553
4073
9452
14062
17506
19582
20313
19919
18745
17163
15467
13805
12147
10313
8037
5073
1287
-3267
-8328
-13456
-18116
-21785
-24065
-24768
-23951
-21896
-19028
-15815
-12647
-9751
-7146
-4666
-2023
1077
4831
9250
14115
19011
23395
26721
28561
28704
27204
24367
20675
16664
12802
9378
6445
3833
1216
-1772
-5409
-9781
-14721
-19828
-24540
-28256
-30482
-30944
-29657
-26921
-23245
-19226
-15398
-12111
-9452
-7239
-5094
-2565
728
4965
10045
15584
20986
25578
28767
30179
29755
27760
24720
21282
18059
15470
13644
12393
11282
9753
7294
3603
-1312
-7104
-13150
-18690
-23005
-25590
-26278
-25276
-23111
-20490
-18120
-16519
-15885
-16045
-16506
-16589
-15621
-13129
-8982
-3453
2828
9013
14239
17836
19489
19316
17833
15814
14091
13329
13846
15527
17844
19995
21112
20496
17815
13207
7266
912
-4831
-9088
-11343
-11577
-10263
-8243
-6510
-5936
-7044
-9852
-13860
-18163
-21681
-23433
-22803
-19704
-14624
-8515
-2563
2101
4690
4961
3277
517
-2150
-3571
-2915
95
5096
11155
16996
21313
23111
21957
18111
12473
6364
1202
-1858
-2218
0
3978
8403
11804
12923
11061
6263
-661
-8328
-15110
-19547
-20709
-18446
-13439
-7038
-933
3268
4451
2288
-2670
-9109
-15281
-19436
-20270
0
0
0
0
0
0
0
0
0
0
0
0
0
0
0
0
0
0
0
0
0
0
0
0
0
0
0
0
0
0
0
0
0
0
0
0
0
0
0
0
0
0
0
0
0
0
0
0
0
0
0
0
0
0
0
0
0
0
0
0
0
0
0
0
0
0
0
0
0
0
0
0
0
0
0
0
0
0
0
0
0
0
0
0
0
0
0
0
0
0
0
0
0
0
0
0
0
0
0
0
0
0
0
0
0
0
0
0
0
0
0
0
0
0
0
0
0
0
0
0
0
0
0
0
0
0
0
0
0
0
0
0
0
0
0
0
0
0
0
0
0
0
0
0
0
0
0
0
0
0
0
0
0
0
0
0
0
0
0
0
0
0
0
0
0
0
0
0
0
0
0
0
0
0
0
0
0
0
0
0
0
0
0
0
0
0
0
0
0
0
0
0
0
0
0
0
0
0
0
0
0
0
0
0
0
0
0
0
0
0
0
0
0
0
0
0
0
0
0
0
0
0
0
0
0
0
0
0
0
0
0
0
0
0
0
0
0
0
0
0
0
0
0
0
0
0
0
0
0
0
0
0
0
0
0
0
0
0
0
0
0
0
0
0
0
0
0
0
0
0
0
0
0
0
0
0
0
0
0
0
0
0
0
0
0
0
0
0
0
0
0
0
0
0
0
0
0
0
0
0
0
0
0
0
0
0
0
0
0
0
0
0
0
0
0
0
0
0
0
0
0
0
0
0
0
0
0
0
0
0
0
0
0
0
0
0
0
0
0
0
0
0
0
0
0
0
0
0
0
0
0
0
0
0
0
0
0
0
0
0
0
0
0
0
0
0
0
0
0
0
0
0
0
0
0
0
0
0
0
0
0
0
0
0
0
0
0
0
0
0
0
0
0
0
0
0
0
0
0
0
0
0
0
0
0
0
0
0
0
0
0
0
0
0
0
0
0
0
0
0
0
0
0
0
0
0
0
0
0
0
0
0
0
0
0
0
0
0
0
0
0
0
0
0
0
0
0
0
0
0
0
0
0
0
0
0
0
0
0
0
0
0
0
0
0
0
0
0
0
0
0
0
0
0
0
0
0
0
0
0
0
0
0
0
0
0
0
0
0
0
0
0
0
0
0
0
0
0
0
0
0
0
0
0
0
0
0
0
0
0
0
0
0
0
0
0
0
0
0
0
0
0
0
0
0
0
0
0
0
0
0
0
0
0
0
0
0
0
0
0
0
0
0
0
0
0
0
0
0
0
0
0
0
0
0
0
0
0
0
0
0
0
0
0
0
0
0
0
0
0
0
0
0
0
0
0
0
0
0
0
0
0
0
0
0
0
0
0
0
0
0
0
0
0
0
0
0
0
0
0
0
0
0
0
0
0
0
0
0
0
0
0
0
0
0
0
0
0
0
0
0
0
0
0
0
0
0
0
0
0
0
0
0
0
0
0
0
0
0
0
0
0
0
0
0
0
0
0
0
0
0
0
0
0
0
0
0
0
0
0
0
0
0
0
0
0
0
0
0
0
0
0
0
0
0
0
0
0
0
0
0
0
0
0
0
0
0
0
0
0
0
0
0
0
0
0
0
0
0
0
0
0
0
0
0
0
0
0
0
0
0
0
0
0
0
0
0
0
0
0
0
0
0
0
0
0
0
0
0
0
0
0
0
0
0
0
0
0
0
0
0
0
0
0
0
0
0
0
0
0
0
0
0
0
0
0
0
0
0
0
0
0
0
0
0
0
0
0
0
0
0
0
0
0
0
0
0
0
0
0
0
0
0
0
0
0
0
0
0
0
0
0
0
0
0
0
0
0
0
0
0
0
0
0
0
0
0
0
0
0
0
0
0
0
0
0
0
0
0
0
0
0
0
0
0
0
0
0
0
0
0
0
0
0
0
0
0
0
0
0
0
0
0
0
0
0
0
0
0
0
0
0
0
0
0
0
0
0
0
0
0
0
0
0
0
0
0
0
0
0
0
0
0
0
0
0
0
0
0
0
0
0
0
0
0
0
0
0
0
0
0
0
0
0
0
0
0
0
0
0
0
0
0
0
0
0
0
0
0
0
0
0
0
0
0
0
0
0
0
0
0
0
0
0
0
0
0
0
0
0
0
0
0
0
0
0
0
0
0
0
0
0
0
0
0
0
0
0
0
0
0
0
0
0
0
0
0
0
0
0
0
9811
18686
25777
30421
32197
30967
26890
20402
12167
3005
-6189
-14539
-21277
-25815
-27799
-27140
-24014
-18831
-12190
-4805
2569
9224
14558
18143
19758
19397
17264
13730
9286
4483
-142
-4119
-7098
-8881
-9437
-8886
-7482
-5559
-3494
-1635
-273
414
373
-314
-1452
-2757
-3903
-4567
-4489
-3507
-1592
1141
4439
7932
11177
13716
15125
15081
13411
10114
5385
-394
-6695
-12886
-18302
-22315
-24410
-24245
-21699
-16895
-10200
-2192
6387
14712
21946
27339
30301
30475
27768
22379
14775
5657
-4121
-13622
-21930
-28237
-31932
-32653
-30334
-25205
-17774
-8765
944
10421
18767
25210
29176
30346
28685
24433
18079
10302
1898
-6303
-13530
-19134
-22664
-23893
-22841
-19753
-15068
-9360
-3270
2567
7591
11371
13647
14342
13566
11584
8772
5567
2410
-316
-2330
-3477
-3744
-3257
-2249
-1025
89
797
876
214
-1168
-3119
-5372
-7579
-9353
-10329
-10213
-8827
-6151
-2327
2334
7391
12302
16499
19440
20685
19951
17150
12419
6111
-1225
-8905
-16166
-22252
-26491
-28376
-27616
-24186
-18325
-10534
-1514
7884
16755
24226
29547
32171
31810
28467
22441
14295
4806
-5118
-14531
-22533
-28374
-31518
-31699
-28944
-23569
-16137
-7403
1767
10491
17951
23481
26626
27182
25210
21018
15121
8178
920
-5929
-11734
-16001
-18428
-18923
-17606
-14774
-10867
-6400
-1906
2132
5331
7445
8388
8231
7180
5542
3672
1924
599
-96
-78
604
1781
3184
4487
5361
5511
4742
2981
301
-3077
-6808
-10452
-13531
-15585
-16237
-15240
-12522
-8207
-2614
3768
10327
16382
21264
24389
25322
23841
19962
13954
6317
-2258
-10960
-18933
-25367
-29586
-31115
-29739
-25528
-18837
-10273
-637
9155
18164
25519
30510
32658
31762
27919
21517
13191
3755
-5875
-14780
-22129
-27255
-29728
-29385
-26347
-20992
-13917
-5863
2355
9948
16215
20628
22865
22845
20717
16836
11711
5951
179
-5022
-9183
-11981
-13275
-13107
-11680
-9324
-6448
-3481
-812
1248
2512
2929
2589
1694
529
-579
-1325
-1465
-854
522
2544
4967
7448
9599
11024
11390
10469
8176
4600
0
-5212
-10509
-15309
-19030
-21172
-21367
-19441
-15436
-9623
-2483
5333
13074
19951
25236
28329
28835
26603
21761
14701
6053
-3382
-12704
-21007
-27468
-31439
-32506
-30540
-25711
-18469
-9506
321
10069
18810
25717
30154
31732
30347
26188
19709
11584
2629
-6278
-14289
-20677
-24893
-26627
-25825
-22687
-17639
-11272
-4282
2615
8752
13586
16740
18045
17533
15427
12108
8050
3770
-242
-3578
-5952
-7227
-7423
-6704
-5340
-3667
-2036
-759
-66
-71
-758
-1983
-3497
-4978
-6085
-6503
-5997
-4448
-1887
1506
5414
9407
12997
15694
17066
16802
14753
10965
5687
-643
-7440
-14025
-19699
-23816
-25857
-25501
-22652
-17475
-10381
-1995
6903
15454
22807
28206
31074
31072
28141
22513
14691
5403
-4472
-13991
-22239
-28421
-31948
-32490
-30012
-24773
-17302
-8339
1238
10509
18597
24762
28467
29432
27652
23393
17155
9615
1552
-6236
-13019
-18196
-21364
-22345
-21188
-18161
-13706
-8379
-2791
2471
6905
10139
11969
12369
11486
9596
7075
4335
1772
-287
-1627
-2159
-1934
-1125
0
1125
1934
2159
1627
287
-1772
-4335
-7075
-9596
-11486
-12369
-11969
-10139
-6905
-2471
2791
8379
13706
18161
21188
22345
21364
18196
13019
6236
-1552
-9615
-17155
-23393
-27652
-29432
-28467
-24762
-18597
-10509
-1238
8339
17302
24773
30012
32490
31948
28421
22239
13991
4472
-5403
-14691
-22513
-28141
-31072
-31074
-28206
-22807
-15454
-6903
1995
10381
17475
22652
25501
25857
23816
19699
14025
7440
643
-5687
-10965
-14753
-16802
-17066
-15694
-12997
-9407
-5414
-1506
1887
4448
5997
6503
6085
4978
3497
1983
758
71
66
759
2036
3667
5340
6704
7423
7227
5952
3578
242
-3770
-8050
-12108
-15427
-17533
-18045
-16740
-13586
-8752
-2615
4282
11272
17639
22687
25825
26627
24893
20677
14289
6278
-2629
-11584
-19709
-26188
-30347
-31732
-30154
-25717
-18810
-10069
-321
9506
18469
25711
30540
32506
31439
27468
21007
12704
3382
-6053
-14701
-21761
-26603
-28835
-28329
-25236
-19951
-13074
-5333
2483
9623
15436
19441
21367
21172
19030
15309
10509
5212
0
-4600
-8176
-10469
-11390
-11024
-9599
-7448
-4967
-2544
-522
854
1465
1325
579
-529
-1694
-2589
-2929
-2512
-1248
812
3481
6448
9324
11680
13107
13275
11981
9183
5022
-179
-5951
-11711
-16836
-20717
-22845
-22865
-20628
-16215
-9948
-2355
5863
13917
20992
26347
29385
29728
27255
22129
14780
5875
-3755
-13191
-21517
-27919
-31762
-32658
-30510
-25519
-18164
-9155
637
10273
18837
25528
29739
31115
29586
25367
18933
10960
2258
-6317
-13954
-19962
-23841
-25322
-24389
-21264
-16383
-10327
-3768
2614
8207
12522
15240
16237
15585
13531
10452
6808
3077
-301
-2981
-4742
-5511
-5361
-4487
-3184
-1781
-604
78
96
-599
-1924
-3672
-5542
-7180
-8231
-8388
-7445
-5331
-2132
1906
6400
10867
14774
17606
18923
18428
16001
11734
5929
-920
-8178
-15121
-21018
-25210
-27182
-26626
-23481
-17951
-10491
-1767
7403
16137
23569
28944
31699
31518
28374
22533
14531
5118
-4806
-14295
-22441
-28467
-31810
-32171
-29547
-24226
-16755
-7884
1514
10534
18325
24186
27616
28376
26491
22252
16166
8905
1225
-6111
-12419
-17150
-19951
-20685
-19440
-16499
-12302
-7391
-2334
2327
6151
8827
10213
10329
9353
7579
5372
3119
1168
-214
-876
-797
-89
1025
2249
3257
3744
3477
2330
316
-2410
-5567
-8772
-11583
-13566
-14342
-13647
-11371
-7591
-2567
3270
9360
15068
19753
22841
23893
22664
19134
13530
6303
-1898
-10302
-18079
-24433
-28685
-30346
-29176
-25210
-18767
-10421
-944
8765
17774
25205
30334
32653
31932
28237
21930
13622
4121
-5657
-14775
-22379
-27768
-30475
-30301
-27339
-21946
-14712
-6387
2192
10200
16895
21699
24245
24410
22315
18302
12886
6695
394
-5385
-10114
-13411
-15081
-15125
-13716
-11177
-7932
-4439
-1141
1592
3507
4489
4567
3903
2757
1452
314
-373
-414
273
1635
3494
5559
7482
8886
9437
8881
7098
4119
142
-4483
-9286
-13730
-17264
-19397
-19758
-18143
-14558
-9224
-2569
4805
12190
18831
24014
27140
27799
25815
21277
14539
6189
-3005
-12167
-20402
-26890
-30967
-32197
-30421
-25777
-18686
-9811
0
9811
18686
25777
30421
32197
30967
26890
20402
12167
3005
-6189
-14539
-21277
-25815
-27799
-27140
-24014
-18831
-12190
-4805
2569
9224
14558
18143
19758
19397
17264
13730
9286
4483
-142
-4119
-7098
-8881
-9437
-8886
-7482
-5559
-3494
-1635
-273
414
373
-314
-1452
-2757
-3903
-4567
-4489
-3507
-1592
1141
4439
7932
11177
13716
15125
15081
13411
10114
5385
-394
-6695
-12886
-18302
-22315
-24410
-24245
-21699
-16895
-10200
-2192
6387
14712
21946
27339
30301
30475
27768
22379
14775
5657
-4121
-13622
-21930
-28237
-31932
-32653
-30334
-25205
-17774
-8765
944
10421
18767
25210
29176
30346
28685
24433
18079
10302
1898
-6303
-13530
-19134
-22664
-23893
-22841
-19753
-15068
-9360
-3270
2567
7591
11371
13647
14342
13566
11584
8772
5567
2410
-316
-2330
-3477
-3744
-3257
-2249
-1025
89
797
876
214
-1168
-3119
-5372
-7579
-9353
-10329
-10213
-8827
-6151
-2327
2334
7391
12302
16499
19440
20685
19951
17150
12419
6111
-1225
-8905
-16166
-22252
-26491
-28376
-27616
-24186
-18325
-10534
-1514
7884
16755
24226
29547
32171
31810
28467
22441
14295
4806
-5118
-14531
-22533
-28374
-31518
-31699
-28944
-23569
-16137
-7403
1767
10491
17951
23481
26626
27182
25210
21018
15121
8178
920
-5929
-11734
-16001
-18428
-18923
-17606
-14774
-10867
-6400
-1906
2132
5331
7445
8388
8231
7180
5542
3672
1924
599
-96
-78
604
1781
3184
4487
5361
5511
4742
2981
301
-3077
-6808
-10452
-13531
-15585
-16237
-15240
-12522
-8207
-2614
3768
10327
16382
21264
24389
25322
23841
19962
13954
6317
-2258
-10960
-18933
-25367
-29586
-31115
-29739
-25528
-18837
-10273
-637
9155
18164
25519
30510
32658
31762
27919
21517
13191
3755
-5875
-14780
-22129
-27255
-29728
-29385
-26347
-20992
-13917
-5863
2355
9948
16215
20628
22865
22845
20717
16836
11711
5951
179
-5022
-9183
-11981
-13275
-13107
-11680
-9324
-6448
-3481
-812
1248
2512
2929
2589
1694
529
-579
-1325
-1465
-854
522
2544
4967
7448
9599
11024
11390
10469
8176
4600
0
-5212
-10509
-15309
-19030
-21172
-21367
-19441
-15436
-9623
-2483
5333
13074
19951
25236
28329
28835
26603
21761
14701
6053
-3382
-12704
-21007
-27468
-31439
-32506
-30540
-25711
-18469
-9506
321
10069
18810
25717
30154
31732
30347
26188
19709
11584
2629
-6278
-14289
-20677
-24893
-26627
-25825
-22687
-17639
-11272
-4282
2615
8752
13586
16740
18045
17533
15427
12108
8050
3770
-242
-3578
-5952
-7227
-7423
-6704
-5340
-3667
-2036
-759
-66
-71
-758
-1983
-3497
-4978
-6085
-6503
-5997
-4448
-1887
1506
5414
9407
12997
15694
17066
16802
14753
10965
5687
-643
-7440
-14025
-19699
-23816
-25857
-25501
-22652
-17475
-10381
-1995
6903
15454
22807
28206
31074
31072
28141
22513
14691
5403
-4472
-13991
-22239
-28421
-31948
-32490
-30012
-24773
-17302
-8339
1238
10509
18597
24762
28467
29432
27652
23393
17155
9615
1552
-6236
-13019
-18196
-21364
-22345
-21188
-18161
-13706
-8379
-2791
2471
6905
10139
11969
12369
11486
9596
7075
4335
1772
-287
-1627
-2159
-1934
-1125
0
1125
1934
2159
1627
287
-1772
-4335
-7075
-9596
-11486
-12369
-11969
-10139
-6905
-2471
2791
8379
13706
18161
21188
22345
21364
18196
13019
6236
-1552
-9615
-17155
-23393
-27652
-29432
-28467
-24762
-18597
-10509
-1238
8339
17302
24773
30012
32490
31948
28421
22239
13991
4472
-5403
-14691
-22513
-28141
-31072
-31074
-28206
-22807
-15454
-6903
1995
10381
17475
22652
25501
25857
23816
19699
14025
7440
643
-5687
-10965
-14753
-16802
-17066
-15694
-12997
-9407
-5414
-1506
1887
4448
5997
6503
6085
4978
3497
1983
758
71
66
759
2036
3667
5340
6704
7423
7227
5952
3578
242
-3770
-8050
-12108
-15427
-17533
-18045
-16740
-13586
-8752
-2615
4282
11272
17639
22687
25825
26627
24893
20677
14289
6278
-2629
-11583
-19709
-26188
-30347
-31732
-30154
-25717
-18810
-10069
-321
9506
18469
25711
30540
32506
31439
27468
21007
12704
3382
-6053
-14701
-21761
-26603
-28835
-28329
-25236
-19951
-13074
-5333
2483
9623
15436
19441
21367
21172
19030
15309
10509
5212
0
-4600
-8176
-10469
-11390
-11024
-9599
-7448
-4967
-2544
-522
854
1465
1325
579
-529
-1694
-2589
-2929
-2512
-1248
812
3481
6448
9324
11680
13107
13275
11981
9183
5022
-179
-5951
-11711
-16836
-20717
-22845
-22865
-20628
-16215
-9948
-2355
5863
13917
20992
26347
29385
29728
27255
22129
14780
5875
-3755
-13191
-21517
-27919
-31762
-32658
-30510
-25519
-18164
-9155
637
10273
18837
25528
29739
31115
29586
25367
18933
10960
2258
-6317
-13954
-19962
-23841
-25322
-24389
-21264
-16383
-10327
-3768
2614
8207
12522
15240
16237
15585
13531
10452
6808
3077
-301
-2981
-4742
-5511
-5361
-4487
-3184
-1781
-604
78
96
-599
-1924
-3672
-5542
-7180
-8231
-8388
-7445
-5331
-2132
1906
6400
10867
14774
17606
18923
18428
16001
11734
5929
-920
-8178
-15121
-21018
-25210
-27182
-26626
-23481
-17951
-10491
-1767
7403
16137
23569
28944
31699
31518
28374
22533
14531
5118
-4806
-14295
-22441
-28467
-31810
-32171
-29547
-24226
-16755
-7884
1514
10534
18325
24186
27616
28376
26491
22252
16166
8905
1225
-6111
-12419
-17150
-19951
-20685
-19440
-16499
-12302
-7391
-2334
2327
6151
8827
10213
10329
9353
7579
5372
3119
1168
-214
-876
-797
-89
1025
2249
3257
3744
3477
2330
316
-2410
-5567
-8772
-11583
-13566
-14342
-13647
-11371
-7591
-2567
3270
9360
15068
19753
22841
23893
22664
19134
13530
6303
-1898
-10302
-18079
-24433
-28685
-30346
-29176
-25210
-18767
-10421
-944
8765
17774
25205
30334
32653
31932
28237
21930
13622
4121
-5657
-14775
-22379
-27768
-30475
-30301
-27339
-21946
-14712
-6387
2192
10200
16895
21699
24245
24410
22315
18302
12886
6695
394
-5385
-10114
-13411
-15081
-15125
-13716
-11177
-7932
-4439
-1141
1592
3507
4489
4567
3903
2757
1452
314
-373
-414
273
1635
3494
5559
7482
8886
9437
8881
7098
4119
142
-4483
-9286
-13730
-17264
-19397
-19758
-18143
-14558
-9224
-2569
4805
12190
18831
24014
27140
27799
25815
21277
14539
6189
-3005
-12167
-20402
-26890
-30967
-32197
-30421
-25777
-18686
-9811
0
9811
18686
25777
30421
32197
30967
26890
20402
12167
3005
-6189
-14539
-21277
-25815
-27799
-27140
-24014
-18831
-12190
-4805
2569
9224
14558
18143
19758
19397
17264
13730
9286
4483
-142
-4119
-7098
-8881
-9437
-8886
-7482
-5559
-3494
-1635
-273
414
373
-314
-1452
-2757
-3903
-4567
-4489
-3507
-1592
1141
4439
7932
11177
13716
15125
15081
13411
10114
5385
-394
-6695
-12886
-18302
-22315
-24410
-24245
-21699
-16895
-10200
-2192
6387
14712
21946
27339
30301
30475
27768
22379
14775
5657
-4121
-13622
-21930
-28237
-31932
-32653
-30334
-25205
-17774
-8765
944
10421
18767
25210
29176
30346
28685
24433
18079
10302
1898
-6303
-13530
-19134
-22664
-23893
-22841
-19753
-15068
-9360
-3270
2567
7591
11371
13647
14342
13566
11584
8772
5567
2410
-316
-2330
-3477
-3744
-3257
-2249
-1025
89
797
876
214
-1168
-3119
-5372
-7579
-9353
-10329
-10213
-8827
-6151
-2327
2334
7391
12302
16499
19440
20685
19951
17150
12419
6111
-1225
-8905
-16166
-22252
-26491
-28376
-27616
-24186
-18325
-10534
-1514
7884
16755
24226
29547
32171
31810
28467
22441
14295
4806
-5118
-14531
-22533
-28374
-31518
-31699
-28944
-23569
-16137
-7403
1767
10491
17951
23481
26626
27182
25210
21018
15121
8178
920
-5929
-11734
-16001
-18428
-18923
-17606
-14774
-10867
-6400
-1906
2132
5331
7445
8388
8231
7180
5542
3672
1924
599
-96
-78
604
1781
3184
4487
5361
5511
4742
2981
301
-3077
-6808
-10452
-13531
-15585
-16237
-15240
-12522
-8207
-2614
3768
10327
16382
21264
24389
25322
23841
19962
13954
6317
-2258
-10960
-18933
-25367
-29586
-31115
-29739
-25528
-18837
-10273
-637
9155
18164
25519
30510
32658
31762
27919
21517
13191
3755
-5875
-14780
-22129
-27255
-29728
-29385
-26347
-20992
-13917
-5863
2355
9948
16215
20628
22865
22845
20717
16836
11711
5951
179
-5022
-9183
-11981
-13275
-13107
-11680
-9324
-6448
-3481
-812
1248
2512
2929
2589
1694
529
-579
-1325
-1465
-854
522
2544
4967
7448
9599
11024
11390
10469
8176
4600
0
-5212
-10509
-15309
-19030
-21172
-21367
-19441
-15436
-9623
-2483
5333
13074
19951
25236
28329
28835
26603
21761
14701
6053
-3382
-12704
-21007
-27468
-31439
-32506
-30540
-25711
-18469
-9506
321
10069
18810
25717
30154
31732
30347
26188
19709
11584
2629
-6278
-14289
-20677
-24893
-26627
-25825
-22687
-17639
-11272
-4282
2615
8752
13586
16740
18045
17533
15427
12108
8050
3770
-242
-3578
-5952
-7227
-7423
-6704
-5340
-3667
-2036
-759
-66
-71
-758
-1983
-3497
-4978
-6085
-6503
-5997
-4448
-1887
1506
5414
9407
12997
15694
17066
16802
14753
10965
5687
-643
-7440
-14025
-19699
-23816
-25857
-25501
-22652
-17475
-10381
-1995
6903
15454
22807
28206
31074
31072
28141
22513
14691
5403
-4472
-13991
-22239
-28421
-31948
-32490
-30012
-24773
-17302
-8339
1238
10509
18597
24762
28467
29432
27652
23393
17155
9615
1552
-6236
-13019
-18196
-21364
-22345
-21188
-18161
-13706
-8379
-2791
2471
6905
10139
11969
12369
11486
9596
7075
4335
1772
-287
-1627
-2159
-1934
-1125
0
1125
1934
2159
1627
287
-1772
-4335
-7075
-9596
-11486
-12369
-11969
-10139
-6905
-2471
2791
8379
13706
18161
21188
22345
21364
18196
13019
6236
-1552
-9615
-17155
-23393
-27652
-29432
-28467
-24762
-18597
-10509
-1238
8339
17302
24773
30012
32490
31948
28421
22239
13991
4472
-5403
-14691
-22513
-28141
-31072
-31074
-28206
-22807
-15454
-6903
1995
10381
17475
22652
25501
25857
23816
19699
14025
7440
643
-5687
-10965
-14753
-16802
-17066
-15694
-12997
-9407
-5414
-1506
1887
4448
5997
6503
6085
4978
3497
1983
758
71
66
759
2036
3667
5340
6704
7423
7227
5952
3578
242
-3770
-8050
-12108
-15427
-17533
-18045
-16740
-13586
-8752
-2615
4282
11272
17639
22687
25825
26627
24893
20677
14289
6278
-2629
-11584
-19709
-26188
-30347
-31732
-30154
-25717
-18810
-10069
-321
9506
18469
25711
30540
32506
31439
27468
21007
12704
3382
-6053
-14701
-21761
-26603
-28835
-28329
-25236
-19951
-13074
-5333
2483
9623
15436
19441
21367
21172
19030
15309
10509
5212
0
-4600
-8176
-10469
-11390
-11024
-9599
-7448
-4967
-2544
-522
854
1465
1325
579
-529
-1694
-2589
-2929
-2512
-1248
812
3481
6448
9324
11680
13107
13275
11981
9183
5022
-179
-5951
-11711
-16836
-20717
-22845
-22865
-20628
-16215
-9948
-2355
5863
13917
20992
26347
29385
29728
27255
22129
14780
5875
-3755
-13191
-21517
-27919
-31762
-32658
-30510
-25519
-18164
-9155
637
10273
18837
25528
29739
31115
29586
25367
18933
10960
2258
-6317
-13954
-19962
-23841
-25322
-24389
-21264
-16383
-10327
-3768
2614
8207
12522
15240
16237
15585
13531
10452
6808
3077
-301
-2981
-4742
-5511
-5361
-4487
-3184
-1781
-604
78
96
-599
-1924
-3672
-5542
-7180
-8231
-8388
-7445
-5331
-2132
1906
6400
10867
14774
17606
18923
18428
16001
11734
5929
-920
-8178
-15121
-21018
-25210
-27182
-26626
-23481
-17951
-10491
-1767
7403
16137
23569
28944
31699
31518
28374
22533
14531
5118
-4806
-14295
-22441
-28467
-31810
-32171
-29547
-24226
-16755
-7884
1514
10534
18325
24186
27616
28376
26491
22252
16166
8905
1225
-6111
-12419
-17150
-19951
-20685
-19440
-16499
-12302
-7391
-2334
2327
6151
8827
10213
10329
9353
7579
5372
3119
1168
-214
-876
-797
-89
1025
2249
3257
3744
3477
2330
316
-2410
-5567
-8772
-11583
-13566
-14342
-13647
-11371
-7591
-2567
3270
9360
15068
19753
22841
23893
22664
19134
13530
6303
-1898
-10302
-18079
-24433
-28685
-30346
-29176
-25210
-18767
-10421
-944
8765
17774
25205
30334
32653
31932
28237
21930
13622
4121
-5657
-14775
-22379
-27768
-30475
-30301
-27339
-21946
-14712
-6387
2192
10200
16895
21699
24245
24410
22315
18302
12886
6695
394
-5385
-10114
-13411
-15081
-15125
-13716
-11177
-7932
-4439
-1141
1592
3507
4489
4567
3903
2757
1452
314
-373
-414
273
1635
3494
5559
7482
8886
9437
8881
7098
4119
142
-4483
-9286
-13730
-17264
-19397
-19758
-18143
-14558
-9224
-2569
4805
12190
18831
24014
27140
27799
25815
21277
14539
6189
-3005
-12167
-20402
-26890
-30967
-32197
-30421
-25777
-18686
-9811
0
9811
18686
25777
30421
32197
30967
26890
20402
12167
3005
-6189
-14539
-21277
-25815
-27799
-27140
-24014
-18831
-12190
-4805
2569
9224
14558
18143
19758
19397
17264
13730
9286
4483
-142
-4119
-7098
-8881
-9437
-8886
-7482
-5559
-3494
-1635
-273
414
373
-314
-1452
-2757
-3903
-4567
-4489
-3507
-1592
1141
4439
7932
11177
13716
15125
15081
13411
10114
5385
-394
-6695
-12886
-18302
-22315
-24410
-24245
-21699
-16895
-10200
-2192
6387
14712
21946
27339
30301
30475
27768
22379
14775
5657
-4121
-13622
-21930
-28237
-31932
-32653
-30334
-25205
-17774
-8765
944
10421
18767
25210
29176
30346
28685
24433
18079
10302
1898
-6303
-13530
-19134
-22664
-23893
-22841
-19753
-15068
-9360
-3270
2567
7591
11371
13647
14342
13566
11584
8772
5567
2410
-316
-2330
-3477
-3744
-3257
-2249
-1025
89
797
876
214
-1168
-3119
-5372
-7579
-9353
-10329
-10213
-8827
-6151
-2327
2334
7391
12302
16499
19440
20685
19951
17150
12419
6111
-1225
-8905
-16166
-22252
-26491
-28376
-27616
-24186
-18325
-10534
-1514
7884
16755
24226
29547
32171
31810
28467
22441
14295
4806
-5118
-14531
-22533
-28374
-31518
-31699
-28944
-23569
-16137
-7403
1767
10491
17951
23481
26626
27182
25210
21018
15121
8178
920
-5929
-11734
-16001
-18428
-18923
-17606
-14774
-10867
-6400
-1906
2132
5331
7445
8388
8231
7180
5542
3672
1924
599
-96
-78
604
1781
3184
4487
5361
5511
4742
2981
301
-3077
-6808
-10452
-13531
-15585
-16237
-15240
-12522
-8207
-2614
3768
10327
16382
21264
24389
25322
23841
19962
13954
6317
-2258
-10960
-18933
-25367
-29586
-31115
-29739
-25528
-18837
-10273
-637
9155
18164
25519
30510
32658
31762
27919
21517
13191
3755
-5875
-14780
-22129
-27255
-29728
-29385
-26347
-20992
-13917
-5863
2355
9948
16215
20628
22865
22845
20717
16836
11711
5951
179
-5022
-9183
-11981
-13275
-13107
-11680
-9324
-6448
-3481
-812
1248
2512
2929
2589
1694
529
-579
-1325
-1465
-854
522
2544
4967
7448
9599
11024
11390
10469
8176
4600
0
-5212
-10509
-15309
-19030
-21172
-21367
-19441
-15436
-9623
-2483
5333
13074
19951
25236
28329
28835
26603
21761
14701
6053
-3382
-12704
-21007
-27468
-31439
-32506
-30540
-25711
-18469
-9506
321
10069
18810
25717
30154
31732
30347
26188
19709
11584
2629
-6278
-14289
-20677
-24893
-26627
-25825
-22687
-17639
-11272
-4282
2615
8752
13586
16740
18045
17533
15427
12108
8050
3770
-242
-3578
-5952
-7227
-7423
-6704
-5340
-3667
-2036
-759
-66
-71
-758
-1983
-3497
-4978
-6085
-6503
-5997
-4448
-1887
1506
5414
9407
12997
15694
17066
16802
14753
10965
5687
-643
-7440
-14025
-19699
-23816
-25857
-25501
-22652
-17475
-10381
-1995
6903
15454
22807
28206
31074
31072
28141
22513
14691
5403
-4472
-13991
-22239
-28421
-31948
-32490
-30012
-24773
-17302
-8339
1238
10509
18597
24762
28467
29432
27652
23393
17155
9615
1552
-6236
-13019
-18196
-21364
-22345
-21188
-18161
-13706
-8379
-2791
2471
6905
10139
11969
12369
11486
9596
7075
4335
1772
-287
-1627
-2159
-1934
-1125
0
1125
1934
2159
1627
287
-1772
-4335
-7075
-9596
-11486
-12369
-11969
-10139
-6905
-2471
2791
8379
13706
18161
21188
22345
21364
18196
13019
6236
-1552
-9615
-17155
-23393
-27652
-29432
-28467
-24762
-18597
-10509
-1238
8339
17302
24773
30012
32490
31948
28421
22239
13991
4472
-5403
-14691
-22513
-28141
-31072
-31074
-28206
-22807
-15454
-6903
1995
10381
17475
22652
25501
25857
23816
19699
14025
7440
643
-5687
-10965
-14753
-16802
-17066
-15694
-12997
-9407
-5414
-1506
1887
4448
5997
6503
6085
4978
3497
1983
758
71
66
759
2036
3667
5340
6704
7423
7227
5952
3578
242
-3770
-8050
-12108
-15427
-17533
-18045
-16740
-13586
-8752
-2615
4282
11272
17639
22687
25825
26627
24893
20677
14289
6278
-2629
-11583
-19709
-26188
-30347
-31732
-30154
-25717
-18810
-10069
-321
9506
18469
25711
30540
32506
31439
27468
21007
12704
3382
-6053
-14701
-21761
-26603
-28835
-28329
-25236
-19951
-13074
-5333
2483
9623
15436
19441
21367
21172
19030
15309
10509
5212
0
-4600
-8176
-10469
-11390
-11024
-9599
-7448
-4967
-2544
-522
854
1465
1325
579
-529
-1694
-2589
-2929
-2512
-1248
812
3481
6448
9324
11680
13107
13275
11981
9183
5022
-179
-5951
-11711
-16836
-20717
-22845
-22865
-20628
-16215
-9948
-2355
5863
13917
20992
26347
29385
29728
27255
22129
14780
5875
-3755
-13191
-21517
-27919
-31762
-32658
-30510
-25519
-18164
-9155
637
10273
18837
25528
29739
31115
29586
25367
18933
10960
2258
-6317
-13954
-19962
-23841
-25322
-24389
-21264
-16383
-10327
-3768
2614
8207
12522
15240
16237
15585
13531
10452
6808
3077
-301
-2981
-4742
-5511
-5361
-4487
-3184
-1781
-604
78
96
-599
-1924
-3672
-5542
-7180
-8231
-8388
-7445
-5331
-2132
1906
6400
10867
14774
17606
18923
18428
16001
11734
5929
-920
-8178
-15121
-21018
-25210
-27182
-26626
-23481
-17951
-10491
-1767
7403
16137
23569
28944
31699
31518
28374
22533
14531
5118
-4806
-14295
-22441
-28467
-31810
-32171
-29547
-24226
-16755
-7884
1514
10534
18325
24186
27616
28376
26491
22252
16166
8905
1225
-6111
-12419
-17150
-19951
-20685
-19440
-16499
-12302
-7391
-2334
2327
6151
8827
10213
10329
9353
7579
5372
3119
1168
-214
-876
-797
-89
1025
2249
3257
3744
3477
2330
316
-2410
-5567
-8772
-11583
-13566
-14342
-13647
-11371
-7591
-2567
3270
9360
15068
19753
22841
23893
22664
19134
13530
6303
-1898
-10302
-18079
-24433
-28685
-30346
-29176
-25210
-18767
-10421
-944
8765
17774
25205
30334
32653
31932
28237
21930
13622
4121
-5657
-14775
-22379
-27768
-30475
-30301
-27339
-21946
-14712
-6387
2192
10200
16895
21699
24245
24410
22315
18302
12886
6695
394
-5385
-10114
-13411
-15081
-15125
-13716
-11177
-7932
-4439
-1141
1592
3507
4489
4567
3903
2757
1452
314
-373
-414
273
1635
3494
5559
7482
8886
9437
8881
7098
4119
142
-4483
-9286
-13730
-17264
-19397
-19758
-18143
-14558
-9224
-2569
4805
12190
18831
24014
27140
27799
25815
21277
14539
6189
-3005
-12167
-20402
-26890
-30967
-32197
-30421
-25777
-18686
-9811
0
9811
18686
25777
30421
32197
30967
26890
20402
12167
3005
-6189
-14539
-21277
-25815
-27799
-27140
-24014
-18831
-12190
-4805
2569
9224
14558
18143
19758
19397
17264
13730
9286
4483
-142
-4119
-7098
-8881
-9437
-8886
-7482
-5559
-3494
-1635
-273
414
373
-314
-1452
-2757
-3903
-4567
-4489
-3507
-1592
1141
4439
7932
11177
13716
15125
15081
13411
10114
5385
-394
-6695
-12886
-18302
-22315
-24410
-24245
-21699
-16895
-10200
-2192
6387
14712
21946
27339
30301
30475
27768
22379
14775
5657
-4121
-13622
-21930
-28237
-31932
-32653
-30334
-25205
-17774
-8765
944
10421
18767
25210
29176
30346
28685
24433
18079
10302
1898
-6303
-13530
-19134
-22664
-23893
-22841
-19753
-15068
-9360
-3270
2567
7591
11371
13647
14342
13566
11584
8772
5567
2410
-316
-2330
-3477
-3744
-3257
-2249
-1025
89
797
876
214
-1168
-3119
-5372
-7579
-9353
-10329
-10213
-8827
-6151
-2327
2334
7391
12302
16499
19440
20685
19951
17150
12419
6111
-1225
-8905
-16166
-22252
-26491
-28376
-27616
-24186
-18325
-10534
-1514
7884
16755
24226
29547
32171
31810
28467
22441
14295
4806
-5118
-14531
-22533
-28374
-31518
-31699
-28944
-23569
-16137
-7403
1767
10491
17951
23481
26626
27182
25210
21018
15121
8178
920
-5929
-11734
-16001
-18428
-18923
-17606
-14774
-10867
-6400
-1906
2132
5331
7445
8388
8231
7180
5542
3672
1924
599
-96
-78
604
1781
3184
4487
5361
5511
4742
2981
301
-3077
-6808
-10452
-13531
-15585
-16237
-15240
-12522
-8207
-2614
3768
10327
16382
21264
24389
25322
23841
19962
13954
6317
-2258
-10960
-18933
-25367
-29586
-31115
-29739
-25528
-18837
-10273
-637
9155
18164
25519
30510
32658
31762
27919
21517
13191
3755
-5875
-14780
-22129
-27255
-29728
-29385
-26347
-20992
-13917
-5863
2355
9948
16215
20628
22865
22845
20717
16836
11711
5951
179
-5022
-9183
-11981
-13275
-13107
-11680
-9324
-6448
-3481
-812
1248
2512
2929
2589
1694
529
-579
-1325
-1465
-854
522
2544
4967
7448
9599
11024
11390
10469
8176
4600
0
-5212
-10509
-15309
-19030
-21172
-21367
-19441
-15436
-9623
-2483
5333
13074
19951
25236
28329
28835
26603
21761
14701
6053
-3382
-12704
-21007
-27468
-31439
-32506
-30540
-25711
-18469
-9506
321
10069
18810
25717
30154
31732
30347
26188
19709
11583
2629
-6278
-14289
-20677
-24893
-26627
-25825
-22687
-17639
-11272
-4282
2615
8752
13586
16740
18045
17533
15427
12108
8050
3770
-242
-3578
-5952
-7227
-7423
-6704
-5340
-3667
-2036
-759
-66
-71
-758
-1983
-3497
-4978
-6085
-6503
-5997
-4448
-1887
1506
5414
9407
12997
15694
17066
16802
14753
10965
5687
-643
-7440
-14025
-19699
-23816
-25857
-25501
-22652
-17475
-10381
-1995
6903
15454
22807
28206
31074
31072
28141
22513
14691
5403
-4472
-13991
-22239
-28421
-31948
-32490
-30012
-24773
-17302
-8339
1238
10509
18597
24762
28467
29432
27652
23393
17155
9615
1552
-6236
-13019
-18196
-21364
-22345
-21188
-18161
-13706
-8379
-2791
2471
6905
10139
11969
12369
11486
9596
7075
4335
1772
-287
-1627
-2159
-1934
-1125
0
1125
1934
2159
1627
287
-1772
-4335
-7075
-9596
-11486
-12369
-11969
-10139
-6905
-2471
2791
8379
13706
18161
21188
22345
21364
18196
13019
6236
-1552
-9615
-17155
-23393
-27652
-29432
-28467
-24762
-18597
-10509
-1238
8339
17302
24773
30012
32490
31948
28421
22239
13991
4472
-5403
-14691
-22513
-28141
-31072
-31074
-28206
-22807
-15454
-6903
1995
10381
17475
22652
25501
25857
23816
19699
14025
7440
643
-5687
-10965
-14753
-16802
-17066
-15694
-12997
-9407
-5414
-1506
1887
4448
5997
6503
6085
4978
3497
1983
758
71
66
759
2036
3667
5340
6704
7423
7227
5952
3578
242
-3770
-8050
-12108
-15427
-17533
-18045
-16740
-13586
-8752
-2615
4282
11272
17639
22687
25825
26627
24893
20677
14289
6278
-2629
-11583
-19709
-26188
-30347
-31732
-30154
-25717
-18810
-10069
-321
9506
18469
25711
30540
32506
31439
27468
21007
12704
3382
-6053
-14701
-21761
-26603
-28835
-28329
-25236
-19951
-13074
-5333
2483
9623
15436
19441
21367
21172
19030
15309
10509
5212
0
-4600
-8176
-10469
-11390
-11024
-9599
-7448
-4967
-2544
-522
854
1465
1325
579
-529
-1694
-2589
-2929
-2512
-1248
812
3481
6448
9324
11680
13107
13275
11981
9183
5022
-179
-5951
-11711
-16836
-20717
-22845
-22865
-20628
-16215
-9948
-2355
5863
13917
20992
26347
29385
29728
27255
22129
14780
5875
-3755
-13191
-21517
-27919
-31762
-32658
-30510
-25519
-18164
-9155
637
10273
18837
25528
29739
31115
29586
25367
18933
10960
2258
-6317
-13954
-19962
-23841
-25322
-24389
-21264
-16382
-10327
-3768
2614
8207
12522
15240
16237
15585
13531
10452
6808
3077
-301
-2981
-4742
-5511
-5361
-4487
-3184
-1781
-604
78
96
-599
-1924
-3672
-5542
-7180
-8231
-8388
-7445
-5331
-2132
1906
6400
10867
14774
17606
18923
18428
16001
11734
5929
-920
-8178
-15121
-21018
-25210
-27182
-26626
-23481
-17951
-10491
-1767
7403
16137
23569
28944
31699
31518
28374
22533
14531
5118
-4806
-14295
-22441
-28467
-31810
-32171
-29547
-24226
-16755
-7884
1514
10534
18325
24186
27616
28376
26491
22252
16166
8905
1225
-6111
-12419
-17150
-19951
-20685
-19440
-16499
-12302
-7391
-2334
2327
6151
8827
10213
10329
9353
7579
5372
3119
1168
-214
-876
-797
-89
1025
2249
3257
3744
3477
2330
316
-2410
-5567
-8772
-11584
-13566
-14342
-13647
-11371
-7591
-2567
3270
9360
15068
19753
22841
23893
22664
19134
13530
6303
-1898
-10302
-18079
-24433
-28685
-30346
-29176
-25210
-18767
-10421
-944
8765
17774
25205
30334
32653
31932
28237
21930
13622
4121
-5657
-14775
-22379
-27768
-30475
-30301
-27339
-21946
-14712
-6387
2192
10200
16895
21699
24245
24410
22315
18302
12886
6695
394
-5385
-10114
-13411
-15081
-15125
-13716
-11177
-7932
-4439
-1141
1592
3507
4489
4567
3903
2757
1452
314
-373
-414
273
1635
3494
5559
7482
8886
9437
8881
7098
4119
142
-4483
-9286
-13730
-17264
-19397
-19758
-18143
-14558
-9224
-2569
4805
12190
18831
24014
27140
27799
25815
21277
14539
6189
-3005
-12167
-20402
-26890
-30967
-32197
-30421
-25777
-18686
-9811
