17269
10860
2323
-6503
-13675
-17624
-17552
-13646
-7044
438
6748
10116
9502
4874
-2766
-11612
-19489
-24393
-24992
-20975
-13146
-3247
6453
13713
16874
15271
9419
894
-8039
-14981
-17991
-16075
-9452
484
11483
20977
26708
27284
22529
13547
2464
-8071
-15531
-18124
-15240
-7608
2863
13539
21694
25174
22923
15258
3804
-8879
-19903
-26744
-27847
-23008
-13430
-1444
10040
18230
21115
17953
9452
-2389
-14751
-24660
-29696
-28562
-21402
-9768
3740
16081
24488
27110
23450
14470
2370
-9933
-19489
-23995
-22337
-14836
-3174
10002
21698
29260
30980
26482
16796
4110
-8737
-18907
-24204
-23562
-17269
-6882
5141
16010
23227
25144
21317
12579
836
-11371
-21439
-27272
-27724
-22829
-13764
-2566
8328
16611
20598
19566
13876
4870
-5444
-14830
-21300
-23513
-21037
-14409
-4991
5321
14505
20812
23111
21086
15278
6950
-2178
-10279
-15767
-17601
-15467
-9822
-1797
7032
14943
20394
22308
20275
14624
6366
-2997
-11743
-18255
-21326
-20385
-15618
-7946
1143
9863
16470
19603
18552
13416
5102
-4831
-14468
-21899
-25605
-24765
-19436
-10561
202
10793
19159
23661
23411
18457
9790
-852
-11321
-19489
-23676
-22989
-17506
-8259
2970
14002
22701
27390
27185
22159
13316
2383
-8538
-17386
-22537
-23111
-19117
-11435
-1619
8414
16757
21866
22839
19557
12675
3479
-6373
-15156
-21389
-24077
-22861
-18059
-10579
-1745
6935
14023
18380
19340
16806
11247
3621
-4785
-12557
-18379
-21238
-20593
-16466
-9452
-634
8577
16669
22278
24419
22671
17266
9070
-547
-9934
-17446
-21735
-21998
-18136
-10784
-1216
8878
17691
23626
25585
23172
16768
7458
-3158
-13264
-21146
-25502
-25659
-21680
-14337
-4956
4831
13373
19282
21658
20214
15302
7819
-962
-9610
-16770
-21364
-22742
-20752
-15744
-8489
-60
8328
15489
20425
22454
21302
17139
10562
2517
-5819
-13200
-18490
-20833
-19793
-15444
-8376
370
9452
17427
22985
25167
23534
18256
10098
306
-9595
-18051
-23738
-25781
-23899
-18445
-10342
-916
8328
15950
20809
22233
20100
14836
7317
-1280
-9676
-16676
-21335
-23071
-21720
-17531
-11107
-3316
4831
12303
18167
21692
22436
20294
15522
8715
749
-7315
-14367
-19391
-21614
-20635
-16499
-9718
-1216
7793
15984
22118
25243
24846
20941
14071
5225
-4317
-13185
-20136
-24233
-24981
-22385
-16923
-9452
-1064
7079
13917
18615
20664
19908
16541
11055
4160
-3299
-10441
-16433
-20571
-22346
-21500
-18059
-12350
-4978
3219
11256
18121
22898
24907
23810
19683
13021
4692
-4186
-12397
-18810
-22546
-23111
-20461
-15010
-7549
873
9116
16108
20992
23227
22631
19380
13947
7025
-575
-8021
-14540
-19489
-22393
-22979
-21192
-17198
-11380
-4318
3252
10500
16581
20738
22403
21287
17441
11278
3530
-4831
-12726
-19119
-23164
-24330
-22475
-17858
-11093
-3053
5263
12871
18928
22826
24245
23158
19803
14624
8203
1193
-5740
-11965
-16925
-20162
-21356
-20348
-17173
-12078
-5526
1827
9185
15695
20553
23111
22980
20099
14756
7561
-632
-8844
-16108
-21593
-24718
-25209
-23119
-18786
-12774
-5772
1491
8328
14156
18525
21131
21815
20554
17456
12759
6829
157
-6661
-12962
-18074
-21393
-22467
-21073
-17269
-11407
-4108
3815
11459
17953
22575
24845
24580
21894
17166
10967
3970
-3141
-9741
-15316
-19489
-22014
-22770
-21741
-19008
-14749
-9242
-2876
3856
10372
16048
20279
22562
22571
20219
15695
9452
2160
-5382
-12349
-18005
-21791
-23390
-22743
-20034
-15633
-10027
-3752
2675
8791
14203
18591
21694
23307
23278
21529
18082
13090
6866
-124
-7279
-13920
-19371
-23050
-24552
-23716
-20646
-15704
-9452
-2566
4252
10371
15295
18702
20448
20539
19094
16300
12377
7562
2112
-3683
-9486
-14901
-19489
-22805
-24451
-24142
-21768
-17438
-11484
-4439
3027
10196
16398
21097
23949
24833
23833
21195
17269
12441
7082
1521
-3964
-9127
-13732
-17535
-20273
-21685
-21548
-19726
-16225
-11226
-5098
1631
8328
14339
19077
22108
23198
22340
19731
15719
10741
5241
-379
-5798
-10778
-15145
-18756
-21466
-23111
-23512
-22505
-19986
-15959
-10586
-4196
2727
9595
15790
20750
24052
25465
24976
22770
19180
14624
9523
4248
-917
-5776
-10197
-14077
-17297
-19700
-21088
-21249
-20007
-17276
-13115
-7755
-1596
4831
10938
16157
20031
22272
22793
21697
19237
15748
11578
7027
2319
-2403
-7049
-11537
-15747
-19489
-22499
-24467
-25085
-24121
-21478
-17245
-11701
-5294
1425
7882
13568
18106
21295
23105
23647
23111
21701
19579
16838
13498
9548
4992
-89
-5505
-10937
-15966
-20131
-23004
-24269
-23789
-21632
-18059
-13479
-8369
-3188
1692
6031
9732
12810
15333
17361
18889
19825
19992
19174
17181
13920
9452
4016
-1983
-8031
-13586
-18168
-21437
-23239
-23614
-22759
-20961
-18517
-15660
-12521
-9114
-5374
-1216
3394
8381
13521
18461
22755
25952
27680
27728
26088
22961
18716
13812
8707
3772
-764
-4831
-8490
-11867
-15078
-18157
-21005
-23396
-25007
-25498
-24600
-22191
-18354
-13373
-7699
-1865
3613
8328
12050
14744
16547
17693
18431
18934
19241
19243
18710
17367
14982
11457
6883
1553
-4073
-9452
-14062
-17506
-19582
-20313
-19919
-18745
-17163
-15467
-13805
-12147
-10313
-8037
-5073
-1287
3267
8328
13456
18116
21785
24065
24768
23951
21896
19028
15815
12647
9751
7146
4666
2023
-1077
-4831
-9250
-14115
-19011
-23395
-26721
-28561
-28704
-27204
-24367
-20675
-16664
-12802
-9378
-6445
-3833
-1216
1772
5409
9781
14721
19828
24540
28256
30482
30944
29657
26921
23245
19226
15398
12111
9452
7239
5094
2565
-728
-4965
-10045
-15584
-20986
-25578
-28767
-30179
-29755
-27760
-24720
-21282
-18059
-15470
-13644
-12393
-11282
-9753
-7294
-3603
1312
7104
13150
18690
23005
25590
26278
25276
23111
20490
18120
16519
15885
16045
16506
16589
15621
13129
8982
3453
-2828
-9013
-14239
-17836
-19489
-19316
-17833
-15814
-14091
-13329
-13846
-15527
-17844
-19995
-21112
-20496
-17815
-13207
-7266
-912
4831
9088
11343
11577
10263
8243
6510
5936
7044
9852
13860
18163
21681
23433
22803
19704
14624
8515
2563
-2101
-4690
-4961
-3277
-517
2150
3571
2915
-95
-5096
-11155
-16996
-21313
-23111
-21957
-18111
-12473
-6364
-1202
1858
2218
0
-3978
-8403
-11804
-12923
-11061
-6263
661
8328
15110
19547
20709
18446
13439
7038
933
-3268
-4451
-2288
2670
9109
15281
19436
20270
-17269
-10860
-2323
6503
13675
17624
17552
13646
7044
-438
-6748
-10116
-9502
-4874
2766
11612
19489
24393
24992
20975
13146
3247
-6453
-13713
-16874
-15271
-9419
-894
8039
14981
17991
16075
9452
-484
-11483
-20977
-26708
-27284
-22529
-13547
-2464
8071
15531
18124
15240
7608
-2863
-13539
-21694
-25174
-22923
-15258
-3804
8879
19903
26744
27847
23008
13430
1444
-10040
-18230
-21115
-17953
-9452
2389
14751
24660
29696
28562
21402
9768
-3740
-16081
-24488
-27110
-23450
-14470
-2370
9933
19489
23995
22337
14836
3174
-10002
-21698
-29260
-30980
-26482
-16796
-4110
8737
18907
24204
23562
17269
6882
-5141
-16010
-23227
-25144
-21317
-12579
-836
11371
21439
27272
27724
22829
13764
2566
-8328
-16611
-20598
-19566
-13876
-4870
5444
14830
21300
23513
21037
14409
4991
-5321
-14505
-20812
-23111
-21086
-15278
-6950
2178
10279
15767
17601
15467
9822
1797
-7032
-14943
-20394
-22308
-20275
-14624
-6366
2997
11743
18255
21326
20385
15618
7946
-1143
-9863
-16470
-19603
-18552
-13416
-5102
4831
14468
21899
25605
24765
19436
10561
-202
-10793
-19159
-23661
-23411
-18457
-9790
852
11321
19489
23676
22989
17506
8259
-2970
-14002
-22701
-27390
-27185
-22159
-13316
-2383
8538
17386
22537
23111
19117
11435
1619
-8414
-16757
-21866
-22839
-19557
-12675
-3479
6373
15156
21389
24077
22861
18059
10579
1745
-6935
-14023
-18380
-19340
-16806
-11247
-3621
4785
12557
18379
21238
20593
16466
9452
634
-8577
-16669
-22278
-24419
-22671
-17266
-9070
547
9934
17446
21735
21998
18136
10784
1216
-8878
-17691
-23626
-25585
-23172
-16768
-7458
3158
13264
21146
25502
25659
21680
14337
4956
-4831
-13373
-19282
-21658
-20214
-15302
-7819
962
9610
16770
21364
22742
20752
15744
8489
60
-8328
-15489
-20425
-22454
-21302
-17139
-10562
-2517
5819
13200
18490
20833
19793
15444
8376
-370
-9452
-17427
-22985
-25167
-23534
-18256
-10098
-306
9595
18051
23738
25781
23899
18445
10342
916
-8328
-15950
-20809
-22233
-20100
-14836
-7317
1280
9676
16676
21335
23071
21720
17531
11107
3316
-4831
-12303
-18167
-21692
-22436
-20294
-15522
-8715
-749
7315
14367
19391
21614
20635
16499
9718
1216
-7793
-15984
-22118
-25243
-24846
-20941
-14071
-5225
4317
13185
20136
24233
24981
22385
16923
9452
1064
-7079
-13917
-18615
-20664
-19908
-16541
-11055
-4160
3299
10441
16433
20571
22346
21500
18059
12350
4978
-3219
-11256
-18121
-22898
-24907
-23810
-19683
-13021
-4692
4186
12397
18810
22546
23111
20461
15010
7549
-873
-9116
-16108
-20992
-23227
-22631
-19380
-13947
-7025
575
8021
14540
19489
22393
22979
21192
17198
11380
4318
-3252
-10500
-16581
-20738
-22403
-21287
-17441
-11278
-3530
4831
12726
19119
23164
24330
22475
17858
11093
3053
-5263
-12871
-18928
-22826
-24245
-23158
-19803
-14624
-8203
-1193
5740
11965
16925
20162
21356
20348
17173
12078
5526
-1827
-9185
-15695
-20553
-23111
-22980
-20099
-14756
-7561
632
8844
16108
21593
24718
25209
23119
18786
12774
5772
-1491
-8328
-14156
-18525
-21131
-21815
-20554
-17456
-12759
-6829
-157
6661
12962
18074
21393
22467
21073
17269
11407
4108
-3815
-11459
-17953
-22575
-24845
-24580
-21894
-17166
-10967
-3970
3141
9741
15316
19489
22014
22770
21741
19008
14749
9242
2876
-3856
-10372
-16048
-20279
-22562
-22571
-20219
-15695
-9452
-2160
5382
12349
18005
21791
23390
22743
20034
15633
10027
3752
-2675
-8791
-14203
-18591
-21694
-23307
-23278
-21529
-18082
-13090
-6866
124
7279
13920
19371
23050
24552
23716
20646
15704
9452
2566
-4252
-10371
-15295
-18702
-20448
-20539
-19094
-16300
-12377
-7562
-2112
3683
9486
14901
19489
22805
24451
24142
21768
17438
11484
4439
-3027
-10196
-16398
-21097
-23949
-24833
-23833
-21195
-17269
-12441
-7082
-1521
3964
9127
13732
17535
20273
21685
21548
19726
16225
11226
5098
-1631
-8328
-14339
-19077
-22108
-23198
-22340
-19731
-15719
-10741
-5241
379
5798
10778
15145
18756
21466
23111
23512
22505
19986
15959
10586
4196
-2727
-9595
-15790
-20750
-24052
-25465
-24976
-22770
-19180
-14624
-9523
-4248
917
5776
10197
14077
17297
19700
21088
21249
20007
17276
13115
7755
1596
-4831
-10938
-16157
-20031
-22272
-22793
-21697
-19237
-15748
-11578
-7027
-2319
2403
7049
11537
15747
19489
22499
24467
25085
24121
21478
17245
11701
5294
-1425
-7882
-13568
-18106
-21295
-23105
-23647
-23111
-21701
-19579
-16838
-13498
-9548
-4992
89
5505
10937
15966
20131
23004
24269
23789
21632
18059
13479
8369
3188
-1692
-6031
-9732
-12810
-15333
-17361
-18889
-19825
-19992
-19174
-17181
-13920
-9452
-4016
1983
8031
13586
18168
21437
23239
23614
22759
20961
18517
15660
12521
9114
5374
1216
-3394
-8381
-13521
-18461
-22755
-25952
-27680
-27728
-26088
-22961
-18716
-13812
-8707
-3772
764
4831
8490
11867
15078
18157
21005
23396
25007
25498
24600
22191
18354
13373
7699
1865
-3613
-8328
-12050
-14744
-16547
-17693
-18431
-18934
-19241
-19243
-18710
-17367
-14982
-11457
-6883
-1553
4073
9452
14062
17506
19582
20313
19919
18745
17163
15467
13805
12147
10313
8037
5073
1287
-3267
-8328
-13456
-18116
-21785
-24065
-24768
-23951
-21896
-19028
-15815
-12647
-9751
-7146
-4666
-2023
1077
4831
9250
14115
19011
23395
26721
28561
28704
27204
24367
20675
16664
12802
9378
6445
3833
1216
-1772
-5409
-9781
-14721
-19828
-24540
-28256
-30482
-30944
-29657
-26921
-23245
-19226
-15398
-12111
-9452
-7239
-5094
-2565
728
4965
10045
15584
20986
25578
28767
30179
29755
27760
24720
21282
18059
15470
13644
12393
11282
9753
7294
3603
-1312
-7104
-13150
-18690
-23005
-25590
-26278
-25276
-23111
-20490
-18120
-16519
-15885
-16045
-16506
-16589
-15621
-13129
-8982
-3453
2828
9013
14239
17836
19489
19316
17833
15814
14091
13329
13846
15527
17844
19995
21112
20496
17815
13207
7266
912
-4831
-9088
-11343
-11577
-10263
-8243
-6510
-5936
-7044
-9852
-13860
-18163
-21681
-23433
-22803
-19704
-14624
-8515
-2563
2101
4690
4961
3277
517
-2150
-3571
-2915
95
5096
11155
16996
21313
23111
21957
18111
12473
6364
1202
-1858
-2218
0
3978
8403
11804
12923
11061
6263
-661
-8328
-15110
-19547
-20709
-18446
-13439
-7038
-933
3268
4451
2288
-2670
-9109
-15281
-19436
-20270
-17269
-10860
-2323
6503
13675
17624
17552
13646
7044
-438
-6748
-10116
-9502
-4874
2766
11612
19489
24393
24992
20975
13146
3247
-6453
-13713
-16874
-15271
-9419
-894
8039
14981
17991
16075
9452
-484
-11483
-20977
-26708
-27284
-22529
-13547
-2464
8071
15531
18124
15240
7608
-2863
-13539
-21694
-25174
-22923
-15258
-3804
8879
19903
26744
27847
23008
13430
1444
-10040
-18230
-21115
-17953
-9452
2389
14751
24660
29696
28562
21402
9768
-3740
-16081
-24488
-27110
-23450
-14470
-2370
9933
19489
23995
22337
14836
3174
-10002
-21698
-29260
-30980
-26482
-16796
-4110
8737
18907
24204
23562
17269
6882
-5141
-16010
-23227
-25144
-21317
-12579
-836
11371
21439
27272
27724
22829
13764
2566
-8328
-16611
-20598
-19566
-13876
-4870
5444
14830
21300
23513
21037
14409
4991
-5321
-14505
-20812
-23111
-21086
-15278
-6950
2178
10279
15767
17601
15467
9822
1797
-7032
-14943
-20394
-22308
-20275
-14624
-6366
2997
11743
18255
21326
20385
15618
7946
-1143
-9863
-16470
-19603
-18552
-13416
-5102
4831
14468
21899
25605
24765
19436
10561
-202
-10793
-19159
-23661
-23411
-18457
-9790
852
11321
19489
23676
22989
17506
8259
-2970
-14002
-22701
-27390
-27185
-22159
-13316
-2383
8538
17386
22537
23111
19117
11435
1619
-8414
-16757
-21866
-22839
-19557
-12675
-3479
6373
15156
21389
24077
22861
18059
10579
1745
-6935
-14023
-18380
-19340
-16806
-11247
-3621
4785
12557
18379
21238
20593
16466
9452
634
-8577
-16669
-22278
-24419
-22671
-17266
-9070
547
9934
17446
21735
21998
18136
10784
1216
-8878
-17691
-23626
-25585
-23172
-16768
-7458
3158
13264
21146
25502
25659
21680
14337
4956
-4831
-13373
-19282
-21658
-20214
-15302
-7819
962
9610
16770
21364
22742
20752
15744
8489
60
-8328
-15489
-20425
-22454
-21302
-17139
-10562
-2517
5819
13200
18490
20833
19793
15444
8376
-370
-9452
-17427
-22985
-25167
-23534
-18256
-10098
-306
9595
18051
23738
25781
23899
18445
10342
916
-8328
-15950
-20809
-22233
-20100
-14836
-7317
1280
9676
16676
21335
23071
21720
17531
11107
3316
-4831
-12303
-18167
-21692
-22436
-20294
-15522
-8715
-749
7315
14367
19391
21614
20635
16499
9718
1216
-7793
-15984
-22118
-25243
-24846
-20941
-14071
-5225
4317
13185
20136
24233
24981
22385
16923
9452
1064
-7079
-13917
-18615
-20664
-19908
-16541
-11055
-4160
3299
10441
16433
20571
22346
21500
18059
12350
4978
-3219
-11256
-18121
-22898
-24907
-23810
-19683
-13021
-4692
4186
12397
18810
22546
23111
20461
15010
7549
-873
-9116
-16108
-20992
-23227
-22631
-19380
-13947
-7025
575
8021
14540
19489
22393
22979
21192
17198
11380
4318
-3252
-10500
-16581
-20738
-22403
-21287
-17441
-11278
-3530
4831
12726
19119
23164
24330
22475
17858
11093
3053
-5263
-12871
-18928
-22826
-24245
-23158
-19803
-14624
-8203
-1193
5740
11965
16925
20162
21356
20348
17173
12078
5526
-1827
-9185
-15695
-20553
-23111
-22980
-20099
-14756
-7561
632
8844
16108
21593
24718
25209
23119
18786
12774
5772
-1491
-8328
-14156
-18525
-21131
-21815
-20554
-17456
-12759
-6829
-157
6661
12962
18074
21393
22467
21073
17269
11407
4108
-3815
-11459
-17953
-22575
-24845
-24580
-21894
-17166
-10967
-3970
3141
9741
15316
19489
22014
22770
21741
19008
14749
9242
2876
-3856
-10372
-16048
-20279
-22562
-22571
-20219
-15695
-9452
-2160
5382
12349
18005
21791
23390
22743
20034
15633
10027
3752
-2675
-8791
-14203
-18591
-21694
-23307
-23278
-21529
-18082
-13090
-6866
124
7279
13920
19371
23050
24552
23716
20646
15704
9452
2566
-4252
-10371
-15295
-18702
-20448
-20539
-19094
-16300
-12377
-7562
-2112
3683
9486
14901
19489
22805
24451
24142
21768
17438
11484
4439
-3027
-10196
-16398
-21097
-23949
-24833
-23833
-21195
-17269
-12441
-7082
-1521
3964
9127
13732
17535
20273
21685
21548
19726
16225
11226
5098
-1631
-8328
-14339
-19077
-22108
-23198
-22340
-19731
-15719
-10741
-5241
379
5798
10778
15145
18756
21466
23111
23512
22505
19986
15959
10586
4196
-2727
-9595
-15790
-20750
-24052
-25465
-24976
-22770
-19180
-14624
-9523
-4248
917
5776
10197
14077
17297
19700
21088
21249
20007
17276
13115
7755
1596
-4831
-10938
-16157
-20031
-22272
-22793
-21697
-19237
-15748
-11578
-7027
-2319
2403
7049
11537
15747
19489
22499
24467
25085
24121
21478
17245
11701
5294
-1425
-7882
-13568
-18106
-21295
-23105
-23647
-23111
-21701
-19579
-16838
-13498
-9548
-4992
89
5505
10937
15966
20131
23004
24269
23789
21632
18059
13479
8369
3188
-1692
-6031
-9732
-12810
-15333
-17361
-18889
-19825
-19992
-19174
-17181
-13920
-9452
-4016
1983
8031
13586
18168
21437
23239
23614
22759
20961
18517
15660
12521
9114
5374
1216
-3394
-8381
-13521
-18461
-22755
-25952
-27680
-27728
-26088
-22961
-18716
-13812
-8707
-3772
764
4831
8490
11867
15078
18157
21005
23396
25007
25498
24600
22191
18354
13373
7699
1865
-3613
-8328
-12050
-14744
-16547
-17693
-18431
-18934
-19241
-19243
-18710
-17367
-14982
-11457
-6883
-1553
4073
9452
14062
17506
19582
20313
19919
18745
17163
15467
13805
12147
10313
8037
5073
1287
-3267
-8328
-13456
-18116
-21785
-24065
-24768
-23951
-21896
-19028
-15815
-12647
-9751
-7146
-4666
-2023
1077
4831
9250
14115
19011
23395
26721
28561
28704
27204
24367
20675
16664
12802
9378
6445
3833
1216
-1772
-5409
-9781
-14721
-19828
-24540
-28256
-30482
-30944
-29657
-26921
-23245
-19226
-15398
-12111
-9452
-7239
-5094
-2565
728
4965
10045
15584
20986
25578
28767
30179
29755
27760
24720
21282
18059
15470
13644
12393
11282
9753
7294
3603
-1312
-7104
-13150
-18690
-23005
-25590
-26278
-25276
-23111
-20490
-18120
-16519
-15885
-16045
-16506
-16589
-15621
-13129
-8982
-3453
2828
9013
14239
17836
19489
19316
17833
15814
14091
13329
13846
15527
17844
19995
21112
20496
17815
13207
7266
912
-4831
-9088
-11343
-11577
-10263
-8243
-6510
-5936
-7044
-9852
-13860
-18163
-21681
-23433
-22803
-19704
-14624
-8515
-2563
2101
4690
4961
3277
517
-2150
-3571
-2915
95
5096
11155
16996
21313
23111
21957
18111
12473
6364
1202
-1858
-2218
0
3978
8403
11804
12923
11061
6263
-661
-8328
-15110
-19547
-20709
-18446
-13439
-7038
-933
3268
4451
2288
-2670
-9109
-15281
-19436
-20270
-17269
-10860
-2323
6503
13675
17624
17552
13646
7044
-438
-6748
-10116
-9502
-4874
2766
11612
19489
24393
24992
20975
13146
3247
-6453
-13713
-16874
-15271
-9419
-894
8039
14981
17991
16075
9452
-484
-11483
-20977
-26708
-27284
-22529
-13547
-2464
8071
15531
18124
15240
7608
-2863
-13539
-21694
-25174
-22923
-15258
-3804
8879
19903
26744
27847
23008
13430
1444
-10040
-18230
-21115
-17953
-9452
2389
14751
24660
29696
28562
21402
9768
-3740
-16081
-24488
-27110
-23450
-14470
-2370
9933
19489
23995
22337
14836
3174
-10002
-21698
-29260
-30980
-26482
-16796
-4110
8737
18907
24204
23562
17269
6882
-5141
-16010
-23227
-25144
-21317
-12579
-836
11371
21439
27272
27724
22829
13764
2566
-8328
-16611
-20598
-19566
-13876
-4870
5444
14830
21300
23513
21037
14409
4991
-5321
-14505
-20812
-23111
-21086
-15278
-6950
2178
10279
15767
17601
15467
9822
1797
-7032
-14943
-20394
-22308
-20275
-14624
-6366
2997
11743
18255
21326
20385
15618
7946
-1143
-9863
-16470
-19603
-18552
-13416
-5102
4831
14468
21899
25605
24765
19436
10561
-202
-10793
-19159
-23661
-23411
-18457
-9790
852
11321
19489
23676
22989
17506
8259
-2970
-14002
-22701
-27390
-27185
-22159
-13316
-2383
8538
17386
22537
23111
19117
11435
1619
-8414
-16757
-21866
-22839
-19557
-12675
-3479
6373
15156
21389
24077
22861
18059
10579
1745
-6935
-14023
-18380
-19340
-16806
-11247
-3621
4785
12557
18379
21238
20593
16466
9452
634
-8577
-16669
-22278
-24419
-22671
-17266
-9070
547
9934
17446
21735
21998
18136
10784
1216
-8878
-17691
-23626
-25585
-23172
-16768
-7458
3158
13264
21146
25502
25659
21680
14337
4956
-4831
-13373
-19282
-21658
-20214
-15302
-7819
962
9610
16770
21364
22742
20752
15744
8489
60
-8328
-15489
-20425
-22454
-21302
-17139
-10562
-2517
5819
13200
18490
20833
19793
15444
8376
-370
-9452
-17427
-22985
-25167
-23534
-18256
-10098
-306
9595
18051
23738
25781
23899
18445
10342
916
-8328
-15950
-20809
-22233
-20100
-14836
-7317
1280
9676
16676
21335
23071
21720
17531
11107
3316
-4831
-12303
-18167
-21692
-22436
-20294
-15522
-8715
-749
7315
14367
19391
21614
20635
16499
9718
1216
-7793
-15984
-22118
-25243
-24846
-20941
-14071
-5225
4317
13185
20136
24233
24981
22385
16923
9452
1064
-7079
-13917
-18615
-20664
-19908
-16541
-11055
-4160
3299
10441
16433
20571
22346
21500
18059
12350
4978
-3219
-11256
-18121
-22898
-24907
-23810
-19683
-13021
-4692
4186
12397
18810
22546
23111
20461
15010
7549
-873
-9116
-16108
-20992
-23227
-22631
-19380
-13947
-7025
575
8021
14540
19489
22393
22979
21192
17198
11380
4318
-3252
-10500
-16581
-20738
-22403
-21287
-17441
-11278
-3530
4831
12726
19119
23164
24330
22475
17858
11093
3053
-5263
-12871
-18928
-22826
-24245
-23158
-19803
-14624
-8203
-1193
5740
11965
16925
20162
21356
20348
17173
12078
5526
-1827
-9185
-15695
-20553
-23111
-22980
-20099
-14756
-7561
632
8844
16108
21593
24718
25209
23119
18786
12774
5772
-1491
-8328
-14156
-18525
-21131
-21815
-20554
-17456
-12759
-6829
-157
6661
12962
18074
21393
22467
21073
17269
11407
4108
-3815
-11459
-17953
-22575
-24845
-24580
-21894
-17166
-10967
-3970
3141
9741
15316
19489
22014
22770
21741
19008
14749
9242
2876
-3856
-10372
-16048
-20279
-22562
-22571
-20219
-15695
-9452
-2160
5382
12349
18005
21791
23390
22743
20034
15633
10027
3752
-2675
-8791
-14203
-18591
-21694
-23307
-23278
-21529
-18082
-13090
-6866
124
7279
13920
19371
23050
24552
23716
20646
15704
9452
2566
-4252
-10371
-15295
-18702
-20448
-20539
-19094
-16300
-12377
-7562
-2112
3683
9486
14901
19489
22805
24451
24142
21768
17438
11484
4439
-3027
-10196
-16398
-21097
-23949
-24833
-23833
-21195
-17269
-12441
-7082
-1521
3964
9127
13732
17535
20273
21685
21548
19726
16225
11226
5098
-1631
-8328
-14339
-19077
-22108
-23198
-22340
-19731
-15719
-10741
-5241
379
5798
10778
15145
18756
21466
23111
23512
22505
19986
15959
10586
4196
-2727
-9595
-15790
-20750
-24052
-25465
-24976
-22770
-19180
-14624
-9523
-4248
917
5776
10197
14077
17297
19700
21088
21249
20007
17276
13115
7755
1596
-4831
-10938
-16157
-20031
-22272
-22793
-21697
-19237
-15748
-11578
-7027
-2319
2403
7049
11537
15747
19489
22499
24467
25085
24121
21478
17245
11701
5294
-1425
-7882
-13568
-18106
-21295
-23105
-23647
-23111
-21701
-19579
-16838
-13498
-9548
-4992
89
5505
10937
15966
20131
23004
24269
23789
21632
18059
13479
8369
3188
-1692
-6031
-9732
-12810
-15333
-17361
-18889
-19825
-19992
-19174
-17181
-13920
-9452
-4016
1983
8031
13586
18168
21437
23239
23614
22759
20961
18517
15660
12521
9114
5374
1216
-3394
-8381
-13521
-18461
-22755
-25952
-27680
-27728
-26088
-22961
-18716
-13812
-8707
-3772
764
4831
8490
11867
15078
18157
21005
23396
25007
25498
24600
22191
18354
13373
7699
1865
-3613
-8328
-12050
-14744
-16547
-17693
-18431
-18934
-19241
-19243
-18710
-17367
-14982
-11457
-6883
-1553
4073
9452
14062
17506
19582
20313
19919
18745
17163
15467
13805
12147
10313
8037
5073
1287
-3267
-8328
-13456
-18116
-21785
-24065
-24768
-23951
-21896
-19028
-15815
-12647
-9751
-7146
-4666
-2023
1077
4831
9250
14115
19011
23395
26721
28561
28704
27204
24367
20675
16664
12802
9378
6445
3833
1216
-1772
-5409
-9781
-14721
-19828
-24540
-28256
-30482
-30944
-29657
-26921
-23245
-19226
-15398
-12111
-9452
-7239
-5094
-2565
728
4965
10045
15584
20986
25578
28767
30179
29755
27760
24720
21282
18059
15470
13644
12393
11282
9753
7294
3603
-1312
-7104
-13150
-18690
-23005
-25590
-26278
-25276
-23111
-20490
-18120
-16519
-15885
-16045
-16506
-16589
-15621
-13129
-8982
-3453
2828
9013
14239
17836
19489
19316
17833
15814
14091
13329
13846
15527
17844
19995
21112
20496
17815
13207
7266
912
-4831
-9088
-11343
-11577
-10263
-8243
-6510
-5936
-7044
-9852
-13860
-18163
-21681
-23433
-22803
-19704
-14624
-8515
-2563
2101
4690
4961
3277
517
-2150
-3571
-2915
95
5096
11155
16996
21313
23111
21957
18111
12473
6364
1202
-1858
-2218
0
3978
8403
11804
12923
11061
6263
-661
-8328
-15110
-19547
-20709
-18446
-13439
-7038
-933
3268
4451
2288
-2670
-9109
-15281
-19436
-20270
-17269
-10860
-2323
6503
13675
17624
17552
13646
7044
-438
-6748
-10116
-9502
-4874
2766
11612
19489
24393
24992
20975
13146
3247
-6453
-13713
-16874
-15271
-9419
-894
8039
14981
17991
16075
9452
-484
-11483
-20977
-26708
-27284
-22529
-13547
-2464
8071
15531
18124
15240
7608
-2863
-13539
-21694
-25174
-22923
-15258
-3804
8879
19903
26744
27847
23008
13430
1444
-10040
-18230
-21115
-17953
-9452
2389
14751
24660
29696
28562
21402
9768
-3740
-16081
-24488
-27110
-23450
-14470
-2370
9933
19489
23995
22337
14836
3174
-10002
-21698
-29260
-30980
-26482
-16796
-4110
8737
18907
24204
23562
17269
6882
-5141
-16010
-23227
-25144
-21317
-12579
-836
11371
21439
27272
27724
22829
13764
2566
-8328
-16611
-20598
-19566
-13876
-4870
5444
14830
21300
23513
21037
14409
4991
-5321
-14505
-20812
-23111
-21086
-15278
-6950
2178
10279
15767
17601
15467
9822
1797
-7032
-14943
-20394
-22308
-20275
-14624
-6366
2997
11743
18255
21326
20385
15618
7946
-1143
-9863
-16470
-19603
-18552
-13416
-5102
4831
14468
21899
25605
24765
19436
10561
-202
-10793
-19159
-23661
-23411
-18457
-9790
852
11321
19489
23676
22989
17506
8259
-2970
-14002
-22701
-27390
-27185
-22159
-13316
-2383
8538
17386
22537
23111
19117
11435
1619
-8414
-16757
-21866
-22839
-19557
-12675
-3479
6373
15156
21389
24077
22861
18059
10579
1745
-6935
-14023
-18380
-19340
-16806
-11247
-3621
4785
12557
18379
21238
20593
16466
9452
634
-8577
-16669
-22278
-24419
-22671
-17266
-9070
547
9934
17446
21735
21998
18136
10784
1216
-8878
-17691
-23626
-25585
-23172
-16768
-7458
3158
13264
21146
25502
25659
21680
14337
4956
-4831
-13373
-19282
-21658
-20214
-15302
-7819
962
9610
16770
21364
22742
20752
15744
8489
60
-8328
-15489
-20425
-22454
-21302
-17139
-10562
-2517
5819
13200
18490
20833
19793
15444
8376
-370
-9452
-17427
-22985
-25167
-23534
-18256
-10098
-306
9595
18051
23738
25781
23899
18445
10342
916
-8328
-15950
-20809
-22233
-20100
-14836
-7317
1280
9676
16676
21335
23071
21720
17531
11107
3316
-4831
-12303
-18167
-21692
-22436
-20294
-15522
-8715
-749
7315
14367
19391
21614
20635
16499
9718
1216
-7793
-15984
-22118
-25243
-24846
-20941
-14071
-5225
4317
13185
20136
24233
24981
22385
16923
9452
1064
-7079
-13917
-18615
-20664
-19908
-16541
-11055
-4160
3299
10441
16433
20571
22346
21500
18059
12350
4978
-3219
-11256
-18121
-22898
-24907
-23810
-19683
-13021
-4692
4186
12397
18810
22546
23111
20461
15010
7549
-873
-9116
-16108
-20992
-23227
-22631
-19380
-13947
-7025
575
8021
14540
19489
22393
22979
21192
17198
11380
4318
-3252
-10500
-16581
-20738
-22403
-21287
-17441
-11278
-3530
4831
12726
19119
23164
24330
22475
17858
11093
3053
-5263
-12871
-18928
-22826
-24245
-23158
-19803
-14624
-8203
-1193
5740
11965
16925
20162
21356
20348
17173
12078
5526
-1827
-9185
-15695
-20553
-23111
-22980
-20099
-14756
-7561
632
8844
16108
21593
24718
25209
23119
18786
12774
5772
-1491
-8328
-14156
-18525
-21131
-21815
-20554
-17456
-12759
-6829
-157
6661
12962
18074
21393
22467
21073
17269
11407
4108
-3815
-11459
-17953
-22575
-24845
-24580
-21894
-17166
-10967
-3970
3141
9741
15316
19489
22014
22770
21741
19008
14749
9242
2876
-3856
-10372
-16048
-20279
-22562
-22571
-20219
-15695
-9452
-2160
5382
12349
18005
21791
23390
22743
20034
15633
10027
3752
-2675
-8791
-14203
-18591
-21694
-23307
-23278
-21529
-18082
-13090
-6866
124
7279
13920
19371
23050
24552
23716
20646
15704
9452
2566
-4252
-10371
-15295
-18702
-20448
-20539
-19094
-16300
-12377
-7562
-2112
3683
9486
14901
19489
22805
24451
24142
21768
17438
11484
4439
-3027
-10196
-16398
-21097
-23949
-24833
-23833
-21195
-17269
-12441
-7082
-1521
3964
9127
13732
17535
20273
21685
21548
19726
16225
11226
5098
-1631
-8328
-14339
-19077
-22108
-23198
-22340
-19731
-15719
-10741
-5241
379
5798
10778
15145
18756
21466
23111
23512
22505
19986
15959
10586
4196
-2727
-9595
-15790
-20750
-24052
-25465
-24976
-22770
-19180
-14624
-9523
-4248
917
5776
10197
14077
17297
19700
21088
21249
20007
17276
13115
7755
1596
-4831
-10938
-16157
-20031
-22272
-22793
-21697
-19237
-15748
-11578
-7027
-2319
2403
7049
11537
15747
19489
22499
24467
25085
24121
21478
17245
11701
5294
-1425
-7882
-13568
-18106
-21295
-23105
-23647
-23111
-21701
-19579
-16838
-13498
-9548
-4992
89
5505
10937
15966
20131
23004
24269
23789
21632
18059
13479
8369
3188
-1692
-6031
-9732
-12810
-15333
-17361
-18889
-19825
-19992
-19174
-17181
-13920
-9452
-4016
1983
8031
13586
18168
21437
23239
23614
22759
20961
18517
15660
12521
9114
5374
1216
-3394
-8381
-13521
-18461
-22755
-25952
-27680
-27728
-26088
-22961
-18716
-13812
-8707
-3772
764
4831
8490
11867
15078
18157
21005
23396
25007
25498
24600
22191
18354
13373
7699
1865
-3613
-8328
-12050
-14744
-16547
-17693
-18431
-18934
-19241
-19243
-18710
-17367
-14982
-11457
-6883
-1553
4073
9452
14062
17506
19582
20313
19919
18745
17163
15467
13805
12147
10313
8037
5073
1287
-3267
-8328
-13456
-18116
-21785
-24065
-24768
-23951
-21896
-19028
-15815
-12647
-9751
-7146
-4666
-2023
1077
4831
9250
14115
19011
23395
26721
28561
28704
27204
24367
20675
16664
12802
9378
6445
3833
1216
-1772
-5409
-9781
-14721
-19828
-24540
-28256
-30482
-30944
-29657
-26921
-23245
-19226
-15398
-12111
-9452
-7239
-5094
-2565
728
4965
10045
15584
20986
25578
28767
30179
29755
27760
24720
21282
18059
15470
13644
12393
11282
9753
7294
3603
-1312
-7104
-13150
-18690
-23005
-25590
-26278
-25276
-23111
-20490
-18120
-16519
-15885
-16045
-16506
-16589
-15621
-13129
-8982
-3453
2828
9013
14239
17836
19489
19316
17833
15814
14091
13329
13846
15527
17844
19995
21112
20496
17815
13207
7266
912
-4831
-9088
-11343
-11577
-10263
-8243
-6510
-5936
-7044
-9852
-13860
-18163
-21681
-23433
-22803
-19704
-14624
-8515
-2563
2101
4690
4961
3277
517
-2150
-3571
-2915
95
5096
11155
16996
21313
23111
21957
18111
12473
6364
1202
-1858
-2218
0
3978
8403
11804
12923
11061
6263
-661
-8328
-15110
-19547
-20709
-18446
-13439
-7038
-933
3268
4451
2288
-2670
-9109
-15281
-19436
-20270
-17269
-10860
-2323
6503
13675
17624
17552
13646
7044
-438
-6748
-10116
-9502
-4874
2766
11612
19489
24393
24992
20975
13146
3247
-6453
-13713
-16874
-15271
-9419
-894
8039
14981
17991
16075
9452
-484
-11483
-20977
-26708
-27284
-22529
-13547
-2464
8071
15531
18124
15240
7608
-2863
-13539
-21694
-25174
-22923
-15258
-3804
8879
19903
26744
27847
23008
13430
1444
-10040
-18230
-21115
-17953
-9452
2389
14751
24660
29696
28562
21402
9768
-3740
-16081
-24488
-27110
-23450
-14470
-2370
9933
19489
23995
22337
14836
3174
-10002
-21698
-29260
-30980
-26482
-16796
-4110
8737
18907
24204
23562
17269
6882
-5141
-16010
-23227
-25144
-21317
-12579
-836
11371
21439
27272
27724
22829
13764
2566
-8328
-16611
-20598
-19566
-13876
-4870
5444
14830
21300
23513
21037
14409
4991
-5321
-14505
-20812
-23111
-21086
-15278
-6950
2178
10279
15767
17601
15467
9822
1797
-7032
-14943
-20394
-22308
-20275
-14624
-6366
2997
11743
18255
21326
20385
15618
7946
-1143
-9863
-16470
-19603
-18552
-13416
-5102
4831
14468
21899
25605
24765
19436
10561
-202
-10793
-19159
-23661
-23411
-18457
-9790
852
11321
19489
23676
22989
17506
8259
-2970
-14002
-22701
-27390
-27185
-22159
-13316
-2383
8538
17386
22537
23111
19117
11435
1619
-8414
-16757
-21866
-22839
-19557
-12675
-3479
6373
15156
21389
24077
22861
18059
10579
1745
-6935
-14023
-18380
-19340
-16806
-11247
-3621
4785
12557
18379
21238
20593
16466
9452
634
-8577
-16669
-22278
-24419
-22671
-17266
-9070
547
9934
17446
21735
21998
18136
10784
1216
-8878
-17691
-23626
-25585
-23172
-16768
-7458
3158
13264
21146
25502
25659
21680
14337
4956
-4831
-13373
-19282
-21658
-20214
-15302
-7819
962
9610
16770
21364
22742
20752
15744
8489
60
-8328
-15489
-20425
-22454
-21302
-17139
-10562
-2517
5819
13200
18490
20833
19793
15444
8376
-370
-9452
-17427
-22985
-25167
-23534
-18256
-10098
-306
9595
18051
23738
25781
23899
18445
10342
916
-8328
-15950
-20809
-22233
-20100
-14836
-7317
1280
9676
16676
21335
23071
21720
17531
11107
3316
-4831
-12303
-18167
-21692
-22436
-20294
-15522
-8715
-749
7315
14367
19391
21614
20635
16499
9718
1216
-7793
-15984
-22118
-25243
-24846
-20941
-14071
-5225
4317
13185
20136
24233
24981
22385
16923
9452
1064
-7079
-13917
-18615
-20664
-19908
-16541
-11055
-4160
3299
10441
16433
20571
22346
21500
18059
12350
4978
-3219
-11256
-18121
-22898
-24907
-23810
-19683
-13021
-4692
4186
12397
18810
22546
23111
20461
15010
7549
-873
-9116
-16108
-20992
-23227
-22631
-19380
-13947
-7025
575
8021
14540
19489
22393
22979
21192
17198
11380
4318
-3252
-10500
-16581
-20738
-22403
-21287
-17441
-11278
-3530
4831
12726
19119
23164
24330
22475
17858
11093
3053
-5263
-12871
-18928
-22826
-24245
-23158
-19803
-14624
-8203
-1193
5740
11965
16925
20162
21356
20348
17173
12078
5526
-1827
-9185
-15695
-20553
-23111
-22980
-20099
-14756
-7561
632
8844
16108
21593
24718
25209
23119
18786
12774
5772
-1491
-8328
-14156
-18525
-21131
-21815
-20554
-17456
-12759
-6829
-157
6661
12962
18074
21393
22467
21073
17269
11407
4108
-3815
-11459
-17953
-22575
-24845
-24580
-21894
-17166
-10967
-3970
3141
9741
15316
19489
22014
22770
21741
19008
14749
9242
2876
-3856
-10372
-16048
-20279
-22562
-22571
-20219
-15695
-9452
-2160
5382
12349
18005
21791
23390
22743
20034
15633
10027
3752
-2675
-8791
-14203
-18591
-21694
-23307
-23278
-21529
-18082
-13090
-6866
124
7279
13920
19371
23050
24552
23716
20646
15704
9452
2566
-4252
-10371
-15295
-18702
-20448
-20539
-19094
-16300
-12377
-7562
-2112
3683
9486
14901
19489
22805
24451
24142
21768
17438
11484
4439
-3027
-10196
-16398
-21097
-23949
-24833
-23833
-21195
-17269
-12441
-7082
-1521
3964
9127
13732
17535
20273
21685
21548
19726
16225
11226
5098
-1631
-8328
-14339
-19077
-22108
-23198
-22340
-19731
-15719
-10741
-5241
379
5798
10778
15145
18756
21466
23111
23512
22505
19986
15959
10586
4196
-2727
-9595
-15790
-20750
-24052
-25465
-24976
-22770
-19180
-14624
-9523
-4248
917
5776
10197
14077
17297
19700
21088
21249
20007
17276
13115
7755
1596
-4831
-10938
-16157
-20031
-22272
-22793
-21697
-19237
-15748
-11578
-7027
-2319
2403
7049
11537
15747
19489
22499
24467
25085
24121
21478
17245
11701
5294
-1425
-7882
-13568
-18106
-21295
-23105
-23647
-23111
-21701
-19579
-16838
-13498
-9548
-4992
89
5505
10937
15966
20131
23004
24269
23789
21632
18059
13479
8369
3188
-1692
-6031
-9732
-12810
-15333
-17361
-18889
-19825
-19992
-19174
-17181
-13920
-9452
-4016
1983
8031
13586
18168
21437
23239
23614
22759
20961
18517
15660
12521
9114
5374
1216
-3394
-8381
-13521
-18461
-22755
-25952
-27680
-27728
-26088
-22961
-18716
-13812
-8707
-3772
764
4831
8490
11867
15078
18157
21005
23396
25007
25498
24600
22191
18354
13373
7699
1865
-3613
-8328
-12050
-14744
-16547
-17693
-18431
-18934
-19241
-19243
-18710
-17367
-14982
-11457
-6883
-1553
4073
9452
14062
17506
19582
20313
19919
18745
17163
15467
13805
12147
10313
8037
5073
1287
-3267
-8328
-13456
-18116
-21785
-24065
-24768
-23951
-21896
-19028
-15815
-12647
-9751
-7146
-4666
-2023
1077
4831
9250
14115
19011
23395
26721
28561
28704
27204
24367
20675
16664
12802
9378
6445
3833
1216
-1772
-5409
-9781
-14721
-19828
-24540
-28256
-30482
-30944
-29657
-26921
-23245
-19226
-15398
-12111
-9452
-7239
-5094
-2565
728
4965
10045
15584
20986
25578
28767
30179
29755
27760
24720
21282
18059
15470
13644
12393
11282
9753
7294
3603
-1312
-7104
-13150
-18690
-23005
-25590
-26278
-25276
-23111
-20490
-18120
-16519
-15885
-16045
-16506
-16589
-15621
-13129
-8982
-3453
2828
9013
14239
17836
19489
19316
17833
15814
14091
13329
13846
15527
17844
19995
21112
20496
17815
13207
7266
912
-4831
-9088
-11343
-11577
-10263
-8243
-6510
-5936
-7044
-9852
-13860
-18163
-21681
-23433
-22803
-19704
-14624
-8515
-2563
2101
4690
4961
3277
517
-2150
-3571
-2915
95
5096
11155
16996
21313
23111
21957
18111
12473
6364
1202
-1858
-2218
0
3978
8403
11804
12923
11061
6263
-661
-8328
-15110
-19547
-20709
-18446
-13439
-7038
-933
3268
4451
2288
-2670
-9109
-15281
-19436
-20270
17269
10860
2323
-6503
-13675
-17624
-17552
-13646
-7044
438
6748
10116
9502
4874
-2766
-11612
-19489
-24393
-24992
-20975
-13146
-3247
6453
13713
16874
15271
9419
894
-8039
-14981
-17991
-16075
-9452
484
11483
20977
26708
27284
22529
13547
2464
-8071
-15531
-18124
-15240
-7608
2863
13539
21694
25174
22923
15258
3804
-8879
-19903
-26744
-27847
-23008
-13430
-1444
10040
18230
21115
17953
9452
-2389
-14751
-24660
-29696
-28562
-21402
-9768
3740
16081
24488
27110
23450
14470
2370
-9933
-19489
-23995
-22337
-14836
-3174
10002
21698
29260
30980
26482
16796
4110
-8737
-18907
-24204
-23562
-17269
-6882
5141
16010
23227
25144
21317
12579
836
-11371
-21439
-27272
-27724
-22829
-13764
-2566
8328
16611
20598
19566
13876
4870
-5444
-14830
-21300
-23513
-21037
-14409
-4991
5321
14505
20812
23111
21086
15278
6950
-2178
-10279
-15767
-17601
-15467
-9822
-1797
7032
14943
20394
22308
20275
14624
6366
-2997
-11743
-18255
-21326
-20385
-15618
-7946
1143
9863
16470
19603
18552
13416
5102
-4831
-14468
-21899
-25605
-24765
-19436
-10561
202
10793
19159
23661
23411
18457
9790
-852
-11321
-19489
-23676
-22989
-17506
-8259
2970
14002
22701
27390
27185
22159
13316
2383
-8538
-17386
-22537
-23111
-19117
-11435
-1619
8414
16757
21866
22839
19557
12675
3479
-6373
-15156
-21389
-24077
-22861
-18059
-10579
-1745
6935
14023
18380
19340
16806
11247
3621
-4785
-12557
-18379
-21238
-20593
-16466
-9452
-634
8577
16669
22278
24419
22671
17266
9070
-547
-9934
-17446
-21735
-21998
-18136
-10784
-1216
8878
17691
23626
25585
23172
16768
7458
-3158
-13264
-21146
-25502
-25659
-21680
-14337
-4956
4831
13373
19282
21658
20214
15302
7819
-962
-9610
-16770
-21364
-22742
-20752
-15744
-8489
-60
8328
15489
20425
22454
21302
17139
10562
2517
-5819
-13200
-18490
-20833
-19793
-15444
-8376
370
9452
17427
22985
25167
23534
18256
10098
306
-9595
-18051
-23738
-25781
-23899
-18445
-10342
-916
8328
15950
20809
22233
20100
14836
7317
-1280
-9676
-16676
-21335
-23071
-21720
-17531
-11107
-3316
4831
12303
18167
21692
22436
20294
15522
8715
749
-7315
-14367
-19391
-21614
-20635
-16499
-9718
-1216
7793
15984
22118
25243
24846
20941
14071
5225
-4317
-13185
-20136
-24233
-24981
-22385
-16923
-9452
-1064
7079
13917
18615
20664
19908
16541
11055
4160
-3299
-10441
-16433
-20571
-22346
-21500
-18059
-12350
-4978
3219
11256
18121
22898
24907
23810
19683
13021
4692
-4186
-12397
-18810
-22546
-23111
-20461
-15010
-7549
873
9116
16108
20992
23227
22631
19380
13947
7025
-575
-8021
-14540
-19489
-22393
-22979
-21192
-17198
-11380
-4318
3252
10500
16581
20738
22403
21287
17441
11278
3530
-4831
-12726
-19119
-23164
-24330
-22475
-17858
-11093
-3053
5263
12871
18928
22826
24245
23158
19803
14624
8203
1193
-5740
-11965
-16925
-20162
-21356
-20348
-17173
-12078
-5526
1827
9185
15695
20553
23111
22980
20099
14756
7561
-632
-8844
-16108
-21593
-24718
-25209
-23119
-18786
-12774
-5772
1491
8328
14156
18525
21131
21815
20554
17456
12759
6829
157
-6661
-12962
-18074
-21393
-22467
-21073
-17269
-11407
-4108
3815
11459
17953
22575
24845
24580
21894
17166
10967
3970
-3141
-9741
-15316
-19489
-22014
-22770
-21741
-19008
-14749
-9242
-2876
3856
10372
16048
20279
22562
22571
20219
15695
9452
2160
-5382
-12349
-18005
-21791
-23390
-22743
-20034
-15633
-10027
-3752
2675
8791
14203
18591
21694
23307
23278
21529
18082
13090
6866
-124
-7279
-13920
-19371
-23050
-24552
-23716
-20646
-15704
-9452
-2566
4252
10371
15295
18702
20448
20539
19094
16300
12377
7562
2112
-3683
-9486
-14901
-19489
-22805
-24451
-24142
-21768
-17438
-11484
-4439
3027
10196
16398
21097
23949
24833
23833
21195
17269
12441
7082
1521
-3964
-9127
-13732
-17535
-20273
-21685
-21548
-19726
-16225
-11226
-5098
1631
8328
14339
19077
22108
23198
22340
19731
15719
10741
5241
-379
-5798
-10778
-15145
-18756
-21466
-23111
-23512
-22505
-19986
-15959
-10586
-4196
2727
9595
15790
20750
24052
25465
24976
22770
19180
14624
9523
4248
-917
-5776
-10197
-14077
-17297
-19700
-21088
-21249
-20007
-17276
-13115
-7755
-1596
4831
10938
16157
20031
22272
22793
21697
19237
15748
11578
7027
2319
-2403
-7049
-11537
-15747
-19489
-22499
-24467
-25085
-24121
-21478
-17245
-11701
-5294
1425
7882
13568
18106
21295
23105
23647
23111
21701
19579
16838
13498
9548
4992
-89
-5505
-10937
-15966
-20131
-23004
-24269
-23789
-21632
-18059
-13479
-8369
-3188
1692
6031
9732
12810
15333
17361
18889
19825
19992
19174
17181
13920
9452
4016
-1983
-8031
-13586
-18168
-21437
-23239
-23614
-22759
-20961
-18517
-15660
-12521
-9114
-5374
-1216
3394
8381
13521
18461
22755
25952
27680
27728
26088
22961
18716
13812
8707
3772
-764
-4831
-8490
-11867
-15078
-18157
-21005
-23396
-25007
-25498
-24600
-22191
-18354
-13373
-7699
-1865
3613
8328
12050
14744
16547
17693
18431
18934
19241
19243
18710
17367
14982
11457
6883
1553
-4073
-9452
-14062
-17506
-19582
-20313
-19919
-18745
-17163
-15467
-13805
-12147
-10313
-8037
-5073
-1287
3267
8328
13456
18116
21785
24065
24768
23951
21896
19028
15815
12647
9751
7146
4666
2023
-1077
-4831
-9250
-14115
-19011
-23395
-26721
-28561
-28704
-27204
-24367
-20675
-16664
-12802
-9378
-6445
-3833
-1216
1772
5409
9781
14721
19828
24540
28256
30482
30944
29657
26921
23245
19226
15398
12111
9452
7239
5094
2565
-728
-4965
-10045
-15584
-20986
-25578
-28767
-30179
-29755
-27760
-24720
-21282
-18059
-15470
-13644
-12393
-11282
-9753
-7294
-3603
1312
7104
13150
18690
23005
25590
26278
25276
23111
20490
18120
16519
15885
16045
16506
16589
15621
13129
8982
3453
-2828
-9013
-14239
-17836
-19489
-19316
-17833
-15814
-14091
-13329
-13846
-15527
-17844
-19995
-21112
-20496
-17815
-13207
-7266
-912
4831
9088
11343
11577
10263
8243
6510
5936
7044
9852
13860
18163
21681
23433
22803
19704
14624
8515
2563
-2101
-4690
-4961
-3277
-517
2150
3571
2915
-95
-5096
-11155
-16996
-21313
-23111
-21957
-18111
-12473
-6364
-1202
1858
2218
0
-3978
-8403
-11804
-12923
-11061
-6263
661
8328
15110
19547
20709
18446
13439
7038
933
-3268
-4451
-2288
2670
9109
15281
19436
20270
-17269
-10860
-2323
6503
13675
17624
17552
13646
7044
-438
-6748
-10116
-9502
-4874
2766
11612
19489
24393
24992
20975
13146
3247
-6453
-13713
-16874
-15271
-9419
-894
8039
14981
17991
16075
9452
-484
-11483
-20977
-26708
-27284
-22529
-13547
-2464
8071
15531
18124
15240
7608
-2863
-13539
-21694
-25174
-22923
-15258
-3804
8879
19903
26744
27847
23008
13430
1444
-10040
-18230
-21115
-17953
-9452
2389
14751
24660
29696
28562
21402
9768
-3740
-16081
-24488
-27110
-23450
-14470
-2370
9933
19489
23995
22337
14836
3174
-10002
-21698
-29260
-30980
-26482
-16796
-4110
8737
18907
24204
23562
17269
6882
-5141
-16010
-23227
-25144
-21317
-12579
-836
11371
21439
27272
27724
22829
13764
2566
-8328
-16611
-20598
-19566
-13876
-4870
5444
14830
21300
23513
21037
14409
4991
-5321
-14505
-20812
-23111
-21086
-15278
-6950
2178
10279
15767
17601
15467
9822
1797
-7032
-14943
-20394
-22308
-20275
-14624
-6366
2997
11743
18255
21326
20385
15618
7946
-1143
-9863
-16470
-19603
-18552
-13416
-5102
4831
14468
21899
25605
24765
19436
10561
-202
-10793
-19159
-23661
-23411
-18457
-9790
852
11321
19489
23676
22989
17506
8259
-2970
-14002
-22701
-27390
-27185
-22159
-13316
-2383
8538
17386
22537
23111
19117
11435
1619
-8414
-16757
-21866
-22839
-19557
-12675
-3479
6373
15156
21389
24077
22861
18059
10579
1745
-6935
-14023
-18380
-19340
-16806
-11247
-3621
4785
12557
18379
21238
20593
16466
9452
634
-8577
-16669
-22278
-24419
-22671
-17266
-9070
547
9934
17446
21735
21998
18136
10784
1216
-8878
-17691
-23626
-25585
-23172
-16768
-7458
3158
13264
21146
25502
25659
21680
14337
4956
-4831
-13373
-19282
-21658
-20214
-15302
-7819
962
9610
16770
21364
22742
20752
15744
8489
60
-8328
-15489
-20425
-22454
-21302
-17139
-10562
-2517
5819
13200
18490
20833
19793
15444
8376
-370
-9452
-17427
-22985
-25167
-23534
-18256
-10098
-306
9595
18051
23738
25781
23899
18445
10342
916
-8328
-15950
-20809
-22233
-20100
-14836
-7317
1280
9676
16676
21335
23071
21720
17531
11107
3316
-4831
-12303
-18167
-21692
-22436
-20294
-15522
-8715
-749
7315
14367
19391
21614
20635
16499
9718
1216
-7793
-15984
-22118
-25243
-24846
-20941
-14071
-5225
4317
13185
20136
24233
24981
22385
16923
9452
1064
-7079
-13917
-18615
-20664
-19908
-16541
-11055
-4160
3299
10441
16433
20571
22346
21500
18059
12350
4978
-3219
-11256
-18121
-22898
-24907
-23810
-19683
-13021
-4692
4186
12397
18810
22546
23111
20461
15010
7549
-873
-9116
-16108
-20992
-23227
-22631
-19380
-13947
-7025
575
8021
14540
19489
22393
22979
21192
17198
11380
4318
-3252
-10500
-16581
-20738
-22403
-21287
-17441
-11278
-3530
4831
12726
19119
23164
24330
22475
17858
11093
3053
-5263
-12871
-18928
-22826
-24245
-23158
-19803
-14624
-8203
-1193
5740
11965
16925
20162
21356
20348
17173
12078
5526
-1827
-9185
-15695
-20553
-23111
-22980
-20099
-14756
-7561
632
8844
16108
21593
24718
25209
23119
18786
12774
5772
-1491
-8328
-14156
-18525
-21131
-21815
-20554
-17456
-12759
-6829
-157
6661
12962
18074
21393
22467
21073
17269
11407
4108
-3815
-11459
-17953
-22575
-24845
-24580
-21894
-17166
-10967
-3970
3141
9741
15316
19489
22014
22770
21741
19008
14749
9242
2876
-3856
-10372
-16048
-20279
-22562
-22571
-20219
-15695
-9452
-2160
5382
12349
18005
21791
23390
22743
20034
15633
10027
3752
-2675
-8791
-14203
-18591
-21694
-23307
-23278
-21529
-18082
-13090
-6866
124
7279
13920
19371
23050
24552
23716
20646
15704
9452
2566
-4252
-10371
-15295
-18702
-20448
-20539
-19094
-16300
-12377
-7562
-2112
3683
9486
14901
19489
22805
24451
24142
21768
17438
11484
4439
-3027
-10196
-16398
-21097
-23949
-24833
-23833
-21195
-17269
-12441
-7082
-1521
3964
9127
13732
17535
20273
21685
21548
19726
16225
11226
5098
-1631
-8328
-14339
-19077
-22108
-23198
-22340
-19731
-15719
-10741
-5241
379
5798
10778
15145
18756
21466
23111
23512
22505
19986
15959
10586
4196
-2727
-9595
-15790
-20750
-24052
-25465
-24976
-22770
-19180
-14624
-9523
-4248
917
5776
10197
14077
17297
19700
21088
21249
20007
17276
13115
7755
1596
-4831
-10938
-16157
-20031
-22272
-22793
-21697
-19237
-15748
-11578
-7027
-2319
2403
7049
11537
15747
19489
22499
24467
25085
24121
21478
17245
11701
5294
-1425
-7882
-13568
-18106
-21295
-23105
-23647
-23111
-21701
-19579
-16838
-13498
-9548
-4992
89
5505
10937
15966
20131
23004
24269
23789
21632
18059
13479
8369
3188
-1692
-6031
-9732
-12810
-15333
-17361
-18889
-19825
-19992
-19174
-17181
-13920
-9452
-4016
1983
8031
13586
18168
21437
23239
23614
22759
20961
18517
15660
12521
9114
5374
1216
-3394
-8381
-13521
-18461
-22755
-25952
-27680
-27728
-26088
-22961
-18716
-13812
-8707
-3772
764
4831
8490
11867
15078
18157
21005
23396
25007
25498
24600
22191
18354
13373
7699
1865
-3613
-8328
-12050
-14744
-16547
-17693
-18431
-18934
-19241
-19243
-18710
-17367
-14982
-11457
-6883
-1553
4073
9452
14062
17506
19582
20313
19919
18745
17163
15467
13805
12147
10313
8037
5073
1287
-3267
-8328
-13456
-18116
-21785
-24065
-24768
-23951
-21896
-19028
-15815
-12647
-9751
-7146
-4666
-2023
1077
4831
9250
14115
19011
23395
26721
28561
28704
27204
24367
20675
16664
12802
9378
6445
3833
1216
-1772
-5409
-9781
-14721
-19828
-24540
-28256
-30482
-30944
-29657
-26921
-23245
-19226
-15398
-12111
-9452
-7239
-5094
-2565
728
4965
10045
15584
20986
25578
28767
30179
29755
27760
24720
21282
18059
15470
13644
12393
11282
9753
7294
3603
-1312
-7104
-13150
-18690
-23005
-25590
-26278
-25276
-23111
-20490
-18120
-16519
-15885
-16045
-16506
-16589
-15621
-13129
-8982
-3453
2828
9013
14239
17836
19489
19316
17833
15814
14091
13329
13846
15527
17844
19995
21112
20496
17815
13207
7266
912
-4831
-9088
-11343
-11577
-10263
-8243
-6510
-5936
-7044
-9852
-13860
-18163
-21681
-23433
-22803
-19704
-14624
-8515
-2563
2101
4690
4961
3277
517
-2150
-3571
-2915
95
5096
11155
16996
21313
23111
21957
18111
12473
6364
1202
-1858
-2218
0
3978
8403
11804
12923
11061
6263
-661
-8328
-15110
-19547
-20709
-18446
-13439
-7038
-933
3268
4451
2288
-2670
-9109
-15281
-19436
-20270
0
0
0
0
0
0
0
0
0
0
0
0
0
0
0
0
0
0
0
0
0
0
0
0
0
0
0
0
0
0
0
0
0
0
0
0
0
0
0
0
0
0
0
0
0
0
0
0
0
0
0
0
0
0
0
0
0
0
0
0
0
0
0
0
0
0
0
0
0
0
0
0
0
0
0
0
0
0
0
0
0
0
0
0
0
0
0
0
0
0
0
0
0
0
0
0
0
0
0
0
0
0
0
0
0
0
0
0
0
0
0
0
0
0
0
0
0
0
0
0
0
0
0
0
0
0
0
0
0
0
0
0
0
0
0
0
0
0
0
0
0
0
0
0
0
0
0
0
0
0
0
0
0
0
0
0
0
0
0
0
0
0
0
0
0
0
0
0
0
0
0
0
0
0
0
0
0
0
0
0
0
0
0
0
0
0
0
0
0
0
0
0
0
0
0
0
0
0
0
0
0
0
0
0
0
0
0
0
0
0
0
0
0
0
0
0
0
0
0
0
0
0
0
0
0
0
0
0
0
0
0
0
0
0
0
0
0
0
0
0
0
0
0
0
0
0
0
0
0
0
0
0
0
0
0
0
0
0
0
0
0
0
0
0
0
0
0
0
0
0
0
0
0
0
0
0
0
0
0
0
0
0
0
0
0
0
0
0
0
0
0
0
0
0
0
0
0
0
0
0
0
0
0
0
0
0
0
0
0
0
0
0
0
0
0
0
0
0
0
0
0
0
0
0
0
0
0
0
0
0
0
0
0
0
0
0
0
0
0
0
0
0
0
0
0
0
0
0
0
0
0
0
0
0
0
0
0
0
0
0
0
0
0
0
0
0
0
0
0
0
0
0
0
0
0
0
0
0
0
0
0
0
0
0
0
0
0
0
0
0
0
0
0
0
0
0
0
0
0
0
0
0
0
0
0
0
0
0
0
0
0
0
0
0
0
0
0
0
0
0
0
0
0
0
0
0
0
0
0
0
0
0
0
0
0
0
0
0
0
0
0
0
0
0
0
0
0
0
0
0
0
0
0
0
0
0
0
0
0
0
0
0
0
0
0
0
0
0
0
0
0
0
0
0
0
0
0
0
0
0
0
0
0
0
0
0
0
0
0
0
0
0
0
0
0
0
0
0
0
0
0
0
0
0
0
0
0
0
0
0
0
0
0
0
0
0
0
0
0
0
0
0
0
0
0
0
0
0
0
0
0
0
0
0
0
0
0
0
0
0
0
0
0
0
0
0
0
0
0
0
0
0
0
0
0
0
0
0
0
0
0
0
0
0
0
0
0
0
0
0
0
0
0
0
0
0
0
0
0
0
0
0
0
0
0
0
0
0
0
0
0
0
0
0
0
0
0
0
0
0
0
0
0
0
0
0
0
0
0
0
0
0
0
0
0
0
0
0
0
0
0
0
0
0
0
0
0
0
0
0
0
0
0
0
0
0
0
0
0
0
0
0
0
0
0
0
0
0
0
0
0
0
0
0
0
0
0
0
0
0
0
0
0
0
0
0
0
0
0
0
0
0
0
0
0
0
0
0
0
0
0
0
0
0
0
0
0
0
0
0
0
0
0
0
0
0
0
0
0
0
0
0
0
0
0
0
0
0
0
0
0
0
0
0
0
0
0
0
0
0
0
0
0
0
0
0
0
0
0
0
0
0
0
0
0
0
0
0
0
0
0
0
0
0
0
0
0
0
0
0
0
0
0
0
0
0
0
0
0
0
0
0
0
0
0
0
0
0
0
0
0
0
0
0
0
0
0
0
0
0
0
0
0
0
0
0
0
0
0
0
0
0
0
0
0
0
0
0
0
0
0
0
0
0
0
0
0
0
0
0
0
0
0
0
0
0
0
0
0
0
0
0
0
0
0
0
0
0
0
0
0
0
0
0
0
0
0
0
0
0
0
0
0
0
0
0
0
0
0
0
0
0
0
0
0
0
0
0
0
0
0
0
0
0
0
0
0
0
0
0
0
0
0
0
0
0
0
0
0
0
0
0
0
0
0
0
0
0
0
0
0
0
0
0
0
0
0
0
0
0
0
0
0
0
0
0
0
0
0
0
0
0
0
0
0
0
0
0
0
0
0
0
0
0
0
0
0
0
0
0
0
0
0
0
0
0
0
0
0
0
0
0
0
0
0
0
0
0
0
0
0
0
0
0
0
0
0
0
0
0
0
9581
18135
24766
28817
29961
28224
23982
17893
10808
3647
-2725
-7621
-10612
-11576
-10706
-8468
-5509
-2559
-313
689
142
-1972
-5376
-9534
-13735
-17195
-19179
-19118
-16702
-11939
-5170
2965
11602
19762
26479
30929
32542
31078
26663
19775
11182
1845
-7211
-15024
-20823
-24113
-24737
-22883
-19041
-13929
-8373
-3198
906
3467
4300
3525
1534
-1071
-3587
-5315
-5685
-4347
-1236
3406
9057
14983
20336
24278
26103
25343
21849
15816
7778
-1461
-10918
-19561
-26441
-30808
-32215
-30571
-26144
-19531
-11562
-3201
4595
10996
15406
17528
17402
15370
12023
8096
4357
1481
-43
0
1538
4212
7441
10509
12682
13325
12010
8587
3228
-3585
-11124
-18492
-24755
-29065
-30776
-29547
-25380
-18644
-10021
-427
9102
17553
24048
27967
29014
27253
23086
17189
10410
3654
-2252
-6664
-9202
-9801
-8697
-6386
-3533
-862
957
1427
294
-2401
-6324
-10894
-15365
-18937
-20879
-20643
-17952
-12862
-5753
2688
11568
19890
26687
31147
32724
31210
26765
19894
11387
2204
-6631
-14188
-19724
-22788
-23267
-21379
-17644
-12781
-7611
-2926
622
2621
2940
1750
-508
-3210
-5641
-7112
-7086
-5257
-1612
3550
9659
15941
21522
25559
27357
26474
22795
16555
8326
-1057
-10597
-19258
-26101
-30402
-31745
-30071
-25683
-19194
-11447
-3392
4033
10038
14070
15882
15557
13473
10238
6590
3273
932
-2
635
2709
5811
9321
12499
14611
15040
13389
9555
3759
-3469
-11359
-18987
-25405
-29770
-31457
-30149
-25888
-19074
-10418
-849
8592
16904
23235
26999
27940
26155
22072
16383
9931
3600
-1816
-5721
-7791
-8010
-6664
-4274
-1523
872
2270
2213
501
-2767
-7202
-12174
-16908
-20590
-22493
-22093
-19149
-13754
-6339
2374
11464
19918
26770
31224
32760
31203
26744
19917
11525
2536
-6047
-13312
-18558
-21378
-21697
-19775
-16148
-11545
-6772
-2592
391
1814
1609
0
-2532
-5334
-7684
-8907
-8497
-6190
-2029
3634
10181
16798
22594
26719
28492
27497
23654
17236
8851
-639
-10225
-18870
-25648
-29863
-31134
-29435
-25096
-18752
-11251
-3534
3491
9072
12702
14188
13653
11511
8388
5019
2130
323
-16
1214
3824
7351
11139
14431
16487
16712
14742
10519
4311
-3302
-11514
-19375
-25929
-30338
-31998
-30621
-26285
-19421
-10764
-1261
8055
16193
22332
25922
26744
24933
20943
15474
9369
3486
-1418
-4799
-6384
-6213
-4614
-2142
511
2634
3616
3039
758
-3070
-8002
-13367
-18355
-22144
-24014
-23461
-20282
-14611
-6922
2028
11292
19847
26729
31162
32651
31056
26598
19839
11594
2831
-5460
-12404
-17334
-19890
-20039
-18076
-14561
-10224
-5859
-2194
211
1052
317
-1716
-4525
-7432
-9706
-10692
-9907
-7141
-2485
3657
10619
17554
23550
27755
29504
28407
24419
17853
9347
-214
-9806
-18399
-25086
-29197
-30386
-28661
-24384
-18206
-10976
-3624
2973
8103
11313
12454
11699
9494
6481
3392
932
-338
-86
1734
4874
8825
12889
16292
18300
18331
16060
11470
4881
-3088
-11592
-19659
-26327
-30767
-32396
-30959
-26566
-19680
-11058
-1655
7496
15426
21346
24741
25433
23594
19703
14468
8725
3309
-1065
-3903
-4990
-4419
-2559
0
2559
4419
4990
3903
1065
-3309
-8725
-14468
-19703
-23594
-25433
-24741
-21346
-15426
-7496
1655
11058
19680
26566
30959
32396
30767
26327
19659
11592
3088
-4881
-11470
-16060
-18331
-18300
-16292
-12889
-8825
-4874
-1734
86
338
-932
-3392
-6481
-9494
-11699
-12454
-11313
-8103
-2973
3624
10976
18206
24384
28661
30386
29197
25086
18399
9806
214
-9347
-17853
-24419
-28407
-29504
-27755
-23550
-17554
-10619
-3657
2485
7141
9907
10692
9706
7432
4525
1716
-317
-1052
-211
2194
5859
10224
14561
18076
20039
19890
17334
12404
5460
-2831
-11594
-19839
-26598
-31056
-32651
-31162
-26729
-19847
-11292
-2028
6922
14611
20282
23461
24014
22144
18355
13367
8002
3070
-758
-3039
-3616
-2634
-511
2142
4614
6213
6384
4799
1418
-3486
-9369
-15474
-20943
-24933
-26744
-25922
-22332
-16193
-8055
1261
10764
19421
26285
30621
31998
30338
25929
19375
11514
3302
-4311
-10519
-14742
-16712
-16487
-14431
-11139
-7351
-3824
-1214
16
-323
-2130
-5019
-8388
-11511
-13653
-14188
-12702
-9072
-3491
3534
11251
18752
25096
29435
31134
29863
25648
18870
10225
639
-8851
-17236
-23654
-27497
-28492
-26719
-22594
-16798
-10181
-3634
2029
6190
8497
8907
7684
5334
2532
0
-1609
-1814
-391
2592
6772
11545
16148
19775
21697
21378
18558
13312
6047
-2536
-11525
-19917
-26744
-31203
-32760
-31224
-26770
-19918
-11464
-2374
6339
13754
19149
22093
22493
20590
16908
12174
7202
2767
-501
-2213
-2270
-872
1523
4274
6664
8010
7791
5721
1816
-3600
-9931
-16382
-22072
-26155
-27940
-26999
-23235
-16904
-8592
849
10418
19074
25888
30149
31457
29770
25405
18987
11359
3469
-3759
-9555
-13389
-15040
-14611
-12499
-9321
-5811
-2709
-635
2
-932
-3273
-6590
-10238
-13473
-15557
-15882
-14070
-10038
-4033
3392
11447
19194
25683
30071
31745
30402
26101
19258
10597
1057
-8326
-16555
-22795
-26474
-27357
-25559
-21522
-15941
-9659
-3550
1612
5257
7086
7112
5641
3210
508
-1750
-2940
-2621
-622
2926
7611
12781
17644
21379
23267
22788
19724
14188
6631
-2204
-11387
-19894
-26765
-31210
-32724
-31147
-26687
-19890
-11568
-2688
5753
12862
17952
20643
20879
18937
15365
10894
6324
2401
-294
-1427
-957
862
3533
6386
8697
9801
9202
6664
2252
-3654
-10410
-17189
-23086
-27253
-29014
-27967
-24048
-17553
-9102
427
10021
18644
25380
29547
30776
29065
24755
18492
11124
3585
-3228
-8587
-12010
-13325
-12682
-10509
-7441
-4212
-1538
0
43
-1481
-4357
-8096
-12023
-15370
-17402
-17528
-15406
-10996
-4595
3201
11562
19531
26144
30571
32215
30808
26441
19561
10918
1461
-7778
-15816
-21849
-25343
-26103
-24278
-20336
-14983
-9057
-3406
1236
4347
5685
5315
3587
1071
-1534
-3525
-4300
-3467
-906
3198
8373
13929
19041
22883
24737
24113
20823
15024
7211
-1845
-11182
-19775
-26663
-31078
-32542
-30929
-26479
-19762
-11602
-2965
5170
11939
16702
19118
19179
17195
13735
9534
5376
1972
-142
-689
313
2559
5509
8468
10706
11576
10612
7621
2725
-3647
-10808
-17893
-23982
-28224
-29961
-28817
-24766
-18135
-9581
0
9581
18135
24766
28817
29961
28224
23982
17893
10808
3647
-2725
-7621
-10612
-11576
-10706
-8468
-5509
-2559
-313
689
142
-1972
-5376
-9534
-13735
-17195
-19179
-19118
-16702
-11939
-5170
2965
11602
19762
26479
30929
32542
31078
26663
19775
11182
1845
-7211
-15024
-20823
-24113
-24737
-22883
-19041
-13929
-8373
-3198
906
3467
4300
3525
1534
-1071
-3587
-5315
-5685
-4347
-1236
3406
9057
14983
20336
24278
26103
25343
21849
15816
7778
-1461
-10918
-19561
-26441
-30808
-32215
-30571
-26144
-19531
-11562
-3201
4595
10996
15406
17528
17402
15370
12023
8096
4357
1481
-43
0
1538
4212
7441
10509
12682
13325
12010
8587
3228
-3585
-11124
-18492
-24755
-29065
-30776
-29547
-25380
-18644
-10021
-427
9102
17553
24048
27967
29014
27253
23086
17189
10410
3654
-2252
-6664
-9202
-9801
-8697
-6386
-3533
-862
957
1427
294
-2401
-6324
-10894
-15365
-18937
-20879
-20643
-17952
-12862
-5753
2688
11568
19890
26687
31147
32724
31210
26765
19894
11387
2204
-6631
-14188
-19724
-22788
-23267
-21379
-17644
-12781
-7611
-2926
622
2621
2940
1750
-508
-3210
-5641
-7112
-7086
-5257
-1612
3550
9659
15941
21522
25559
27357
26474
22795
16555
8326
-1057
-10597
-19258
-26101
-30402
-31745
-30071
-25683
-19194
-11447
-3392
4033
10038
14070
15882
15557
13473
10238
6590
3273
932
-2
635
2709
5811
9321
12499
14611
15040
13389
9555
3759
-3469
-11359
-18987
-25405
-29770
-31457
-30149
-25888
-19074
-10418
-849
8592
16904
23235
26999
27940
26155
22072
16383
9931
3600
-1816
-5721
-7791
-8010
-6664
-4274
-1523
872
2270
2213
501
-2767
-7202
-12174
-16908
-20590
-22493
-22093
-19149
-13754
-6339
2374
11464
19918
26770
31224
32760
31203
26744
19917
11525
2536
-6047
-13312
-18558
-21378
-21697
-19775
-16148
-11545
-6772
-2592
391
1814
1609
0
-2532
-5334
-7684
-8907
-8497
-6190
-2029
3634
10181
16798
22594
26719
28492
27497
23654
17236
8851
-639
-10225
-18870
-25648
-29863
-31134
-29435
-25096
-18752
-11251
-3534
3491
9072
12702
14188
13653
11511
8388
5019
2130
323
-16
1214
3824
7351
11139
14431
16487
16712
14742
10519
4311
-3302
-11514
-19375
-25929
-30338
-31998
-30621
-26285
-19421
-10764
-1261
8055
16193
22332
25922
26744
24933
20943
15474
9369
3486
-1418
-4799
-6384
-6213
-4614
-2142
511
2634
3616
3039
758
-3070
-8002
-13367
-18355
-22144
-24014
-23461
-20282
-14611
-6922
2028
11292
19847
26729
31162
32651
31056
26598
19839
11594
2831
-5460
-12404
-17334
-19890
-20039
-18076
-14561
-10224
-5859
-2194
211
1052
317
-1716
-4525
-7432
-9706
-10692
-9907
-7141
-2485
3657
10619
17554
23550
27755
29504
28407
24419
17853
9347
-214
-9806
-18399
-25086
-29197
-30386
-28661
-24384
-18206
-10976
-3624
2973
8103
11313
12454
11699
9494
6481
3392
932
-338
-86
1734
4874
8825
12889
16292
18300
18331
16060
11470
4881
-3088
-11592
-19659
-26327
-30767
-32396
-30959
-26566
-19680
-11058
-1655
7496
15426
21346
24741
25433
23594
19703
14468
8725
3309
-1065
-3903
-4990
-4419
-2559
0
2559
4419
4990
3903
1065
-3309
-8725
-14468
-19703
-23594
-25433
-24741
-21346
-15426
-7496
1655
11058
19680
26566
30959
32396
30767
26327
19659
11592
3088
-4881
-11470
-16060
-18331
-18300
-16292
-12889
-8825
-4874
-1734
86
338
-932
-3392
-6481
-9494
-11699
-12454
-11313
-8103
-2973
3624
10976
18206
24384
28661
30386
29197
25086
18399
9806
214
-9347
-17853
-24419
-28407
-29504
-27755
-23550
-17554
-10619
-3657
2485
7141
9907
10692
9706
7432
4525
1716
-317
-1052
-211
2194
5859
10224
14561
18076
20039
19890
17334
12404
5460
-2831
-11594
-19839
-26598
-31056
-32651
-31162
-26729
-19847
-11292
-2028
6922
14611
20282
23461
24014
22144
18355
13367
8002
3070
-758
-3039
-3616
-2634
-511
2142
4614
6213
6384
4799
1418
-3486
-9369
-15474
-20943
-24933
-26744
-25922
-22332
-16193
-8055
1261
10764
19421
26285
30621
31998
30338
25929
19375
11514
3302
-4311
-10519
-14742
-16712
-16487
-14431
-11139
-7351
-3824
-1214
16
-323
-2130
-5019
-8388
-11511
-13653
-14188
-12702
-9072
-3491
3534
11251
18752
25096
29435
31134
29863
25648
18870
10225
639
-8851
-17236
-23654
-27497
-28492
-26719
-22594
-16798
-10181
-3634
2029
6190
8497
8907
7684
5334
2532
0
-1609
-1814
-391
2592
6772
11545
16148
19775
21697
21378
18558
13312
6047
-2536
-11525
-19917
-26744
-31203
-32760
-31224
-26770
-19918
-11464
-2374
6339
13754
19149
22093
22493
20590
16908
12174
7202
2767
-501
-2213
-2270
-872
1523
4274
6664
8010
7791
5721
1816
-3600
-9931
-16382
-22072
-26155
-27940
-26999
-23235
-16904
-8592
849
10418
19074
25888
30149
31457
29770
25405
18987
11359
3469
-3759
-9555
-13389
-15040
-14611
-12499
-9321
-5811
-2709
-635
2
-932
-3273
-6590
-10238
-13473
-15557
-15882
-14070
-10038
-4033
3392
11447
19194
25683
30071
31745
30402
26101
19258
10597
1057
-8326
-16555
-22795
-26474
-27357
-25559
-21522
-15941
-9659
-3550
1612
5257
7086
7112
5641
3210
508
-1750
-2940
-2621
-622
2926
7611
12781
17644
21379
23267
22788
19724
14188
6631
-2204
-11387
-19894
-26765
-31210
-32724
-31147
-26687
-19890
-11568
-2688
5753
12862
17952
20643
20879
18937
15365
10894
6324
2401
-294
-1427
-957
862
3533
6386
8697
9801
9202
6664
2252
-3654
-10410
-17189
-23086
-27253
-29014
-27967
-24048
-17553
-9102
427
10021
18644
25380
29547
30776
29065
24755
18492
11124
3585
-3228
-8587
-12010
-13325
-12682
-10509
-7441
-4212
-1538
0
43
-1481
-4357
-8096
-12023
-15370
-17402
-17528
-15406
-10996
-4595
3201
11562
19531
26144
30571
32215
30808
26441
19561
10918
1461
-7778
-15816
-21849
-25343
-26103
-24278
-20336
-14983
-9057
-3406
1236
4347
5685
5315
3587
1071
-1534
-3525
-4300
-3467
-906
3198
8373
13929
19041
22883
24737
24113
20823
15024
7211
-1845
-11182
-19775
-26663
-31078
-32542
-30929
-26479
-19762
-11602
-2965
5170
11939
16702
19118
19179
17195
13735
9534
5376
1972
-142
-689
313
2559
5509
8468
10706
11576
10612
7621
2725
-3647
-10808
-17893
-23982
-28224
-29961
-28817
-24766
-18135
-9581
0
9581
18135
24766
28817
29961
28224
23982
17893
10808
3647
-2725
-7621
-10612
-11576
-10706
-8468
-5509
-2559
-313
689
142
-1972
-5376
-9534
-13735
-17195
-19179
-19118
-16702
-11939
-5170
2965
11602
19762
26479
30929
32542
31078
26663
19775
11182
1845
-7211
-15024
-20823
-24113
-24737
-22883
-19041
-13929
-8373
-3198
906
3467
4300
3525
1534
-1071
-3587
-5315
-5685
-4347
-1236
3406
9057
14983
20336
24278
26103
25343
21849
15816
7778
-1461
-10918
-19561
-26441
-30808
-32215
-30571
-26144
-19531
-11562
-3201
4595
10996
15406
17528
17402
15370
12023
8096
4357
1481
-43
0
1538
4212
7441
10509
12682
13325
12010
8587
3228
-3585
-11124
-18492
-24755
-29065
-30776
-29547
-25380
-18644
-10021
-427
9102
17553
24048
27967
29014
27253
23086
17189
10410
3654
-2252
-6664
-9202
-9801
-8697
-6386
-3533
-862
957
1427
294
-2401
-6324
-10894
-15365
-18937
-20879
-20643
-17952
-12862
-5753
2688
11568
19890
26687
31147
32724
31210
26765
19894
11387
2204
-6631
-14188
-19724
-22788
-23267
-21379
-17644
-12781
-7611
-2926
622
2621
2940
1750
-508
-3210
-5641
-7112
-7086
-5257
-1612
3550
9659
15941
21522
25559
27357
26474
22795
16555
8326
-1057
-10597
-19258
-26101
-30402
-31745
-30071
-25683
-19194
-11447
-3392
4033
10038
14070
15882
15557
13473
10238
6590
3273
932
-2
635
2709
5811
9321
12499
14611
15040
13389
9555
3759
-3469
-11359
-18987
-25405
-29770
-31457
-30149
-25888
-19074
-10418
-849
8592
16904
23235
26999
27940
26155
22072
16383
9931
3600
-1816
-5721
-7791
-8010
-6664
-4274
-1523
872
2270
2213
501
-2767
-7202
-12174
-16908
-20590
-22493
-22093
-19149
-13754
-6339
2374
11464
19918
26770
31224
32760
31203
26744
19917
11525
2536
-6047
-13312
-18558
-21378
-21697
-19775
-16148
-11545
-6772
-2592
391
1814
1609
0
-2532
-5334
-7684
-8907
-8497
-6190
-2029
3634
10181
16798
22594
26719
28492
27497
23654
17236
8851
-639
-10225
-18870
-25648
-29863
-31134
-29435
-25096
-18752
-11251
-3534
3491
9072
12702
14188
13653
11511
8388
5019
2130
323
-16
1214
3824
7351
11139
14431
16487
16712
14742
10519
4311
-3302
-11514
-19375
-25929
-30338
-31998
-30621
-26285
-19421
-10764
-1261
8055
16193
22332
25922
26744
24933
20943
15474
9369
3486
-1418
-4799
-6384
-6213
-4614
-2142
511
2634
3616
3039
758
-3070
-8002
-13367
-18355
-22144
-24014
-23461
-20282
-14611
-6922
2028
11292
19847
26729
31162
32651
31056
26598
19839
11594
2831
-5460
-12404
-17334
-19890
-20039
-18076
-14561
-10224
-5859
-2194
211
1052
317
-1716
-4525
-7432
-9706
-10692
-9907
-7141
-2485
3657
10619
17554
23550
27755
29504
28407
24419
17853
9347
-214
-9806
-18399
-25086
-29197
-30386
-28661
-24384
-18206
-10976
-3624
2973
8103
11313
12454
11699
9494
6481
3392
932
-338
-86
1734
4874
8825
12889
16292
18300
18331
16060
11470
4881
-3088
-11592
-19659
-26327
-30767
-32396
-30959
-26566
-19680
-11058
-1655
7496
15426
21346
24741
25433
23594
19703
14468
8725
3309
-1065
-3903
-4990
-4419
-2559
0
2559
4419
4990
3903
1065
-3309
-8725
-14468
-19703
-23594
-25433
-24741
-21346
-15426
-7496
1655
11058
19680
26566
30959
32396
30767
26327
19659
11592
3088
-4881
-11470
-16060
-18331
-18300
-16292
-12889
-8825
-4874
-1734
86
338
-932
-3392
-6481
-9494
-11699
-12454
-11313
-8103
-2973
3624
10976
18206
24384
28661
30386
29197
25086
18399
9806
214
-9347
-17853
-24419
-28407
-29504
-27755
-23550
-17554
-10619
-3657
2485
7141
9907
10692
9706
7432
4525
1716
-317
-1052
-211
2194
5859
10224
14561
18076
20039
19890
17334
12404
5460
-2831
-11594
-19839
-26598
-31056
-32651
-31162
-26729
-19847
-11292
-2028
6922
14611
20282
23461
24014
22144
18355
13367
8002
3070
-758
-3039
-3616
-2634
-511
2142
4614
6213
6384
4799
1418
-3486
-9369
-15474
-20943
-24933
-26744
-25922
-22332
-16193
-8055
1261
10764
19421
26285
30621
31998
30338
25929
19375
11514
3302
-4311
-10519
-14742
-16712
-16487
-14431
-11139
-7351
-3824
-1214
16
-323
-2130
-5019
-8388
-11511
-13653
-14188
-12702
-9072
-3491
3534
11251
18752
25096
29435
31134
29863
25648
18870
10225
639
-8851
-17236
-23654
-27497
-28492
-26719
-22594
-16798
-10181
-3634
2029
6190
8497
8907
7684
5334
2532
0
-1609
-1814
-391
2592
6772
11545
16148
19775
21697
21378
18558
13312
6047
-2536
-11525
-19917
-26744
-31203
-32760
-31224
-26770
-19918
-11464
-2374
6339
13754
19149
22093
22493
20590
16908
12174
7202
2767
-501
-2213
-2270
-872
1523
4274
6664
8010
7791
5721
1816
-3600
-9931
-16382
-22072
-26155
-27940
-26999
-23235
-16904
-8592
849
10418
19074
25888
30149
31457
29770
25405
18987
11359
3469
-3759
-9555
-13389
-15040
-14611
-12499
-9321
-5811
-2709
-635
2
-932
-3273
-6590
-10238
-13473
-15557
-15882
-14070
-10038
-4033
3392
11447
19194
25683
30071
31745
30402
26101
19258
10597
1057
-8326
-16555
-22795
-26474
-27357
-25559
-21522
-15941
-9659
-3550
1612
5257
7086
7112
5641
3210
508
-1750
-2940
-2621
-622
2926
7611
12781
17644
21379
23267
22788
19724
14188
6631
-2204
-11387
-19894
-26765
-31210
-32724
-31147
-26687
-19890
-11568
-2688
5753
12862
17952
20643
20879
18937
15365
10894
6324
2401
-294
-1427
-957
862
3533
6386
8697
9801
9202
6664
2252
-3654
-10410
-17189
-23086
-27253
-29014
-27967
-24048
-17553
-9102
427
10021
18644
25380
29547
30776
29065
24755
18492
11124
3585
-3228
-8587
-12010
-13325
-12682
-10509
-7441
-4212
-1538
0
43
-1481
-4357
-8096
-12023
-15370
-17402
-17528
-15406
-10996
-4595
3201
11562
19531
26144
30571
32215
30808
26441
19561
10918
1461
-7778
-15816
-21849
-25343
-26103
-24278
-20336
-14983
-9057
-3406
1236
4347
5685
5315
3587
1071
-1534
-3525
-4300
-3467
-906
3198
8373
13929
19041
22883
24737
24113
20823
15024
7211
-1845
-11182
-19775
-26663
-31078
-32542
-30929
-26479
-19762
-11602
-2965
5170
11939
16702
19118
19179
17195
13735
9534
5376
1972
-142
-689
313
2559
5509
8468
10706
11576
10612
7621
2725
-3647
-10808
-17893
-23982
-28224
-29961
-28817
-24766
-18135
-9581
0
9581
18135
24766
28817
29961
28224
23982
17893
10808
3647
-2725
-7621
-10612
-11576
-10706
-8468
-5509
-2559
-313
689
142
-1972
-5376
-9534
-13735
-17195
-19179
-19118
-16702
-11939
-5170
2965
11602
19762
26479
30929
32542
31078
26663
19775
11182
1845
-7211
-15024
-20823
-24113
-24737
-22883
-19041
-13929
-8373
-3198
906
3467
4300
3525
1534
-1071
-3587
-5315
-5685
-4347
-1236
3406
9057
14983
20336
24278
26103
25343
21849
15816
7778
-1461
-10918
-19561
-26441
-30808
-32215
-30571
-26144
-19531
-11562
-3201
4595
10996
15406
17528
17402
15370
12023
8096
4357
1481
-43
0
1538
4212
7441
10509
12682
13325
12010
8587
3228
-3585
-11124
-18492
-24755
-29065
-30776
-29547
-25380
-18644
-10021
-427
9102
17553
24048
27967
29014
27253
23086
17189
10410
3654
-2252
-6664
-9202
-9801
-8697
-6386
-3533
-862
957
1427
294
-2401
-6324
-10894
-15365
-18937
-20879
-20643
-17952
-12862
-5753
2688
11568
19890
26687
31147
32724
31210
26765
19894
11387
2204
-6631
-14188
-19724
-22788
-23267
-21379
-17644
-12781
-7611
-2926
622
2621
2940
1750
-508
-3210
-5641
-7112
-7086
-5257
-1612
3550
9659
15941
21522
25559
27357
26474
22795
16555
8326
-1057
-10597
-19258
-26101
-30402
-31745
-30071
-25683
-19194
-11447
-3392
4033
10038
14070
15882
15557
13473
10238
6590
3273
932
-2
635
2709
5811
9321
12499
14611
15040
13389
9555
3759
-3469
-11359
-18987
-25405
-29770
-31457
-30149
-25888
-19074
-10418
-849
8592
16904
23235
26999
27940
26155
22072
16383
9931
3600
-1816
-5721
-7791
-8010
-6664
-4274
-1523
872
2270
2213
501
-2767
-7202
-12174
-16908
-20590
-22493
-22093
-19149
-13754
-6339
2374
11464
19918
26770
31224
32760
31203
26744
19917
11525
2536
-6047
-13312
-18558
-21378
-21697
-19775
-16148
-11545
-6772
-2592
391
1814
1609
0
-2532
-5334
-7684
-8907
-8497
-6190
-2029
3634
10181
16798
22594
26719
28492
27497
23654
17236
8851
-639
-10225
-18870
-25648
-29863
-31134
-29435
-25096
-18752
-11251
-3534
3491
9072
12702
14188
13653
11511
8388
5019
2130
323
-16
1214
3824
7351
11139
14431
16487
16712
14742
10519
4311
-3302
-11514
-19375
-25929
-30338
-31998
-30621
-26285
-19421
-10764
-1261
8055
16193
22332
25922
26744
24933
20943
15474
9369
3486
-1418
-4799
-6384
-6213
-4614
-2142
511
2634
3616
3039
758
-3070
-8002
-13367
-18355
-22144
-24014
-23461
-20282
-14611
-6922
2028
11292
19847
26729
31162
32651
31056
26598
19839
11594
2831
-5460
-12404
-17334
-19890
-20039
-18076
-14561
-10224
-5859
-2194
211
1052
317
-1716
-4525
-7432
-9706
-10692
-9907
-7141
-2485
3657
10619
17554
23550
27755
29504
28407
24419
17853
9347
-214
-9806
-18399
-25086
-29197
-30386
-28661
-24384
-18206
-10976
-3624
2973
8103
11313
12454
11699
9494
6481
3392
932
-338
-86
1734
4874
8825
12889
16292
18300
18331
16060
11470
4881
-3088
-11592
-19659
-26327
-30767
-32396
-30959
-26566
-19680
-11058
-1655
7496
15426
21346
24741
25433
23594
19703
14468
8725
3309
-1065
-3903
-4990
-4419
-2559
0
2559
4419
4990
3903
1065
-3309
-8725
-14468
-19703
-23594
-25433
-24741
-21346
-15426
-7496
1655
11058
19680
26566
30959
32396
30767
26327
19659
11592
3088
-4881
-11470
-16060
-18331
-18300
-16292
-12889
-8825
-4874
-1734
86
338
-932
-3392
-6481
-9494
-11699
-12454
-11313
-8103
-2973
3624
10976
18206
24384
28661
30386
29197
25086
18399
9806
214
-9347
-17853
-24419
-28407
-29504
-27755
-23550
-17554
-10619
-3657
2485
7141
9907
10692
9706
7432
4525
1716
-317
-1052
-211
2194
5859
10224
14561
18076
20039
19890
17334
12404
5460
-2831
-11594
-19839
-26598
-31056
-32651
-31162
-26729
-19847
-11292
-2028
6922
14611
20282
23461
24014
22144
18355
13367
8002
3070
-758
-3039
-3616
-2634
-511
2142
4614
6213
6384
4799
1418
-3486
-9369
-15474
-20943
-24933
-26744
-25922
-22332
-16193
-8055
1261
10764
19421
26285
30621
31998
30338
25929
19375
11514
3302
-4311
-10519
-14742
-16712
-16487
-14431
-11139
-7351
-3824
-1214
16
-323
-2130
-5019
-8388
-11511
-13653
-14188
-12702
-9072
-3491
3534
11251
18752
25096
29435
31134
29863
25648
18870
10225
639
-8851
-17236
-23654
-27497
-28492
-26719
-22594
-16798
-10181
-3634
2029
6190
8497
8907
7684
5334
2532
0
-1609
-1814
-391
2592
6772
11545
16148
19775
21697
21378
18558
13312
6047
-2536
-11525
-19917
-26744
-31203
-32760
-31224
-26770
-19918
-11464
-2374
6339
13754
19149
22093
22493
20590
16908
12174
7202
2767
-501
-2213
-2270
-872
1523
4274
6664
8010
7791
5721
1816
-3600
-9931
-16383
-22072
-26155
-27940
-26999
-23235
-16904
-8592
849
10418
19074
25888
30149
31457
29770
25405
18987
11359
3469
-3759
-9555
-13389
-15040
-14611
-12499
-9321
-5811
-2709
-635
2
-932
-3273
-6590
-10238
-13473
-15557
-15882
-14070
-10038
-4033
3392
11447
19194
25683
30071
31745
30402
26101
19258
10597
1057
-8326
-16555
-22795
-26474
-27357
-25559
-21522
-15941
-9659
-3550
1612
5257
7086
7112
5641
3210
508
-1750
-2940
-2621
-622
2926
7611
12781
17644
21379
23267
22788
19724
14188
6631
-2204
-11387
-19894
-26765
-31210
-32724
-31147
-26687
-19890
-11568
-2688
5753
12862
17952
20643
20879
18937
15365
10894
6324
2401
-294
-1427
-957
862
3533
6386
8697
9801
9202
6664
2252
-3654
-10410
-17189
-23086
-27253
-29014
-27967
-24048
-17553
-9102
427
10021
18644
25380
29547
30776
29065
24755
18492
11124
3585
-3228
-8587
-12010
-13325
-12682
-10509
-7441
-4212
-1538
0
43
-1481
-4357
-8096
-12023
-15370
-17402
-17528
-15406
-10996
-4595
3201
11562
19531
26144
30571
32215
30808
26441
19561
10918
1461
-7778
-15816
-21849
-25343
-26103
-24278
-20336
-14983
-9057
-3406
1236
4347
5685
5315
3587
1071
-1534
-3525
-4300
-3467
-906
3198
8373
13929
19041
22883
24737
24113
20823
15024
7211
-1845
-11182
-19775
-26663
-31078
-32542
-30929
-26479
-19762
-11602
-2965
5170
11939
16702
19118
19179
17195
13735
9534
5376
1972
-142
-689
313
2559
5509
8468
10706
11576
10612
7621
2725
-3647
-10808
-17893
-23982
-28224
-29961
-28817
-24766
-18135
-9581
0
9581
18135
24766
28817
29961
28224
23982
17893
10808
3647
-2725
-7621
-10612
-11576
-10706
-8468
-5509
-2559
-313
689
142
-1972
-5376
-9534
-13735
-17195
-19179
-19118
-16702
-11939
-5170
2965
11602
19762
26479
30929
32542
31078
26663
19775
11182
1845
-7211
-15024
-20823
-24113
-24737
-22883
-19041
-13929
-8373
-3198
906
3467
4300
3525
1534
-1071
-3587
-5315
-5685
-4347
-1236
3406
9057
14983
20336
24278
26103
25343
21849
15816
7778
-1461
-10918
-19561
-26441
-30808
-32215
-30571
-26144
-19531
-11562
-3201
4595
10996
15406
17528
17402
15370
12023
8096
4357
1481
-43
0
1538
4212
7441
10509
12682
13325
12010
8587
3228
-3585
-11124
-18492
-24755
-29065
-30776
-29547
-25380
-18644
-10021
-427
9102
17553
24048
27967
29014
27253
23086
17189
10410
3654
-2252
-6664
-9202
-9801
-8697
-6386
-3533
-862
957
1427
294
-2401
-6324
-10894
-15365
-18937
-20879
-20643
-17952
-12862
-5753
2688
11568
19890
26687
31147
32724
31210
26765
19894
11387
2204
-6631
-14188
-19724
-22788
-23267
-21379
-17644
-12781
-7611
-2926
622
2621
2940
1750
-508
-3210
-5641
-7112
-7086
-5257
-1612
3550
9659
15941
21522
25559
27357
26474
22795
16555
8326
-1057
-10597
-19258
-26101
-30402
-31745
-30071
-25683
-19194
-11447
-3392
4033
10038
14070
15882
15557
13473
10238
6590
3273
932
-2
635
2709
5811
9321
12499
14611
15040
13389
9555
3759
-3469
-11359
-18987
-25405
-29770
-31457
-30149
-25888
-19074
-10418
-849
8592
16904
23235
26999
27940
26155
22072
16382
9931
3600
-1816
-5721
-7791
-8010
-6664
-4274
-1523
872
2270
2213
501
-2767
-7202
-12174
-16908
-20590
-22493
-22093
-19149
-13754
-6339
2374
11464
19918
26770
31224
32760
31203
26744
19917
11525
2536
-6047
-13312
-18558
-21378
-21697
-19775
-16148
-11545
-6772
-2592
391
1814
1609
0
-2532
-5334
-7684
-8907
-8497
-6190
-2029
3634
10181
16798
22594
26719
28492
27497
23654
17236
8851
-639
-10225
-18870
-25648
-29863
-31134
-29435
-25096
-18752
-11251
-3534
3491
9072
12702
14188
13653
11511
8388
5019
2130
323
-16
1214
3824
7351
11139
14431
16487
16712
14742
10519
4311
-3302
-11514
-19375
-25929
-30338
-31998
-30621
-26285
-19421
-10764
-1261
8055
16193
22332
25922
26744
24933
20943
15474
9369
3486
-1418
-4799
-6384
-6213
-4614
-2142
511
2634
3616
3039
758
-3070
-8002
-13367
-18355
-22144
-24014
-23461
-20282
-14611
-6922
2028
11292
19847
26729
31162
32651
31056
26598
19839
11594
2831
-5460
-12404
-17334
-19890
-20039
-18076
-14561
-10224
-5859
-2194
211
1052
317
-1716
-4525
-7432
-9706
-10692
-9907
-7141
-2485
3657
10619
17554
23550
27755
29504
28407
24419
17853
9347
-214
-9806
-18399
-25086
-29197
-30386
-28661
-24384
-18206
-10976
-3624
2973
8103
11313
12454
11699
9494
6481
3392
932
-338
-86
1734
4874
8825
12889
16292
18300
18331
16060
11470
4881
-3088
-11592
-19659
-26327
-30767
-32396
-30959
-26566
-19680
-11058
-1655
7496
15426
21346
24741
25433
23594
19703
14468
8725
3309
-1065
-3903
-4990
-4419
-2559
0
2559
4419
4990
3903
1065
-3309
-8725
-14468
-19703
-23594
-25433
-24741
-21346
-15426
-7496
1655
11058
19680
26566
30959
32396
30767
26327
19659
11592
3088
-4881
-11470
-16060
-18331
-18300
-16292
-12889
-8825
-4874
-1734
86
338
-932
-3392
-6481
-9494
-11699
-12454
-11313
-8103
-2973
3624
10976
18206
24384
28661
30386
29197
25086
18399
9806
214
-9347
-17853
-24419
-28407
-29504
-27755
-23550
-17554
-10619
-3657
2485
7141
9907
10692
9706
7432
4525
1716
-317
-1052
-211
2194
5859
10224
14561
18076
20039
19890
17334
12404
5460
-2831
-11594
-19839
-26598
-31056
-32651
-31162
-26729
-19847
-11292
-2028
6922
14611
20282
23461
24014
22144
18355
13367
8002
3070
-758
-3039
-3616
-2634
-511
2142
4614
6213
6384
4799
1418
-3486
-9369
-15474
-20943
-24933
-26744
-25922
-22332
-16193
-8055
1261
10764
19421
26285
30621
31998
30338
25929
19375
11514
3302
-4311
-10519
-14742
-16712
-16487
-14431
-11139
-7351
-3824
-1214
16
-323
-2130
-5019
-8388
-11511
-13653
-14188
-12702
-9072
-3491
3534
11251
18752
25096
29435
31134
29863
25648
18870
10225
639
-8851
-17236
-23654
-27497
-28492
-26719
-22594
-16798
-10181
-3634
2029
6190
8497
8907
7684
5334
2532
0
-1609
-1814
-391
2592
6772
11545
16148
19775
21697
21378
18558
13312
6047
-2536
-11525
-19917
-26744
-31203
-32760
-31224
-26770
-19918
-11464
-2374
6339
13754
19149
22093
22493
20590
16908
12174
7202
2767
-501
-2213
-2270
-872
1523
4274
6664
8010
7791
5721
1816
-3600
-9931
-16383
-22072
-26155
-27940
-26999
-23235
-16904
-8592
849
10418
19074
25888
30149
31457
29770
25405
18987
11359
3469
-3759
-9555
-13389
-15040
-14611
-12499
-9321
-5811
-2709
-635
2
-932
-3273
-6590
-10238
-13473
-15557
-15882
-14070
-10038
-4033
3392
11447
19194
25683
30071
31745
30402
26101
19258
10597
1057
-8326
-16555
-22795
-26474
-27357
-25559
-21522
-15941
-9659
-3550
1612
5257
7086
7112
5641
3210
508
-1750
-2940
-2621
-622
2926
7611
12781
17644
21379
23267
22788
19724
14188
6631
-2204
-11387
-19894
-26765
-31210
-32724
-31147
-26687
-19890
-11568
-2688
5753
12862
17952
20643
20879
18937
15365
10894
6324
2401
-294
-1427
-957
862
3533
6386
8697
9801
9202
6664
2252
-3654
-10410
-17189
-23086
-27253
-29014
-27967
-24048
-17553
-9102
427
10021
18644
25380
29547
30776
29065
24755
18492
11124
3585
-3228
-8587
-12010
-13325
-12682
-10509
-7441
-4212
-1538
0
43
-1481
-4357
-8096
-12023
-15370
-17402
-17528
-15406
-10996
-4595
3201
11562
19531
26144
30571
32215
30808
26441
19561
10918
1461
-7778
-15816
-21849
-25343
-26103
-24278
-20336
-14983
-9057
-3406
1236
4347
5685
5315
3587
1071
-1534
-3525
-4300
-3467
-906
3198
8373
13929
19041
22883
24737
24113
20823
15024
7211
-1845
-11182
-19775
-26663
-31078
-32542
-30929
-26479
-19762
-11602
-2965
5170
11939
16702
19118
19179
17195
13735
9534
5376
1972
-142
-689
313
2559
5509
8468
10706
11576
10612
7621
2725
-3647
-10808
-17893
-23982
-28224
-29961
-28817
-24766
-18135
-9581
