17269
10860
2323
-6503
-13675
-17624
-17552
-13646
-7044
438
6748
10116
9502
4874
-2766
-11612
-19489
-24393
-24992
-20975
-13146
-3247
6453
13713
16874
15271
9419
894
-8039
-14981
-17991
-16075
-9452
484
11483
20977
26708
27284
22529
13547
2464
-8071
-15531
-18124
-15240
-7608
2863
13539
21694
25174
22923
15258
3804
-8879
-19903
-26744
-27847
-23008
-13430
-1444
10040
18230
21115
17953
9452
-2389
-14751
-24660
-29696
-28562
-21402
-9768
3740
16081
24488
27110
23450
14470
2370
-9933
-19489
-23995
-22337
-14836
-3174
10002
21698
29260
30980
26482
16796
4110
-8737
-18907
-24204
-23562
-17269
-6882
5141
16010
23227
25144
21317
12579
836
-11371
-21439
-27272
-27724
-22829
-13764
-2566
8328
16611
20598
19566
13876
4870
-5444
-14830
-21300
-23513
-21037
-14409
-4991
5321
14505
20812
23111
21086
15278
6950
-2178
-10279
-15767
-17601
-15467
-9822
-1797
7032
14943
20394
22308
20275
14624
6366
-2997
-11743
-18255
-21326
-20385
-15618
-7946
1143
9863
16470
19603
18552
13416
5102
-4831
-14468
-21899
-25605
-24765
-19436
-10561
202
10793
19159
23661
23411
18457
9790
-852
-11321
-19489
-23676
-22989
-17506
-8259
2970
14002
22701
27390
27185
22159
13316
2383
-8538
-17386
-22537
-23111
-19117
-11435
-1619
8414
16757
21866
22839
19557
12675
3479
-6373
-15156
-21389
-24077
-22861
-18059
-10579
-1745
6935
14023
18380
19340
16806
11247
3621
-4785
-12557
-18379
-21238
-20593
-16466
-9452
-634
8577
16669
22278
24419
22671
17266
9070
-547
-9934
-17446
-21735
-21998
-18136
-10784
-1216
8878
17691
23626
25585
23172
16768
7458
-3158
-13264
-21146
-25502
-25659
-21680
-14337
-4956
4831
13373
19282
21658
20214
15302
7819
-962
-9610
-16770
-21364
-22742
-20752
-15744
-8489
-60
8328
15489
20425
22454
21302
17139
10562
2517
-5819
-13200
-18490
-20833
-19793
-15444
-8376
370
9452
17427
22985
25167
23534
18256
10098
306
-9595
-18051
-23738
-25781
-23899
-18445
-10342
-916
8328
15950
20809
22233
20100
14836
7317
-1280
-9676
-16676
-21335
-23071
-21720
-17531
-11107
-3316
4831
12303
18167
21692
22436
20294
15522
8715
749
-7315
-14367
-19391
-21614
-20635
-16499
-9718
-1216
7793
15984
22118
25243
24846
20941
14071
5225
-4317
-13185
-20136
-24233
-24981
-22385
-16923
-9452
-1064
7079
13917
18615
20664
19908
16541
11055
4160
-3299
-10441
-16433
-20571
-22346
-21500
-18059
-12350
-4978
3219
11256
18121
22898
24907
23810
19683
13021
4692
-4186
-12397
-18810
-22546
-23111
-20461
-15010
-7549
873
9116
16108
20992
23227
22631
19380
13947
7025
-575
-8021
-14540
-19489
-22393
-22979
-21192
-17198
-11380
-4318
3252
10500
16581
20738
22403
21287
17441
11278
3530
-4831
-12726
-19119
-23164
-24330
-22475
-17858
-11093
-3053
5263
12871
18928
22826
24245
23158
19803
14624
8203
1193
-5740
-11965
-16925
-20162
-21356
-20348
-17173
-12078
-5526
1827
9185
15695
20553
23111
22980
20099
14756
7561
-632
-8844
-16108
-21593
-24718
-25209
-23119
-18786
-12774
-5772
1491
8328
14156
18525
21131
21815
20554
17456
12759
6829
157
-6661
-12962
-18074
-21393
-22467
-21073
-17269
-11407
-4108
3815
11459
17953
22575
24845
24580
21894
17166
10967
3970
-3141
-9741
-15316
-19489
-22014
-22770
-21741
-19008
-14749
-9242
-2876
3856
10372
16048
20279
22562
22571
20219
15695
9452
2160
-5382
-12349
-18005
-21791
-23390
-22743
-20034
-15633
-10027
-3752
2675
8791
14203
18591
21694
23307
23278
21529
18082
13090
6866
-124
-7279
-13920
-19371
-23050
-24552
-23716
-20646
-15704
-9452
-2566
4252
10371
15295
18702
20448
20539
19094
16300
12377
7562
2112
-3683
-9486
-14901
-19489
-22805
-24451
-24142
-21768
-17438
-11484
-4439
3027
10196
16398
21097
23949
24833
23833
21195
17269
12441
7082
1521
-3964
-9127
-13732
-17535
-20273
-21685
-21548
-19726
-16225
-11226
-5098
1631
8328
14339
19077
22108
23198
22340
19731
15719
10741
5241
-379
-5798
-10778
-15145
-18756
-21466
-23111
-23512
-22505
-19986
-15959
-10586
-4196
2727
9595
15790
20750
24052
25465
24976
22770
19180
14624
9523
4248
-917
-5776
-10197
-14077
-17297
-19700
-21088
-21249
-20007
-17276
-13115
-7755
-1596
4831
10938
16157
20031
22272
22793
21697
19237
15748
11578
7027
2319
-2403
-7049
-11537
-15747
-19489
-22499
-24467
-25085
-24121
-21478
-17245
-11701
-5294
1425
7882
13568
18106
21295
23105
23647
23111
21701
19579
16838
13498
9548
4992
-89
-5505
-10937
-15966
-20131
-23004
-24269
-23789
-21632
-18059
-13479
-8369
-3188
1692
6031
9732
12810
15333
17361
18889
19825
19992
19174
17181
13920
9452
4016
-1983
-8031
-13586
-18168
-21437
-23239
-23614
-22759
-20961
-18517
-15660
-12521
-9114
-5374
-1216
3394
8381
13521
18461
22755
25952
27680
27728
26088
22961
18716
13812
8707
3772
-764
-4831
-8490
-11867
-15078
-18157
-21005
-23396
-25007
-25498
-24600
-22191
-18354
-13373
-7699
-1865
3613
8328
12050
14744
16547
17693
18431
18934
19241
19243
18710
17367
14982
11457
6883
1553
-4073
-9452
-14062
-17506
-19582
-20313
-19919
-18745
-17163
-15467
-13805
-12147
-10313
-8037
-5073
-1287
3267
8328
13456
18116
21785
24065
24768
23951
21896
19028
15815
12647
9751
7146
4666
2023
-1077
-4831
-9250
-14115
-19011
-23395
-26721
-28561
-28704
-27204
-24367
-20675
-16664
-12802
-9378
-6445
-3833
-1216
1772
5409
9781
14721
19828
24540
28256
30482
30944
29657
26921
23245
19226
15398
12111
9452
7239
5094
2565
-728
-4965
-10045
-15584
-20986
-25578
-28767
-30179
-29755
-27760
-24720
-21282
-18059
-15470
-13644
-12393
-11282
-9753
-7294
-3603
1312
7104
13150
18690
23005
25590
26278
25276
23111
20490
18120
16519
15885
16045
16506
16589
15621
13129
8982
3453
-2828
-9013
-14239
-17836
-19489
-19316
-17833
-15814
-14091
-13329
-13846
-15527
-17844
-19995
-21112
-20496
-17815
-13207
-7266
-912
4831
9088
11343
11577
10263
8243
6510
5936
7044
9852
13860
18163
21681
23433
22803
19704
14624
8515
2563
-2101
-4690
-4961
-3277
-517
2150
3571
2915
-95
-5096
-11155
-16996
-21313
-23111
-21957
-18111
-12473
-6364
-1202
1858
2218
0
-3978
-8403
-11804
-12923
-11061
-6263
661
8328
15110
19547
20709
18446
13439
7038
933
-3268
-4451
-2288
2670
9109
15281
19436
20270
-17269
-10860
-2323
6503
13675
17624
17552
13646
7044
-438
-6748
-10116
-9502
-4874
2766
11612
19489
24393
24992
20975
13146
3247
-6453
-13713
-16874
-15271
-9419
-894
8039
14981
17991
16075
9452
-484
-11483
-20977
-26708
-27284
-22529
-13547
-2464
8071
15531
18124
15240
7608
-2863
-13539
-21694
-25174
-22923
-15258
-3804
8879
19903
26744
27847
23008
13430
1444
-10040
-18230
-21115
-17953
-9452
2389
14751
24660
29696
28562
21402
9768
-3740
-16081
-24488
-27110
-23450
-14470
-2370
9933
19489
23995
22337
14836
3174
-10002
-21698
-29260
-30980
-26482
-16796
-4110
8737
18907
24204
23562
17269
6882
-5141
-16010
-23227
-25144
-21317
-12579
-836
11371
21439
27272
27724
22829
13764
2566
-8328
-16611
-20598
-19566
-13876
-4870
5444
14830
21300
23513
21037
14409
4991
-5321
-14505
-20812
-23111
-21086
-15278
-6950
2178
10279
15767
17601
15467
9822
1797
-7032
-14943
-20394
-22308
-20275
-14624
-6366
2997
11743
18255
21326
20385
15618
7946
-1143
-9863
-16470
-19603
-18552
-13416
-5102
4831
14468
21899
25605
24765
19436
10561
-202
-10793
-19159
-23661
-23411
-18457
-9790
852
11321
19489
23676
22989
17506
8259
-2970
-14002
-22701
-27390
-27185
-22159
-13316
-2383
8538
17386
22537
23111
19117
11435
1619
-8414
-16757
-21866
-22839
-19557
-12675
-3479
6373
15156
21389
24077
22861
18059
10579
1745
-6935
-14023
-18380
-19340
-16806
-11247
-3621
4785
12557
18379
21238
20593
16466
9452
634
-8577
-16669
-22278
-24419
-22671
-17266
-9070
547
9934
17446
21735
21998
18136
10784
1216
-8878
-17691
-23626
-25585
-23172
-16768
-7458
3158
13264
21146
25502
25659
21680
14337
4956
-4831
-13373
-19282
-21658
-20214
-15302
-7819
962
9610
16770
21364
22742
20752
15744
8489
60
-8328
-15489
-20425
-22454
-21302
-17139
-10562
-2517
5819
13200
18490
20833
19793
15444
8376
-370
-9452
-17427
-22985
-25167
-23534
-18256
-10098
-306
9595
18051
23738
25781
23899
18445
10342
916
-8328
-15950
-20809
-22233
-20100
-14836
-7317
1280
9676
16676
21335
23071
21720
17531
11107
3316
-4831
-12303
-18167
-21692
-22436
-20294
-15522
-8715
-749
7315
14367
19391
21614
20635
16499
9718
1216
-7793
-15984
-22118
-25243
-24846
-20941
-14071
-5225
4317
13185
20136
24233
24981
22385
16923
9452
1064
-7079
-13917
-18615
-20664
-19908
-16541
-11055
-4160
3299
10441
16433
20571
22346
21500
18059
12350
4978
-3219
-11256
-18121
-22898
-24907
-23810
-19683
-13021
-4692
4186
12397
18810
22546
23111
20461
15010
7549
-873
-9116
-16108
-20992
-23227
-22631
-19380
-13947
-7025
575
8021
14540
19489
22393
22979
21192
17198
11380
4318
-3252
-10500
-16581
-20738
-22403
-21287
-17441
-11278
-3530
4831
12726
19119
23164
24330
22475
17858
11093
3053
-5263
-12871
-18928
-22826
-24245
-23158
-19803
-14624
-8203
-1193
5740
11965
16925
20162
21356
20348
17173
12078
5526
-1827
-9185
-15695
-20553
-23111
-22980
-20099
-14756
-7561
632
8844
16108
21593
24718
25209
23119
18786
12774
5772
-1491
-8328
-14156
-18525
-21131
-21815
-20554
-17456
-12759
-6829
-157
6661
12962
18074
21393
22467
21073
17269
11407
4108
-3815
-11459
-17953
-22575
-24845
-24580
-21894
-17166
-10967
-3970
3141
9741
15316
19489
22014
22770
21741
19008
14749
9242
2876
-3856
-10372
-16048
-20279
-22562
-22571
-20219
-15695
-9452
-2160
5382
12349
18005
21791
23390
22743
20034
15633
10027
3752
-2675
-8791
-14203
-18591
-21694
-23307
-23278
-21529
-18082
-13090
-6866
124
7279
13920
19371
23050
24552
23716
20646
15704
9452
2566
-4252
-10371
-15295
-18702
-20448
-20539
-19094
-16300
-12377
-7562
-2112
3683
9486
14901
19489
22805
24451
24142
21768
17438
11484
4439
-3027
-10196
-16398
-21097
-23949
-24833
-23833
-21195
-17269
-12441
-7082
-1521
3964
9127
13732
17535
20273
21685
21548
19726
16225
11226
5098
-1631
-8328
-14339
-19077
-22108
-23198
-22340
-19731
-15719
-10741
-5241
379
5798
10778
15145
18756
21466
23111
23512
22505
19986
15959
10586
4196
-2727
-9595
-15790
-20750
-24052
-25465
-24976
-22770
-19180
-14624
-9523
-4248
917
5776
10197
14077
17297
19700
21088
21249
20007
17276
13115
7755
1596
-4831
-10938
-16157
-20031
-22272
-22793
-21697
-19237
-15748
-11578
-7027
-2319
2403
7049
11537
15747
19489
22499
24467
25085
24121
21478
17245
11701
5294
-1425
-7882
-13568
-18106
-21295
-23105
-23647
-23111
-21701
-19579
-16838
-13498
-9548
-4992
89
5505
10937
15966
20131
23004
24269
23789
21632
18059
13479
8369
3188
-1692
-6031
-9732
-12810
-15333
-17361
-18889
-19825
-19992
-19174
-17181
-13920
-9452
-4016
1983
8031
13586
18168
21437
23239
23614
22759
20961
18517
15660
12521
9114
5374
1216
-3394
-8381
-13521
-18461
-22755
-25952
-27680
-27728
-26088
-22961
-18716
-13812
-8707
-3772
764
4831
8490
11867
15078
18157
21005
23396
25007
25498
24600
22191
18354
13373
7699
1865
-3613
-8328
-12050
-14744
-16547
-17693
-18431
-18934
-19241
-19243
-18710
-17367
-14982
-11457
-6883
-1553
4073
9452
14062
17506
19582
20313
19919
18745
17163
15467
13805
12147
10313
8037
5073
1287
-3267
-8328
-13456
-18116
-21785
-24065
-24768
-23951
-21896
-19028
-15815
-12647
-9751
-7146
-4666
-2023
1077
4831
9250
14115
19011
23395
26721
28561
28704
27204
24367
20675
16664
12802
9378
6445
3833
1216
-1772
-5409
-9781
-14721
-19828
-24540
-28256
-30482
-30944
-29657
-26921
-23245
-19226
-15398
-12111
-9452
-7239
-5094
-2565
728
4965
10045
15584
20986
25578
28767
30179
29755
27760
24720
21282
18059
15470
13644
12393
11282
9753
7294
3603
-1312
-7104
-13150
-18690
-23005
-25590
-26278
-25276
-23111
-20490
-18120
-16519
-15885
-16045
-16506
-16589
-15621
-13129
-8982
-3453
2828
9013
14239
17836
19489
19316
17833
15814
14091
13329
13846
15527
17844
19995
21112
20496
17815
13207
7266
912
-4831
-9088
-11343
-11577
-10263
-8243
-6510
-5936
-7044
-9852
-13860
-18163
-21681
-23433
-22803
-19704
-14624
-8515
-2563
2101
4690
4961
3277
517
-2150
-3571
-2915
95
5096
11155
16996
21313
23111
21957
18111
12473
6364
1202
-1858
-2218
0
3978
8403
11804
12923
11061
6263
-661
-8328
-15110
-19547
-20709
-18446
-13439
-7038
-933
3268
4451
2288
-2670
-9109
-15281
-19436
-20270
-17269
-10860
-2323
6503
13675
17624
17552
13646
7044
-438
-6748
-10116
-9502
-4874
2766
11612
19489
24393
24992
20975
13146
3247
-6453
-13713
-16874
-15271
-9419
-894
8039
14981
17991
16075
9452
-484
-11483
-20977
-26708
-27284
-22529
-13547
-2464
8071
15531
18124
15240
7608
-2863
-13539
-21694
-25174
-22923
-15258
-3804
8879
19903
26744
27847
23008
13430
1444
-10040
-18230
-21115
-17953
-9452
2389
14751
24660
29696
28562
21402
9768
-3740
-16081
-24488
-27110
-23450
-14470
-2370
9933
19489
23995
22337
14836
3174
-10002
-21698
-29260
-30980
-26482
-16796
-4110
8737
18907
24204
23562
17269
6882
-5141
-16010
-23227
-25144
-21317
-12579
-836
11371
21439
27272
27724
22829
13764
2566
-8328
-16611
-20598
-19566
-13876
-4870
5444
14830
21300
23513
21037
14409
4991
-5321
-14505
-20812
-23111
-21086
-15278
-6950
2178
10279
15767
17601
15467
9822
1797
-7032
-14943
-20394
-22308
-20275
-14624
-6366
2997
11743
18255
21326
20385
15618
7946
-1143
-9863
-16470
-19603
-18552
-13416
-5102
4831
14468
21899
25605
24765
19436
10561
-202
-10793
-19159
-23661
-23411
-18457
-9790
852
11321
19489
23676
22989
17506
8259
-2970
-14002
-22701
-27390
-27185
-22159
-13316
-2383
8538
17386
22537
23111
19117
11435
1619
-8414
-16757
-21866
-22839
-19557
-12675
-3479
6373
15156
21389
24077
22861
18059
10579
1745
-6935
-14023
-18380
-19340
-16806
-11247
-3621
4785
12557
18379
21238
20593
16466
9452
634
-8577
-16669
-22278
-24419
-22671
-17266
-9070
547
9934
17446
21735
21998
18136
10784
1216
-8878
-17691
-23626
-25585
-23172
-16768
-7458
3158
13264
21146
25502
25659
21680
14337
4956
-4831
-13373
-19282
-21658
-20214
-15302
-7819
962
9610
16770
21364
22742
20752
15744
8489
60
-8328
-15489
-20425
-22454
-21302
-17139
-10562
-2517
5819
13200
18490
20833
19793
15444
8376
-370
-9452
-17427
-22985
-25167
-23534
-18256
-10098
-306
9595
18051
23738
25781
23899
18445
10342
916
-8328
-15950
-20809
-22233
-20100
-14836
-7317
1280
9676
16676
21335
23071
21720
17531
11107
3316
-4831
-12303
-18167
-21692
-22436
-20294
-15522
-8715
-749
7315
14367
19391
21614
20635
16499
9718
1216
-7793
-15984
-22118
-25243
-24846
-20941
-14071
-5225
4317
13185
20136
24233
24981
22385
16923
9452
1064
-7079
-13917
-18615
-20664
-19908
-16541
-11055
-4160
3299
10441
16433
20571
22346
21500
18059
12350
4978
-3219
-11256
-18121
-22898
-24907
-23810
-19683
-13021
-4692
4186
12397
18810
22546
23111
20461
15010
7549
-873
-9116
-16108
-20992
-23227
-22631
-19380
-13947
-7025
575
8021
14540
19489
22393
22979
21192
17198
11380
4318
-3252
-10500
-16581
-20738
-22403
-21287
-17441
-11278
-3530
4831
12726
19119
23164
24330
22475
17858
11093
3053
-5263
-12871
-18928
-22826
-24245
-23158
-19803
-14624
-8203
-1193
5740
11965
16925
20162
21356
20348
17173
12078
5526
-1827
-9185
-15695
-20553
-23111
-22980
-20099
-14756
-7561
632
8844
16108
21593
24718
25209
23119
18786
12774
5772
-1491
-8328
-14156
-18525
-21131
-21815
-20554
-17456
-12759
-6829
-157
6661
12962
18074
21393
22467
21073
17269
11407
4108
-3815
-11459
-17953
-22575
-24845
-24580
-21894
-17166
-10967
-3970
3141
9741
15316
19489
22014
22770
21741
19008
14749
9242
2876
-3856
-10372
-16048
-20279
-22562
-22571
-20219
-15695
-9452
-2160
5382
12349
18005
21791
23390
22743
20034
15633
10027
3752
-2675
-8791
-14203
-18591
-21694
-23307
-23278
-21529
-18082
-13090
-6866
124
7279
13920
19371
23050
24552
23716
20646
15704
9452
2566
-4252
-10371
-15295
-18702
-20448
-20539
-19094
-16300
-12377
-7562
-2112
3683
9486
14901
19489
22805
24451
24142
21768
17438
11484
4439
-3027
-10196
-16398
-21097
-23949
-24833
-23833
-21195
-17269
-12441
-7082
-1521
3964
9127
13732
17535
20273
21685
21548
19726
16225
11226
5098
-1631
-8328
-14339
-19077
-22108
-23198
-22340
-19731
-15719
-10741
-5241
379
5798
10778
15145
18756
21466
23111
23512
22505
19986
15959
10586
4196
-2727
-9595
-15790
-20750
-24052
-25465
-24976
-22770
-19180
-14624
-9523
-4248
917
5776
10197
14077
17297
19700
21088
21249
20007
17276
13115
7755
1596
-4831
-10938
-16157
-20031
-22272
-22793
-21697
-19237
-15748
-11578
-7027
-2319
2403
7049
11537
15747
19489
22499
24467
25085
24121
21478
17245
11701
5294
-1425
-7882
-13568
-18106
-21295
-23105
-23647
-23111
-21701
-19579
-16838
-13498
-9548
-4992
89
5505
10937
15966
20131
23004
24269
23789
21632
18059
13479
8369
3188
-1692
-6031
-9732
-12810
-15333
-17361
-18889
-19825
-19992
-19174
-17181
-13920
-9452
-4016
1983
8031
13586
18168
21437
23239
23614
22759
20961
18517
15660
12521
9114
5374
1216
-3394
-8381
-13521
-18461
-22755
-25952
-27680
-27728
-26088
-22961
-18716
-13812
-8707
-3772
764
4831
8490
11867
15078
18157
21005
23396
25007
25498
24600
22191
18354
13373
7699
1865
-3613
-8328
-12050
-14744
-16547
-17693
-18431
-18934
-19241
-19243
-18710
-17367
-14982
-11457
-6883
-1553
4073
9452
14062
17506
19582
20313
19919
18745
17163
15467
13805
12147
10313
8037
5073
1287
-3267
-8328
-13456
-18116
-21785
-24065
-24768
-23951
-21896
-19028
-15815
-12647
-9751
-7146
-4666
-2023
1077
4831
9250
14115
19011
23395
26721
28561
28704
27204
24367
20675
16664
12802
9378
6445
3833
1216
-1772
-5409
-9781
-14721
-19828
-24540
-28256
-30482
-30944
-29657
-26921
-23245
-19226
-15398
-12111
-9452
-7239
-5094
-2565
728
4965
10045
15584
20986
25578
28767
30179
29755
27760
24720
21282
18059
15470
13644
12393
11282
9753
7294
3603
-1312
-7104
-13150
-18690
-23005
-25590
-26278
-25276
-23111
-20490
-18120
-16519
-15885
-16045
-16506
-16589
-15621
-13129
-8982
-3453
2828
9013
14239
17836
19489
19316
17833
15814
14091
13329
13846
15527
17844
19995
21112
20496
17815
13207
7266
912
-4831
-9088
-11343
-11577
-10263
-8243
-6510
-5936
-7044
-9852
-13860
-18163
-21681
-23433
-22803
-19704
-14624
-8515
-2563
2101
4690
4961
3277
517
-2150
-3571
-2915
95
5096
11155
16996
21313
23111
21957
18111
12473
6364
1202
-1858
-2218
0
3978
8403
11804
12923
11061
6263
-661
-8328
-15110
-19547
-20709
-18446
-13439
-7038
-933
3268
4451
2288
-2670
-9109
-15281
-19436
-20270
-17269
-10860
-2323
6503
13675
17624
17552
13646
7044
-438
-6748
-10116
-9502
-4874
2766
11612
19489
24393
24992
20975
13146
3247
-6453
-13713
-16874
-15271
-9419
-894
8039
14981
17991
16075
9452
-484
-11483
-20977
-26708
-27284
-22529
-13547
-2464
8071
15531
18124
15240
7608
-2863
-13539
-21694
-25174
-22923
-15258
-3804
8879
19903
26744
27847
23008
13430
1444
-10040
-18230
-21115
-17953
-9452
2389
14751
24660
29696
28562
21402
9768
-3740
-16081
-24488
-27110
-23450
-14470
-2370
9933
19489
23995
22337
14836
3174
-10002
-21698
-29260
-30980
-26482
-16796
-4110
8737
18907
24204
23562
17269
6882
-5141
-16010
-23227
-25144
-21317
-12579
-836
11371
21439
27272
27724
22829
13764
2566
-8328
-16611
-20598
-19566
-13876
-4870
5444
14830
21300
23513
21037
14409
4991
-5321
-14505
-20812
-23111
-21086
-15278
-6950
2178
10279
15767
17601
15467
9822
1797
-7032
-14943
-20394
-22308
-20275
-14624
-6366
2997
11743
18255
21326
20385
15618
7946
-1143
-9863
-16470
-19603
-18552
-13416
-5102
4831
14468
21899
25605
24765
19436
10561
-202
-10793
-19159
-23661
-23411
-18457
-9790
852
11321
19489
23676
22989
17506
8259
-2970
-14002
-22701
-27390
-27185
-22159
-13316
-2383
8538
17386
22537
23111
19117
11435
1619
-8414
-16757
-21866
-22839
-19557
-12675
-3479
6373
15156
21389
24077
22861
18059
10579
1745
-6935
-14023
-18380
-19340
-16806
-11247
-3621
4785
12557
18379
21238
20593
16466
9452
634
-8577
-16669
-22278
-24419
-22671
-17266
-9070
547
9934
17446
21735
21998
18136
10784
1216
-8878
-17691
-23626
-25585
-23172
-16768
-7458
3158
13264
21146
25502
25659
21680
14337
4956
-4831
-13373
-19282
-21658
-20214
-15302
-7819
962
9610
16770
21364
22742
20752
15744
8489
60
-8328
-15489
-20425
-22454
-21302
-17139
-10562
-2517
5819
13200
18490
20833
19793
15444
8376
-370
-9452
-17427
-22985
-25167
-23534
-18256
-10098
-306
9595
18051
23738
25781
23899
18445
10342
916
-8328
-15950
-20809
-22233
-20100
-14836
-7317
1280
9676
16676
21335
23071
21720
17531
11107
3316
-4831
-12303
-18167
-21692
-22436
-20294
-15522
-8715
-749
7315
14367
19391
21614
20635
16499
9718
1216
-7793
-15984
-22118
-25243
-24846
-20941
-14071
-5225
4317
13185
20136
24233
24981
22385
16923
9452
1064
-7079
-13917
-18615
-20664
-19908
-16541
-11055
-4160
3299
10441
16433
20571
22346
21500
18059
12350
4978
-3219
-11256
-18121
-22898
-24907
-23810
-19683
-13021
-4692
4186
12397
18810
22546
23111
20461
15010
7549
-873
-9116
-16108
-20992
-23227
-22631
-19380
-13947
-7025
575
8021
14540
19489
22393
22979
21192
17198
11380
4318
-3252
-10500
-16581
-20738
-22403
-21287
-17441
-11278
-3530
4831
12726
19119
23164
24330
22475
17858
11093
3053
-5263
-12871
-18928
-22826
-24245
-23158
-19803
-14624
-8203
-1193
5740
11965
16925
20162
21356
20348
17173
12078
5526
-1827
-9185
-15695
-20553
-23111
-22980
-20099
-14756
-7561
632
8844
16108
21593
24718
25209
23119
18786
12774
5772
-1491
-8328
-14156
-18525
-21131
-21815
-20554
-17456
-12759
-6829
-157
6661
12962
18074
21393
22467
21073
17269
11407
4108
-3815
-11459
-17953
-22575
-24845
-24580
-21894
-17166
-10967
-3970
3141
9741
15316
19489
22014
22770
21741
19008
14749
9242
2876
-3856
-10372
-16048
-20279
-22562
-22571
-20219
-15695
-9452
-2160
5382
12349
18005
21791
23390
22743
20034
15633
10027
3752
-2675
-8791
-14203
-18591
-21694
-23307
-23278
-21529
-18082
-13090
-6866
124
7279
13920
19371
23050
24552
23716
20646
15704
9452
2566
-4252
-10371
-15295
-18702
-20448
-20539
-19094
-16300
-12377
-7562
-2112
3683
9486
14901
19489
22805
24451
24142
21768
17438
11484
4439
-3027
-10196
-16398
-21097
-23949
-24833
-23833
-21195
-17269
-12441
-7082
-1521
3964
9127
13732
17535
20273
21685
21548
19726
16225
11226
5098
-1631
-8328
-14339
-19077
-22108
-23198
-22340
-19731
-15719
-10741
-5241
379
5798
10778
15145
18756
21466
23111
23512
22505
19986
15959
10586
4196
-2727
-9595
-15790
-20750
-24052
-25465
-24976
-22770
-19180
-14624
-9523
-4248
917
5776
10197
14077
17297
19700
21088
21249
20007
17276
13115
7755
1596
-4831
-10938
-16157
-20031
-22272
-22793
-21697
-19237
-15748
-11578
-7027
-2319
2403
7049
11537
15747
19489
22499
24467
25085
24121
21478
17245
11701
5294
-1425
-7882
-13568
-18106
-21295
-23105
-23647
-23111
-21701
-19579
-16838
-13498
-9548
-4992
89
5505
10937
15966
20131
23004
24269
23789
21632
18059
13479
8369
3188
-1692
-6031
-9732
-12810
-15333
-17361
-18889
-19825
-19992
-19174
-17181
-13920
-9452
-4016
1983
8031
13586
18168
21437
23239
23614
22759
20961
18517
15660
12521
9114
5374
1216
-3394
-8381
-13521
-18461
-22755
-25952
-27680
-27728
-26088
-22961
-18716
-13812
-8707
-3772
764
4831
8490
11867
15078
18157
21005
23396
25007
25498
24600
22191
18354
13373
7699
1865
-3613
-8328
-12050
-14744
-16547
-17693
-18431
-18934
-19241
-19243
-18710
-17367
-14982
-11457
-6883
-1553
4073
9452
14062
17506
19582
20313
19919
18745
17163
15467
13805
12147
10313
8037
5073
1287
-3267
-8328
-13456
-18116
-21785
-24065
-24768
-23951
-21896
-19028
-15815
-12647
-9751
-7146
-4666
-2023
1077
4831
9250
14115
19011
23395
26721
28561
28704
27204
24367
20675
16664
12802
9378
6445
3833
1216
-1772
-5409
-9781
-14721
-19828
-24540
-28256
-30482
-30944
-29657
-26921
-23245
-19226
-15398
-12111
-9452
-7239
-5094
-2565
728
4965
10045
15584
20986
25578
28767
30179
29755
27760
24720
21282
18059
15470
13644
12393
11282
9753
7294
3603
-1312
-7104
-13150
-18690
-23005
-25590
-26278
-25276
-23111
-20490
-18120
-16519
-15885
-16045
-16506
-16589
-15621
-13129
-8982
-3453
2828
9013
14239
17836
19489
19316
17833
15814
14091
13329
13846
15527
17844
19995
21112
20496
17815
13207
7266
912
-4831
-9088
-11343
-11577
-10263
-8243
-6510
-5936
-7044
-9852
-13860
-18163
-21681
-23433
-22803
-19704
-14624
-8515
-2563
2101
4690
4961
3277
517
-2150
-3571
-2915
95
5096
11155
16996
21313
23111
21957
18111
12473
6364
1202
-1858
-2218
0
3978
8403
11804
12923
11061
6263
-661
-8328
-15110
-19547
-20709
-18446
-13439
-7038
-933
3268
4451
2288
-2670
-9109
-15281
-19436
-20270
-17269
-10860
-2323
6503
13675
17624
17552
13646
7044
-438
-6748
-10116
-9502
-4874
2766
11612
19489
24393
24992
20975
13146
3247
-6453
-13713
-16874
-15271
-9419
-894
8039
14981
17991
16075
9452
-484
-11483
-20977
-26708
-27284
-22529
-13547
-2464
8071
15531
18124
15240
7608
-2863
-13539
-21694
-25174
-22923
-15258
-3804
8879
19903
26744
27847
23008
13430
1444
-10040
-18230
-21115
-17953
-9452
2389
14751
24660
29696
28562
21402
9768
-3740
-16081
-24488
-27110
-23450
-14470
-2370
9933
19489
23995
22337
14836
3174
-10002
-21698
-29260
-30980
-26482
-16796
-4110
8737
18907
24204
23562
17269
6882
-5141
-16010
-23227
-25144
-21317
-12579
-836
11371
21439
27272
27724
22829
13764
2566
-8328
-16611
-20598
-19566
-13876
-4870
5444
14830
21300
23513
21037
14409
4991
-5321
-14505
-20812
-23111
-21086
-15278
-6950
2178
10279
15767
17601
15467
9822
1797
-7032
-14943
-20394
-22308
-20275
-14624
-6366
2997
11743
18255
21326
20385
15618
7946
-1143
-9863
-16470
-19603
-18552
-13416
-5102
4831
14468
21899
25605
24765
19436
10561
-202
-10793
-19159
-23661
-23411
-18457
-9790
852
11321
19489
23676
22989
17506
8259
-2970
-14002
-22701
-27390
-27185
-22159
-13316
-2383
8538
17386
22537
23111
19117
11435
1619
-8414
-16757
-21866
-22839
-19557
-12675
-3479
6373
15156
21389
24077
22861
18059
10579
1745
-6935
-14023
-18380
-19340
-16806
-11247
-3621
4785
12557
18379
21238
20593
16466
9452
634
-8577
-16669
-22278
-24419
-22671
-17266
-9070
547
9934
17446
21735
21998
18136
10784
1216
-8878
-17691
-23626
-25585
-23172
-16768
-7458
3158
13264
21146
25502
25659
21680
14337
4956
-4831
-13373
-19282
-21658
-20214
-15302
-7819
962
9610
16770
21364
22742
20752
15744
8489
60
-8328
-15489
-20425
-22454
-21302
-17139
-10562
-2517
5819
13200
18490
20833
19793
15444
8376
-370
-9452
-17427
-22985
-25167
-23534
-18256
-10098
-306
9595
18051
23738
25781
23899
18445
10342
916
-8328
-15950
-20809
-22233
-20100
-14836
-7317
1280
9676
16676
21335
23071
21720
17531
11107
3316
-4831
-12303
-18167
-21692
-22436
-20294
-15522
-8715
-749
7315
14367
19391
21614
20635
16499
9718
1216
-7793
-15984
-22118
-25243
-24846
-20941
-14071
-5225
4317
13185
20136
24233
24981
22385
16923
9452
1064
-7079
-13917
-18615
-20664
-19908
-16541
-11055
-4160
3299
10441
16433
20571
22346
21500
18059
12350
4978
-3219
-11256
-18121
-22898
-24907
-23810
-19683
-13021
-4692
4186
12397
18810
22546
23111
20461
15010
7549
-873
-9116
-16108
-20992
-23227
-22631
-19380
-13947
-7025
575
8021
14540
19489
22393
22979
21192
17198
11380
4318
-3252
-10500
-16581
-20738
-22403
-21287
-17441
-11278
-3530
4831
12726
19119
23164
24330
22475
17858
11093
3053
-5263
-12871
-18928
-22826
-24245
-23158
-19803
-14624
-8203
-1193
5740
11965
16925
20162
21356
20348
17173
12078
5526
-1827
-9185
-15695
-20553
-23111
-22980
-20099
-14756
-7561
632
8844
16108
21593
24718
25209
23119
18786
12774
5772
-1491
-8328
-14156
-18525
-21131
-21815
-20554
-17456
-12759
-6829
-157
6661
12962
18074
21393
22467
21073
17269
11407
4108
-3815
-11459
-17953
-22575
-24845
-24580
-21894
-17166
-10967
-3970
3141
9741
15316
19489
22014
22770
21741
19008
14749
9242
2876
-3856
-10372
-16048
-20279
-22562
-22571
-20219
-15695
-9452
-2160
5382
12349
18005
21791
23390
22743
20034
15633
10027
3752
-2675
-8791
-14203
-18591
-21694
-23307
-23278
-21529
-18082
-13090
-6866
124
7279
13920
19371
23050
24552
23716
20646
15704
9452
2566
-4252
-10371
-15295
-18702
-20448
-20539
-19094
-16300
-12377
-7562
-2112
3683
9486
14901
19489
22805
24451
24142
21768
17438
11484
4439
-3027
-10196
-16398
-21097
-23949
-24833
-23833
-21195
-17269
-12441
-7082
-1521
3964
9127
13732
17535
20273
21685
21548
19726
16225
11226
5098
-1631
-8328
-14339
-19077
-22108
-23198
-22340
-19731
-15719
-10741
-5241
379
5798
10778
15145
18756
21466
23111
23512
22505
19986
15959
10586
4196
-2727
-9595
-15790
-20750
-24052
-25465
-24976
-22770
-19180
-14624
-9523
-4248
917
5776
10197
14077
17297
19700
21088
21249
20007
17276
13115
7755
1596
-4831
-10938
-16157
-20031
-22272
-22793
-21697
-19237
-15748
-11578
-7027
-2319
2403
7049
11537
15747
19489
22499
24467
25085
24121
21478
17245
11701
5294
-1425
-7882
-13568
-18106
-21295
-23105
-23647
-23111
-21701
-19579
-16838
-13498
-9548
-4992
89
5505
10937
15966
20131
23004
24269
23789
21632
18059
13479
8369
3188
-1692
-6031
-9732
-12810
-15333
-17361
-18889
-19825
-19992
-19174
-17181
-13920
-9452
-4016
1983
8031
13586
18168
21437
23239
23614
22759
20961
18517
15660
12521
9114
5374
1216
-3394
-8381
-13521
-18461
-22755
-25952
-27680
-27728
-26088
-22961
-18716
-13812
-8707
-3772
764
4831
8490
11867
15078
18157
21005
23396
25007
25498
24600
22191
18354
13373
7699
1865
-3613
-8328
-12050
-14744
-16547
-17693
-18431
-18934
-19241
-19243
-18710
-17367
-14982
-11457
-6883
-1553
4073
9452
14062
17506
19582
20313
19919
18745
17163
15467
13805
12147
10313
8037
5073
1287
-3267
-8328
-13456
-18116
-21785
-24065
-24768
-23951
-21896
-19028
-15815
-12647
-9751
-7146
-4666
-2023
1077
4831
9250
14115
19011
23395
26721
28561
28704
27204
24367
20675
16664
12802
9378
6445
3833
1216
-1772
-5409
-9781
-14721
-19828
-24540
-28256
-30482
-30944
-29657
-26921
-23245
-19226
-15398
-12111
-9452
-7239
-5094
-2565
728
4965
10045
15584
20986
25578
28767
30179
29755
27760
24720
21282
18059
15470
13644
12393
11282
9753
7294
3603
-1312
-7104
-13150
-18690
-23005
-25590
-26278
-25276
-23111
-20490
-18120
-16519
-15885
-16045
-16506
-16589
-15621
-13129
-8982
-3453
2828
9013
14239
17836
19489
19316
17833
15814
14091
13329
13846
15527
17844
19995
21112
20496
17815
13207
7266
912
-4831
-9088
-11343
-11577
-10263
-8243
-6510
-5936
-7044
-9852
-13860
-18163
-21681
-23433
-22803
-19704
-14624
-8515
-2563
2101
4690
4961
3277
517
-2150
-3571
-2915
95
5096
11155
16996
21313
23111
21957
18111
12473
6364
1202
-1858
-2218
0
3978
8403
11804
12923
11061
6263
-661
-8328
-15110
-19547
-20709
-18446
-13439
-7038
-933
3268
4451
2288
-2670
-9109
-15281
-19436
-20270
-17269
-10860
-2323
6503
13675
17624
17552
13646
7044
-438
-6748
-10116
-9502
-4874
2766
11612
19489
24393
24992
20975
13146
3247
-6453
-13713
-16874
-15271
-9419
-894
8039
14981
17991
16075
9452
-484
-11483
-20977
-26708
-27284
-22529
-13547
-2464
8071
15531
18124
15240
7608
-2863
-13539
-21694
-25174
-22923
-15258
-3804
8879
19903
26744
27847
23008
13430
1444
-10040
-18230
-21115
-17953
-9452
2389
14751
24660
29696
28562
21402
9768
-3740
-16081
-24488
-27110
-23450
-14470
-2370
9933
19489
23995
22337
14836
3174
-10002
-21698
-29260
-30980
-26482
-16796
-4110
8737
18907
24204
23562
17269
6882
-5141
-16010
-23227
-25144
-21317
-12579
-836
11371
21439
27272
27724
22829
13764
2566
-8328
-16611
-20598
-19566
-13876
-4870
5444
14830
21300
23513
21037
14409
4991
-5321
-14505
-20812
-23111
-21086
-15278
-6950
2178
10279
15767
17601
15467
9822
1797
-7032
-14943
-20394
-22308
-20275
-14624
-6366
2997
11743
18255
21326
20385
15618
7946
-1143
-9863
-16470
-19603
-18552
-13416
-5102
4831
14468
21899
25605
24765
19436
10561
-202
-10793
-19159
-23661
-23411
-18457
-9790
852
11321
19489
23676
22989
17506
8259
-2970
-14002
-22701
-27390
-27185
-22159
-13316
-2383
8538
17386
22537
23111
19117
11435
1619
-8414
-16757
-21866
-22839
-19557
-12675
-3479
6373
15156
21389
24077
22861
18059
10579
1745
-6935
-14023
-18380
-19340
-16806
-11247
-3621
4785
12557
18379
21238
20593
16466
9452
634
-8577
-16669
-22278
-24419
-22671
-17266
-9070
547
9934
17446
21735
21998
18136
10784
1216
-8878
-17691
-23626
-25585
-23172
-16768
-7458
3158
13264
21146
25502
25659
21680
14337
4956
-4831
-13373
-19282
-21658
-20214
-15302
-7819
962
9610
16770
21364
22742
20752
15744
8489
60
-8328
-15489
-20425
-22454
-21302
-17139
-10562
-2517
5819
13200
18490
20833
19793
15444
8376
-370
-9452
-17427
-22985
-25167
-23534
-18256
-10098
-306
9595
18051
23738
25781
23899
18445
10342
916
-8328
-15950
-20809
-22233
-20100
-14836
-7317
1280
9676
16676
21335
23071
21720
17531
11107
3316
-4831
-12303
-18167
-21692
-22436
-20294
-15522
-8715
-749
7315
14367
19391
21614
20635
16499
9718
1216
-7793
-15984
-22118
-25243
-24846
-20941
-14071
-5225
4317
13185
20136
24233
24981
22385
16923
9452
1064
-7079
-13917
-18615
-20664
-19908
-16541
-11055
-4160
3299
10441
16433
20571
22346
21500
18059
12350
4978
-3219
-11256
-18121
-22898
-24907
-23810
-19683
-13021
-4692
4186
12397
18810
22546
23111
20461
15010
7549
-873
-9116
-16108
-20992
-23227
-22631
-19380
-13947
-7025
575
8021
14540
19489
22393
22979
21192
17198
11380
4318
-3252
-10500
-16581
-20738
-22403
-21287
-17441
-11278
-3530
4831
12726
19119
23164
24330
22475
17858
11093
3053
-5263
-12871
-18928
-22826
-24245
-23158
-19803
-14624
-8203
-1193
5740
11965
16925
20162
21356
20348
17173
12078
5526
-1827
-9185
-15695
-20553
-23111
-22980
-20099
-14756
-7561
632
8844
16108
21593
24718
25209
23119
18786
12774
5772
-1491
-8328
-14156
-18525
-21131
-21815
-20554
-17456
-12759
-6829
-157
6661
12962
18074
21393
22467
21073
17269
11407
4108
-3815
-11459
-17953
-22575
-24845
-24580
-21894
-17166
-10967
-3970
3141
9741
15316
19489
22014
22770
21741
19008
14749
9242
2876
-3856
-10372
-16048
-20279
-22562
-22571
-20219
-15695
-9452
-2160
5382
12349
18005
21791
23390
22743
20034
15633
10027
3752
-2675
-8791
-14203
-18591
-21694
-23307
-23278
-21529
-18082
-13090
-6866
124
7279
13920
19371
23050
24552
23716
20646
15704
9452
2566
-4252
-10371
-15295
-18702
-20448
-20539
-19094
-16300
-12377
-7562
-2112
3683
9486
14901
19489
22805
24451
24142
21768
17438
11484
4439
-3027
-10196
-16398
-21097
-23949
-24833
-23833
-21195
-17269
-12441
-7082
-1521
3964
9127
13732
17535
20273
21685
21548
19726
16225
11226
5098
-1631
-8328
-14339
-19077
-22108
-23198
-22340
-19731
-15719
-10741
-5241
379
5798
10778
15145
18756
21466
23111
23512
22505
19986
15959
10586
4196
-2727
-9595
-15790
-20750
-24052
-25465
-24976
-22770
-19180
-14624
-9523
-4248
917
5776
10197
14077
17297
19700
21088
21249
20007
17276
13115
7755
1596
-4831
-10938
-16157
-20031
-22272
-22793
-21697
-19237
-15748
-11578
-7027
-2319
2403
7049
11537
15747
19489
22499
24467
25085
24121
21478
17245
11701
5294
-1425
-7882
-13568
-18106
-21295
-23105
-23647
-23111
-21701
-19579
-16838
-13498
-9548
-4992
89
5505
10937
15966
20131
23004
24269
23789
21632
18059
13479
8369
3188
-1692
-6031
-9732
-12810
-15333
-17361
-18889
-19825
-19992
-19174
-17181
-13920
-9452
-4016
1983
8031
13586
18168
21437
23239
23614
22759
20961
18517
15660
12521
9114
5374
1216
-3394
-8381
-13521
-18461
-22755
-25952
-27680
-27728
-26088
-22961
-18716
-13812
-8707
-3772
764
4831
8490
11867
15078
18157
21005
23396
25007
25498
24600
22191
18354
13373
7699
1865
-3613
-8328
-12050
-14744
-16547
-17693
-18431
-18934
-19241
-19243
-18710
-17367
-14982
-11457
-6883
-1553
4073
9452
14062
17506
19582
20313
19919
18745
17163
15467
13805
12147
10313
8037
5073
1287
-3267
-8328
-13456
-18116
-21785
-24065
-24768
-23951
-21896
-19028
-15815
-12647
-9751
-7146
-4666
-2023
1077
4831
9250
14115
19011
23395
26721
28561
28704
27204
24367
20675
16664
12802
9378
6445
3833
1216
-1772
-5409
-9781
-14721
-19828
-24540
-28256
-30482
-30944
-29657
-26921
-23245
-19226
-15398
-12111
-9452
-7239
-5094
-2565
728
4965
10045
15584
20986
25578
28767
30179
29755
27760
24720
21282
18059
15470
13644
12393
11282
9753
7294
3603
-1312
-7104
-13150
-18690
-23005
-25590
-26278
-25276
-23111
-20490
-18120
-16519
-15885
-16045
-16506
-16589
-15621
-13129
-8982
-3453
2828
9013
14239
17836
19489
19316
17833
15814
14091
13329
13846
15527
17844
19995
21112
20496
17815
13207
7266
912
-4831
-9088
-11343
-11577
-10263
-8243
-6510
-5936
-7044
-9852
-13860
-18163
-21681
-23433
-22803
-19704
-14624
-8515
-2563
2101
4690
4961
3277
517
-2150
-3571
-2915
95
5096
11155
16996
21313
23111
21957
18111
12473
6364
1202
-1858
-2218
0
3978
8403
11804
12923
11061
6263
-661
-8328
-15110
-19547
-20709
-18446
-13439
-7038
-933
3268
4451
2288
-2670
-9109
-15281
-19436
-20270
17269
10860
2323
-6503
-13675
-17624
-17552
-13646
-7044
438
6748
10116
9502
4874
-2766
-11612
-19489
-24393
-24992
-20975
-13146
-3247
6453
13713
16874
15271
9419
894
-8039
-14981
-17991
-16075
-9452
484
11483
20977
26708
27284
22529
13547
2464
-8071
-15531
-18124
-15240
-7608
2863
13539
21694
25174
22923
15258
3804
-8879
-19903
-26744
-27847
-23008
-13430
-1444
10040
18230
21115
17953
9452
-2389
-14751
-24660
-29696
-28562
-21402
-9768
3740
16081
24488
27110
23450
14470
2370
-9933
-19489
-23995
-22337
-14836
-3174
10002
21698
29260
30980
26482
16796
4110
-8737
-18907
-24204
-23562
-17269
-6882
5141
16010
23227
25144
21317
12579
836
-11371
-21439
-27272
-27724
-22829
-13764
-2566
8328
16611
20598
19566
13876
4870
-5444
-14830
-21300
-23513
-21037
-14409
-4991
5321
14505
20812
23111
21086
15278
6950
-2178
-10279
-15767
-17601
-15467
-9822
-1797
7032
14943
20394
22308
20275
14624
6366
-2997
-11743
-18255
-21326
-20385
-15618
-7946
1143
9863
16470
19603
18552
13416
5102
-4831
-14468
-21899
-25605
-24765
-19436
-10561
202
10793
19159
23661
23411
18457
9790
-852
-11321
-19489
-23676
-22989
-17506
-8259
2970
14002
22701
27390
27185
22159
13316
2383
-8538
-17386
-22537
-23111
-19117
-11435
-1619
8414
16757
21866
22839
19557
12675
3479
-6373
-15156
-21389
-24077
-22861
-18059
-10579
-1745
6935
14023
18380
19340
16806
11247
3621
-4785
-12557
-18379
-21238
-20593
-16466
-9452
-634
8577
16669
22278
24419
22671
17266
9070
-547
-9934
-17446
-21735
-21998
-18136
-10784
-1216
8878
17691
23626
25585
23172
16768
7458
-3158
-13264
-21146
-25502
-25659
-21680
-14337
-4956
4831
13373
19282
21658
20214
15302
7819
-962
-9610
-16770
-21364
-22742
-20752
-15744
-8489
-60
8328
15489
20425
22454
21302
17139
10562
2517
-5819
-13200
-18490
-20833
-19793
-15444
-8376
370
9452
17427
22985
25167
23534
18256
10098
306
-9595
-18051
-23738
-25781
-23899
-18445
-10342
-916
8328
15950
20809
22233
20100
14836
7317
-1280
-9676
-16676
-21335
-23071
-21720
-17531
-11107
-3316
4831
12303
18167
21692
22436
20294
15522
8715
749
-7315
-14367
-19391
-21614
-20635
-16499
-9718
-1216
7793
15984
22118
25243
24846
20941
14071
5225
-4317
-13185
-20136
-24233
-24981
-22385
-16923
-9452
-1064
7079
13917
18615
20664
19908
16541
11055
4160
-3299
-10441
-16433
-20571
-22346
-21500
-18059
-12350
-4978
3219
11256
18121
22898
24907
23810
19683
13021
4692
-4186
-12397
-18810
-22546
-23111
-20461
-15010
-7549
873
9116
16108
20992
23227
22631
19380
13947
7025
-575
-8021
-14540
-19489
-22393
-22979
-21192
-17198
-11380
-4318
3252
10500
16581
20738
22403
21287
17441
11278
3530
-4831
-12726
-19119
-23164
-24330
-22475
-17858
-11093
-3053
5263
12871
18928
22826
24245
23158
19803
14624
8203
1193
-5740
-11965
-16925
-20162
-21356
-20348
-17173
-12078
-5526
1827
9185
15695
20553
23111
22980
20099
14756
7561
-632
-8844
-16108
-21593
-24718
-25209
-23119
-18786
-12774
-5772
1491
8328
14156
18525
21131
21815
20554
17456
12759
6829
157
-6661
-12962
-18074
-21393
-22467
-21073
-17269
-11407
-4108
3815
11459
17953
22575
24845
24580
21894
17166
10967
3970
-3141
-9741
-15316
-19489
-22014
-22770
-21741
-19008
-14749
-9242
-2876
3856
10372
16048
20279
22562
22571
20219
15695
9452
2160
-5382
-12349
-18005
-21791
-23390
-22743
-20034
-15633
-10027
-3752
2675
8791
14203
18591
21694
23307
23278
21529
18082
13090
6866
-124
-7279
-13920
-19371
-23050
-24552
-23716
-20646
-15704
-9452
-2566
4252
10371
15295
18702
20448
20539
19094
16300
12377
7562
2112
-3683
-9486
-14901
-19489
-22805
-24451
-24142
-21768
-17438
-11484
-4439
3027
10196
16398
21097
23949
24833
23833
21195
17269
12441
7082
1521
-3964
-9127
-13732
-17535
-20273
-21685
-21548
-19726
-16225
-11226
-5098
1631
8328
14339
19077
22108
23198
22340
19731
15719
10741
5241
-379
-5798
-10778
-15145
-18756
-21466
-23111
-23512
-22505
-19986
-15959
-10586
-4196
2727
9595
15790
20750
24052
25465
24976
22770
19180
14624
9523
4248
-917
-5776
-10197
-14077
-17297
-19700
-21088
-21249
-20007
-17276
-13115
-7755
-1596
4831
10938
16157
20031
22272
22793
21697
19237
15748
11578
7027
2319
-2403
-7049
-11537
-15747
-19489
-22499
-24467
-25085
-24121
-21478
-17245
-11701
-5294
1425
7882
13568
18106
21295
23105
23647
23111
21701
19579
16838
13498
9548
4992
-89
-5505
-10937
-15966
-20131
-23004
-24269
-23789
-21632
-18059
-13479
-8369
-3188
1692
6031
9732
12810
15333
17361
18889
19825
19992
19174
17181
13920
9452
4016
-1983
-8031
-13586
-18168
-21437
-23239
-23614
-22759
-20961
-18517
-15660
-12521
-9114
-5374
-1216
3394
8381
13521
18461
22755
25952
27680
27728
26088
22961
18716
13812
8707
3772
-764
-4831
-8490
-11867
-15078
-18157
-21005
-23396
-25007
-25498
-24600
-22191
-18354
-13373
-7699
-1865
3613
8328
12050
14744
16547
17693
18431
18934
19241
19243
18710
17367
14982
11457
6883
1553
-4073
-9452
-14062
-17506
-19582
-20313
-19919
-18745
-17163
-15467
-13805
-12147
-10313
-8037
-5073
-1287
3267
8328
13456
18116
21785
24065
24768
23951
21896
19028
15815
12647
9751
7146
4666
2023
-1077
-4831
-9250
-14115
-19011
-23395
-26721
-28561
-28704
-27204
-24367
-20675
-16664
-12802
-9378
-6445
-3833
-1216
1772
5409
9781
14721
19828
24540
28256
30482
30944
29657
26921
23245
19226
15398
12111
9452
7239
5094
2565
-728
-4965
-10045
-15584
-20986
-25578
-28767
-30179
-29755
-27760
-24720
-21282
-18059
-15470
-13644
-12393
-11282
-9753
-7294
-3603
1312
7104
13150
18690
23005
25590
26278
25276
23111
20490
18120
16519
15885
16045
16506
16589
15621
13129
8982
3453
-2828
-9013
-14239
-17836
-19489
-19316
-17833
-15814
-14091
-13329
-13846
-15527
-17844
-19995
-21112
-20496
-17815
-13207
-7266
-912
4831
9088
11343
11577
10263
8243
6510
5936
7044
9852
13860
18163
21681
23433
22803
19704
14624
8515
2563
-2101
-4690
-4961
-3277
-517
2150
3571
2915
-95
-5096
-11155
-16996
-21313
-23111
-21957
-18111
-12473
-6364
-1202
1858
2218
0
-3978
-8403
-11804
-12923
-11061
-6263
661
8328
15110
19547
20709
18446
13439
7038
933
-3268
-4451
-2288
2670
9109
15281
19436
20270
-17269
-10860
-2323
6503
13675
17624
17552
13646
7044
-438
-6748
-10116
-9502
-4874
2766
11612
19489
24393
24992
20975
13146
3247
-6453
-13713
-16874
-15271
-9419
-894
8039
14981
17991
16075
9452
-484
-11483
-20977
-26708
-27284
-22529
-13547
-2464
8071
15531
18124
15240
7608
-2863
-13539
-21694
-25174
-22923
-15258
-3804
8879
19903
26744
27847
23008
13430
1444
-10040
-18230
-21115
-17953
-9452
2389
14751
24660
29696
28562
21402
9768
-3740
-16081
-24488
-27110
-23450
-14470
-2370
9933
19489
23995
22337
14836
3174
-10002
-21698
-29260
-30980
-26482
-16796
-4110
8737
18907
24204
23562
17269
6882
-5141
-16010
-23227
-25144
-21317
-12579
-836
11371
21439
27272
27724
22829
13764
2566
-8328
-16611
-20598
-19566
-13876
-4870
5444
14830
21300
23513
21037
14409
4991
-5321
-14505
-20812
-23111
-21086
-15278
-6950
2178
10279
15767
17601
15467
9822
1797
-7032
-14943
-20394
-22308
-20275
-14624
-6366
2997
11743
18255
21326
20385
15618
7946
-1143
-9863
-16470
-19603
-18552
-13416
-5102
4831
14468
21899
25605
24765
19436
10561
-202
-10793
-19159
-23661
-23411
-18457
-9790
852
11321
19489
23676
22989
17506
8259
-2970
-14002
-22701
-27390
-27185
-22159
-13316
-2383
8538
17386
22537
23111
19117
11435
1619
-8414
-16757
-21866
-22839
-19557
-12675
-3479
6373
15156
21389
24077
22861
18059
10579
1745
-6935
-14023
-18380
-19340
-16806
-11247
-3621
4785
12557
18379
21238
20593
16466
9452
634
-8577
-16669
-22278
-24419
-22671
-17266
-9070
547
9934
17446
21735
21998
18136
10784
1216
-8878
-17691
-23626
-25585
-23172
-16768
-7458
3158
13264
21146
25502
25659
21680
14337
4956
-4831
-13373
-19282
-21658
-20214
-15302
-7819
962
9610
16770
21364
22742
20752
15744
8489
60
-8328
-15489
-20425
-22454
-21302
-17139
-10562
-2517
5819
13200
18490
20833
19793
15444
8376
-370
-9452
-17427
-22985
-25167
-23534
-18256
-10098
-306
9595
18051
23738
25781
23899
18445
10342
916
-8328
-15950
-20809
-22233
-20100
-14836
-7317
1280
9676
16676
21335
23071
21720
17531
11107
3316
-4831
-12303
-18167
-21692
-22436
-20294
-15522
-8715
-749
7315
14367
19391
21614
20635
16499
9718
1216
-7793
-15984
-22118
-25243
-24846
-20941
-14071
-5225
4317
13185
20136
24233
24981
22385
16923
9452
1064
-7079
-13917
-18615
-20664
-19908
-16541
-11055
-4160
3299
10441
16433
20571
22346
21500
18059
12350
4978
-3219
-11256
-18121
-22898
-24907
-23810
-19683
-13021
-4692
4186
12397
18810
22546
23111
20461
15010
7549
-873
-9116
-16108
-20992
-23227
-22631
-19380
-13947
-7025
575
8021
14540
19489
22393
22979
21192
17198
11380
4318
-3252
-10500
-16581
-20738
-22403
-21287
-17441
-11278
-3530
4831
12726
19119
23164
24330
22475
17858
11093
3053
-5263
-12871
-18928
-22826
-24245
-23158
-19803
-14624
-8203
-1193
5740
11965
16925
20162
21356
20348
17173
12078
5526
-1827
-9185
-15695
-20553
-23111
-22980
-20099
-14756
-7561
632
8844
16108
21593
24718
25209
23119
18786
12774
5772
-1491
-8328
-14156
-18525
-21131
-21815
-20554
-17456
-12759
-6829
-157
6661
12962
18074
21393
22467
21073
17269
11407
4108
-3815
-11459
-17953
-22575
-24845
-24580
-21894
-17166
-10967
-3970
3141
9741
15316
19489
22014
22770
21741
19008
14749
9242
2876
-3856
-10372
-16048
-20279
-22562
-22571
-20219
-15695
-9452
-2160
5382
12349
18005
21791
23390
22743
20034
15633
10027
3752
-2675
-8791
-14203
-18591
-21694
-23307
-23278
-21529
-18082
-13090
-6866
124
7279
13920
19371
23050
24552
23716
20646
15704
9452
2566
-4252
-10371
-15295
-18702
-20448
-20539
-19094
-16300
-12377
-7562
-2112
3683
9486
14901
19489
22805
24451
24142
21768
17438
11484
4439
-3027
-10196
-16398
-21097
-23949
-24833
-23833
-21195
-17269
-12441
-7082
-1521
3964
9127
13732
17535
20273
21685
21548
19726
16225
11226
5098
-1631
-8328
-14339
-19077
-22108
-23198
-22340
-19731
-15719
-10741
-5241
379
5798
10778
15145
18756
21466
23111
23512
22505
19986
15959
10586
4196
-2727
-9595
-15790
-20750
-24052
-25465
-24976
-22770
-19180
-14624
-9523
-4248
917
5776
10197
14077
17297
19700
21088
21249
20007
17276
13115
7755
1596
-4831
-10938
-16157
-20031
-22272
-22793
-21697
-19237
-15748
-11578
-7027
-2319
2403
7049
11537
15747
19489
22499
24467
25085
24121
21478
17245
11701
5294
-1425
-7882
-13568
-18106
-21295
-23105
-23647
-23111
-21701
-19579
-16838
-13498
-9548
-4992
89
5505
10937
15966
20131
23004
24269
23789
21632
18059
13479
8369
3188
-1692
-6031
-9732
-12810
-15333
-17361
-18889
-19825
-19992
-19174
-17181
-13920
-9452
-4016
1983
8031
13586
18168
21437
23239
23614
22759
20961
18517
15660
12521
9114
5374
1216
-3394
-8381
-13521
-18461
-22755
-25952
-27680
-27728
-26088
-22961
-18716
-13812
-8707
-3772
764
4831
8490
11867
15078
18157
21005
23396
25007
25498
24600
22191
18354
13373
7699
1865
-3613
-8328
-12050
-14744
-16547
-17693
-18431
-18934
-19241
-19243
-18710
-17367
-14982
-11457
-6883
-1553
4073
9452
14062
17506
19582
20313
19919
18745
17163
15467
13805
12147
10313
8037
5073
1287
-3267
-8328
-13456
-18116
-21785
-24065
-24768
-23951
-21896
-19028
-15815
-12647
-9751
-7146
-4666
-2023
1077
4831
9250
14115
19011
23395
26721
28561
28704
27204
24367
20675
16664
12802
9378
6445
3833
1216
-1772
-5409
-9781
-14721
-19828
-24540
-28256
-30482
-30944
-29657
-26921
-23245
-19226
-15398
-12111
-9452
-7239
-5094
-2565
728
4965
10045
15584
20986
25578
28767
30179
29755
27760
24720
21282
18059
15470
13644
12393
11282
9753
7294
3603
-1312
-7104
-13150
-18690
-23005
-25590
-26278
-25276
-23111
-20490
-18120
-16519
-15885
-16045
-16506
-16589
-15621
-13129
-8982
-3453
2828
9013
14239
17836
19489
19316
17833
15814
14091
13329
13846
15527
17844
19995
21112
20496
17815
13207
7266
912
-4831
-9088
-11343
-11577
-10263
-8243
-6510
-5936
-7044
-9852
-13860
-18163
-21681
-23433
-22803
-19704
-14624
-8515
-2563
2101
4690
4961
3277
517
-2150
-3571
-2915
95
5096
11155
16996
21313
23111
21957
18111
12473
6364
1202
-1858
-2218
0
3978
8403
11804
12923
11061
6263
-661
-8328
-15110
-19547
-20709
-18446
-13439
-7038
-933
3268
4451
2288
-2670
-9109
-15281
-19436
-20270
0
0
0
0
0
0
0
0
0
0
0
0
0
0
0
0
0
0
0
0
0
0
0
0
0
0
0
0
0
0
0
0
0
0
0
0
0
0
0
0
0
0
0
0
0
0
0
0
0
0
0
0
0
0
0
0
0
0
0
0
0
0
0
0
0
0
0
0
0
0
0
0
0
0
0
0
0
0
0
0
0
0
0
0
0
0
0
0
0
0
0
0
0
0
0
0
0
0
0
0
0
0
0
0
0
0
0
0
0
0
0
0
0
0
0
0
0
0
0
0
0
0
0
0
0
0
0
0
0
0
0
0
0
0
0
0
0
0
0
0
0
0
0
0
0
0
0
0
0
0
0
0
0
0
0
0
0
0
0
0
0
0
0
0
0
0
0
0
0
0
0
0
0
0
0
0
0
0
0
0
0
0
0
0
0
0
0
0
0
0
0
0
0
0
0
0
0
0
0
0
0
0
0
0
0
0
0
0
0
0
0
0
0
0
0
0
0
0
0
0
0
0
0
0
0
0
0
0
0
0
0
0
0
0
0
0
0
0
0
0
0
0
0
0
0
0
0
0
0
0
0
0
0
0
0
0
0
0
0
0
0
0
0
0
0
0
0
0
0
0
0
0
0
0
0
0
0
0
0
0
0
0
0
0
0
0
0
0
0
0
0
0
0
0
0
0
0
0
0
0
0
0
0
0
0
0
0
0
0
0
0
0
0
0
0
0
0
0
0
0
0
0
0
0
0
0
0
0
0
0
0
0
0
0
0
0
0
0
0
0
0
0
0
0
0
0
0
0
0
0
0
0
0
0
0
0
0
0
0
0
0
0
0
0
0
0
0
0
0
0
0
0
0
0
0
0
0
0
0
0
0
0
0
0
0
0
0
0
0
0
0
0
0
0
0
0
0
0
0
0
0
0
0
0
0
0
0
0
0
0
0
0
0
0
0
0
0
0
0
0
0
0
0
0
0
0
0
0
0
0
0
0
0
0
0
0
0
0
0
0
0
0
0
0
0
0
0
0
0
0
0
0
0
0
0
0
0
0
0
0
0
0
0
0
0
0
0
0
0
0
0
0
0
0
0
0
0
0
0
0
0
0
0
0
0
0
0
0
0
0
0
0
0
0
0
0
0
0
0
0
0
0
0
0
0
0
0
0
0
0
0
0
0
0
0
0
0
0
0
0
0
0
0
0
0
0
0
0
0
0
0
0
0
0
0
0
0
0
0
0
0
0
0
0
0
0
0
0
0
0
0
0
0
0
0
0
0
0
0
0
0
0
0
0
0
0
0
0
0
0
0
0
0
0
0
0
0
0
0
0
0
0
0
0
0
0
0
0
0
0
0
0
0
0
0
0
0
0
0
0
0
0
0
0
0
0
0
0
0
0
0
0
0
0
0
0
0
0
0
0
0
0
0
0
0
0
0
0
0
0
0
0
0
0
0
0
0
0
0
0
0
0
0
0
0
0
0
0
0
0
0
0
0
0
0
0
0
0
0
0
0
0
0
0
0
0
0
0
0
0
0
0
0
0
0
0
0
0
0
0
0
0
0
0
0
0
0
0
0
0
0
0
0
0
0
0
0
0
0
0
0
0
0
0
0
0
0
0
0
0
0
0
0
0
0
0
0
0
0
0
0
0
0
0
0
0
0
0
0
0
0
0
0
0
0
0
0
0
0
0
0
0
0
0
0
0
0
0
0
0
0
0
0
0
0
0
0
0
0
0
0
0
0
0
0
0
0
0
0
0
0
0
0
0
0
0
0
0
0
0
0
0
0
0
0
0
0
0
0
0
0
0
0
0
0
0
0
0
0
0
0
0
0
0
0
0
0
0
0
0
0
0
0
0
0
0
0
0
0
0
0
0
0
0
0
0
0
0
0
0
0
0
0
0
0
0
0
0
0
0
0
0
0
0
0
0
0
0
0
0
0
0
0
0
0
0
0
0
0
0
0
0
0
0
0
0
0
0
0
0
0
0
0
0
0
0
0
0
0
0
0
0
0
0
0
0
0
0
0
0
0
0
0
0
0
0
0
0
0
0
0
0
0
0
0
0
0
0
0
0
0
0
0
0
0
0
0
0
0
0
0
0
0
0
0
0
0
0
0
0
0
0
0
0
0
0
0
0
0
0
0
0
0
0
0
0
0
0
0
0
0
0
0
0
0
0
0
0
0
0
0
8363
16096
22621
27464
30295
30951
29451
25989
20914
14693
7868
1009
-5343
-10723
-14778
-17293
-18214
-17634
-15783
-12997
-9677
-6248
-3110
-599
1051
1726
1445
350
-1305
-3195
-4955
-6223
-6689
-6126
-4426
-1613
2152
6583
11291
15824
19707
22494
23812
23398
21138
17080
11435
4567
-3035
-10801
-18124
-24416
-29158
-31951
-32547
-30875
-27052
-21364
-14252
-6269
1972
9843
16765
22244
25925
27611
27278
25072
21290
16347
10733
4967
-455
-5106
-8661
-10928
-11862
-11554
-10226
-8191
-5819
-3496
-1577
-348
9
-564
-2001
-4109
-6597
-9101
-11232
-12614
-12933
-11966
-9622
-5952
-1152
4449
10415
16241
21402
25396
27802
28312
26776
23209
17804
10914
3030
-5265
-13346
-20591
-26444
-30459
-32338
-31958
-29381
-24845
-18743
-11584
-3949
3559
10374
16009
20103
22439
22970
21803
19196
15513
11193
6702
2483
-1083
-3719
-5271
-5721
-5182
-3884
-2138
-304
1253
2213
2327
1461
-397
-3124
-6478
-10113
-13621
-16570
-18551
-19225
-18355
-15847
-11757
-6298
172
7183
14187
20609
25898
29577
31289
30831
28176
23480
17066
9405
1071
-7306
-15097
-21722
-26701
-29699
-30547
-29256
-26010
-21150
-15135
-8499
-1801
4422
9710
13715
16224
17182
16682
14950
12317
9178
5951
3026
732
-706
-1184
-727
512
2279
4240
6026
7279
7685
7021
5184
2202
-1754
-6394
-11319
-16067
-20156
-23130
-24608
-24323
-22153
-18143
-12504
-5597
2086
9972
17449
23923
28867
31874
32687
31227
27600
22086
15120
7246
-926
-8772
-15710
-21251
-25034
-26858
-26694
-24681
-21108
-16383
-10983
-5422
-185
4304
7732
9911
10798
10486
9198
7246
4995
2827
1091
64
-79
711
2358
4664
7324
9973
12211
13661
14004
13019
10613
6839
1900
-3871
-10031
-16068
-21444
-25653
-28263
-28960
-27582
-24141
-18823
-11979
-4098
4239
12404
19771
25781
29978
32060
31895
29535
25210
19303
12317
4825
-2576
-9326
-14938
-19051
-21452
-22086
-21060
-18624
-15135
-11025
-6751
-2747
615
3067
4461
4786
4161
2818
1070
-719
-2192
-3028
-2986
-1935
126
3068
6639
10484
14187
17308
19431
20210
19405
16919
12807
7283
707
-6445
-13621
-20238
-25737
-29633
-31560
-31305
-28835
-24295
-18005
-10429
-2138
6240
14076
20787
25891
29047
30079
28992
25961
21318
15513
9071
2544
-3538
-8723
-12663
-15153
-16134
-15699
-14074
-11584
-8618
-5586
-2872
-795
428
703
64
-1332
-3221
-5265
-7094
-8344
-8704
-7953
-5990
-2850
1293
6137
11277
16242
20540
23708
25356
25210
23144
19196
13575
6644
-1107
-9100
-16722
-23368
-28510
-31727
-32757
-31511
-28086
-22755
-15944
-8191
-101
7704
14646
20234
24105
26056
26053
24226
20858
16347
11165
5813
769
-3551
-6841
-8918
-9743
-9415
-8152
-6268
-4127
-2105
-543
287
219
-788
-2649
-5157
-7999
-10801
-13160
-14691
-15073
-14082
-11628
-7764
-2696
3235
9582
15824
21416
25842
28661
29549
28340
25036
19819
13035
5169
-3195
-11430
-18908
-25063
-29436
-31715
-31762
-29619
-25507
-19802
-12997
-5658
1624
8294
13869
17988
20439
21165
20268
17993
14693
10789
6730
2942
-211
-2471
-3698
-3887
-3162
-1761
0
1761
3162
3887
3698
2471
211
-2942
-6730
-10789
-14693
-17993
-20268
-21165
-20439
-17988
-13869
-8294
-1624
5658
12996
19802
25507
29619
31762
31715
29436
25063
18908
11430
3196
-5169
-13035
-19819
-25036
-28340
-29549
-28661
-25842
-21416
-15824
-9582
-3235
2696
7764
11628
14082
15073
14691
13160
10801
7999
5157
2649
788
-219
-287
543
2105
4127
6268
8152
9415
9743
8918
6841
3551
-769
-5813
-11165
-16346
-20858
-24226
-26053
-26056
-24105
-20234
-14646
-7704
101
8191
15944
22755
28086
31511
32757
31727
28510
23368
16722
9101
1107
-6644
-13575
-19196
-23144
-25210
-25356
-23708
-20540
-16242
-11277
-6137
-1293
2850
5990
7953
8704
8344
7094
5266
3221
1332
-64
-703
-428
795
2872
5586
8618
11584
14074
15699
16134
15153
12663
8723
3538
-2544
-9071
-15512
-21318
-25961
-28992
-30079
-29047
-25891
-20787
-14076
-6240
2137
10429
18005
24295
28835
31305
31560
29633
25737
20238
13621
6445
-707
-7283
-12807
-16919
-19405
-20210
-19431
-17308
-14188
-10484
-6639
-3068
-126
1935
2986
3028
2192
719
-1070
-2818
-4161
-4786
-4461
-3067
-615
2747
6751
11025
15134
18624
21060
22086
21452
19051
14938
9326
2576
-4825
-12317
-19303
-25210
-29535
-31895
-32060
-29978
-25781
-19771
-12404
-4240
4098
11979
18823
24141
27582
28960
28263
25653
21444
16068
10031
3871
-1900
-6839
-10613
-13019
-14004
-13661
-12211
-9973
-7324
-4664
-2358
-711
79
-64
-1091
-2827
-4995
-7246
-9198
-10486
-10798
-9911
-7732
-4304
185
5422
10983
16382
21108
24681
26694
26858
25034
21251
15710
8772
926
-7245
-15120
-22086
-27600
-31227
-32687
-31874
-28867
-23923
-17449
-9973
-2086
5597
12504
18143
22153
24323
24608
23130
20156
16068
11319
6394
1754
-2202
-5184
-7021
-7685
-7279
-6026
-4240
-2279
-512
727
1184
706
-732
-3026
-5951
-9178
-12316
-14950
-16682
-17182
-16224
-13715
-9710
-4422
1801
8499
15135
21150
26010
29256
30547
29699
26701
21722
15097
7306
-1070
-9405
-17066
-23480
-28176
-30831
-31289
-29577
-25898
-20609
-14188
-7183
-172
6298
11757
15847
18355
19225
18551
16570
13621
10113
6478
3124
397
-1461
-2327
-2213
-1253
304
2138
3884
5182
5721
5271
3719
1083
-2483
-6702
-11193
-15512
-19196
-21803
-22970
-22439
-20103
-16009
-10374
-3559
3949
11583
18743
24845
29381
31958
32338
30459
26444
20591
13346
5265
-3030
-10914
-17804
-23209
-26776
-28312
-27802
-25396
-21402
-16242
-10415
-4449
1152
5952
9622
11966
12933
12614
11232
9101
6597
4109
2001
564
-9
348
1577
3496
5819
8190
10226
11554
11862
10928
8661
5106
455
-4967
-10733
-16347
-21290
-25072
-27278
-27611
-25925
-22244
-16765
-9843
-1972
6268
14252
21364
27052
30875
32547
31951
29158
24416
18124
10802
3035
-4567
-11435
-17080
-21138
-23398
-23812
-22494
-19707
-15824
-11291
-6583
-2152
1613
4426
6126
6689
6223
4955
3196
1305
-350
-1445
-1726
-1051
599
3110
6248
9677
12996
15783
17634
18214
17293
14778
10723
5343
-1009
-7868
-14692
-20914
-25989
-29451
-30951
-30295
-27464
-22621
-16096
-8363
0
8363
16096
22621
27464
30295
30951
29451
25989
20914
14693
7868
1009
-5343
-10723
-14778
-17293
-18214
-17634
-15783
-12997
-9677
-6248
-3110
-599
1051
1726
1445
350
-1305
-3195
-4955
-6223
-6689
-6126
-4426
-1613
2152
6583
11291
15824
19707
22494
23812
23398
21138
17080
11435
4567
-3035
-10801
-18124
-24416
-29158
-31951
-32547
-30875
-27052
-21364
-14252
-6269
1972
9843
16765
22244
25925
27611
27278
25072
21290
16347
10733
4967
-455
-5106
-8661
-10928
-11862
-11554
-10226
-8191
-5819
-3496
-1577
-348
9
-564
-2001
-4109
-6597
-9100
-11232
-12614
-12933
-11966
-9622
-5952
-1152
4449
10415
16241
21402
25396
27802
28312
26776
23209
17804
10914
3030
-5266
-13346
-20591
-26444
-30459
-32338
-31958
-29381
-24845
-18743
-11584
-3949
3559
10374
16009
20103
22439
22970
21803
19196
15513
11193
6702
2483
-1083
-3719
-5271
-5721
-5182
-3884
-2138
-304
1253
2213
2327
1461
-397
-3124
-6478
-10113
-13621
-16570
-18551
-19225
-18355
-15847
-11757
-6298
172
7183
14187
20609
25898
29577
31289
30831
28176
23480
17066
9405
1071
-7306
-15097
-21722
-26701
-29699
-30547
-29256
-26010
-21150
-15135
-8499
-1801
4422
9710
13715
16224
17182
16682
14950
12317
9178
5951
3026
732
-706
-1184
-727
512
2279
4239
6026
7279
7685
7021
5184
2202
-1754
-6394
-11319
-16067
-20156
-23130
-24608
-24323
-22153
-18143
-12504
-5597
2086
9973
17449
23923
28867
31874
32687
31227
27600
22086
15120
7246
-926
-8772
-15710
-21251
-25034
-26858
-26694
-24681
-21108
-16383
-10983
-5422
-185
4304
7732
9911
10798
10486
9198
7246
4995
2827
1091
64
-79
711
2358
4664
7324
9972
12211
13661
14004
13019
10613
6839
1900
-3871
-10031
-16067
-21444
-25653
-28263
-28960
-27582
-24141
-18823
-11979
-4098
4239
12404
19771
25781
29978
32060
31895
29535
25210
19303
12316
4825
-2576
-9326
-14938
-19051
-21452
-22086
-21060
-18624
-15135
-11025
-6751
-2747
615
3067
4461
4786
4161
2818
1071
-719
-2192
-3028
-2986
-1935
126
3068
6639
10484
14187
17308
19431
20210
19405
16919
12807
7283
707
-6445
-13621
-20238
-25737
-29633
-31560
-31305
-28835
-24295
-18005
-10429
-2138
6240
14076
20787
25891
29047
30079
28992
25961
21318
15513
9071
2544
-3538
-8723
-12663
-15153
-16134
-15699
-14074
-11584
-8618
-5586
-2872
-795
428
703
64
-1332
-3221
-5265
-7094
-8344
-8704
-7953
-5990
-2850
1293
6137
11277
16241
20540
23708
25356
25210
23144
19196
13575
6644
-1107
-9100
-16722
-23368
-28510
-31727
-32757
-31511
-28086
-22755
-15944
-8190
-101
7704
14646
20234
24105
26056
26053
24226
20858
16347
11165
5813
769
-3551
-6841
-8918
-9743
-9415
-8152
-6269
-4127
-2105
-543
287
219
-788
-2649
-5157
-7999
-10801
-13160
-14691
-15073
-14082
-11628
-7764
-2696
3235
9582
15823
21416
25842
28661
29549
28340
25036
19819
13035
5169
-3195
-11430
-18908
-25063
-29436
-31715
-31762
-29619
-25507
-19802
-12997
-5658
1624
8294
13869
17988
20439
21165
20268
17993
14693
10789
6730
2942
-211
-2471
-3698
-3887
-3162
-1761
0
1761
3162
3887
3698
2471
211
-2942
-6730
-10789
-14692
-17993
-20268
-21165
-20439
-17988
-13869
-8294
-1624
5658
12996
19802
25507
29619
31762
31715
29436
25063
18908
11430
3195
-5169
-13035
-19819
-25036
-28340
-29549
-28661
-25842
-21416
-15823
-9582
-3235
2696
7764
11628
14082
15073
14691
13160
10802
7999
5157
2649
788
-219
-287
543
2105
4127
6268
8152
9415
9743
8918
6841
3551
-769
-5813
-11165
-16346
-20858
-24226
-26053
-26056
-24105
-20234
-14646
-7704
101
8190
15944
22755
28086
31511
32757
31727
28510
23368
16722
9101
1107
-6644
-13575
-19196
-23144
-25210
-25356
-23708
-20540
-16241
-11277
-6137
-1293
2850
5990
7953
8704
8344
7094
5266
3221
1332
-64
-703
-428
795
2872
5586
8618
11583
14074
15699
16134
15153
12663
8723
3538
-2544
-9071
-15512
-21318
-25961
-28992
-30079
-29047
-25891
-20787
-14076
-6240
2137
10429
18005
24295
28835
31305
31560
29633
25737
20238
13621
6445
-707
-7283
-12807
-16919
-19405
-20210
-19431
-17308
-14188
-10484
-6639
-3068
-126
1935
2986
3028
2192
719
-1070
-2818
-4161
-4786
-4461
-3067
-615
2747
6751
11025
15134
18624
21060
22086
21452
19051
14938
9326
2576
-4825
-12316
-19303
-25210
-29535
-31895
-32060
-29978
-25781
-19771
-12404
-4240
4098
11979
18823
24141
27582
28960
28263
25653
21444
16067
10031
3871
-1900
-6839
-10613
-13019
-14004
-13661
-12211
-9973
-7324
-4664
-2358
-711
79
-64
-1091
-2827
-4995
-7245
-9198
-10486
-10798
-9911
-7732
-4304
185
5422
10983
16382
21108
24681
26694
26858
25034
21251
15710
8772
926
-7245
-15120
-22086
-27600
-31227
-32687
-31874
-28867
-23923
-17449
-9973
-2086
5597
12504
18143
22153
24323
24608
23130
20156
16068
11319
6394
1754
-2202
-5184
-7021
-7685
-7279
-6026
-4240
-2279
-512
727
1184
706
-732
-3026
-5951
-9178
-12316
-14950
-16682
-17182
-16224
-13715
-9710
-4422
1801
8499
15134
21150
26010
29256
30547
29699
26701
21722
15097
7306
-1070
-9405
-17066
-23480
-28176
-30831
-31289
-29577
-25898
-20609
-14187
-7183
-172
6298
11757
15847
18355
19225
18551
16570
13620
10113
6478
3124
397
-1461
-2327
-2213
-1253
304
2137
3884
5182
5721
5271
3719
1083
-2483
-6702
-11193
-15512
-19196
-21803
-22970
-22439
-20103
-16009
-10374
-3559
3949
11583
18743
24845
29381
31958
32338
30459
26444
20591
13346
5266
-3030
-10914
-17804
-23209
-26776
-28312
-27802
-25396
-21402
-16242
-10415
-4449
1152
5952
9622
11966
12933
12614
11232
9100
6597
4109
2001
564
-9
348
1577
3496
5819
8190
10226
11554
11862
10928
8661
5106
455
-4967
-10733
-16346
-21290
-25072
-27278
-27611
-25925
-22244
-16765
-9843
-1972
6268
14252
21364
27052
30875
32547
31951
29158
24416
18124
10802
3035
-4567
-11435
-17080
-21138
-23398
-23812
-22494
-19707
-15823
-11291
-6583
-2152
1613
4426
6126
6689
6223
4955
3196
1305
-350
-1445
-1726
-1051
599
3110
6248
9677
12996
15783
17634
18214
17293
14778
10723
5343
-1009
-7868
-14692
-20914
-25989
-29451
-30951
-30295
-27464
-22621
-16096
-8363
0
8363
16096
22621
27464
30295
30951
29451
25989
20914
14693
7868
1009
-5343
-10723
-14778
-17293
-18214
-17634
-15783
-12996
-9677
-6248
-3110
-599
1051
1726
1445
350
-1305
-3195
-4955
-6223
-6689
-6126
-4426
-1613
2152
6583
11291
15823
19707
22494
23812
23398
21138
17080
11435
4567
-3035
-10801
-18124
-24416
-29158
-31951
-32547
-30875
-27052
-21364
-14252
-6269
1972
9843
16765
22244
25925
27611
27278
25072
21290
16346
10733
4967
-455
-5106
-8661
-10928
-11862
-11554
-10226
-8191
-5819
-3496
-1577
-348
9
-564
-2001
-4109
-6597
-9100
-11232
-12614
-12933
-11966
-9622
-5952
-1152
4449
10415
16241
21402
25396
27802
28312
26776
23209
17804
10914
3030
-5265
-13346
-20591
-26444
-30459
-32338
-31958
-29381
-24845
-18743
-11584
-3949
3559
10374
16009
20103
22439
22970
21803
19196
15513
11193
6702
2483
-1083
-3719
-5271
-5721
-5182
-3884
-2137
-304
1253
2213
2327
1461
-397
-3124
-6478
-10113
-13620
-16570
-18551
-19225
-18355
-15847
-11757
-6298
172
7183
14187
20609
25898
29577
31289
30831
28176
23480
17066
9405
1071
-7306
-15097
-21722
-26701
-29699
-30547
-29256
-26010
-21150
-15134
-8499
-1801
4422
9710
13715
16224
17182
16682
14950
12317
9178
5951
3026
732
-706
-1184
-727
512
2279
4239
6026
7279
7685
7021
5184
2202
-1754
-6394
-11319
-16067
-20156
-23130
-24608
-24323
-22153
-18143
-12504
-5597
2086
9972
17449
23923
28867
31874
32687
31227
27600
22086
15120
7246
-926
-8772
-15710
-21251
-25034
-26858
-26694
-24681
-21108
-16383
-10983
-5422
-185
4304
7732
9911
10798
10486
9198
7245
4995
2827
1091
64
-79
711
2358
4664
7324
9972
12211
13661
14004
13019
10613
6839
1900
-3871
-10031
-16067
-21444
-25653
-28263
-28960
-27582
-24141
-18823
-11979
-4098
4239
12404
19771
25781
29978
32060
31895
29535
25210
19303
12316
4825
-2576
-9326
-14938
-19051
-21452
-22086
-21060
-18624
-15135
-11025
-6751
-2747
615
3067
4461
4786
4161
2818
1071
-719
-2192
-3028
-2986
-1935
126
3068
6639
10484
14187
17308
19431
20210
19405
16919
12807
7283
707
-6445
-13620
-20238
-25737
-29633
-31560
-31305
-28835
-24295
-18005
-10429
-2138
6240
14076
20787
25891
29047
30079
28992
25961
21318
15513
9071
2544
-3538
-8723
-12663
-15153
-16134
-15699
-14074
-11583
-8618
-5586
-2872
-795
428
703
64
-1332
-3221
-5265
-7094
-8344
-8704
-7953
-5990
-2850
1293
6137
11277
16241
20540
23708
25356
25210
23144
19196
13575
6644
-1107
-9100
-16722
-23368
-28510
-31727
-32757
-31511
-28086
-22755
-15944
-8190
-101
7704
14646
20234
24105
26056
26053
24226
20858
16347
11165
5813
769
-3551
-6841
-8918
-9743
-9415
-8152
-6269
-4127
-2105
-543
287
219
-788
-2649
-5157
-7999
-10802
-13160
-14691
-15073
-14082
-11628
-7764
-2696
3235
9582
15823
21416
25842
28661
29549
28340
25036
19819
13035
5169
-3195
-11430
-18908
-25063
-29436
-31715
-31762
-29619
-25507
-19802
-12997
-5658
1624
8294
13869
17988
20439
21165
20268
17993
14692
10789
6730
2942
-211
-2471
-3698
-3887
-3162
-1761
0
1761
3162
3887
3698
2471
211
-2942
-6730
-10789
-14692
-17993
-20268
-21165
-20439
-17988
-13869
-8294
-1624
5658
12996
19802
25507
29619
31762
31715
29436
25063
18908
11430
3196
-5169
-13035
-19819
-25036
-28340
-29549
-28661
-25842
-21416
-15824
-9582
-3235
2696
7764
11628
14082
15073
14691
13160
10802
7999
5157
2649
788
-219
-287
543
2105
4127
6269
8152
9415
9743
8918
6841
3551
-769
-5813
-11165
-16346
-20858
-24226
-26053
-26056
-24105
-20234
-14646
-7704
101
8190
15944
22755
28086
31511
32757
31727
28510
23368
16722
9101
1107
-6644
-13575
-19196
-23144
-25210
-25356
-23708
-20540
-16241
-11277
-6137
-1293
2850
5990
7953
8704
8344
7094
5266
3221
1332
-64
-703
-428
795
2872
5586
8618
11583
14074
15699
16134
15153
12663
8723
3538
-2544
-9071
-15512
-21318
-25961
-28992
-30079
-29047
-25891
-20787
-14076
-6240
2137
10429
18005
24295
28835
31305
31560
29633
25737
20238
13621
6445
-707
-7283
-12807
-16919
-19405
-20210
-19431
-17308
-14188
-10484
-6639
-3068
-126
1935
2986
3028
2192
719
-1071
-2818
-4161
-4786
-4461
-3067
-615
2747
6751
11025
15134
18624
21060
22086
21452
19051
14938
9326
2576
-4825
-12316
-19303
-25210
-29535
-31895
-32060
-29978
-25781
-19771
-12404
-4240
4098
11979
18823
24141
27582
28960
28263
25653
21444
16068
10031
3871
-1900
-6839
-10613
-13019
-14004
-13661
-12211
-9973
-7324
-4664
-2358
-711
79
-64
-1091
-2827
-4995
-7245
-9198
-10486
-10798
-9911
-7732
-4304
185
5422
10983
16382
21108
24681
26694
26858
25034
21251
15710
8772
926
-7245
-15120
-22086
-27600
-31227
-32687
-31874
-28867
-23923
-17449
-9973
-2086
5597
12504
18143
22153
24323
24608
23130
20156
16068
11319
6394
1754
-2202
-5184
-7021
-7685
-7279
-6026
-4239
-2279
-512
727
1184
706
-732
-3026
-5951
-9178
-12316
-14950
-16682
-17182
-16224
-13715
-9710
-4422
1801
8499
15134
21150
26010
29256
30547
29699
26701
21722
15097
7306
-1070
-9405
-17066
-23480
-28176
-30831
-31289
-29577
-25898
-20609
-14188
-7183
-172
6298
11757
15847
18355
19225
18551
16570
13621
10113
6478
3124
397
-1461
-2327
-2213
-1253
304
2137
3884
5182
5721
5271
3719
1083
-2483
-6702
-11193
-15513
-19196
-21803
-22970
-22439
-20103
-16009
-10374
-3559
3949
11583
18743
24845
29381
31958
32338
30459
26444
20591
13346
5266
-3030
-10914
-17804
-23209
-26776
-28312
-27802
-25396
-21402
-16242
-10415
-4449
1152
5952
9622
11966
12933
12614
11232
9100
6597
4109
2001
564
-9
348
1577
3496
5819
8190
10226
11554
11862
10928
8661
5106
455
-4967
-10733
-16346
-21290
-25072
-27278
-27611
-25925
-22244
-16765
-9843
-1972
6268
14252
21364
27052
30875
32547
31951
29158
24416
18124
10802
3035
-4567
-11435
-17080
-21138
-23398
-23812
-22494
-19707
-15824
-11291
-6583
-2152
1613
4426
6126
6689
6223
4955
3196
1305
-350
-1445
-1726
-1051
599
3110
6248
9677
12997
15783
17634
18214
17293
14778
10723
5343
-1009
-7868
-14692
-20914
-25989
-29451
-30951
-30295
-27464
-22621
-16096
-8363
0
8363
16096
22621
27464
30295
30951
29451
25989
20914
14693
7868
1009
-5343
-10723
-14778
-17293
-18214
-17634
-15783
-12997
-9677
-6248
-3110
-599
1051
1726
1445
350
-1305
-3195
-4955
-6223
-6689
-6126
-4426
-1613
2152
6583
11291
15823
19707
22494
23812
23398
21138
17080
11435
4567
-3035
-10801
-18124
-24416
-29158
-31951
-32547
-30875
-27052
-21364
-14252
-6269
1972
9843
16765
22244
25925
27611
27278
25072
21290
16347
10733
4967
-455
-5106
-8661
-10928
-11862
-11554
-10226
-8191
-5819
-3496
-1577
-348
9
-564
-2001
-4109
-6597
-9101
-11232
-12614
-12933
-11966
-9622
-5952
-1152
4449
10415
16241
21402
25396
27802
28312
26776
23209
17804
10914
3030
-5265
-13346
-20591
-26444
-30459
-32338
-31958
-29381
-24845
-18743
-11584
-3949
3559
10374
16009
20103
22439
22970
21803
19196
15513
11193
6702
2483
-1083
-3719
-5271
-5721
-5182
-3884
-2138
-304
1253
2213
2327
1461
-397
-3124
-6478
-10113
-13620
-16570
-18551
-19225
-18355
-15847
-11757
-6298
172
7183
14188
20609
25898
29577
31289
30831
28176
23480
17066
9405
1071
-7306
-15097
-21722
-26701
-29699
-30547
-29256
-26010
-21150
-15135
-8499
-1801
4422
9710
13715
16224
17182
16682
14950
12317
9178
5951
3026
732
-706
-1184
-727
512
2279
4239
6026
7279
7685
7021
5184
2202
-1754
-6394
-11319
-16067
-20156
-23130
-24608
-24323
-22153
-18143
-12504
-5597
2086
9972
17449
23923
28867
31874
32687
31227
27600
22086
15120
7246
-926
-8772
-15710
-21251
-25034
-26858
-26694
-24681
-21108
-16383
-10983
-5422
-185
4304
7732
9911
10798
10486
9198
7246
4995
2827
1091
64
-79
711
2358
4664
7324
9972
12211
13661
14004
13019
10613
6839
1900
-3871
-10031
-16068
-21444
-25653
-28263
-28960
-27582
-24141
-18823
-11979
-4098
4239
12404
19771
25781
29978
32060
31895
29535
25210
19303
12317
4825
-2576
-9326
-14938
-19051
-21452
-22086
-21060
-18624
-15135
-11025
-6751
-2747
615
3067
4461
4786
4161
2818
1071
-719
-2192
-3028
-2986
-1935
126
3068
6639
10484
14187
17308
19431
20210
19405
16919
12807
7283
707
-6445
-13620
-20238
-25737
-29633
-31560
-31305
-28835
-24295
-18005
-10429
-2138
6240
14076
20787
25891
29047
30079
28992
25961
21318
15513
9071
2544
-3538
-8723
-12663
-15153
-16134
-15699
-14074
-11584
-8618
-5586
-2872
-795
428
703
64
-1332
-3221
-5265
-7094
-8344
-8704
-7953
-5990
-2850
1293
6137
11277
16242
20540
23708
25356
25210
23144
19196
13575
6644
-1107
-9101
-16722
-23368
-28510
-31727
-32757
-31511
-28086
-22755
-15944
-8191
-101
7704
14646
20234
24105
26056
26053
24226
20858
16347
11165
5813
769
-3551
-6841
-8918
-9743
-9415
-8152
-6269
-4127
-2105
-543
287
219
-788
-2649
-5157
-7999
-10801
-13160
-14691
-15073
-14082
-11628
-7764
-2696
3235
9582
15823
21416
25842
28661
29549
28340
25036
19819
13035
5169
-3196
-11430
-18908
-25063
-29436
-31715
-31762
-29619
-25507
-19802
-12997
-5658
1624
8294
13869
17988
20439
21165
20268
17993
14693
10789
6730
2942
-211
-2471
-3698
-3887
-3162
-1761
0
1761
3162
3887
3698
2471
211
-2942
-6730
-10789
-14692
-17993
-20268
-21165
-20439
-17988
-13869
-8294
-1624
5658
12997
19802
25507
29619
31762
31715
29436
25063
18908
11430
3196
-5169
-13035
-19819
-25036
-28340
-29549
-28661
-25842
-21416
-15823
-9582
-3235
2696
7764
11628
14082
15073
14691
13160
10802
7999
5157
2649
788
-219
-287
543
2105
4127
6268
8152
9415
9743
8918
6841
3551
-769
-5813
-11165
-16346
-20858
-24226
-26053
-26056
-24105
-20234
-14646
-7704
101
8190
15944
22755
28086
31511
32757
31727
28510
23368
16722
9100
1107
-6644
-13575
-19196
-23144
-25210
-25356
-23708
-20540
-16242
-11277
-6137
-1293
2850
5990
7953
8704
8344
7094
5265
3221
1332
-64
-703
-428
795
2872
5586
8618
11583
14074
15699
16134
15153
12663
8723
3538
-2544
-9071
-15512
-21318
-25961
-28992
-30079
-29047
-25891
-20787
-14076
-6240
2137
10429
18005
24295
28835
31305
31560
29633
25737
20238
13621
6445
-707
-7283
-12807
-16919
-19405
-20210
-19431
-17308
-14187
-10484
-6639
-3068
-126
1935
2986
3028
2192
719
-1070
-2818
-4161
-4786
-4461
-3067
-615
2747
6751
11025
15134
18624
21060
22086
21452
19051
14938
9326
2576
-4825
-12316
-19303
-25210
-29535
-31895
-32060
-29978
-25781
-19771
-12404
-4240
4098
11979
18823
24141
27582
28960
28263
25653
21444
16068
10031
3871
-1900
-6839
-10613
-13019
-14004
-13661
-12211
-9973
-7324
-4664
-2358
-711
79
-64
-1091
-2827
-4995
-7246
-9198
-10486
-10798
-9911
-7732
-4304
185
5422
10983
16382
21108
24681
26694
26858
25034
21251
15710
8772
926
-7245
-15120
-22086
-27600
-31227
-32687
-31874
-28867
-23923
-17449
-9972
-2086
5597
12504
18143
22153
24323
24608
23130
20156
16068
11319
6394
1754
-2202
-5184
-7021
-7685
-7279
-6026
-4240
-2279
-512
727
1184
706
-732
-3026
-5951
-9178
-12316
-14950
-16682
-17182
-16224
-13715
-9710
-4422
1801
8499
15134
21150
26010
29256
30547
29699
26701
21722
15097
7306
-1071
-9405
-17066
-23480
-28176
-30831
-31289
-29577
-25898
-20609
-14188
-7183
-172
6298
11757
15847
18355
19225
18551
16570
13620
10113
6478
3124
397
-1461
-2327
-2213
-1253
304
2137
3884
5182
5721
5271
3719
1083
-2483
-6702
-11193
-15512
-19196
-21803
-22970
-22439
-20103
-16009
-10374
-3559
3949
11583
18743
24845
29381
31958
32338
30459
26444
20591
13346
5266
-3030
-10914
-17804
-23209
-26776
-28312
-27802
-25396
-21402
-16241
-10415
-4449
1152
5952
9622
11966
12933
12614
11232
9101
6597
4109
2001
564
-9
348
1577
3496
5819
8191
10226
11554
11862
10928
8661
5106
455
-4967
-10733
-16346
-21290
-25072
-27278
-27611
-25925
-22244
-16765
-9843
-1972
6268
14252
21364
27052
30875
32547
31951
29158
24416
18124
10802
3035
-4567
-11435
-17080
-21138
-23398
-23812
-22494
-19707
-15824
-11291
-6583
-2152
1613
4426
6126
6689
6223
4955
3195
1305
-350
-1445
-1726
-1051
599
3110
6248
9677
12996
15783
17634
18214
17293
14778
10723
5343
-1009
-7868
-14692
-20914
-25989
-29451
-30951
-30295
-27464
-22621
-16096
-8363
0
8363
16096
22621
27464
30295
30951
29451
25989
20914
14693
7868
1009
-5343
-10723
-14778
-17293
-18214
-17634
-15783
-12997
-9677
-6248
-3110
-599
1051
1726
1445
350
-1305
-3195
-4955
-6223
-6689
-6126
-4426
-1613
2152
6583
11291
15823
19707
22494
23812
23398
21138
17080
11435
4567
-3035
-10802
-18124
-24416
-29158
-31951
-32547
-30875
-27052
-21364
-14252
-6269
1972
9843
16765
22244
25925
27611
27278
25072
21290
16346
10733
4967
-455
-5106
-8661
-10928
-11862
-11554
-10226
-8191
-5819
-3496
-1577
-348
9
-564
-2001
-4109
-6597
-9100
-11232
-12614
-12933
-11966
-9622
-5952
-1152
4449
10415
16241
21402
25396
27802
28312
26776
23209
17804
10914
3030
-5265
-13346
-20591
-26444
-30459
-32338
-31958
-29381
-24845
-18743
-11583
-3949
3559
10374
16009
20103
22439
22970
21803
19196
15513
11193
6702
2483
-1083
-3719
-5271
-5721
-5182
-3884
-2137
-304
1253
2213
2327
1461
-397
-3124
-6478
-10113
-13620
-16570
-18551
-19225
-18355
-15847
-11757
-6298
172
7183
14187
20609
25898
29577
31289
30831
28176
23480
17066
9405
1071
-7306
-15097
-21722
-26701
-29699
-30547
-29256
-26010
-21150
-15135
-8499
-1801
4422
9710
13715
16224
17182
16682
14950
12316
9178
5951
3026
732
-706
-1184
-727
512
2279
4239
6026
7279
7685
7021
5184
2202
-1754
-6394
-11319
-16068
-20156
-23130
-24608
-24323
-22153
-18143
-12504
-5597
2086
9972
17449
23923
28867
31874
32687
31227
27600
22086
15120
7246
-926
-8772
-15710
-21251
-25034
-26858
-26694
-24681
-21108
-16383
-10983
-5422
-185
4304
7732
9911
10798
10486
9198
7246
4995
2827
1091
64
-79
711
2358
4664
7324
9973
12211
13661
14004
13019
10613
6839
1900
-3871
-10031
-16068
-21444
-25653
-28263
-28960
-27582
-24141
-18823
-11979
-4098
4239
12404
19771
25781
29978
32060
31895
29535
25210
19303
12317
4825
-2576
-9326
-14938
-19051
-21452
-22086
-21060
-18624
-15135
-11025
-6751
-2747
615
3067
4461
4786
4161
2818
1071
-719
-2192
-3028
-2986
-1935
126
3068
6639
10484
14187
17308
19431
20210
19405
16919
12807
7283
707
-6445
-13620
-20238
-25737
-29633
-31560
-31305
-28835
-24295
-18005
-10429
-2137
6240
14076
20787
25891
29047
30079
28992
25961
21318
15513
9071
2544
-3538
-8723
-12663
-15153
-16134
-15699
-14074
-11584
-8618
-5586
-2872
-795
428
703
64
-1332
-3221
-5265
-7094
-8344
-8704
-7953
-5990
-2850
1293
6137
11277
16242
20540
23708
25356
25210
23144
19196
13575
6644
-1107
-9100
-16722
-23368
-28510
-31727
-32757
-31511
-28086
-22755
-15944
-8191
-101
7704
14646
20234
24105
26056
26053
24226
20858
16346
11165
5813
769
-3551
-6841
-8918
-9743
-9415
-8152
-6269
-4127
-2105
-543
287
219
-788
-2649
-5157
-7999
-10802
-13160
-14691
-15073
-14082
-11628
-7764
-2696
3235
9582
15823
21416
25842
28661
29549
28340
25036
19819
13035
5169
-3195
-11430
-18908
-25063
-29436
-31715
-31762
-29619
-25507
-19802
-12997
-5658
1624
8294
13869
17988
20439
21165
20268
17993
14693
10789
6730
2942
-211
-2471
-3698
-3887
-3162
-1761
0
1761
3162
3887
3698
2471
211
-2942
-6730
-10789
-14692
-17993
-20268
-21165
-20439
-17988
-13869
-8294
-1624
5658
12997
19802
25507
29619
31762
31715
29436
25063
18908
11430
3196
-5169
-13035
-19819
-25036
-28340
-29549
-28661
-25842
-21416
-15824
-9582
-3235
2696
7764
11628
14082
15073
14691
13160
10802
7999
5157
2649
788
-219
-287
543
2105
4127
6268
8152
9415
9743
8918
6841
3551
-769
-5813
-11165
-16347
-20858
-24226
-26053
-26056
-24105
-20234
-14646
-7704
101
8190
15944
22755
28086
31511
32757
31727
28510
23368
16722
9101
1107
-6644
-13575
-19196
-23144
-25210
-25356
-23708
-20540
-16241
-11277
-6137
-1293
2850
5990
7953
8704
8344
7094
5266
3221
1332
-64
-703
-428
795
2872
5586
8618
11583
14074
15699
16134
15153
12663
8723
3538
-2544
-9071
-15512
-21318
-25961
-28992
-30079
-29047
-25891
-20787
-14076
-6240
2137
10429
18005
24295
28835
31305
31560
29633
25737
20238
13620
6445
-707
-7283
-12807
-16919
-19405
-20210
-19431
-17308
-14188
-10484
-6639
-3068
-126
1935
2986
3028
2192
719
-1070
-2818
-4161
-4786
-4461
-3067
-615
2747
6751
11025
15134
18624
21060
22086
21452
19051
14938
9326
2576
-4825
-12317
-19303
-25210
-29535
-31895
-32060
-29978
-25781
-19771
-12404
-4240
4098
11979
18823
24141
27582
28960
28263
25653
21444
16068
10031
3871
-1900
-6839
-10613
-13019
-14004
-13661
-12211
-9973
-7324
-4664
-2358
-711
79
-64
-1091
-2827
-4995
-7245
-9198
-10486
-10798
-9911
-7732
-4304
185
5422
10983
16383
21108
24681
26694
26858
25034
21251
15710
8772
926
-7245
-15120
-22086
-27600
-31227
-32687
-31874
-28867
-23923
-17449
-9973
-2086
5597
12504
18143
22153
24323
24608
23130
20156
16068
11319
6394
1754
-2202
-5184
-7021
-7685
-7279
-6026
-4240
-2279
-512
727
1184
706
-732
-3026
-5951
-9178
-12317
-14950
-16682
-17182
-16224
-13715
-9710
-4422
1801
8499
15134
21150
26010
29256
30547
29699
26701
21722
15097
7306
-1070
-9405
-17066
-23480
-28176
-30831
-31289
-29577
-25898
-20609
-14187
-7183
-172
6298
11757
15847
18355
19225
18551
16570
13621
10113
6478
3124
397
-1461
-2327
-2213
-1253
304
2137
3884
5182
5721
5271
3719
1083
-2483
-6702
-11193
-15512
-19196
-21803
-22970
-22439
-20103
-16009
-10374
-3559
3949
11583
18743
24845
29381
31958
32338
30459
26444
20591
13346
5265
-3030
-10914
-17804
-23209
-26776
-28312
-27802
-25396
-21402
-16242
-10415
-4449
1152
5952
9622
11966
12933
12614
11232
9101
6597
4109
2001
564
-9
348
1577
3496
5819
8190
10226
11554
11862
10928
8661
5106
455
-4967
-10733
-16347
-21290
-25072
-27278
-27611
-25925
-22244
-16765
-9843
-1972
6268
14252
21364
27052
30875
32547
31951
29158
24416
18124
10802
3035
-4567
-11435
-17080
-21138
-23398
-23812
-22494
-19707
-15824
-11291
-6583
-2152
1613
4426
6126
6689
6223
4955
3196
1305
-350
-1445
-1726
-1051
599
3110
6248
9677
12997
15783
17634
18214
17293
14778
10723
5343
-1009
-7868
-14692
-20914
-25989
-29451
-30951
-30295
-27464
-22621
-16096
-8363
