17269
10860
2323
-6503
-13675
-17624
-17552
-13646
-7044
438
6748
10116
9502
4874
-2766
-11612
-19489
-24393
-24992
-20975
-13146
-3247
6453
13713
16874
15271
9419
894
-8039
-14981
-17991
-16075
-9452
484
11483
20977
26708
27284
22529
13547
2464
-8071
-15531
-18124
-15240
-7608
2863
13539
21694
25174
22923
15258
3804
-8879
-19903
-26744
-27847
-23008
-13430
-1444
10040
18230
21115
17953
9452
-2389
-14751
-24660
-29696
-28562
-21402
-9768
3740
16081
24488
27110
23450
14470
2370
-9933
-19489
-23995
-22337
-14836
-3174
10002
21698
29260
30980
26482
16796
4110
-8737
-18907
-24204
-23562
-17269
-6882
5141
16010
23227
25144
21317
12579
836
-11371
-21439
-27272
-27724
-22829
-13764
-2566
8328
16611
20598
19566
13876
4870
-5444
-14830
-21300
-23513
-21037
-14409
-4991
5321
14505
20812
23111
21086
15278
6950
-2178
-10279
-15767
-17601
-15467
-9822
-1797
7032
14943
20394
22308
20275
14624
6366
-2997
-11743
-18255
-21326
-20385
-15618
-7946
1143
9863
16470
19603
18552
13416
5102
-4831
-14468
-21899
-25605
-24765
-19436
-10561
202
10793
19159
23661
23411
18457
9790
-852
-11321
-19489
-23676
-22989
-17506
-8259
2970
14002
22701
27390
27185
22159
13316
2383
-8538
-17386
-22537
-23111
-19117
-11435
-1619
8414
16757
21866
22839
19557
12675
3479
-6373
-15156
-21389
-24077
-22861
-18059
-10579
-1745
6935
14023
18380
19340
16806
11247
3621
-4785
-12557
-18379
-21238
-20593
-16466
-9452
-634
8577
16669
22278
24419
22671
17266
9070
-547
-9934
-17446
-21735
-21998
-18136
-10784
-1216
8878
17691
23626
25585
23172
16768
7458
-3158
-13264
-21146
-25502
-25659
-21680
-14337
-4956
4831
13373
19282
21658
20214
15302
7819
-962
-9610
-16770
-21364
-22742
-20752
-15744
-8489
-60
8328
15489
20425
22454
21302
17139
10562
2517
-5819
-13200
-18490
-20833
-19793
-15444
-8376
370
9452
17427
22985
25167
23534
18256
10098
306
-9595
-18051
-23738
-25781
-23899
-18445
-10342
-916
8328
15950
20809
22233
20100
14836
7317
-1280
-9676
-16676
-21335
-23071
-21720
-17531
-11107
-3316
4831
12303
18167
21692
22436
20294
15522
8715
749
-7315
-14367
-19391
-21614
-20635
-16499
-9718
-1216
7793
15984
22118
25243
24846
20941
14071
5225
-4317
-13185
-20136
-24233
-24981
-22385
-16923
-9452
-1064
7079
13917
18615
20664
19908
16541
11055
4160
-3299
-10441
-16433
-20571
-22346
-21500
-18059
-12350
-4978
3219
11256
18121
22898
24907
23810
19683
13021
4692
-4186
-12397
-18810
-22546
-23111
-20461
-15010
-7549
873
9116
16108
20992
23227
22631
19380
13947
7025
-575
-8021
-14540
-19489
-22393
-22979
-21192
-17198
-11380
-4318
3252
10500
16581
20738
22403
21287
17441
11278
3530
-4831
-12726
-19119
-23164
-24330
-22475
-17858
-11093
-3053
5263
12871
18928
22826
24245
23158
19803
14624
8203
1193
-5740
-11965
-16925
-20162
-21356
-20348
-17173
-12078
-5526
1827
9185
15695
20553
23111
22980
20099
14756
7561
-632
-8844
-16108
-21593
-24718
-25209
-23119
-18786
-12774
-5772
1491
8328
14156
18525
21131
21815
20554
17456
12759
6829
157
-6661
-12962
-18074
-21393
-22467
-21073
-17269
-11407
-4108
3815
11459
17953
22575
24845
24580
21894
17166
10967
3970
-3141
-9741
-15316
-19489
-22014
-22770
-21741
-19008
-14749
-9242
-2876
3856
10372
16048
20279
22562
22571
20219
15695
9452
2160
-5382
-12349
-18005
-21791
-23390
-22743
-20034
-15633
-10027
-3752
2675
8791
14203
18591
21694
23307
23278
21529
18082
13090
6866
-124
-7279
-13920
-19371
-23050
-24552
-23716
-20646
-15704
-9452
-2566
4252
10371
15295
18702
20448
20539
19094
16300
12377
7562
2112
-3683
-9486
-14901
-19489
-22805
-24451
-24142
-21768
-17438
-11484
-4439
3027
10196
16398
21097
23949
24833
23833
21195
17269
12441
7082
1521
-3964
-9127
-13732
-17535
-20273
-21685
-21548
-19726
-16225
-11226
-5098
1631
8328
14339
19077
22108
23198
22340
19731
15719
10741
5241
-379
-5798
-10778
-15145
-18756
-21466
-23111
-23512
-22505
-19986
-15959
-10586
-4196
2727
9595
15790
20750
24052
25465
24976
22770
19180
14624
9523
4248
-917
-5776
-10197
-14077
-17297
-19700
-21088
-21249
-20007
-17276
-13115
-7755
-1596
4831
10938
16157
20031
22272
22793
21697
19237
15748
11578
7027
2319
-2403
-7049
-11537
-15747
-19489
-22499
-24467
-25085
-24121
-21478
-17245
-11701
-5294
1425
7882
13568
18106
21295
23105
23647
23111
21701
19579
16838
13498
9548
4992
-89
-5505
-10937
-15966
-20131
-23004
-24269
-23789
-21632
-18059
-13479
-8369
-3188
1692
6031
9732
12810
15333
17361
18889
19825
19992
19174
17181
13920
9452
4016
-1983
-8031
-13586
-18168
-21437
-23239
-23614
-22759
-20961
-18517
-15660
-12521
-9114
-5374
-1216
3394
8381
13521
18461
22755
25952
27680
27728
26088
22961
18716
13812
8707
3772
-764
-4831
-8490
-11867
-15078
-18157
-21005
-23396
-25007
-25498
-24600
-22191
-18354
-13373
-7699
-1865
3613
8328
12050
14744
16547
17693
18431
18934
19241
19243
18710
17367
14982
11457
6883
1553
-4073
-9452
-14062
-17506
-19582
-20313
-19919
-18745
-17163
-15467
-13805
-12147
-10313
-8037
-5073
-1287
3267
8328
13456
18116
21785
24065
24768
23951
21896
19028
15815
12647
9751
7146
4666
2023
-1077
-4831
-9250
-14115
-19011
-23395
-26721
-28561
-28704
-27204
-24367
-20675
-16664
-12802
-9378
-6445
-3833
-1216
1772
5409
9781
14721
19828
24540
28256
30482
30944
29657
26921
23245
19226
15398
12111
9452
7239
5094
2565
-728
-4965
-10045
-15584
-20986
-25578
-28767
-30179
-29755
-27760
-24720
-21282
-18059
-15470
-13644
-12393
-11282
-9753
-7294
-3603
1312
7104
13150
18690
23005
25590
26278
25276
23111
20490
18120
16519
15885
16045
16506
16589
15621
13129
8982
3453
-2828
-9013
-14239
-17836
-19489
-19316
-17833
-15814
-14091
-13329
-13846
-15527
-17844
-19995
-21112
-20496
-17815
-13207
-7266
-912
4831
9088
11343
11577
10263
8243
6510
5936
7044
9852
13860
18163
21681
23433
22803
19704
14624
8515
2563
-2101
-4690
-4961
-3277
-517
2150
3571
2915
-95
-5096
-11155
-16996
-21313
-23111
-21957
-18111
-12473
-6364
-1202
1858
2218
0
-3978
-8403
-11804
-12923
-11061
-6263
661
8328
15110
19547
20709
18446
13439
7038
933
-3268
-4451
-2288
2670
9109
15281
19436
20270
-17269
-10860
-2323
6503
13675
17624
17552
13646
7044
-438
-6748
-10116
-9502
-4874
2766
11612
19489
24393
24992
20975
13146
3247
-6453
-13713
-16874
-15271
-9419
-894
8039
14981
17991
16075
9452
-484
-11483
-20977
-26708
-27284
-22529
-13547
-2464
8071
15531
18124
15240
7608
-2863
-13539
-21694
-25174
-22923
-15258
-3804
8879
19903
26744
27847
23008
13430
1444
-10040
-18230
-21115
-17953
-9452
2389
14751
24660
29696
28562
21402
9768
-3740
-16081
-24488
-27110
-23450
-14470
-2370
9933
19489
23995
22337
14836
3174
-10002
-21698
-29260
-30980
-26482
-16796
-4110
8737
18907
24204
23562
17269
6882
-5141
-16010
-23227
-25144
-21317
-12579
-836
11371
21439
27272
27724
22829
13764
2566
-8328
-16611
-20598
-19566
-13876
-4870
5444
14830
21300
23513
21037
14409
4991
-5321
-14505
-20812
-23111
-21086
-15278
-6950
2178
10279
15767
17601
15467
9822
1797
-7032
-14943
-20394
-22308
-20275
-14624
-6366
2997
11743
18255
21326
20385
15618
7946
-1143
-9863
-16470
-19603
-18552
-13416
-5102
4831
14468
21899
25605
24765
19436
10561
-202
-10793
-19159
-23661
-23411
-18457
-9790
852
11321
19489
23676
22989
17506
8259
-2970
-14002
-22701
-27390
-27185
-22159
-13316
-2383
8538
17386
22537
23111
19117
11435
1619
-8414
-16757
-21866
-22839
-19557
-12675
-3479
6373
15156
21389
24077
22861
18059
10579
1745
-6935
-14023
-18380
-19340
-16806
-11247
-3621
4785
12557
18379
21238
20593
16466
9452
634
-8577
-16669
-22278
-24419
-22671
-17266
-9070
547
9934
17446
21735
21998
18136
10784
1216
-8878
-17691
-23626
-25585
-23172
-16768
-7458
3158
13264
21146
25502
25659
21680
14337
4956
-4831
-13373
-19282
-21658
-20214
-15302
-7819
962
9610
16770
21364
22742
20752
15744
8489
60
-8328
-15489
-20425
-22454
-21302
-17139
-10562
-2517
5819
13200
18490
20833
19793
15444
8376
-370
-9452
-17427
-22985
-25167
-23534
-18256
-10098
-306
9595
18051
23738
25781
23899
18445
10342
916
-8328
-15950
-20809
-22233
-20100
-14836
-7317
1280
9676
16676
21335
23071
21720
17531
11107
3316
-4831
-12303
-18167
-21692
-22436
-20294
-15522
-8715
-749
7315
14367
19391
21614
20635
16499
9718
1216
-7793
-15984
-22118
-25243
-24846
-20941
-14071
-5225
4317
13185
20136
24233
24981
22385
16923
9452
1064
-7079
-13917
-18615
-20664
-19908
-16541
-11055
-4160
3299
10441
16433
20571
22346
21500
18059
12350
4978
-3219
-11256
-18121
-22898
-24907
-23810
-19683
-13021
-4692
4186
12397
18810
22546
23111
20461
15010
7549
-873
-9116
-16108
-20992
-23227
-22631
-19380
-13947
-7025
575
8021
14540
19489
22393
22979
21192
17198
11380
4318
-3252
-10500
-16581
-20738
-22403
-21287
-17441
-11278
-3530
4831
12726
19119
23164
24330
22475
17858
11093
3053
-5263
-12871
-18928
-22826
-24245
-23158
-19803
-14624
-8203
-1193
5740
11965
16925
20162
21356
20348
17173
12078
5526
-1827
-9185
-15695
-20553
-23111
-22980
-20099
-14756
-7561
632
8844
16108
21593
24718
25209
23119
18786
12774
5772
-1491
-8328
-14156
-18525
-21131
-21815
-20554
-17456
-12759
-6829
-157
6661
12962
18074
21393
22467
21073
17269
11407
4108
-3815
-11459
-17953
-22575
-24845
-24580
-21894
-17166
-10967
-3970
3141
9741
15316
19489
22014
22770
21741
19008
14749
9242
2876
-3856
-10372
-16048
-20279
-22562
-22571
-20219
-15695
-9452
-2160
5382
12349
18005
21791
23390
22743
20034
15633
10027
3752
-2675
-8791
-14203
-18591
-21694
-23307
-23278
-21529
-18082
-13090
-6866
124
7279
13920
19371
23050
24552
23716
20646
15704
9452
2566
-4252
-10371
-15295
-18702
-20448
-20539
-19094
-16300
-12377
-7562
-2112
3683
9486
14901
19489
22805
24451
24142
21768
17438
11484
4439
-3027
-10196
-16398
-21097
-23949
-24833
-23833
-21195
-17269
-12441
-7082
-1521
3964
9127
13732
17535
20273
21685
21548
19726
16225
11226
5098
-1631
-8328
-14339
-19077
-22108
-23198
-22340
-19731
-15719
-10741
-5241
379
5798
10778
15145
18756
21466
23111
23512
22505
19986
15959
10586
4196
-2727
-9595
-15790
-20750
-24052
-25465
-24976
-22770
-19180
-14624
-9523
-4248
917
5776
10197
14077
17297
19700
21088
21249
20007
17276
13115
7755
1596
-4831
-10938
-16157
-20031
-22272
-22793
-21697
-19237
-15748
-11578
-7027
-2319
2403
7049
11537
15747
19489
22499
24467
25085
24121
21478
17245
11701
5294
-1425
-7882
-13568
-18106
-21295
-23105
-23647
-23111
-21701
-19579
-16838
-13498
-9548
-4992
89
5505
10937
15966
20131
23004
24269
23789
21632
18059
13479
8369
3188
-1692
-6031
-9732
-12810
-15333
-17361
-18889
-19825
-19992
-19174
-17181
-13920
-9452
-4016
1983
8031
13586
18168
21437
23239
23614
22759
20961
18517
15660
12521
9114
5374
1216
-3394
-8381
-13521
-18461
-22755
-25952
-27680
-27728
-26088
-22961
-18716
-13812
-8707
-3772
764
4831
8490
11867
15078
18157
21005
23396
25007
25498
24600
22191
18354
13373
7699
1865
-3613
-8328
-12050
-14744
-16547
-17693
-18431
-18934
-19241
-19243
-18710
-17367
-14982
-11457
-6883
-1553
4073
9452
14062
17506
19582
20313
19919
18745
17163
15467
13805
12147
10313
8037
5073
1287
-3267
-8328
-13456
-18116
-21785
-24065
-24768
-23951
-21896
-19028
-15815
-12647
-9751
-7146
-4666
-2023
1077
4831
9250
14115
19011
23395
26721
28561
28704
27204
24367
20675
16664
12802
9378
6445
3833
1216
-1772
-5409
-9781
-14721
-19828
-24540
-28256
-30482
-30944
-29657
-26921
-23245
-19226
-15398
-12111
-9452
-7239
-5094
-2565
728
4965
10045
15584
20986
25578
28767
30179
29755
27760
24720
21282
18059
15470
13644
12393
11282
9753
7294
3603
-1312
-7104
-13150
-18690
-23005
-25590
-26278
-25276
-23111
-20490
-18120
-16519
-15885
-16045
-16506
-16589
-15621
-13129
-8982
-3453
2828
9013
14239
17836
19489
19316
17833
15814
14091
13329
13846
15527
17844
19995
21112
20496
17815
13207
7266
912
-4831
-9088
-11343
-11577
-10263
-8243
-6510
-5936
-7044
-9852
-13860
-18163
-21681
-23433
-22803
-19704
-14624
-8515
-2563
2101
4690
4961
3277
517
-2150
-3571
-2915
95
5096
11155
16996
21313
23111
21957
18111
12473
6364
1202
-1858
-2218
0
3978
8403
11804
12923
11061
6263
-661
-8328
-15110
-19547
-20709
-18446
-13439
-7038
-933
3268
4451
2288
-2670
-9109
-15281
-19436
-20270
-17269
-10860
-2323
6503
13675
17624
17552
13646
7044
-438
-6748
-10116
-9502
-4874
2766
11612
19489
24393
24992
20975
13146
3247
-6453
-13713
-16874
-15271
-9419
-894
8039
14981
17991
16075
9452
-484
-11483
-20977
-26708
-27284
-22529
-13547
-2464
8071
15531
18124
15240
7608
-2863
-13539
-21694
-25174
-22923
-15258
-3804
8879
19903
26744
27847
23008
13430
1444
-10040
-18230
-21115
-17953
-9452
2389
14751
24660
29696
28562
21402
9768
-3740
-16081
-24488
-27110
-23450
-14470
-2370
9933
19489
23995
22337
14836
3174
-10002
-21698
-29260
-30980
-26482
-16796
-4110
8737
18907
24204
23562
17269
6882
-5141
-16010
-23227
-25144
-21317
-12579
-836
11371
21439
27272
27724
22829
13764
2566
-8328
-16611
-20598
-19566
-13876
-4870
5444
14830
21300
23513
21037
14409
4991
-5321
-14505
-20812
-23111
-21086
-15278
-6950
2178
10279
15767
17601
15467
9822
1797
-7032
-14943
-20394
-22308
-20275
-14624
-6366
2997
11743
18255
21326
20385
15618
7946
-1143
-9863
-16470
-19603
-18552
-13416
-5102
4831
14468
21899
25605
24765
19436
10561
-202
-10793
-19159
-23661
-23411
-18457
-9790
852
11321
19489
23676
22989
17506
8259
-2970
-14002
-22701
-27390
-27185
-22159
-13316
-2383
8538
17386
22537
23111
19117
11435
1619
-8414
-16757
-21866
-22839
-19557
-12675
-3479
6373
15156
21389
24077
22861
18059
10579
1745
-6935
-14023
-18380
-19340
-16806
-11247
-3621
4785
12557
18379
21238
20593
16466
9452
634
-8577
-16669
-22278
-24419
-22671
-17266
-9070
547
9934
17446
21735
21998
18136
10784
1216
-8878
-17691
-23626
-25585
-23172
-16768
-7458
3158
13264
21146
25502
25659
21680
14337
4956
-4831
-13373
-19282
-21658
-20214
-15302
-7819
962
9610
16770
21364
22742
20752
15744
8489
60
-8328
-15489
-20425
-22454
-21302
-17139
-10562
-2517
5819
13200
18490
20833
19793
15444
8376
-370
-9452
-17427
-22985
-25167
-23534
-18256
-10098
-306
9595
18051
23738
25781
23899
18445
10342
916
-8328
-15950
-20809
-22233
-20100
-14836
-7317
1280
9676
16676
21335
23071
21720
17531
11107
3316
-4831
-12303
-18167
-21692
-22436
-20294
-15522
-8715
-749
7315
14367
19391
21614
20635
16499
9718
1216
-7793
-15984
-22118
-25243
-24846
-20941
-14071
-5225
4317
13185
20136
24233
24981
22385
16923
9452
1064
-7079
-13917
-18615
-20664
-19908
-16541
-11055
-4160
3299
10441
16433
20571
22346
21500
18059
12350
4978
-3219
-11256
-18121
-22898
-24907
-23810
-19683
-13021
-4692
4186
12397
18810
22546
23111
20461
15010
7549
-873
-9116
-16108
-20992
-23227
-22631
-19380
-13947
-7025
575
8021
14540
19489
22393
22979
21192
17198
11380
4318
-3252
-10500
-16581
-20738
-22403
-21287
-17441
-11278
-3530
4831
12726
19119
23164
24330
22475
17858
11093
3053
-5263
-12871
-18928
-22826
-24245
-23158
-19803
-14624
-8203
-1193
5740
11965
16925
20162
21356
20348
17173
12078
5526
-1827
-9185
-15695
-20553
-23111
-22980
-20099
-14756
-7561
632
8844
16108
21593
24718
25209
23119
18786
12774
5772
-1491
-8328
-14156
-18525
-21131
-21815
-20554
-17456
-12759
-6829
-157
6661
12962
18074
21393
22467
21073
17269
11407
4108
-3815
-11459
-17953
-22575
-24845
-24580
-21894
-17166
-10967
-3970
3141
9741
15316
19489
22014
22770
21741
19008
14749
9242
2876
-3856
-10372
-16048
-20279
-22562
-22571
-20219
-15695
-9452
-2160
5382
12349
18005
21791
23390
22743
20034
15633
10027
3752
-2675
-8791
-14203
-18591
-21694
-23307
-23278
-21529
-18082
-13090
-6866
124
7279
13920
19371
23050
24552
23716
20646
15704
9452
2566
-4252
-10371
-15295
-18702
-20448
-20539
-19094
-16300
-12377
-7562
-2112
3683
9486
14901
19489
22805
24451
24142
21768
17438
11484
4439
-3027
-10196
-16398
-21097
-23949
-24833
-23833
-21195
-17269
-12441
-7082
-1521
3964
9127
13732
17535
20273
21685
21548
19726
16225
11226
5098
-1631
-8328
-14339
-19077
-22108
-23198
-22340
-19731
-15719
-10741
-5241
379
5798
10778
15145
18756
21466
23111
23512
22505
19986
15959
10586
4196
-2727
-9595
-15790
-20750
-24052
-25465
-24976
-22770
-19180
-14624
-9523
-4248
917
5776
10197
14077
17297
19700
21088
21249
20007
17276
13115
7755
1596
-4831
-10938
-16157
-20031
-22272
-22793
-21697
-19237
-15748
-11578
-7027
-2319
2403
7049
11537
15747
19489
22499
24467
25085
24121
21478
17245
11701
5294
-1425
-7882
-13568
-18106
-21295
-23105
-23647
-23111
-21701
-19579
-16838
-13498
-9548
-4992
89
5505
10937
15966
20131
23004
24269
23789
21632
18059
13479
8369
3188
-1692
-6031
-9732
-12810
-15333
-17361
-18889
-19825
-19992
-19174
-17181
-13920
-9452
-4016
1983
8031
13586
18168
21437
23239
23614
22759
20961
18517
15660
12521
9114
5374
1216
-3394
-8381
-13521
-18461
-22755
-25952
-27680
-27728
-26088
-22961
-18716
-13812
-8707
-3772
764
4831
8490
11867
15078
18157
21005
23396
25007
25498
24600
22191
18354
13373
7699
1865
-3613
-8328
-12050
-14744
-16547
-17693
-18431
-18934
-19241
-19243
-18710
-17367
-14982
-11457
-6883
-1553
4073
9452
14062
17506
19582
20313
19919
18745
17163
15467
13805
12147
10313
8037
5073
1287
-3267
-8328
-13456
-18116
-21785
-24065
-24768
-23951
-21896
-19028
-15815
-12647
-9751
-7146
-4666
-2023
1077
4831
9250
14115
19011
23395
26721
28561
28704
27204
24367
20675
16664
12802
9378
6445
3833
1216
-1772
-5409
-9781
-14721
-19828
-24540
-28256
-30482
-30944
-29657
-26921
-23245
-19226
-15398
-12111
-9452
-7239
-5094
-2565
728
4965
10045
15584
20986
25578
28767
30179
29755
27760
24720
21282
18059
15470
13644
12393
11282
9753
7294
3603
-1312
-7104
-13150
-18690
-23005
-25590
-26278
-25276
-23111
-20490
-18120
-16519
-15885
-16045
-16506
-16589
-15621
-13129
-8982
-3453
2828
9013
14239
17836
19489
19316
17833
15814
14091
13329
13846
15527
17844
19995
21112
20496
17815
13207
7266
912
-4831
-9088
-11343
-11577
-10263
-8243
-6510
-5936
-7044
-9852
-13860
-18163
-21681
-23433
-22803
-19704
-14624
-8515
-2563
2101
4690
4961
3277
517
-2150
-3571
-2915
95
5096
11155
16996
21313
23111
21957
18111
12473
6364
1202
-1858
-2218
0
3978
8403
11804
12923
11061
6263
-661
-8328
-15110
-19547
-20709
-18446
-13439
-7038
-933
3268
4451
2288
-2670
-9109
-15281
-19436
-20270
-17269
-10860
-2323
6503
13675
17624
17552
13646
7044
-438
-6748
-10116
-9502
-4874
2766
11612
19489
24393
24992
20975
13146
3247
-6453
-13713
-16874
-15271
-9419
-894
8039
14981
17991
16075
9452
-484
-11483
-20977
-26708
-27284
-22529
-13547
-2464
8071
15531
18124
15240
7608
-2863
-13539
-21694
-25174
-22923
-15258
-3804
8879
19903
26744
27847
23008
13430
1444
-10040
-18230
-21115
-17953
-9452
2389
14751
24660
29696
28562
21402
9768
-3740
-16081
-24488
-27110
-23450
-14470
-2370
9933
19489
23995
22337
14836
3174
-10002
-21698
-29260
-30980
-26482
-16796
-4110
8737
18907
24204
23562
17269
6882
-5141
-16010
-23227
-25144
-21317
-12579
-836
11371
21439
27272
27724
22829
13764
2566
-8328
-16611
-20598
-19566
-13876
-4870
5444
14830
21300
23513
21037
14409
4991
-5321
-14505
-20812
-23111
-21086
-15278
-6950
2178
10279
15767
17601
15467
9822
1797
-7032
-14943
-20394
-22308
-20275
-14624
-6366
2997
11743
18255
21326
20385
15618
7946
-1143
-9863
-16470
-19603
-18552
-13416
-5102
4831
14468
21899
25605
24765
19436
10561
-202
-10793
-19159
-23661
-23411
-18457
-9790
852
11321
19489
23676
22989
17506
8259
-2970
-14002
-22701
-27390
-27185
-22159
-13316
-2383
8538
17386
22537
23111
19117
11435
1619
-8414
-16757
-21866
-22839
-19557
-12675
-3479
6373
15156
21389
24077
22861
18059
10579
1745
-6935
-14023
-18380
-19340
-16806
-11247
-3621
4785
12557
18379
21238
20593
16466
9452
634
-8577
-16669
-22278
-24419
-22671
-17266
-9070
547
9934
17446
21735
21998
18136
10784
1216
-8878
-17691
-23626
-25585
-23172
-16768
-7458
3158
13264
21146
25502
25659
21680
14337
4956
-4831
-13373
-19282
-21658
-20214
-15302
-7819
962
9610
16770
21364
22742
20752
15744
8489
60
-8328
-15489
-20425
-22454
-21302
-17139
-10562
-2517
5819
13200
18490
20833
19793
15444
8376
-370
-9452
-17427
-22985
-25167
-23534
-18256
-10098
-306
9595
18051
23738
25781
23899
18445
10342
916
-8328
-15950
-20809
-22233
-20100
-14836
-7317
1280
9676
16676
21335
23071
21720
17531
11107
3316
-4831
-12303
-18167
-21692
-22436
-20294
-15522
-8715
-749
7315
14367
19391
21614
20635
16499
9718
1216
-7793
-15984
-22118
-25243
-24846
-20941
-14071
-5225
4317
13185
20136
24233
24981
22385
16923
9452
1064
-7079
-13917
-18615
-20664
-19908
-16541
-11055
-4160
3299
10441
16433
20571
22346
21500
18059
12350
4978
-3219
-11256
-18121
-22898
-24907
-23810
-19683
-13021
-4692
4186
12397
18810
22546
23111
20461
15010
7549
-873
-9116
-16108
-20992
-23227
-22631
-19380
-13947
-7025
575
8021
14540
19489
22393
22979
21192
17198
11380
4318
-3252
-10500
-16581
-20738
-22403
-21287
-17441
-11278
-3530
4831
12726
19119
23164
24330
22475
17858
11093
3053
-5263
-12871
-18928
-22826
-24245
-23158
-19803
-14624
-8203
-1193
5740
11965
16925
20162
21356
20348
17173
12078
5526
-1827
-9185
-15695
-20553
-23111
-22980
-20099
-14756
-7561
632
8844
16108
21593
24718
25209
23119
18786
12774
5772
-1491
-8328
-14156
-18525
-21131
-21815
-20554
-17456
-12759
-6829
-157
6661
12962
18074
21393
22467
21073
17269
11407
4108
-3815
-11459
-17953
-22575
-24845
-24580
-21894
-17166
-10967
-3970
3141
9741
15316
19489
22014
22770
21741
19008
14749
9242
2876
-3856
-10372
-16048
-20279
-22562
-22571
-20219
-15695
-9452
-2160
5382
12349
18005
21791
23390
22743
20034
15633
10027
3752
-2675
-8791
-14203
-18591
-21694
-23307
-23278
-21529
-18082
-13090
-6866
124
7279
13920
19371
23050
24552
23716
20646
15704
9452
2566
-4252
-10371
-15295
-18702
-20448
-20539
-19094
-16300
-12377
-7562
-2112
3683
9486
14901
19489
22805
24451
24142
21768
17438
11484
4439
-3027
-10196
-16398
-21097
-23949
-24833
-23833
-21195
-17269
-12441
-7082
-1521
3964
9127
13732
17535
20273
21685
21548
19726
16225
11226
5098
-1631
-8328
-14339
-19077
-22108
-23198
-22340
-19731
-15719
-10741
-5241
379
5798
10778
15145
18756
21466
23111
23512
22505
19986
15959
10586
4196
-2727
-9595
-15790
-20750
-24052
-25465
-24976
-22770
-19180
-14624
-9523
-4248
917
5776
10197
14077
17297
19700
21088
21249
20007
17276
13115
7755
1596
-4831
-10938
-16157
-20031
-22272
-22793
-21697
-19237
-15748
-11578
-7027
-2319
2403
7049
11537
15747
19489
22499
24467
25085
24121
21478
17245
11701
5294
-1425
-7882
-13568
-18106
-21295
-23105
-23647
-23111
-21701
-19579
-16838
-13498
-9548
-4992
89
5505
10937
15966
20131
23004
24269
23789
21632
18059
13479
8369
3188
-1692
-6031
-9732
-12810
-15333
-17361
-18889
-19825
-19992
-19174
-17181
-13920
-9452
-4016
1983
8031
13586
18168
21437
23239
23614
22759
20961
18517
15660
12521
9114
5374
1216
-3394
-8381
-13521
-18461
-22755
-25952
-27680
-27728
-26088
-22961
-18716
-13812
-8707
-3772
764
4831
8490
11867
15078
18157
21005
23396
25007
25498
24600
22191
18354
13373
7699
1865
-3613
-8328
-12050
-14744
-16547
-17693
-18431
-18934
-19241
-19243
-18710
-17367
-14982
-11457
-6883
-1553
4073
9452
14062
17506
19582
20313
19919
18745
17163
15467
13805
12147
10313
8037
5073
1287
-3267
-8328
-13456
-18116
-21785
-24065
-24768
-23951
-21896
-19028
-15815
-12647
-9751
-7146
-4666
-2023
1077
4831
9250
14115
19011
23395
26721
28561
28704
27204
24367
20675
16664
12802
9378
6445
3833
1216
-1772
-5409
-9781
-14721
-19828
-24540
-28256
-30482
-30944
-29657
-26921
-23245
-19226
-15398
-12111
-9452
-7239
-5094
-2565
728
4965
10045
15584
20986
25578
28767
30179
29755
27760
24720
21282
18059
15470
13644
12393
11282
9753
7294
3603
-1312
-7104
-13150
-18690
-23005
-25590
-26278
-25276
-23111
-20490
-18120
-16519
-15885
-16045
-16506
-16589
-15621
-13129
-8982
-3453
2828
9013
14239
17836
19489
19316
17833
15814
14091
13329
13846
15527
17844
19995
21112
20496
17815
13207
7266
912
-4831
-9088
-11343
-11577
-10263
-8243
-6510
-5936
-7044
-9852
-13860
-18163
-21681
-23433
-22803
-19704
-14624
-8515
-2563
2101
4690
4961
3277
517
-2150
-3571
-2915
95
5096
11155
16996
21313
23111
21957
18111
12473
6364
1202
-1858
-2218
0
3978
8403
11804
12923
11061
6263
-661
-8328
-15110
-19547
-20709
-18446
-13439
-7038
-933
3268
4451
2288
-2670
-9109
-15281
-19436
-20270
-17269
-10860
-2323
6503
13675
17624
17552
13646
7044
-438
-6748
-10116
-9502
-4874
2766
11612
19489
24393
24992
20975
13146
3247
-6453
-13713
-16874
-15271
-9419
-894
8039
14981
17991
16075
9452
-484
-11483
-20977
-26708
-27284
-22529
-13547
-2464
8071
15531
18124
15240
7608
-2863
-13539
-21694
-25174
-22923
-15258
-3804
8879
19903
26744
27847
23008
13430
1444
-10040
-18230
-21115
-17953
-9452
2389
14751
24660
29696
28562
21402
9768
-3740
-16081
-24488
-27110
-23450
-14470
-2370
9933
19489
23995
22337
14836
3174
-10002
-21698
-29260
-30980
-26482
-16796
-4110
8737
18907
24204
23562
17269
6882
-5141
-16010
-23227
-25144
-21317
-12579
-836
11371
21439
27272
27724
22829
13764
2566
-8328
-16611
-20598
-19566
-13876
-4870
5444
14830
21300
23513
21037
14409
4991
-5321
-14505
-20812
-23111
-21086
-15278
-6950
2178
10279
15767
17601
15467
9822
1797
-7032
-14943
-20394
-22308
-20275
-14624
-6366
2997
11743
18255
21326
20385
15618
7946
-1143
-9863
-16470
-19603
-18552
-13416
-5102
4831
14468
21899
25605
24765
19436
10561
-202
-10793
-19159
-23661
-23411
-18457
-9790
852
11321
19489
23676
22989
17506
8259
-2970
-14002
-22701
-27390
-27185
-22159
-13316
-2383
8538
17386
22537
23111
19117
11435
1619
-8414
-16757
-21866
-22839
-19557
-12675
-3479
6373
15156
21389
24077
22861
18059
10579
1745
-6935
-14023
-18380
-19340
-16806
-11247
-3621
4785
12557
18379
21238
20593
16466
9452
634
-8577
-16669
-22278
-24419
-22671
-17266
-9070
547
9934
17446
21735
21998
18136
10784
1216
-8878
-17691
-23626
-25585
-23172
-16768
-7458
3158
13264
21146
25502
25659
21680
14337
4956
-4831
-13373
-19282
-21658
-20214
-15302
-7819
962
9610
16770
21364
22742
20752
15744
8489
60
-8328
-15489
-20425
-22454
-21302
-17139
-10562
-2517
5819
13200
18490
20833
19793
15444
8376
-370
-9452
-17427
-22985
-25167
-23534
-18256
-10098
-306
9595
18051
23738
25781
23899
18445
10342
916
-8328
-15950
-20809
-22233
-20100
-14836
-7317
1280
9676
16676
21335
23071
21720
17531
11107
3316
-4831
-12303
-18167
-21692
-22436
-20294
-15522
-8715
-749
7315
14367
19391
21614
20635
16499
9718
1216
-7793
-15984
-22118
-25243
-24846
-20941
-14071
-5225
4317
13185
20136
24233
24981
22385
16923
9452
1064
-7079
-13917
-18615
-20664
-19908
-16541
-11055
-4160
3299
10441
16433
20571
22346
21500
18059
12350
4978
-3219
-11256
-18121
-22898
-24907
-23810
-19683
-13021
-4692
4186
12397
18810
22546
23111
20461
15010
7549
-873
-9116
-16108
-20992
-23227
-22631
-19380
-13947
-7025
575
8021
14540
19489
22393
22979
21192
17198
11380
4318
-3252
-10500
-16581
-20738
-22403
-21287
-17441
-11278
-3530
4831
12726
19119
23164
24330
22475
17858
11093
3053
-5263
-12871
-18928
-22826
-24245
-23158
-19803
-14624
-8203
-1193
5740
11965
16925
20162
21356
20348
17173
12078
5526
-1827
-9185
-15695
-20553
-23111
-22980
-20099
-14756
-7561
632
8844
16108
21593
24718
25209
23119
18786
12774
5772
-1491
-8328
-14156
-18525
-21131
-21815
-20554
-17456
-12759
-6829
-157
6661
12962
18074
21393
22467
21073
17269
11407
4108
-3815
-11459
-17953
-22575
-24845
-24580
-21894
-17166
-10967
-3970
3141
9741
15316
19489
22014
22770
21741
19008
14749
9242
2876
-3856
-10372
-16048
-20279
-22562
-22571
-20219
-15695
-9452
-2160
5382
12349
18005
21791
23390
22743
20034
15633
10027
3752
-2675
-8791
-14203
-18591
-21694
-23307
-23278
-21529
-18082
-13090
-6866
124
7279
13920
19371
23050
24552
23716
20646
15704
9452
2566
-4252
-10371
-15295
-18702
-20448
-20539
-19094
-16300
-12377
-7562
-2112
3683
9486
14901
19489
22805
24451
24142
21768
17438
11484
4439
-3027
-10196
-16398
-21097
-23949
-24833
-23833
-21195
-17269
-12441
-7082
-1521
3964
9127
13732
17535
20273
21685
21548
19726
16225
11226
5098
-1631
-8328
-14339
-19077
-22108
-23198
-22340
-19731
-15719
-10741
-5241
379
5798
10778
15145
18756
21466
23111
23512
22505
19986
15959
10586
4196
-2727
-9595
-15790
-20750
-24052
-25465
-24976
-22770
-19180
-14624
-9523
-4248
917
5776
10197
14077
17297
19700
21088
21249
20007
17276
13115
7755
1596
-4831
-10938
-16157
-20031
-22272
-22793
-21697
-19237
-15748
-11578
-7027
-2319
2403
7049
11537
15747
19489
22499
24467
25085
24121
21478
17245
11701
5294
-1425
-7882
-13568
-18106
-21295
-23105
-23647
-23111
-21701
-19579
-16838
-13498
-9548
-4992
89
5505
10937
15966
20131
23004
24269
23789
21632
18059
13479
8369
3188
-1692
-6031
-9732
-12810
-15333
-17361
-18889
-19825
-19992
-19174
-17181
-13920
-9452
-4016
1983
8031
13586
18168
21437
23239
23614
22759
20961
18517
15660
12521
9114
5374
1216
-3394
-8381
-13521
-18461
-22755
-25952
-27680
-27728
-26088
-22961
-18716
-13812
-8707
-3772
764
4831
8490
11867
15078
18157
21005
23396
25007
25498
24600
22191
18354
13373
7699
1865
-3613
-8328
-12050
-14744
-16547
-17693
-18431
-18934
-19241
-19243
-18710
-17367
-14982
-11457
-6883
-1553
4073
9452
14062
17506
19582
20313
19919
18745
17163
15467
13805
12147
10313
8037
5073
1287
-3267
-8328
-13456
-18116
-21785
-24065
-24768
-23951
-21896
-19028
-15815
-12647
-9751
-7146
-4666
-2023
1077
4831
9250
14115
19011
23395
26721
28561
28704
27204
24367
20675
16664
12802
9378
6445
3833
1216
-1772
-5409
-9781
-14721
-19828
-24540
-28256
-30482
-30944
-29657
-26921
-23245
-19226
-15398
-12111
-9452
-7239
-5094
-2565
728
4965
10045
15584
20986
25578
28767
30179
29755
27760
24720
21282
18059
15470
13644
12393
11282
9753
7294
3603
-1312
-7104
-13150
-18690
-23005
-25590
-26278
-25276
-23111
-20490
-18120
-16519
-15885
-16045
-16506
-16589
-15621
-13129
-8982
-3453
2828
9013
14239
17836
19489
19316
17833
15814
14091
13329
13846
15527
17844
19995
21112
20496
17815
13207
7266
912
-4831
-9088
-11343
-11577
-10263
-8243
-6510
-5936
-7044
-9852
-13860
-18163
-21681
-23433
-22803
-19704
-14624
-8515
-2563
2101
4690
4961
3277
517
-2150
-3571
-2915
95
5096
11155
16996
21313
23111
21957
18111
12473
6364
1202
-1858
-2218
0
3978
8403
11804
12923
11061
6263
-661
-8328
-15110
-19547
-20709
-18446
-13439
-7038
-933
3268
4451
2288
-2670
-9109
-15281
-19436
-20270
-17269
-10860
-2323
6503
13675
17624
17552
13646
7044
-438
-6748
-10116
-9502
-4874
2766
11612
19489
24393
24992
20975
13146
3247
-6453
-13713
-16874
-15271
-9419
-894
8039
14981
17991
16075
9452
-484
-11483
-20977
-26708
-27284
-22529
-13547
-2464
8071
15531
18124
15240
7608
-2863
-13539
-21694
-25174
-22923
-15258
-3804
8879
19903
26744
27847
23008
13430
1444
-10040
-18230
-21115
-17953
-9452
2389
14751
24660
29696
28562
21402
9768
-3740
-16081
-24488
-27110
-23450
-14470
-2370
9933
19489
23995
22337
14836
3174
-10002
-21698
-29260
-30980
-26482
-16796
-4110
8737
18907
24204
23562
17269
6882
-5141
-16010
-23227
-25144
-21317
-12579
-836
11371
21439
27272
27724
22829
13764
2566
-8328
-16611
-20598
-19566
-13876
-4870
5444
14830
21300
23513
21037
14409
4991
-5321
-14505
-20812
-23111
-21086
-15278
-6950
2178
10279
15767
17601
15467
9822
1797
-7032
-14943
-20394
-22308
-20275
-14624
-6366
2997
11743
18255
21326
20385
15618
7946
-1143
-9863
-16470
-19603
-18552
-13416
-5102
4831
14468
21899
25605
24765
19436
10561
-202
-10793
-19159
-23661
-23411
-18457
-9790
852
11321
19489
23676
22989
17506
8259
-2970
-14002
-22701
-27390
-27185
-22159
-13316
-2383
8538
17386
22537
23111
19117
11435
1619
-8414
-16757
-21866
-22839
-19557
-12675
-3479
6373
15156
21389
24077
22861
18059
10579
1745
-6935
-14023
-18380
-19340
-16806
-11247
-3621
4785
12557
18379
21238
20593
16466
9452
634
-8577
-16669
-22278
-24419
-22671
-17266
-9070
547
9934
17446
21735
21998
18136
10784
1216
-8878
-17691
-23626
-25585
-23172
-16768
-7458
3158
13264
21146
25502
25659
21680
14337
4956
-4831
-13373
-19282
-21658
-20214
-15302
-7819
962
9610
16770
21364
22742
20752
15744
8489
60
-8328
-15489
-20425
-22454
-21302
-17139
-10562
-2517
5819
13200
18490
20833
19793
15444
8376
-370
-9452
-17427
-22985
-25167
-23534
-18256
-10098
-306
9595
18051
23738
25781
23899
18445
10342
916
-8328
-15950
-20809
-22233
-20100
-14836
-7317
1280
9676
16676
21335
23071
21720
17531
11107
3316
-4831
-12303
-18167
-21692
-22436
-20294
-15522
-8715
-749
7315
14367
19391
21614
20635
16499
9718
1216
-7793
-15984
-22118
-25243
-24846
-20941
-14071
-5225
4317
13185
20136
24233
24981
22385
16923
9452
1064
-7079
-13917
-18615
-20664
-19908
-16541
-11055
-4160
3299
10441
16433
20571
22346
21500
18059
12350
4978
-3219
-11256
-18121
-22898
-24907
-23810
-19683
-13021
-4692
4186
12397
18810
22546
23111
20461
15010
7549
-873
-9116
-16108
-20992
-23227
-22631
-19380
-13947
-7025
575
8021
14540
19489
22393
22979
21192
17198
11380
4318
-3252
-10500
-16581
-20738
-22403
-21287
-17441
-11278
-3530
4831
12726
19119
23164
24330
22475
17858
11093
3053
-5263
-12871
-18928
-22826
-24245
-23158
-19803
-14624
-8203
-1193
5740
11965
16925
20162
21356
20348
17173
12078
5526
-1827
-9185
-15695
-20553
-23111
-22980
-20099
-14756
-7561
632
8844
16108
21593
24718
25209
23119
18786
12774
5772
-1491
-8328
-14156
-18525
-21131
-21815
-20554
-17456
-12759
-6829
-157
6661
12962
18074
21393
22467
21073
17269
11407
4108
-3815
-11459
-17953
-22575
-24845
-24580
-21894
-17166
-10967
-3970
3141
9741
15316
19489
22014
22770
21741
19008
14749
9242
2876
-3856
-10372
-16048
-20279
-22562
-22571
-20219
-15695
-9452
-2160
5382
12349
18005
21791
23390
22743
20034
15633
10027
3752
-2675
-8791
-14203
-18591
-21694
-23307
-23278
-21529
-18082
-13090
-6866
124
7279
13920
19371
23050
24552
23716
20646
15704
9452
2566
-4252
-10371
-15295
-18702
-20448
-20539
-19094
-16300
-12377
-7562
-2112
3683
9486
14901
19489
22805
24451
24142
21768
17438
11484
4439
-3027
-10196
-16398
-21097
-23949
-24833
-23833
-21195
-17269
-12441
-7082
-1521
3964
9127
13732
17535
20273
21685
21548
19726
16225
11226
5098
-1631
-8328
-14339
-19077
-22108
-23198
-22340
-19731
-15719
-10741
-5241
379
5798
10778
15145
18756
21466
23111
23512
22505
19986
15959
10586
4196
-2727
-9595
-15790
-20750
-24052
-25465
-24976
-22770
-19180
-14624
-9523
-4248
917
5776
10197
14077
17297
19700
21088
21249
20007
17276
13115
7755
1596
-4831
-10938
-16157
-20031
-22272
-22793
-21697
-19237
-15748
-11578
-7027
-2319
2403
7049
11537
15747
19489
22499
24467
25085
24121
21478
17245
11701
5294
-1425
-7882
-13568
-18106
-21295
-23105
-23647
-23111
-21701
-19579
-16838
-13498
-9548
-4992
89
5505
10937
15966
20131
23004
24269
23789
21632
18059
13479
8369
3188
-1692
-6031
-9732
-12810
-15333
-17361
-18889
-19825
-19992
-19174
-17181
-13920
-9452
-4016
1983
8031
13586
18168
21437
23239
23614
22759
20961
18517
15660
12521
9114
5374
1216
-3394
-8381
-13521
-18461
-22755
-25952
-27680
-27728
-26088
-22961
-18716
-13812
-8707
-3772
764
4831
8490
11867
15078
18157
21005
23396
25007
25498
24600
22191
18354
13373
7699
1865
-3613
-8328
-12050
-14744
-16547
-17693
-18431
-18934
-19241
-19243
-18710
-17367
-14982
-11457
-6883
-1553
4073
9452
14062
17506
19582
20313
19919
18745
17163
15467
13805
12147
10313
8037
5073
1287
-3267
-8328
-13456
-18116
-21785
-24065
-24768
-23951
-21896
-19028
-15815
-12647
-9751
-7146
-4666
-2023
1077
4831
9250
14115
19011
23395
26721
28561
28704
27204
24367
20675
16664
12802
9378
6445
3833
1216
-1772
-5409
-9781
-14721
-19828
-24540
-28256
-30482
-30944
-29657
-26921
-23245
-19226
-15398
-12111
-9452
-7239
-5094
-2565
728
4965
10045
15584
20986
25578
28767
30179
29755
27760
24720
21282
18059
15470
13644
12393
11282
9753
7294
3603
-1312
-7104
-13150
-18690
-23005
-25590
-26278
-25276
-23111
-20490
-18120
-16519
-15885
-16045
-16506
-16589
-15621
-13129
-8982
-3453
2828
9013
14239
17836
19489
19316
17833
15814
14091
13329
13846
15527
17844
19995
21112
20496
17815
13207
7266
912
-4831
-9088
-11343
-11577
-10263
-8243
-6510
-5936
-7044
-9852
-13860
-18163
-21681
-23433
-22803
-19704
-14624
-8515
-2563
2101
4690
4961
3277
517
-2150
-3571
-2915
95
5096
11155
16996
21313
23111
21957
18111
12473
6364
1202
-1858
-2218
0
3978
8403
11804
12923
11061
6263
-661
-8328
-15110
-19547
-20709
-18446
-13439
-7038
-933
3268
4451
2288
-2670
-9109
-15281
-19436
-20270
17269
10860
2323
-6503
-13675
-17624
-17552
-13646
-7044
438
6748
10116
9502
4874
-2766
-11612
-19489
-24393
-24992
-20975
-13146
-3247
6453
13713
16874
15271
9419
894
-8039
-14981
-17991
-16075
-9452
484
11483
20977
26708
27284
22529
13547
2464
-8071
-15531
-18124
-15240
-7608
2863
13539
21694
25174
22923
15258
3804
-8879
-19903
-26744
-27847
-23008
-13430
-1444
10040
18230
21115
17953
9452
-2389
-14751
-24660
-29696
-28562
-21402
-9768
3740
16081
24488
27110
23450
14470
2370
-9933
-19489
-23995
-22337
-14836
-3174
10002
21698
29260
30980
26482
16796
4110
-8737
-18907
-24204
-23562
-17269
-6882
5141
16010
23227
25144
21317
12579
836
-11371
-21439
-27272
-27724
-22829
-13764
-2566
8328
16611
20598
19566
13876
4870
-5444
-14830
-21300
-23513
-21037
-14409
-4991
5321
14505
20812
23111
21086
15278
6950
-2178
-10279
-15767
-17601
-15467
-9822
-1797
7032
14943
20394
22308
20275
14624
6366
-2997
-11743
-18255
-21326
-20385
-15618
-7946
1143
9863
16470
19603
18552
13416
5102
-4831
-14468
-21899
-25605
-24765
-19436
-10561
202
10793
19159
23661
23411
18457
9790
-852
-11321
-19489
-23676
-22989
-17506
-8259
2970
14002
22701
27390
27185
22159
13316
2383
-8538
-17386
-22537
-23111
-19117
-11435
-1619
8414
16757
21866
22839
19557
12675
3479
-6373
-15156
-21389
-24077
-22861
-18059
-10579
-1745
6935
14023
18380
19340
16806
11247
3621
-4785
-12557
-18379
-21238
-20593
-16466
-9452
-634
8577
16669
22278
24419
22671
17266
9070
-547
-9934
-17446
-21735
-21998
-18136
-10784
-1216
8878
17691
23626
25585
23172
16768
7458
-3158
-13264
-21146
-25502
-25659
-21680
-14337
-4956
4831
13373
19282
21658
20214
15302
7819
-962
-9610
-16770
-21364
-22742
-20752
-15744
-8489
-60
8328
15489
20425
22454
21302
17139
10562
2517
-5819
-13200
-18490
-20833
-19793
-15444
-8376
370
9452
17427
22985
25167
23534
18256
10098
306
-9595
-18051
-23738
-25781
-23899
-18445
-10342
-916
8328
15950
20809
22233
20100
14836
7317
-1280
-9676
-16676
-21335
-23071
-21720
-17531
-11107
-3316
4831
12303
18167
21692
22436
20294
15522
8715
749
-7315
-14367
-19391
-21614
-20635
-16499
-9718
-1216
7793
15984
22118
25243
24846
20941
14071
5225
-4317
-13185
-20136
-24233
-24981
-22385
-16923
-9452
-1064
7079
13917
18615
20664
19908
16541
11055
4160
-3299
-10441
-16433
-20571
-22346
-21500
-18059
-12350
-4978
3219
11256
18121
22898
24907
23810
19683
13021
4692
-4186
-12397
-18810
-22546
-23111
-20461
-15010
-7549
873
9116
16108
20992
23227
22631
19380
13947
7025
-575
-8021
-14540
-19489
-22393
-22979
-21192
-17198
-11380
-4318
3252
10500
16581
20738
22403
21287
17441
11278
3530
-4831
-12726
-19119
-23164
-24330
-22475
-17858
-11093
-3053
5263
12871
18928
22826
24245
23158
19803
14624
8203
1193
-5740
-11965
-16925
-20162
-21356
-20348
-17173
-12078
-5526
1827
9185
15695
20553
23111
22980
20099
14756
7561
-632
-8844
-16108
-21593
-24718
-25209
-23119
-18786
-12774
-5772
1491
8328
14156
18525
21131
21815
20554
17456
12759
6829
157
-6661
-12962
-18074
-21393
-22467
-21073
-17269
-11407
-4108
3815
11459
17953
22575
24845
24580
21894
17166
10967
3970
-3141
-9741
-15316
-19489
-22014
-22770
-21741
-19008
-14749
-9242
-2876
3856
10372
16048
20279
22562
22571
20219
15695
9452
2160
-5382
-12349
-18005
-21791
-23390
-22743
-20034
-15633
-10027
-3752
2675
8791
14203
18591
21694
23307
23278
21529
18082
13090
6866
-124
-7279
-13920
-19371
-23050
-24552
-23716
-20646
-15704
-9452
-2566
4252
10371
15295
18702
20448
20539
19094
16300
12377
7562
2112
-3683
-9486
-14901
-19489
-22805
-24451
-24142
-21768
-17438
-11484
-4439
3027
10196
16398
21097
23949
24833
23833
21195
17269
12441
7082
1521
-3964
-9127
-13732
-17535
-20273
-21685
-21548
-19726
-16225
-11226
-5098
1631
8328
14339
19077
22108
23198
22340
19731
15719
10741
5241
-379
-5798
-10778
-15145
-18756
-21466
-23111
-23512
-22505
-19986
-15959
-10586
-4196
2727
9595
15790
20750
24052
25465
24976
22770
19180
14624
9523
4248
-917
-5776
-10197
-14077
-17297
-19700
-21088
-21249
-20007
-17276
-13115
-7755
-1596
4831
10938
16157
20031
22272
22793
21697
19237
15748
11578
7027
2319
-2403
-7049
-11537
-15747
-19489
-22499
-24467
-25085
-24121
-21478
-17245
-11701
-5294
1425
7882
13568
18106
21295
23105
23647
23111
21701
19579
16838
13498
9548
4992
-89
-5505
-10937
-15966
-20131
-23004
-24269
-23789
-21632
-18059
-13479
-8369
-3188
1692
6031
9732
12810
15333
17361
18889
19825
19992
19174
17181
13920
9452
4016
-1983
-8031
-13586
-18168
-21437
-23239
-23614
-22759
-20961
-18517
-15660
-12521
-9114
-5374
-1216
3394
8381
13521
18461
22755
25952
27680
27728
26088
22961
18716
13812
8707
3772
-764
-4831
-8490
-11867
-15078
-18157
-21005
-23396
-25007
-25498
-24600
-22191
-18354
-13373
-7699
-1865
3613
8328
12050
14744
16547
17693
18431
18934
19241
19243
18710
17367
14982
11457
6883
1553
-4073
-9452
-14062
-17506
-19582
-20313
-19919
-18745
-17163
-15467
-13805
-12147
-10313
-8037
-5073
-1287
3267
8328
13456
18116
21785
24065
24768
23951
21896
19028
15815
12647
9751
7146
4666
2023
-1077
-4831
-9250
-14115
-19011
-23395
-26721
-28561
-28704
-27204
-24367
-20675
-16664
-12802
-9378
-6445
-3833
-1216
1772
5409
9781
14721
19828
24540
28256
30482
30944
29657
26921
23245
19226
15398
12111
9452
7239
5094
2565
-728
-4965
-10045
-15584
-20986
-25578
-28767
-30179
-29755
-27760
-24720
-21282
-18059
-15470
-13644
-12393
-11282
-9753
-7294
-3603
1312
7104
13150
18690
23005
25590
26278
25276
23111
20490
18120
16519
15885
16045
16506
16589
15621
13129
8982
3453
-2828
-9013
-14239
-17836
-19489
-19316
-17833
-15814
-14091
-13329
-13846
-15527
-17844
-19995
-21112
-20496
-17815
-13207
-7266
-912
4831
9088
11343
11577
10263
8243
6510
5936
7044
9852
13860
18163
21681
23433
22803
19704
14624
8515
2563
-2101
-4690
-4961
-3277
-517
2150
3571
2915
-95
-5096
-11155
-16996
-21313
-23111
-21957
-18111
-12473
-6364
-1202
1858
2218
0
-3978
-8403
-11804
-12923
-11061
-6263
661
8328
15110
19547
20709
18446
13439
7038
933
-3268
-4451
-2288
2670
9109
15281
19436
20270
-17269
-10860
-2323
6503
13675
17624
17552
13646
7044
-438
-6748
-10116
-9502
-4874
2766
11612
19489
24393
24992
20975
13146
3247
-6453
-13713
-16874
-15271
-9419
-894
8039
14981
17991
16075
9452
-484
-11483
-20977
-26708
-27284
-22529
-13547
-2464
8071
15531
18124
15240
7608
-2863
-13539
-21694
-25174
-22923
-15258
-3804
8879
19903
26744
27847
23008
13430
1444
-10040
-18230
-21115
-17953
-9452
2389
14751
24660
29696
28562
21402
9768
-3740
-16081
-24488
-27110
-23450
-14470
-2370
9933
19489
23995
22337
14836
3174
-10002
-21698
-29260
-30980
-26482
-16796
-4110
8737
18907
24204
23562
17269
6882
-5141
-16010
-23227
-25144
-21317
-12579
-836
11371
21439
27272
27724
22829
13764
2566
-8328
-16611
-20598
-19566
-13876
-4870
5444
14830
21300
23513
21037
14409
4991
-5321
-14505
-20812
-23111
-21086
-15278
-6950
2178
10279
15767
17601
15467
9822
1797
-7032
-14943
-20394
-22308
-20275
-14624
-6366
2997
11743
18255
21326
20385
15618
7946
-1143
-9863
-16470
-19603
-18552
-13416
-5102
4831
14468
21899
25605
24765
19436
10561
-202
-10793
-19159
-23661
-23411
-18457
-9790
852
11321
19489
23676
22989
17506
8259
-2970
-14002
-22701
-27390
-27185
-22159
-13316
-2383
8538
17386
22537
23111
19117
11435
1619
-8414
-16757
-21866
-22839
-19557
-12675
-3479
6373
15156
21389
24077
22861
18059
10579
1745
-6935
-14023
-18380
-19340
-16806
-11247
-3621
4785
12557
18379
21238
20593
16466
9452
634
-8577
-16669
-22278
-24419
-22671
-17266
-9070
547
9934
17446
21735
21998
18136
10784
1216
-8878
-17691
-23626
-25585
-23172
-16768
-7458
3158
13264
21146
25502
25659
21680
14337
4956
-4831
-13373
-19282
-21658
-20214
-15302
-7819
962
9610
16770
21364
22742
20752
15744
8489
60
-8328
-15489
-20425
-22454
-21302
-17139
-10562
-2517
5819
13200
18490
20833
19793
15444
8376
-370
-9452
-17427
-22985
-25167
-23534
-18256
-10098
-306
9595
18051
23738
25781
23899
18445
10342
916
-8328
-15950
-20809
-22233
-20100
-14836
-7317
1280
9676
16676
21335
23071
21720
17531
11107
3316
-4831
-12303
-18167
-21692
-22436
-20294
-15522
-8715
-749
7315
14367
19391
21614
20635
16499
9718
1216
-7793
-15984
-22118
-25243
-24846
-20941
-14071
-5225
4317
13185
20136
24233
24981
22385
16923
9452
1064
-7079
-13917
-18615
-20664
-19908
-16541
-11055
-4160
3299
10441
16433
20571
22346
21500
18059
12350
4978
-3219
-11256
-18121
-22898
-24907
-23810
-19683
-13021
-4692
4186
12397
18810
22546
23111
20461
15010
7549
-873
-9116
-16108
-20992
-23227
-22631
-19380
-13947
-7025
575
8021
14540
19489
22393
22979
21192
17198
11380
4318
-3252
-10500
-16581
-20738
-22403
-21287
-17441
-11278
-3530
4831
12726
19119
23164
24330
22475
17858
11093
3053
-5263
-12871
-18928
-22826
-24245
-23158
-19803
-14624
-8203
-1193
5740
11965
16925
20162
21356
20348
17173
12078
5526
-1827
-9185
-15695
-20553
-23111
-22980
-20099
-14756
-7561
632
8844
16108
21593
24718
25209
23119
18786
12774
5772
-1491
-8328
-14156
-18525
-21131
-21815
-20554
-17456
-12759
-6829
-157
6661
12962
18074
21393
22467
21073
17269
11407
4108
-3815
-11459
-17953
-22575
-24845
-24580
-21894
-17166
-10967
-3970
3141
9741
15316
19489
22014
22770
21741
19008
14749
9242
2876
-3856
-10372
-16048
-20279
-22562
-22571
-20219
-15695
-9452
-2160
5382
12349
18005
21791
23390
22743
20034
15633
10027
3752
-2675
-8791
-14203
-18591
-21694
-23307
-23278
-21529
-18082
-13090
-6866
124
7279
13920
19371
23050
24552
23716
20646
15704
9452
2566
-4252
-10371
-15295
-18702
-20448
-20539
-19094
-16300
-12377
-7562
-2112
3683
9486
14901
19489
22805
24451
24142
21768
17438
11484
4439
-3027
-10196
-16398
-21097
-23949
-24833
-23833
-21195
-17269
-12441
-7082
-1521
3964
9127
13732
17535
20273
21685
21548
19726
16225
11226
5098
-1631
-8328
-14339
-19077
-22108
-23198
-22340
-19731
-15719
-10741
-5241
379
5798
10778
15145
18756
21466
23111
23512
22505
19986
15959
10586
4196
-2727
-9595
-15790
-20750
-24052
-25465
-24976
-22770
-19180
-14624
-9523
-4248
917
5776
10197
14077
17297
19700
21088
21249
20007
17276
13115
7755
1596
-4831
-10938
-16157
-20031
-22272
-22793
-21697
-19237
-15748
-11578
-7027
-2319
2403
7049
11537
15747
19489
22499
24467
25085
24121
21478
17245
11701
5294
-1425
-7882
-13568
-18106
-21295
-23105
-23647
-23111
-21701
-19579
-16838
-13498
-9548
-4992
89
5505
10937
15966
20131
23004
24269
23789
21632
18059
13479
8369
3188
-1692
-6031
-9732
-12810
-15333
-17361
-18889
-19825
-19992
-19174
-17181
-13920
-9452
-4016
1983
8031
13586
18168
21437
23239
23614
22759
20961
18517
15660
12521
9114
5374
1216
-3394
-8381
-13521
-18461
-22755
-25952
-27680
-27728
-26088
-22961
-18716
-13812
-8707
-3772
764
4831
8490
11867
15078
18157
21005
23396
25007
25498
24600
22191
18354
13373
7699
1865
-3613
-8328
-12050
-14744
-16547
-17693
-18431
-18934
-19241
-19243
-18710
-17367
-14982
-11457
-6883
-1553
4073
9452
14062
17506
19582
20313
19919
18745
17163
15467
13805
12147
10313
8037
5073
1287
-3267
-8328
-13456
-18116
-21785
-24065
-24768
-23951
-21896
-19028
-15815
-12647
-9751
-7146
-4666
-2023
1077
4831
9250
14115
19011
23395
26721
28561
28704
27204
24367
20675
16664
12802
9378
6445
3833
1216
-1772
-5409
-9781
-14721
-19828
-24540
-28256
-30482
-30944
-29657
-26921
-23245
-19226
-15398
-12111
-9452
-7239
-5094
-2565
728
4965
10045
15584
20986
25578
28767
30179
29755
27760
24720
21282
18059
15470
13644
12393
11282
9753
7294
3603
-1312
-7104
-13150
-18690
-23005
-25590
-26278
-25276
-23111
-20490
-18120
-16519
-15885
-16045
-16506
-16589
-15621
-13129
-8982
-3453
2828
9013
14239
17836
19489
19316
17833
15814
14091
13329
13846
15527
17844
19995
21112
20496
17815
13207
7266
912
-4831
-9088
-11343
-11577
-10263
-8243
-6510
-5936
-7044
-9852
-13860
-18163
-21681
-23433
-22803
-19704
-14624
-8515
-2563
2101
4690
4961
3277
517
-2150
-3571
-2915
95
5096
11155
16996
21313
23111
21957
18111
12473
6364
1202
-1858
-2218
0
3978
8403
11804
12923
11061
6263
-661
-8328
-15110
-19547
-20709
-18446
-13439
-7038
-933
3268
4451
2288
-2670
-9109
-15281
-19436
-20270
0
0
0
0
0
0
0
0
0
0
0
0
0
0
0
0
0
0
0
0
0
0
0
0
0
0
0
0
0
0
0
0
0
0
0
0
0
0
0
0
0
0
0
0
0
0
0
0
0
0
0
0
0
0
0
0
0
0
0
0
0
0
0
0
0
0
0
0
0
0
0
0
0
0
0
0
0
0
0
0
0
0
0
0
0
0
0
0
0
0
0
0
0
0
0
0
0
0
0
0
0
0
0
0
0
0
0
0
0
0
0
0
0
0
0
0
0
0
0
0
0
0
0
0
0
0
0
0
0
0
0
0
0
0
0
0
0
0
0
0
0
0
0
0
0
0
0
0
0
0
0
0
0
0
0
0
0
0
0
0
0
0
0
0
0
0
0
0
0
0
0
0
0
0
0
0
0
0
0
0
0
0
0
0
0
0
0
0
0
0
0
0
0
0
0
0
0
0
0
0
0
0
0
0
0
0
0
0
0
0
0
0
0
0
0
0
0
0
0
0
0
0
0
0
0
0
0
0
0
0
0
0
0
0
0
0
0
0
0
0
0
0
0
0
0
0
0
0
0
0
0
0
0
0
0
0
0
0
0
0
0
0
0
0
0
0
0
0
0
0
0
0
0
0
0
0
0
0
0
0
0
0
0
0
0
0
0
0
0
0
0
0
0
0
0
0
0
0
0
0
0
0
0
0
0
0
0
0
0
0
0
0
0
0
0
0
0
0
0
0
0
0
0
0
0
0
0
0
0
0
0
0
0
0
0
0
0
0
0
0
0
0
0
0
0
0
0
0
0
0
0
0
0
0
0
0
0
0
0
0
0
0
0
0
0
0
0
0
0
0
0
0
0
0
0
0
0
0
0
0
0
0
0
0
0
0
0
0
0
0
0
0
0
0
0
0
0
0
0
0
0
0
0
0
0
0
0
0
0
0
0
0
0
0
0
0
0
0
0
0
0
0
0
0
0
0
0
0
0
0
0
0
0
0
0
0
0
0
0
0
0
0
0
0
0
0
0
0
0
0
0
0
0
0
0
0
0
0
0
0
0
0
0
0
0
0
0
0
0
0
0
0
0
0
0
0
0
0
0
0
0
0
0
0
0
0
0
0
0
0
0
0
0
0
0
0
0
0
0
0
0
0
0
0
0
0
0
0
0
0
0
0
0
0
0
0
0
0
0
0
0
0
0
0
0
0
0
0
0
0
0
0
0
0
0
0
0
0
0
0
0
0
0
0
0
0
0
0
0
0
0
0
0
0
0
0
0
0
0
0
0
0
0
0
0
0
0
0
0
0
0
0
0
0
0
0
0
0
0
0
0
0
0
0
0
0
0
0
0
0
0
0
0
0
0
0
0
0
0
0
0
0
0
0
0
0
0
0
0
0
0
0
0
0
0
0
0
0
0
0
0
0
0
0
0
0
0
0
0
0
0
0
0
0
0
0
0
0
0
0
0
0
0
0
0
0
0
0
0
0
0
0
0
0
0
0
0
0
0
0
0
0
0
0
0
0
0
0
0
0
0
0
0
0
0
0
0
0
0
0
0
0
0
0
0
0
0
0
0
0
0
0
0
0
0
0
0
0
0
0
0
0
0
0
0
0
0
0
0
0
0
0
0
0
0
0
0
0
0
0
0
0
0
0
0
0
0
0
0
0
0
0
0
0
0
0
0
0
0
0
0
0
0
0
0
0
0
0
0
0
0
0
0
0
0
0
0
0
0
0
0
0
0
0
0
0
0
0
0
0
0
0
0
0
0
0
0
0
0
0
0
0
0
0
0
0
0
0
0
0
0
0
0
0
0
0
0
0
0
0
0
0
0
0
0
0
0
0
0
0
0
0
0
0
0
0
0
0
0
0
0
0
0
0
0
0
0
0
0
0
0
0
0
0
0
0
0
0
0
0
0
0
0
0
0
0
0
0
0
0
0
0
0
0
0
0
0
0
0
0
0
0
0
0
0
0
0
0
0
0
0
0
0
0
0
0
0
0
0
0
0
0
0
0
0
0
0
0
0
0
0
0
0
0
0
0
0
0
0
0
0
0
0
0
0
0
0
0
0
0
0
0
0
0
0
0
0
0
0
0
0
0
0
0
0
0
0
0
0
0
0
0
0
0
0
0
0
0
0
0
0
0
0
0
0
0
0
0
0
0
0
0
0
0
0
0
0
0
0
0
0
7432
14431
20590
25559
29065
30929
31078
29547
26474
22093
16712
10691
4418
-1717
-7352
-12175
-15942
-18492
-19762
-19775
-18644
-16555
-13753
-10518
-7140
-3902
-1051
1215
2768
3551
3586
2966
1846
428
-1058
-2375
-3303
-3658
-3310
-2195
-324
2212
5256
8586
11938
15024
17553
19258
19918
19375
17554
14469
10225
5020
-871
-7111
-13324
-19118
-24113
-27967
-30402
-31224
-30338
-27755
-23594
-18076
-11511
-4274
3210
10509
17195
22883
27253
30071
31203
30621
28407
24741
19890
14187
8009
1749
-4213
-9535
-13930
-17189
-19194
-19917
-19421
-17853
-15426
-12403
-9071
-5720
-2620
0
1973
3199
3655
3393
2537
1262
-215
-1656
-2832
-3535
-3601
-2927
-1482
688
3466
6663
10037
13311
16193
18399
19680
19839
18752
16383
12782
8097
2560
-3524
-9800
-15882
-21378
-25922
-29197
-30959
-31056
-29435
-26155
-21379
-15370
-8468
-1071
6386
13473
19775
24933
28661
30767
31162
29863
26999
22788
17528
11575
5314
-863
-6591
-11546
-15475
-18206
-19659
-19847
-18870
-16904
-14188
-10995
-7620
-4346
-1426
933
2593
3487
3625
3089
2029
640
-850
-2205
-3202
-3648
-3407
-2402
-636
1813
4798
8102
11469
14611
17236
19074
19894
19531
17893
14984
10895
5812
0
-6212
-12453
-18331
-23461
-27497
-30149
-31210
-30571
-28224
-24278
-18937
-12499
-5334
2142
9494
16292
22144
26719
29770
31147
30808
28817
25343
20643
15040
8906
2633
-3393
-8826
-13368
-16798
-18987
-19890
-19561
-18135
-15816
-12861
-9554
-6189
-3038
-337
1735
3071
3635
3470
2689
1462
0
-1462
-2689
-3470
-3635
-3071
-1735
337
3038
6189
9554
12861
15816
18135
19561
19890
18987
16798
13368
8826
3393
-2633
-8906
-15040
-20643
-25343
-28817
-30808
-31147
-29770
-26719
-22144
-16292
-9494
-2142
5334
12499
18937
24278
28224
30571
31210
30149
27497
23461
18331
12453
6212
0
-5812
-10895
-14984
-17893
-19531
-19894
-19074
-17236
-14611
-11469
-8102
-4798
-1813
636
2402
3407
3648
3202
2205
850
-640
-2029
-3089
-3625
-3487
-2593
-933
1426
4346
7620
10995
14188
16904
18870
19847
19659
18206
15475
11546
6591
863
-5314
-11575
-17528
-22788
-26999
-29863
-31162
-30767
-28661
-24933
-19775
-13473
-6386
1071
8468
15370
21379
26155
29435
31056
30959
29197
25922
21378
15882
9800
3524
-2560
-8097
-12782
-16383
-18752
-19839
-19680
-18399
-16193
-13311
-10037
-6663
-3466
-688
1482
2927
3601
3535
2832
1656
215
-1262
-2537
-3393
-3655
-3199
-1973
0
2620
5720
9071
12403
15426
17853
19421
19917
19194
17189
13930
9535
4213
-1749
-8009
-14187
-19890
-24741
-28407
-30621
-31203
-30071
-27253
-22883
-17195
-10509
-3210
4274
11511
18076
23594
27755
30338
31224
30402
27967
24113
19118
13324
7111
871
-5020
-10225
-14469
-17554
-19375
-19918
-19258
-17553
-15024
-11938
-8586
-5256
-2212
324
2195
3310
3658
3303
2375
1058
-428
-1846
-2966
-3586
-3551
-2768
-1215
1051
3902
7140
10518
13753
16555
18644
19775
19762
18492
15942
12175
7352
1717
-4418
-10691
-16712
-22093
-26474
-29547
-31078
-30929
-29065
-25559
-20590
-14431
-7432
0
7432
14431
20590
25559
29065
30929
31078
29547
26474
22093
16712
10691
4418
-1717
-7352
-12175
-15942
-18492
-19762
-19775
-18644
-16555
-13753
-10518
-7140
-3902
-1051
1215
2768
3551
3586
2966
1846
428
-1058
-2375
-3303
-3658
-3310
-2195
-324
2212
5256
8586
11938
15024
17553
19258
19918
19375
17554
14469
10225
5020
-871
-7111
-13324
-19118
-24113
-27967
-30402
-31224
-30338
-27755
-23594
-18076
-11511
-4274
3210
10509
17195
22883
27253
30071
31203
30621
28407
24741
19890
14188
8009
1749
-4213
-9535
-13930
-17189
-19194
-19917
-19421
-17853
-15426
-12403
-9071
-5720
-2620
0
1973
3199
3655
3393
2537
1262
-215
-1656
-2832
-3535
-3601
-2927
-1482
688
3466
6663
10037
13311
16193
18399
19680
19839
18752
16383
12782
8097
2560
-3524
-9800
-15882
-21378
-25922
-29197
-30959
-31056
-29435
-26155
-21379
-15370
-8468
-1071
6386
13473
19775
24933
28661
30767
31162
29863
26999
22788
17528
11575
5314
-863
-6591
-11546
-15475
-18206
-19659
-19847
-18870
-16904
-14188
-10995
-7620
-4346
-1426
933
2593
3487
3625
3089
2029
640
-850
-2205
-3202
-3648
-3407
-2402
-636
1813
4798
8102
11469
14611
17236
19074
19894
19531
17893
14984
10895
5812
0
-6212
-12453
-18331
-23461
-27497
-30149
-31210
-30571
-28224
-24278
-18937
-12499
-5334
2142
9494
16292
22144
26719
29770
31147
30808
28817
25343
20643
15040
8906
2633
-3393
-8826
-13368
-16798
-18987
-19890
-19561
-18135
-15816
-12861
-9554
-6189
-3038
-337
1735
3071
3635
3470
2689
1462
0
-1462
-2689
-3470
-3635
-3071
-1735
337
3038
6189
9554
12861
15816
18135
19561
19890
18987
16798
13368
8826
3393
-2633
-8906
-15040
-20643
-25343
-28817
-30808
-31147
-29770
-26719
-22144
-16292
-9494
-2142
5334
12499
18937
24278
28224
30571
31210
30149
27497
23461
18331
12453
6212
0
-5812
-10895
-14984
-17893
-19531
-19894
-19074
-17236
-14611
-11469
-8102
-4798
-1813
636
2402
3407
3648
3202
2205
850
-640
-2029
-3089
-3625
-3487
-2593
-933
1426
4346
7620
10995
14187
16904
18870
19847
19659
18206
15475
11546
6591
863
-5314
-11575
-17528
-22788
-26999
-29863
-31162
-30767
-28661
-24933
-19775
-13473
-6386
1071
8468
15370
21379
26155
29435
31056
30959
29197
25922
21378
15882
9800
3524
-2560
-8097
-12782
-16383
-18752
-19839
-19680
-18399
-16193
-13311
-10037
-6663
-3466
-688
1482
2927
3601
3535
2832
1656
215
-1262
-2537
-3393
-3655
-3199
-1973
0
2620
5720
9071
12403
15426
17853
19421
19917
19194
17189
13930
9535
4213
-1749
-8009
-14188
-19890
-24741
-28407
-30621
-31203
-30071
-27253
-22883
-17195
-10509
-3210
4274
11511
18076
23594
27755
30338
31224
30402
27967
24113
19118
13324
7111
871
-5020
-10225
-14469
-17554
-19375
-19918
-19258
-17553
-15024
-11938
-8586
-5256
-2212
324
2195
3310
3658
3303
2375
1058
-428
-1846
-2966
-3586
-3551
-2768
-1215
1051
3902
7140
10518
13753
16555
18644
19775
19762
18492
15942
12175
7352
1717
-4418
-10691
-16712
-22093
-26474
-29547
-31078
-30929
-29065
-25559
-20590
-14431
-7432
0
7432
14431
20590
25559
29065
30929
31078
29547
26474
22093
16712
10691
4418
-1717
-7352
-12175
-15942
-18492
-19762
-19775
-18644
-16555
-13753
-10518
-7140
-3902
-1051
1215
2768
3551
3586
2966
1846
428
-1058
-2375
-3303
-3658
-3310
-2195
-324
2212
5256
8586
11938
15024
17553
19258
19918
19375
17554
14469
10225
5020
-871
-7111
-13324
-19118
-24113
-27967
-30402
-31224
-30338
-27755
-23594
-18076
-11511
-4274
3210
10509
17195
22883
27253
30071
31203
30621
28407
24741
19890
14188
8009
1749
-4213
-9535
-13930
-17189
-19194
-19917
-19421
-17853
-15426
-12403
-9071
-5720
-2620
0
1973
3199
3655
3393
2537
1262
-215
-1656
-2832
-3535
-3601
-2927
-1482
688
3466
6663
10037
13311
16193
18399
19680
19839
18752
16383
12782
8097
2560
-3524
-9800
-15882
-21378
-25922
-29197
-30959
-31056
-29435
-26155
-21379
-15370
-8468
-1071
6386
13473
19775
24933
28661
30767
31162
29863
26999
22788
17528
11575
5314
-863
-6591
-11546
-15475
-18206
-19659
-19847
-18870
-16904
-14187
-10995
-7620
-4346
-1426
933
2593
3487
3625
3089
2029
640
-850
-2205
-3202
-3648
-3407
-2402
-636
1813
4798
8102
11469
14611
17236
19074
19894
19531
17893
14984
10895
5812
0
-6212
-12453
-18331
-23461
-27497
-30149
-31210
-30571
-28224
-24278
-18937
-12499
-5334
2142
9494
16292
22144
26719
29770
31147
30808
28817
25343
20643
15040
8906
2633
-3393
-8826
-13368
-16798
-18987
-19890
-19561
-18135
-15816
-12861
-9554
-6189
-3038
-337
1735
3071
3635
3470
2689
1462
0
-1462
-2689
-3470
-3635
-3071
-1735
337
3038
6189
9554
12861
15816
18135
19561
19890
18987
16798
13368
8826
3393
-2633
-8906
-15040
-20643
-25343
-28817
-30808
-31147
-29770
-26719
-22144
-16292
-9494
-2142
5334
12499
18937
24278
28224
30571
31210
30149
27497
23461
18331
12453
6212
0
-5812
-10895
-14984
-17893
-19531
-19894
-19074
-17236
-14611
-11469
-8102
-4798
-1813
636
2402
3407
3648
3202
2205
850
-640
-2029
-3089
-3625
-3487
-2593
-933
1426
4346
7620
10995
14187
16904
18870
19847
19659
18206
15475
11546
6591
863
-5314
-11575
-17528
-22788
-26999
-29863
-31162
-30767
-28661
-24933
-19775
-13473
-6386
1071
8468
15370
21379
26155
29435
31056
30959
29197
25922
21378
15882
9800
3524
-2560
-8097
-12782
-16383
-18752
-19839
-19680
-18399
-16193
-13311
-10037
-6663
-3466
-688
1482
2927
3601
3535
2832
1656
215
-1262
-2537
-3393
-3655
-3199
-1973
0
2620
5720
9071
12403
15426
17853
19421
19917
19194
17189
13930
9535
4213
-1749
-8009
-14187
-19890
-24741
-28407
-30621
-31203
-30071
-27253
-22883
-17195
-10509
-3210
4274
11511
18076
23594
27755
30338
31224
30402
27967
24113
19118
13324
7111
871
-5020
-10225
-14469
-17554
-19375
-19918
-19258
-17553
-15024
-11938
-8586
-5256
-2212
324
2195
3310
3658
3303
2375
1058
-428
-1846
-2966
-3586
-3551
-2768
-1215
1051
3902
7140
10518
13753
16555
18644
19775
19762
18492
15942
12175
7352
1717
-4418
-10691
-16712
-22093
-26474
-29547
-31078
-30929
-29065
-25559
-20590
-14431
-7432
0
7432
14431
20590
25559
29065
30929
31078
29547
26474
22093
16712
10691
4418
-1717
-7352
-12175
-15942
-18492
-19762
-19775
-18644
-16555
-13753
-10518
-7140
-3902
-1051
1215
2768
3551
3586
2966
1846
428
-1058
-2375
-3303
-3658
-3310
-2195
-324
2212
5256
8586
11938
15024
17553
19258
19918
19375
17554
14469
10225
5020
-871
-7111
-13324
-19118
-24113
-27967
-30402
-31224
-30338
-27755
-23594
-18076
-11511
-4274
3210
10509
17195
22883
27253
30071
31203
30621
28407
24741
19890
14188
8009
1749
-4213
-9535
-13930
-17189
-19194
-19917
-19421
-17853
-15426
-12403
-9071
-5720
-2620
0
1973
3199
3655
3393
2537
1262
-215
-1656
-2832
-3535
-3601
-2927
-1482
688
3466
6663
10037
13311
16193
18399
19680
19839
18752
16383
12782
8097
2560
-3524
-9800
-15882
-21378
-25922
-29197
-30959
-31056
-29435
-26155
-21379
-15370
-8468
-1071
6386
13473
19775
24933
28661
30767
31162
29863
26999
22788
17528
11575
5314
-863
-6591
-11546
-15475
-18206
-19659
-19847
-18870
-16904
-14188
-10995
-7620
-4346
-1426
933
2593
3487
3625
3089
2029
640
-850
-2205
-3202
-3648
-3407
-2402
-636
1813
4798
8102
11469
14611
17236
19074
19894
19531
17893
14984
10895
5812
0
-6212
-12453
-18331
-23461
-27497
-30149
-31210
-30571
-28224
-24278
-18937
-12499
-5334
2142
9494
16292
22144
26719
29770
31147
30808
28817
25343
20643
15040
8906
2633
-3393
-8826
-13368
-16798
-18987
-19890
-19561
-18135
-15816
-12861
-9554
-6189
-3038
-337
1735
3071
3635
3470
2689
1462
0
-1462
-2689
-3470
-3635
-3071
-1735
337
3038
6189
9554
12861
15816
18135
19561
19890
18987
16798
13368
8826
3393
-2633
-8906
-15040
-20643
-25343
-28817
-30808
-31147
-29770
-26719
-22144
-16292
-9494
-2142
5334
12499
18937
24278
28224
30571
31210
30149
27497
23461
18331
12453
6212
0
-5812
-10895
-14984
-17893
-19531
-19894
-19074
-17236
-14611
-11469
-8102
-4798
-1813
636
2402
3407
3648
3202
2205
850
-640
-2029
-3089
-3625
-3487
-2593
-933
1426
4346
7620
10995
14187
16904
18870
19847
19659
18206
15475
11546
6591
863
-5314
-11575
-17528
-22788
-26999
-29863
-31162
-30767
-28661
-24933
-19775
-13473
-6386
1071
8468
15370
21379
26155
29435
31056
30959
29197
25922
21378
15882
9800
3524
-2560
-8097
-12782
-16383
-18752
-19839
-19680
-18399
-16193
-13311
-10037
-6663
-3466
-688
1482
2927
3601
3535
2832
1656
215
-1262
-2537
-3393
-3655
-3199
-1973
0
2620
5720
9071
12403
15426
17853
19421
19917
19194
17189
13930
9535
4213
-1749
-8009
-14187
-19890
-24741
-28407
-30621
-31203
-30071
-27253
-22883
-17195
-10509
-3210
4274
11511
18076
23594
27755
30338
31224
30402
27967
24113
19118
13324
7111
871
-5020
-10225
-14469
-17554
-19375
-19918
-19258
-17553
-15024
-11938
-8586
-5256
-2212
324
2195
3310
3658
3303
2375
1058
-428
-1846
-2966
-3586
-3551
-2768
-1215
1051
3902
7140
10518
13753
16555
18644
19775
19762
18492
15942
12175
7352
1717
-4418
-10691
-16712
-22093
-26474
-29547
-31078
-30929
-29065
-25559
-20590
-14431
-7432
0
7432
14431
20590
25559
29065
30929
31078
29547
26474
22093
16712
10691
4418
-1717
-7352
-12175
-15942
-18492
-19762
-19775
-18644
-16555
-13753
-10518
-7140
-3902
-1051
1215
2768
3551
3586
2966
1846
428
-1058
-2375
-3303
-3658
-3310
-2195
-324
2212
5256
8586
11938
15024
17553
19258
19918
19375
17554
14469
10225
5020
-871
-7111
-13324
-19118
-24113
-27967
-30402
-31224
-30338
-27755
-23594
-18076
-11511
-4274
3210
10509
17195
22883
27253
30071
31203
30621
28407
24741
19890
14187
8009
1749
-4213
-9535
-13930
-17189
-19194
-19917
-19421
-17853
-15426
-12403
-9071
-5720
-2620
0
1973
3199
3655
3393
2537
1262
-215
-1656
-2832
-3535
-3601
-2927
-1482
688
3466
6663
10037
13311
16193
18399
19680
19839
18752
16383
12782
8097
2560
-3524
-9800
-15882
-21378
-25922
-29197
-30959
-31056
-29435
-26155
-21379
-15370
-8468
-1071
6386
13473
19775
24933
28661
30767
31162
29863
26999
22788
17528
11575
5314
-863
-6591
-11546
-15475
-18206
-19659
-19847
-18870
-16904
-14188
-10995
-7620
-4346
-1426
933
2593
3487
3625
3089
2029
640
-850
-2205
-3202
-3648
-3407
-2402
-636
1813
4798
8102
11469
14611
17236
19074
19894
19531
17893
14984
10895
5812
0
-6212
-12453
-18331
-23461
-27497
-30149
-31210
-30571
-28224
-24278
-18937
-12499
-5334
2142
9494
16292
22144
26719
29770
31147
30808
28817
25343
20643
15040
8906
2633
-3393
-8826
-13368
-16798
-18987
-19890
-19561
-18135
-15816
-12861
-9554
-6189
-3038
-337
1735
3071
3635
3470
2689
1462
0
-1462
-2689
-3470
-3635
-3071
-1735
337
3038
6189
9554
12861
15816
18135
19561
19890
18987
16798
13368
8826
3393
-2633
-8906
-15040
-20643
-25343
-28817
-30808
-31147
-29770
-26719
-22144
-16292
-9494
-2142
5334
12499
18937
24278
28224
30571
31210
30149
27497
23461
18331
12453
6212
0
-5812
-10895
-14984
-17893
-19531
-19894
-19074
-17236
-14611
-11469
-8102
-4798
-1813
636
2402
3407
3648
3202
2205
850
-640
-2029
-3089
-3625
-3487
-2593
-933
1426
4346
7620
10995
14187
16904
18870
19847
19659
18206
15475
11546
6591
863
-5314
-11575
-17528
-22788
-26999
-29863
-31162
-30767
-28661
-24933
-19775
-13473
-6386
1071
8468
15370
21379
26155
29435
31056
30959
29197
25922
21378
15882
9800
3524
-2560
-8097
-12782
-16383
-18752
-19839
-19680
-18399
-16193
-13311
-10037
-6663
-3466
-688
1482
2927
3601
3535
2832
1656
215
-1262
-2537
-3393
-3655
-3199
-1973
0
2620
5720
9071
12403
15426
17853
19421
19917
19194
17189
13930
9535
4213
-1749
-8009
-14187
-19890
-24741
-28407
-30621
-31203
-30071
-27253
-22883
-17195
-10509
-3210
4274
11511
18076
23594
27755
30338
31224
30402
27967
24113
19118
13324
7111
871
-5020
-10225
-14469
-17554
-19375
-19918
-19258
-17553
-15024
-11938
-8586
-5256
-2212
324
2195
3310
3658
3303
2375
1058
-428
-1846
-2966
-3586
-3551
-2768
-1215
1051
3902
7140
10518
13753
16555
18644
19775
19762
18492
15942
12175
7352
1717
-4418
-10691
-16712
-22093
-26474
-29547
-31078
-30929
-29065
-25559
-20590
-14431
-7432
0
7432
14431
20590
25559
29065
30929
31078
29547
26474
22093
16712
10691
4418
-1717
-7352
-12175
-15942
-18492
-19762
-19775
-18644
-16555
-13753
-10518
-7140
-3902
-1051
1215
2768
3551
3586
2966
1846
428
-1058
-2375
-3303
-3658
-3310
-2195
-324
2212
5256
8586
11938
15024
17553
19258
19918
19375
17554
14469
10225
5020
-871
-7111
-13324
-19118
-24113
-27967
-30402
-31224
-30338
-27755
-23594
-18076
-11511
-4274
3210
10509
17195
22883
27253
30071
31203
30621
28407
24741
19890
14188
8009
1749
-4213
-9535
-13930
-17189
-19194
-19917
-19421
-17853
-15426
-12403
-9071
-5720
-2620
0
1973
3199
3655
3393
2537
1262
-215
-1656
-2832
-3535
-3601
-2927
-1482
688
3466
6663
10037
13311
16193
18399
19680
19839
18752
16383
12782
8097
2560
-3524
-9800
-15882
-21378
-25922
-29197
-30959
-31056
-29435
-26155
-21379
-15370
-8468
-1071
6386
13473
19775
24933
28661
30767
31162
29863
26999
22788
17528
11575
5314
-863
-6591
-11546
-15475
-18206
-19659
-19847
-18870
-16904
-14188
-10995
-7620
-4346
-1426
933
2593
3487
3625
3089
2029
640
-850
-2205
-3202
-3648
-3407
-2402
-636
1813
4798
8102
11469
14611
17236
19074
19894
19531
17893
14984
10895
5812
0
-6212
-12453
-18331
-23461
-27497
-30149
-31210
-30571
-28224
-24278
-18937
-12499
-5334
2142
9494
16292
22144
26719
29770
31147
30808
28817
25343
20643
15040
8906
2633
-3393
-8826
-13368
-16798
-18987
-19890
-19561
-18135
-15816
-12861
-9554
-6189
-3038
-337
1735
3071
3635
3470
2689
1462
0
-1462
-2689
-3470
-3635
-3071
-1735
337
3038
6189
9554
12861
15816
18135
19561
19890
18987
16798
13368
8826
3393
-2633
-8906
-15040
-20643
-25343
-28817
-30808
-31147
-29770
-26719
-22144
-16292
-9494
-2142
5334
12499
18937
24278
28224
30571
31210
30149
27497
23461
18331
12453
6212
0
-5812
-10895
-14984
-17893
-19531
-19894
-19074
-17236
-14611
-11469
-8102
-4798
-1813
636
2402
3407
3648
3202
2205
850
-640
-2029
-3089
-3625
-3487
-2593
-933
1426
4346
7620
10995
14187
16904
18870
19847
19659
18206
15475
11546
6591
863
-5314
-11575
-17528
-22788
-26999
-29863
-31162
-30767
-28661
-24933
-19775
-13473
-6386
1071
8468
15370
21379
26155
29435
31056
30959
29197
25922
21378
15882
9800
3524
-2560
-8097
-12782
-16383
-18752
-19839
-19680
-18399
-16193
-13311
-10037
-6663
-3466
-688
1482
2927
3601
3535
2832
1656
215
-1262
-2537
-3393
-3655
-3199
-1973
0
2620
5720
9071
12403
15426
17853
19421
19917
19194
17189
13930
9535
4213
-1749
-8009
-14188
-19890
-24741
-28407
-30621
-31203
-30071
-27253
-22883
-17195
-10509
-3210
4274
11511
18076
23594
27755
30338
31224
30402
27967
24113
19118
13324
7111
871
-5020
-10225
-14469
-17554
-19375
-19918
-19258
-17553
-15024
-11938
-8586
-5256
-2212
324
2195
3310
3658
3303
2375
1058
-428
-1846
-2966
-3586
-3551
-2768
-1215
1051
3902
7140
10518
13753
16555
18644
19775
19762
18492
15942
12175
7352
1717
-4418
-10691
-16712
-22093
-26474
-29547
-31078
-30929
-29065
-25559
-20590
-14431
-7432
0
7432
14431
20590
25559
29065
30929
31078
29547
26474
22093
16712
10691
4418
-1717
-7352
-12175
-15942
-18492
-19762
-19775
-18644
-16555
-13753
-10518
-7140
-3902
-1051
1215
2768
3551
3586
2966
1846
428
-1058
-2375
-3303
-3658
-3310
-2195
-324
2212
5256
8586
11938
15024
17553
19258
19918
19375
17554
14469
10225
5020
-871
-7111
-13324
-19118
-24113
-27967
-30402
-31224
-30338
-27755
-23594
-18076
-11511
-4274
3210
10509
17195
22883
27253
30071
31203
30621
28407
24741
19890
14188
8009
1749
-4213
-9535
-13930
-17189
-19194
-19917
-19421
-17853
-15426
-12403
-9071
-5720
-2620
0
1973
3199
3655
3393
2537
1262
-215
-1656
-2832
-3535
-3601
-2927
-1482
688
3466
6663
10037
13311
16193
18399
19680
19839
18752
16383
12782
8097
2560
-3524
-9800
-15882
-21378
-25922
-29197
-30959
-31056
-29435
-26155
-21379
-15370
-8468
-1071
6386
13473
19775
24933
28661
30767
31162
29863
26999
22788
17528
11575
5314
-863
-6591
-11546
-15475
-18206
-19659
-19847
-18870
-16904
-14187
-10995
-7620
-4346
-1426
933
2593
3487
3625
3089
2029
640
-850
-2205
-3202
-3648
-3407
-2402
-636
1813
4798
8102
11469
14611
17236
19074
19894
19531
17893
14984
10895
5812
0
-6212
-12453
-18331
-23461
-27497
-30149
-31210
-30571
-28224
-24278
-18937
-12499
-5334
2142
9494
16292
22144
26719
29770
31147
30808
28817
25343
20643
15040
8906
2633
-3393
-8826
-13368
-16798
-18987
-19890
-19561
-18135
-15816
-12861
-9554
-6189
-3038
-337
1735
3071
3635
3470
2689
1462
0
-1462
-2689
-3470
-3635
-3071
-1735
337
3038
6189
9554
12861
15816
18135
19561
19890
18987
16798
13368
8826
3393
-2633
-8906
-15040
-20643
-25343
-28817
-30808
-31147
-29770
-26719
-22144
-16292
-9494
-2142
5334
12499
18937
24278
28224
30571
31210
30149
27497
23461
18331
12453
6212
0
-5812
-10895
-14984
-17893
-19531
-19894
-19074
-17236
-14611
-11469
-8102
-4798
-1813
636
2402
3407
3648
3202
2205
850
-640
-2029
-3089
-3625
-3487
-2593
-933
1426
4346
7620
10995
14187
16904
18870
19847
19659
18206
15475
11546
6591
863
-5314
-11575
-17528
-22788
-26999
-29863
-31162
-30767
-28661
-24933
-19775
-13473
-6386
1071
8468
15370
21379
26155
29435
31056
30959
29197
25922
21378
15882
9800
3524
-2560
-8097
-12782
-16383
-18752
-19839
-19680
-18399
-16193
-13311
-10037
-6663
-3466
-688
1482
2927
3601
3535
2832
1656
215
-1262
-2537
-3393
-3655
-3199
-1973
0
2620
5720
9071
12403
15426
17853
19421
19917
19194
17189
13930
9535
4213
-1749
-8009
-14187
-19890
-24741
-28407
-30621
-31203
-30071
-27253
-22883
-17195
-10509
-3210
4274
11511
18076
23594
27755
30338
31224
30402
27967
24113
19118
13324
7111
871
-5020
-10225
-14469
-17554
-19375
-19918
-19258
-17553
-15024
-11938
-8586
-5256
-2212
324
2195
3310
3658
3303
2375
1058
-428
-1846
-2966
-3586
-3551
-2768
-1215
1051
3902
7140
10518
13753
16555
18644
19775
19762
18492
15942
12175
7352
1717
-4418
-10691
-16712
-22093
-26474
-29547
-31078
-30929
-29065
-25559
-20590
-14431
-7432
0
7432
14431
20590
25559
29065
30929
31078
29547
26474
22093
16712
10691
4418
-1717
-7352
-12175
-15942
-18492
-19762
-19775
-18644
-16555
-13753
-10518
-7140
-3902
-1051
1215
2768
3551
3586
2966
1846
428
-1058
-2375
-3303
-3658
-3310
-2195
-324
2212
5256
8586
11938
15024
17553
19258
19918
19375
17554
14469
10225
5020
-871
-7111
-13324
-19118
-24113
-27967
-30402
-31224
-30338
-27755
-23594
-18076
-11511
-4274
3210
10509
17195
22883
27253
30071
31203
30621
28407
24741
19890
14188
8009
1749
-4213
-9535
-13930
-17189
-19194
-19917
-19421
-17853
-15426
-12403
-9071
-5720
-2620
0
1973
3199
3655
3393
2537
1262
-215
-1656
-2832
-3535
-3601
-2927
-1482
688
3466
6663
10037
13311
16193
18399
19680
19839
18752
16383
12782
8097
2560
-3524
-9800
-15882
-21378
-25922
-29197
-30959
-31056
-29435
-26155
-21379
-15370
-8468
-1071
6386
13473
19775
24933
28661
30767
31162
29863
26999
22788
17528
11575
5314
-863
-6591
-11546
-15475
-18206
-19659
-19847
-18870
-16904
-14188
-10995
-7620
-4346
-1426
933
2593
3487
3625
3089
2029
640
-850
-2205
-3202
-3648
-3407
-2402
-636
1813
4798
8102
11469
14611
17236
19074
19894
19531
17893
14984
10895
5812
0
-6212
-12453
-18331
-23461
-27497
-30149
-31210
-30571
-28224
-24278
-18937
-12499
-5334
2142
9494
16292
22144
26719
29770
31147
30808
28817
25343
20643
15040
8906
2633
-3393
-8826
-13368
-16798
-18987
-19890
-19561
-18135
-15816
-12861
-9554
-6189
-3038
-337
1735
3071
3635
3470
2689
1462
0
-1462
-2689
-3470
-3635
-3071
-1735
337
3038
6189
9554
12861
15816
18135
19561
19890
18987
16798
13368
8826
3393
-2633
-8906
-15040
-20643
-25343
-28817
-30808
-31147
-29770
-26719
-22144
-16292
-9494
-2142
5334
12499
18937
24278
28224
30571
31210
30149
27497
23461
18331
12453
6212
0
-5812
-10895
-14984
-17893
-19531
-19894
-19074
-17236
-14611
-11469
-8102
-4798
-1813
636
2402
3407
3648
3202
2205
850
-640
-2029
-3089
-3625
-3487
-2593
-933
1426
4346
7620
10995
14187
16904
18870
19847
19659
18206
15475
11546
6591
863
-5314
-11575
-17528
-22788
-26999
-29863
-31162
-30767
-28661
-24933
-19775
-13473
-6386
1071
8468
15370
21379
26155
29435
31056
30959
29197
25922
21378
15882
9800
3524
-2560
-8097
-12782
-16383
-18752
-19839
-19680
-18399
-16193
-13311
-10037
-6663
-3466
-688
1482
2927
3601
3535
2832
1656
215
-1262
-2537
-3393
-3655
-3199
-1973
0
2620
5720
9071
12403
15426
17853
19421
19917
19194
17189
13930
9535
4213
-1749
-8009
-14188
-19890
-24741
-28407
-30621
-31203
-30071
-27253
-22883
-17195
-10509
-3210
4274
11511
18076
23594
27755
30338
31224
30402
27967
24113
19118
13324
7111
871
-5020
-10225
-14469
-17554
-19375
-19918
-19258
-17553
-15024
-11938
-8586
-5256
-2212
324
2195
3310
3658
3303
2375
1058
-428
-1846
-2966
-3586
-3551
-2768
-1215
1051
3902
7140
10518
13753
16555
18644
19775
19762
18492
15942
12175
7352
1717
-4418
-10691
-16712
-22093
-26474
-29547
-31078
-30929
-29065
-25559
-20590
-14431
-7432
0
7432
14431
20590
25559
29065
30929
31078
29547
26474
22093
16712
10691
4418
-1717
-7352
-12175
-15942
-18492
-19762
-19775
-18644
-16555
-13753
-10518
-7140
-3902
-1051
1215
2768
3551
3586
2966
1846
428
-1058
-2375
-3303
-3658
-3310
-2195
-324
2212
5256
8586
11938
15024
17553
19258
19918
19375
17554
14469
10225
5020
-871
-7111
-13324
-19118
-24113
-27967
-30402
-31224
-30338
-27755
-23594
-18076
-11511
-4274
3210
10509
17195
22883
27253
30071
31203
30621
28407
24741
19890
14188
8009
1749
-4213
-9535
-13930
-17189
-19194
-19917
-19421
-17853
-15426
-12403
-9071
-5720
-2620
0
1973
3199
3655
3393
2537
1262
-215
-1656
-2832
-3535
-3601
-2927
-1482
688
3466
6663
10037
13311
16193
18399
19680
19839
18752
16383
12782
8097
2560
-3524
-9800
-15882
-21378
-25922
-29197
-30959
-31056
-29435
-26155
-21379
-15370
-8468
-1071
6386
13473
19775
24933
28661
30767
31162
29863
26999
22788
17528
11575
5314
-863
-6591
-11546
-15475
-18206
-19659
-19847
-18870
-16904
-14188
-10995
-7620
-4346
-1426
933
2593
3487
3625
3089
2029
640
-850
-2205
-3202
-3648
-3407
-2402
-636
1813
4798
8102
11469
14611
17236
19074
19894
19531
17893
14984
10895
5812
0
-6212
-12453
-18331
-23461
-27497
-30149
-31210
-30571
-28224
-24278
-18937
-12499
-5334
2142
9494
16292
22144
26719
29770
31147
30808
28817
25343
20643
15040
8906
2633
-3393
-8826
-13368
-16798
-18987
-19890
-19561
-18135
-15816
-12861
-9554
-6189
-3038
-337
1735
3071
3635
3470
2689
1462
0
-1462
-2689
-3470
-3635
-3071
-1735
337
3038
6189
9554
12861
15816
18135
19561
19890
18987
16798
13368
8826
3393
-2633
-8906
-15040
-20643
-25343
-28817
-30808
-31147
-29770
-26719
-22144
-16292
-9494
-2142
5334
12499
18937
24278
28224
30571
31210
30149
27497
23461
18331
12453
6212
0
-5812
-10895
-14984
-17893
-19531
-19894
-19074
-17236
-14611
-11469
-8102
-4798
-1813
636
2402
3407
3648
3202
2205
850
-640
-2029
-3089
-3625
-3487
-2593
-933
1426
4346
7620
10995
14187
16904
18870
19847
19659
18206
15475
11546
6591
863
-5314
-11575
-17528
-22788
-26999
-29863
-31162
-30767
-28661
-24933
-19775
-13473
-6386
1071
8468
15370
21379
26155
29435
31056
30959
29197
25922
21378
15882
9800
3524
-2560
-8097
-12782
-16383
-18752
-19839
-19680
-18399
-16193
-13311
-10037
-6663
-3466
-688
1482
2927
3601
3535
2832
1656
215
-1262
-2537
-3393
-3655
-3199
-1973
0
2620
5720
9071
12403
15426
17853
19421
19917
19194
17189
13930
9535
4213
-1749
-8009
-14187
-19890
-24741
-28407
-30621
-31203
-30071
-27253
-22883
-17195
-10509
-3210
4274
11511
18076
23594
27755
30338
31224
30402
27967
24113
19118
13324
7111
871
-5020
-10225
-14469
-17554
-19375
-19918
-19258
-17553
-15024
-11938
-8586
-5256
-2212
324
2195
3310
3658
3303
2375
1058
-428
-1846
-2966
-3586
-3551
-2768
-1215
1051
3902
7140
10518
13753
16555
18644
19775
19762
18492
15942
12175
7352
1717
-4418
-10691
-16712
-22093
-26474
-29547
-31078
-30929
-29065
-25559
-20590
-14431
-7432
0
7432
14431
20590
25559
29065
30929
31078
29547
26474
22093
16712
10691
4418
-1717
-7352
-12175
-15942
-18492
-19762
-19775
-18644
-16555
-13753
-10518
-7140
-3902
-1051
1215
2768
3551
3586
2966
1846
428
-1058
-2375
-3303
-3658
-3310
-2195
-324
2212
5256
8586
11938
15024
17553
19258
19918
19375
17554
14469
10225
5020
-871
-7111
-13324
-19118
-24113
-27967
-30402
-31224
-30338
-27755
-23594
-18076
-11511
-4274
3210
10509
17195
22883
27253
30071
31203
30621
28407
24741
19890
14188
8009
1749
-4213
-9535
-13930
-17189
-19194
-19917
-19421
-17853
-15426
-12403
-9071
-5720
-2620
0
1973
3199
3655
3393
2537
1262
-215
-1656
-2832
-3535
-3601
-2927
-1482
688
3466
6663
10037
13311
16193
18399
19680
19839
18752
16383
12782
8097
2560
-3524
-9800
-15882
-21378
-25922
-29197
-30959
-31056
-29435
-26155
-21379
-15370
-8468
-1071
6386
13473
19775
24933
28661
30767
31162
29863
26999
22788
17528
11575
5314
-863
-6591
-11546
-15475
-18206
-19659
-19847
-18870
-16904
-14188
-10995
-7620
-4346
-1426
933
2593
3487
3625
3089
2029
640
-850
-2205
-3202
-3648
-3407
-2402
-636
1813
4798
8102
11469
14611
17236
19074
19894
19531
17893
14984
10895
5812
0
-6212
-12453
-18331
-23461
-27497
-30149
-31210
-30571
-28224
-24278
-18937
-12499
-5334
2142
9494
16292
22144
26719
29770
31147
30808
28817
25343
20643
15040
8906
2633
-3393
-8826
-13368
-16798
-18987
-19890
-19561
-18135
-15816
-12861
-9554
-6189
-3038
-337
1735
3071
3635
3470
2689
1462
0
-1462
-2689
-3470
-3635
-3071
-1735
337
3038
6189
9554
12861
15816
18135
19561
19890
18987
16798
13368
8826
3393
-2633
-8906
-15040
-20643
-25343
-28817
-30808
-31147
-29770
-26719
-22144
-16292
-9494
-2142
5334
12499
18937
24278
28224
30571
31210
30149
27497
23461
18331
12453
6212
0
-5812
-10895
-14984
-17893
-19531
-19894
-19074
-17236
-14611
-11469
-8102
-4798
-1813
636
2402
3407
3648
3202
2205
850
-640
-2029
-3089
-3625
-3487
-2593
-933
1426
4346
7620
10995
14187
16904
18870
19847
19659
18206
15475
11546
6591
863
-5314
-11575
-17528
-22788
-26999
-29863
-31162
-30767
-28661
-24933
-19775
-13473
-6386
1071
8468
15370
21379
26155
29435
31056
30959
29197
25922
21378
15882
9800
3524
-2560
-8097
-12782
-16383
-18752
-19839
-19680
-18399
-16193
-13311
-10037
-6663
-3466
-688
1482
2927
3601
3535
2832
1656
215
-1262
-2537
-3393
-3655
-3199
-1973
0
2620
5720
9071
12403
15426
17853
19421
19917
19194
17189
13930
9535
4213
-1749
-8009
-14187
-19890
-24741
-28407
-30621
-31203
-30071
-27253
-22883
-17195
-10509
-3210
4274
11511
18076
23594
27755
30338
31224
30402
27967
24113
19118
13324
7111
871
-5020
-10225
-14469
-17554
-19375
-19918
-19258
-17553
-15024
-11938
-8586
-5256
-2212
324
2195
3310
3658
3303
2375
1058
-428
-1846
-2966
-3586
-3551
-2768
-1215
1051
3902
7140
10518
13753
16555
18644
19775
19762
18492
15942
12175
7352
1717
-4418
-10691
-16712
-22093
-26474
-29547
-31078
-30929
-29065
-25559
-20590
-14431
-7432
