17269
10860
2323
-6503
-13675
-17624
-17552
-13646
-7044
438
6748
10116
9502
4874
-2766
-11612
-19489
-24393
-24992
-20975
-13146
-3247
6453
13713
16874
15271
9419
894
-8039
-14981
-17991
-16075
-9452
484
11483
20977
26708
27284
22529
13547
2464
-8071
-15531
-18124
-15240
-7608
2863
13539
21694
25174
22923
15258
3804
-8879
-19903
-26744
-27847
-23008
-13430
-1444
10040
18230
21115
17953
9452
-2389
-14751
-24660
-29696
-28562
-21402
-9768
3740
16081
24488
27110
23450
14470
2370
-9933
-19489
-23995
-22337
-14836
-3174
10002
21698
29260
30980
26482
16796
4110
-8737
-18907
-24204
-23562
-17269
-6882
5141
16010
23227
25144
21317
12579
836
-11371
-21439
-27272
-27724
-22829
-13764
-2566
8328
16611
20598
19566
13876
4870
-5444
-14830
-21300
-23513
-21037
-14409
-4991
5321
14505
20812
23111
21086
15278
6950
-2178
-10279
-15767
-17601
-15467
-9822
-1797
7032
14943
20394
22308
20275
14624
6366
-2997
-11743
-18255
-21326
-20385
-15618
-7946
1143
9863
16470
19603
18552
13416
5102
-4831
-14468
-21899
-25605
-24765
-19436
-10561
202
10793
19159
23661
23411
18457
9790
-852
-11321
-19489
-23676
-22989
-17506
-8259
2970
14002
22701
27390
27185
22159
13316
2383
-8538
-17386
-22537
-23111
-19117
-11435
-1619
8414
16757
21866
22839
19557
12675
3479
-6373
-15156
-21389
-24077
-22861
-18059
-10579
-1745
6935
14023
18380
19340
16806
11247
3621
-4785
-12557
-18379
-21238
-20593
-16466
-9452
-634
8577
16669
22278
24419
22671
17266
9070
-547
-9934
-17446
-21735
-21998
-18136
-10784
-1216
8878
17691
23626
25585
23172
16768
7458
-3158
-13264
-21146
-25502
-25659
-21680
-14337
-4956
4831
13373
19282
21658
20214
15302
7819
-962
-9610
-16770
-21364
-22742
-20752
-15744
-8489
-60
8328
15489
20425
22454
21302
17139
10562
2517
-5819
-13200
-18490
-20833
-19793
-15444
-8376
370
9452
17427
22985
25167
23534
18256
10098
306
-9595
-18051
-23738
-25781
-23899
-18445
-10342
-916
8328
15950
20809
22233
20100
14836
7317
-1280
-9676
-16676
-21335
-23071
-21720
-17531
-11107
-3316
4831
12303
18167
21692
22436
20294
15522
8715
749
-7315
-14367
-19391
-21614
-20635
-16499
-9718
-1216
7793
15984
22118
25243
24846
20941
14071
5225
-4317
-13185
-20136
-24233
-24981
-22385
-16923
-9452
-1064
7079
13917
18615
20664
19908
16541
11055
4160
-3299
-10441
-16433
-20571
-22346
-21500
-18059
-12350
-4978
3219
11256
18121
22898
24907
23810
19683
13021
4692
-4186
-12397
-18810
-22546
-23111
-20461
-15010
-7549
873
9116
16108
20992
23227
22631
19380
13947
7025
-575
-8021
-14540
-19489
-22393
-22979
-21192
-17198
-11380
-4318
3252
10500
16581
20738
22403
21287
17441
11278
3530
-4831
-12726
-19119
-23164
-24330
-22475
-17858
-11093
-3053
5263
12871
18928
22826
24245
23158
19803
14624
8203
1193
-5740
-11965
-16925
-20162
-21356
-20348
-17173
-12078
-5526
1827
9185
15695
20553
23111
22980
20099
14756
7561
-632
-8844
-16108
-21593
-24718
-25209
-23119
-18786
-12774
-5772
1491
8328
14156
18525
21131
21815
20554
17456
12759
6829
157
-6661
-12962
-18074
-21393
-22467
-21073
-17269
-11407
-4108
3815
11459
17953
22575
24845
24580
21894
17166
10967
3970
-3141
-9741
-15316
-19489
-22014
-22770
-21741
-19008
-14749
-9242
-2876
3856
10372
16048
20279
22562
22571
20219
15695
9452
2160
-5382
-12349
-18005
-21791
-23390
-22743
-20034
-15633
-10027
-3752
2675
8791
14203
18591
21694
23307
23278
21529
18082
13090
6866
-124
-7279
-13920
-19371
-23050
-24552
-23716
-20646
-15704
-9452
-2566
4252
10371
15295
18702
20448
20539
19094
16300
12377
7562
2112
-3683
-9486
-14901
-19489
-22805
-24451
-24142
-21768
-17438
-11484
-4439
3027
10196
16398
21097
23949
24833
23833
21195
17269
12441
7082
1521
-3964
-9127
-13732
-17535
-20273
-21685
-21548
-19726
-16225
-11226
-5098
1631
8328
14339
19077
22108
23198
22340
19731
15719
10741
5241
-379
-5798
-10778
-15145
-18756
-21466
-23111
-23512
-22505
-19986
-15959
-10586
-4196
2727
9595
15790
20750
24052
25465
24976
22770
19180
14624
9523
4248
-917
-5776
-10197
-14077
-17297
-19700
-21088
-21249
-20007
-17276
-13115
-7755
-1596
4831
10938
16157
20031
22272
22793
21697
19237
15748
11578
7027
2319
-2403
-7049
-11537
-15747
-19489
-22499
-24467
-25085
-24121
-21478
-17245
-11701
-5294
1425
7882
13568
18106
21295
23105
23647
23111
21701
19579
16838
13498
9548
4992
-89
-5505
-10937
-15966
-20131
-23004
-24269
-23789
-21632
-18059
-13479
-8369
-3188
1692
6031
9732
12810
15333
17361
18889
19825
19992
19174
17181
13920
9452
4016
-1983
-8031
-13586
-18168
-21437
-23239
-23614
-22759
-20961
-18517
-15660
-12521
-9114
-5374
-1216
3394
8381
13521
18461
22755
25952
27680
27728
26088
22961
18716
13812
8707
3772
-764
-4831
-8490
-11867
-15078
-18157
-21005
-23396
-25007
-25498
-24600
-22191
-18354
-13373
-7699
-1865
3613
8328
12050
14744
16547
17693
18431
18934
19241
19243
18710
17367
14982
11457
6883
1553
-4073
-9452
-14062
-17506
-19582
-20313
-19919
-18745
-17163
-15467
-13805
-12147
-10313
-8037
-5073
-1287
3267
8328
13456
18116
21785
24065
24768
23951
21896
19028
15815
12647
9751
7146
4666
2023
-1077
-4831
-9250
-14115
-19011
-23395
-26721
-28561
-28704
-27204
-24367
-20675
-16664
-12802
-9378
-6445
-3833
-1216
1772
5409
9781
14721
19828
24540
28256
30482
30944
29657
26921
23245
19226
15398
12111
9452
7239
5094
2565
-728
-4965
-10045
-15584
-20986
-25578
-28767
-30179
-29755
-27760
-24720
-21282
-18059
-15470
-13644
-12393
-11282
-9753
-7294
-3603
1312
7104
13150
18690
23005
25590
26278
25276
23111
20490
18120
16519
15885
16045
16506
16589
15621
13129
8982
3453
-2828
-9013
-14239
-17836
-19489
-19316
-17833
-15814
-14091
-13329
-13846
-15527
-17844
-19995
-21112
-20496
-17815
-13207
-7266
-912
4831
9088
11343
11577
10263
8243
6510
5936
7044
9852
13860
18163
21681
23433
22803
19704
14624
8515
2563
-2101
-4690
-4961
-3277
-517
2150
3571
2915
-95
-5096
-11155
-16996
-21313
-23111
-21957
-18111
-12473
-6364
-1202
1858
2218
0
-3978
-8403
-11804
-12923
-11061
-6263
661
8328
15110
19547
20709
18446
13439
7038
933
-3268
-4451
-2288
2670
9109
15281
19436
20270
-17269
-10860
-2323
6503
13675
17624
17552
13646
7044
-438
-6748
-10116
-9502
-4874
2766
11612
19489
24393
24992
20975
13146
3247
-6453
-13713
-16874
-15271
-9419
-894
8039
14981
17991
16075
9452
-484
-11483
-20977
-26708
-27284
-22529
-13547
-2464
8071
15531
18124
15240
7608
-2863
-13539
-21694
-25174
-22923
-15258
-3804
8879
19903
26744
27847
23008
13430
1444
-10040
-18230
-21115
-17953
-9452
2389
14751
24660
29696
28562
21402
9768
-3740
-16081
-24488
-27110
-23450
-14470
-2370
9933
19489
23995
22337
14836
3174
-10002
-21698
-29260
-30980
-26482
-16796
-4110
8737
18907
24204
23562
17269
6882
-5141
-16010
-23227
-25144
-21317
-12579
-836
11371
21439
27272
27724
22829
13764
2566
-8328
-16611
-20598
-19566
-13876
-4870
5444
14830
21300
23513
21037
14409
4991
-5321
-14505
-20812
-23111
-21086
-15278
-6950
2178
10279
15767
17601
15467
9822
1797
-7032
-14943
-20394
-22308
-20275
-14624
-6366
2997
11743
18255
21326
20385
15618
7946
-1143
-9863
-16470
-19603
-18552
-13416
-5102
4831
14468
21899
25605
24765
19436
10561
-202
-10793
-19159
-23661
-23411
-18457
-9790
852
11321
19489
23676
22989
17506
8259
-2970
-14002
-22701
-27390
-27185
-22159
-13316
-2383
8538
17386
22537
23111
19117
11435
1619
-8414
-16757
-21866
-22839
-19557
-12675
-3479
6373
15156
21389
24077
22861
18059
10579
1745
-6935
-14023
-18380
-19340
-16806
-11247
-3621
4785
12557
18379
21238
20593
16466
9452
634
-8577
-16669
-22278
-24419
-22671
-17266
-9070
547
9934
17446
21735
21998
18136
10784
1216
-8878
-17691
-23626
-25585
-23172
-16768
-7458
3158
13264
21146
25502
25659
21680
14337
4956
-4831
-13373
-19282
-21658
-20214
-15302
-7819
962
9610
16770
21364
22742
20752
15744
8489
60
-8328
-15489
-20425
-22454
-21302
-17139
-10562
-2517
5819
13200
18490
20833
19793
15444
8376
-370
-9452
-17427
-22985
-25167
-23534
-18256
-10098
-306
9595
18051
23738
25781
23899
18445
10342
916
-8328
-15950
-20809
-22233
-20100
-14836
-7317
1280
9676
16676
21335
23071
21720
17531
11107
3316
-4831
-12303
-18167
-21692
-22436
-20294
-15522
-8715
-749
7315
14367
19391
21614
20635
16499
9718
1216
-7793
-15984
-22118
-25243
-24846
-20941
-14071
-5225
4317
13185
20136
24233
24981
22385
16923
9452
1064
-7079
-13917
-18615
-20664
-19908
-16541
-11055
-4160
3299
10441
16433
20571
22346
21500
18059
12350
4978
-3219
-11256
-18121
-22898
-24907
-23810
-19683
-13021
-4692
4186
12397
18810
22546
23111
20461
15010
7549
-873
-9116
-16108
-20992
-23227
-22631
-19380
-13947
-7025
575
8021
14540
19489
22393
22979
21192
17198
11380
4318
-3252
-10500
-16581
-20738
-22403
-21287
-17441
-11278
-3530
4831
12726
19119
23164
24330
22475
17858
11093
3053
-5263
-12871
-18928
-22826
-24245
-23158
-19803
-14624
-8203
-1193
5740
11965
16925
20162
21356
20348
17173
12078
5526
-1827
-9185
-15695
-20553
-23111
-22980
-20099
-14756
-7561
632
8844
16108
21593
24718
25209
23119
18786
12774
5772
-1491
-8328
-14156
-18525
-21131
-21815
-20554
-17456
-12759
-6829
-157
6661
12962
18074
21393
22467
21073
17269
11407
4108
-3815
-11459
-17953
-22575
-24845
-24580
-21894
-17166
-10967
-3970
3141
9741
15316
19489
22014
22770
21741
19008
14749
9242
2876
-3856
-10372
-16048
-20279
-22562
-22571
-20219
-15695
-9452
-2160
5382
12349
18005
21791
23390
22743
20034
15633
10027
3752
-2675
-8791
-14203
-18591
-21694
-23307
-23278
-21529
-18082
-13090
-6866
124
7279
13920
19371
23050
24552
23716
20646
15704
9452
2566
-4252
-10371
-15295
-18702
-20448
-20539
-19094
-16300
-12377
-7562
-2112
3683
9486
14901
19489
22805
24451
24142
21768
17438
11484
4439
-3027
-10196
-16398
-21097
-23949
-24833
-23833
-21195
-17269
-12441
-7082
-1521
3964
9127
13732
17535
20273
21685
21548
19726
16225
11226
5098
-1631
-8328
-14339
-19077
-22108
-23198
-22340
-19731
-15719
-10741
-5241
379
5798
10778
15145
18756
21466
23111
23512
22505
19986
15959
10586
4196
-2727
-9595
-15790
-20750
-24052
-25465
-24976
-22770
-19180
-14624
-9523
-4248
917
5776
10197
14077
17297
19700
21088
21249
20007
17276
13115
7755
1596
-4831
-10938
-16157
-20031
-22272
-22793
-21697
-19237
-15748
-11578
-7027
-2319
2403
7049
11537
15747
19489
22499
24467
25085
24121
21478
17245
11701
5294
-1425
-7882
-13568
-18106
-21295
-23105
-23647
-23111
-21701
-19579
-16838
-13498
-9548
-4992
89
5505
10937
15966
20131
23004
24269
23789
21632
18059
13479
8369
3188
-1692
-6031
-9732
-12810
-15333
-17361
-18889
-19825
-19992
-19174
-17181
-13920
-9452
-4016
1983
8031
13586
18168
21437
23239
23614
22759
20961
18517
15660
12521
9114
5374
1216
-3394
-8381
-13521
-18461
-22755
-25952
-27680
-27728
-26088
-22961
-18716
-13812
-8707
-3772
764
4831
8490
11867
15078
18157
21005
23396
25007
25498
24600
22191
18354
13373
7699
1865
-3613
-8328
-12050
-14744
-16547
-17693
-18431
-18934
-19241
-19243
-18710
-17367
-14982
-11457
-6883
-1553
4073
9452
14062
17506
19582
20313
19919
18745
17163
15467
13805
12147
10313
8037
5073
1287
-3267
-8328
-13456
-18116
-21785
-24065
-24768
-23951
-21896
-19028
-15815
-12647
-9751
-7146
-4666
-2023
1077
4831
9250
14115
19011
23395
26721
28561
28704
27204
24367
20675
16664
12802
9378
6445
3833
1216
-1772
-5409
-9781
-14721
-19828
-24540
-28256
-30482
-30944
-29657
-26921
-23245
-19226
-15398
-12111
-9452
-7239
-5094
-2565
728
4965
10045
15584
20986
25578
28767
30179
29755
27760
24720
21282
18059
15470
13644
12393
11282
9753
7294
3603
-1312
-7104
-13150
-18690
-23005
-25590
-26278
-25276
-23111
-20490
-18120
-16519
-15885
-16045
-16506
-16589
-15621
-13129
-8982
-3453
2828
9013
14239
17836
19489
19316
17833
15814
14091
13329
13846
15527
17844
19995
21112
20496
17815
13207
7266
912
-4831
-9088
-11343
-11577
-10263
-8243
-6510
-5936
-7044
-9852
-13860
-18163
-21681
-23433
-22803
-19704
-14624
-8515
-2563
2101
4690
4961
3277
517
-2150
-3571
-2915
95
5096
11155
16996
21313
23111
21957
18111
12473
6364
1202
-1858
-2218
0
3978
8403
11804
12923
11061
6263
-661
-8328
-15110
-19547
-20709
-18446
-13439
-7038
-933
3268
4451
2288
-2670
-9109
-15281
-19436
-20270
-17269
-10860
-2323
6503
13675
17624
17552
13646
7044
-438
-6748
-10116
-9502
-4874
2766
11612
19489
24393
24992
20975
13146
3247
-6453
-13713
-16874
-15271
-9419
-894
8039
14981
17991
16075
9452
-484
-11483
-20977
-26708
-27284
-22529
-13547
-2464
8071
15531
18124
15240
7608
-2863
-13539
-21694
-25174
-22923
-15258
-3804
8879
19903
26744
27847
23008
13430
1444
-10040
-18230
-21115
-17953
-9452
2389
14751
24660
29696
28562
21402
9768
-3740
-16081
-24488
-27110
-23450
-14470
-2370
9933
19489
23995
22337
14836
3174
-10002
-21698
-29260
-30980
-26482
-16796
-4110
8737
18907
24204
23562
17269
6882
-5141
-16010
-23227
-25144
-21317
-12579
-836
11371
21439
27272
27724
22829
13764
2566
-8328
-16611
-20598
-19566
-13876
-4870
5444
14830
21300
23513
21037
14409
4991
-5321
-14505
-20812
-23111
-21086
-15278
-6950
2178
10279
15767
17601
15467
9822
1797
-7032
-14943
-20394
-22308
-20275
-14624
-6366
2997
11743
18255
21326
20385
15618
7946
-1143
-9863
-16470
-19603
-18552
-13416
-5102
4831
14468
21899
25605
24765
19436
10561
-202
-10793
-19159
-23661
-23411
-18457
-9790
852
11321
19489
23676
22989
17506
8259
-2970
-14002
-22701
-27390
-27185
-22159
-13316
-2383
8538
17386
22537
23111
19117
11435
1619
-8414
-16757
-21866
-22839
-19557
-12675
-3479
6373
15156
21389
24077
22861
18059
10579
1745
-6935
-14023
-18380
-19340
-16806
-11247
-3621
4785
12557
18379
21238
20593
16466
9452
634
-8577
-16669
-22278
-24419
-22671
-17266
-9070
547
9934
17446
21735
21998
18136
10784
1216
-8878
-17691
-23626
-25585
-23172
-16768
-7458
3158
13264
21146
25502
25659
21680
14337
4956
-4831
-13373
-19282
-21658
-20214
-15302
-7819
962
9610
16770
21364
22742
20752
15744
8489
60
-8328
-15489
-20425
-22454
-21302
-17139
-10562
-2517
5819
13200
18490
20833
19793
15444
8376
-370
-9452
-17427
-22985
-25167
-23534
-18256
-10098
-306
9595
18051
23738
25781
23899
18445
10342
916
-8328
-15950
-20809
-22233
-20100
-14836
-7317
1280
9676
16676
21335
23071
21720
17531
11107
3316
-4831
-12303
-18167
-21692
-22436
-20294
-15522
-8715
-749
7315
14367
19391
21614
20635
16499
9718
1216
-7793
-15984
-22118
-25243
-24846
-20941
-14071
-5225
4317
13185
20136
24233
24981
22385
16923
9452
1064
-7079
-13917
-18615
-20664
-19908
-16541
-11055
-4160
3299
10441
16433
20571
22346
21500
18059
12350
4978
-3219
-11256
-18121
-22898
-24907
-23810
-19683
-13021
-4692
4186
12397
18810
22546
23111
20461
15010
7549
-873
-9116
-16108
-20992
-23227
-22631
-19380
-13947
-7025
575
8021
14540
19489
22393
22979
21192
17198
11380
4318
-3252
-10500
-16581
-20738
-22403
-21287
-17441
-11278
-3530
4831
12726
19119
23164
24330
22475
17858
11093
3053
-5263
-12871
-18928
-22826
-24245
-23158
-19803
-14624
-8203
-1193
5740
11965
16925
20162
21356
20348
17173
12078
5526
-1827
-9185
-15695
-20553
-23111
-22980
-20099
-14756
-7561
632
8844
16108
21593
24718
25209
23119
18786
12774
5772
-1491
-8328
-14156
-18525
-21131
-21815
-20554
-17456
-12759
-6829
-157
6661
12962
18074
21393
22467
21073
17269
11407
4108
-3815
-11459
-17953
-22575
-24845
-24580
-21894
-17166
-10967
-3970
3141
9741
15316
19489
22014
22770
21741
19008
14749
9242
2876
-3856
-10372
-16048
-20279
-22562
-22571
-20219
-15695
-9452
-2160
5382
12349
18005
21791
23390
22743
20034
15633
10027
3752
-2675
-8791
-14203
-18591
-21694
-23307
-23278
-21529
-18082
-13090
-6866
124
7279
13920
19371
23050
24552
23716
20646
15704
9452
2566
-4252
-10371
-15295
-18702
-20448
-20539
-19094
-16300
-12377
-7562
-2112
3683
9486
14901
19489
22805
24451
24142
21768
17438
11484
4439
-3027
-10196
-16398
-21097
-23949
-24833
-23833
-21195
-17269
-12441
-7082
-1521
3964
9127
13732
17535
20273
21685
21548
19726
16225
11226
5098
-1631
-8328
-14339
-19077
-22108
-23198
-22340
-19731
-15719
-10741
-5241
379
5798
10778
15145
18756
21466
23111
23512
22505
19986
15959
10586
4196
-2727
-9595
-15790
-20750
-24052
-25465
-24976
-22770
-19180
-14624
-9523
-4248
917
5776
10197
14077
17297
19700
21088
21249
20007
17276
13115
7755
1596
-4831
-10938
-16157
-20031
-22272
-22793
-21697
-19237
-15748
-11578
-7027
-2319
2403
7049
11537
15747
19489
22499
24467
25085
24121
21478
17245
11701
5294
-1425
-7882
-13568
-18106
-21295
-23105
-23647
-23111
-21701
-19579
-16838
-13498
-9548
-4992
89
5505
10937
15966
20131
23004
24269
23789
21632
18059
13479
8369
3188
-1692
-6031
-9732
-12810
-15333
-17361
-18889
-19825
-19992
-19174
-17181
-13920
-9452
-4016
1983
8031
13586
18168
21437
23239
23614
22759
20961
18517
15660
12521
9114
5374
1216
-3394
-8381
-13521
-18461
-22755
-25952
-27680
-27728
-26088
-22961
-18716
-13812
-8707
-3772
764
4831
8490
11867
15078
18157
21005
23396
25007
25498
24600
22191
18354
13373
7699
1865
-3613
-8328
-12050
-14744
-16547
-17693
-18431
-18934
-19241
-19243
-18710
-17367
-14982
-11457
-6883
-1553
4073
9452
14062
17506
19582
20313
19919
18745
17163
15467
13805
12147
10313
8037
5073
1287
-3267
-8328
-13456
-18116
-21785
-24065
-24768
-23951
-21896
-19028
-15815
-12647
-9751
-7146
-4666
-2023
1077
4831
9250
14115
19011
23395
26721
28561
28704
27204
24367
20675
16664
12802
9378
6445
3833
1216
-1772
-5409
-9781
-14721
-19828
-24540
-28256
-30482
-30944
-29657
-26921
-23245
-19226
-15398
-12111
-9452
-7239
-5094
-2565
728
4965
10045
15584
20986
25578
28767
30179
29755
27760
24720
21282
18059
15470
13644
12393
11282
9753
7294
3603
-1312
-7104
-13150
-18690
-23005
-25590
-26278
-25276
-23111
-20490
-18120
-16519
-15885
-16045
-16506
-16589
-15621
-13129
-8982
-3453
2828
9013
14239
17836
19489
19316
17833
15814
14091
13329
13846
15527
17844
19995
21112
20496
17815
13207
7266
912
-4831
-9088
-11343
-11577
-10263
-8243
-6510
-5936
-7044
-9852
-13860
-18163
-21681
-23433
-22803
-19704
-14624
-8515
-2563
2101
4690
4961
3277
517
-2150
-3571
-2915
95
5096
11155
16996
21313
23111
21957
18111
12473
6364
1202
-1858
-2218
0
3978
8403
11804
12923
11061
6263
-661
-8328
-15110
-19547
-20709
-18446
-13439
-7038
-933
3268
4451
2288
-2670
-9109
-15281
-19436
-20270
-17269
-10860
-2323
6503
13675
17624
17552
13646
7044
-438
-6748
-10116
-9502
-4874
2766
11612
19489
24393
24992
20975
13146
3247
-6453
-13713
-16874
-15271
-9419
-894
8039
14981
17991
16075
9452
-484
-11483
-20977
-26708
-27284
-22529
-13547
-2464
8071
15531
18124
15240
7608
-2863
-13539
-21694
-25174
-22923
-15258
-3804
8879
19903
26744
27847
23008
13430
1444
-10040
-18230
-21115
-17953
-9452
2389
14751
24660
29696
28562
21402
9768
-3740
-16081
-24488
-27110
-23450
-14470
-2370
9933
19489
23995
22337
14836
3174
-10002
-21698
-29260
-30980
-26482
-16796
-4110
8737
18907
24204
23562
17269
6882
-5141
-16010
-23227
-25144
-21317
-12579
-836
11371
21439
27272
27724
22829
13764
2566
-8328
-16611
-20598
-19566
-13876
-4870
5444
14830
21300
23513
21037
14409
4991
-5321
-14505
-20812
-23111
-21086
-15278
-6950
2178
10279
15767
17601
15467
9822
1797
-7032
-14943
-20394
-22308
-20275
-14624
-6366
2997
11743
18255
21326
20385
15618
7946
-1143
-9863
-16470
-19603
-18552
-13416
-5102
4831
14468
21899
25605
24765
19436
10561
-202
-10793
-19159
-23661
-23411
-18457
-9790
852
11321
19489
23676
22989
17506
8259
-2970
-14002
-22701
-27390
-27185
-22159
-13316
-2383
8538
17386
22537
23111
19117
11435
1619
-8414
-16757
-21866
-22839
-19557
-12675
-3479
6373
15156
21389
24077
22861
18059
10579
1745
-6935
-14023
-18380
-19340
-16806
-11247
-3621
4785
12557
18379
21238
20593
16466
9452
634
-8577
-16669
-22278
-24419
-22671
-17266
-9070
547
9934
17446
21735
21998
18136
10784
1216
-8878
-17691
-23626
-25585
-23172
-16768
-7458
3158
13264
21146
25502
25659
21680
14337
4956
-4831
-13373
-19282
-21658
-20214
-15302
-7819
962
9610
16770
21364
22742
20752
15744
8489
60
-8328
-15489
-20425
-22454
-21302
-17139
-10562
-2517
5819
13200
18490
20833
19793
15444
8376
-370
-9452
-17427
-22985
-25167
-23534
-18256
-10098
-306
9595
18051
23738
25781
23899
18445
10342
916
-8328
-15950
-20809
-22233
-20100
-14836
-7317
1280
9676
16676
21335
23071
21720
17531
11107
3316
-4831
-12303
-18167
-21692
-22436
-20294
-15522
-8715
-749
7315
14367
19391
21614
20635
16499
9718
1216
-7793
-15984
-22118
-25243
-24846
-20941
-14071
-5225
4317
13185
20136
24233
24981
22385
16923
9452
1064
-7079
-13917
-18615
-20664
-19908
-16541
-11055
-4160
3299
10441
16433
20571
22346
21500
18059
12350
4978
-3219
-11256
-18121
-22898
-24907
-23810
-19683
-13021
-4692
4186
12397
18810
22546
23111
20461
15010
7549
-873
-9116
-16108
-20992
-23227
-22631
-19380
-13947
-7025
575
8021
14540
19489
22393
22979
21192
17198
11380
4318
-3252
-10500
-16581
-20738
-22403
-21287
-17441
-11278
-3530
4831
12726
19119
23164
24330
22475
17858
11093
3053
-5263
-12871
-18928
-22826
-24245
-23158
-19803
-14624
-8203
-1193
5740
11965
16925
20162
21356
20348
17173
12078
5526
-1827
-9185
-15695
-20553
-23111
-22980
-20099
-14756
-7561
632
8844
16108
21593
24718
25209
23119
18786
12774
5772
-1491
-8328
-14156
-18525
-21131
-21815
-20554
-17456
-12759
-6829
-157
6661
12962
18074
21393
22467
21073
17269
11407
4108
-3815
-11459
-17953
-22575
-24845
-24580
-21894
-17166
-10967
-3970
3141
9741
15316
19489
22014
22770
21741
19008
14749
9242
2876
-3856
-10372
-16048
-20279
-22562
-22571
-20219
-15695
-9452
-2160
5382
12349
18005
21791
23390
22743
20034
15633
10027
3752
-2675
-8791
-14203
-18591
-21694
-23307
-23278
-21529
-18082
-13090
-6866
124
7279
13920
19371
23050
24552
23716
20646
15704
9452
2566
-4252
-10371
-15295
-18702
-20448
-20539
-19094
-16300
-12377
-7562
-2112
3683
9486
14901
19489
22805
24451
24142
21768
17438
11484
4439
-3027
-10196
-16398
-21097
-23949
-24833
-23833
-21195
-17269
-12441
-7082
-1521
3964
9127
13732
17535
20273
21685
21548
19726
16225
11226
5098
-1631
-8328
-14339
-19077
-22108
-23198
-22340
-19731
-15719
-10741
-5241
379
5798
10778
15145
18756
21466
23111
23512
22505
19986
15959
10586
4196
-2727
-9595
-15790
-20750
-24052
-25465
-24976
-22770
-19180
-14624
-9523
-4248
917
5776
10197
14077
17297
19700
21088
21249
20007
17276
13115
7755
1596
-4831
-10938
-16157
-20031
-22272
-22793
-21697
-19237
-15748
-11578
-7027
-2319
2403
7049
11537
15747
19489
22499
24467
25085
24121
21478
17245
11701
5294
-1425
-7882
-13568
-18106
-21295
-23105
-23647
-23111
-21701
-19579
-16838
-13498
-9548
-4992
89
5505
10937
15966
20131
23004
24269
23789
21632
18059
13479
8369
3188
-1692
-6031
-9732
-12810
-15333
-17361
-18889
-19825
-19992
-19174
-17181
-13920
-9452
-4016
1983
8031
13586
18168
21437
23239
23614
22759
20961
18517
15660
12521
9114
5374
1216
-3394
-8381
-13521
-18461
-22755
-25952
-27680
-27728
-26088
-22961
-18716
-13812
-8707
-3772
764
4831
8490
11867
15078
18157
21005
23396
25007
25498
24600
22191
18354
13373
7699
1865
-3613
-8328
-12050
-14744
-16547
-17693
-18431
-18934
-19241
-19243
-18710
-17367
-14982
-11457
-6883
-1553
4073
9452
14062
17506
19582
20313
19919
18745
17163
15467
13805
12147
10313
8037
5073
1287
-3267
-8328
-13456
-18116
-21785
-24065
-24768
-23951
-21896
-19028
-15815
-12647
-9751
-7146
-4666
-2023
1077
4831
9250
14115
19011
23395
26721
28561
28704
27204
24367
20675
16664
12802
9378
6445
3833
1216
-1772
-5409
-9781
-14721
-19828
-24540
-28256
-30482
-30944
-29657
-26921
-23245
-19226
-15398
-12111
-9452
-7239
-5094
-2565
728
4965
10045
15584
20986
25578
28767
30179
29755
27760
24720
21282
18059
15470
13644
12393
11282
9753
7294
3603
-1312
-7104
-13150
-18690
-23005
-25590
-26278
-25276
-23111
-20490
-18120
-16519
-15885
-16045
-16506
-16589
-15621
-13129
-8982
-3453
2828
9013
14239
17836
19489
19316
17833
15814
14091
13329
13846
15527
17844
19995
21112
20496
17815
13207
7266
912
-4831
-9088
-11343
-11577
-10263
-8243
-6510
-5936
-7044
-9852
-13860
-18163
-21681
-23433
-22803
-19704
-14624
-8515
-2563
2101
4690
4961
3277
517
-2150
-3571
-2915
95
5096
11155
16996
21313
23111
21957
18111
12473
6364
1202
-1858
-2218
0
3978
8403
11804
12923
11061
6263
-661
-8328
-15110
-19547
-20709
-18446
-13439
-7038
-933
3268
4451
2288
-2670
-9109
-15281
-19436
-20270
-17269
-10860
-2323
6503
13675
17624
17552
13646
7044
-438
-6748
-10116
-9502
-4874
2766
11612
19489
24393
24992
20975
13146
3247
-6453
-13713
-16874
-15271
-9419
-894
8039
14981
17991
16075
9452
-484
-11483
-20977
-26708
-27284
-22529
-13547
-2464
8071
15531
18124
15240
7608
-2863
-13539
-21694
-25174
-22923
-15258
-3804
8879
19903
26744
27847
23008
13430
1444
-10040
-18230
-21115
-17953
-9452
2389
14751
24660
29696
28562
21402
9768
-3740
-16081
-24488
-27110
-23450
-14470
-2370
9933
19489
23995
22337
14836
3174
-10002
-21698
-29260
-30980
-26482
-16796
-4110
8737
18907
24204
23562
17269
6882
-5141
-16010
-23227
-25144
-21317
-12579
-836
11371
21439
27272
27724
22829
13764
2566
-8328
-16611
-20598
-19566
-13876
-4870
5444
14830
21300
23513
21037
14409
4991
-5321
-14505
-20812
-23111
-21086
-15278
-6950
2178
10279
15767
17601
15467
9822
1797
-7032
-14943
-20394
-22308
-20275
-14624
-6366
2997
11743
18255
21326
20385
15618
7946
-1143
-9863
-16470
-19603
-18552
-13416
-5102
4831
14468
21899
25605
24765
19436
10561
-202
-10793
-19159
-23661
-23411
-18457
-9790
852
11321
19489
23676
22989
17506
8259
-2970
-14002
-22701
-27390
-27185
-22159
-13316
-2383
8538
17386
22537
23111
19117
11435
1619
-8414
-16757
-21866
-22839
-19557
-12675
-3479
6373
15156
21389
24077
22861
18059
10579
1745
-6935
-14023
-18380
-19340
-16806
-11247
-3621
4785
12557
18379
21238
20593
16466
9452
634
-8577
-16669
-22278
-24419
-22671
-17266
-9070
547
9934
17446
21735
21998
18136
10784
1216
-8878
-17691
-23626
-25585
-23172
-16768
-7458
3158
13264
21146
25502
25659
21680
14337
4956
-4831
-13373
-19282
-21658
-20214
-15302
-7819
962
9610
16770
21364
22742
20752
15744
8489
60
-8328
-15489
-20425
-22454
-21302
-17139
-10562
-2517
5819
13200
18490
20833
19793
15444
8376
-370
-9452
-17427
-22985
-25167
-23534
-18256
-10098
-306
9595
18051
23738
25781
23899
18445
10342
916
-8328
-15950
-20809
-22233
-20100
-14836
-7317
1280
9676
16676
21335
23071
21720
17531
11107
3316
-4831
-12303
-18167
-21692
-22436
-20294
-15522
-8715
-749
7315
14367
19391
21614
20635
16499
9718
1216
-7793
-15984
-22118
-25243
-24846
-20941
-14071
-5225
4317
13185
20136
24233
24981
22385
16923
9452
1064
-7079
-13917
-18615
-20664
-19908
-16541
-11055
-4160
3299
10441
16433
20571
22346
21500
18059
12350
4978
-3219
-11256
-18121
-22898
-24907
-23810
-19683
-13021
-4692
4186
12397
18810
22546
23111
20461
15010
7549
-873
-9116
-16108
-20992
-23227
-22631
-19380
-13947
-7025
575
8021
14540
19489
22393
22979
21192
17198
11380
4318
-3252
-10500
-16581
-20738
-22403
-21287
-17441
-11278
-3530
4831
12726
19119
23164
24330
22475
17858
11093
3053
-5263
-12871
-18928
-22826
-24245
-23158
-19803
-14624
-8203
-1193
5740
11965
16925
20162
21356
20348
17173
12078
5526
-1827
-9185
-15695
-20553
-23111
-22980
-20099
-14756
-7561
632
8844
16108
21593
24718
25209
23119
18786
12774
5772
-1491
-8328
-14156
-18525
-21131
-21815
-20554
-17456
-12759
-6829
-157
6661
12962
18074
21393
22467
21073
17269
11407
4108
-3815
-11459
-17953
-22575
-24845
-24580
-21894
-17166
-10967
-3970
3141
9741
15316
19489
22014
22770
21741
19008
14749
9242
2876
-3856
-10372
-16048
-20279
-22562
-22571
-20219
-15695
-9452
-2160
5382
12349
18005
21791
23390
22743
20034
15633
10027
3752
-2675
-8791
-14203
-18591
-21694
-23307
-23278
-21529
-18082
-13090
-6866
124
7279
13920
19371
23050
24552
23716
20646
15704
9452
2566
-4252
-10371
-15295
-18702
-20448
-20539
-19094
-16300
-12377
-7562
-2112
3683
9486
14901
19489
22805
24451
24142
21768
17438
11484
4439
-3027
-10196
-16398
-21097
-23949
-24833
-23833
-21195
-17269
-12441
-7082
-1521
3964
9127
13732
17535
20273
21685
21548
19726
16225
11226
5098
-1631
-8328
-14339
-19077
-22108
-23198
-22340
-19731
-15719
-10741
-5241
379
5798
10778
15145
18756
21466
23111
23512
22505
19986
15959
10586
4196
-2727
-9595
-15790
-20750
-24052
-25465
-24976
-22770
-19180
-14624
-9523
-4248
917
5776
10197
14077
17297
19700
21088
21249
20007
17276
13115
7755
1596
-4831
-10938
-16157
-20031
-22272
-22793
-21697
-19237
-15748
-11578
-7027
-2319
2403
7049
11537
15747
19489
22499
24467
25085
24121
21478
17245
11701
5294
-1425
-7882
-13568
-18106
-21295
-23105
-23647
-23111
-21701
-19579
-16838
-13498
-9548
-4992
89
5505
10937
15966
20131
23004
24269
23789
21632
18059
13479
8369
3188
-1692
-6031
-9732
-12810
-15333
-17361
-18889
-19825
-19992
-19174
-17181
-13920
-9452
-4016
1983
8031
13586
18168
21437
23239
23614
22759
20961
18517
15660
12521
9114
5374
1216
-3394
-8381
-13521
-18461
-22755
-25952
-27680
-27728
-26088
-22961
-18716
-13812
-8707
-3772
764
4831
8490
11867
15078
18157
21005
23396
25007
25498
24600
22191
18354
13373
7699
1865
-3613
-8328
-12050
-14744
-16547
-17693
-18431
-18934
-19241
-19243
-18710
-17367
-14982
-11457
-6883
-1553
4073
9452
14062
17506
19582
20313
19919
18745
17163
15467
13805
12147
10313
8037
5073
1287
-3267
-8328
-13456
-18116
-21785
-24065
-24768
-23951
-21896
-19028
-15815
-12647
-9751
-7146
-4666
-2023
1077
4831
9250
14115
19011
23395
26721
28561
28704
27204
24367
20675
16664
12802
9378
6445
3833
1216
-1772
-5409
-9781
-14721
-19828
-24540
-28256
-30482
-30944
-29657
-26921
-23245
-19226
-15398
-12111
-9452
-7239
-5094
-2565
728
4965
10045
15584
20986
25578
28767
30179
29755
27760
24720
21282
18059
15470
13644
12393
11282
9753
7294
3603
-1312
-7104
-13150
-18690
-23005
-25590
-26278
-25276
-23111
-20490
-18120
-16519
-15885
-16045
-16506
-16589
-15621
-13129
-8982
-3453
2828
9013
14239
17836
19489
19316
17833
15814
14091
13329
13846
15527
17844
19995
21112
20496
17815
13207
7266
912
-4831
-9088
-11343
-11577
-10263
-8243
-6510
-5936
-7044
-9852
-13860
-18163
-21681
-23433
-22803
-19704
-14624
-8515
-2563
2101
4690
4961
3277
517
-2150
-3571
-2915
95
5096
11155
16996
21313
23111
21957
18111
12473
6364
1202
-1858
-2218
0
3978
8403
11804
12923
11061
6263
-661
-8328
-15110
-19547
-20709
-18446
-13439
-7038
-933
3268
4451
2288
-2670
-9109
-15281
-19436
-20270
-17269
-10860
-2323
6503
13675
17624
17552
13646
7044
-438
-6748
-10116
-9502
-4874
2766
11612
19489
24393
24992
20975
13146
3247
-6453
-13713
-16874
-15271
-9419
-894
8039
14981
17991
16075
9452
-484
-11483
-20977
-26708
-27284
-22529
-13547
-2464
8071
15531
18124
15240
7608
-2863
-13539
-21694
-25174
-22923
-15258
-3804
8879
19903
26744
27847
23008
13430
1444
-10040
-18230
-21115
-17953
-9452
2389
14751
24660
29696
28562
21402
9768
-3740
-16081
-24488
-27110
-23450
-14470
-2370
9933
19489
23995
22337
14836
3174
-10002
-21698
-29260
-30980
-26482
-16796
-4110
8737
18907
24204
23562
17269
6882
-5141
-16010
-23227
-25144
-21317
-12579
-836
11371
21439
27272
27724
22829
13764
2566
-8328
-16611
-20598
-19566
-13876
-4870
5444
14830
21300
23513
21037
14409
4991
-5321
-14505
-20812
-23111
-21086
-15278
-6950
2178
10279
15767
17601
15467
9822
1797
-7032
-14943
-20394
-22308
-20275
-14624
-6366
2997
11743
18255
21326
20385
15618
7946
-1143
-9863
-16470
-19603
-18552
-13416
-5102
4831
14468
21899
25605
24765
19436
10561
-202
-10793
-19159
-23661
-23411
-18457
-9790
852
11321
19489
23676
22989
17506
8259
-2970
-14002
-22701
-27390
-27185
-22159
-13316
-2383
8538
17386
22537
23111
19117
11435
1619
-8414
-16757
-21866
-22839
-19557
-12675
-3479
6373
15156
21389
24077
22861
18059
10579
1745
-6935
-14023
-18380
-19340
-16806
-11247
-3621
4785
12557
18379
21238
20593
16466
9452
634
-8577
-16669
-22278
-24419
-22671
-17266
-9070
547
9934
17446
21735
21998
18136
10784
1216
-8878
-17691
-23626
-25585
-23172
-16768
-7458
3158
13264
21146
25502
25659
21680
14337
4956
-4831
-13373
-19282
-21658
-20214
-15302
-7819
962
9610
16770
21364
22742
20752
15744
8489
60
-8328
-15489
-20425
-22454
-21302
-17139
-10562
-2517
5819
13200
18490
20833
19793
15444
8376
-370
-9452
-17427
-22985
-25167
-23534
-18256
-10098
-306
9595
18051
23738
25781
23899
18445
10342
916
-8328
-15950
-20809
-22233
-20100
-14836
-7317
1280
9676
16676
21335
23071
21720
17531
11107
3316
-4831
-12303
-18167
-21692
-22436
-20294
-15522
-8715
-749
7315
14367
19391
21614
20635
16499
9718
1216
-7793
-15984
-22118
-25243
-24846
-20941
-14071
-5225
4317
13185
20136
24233
24981
22385
16923
9452
1064
-7079
-13917
-18615
-20664
-19908
-16541
-11055
-4160
3299
10441
16433
20571
22346
21500
18059
12350
4978
-3219
-11256
-18121
-22898
-24907
-23810
-19683
-13021
-4692
4186
12397
18810
22546
23111
20461
15010
7549
-873
-9116
-16108
-20992
-23227
-22631
-19380
-13947
-7025
575
8021
14540
19489
22393
22979
21192
17198
11380
4318
-3252
-10500
-16581
-20738
-22403
-21287
-17441
-11278
-3530
4831
12726
19119
23164
24330
22475
17858
11093
3053
-5263
-12871
-18928
-22826
-24245
-23158
-19803
-14624
-8203
-1193
5740
11965
16925
20162
21356
20348
17173
12078
5526
-1827
-9185
-15695
-20553
-23111
-22980
-20099
-14756
-7561
632
8844
16108
21593
24718
25209
23119
18786
12774
5772
-1491
-8328
-14156
-18525
-21131
-21815
-20554
-17456
-12759
-6829
-157
6661
12962
18074
21393
22467
21073
17269
11407
4108
-3815
-11459
-17953
-22575
-24845
-24580
-21894
-17166
-10967
-3970
3141
9741
15316
19489
22014
22770
21741
19008
14749
9242
2876
-3856
-10372
-16048
-20279
-22562
-22571
-20219
-15695
-9452
-2160
5382
12349
18005
21791
23390
22743
20034
15633
10027
3752
-2675
-8791
-14203
-18591
-21694
-23307
-23278
-21529
-18082
-13090
-6866
124
7279
13920
19371
23050
24552
23716
20646
15704
9452
2566
-4252
-10371
-15295
-18702
-20448
-20539
-19094
-16300
-12377
-7562
-2112
3683
9486
14901
19489
22805
24451
24142
21768
17438
11484
4439
-3027
-10196
-16398
-21097
-23949
-24833
-23833
-21195
-17269
-12441
-7082
-1521
3964
9127
13732
17535
20273
21685
21548
19726
16225
11226
5098
-1631
-8328
-14339
-19077
-22108
-23198
-22340
-19731
-15719
-10741
-5241
379
5798
10778
15145
18756
21466
23111
23512
22505
19986
15959
10586
4196
-2727
-9595
-15790
-20750
-24052
-25465
-24976
-22770
-19180
-14624
-9523
-4248
917
5776
10197
14077
17297
19700
21088
21249
20007
17276
13115
7755
1596
-4831
-10938
-16157
-20031
-22272
-22793
-21697
-19237
-15748
-11578
-7027
-2319
2403
7049
11537
15747
19489
22499
24467
25085
24121
21478
17245
11701
5294
-1425
-7882
-13568
-18106
-21295
-23105
-23647
-23111
-21701
-19579
-16838
-13498
-9548
-4992
89
5505
10937
15966
20131
23004
24269
23789
21632
18059
13479
8369
3188
-1692
-6031
-9732
-12810
-15333
-17361
-18889
-19825
-19992
-19174
-17181
-13920
-9452
-4016
1983
8031
13586
18168
21437
23239
23614
22759
20961
18517
15660
12521
9114
5374
1216
-3394
-8381
-13521
-18461
-22755
-25952
-27680
-27728
-26088
-22961
-18716
-13812
-8707
-3772
764
4831
8490
11867
15078
18157
21005
23396
25007
25498
24600
22191
18354
13373
7699
1865
-3613
-8328
-12050
-14744
-16547
-17693
-18431
-18934
-19241
-19243
-18710
-17367
-14982
-11457
-6883
-1553
4073
9452
14062
17506
19582
20313
19919
18745
17163
15467
13805
12147
10313
8037
5073
1287
-3267
-8328
-13456
-18116
-21785
-24065
-24768
-23951
-21896
-19028
-15815
-12647
-9751
-7146
-4666
-2023
1077
4831
9250
14115
19011
23395
26721
28561
28704
27204
24367
20675
16664
12802
9378
6445
3833
1216
-1772
-5409
-9781
-14721
-19828
-24540
-28256
-30482
-30944
-29657
-26921
-23245
-19226
-15398
-12111
-9452
-7239
-5094
-2565
728
4965
10045
15584
20986
25578
28767
30179
29755
27760
24720
21282
18059
15470
13644
12393
11282
9753
7294
3603
-1312
-7104
-13150
-18690
-23005
-25590
-26278
-25276
-23111
-20490
-18120
-16519
-15885
-16045
-16506
-16589
-15621
-13129
-8982
-3453
2828
9013
14239
17836
19489
19316
17833
15814
14091
13329
13846
15527
17844
19995
21112
20496
17815
13207
7266
912
-4831
-9088
-11343
-11577
-10263
-8243
-6510
-5936
-7044
-9852
-13860
-18163
-21681
-23433
-22803
-19704
-14624
-8515
-2563
2101
4690
4961
3277
517
-2150
-3571
-2915
95
5096
11155
16996
21313
23111
21957
18111
12473
6364
1202
-1858
-2218
0
3978
8403
11804
12923
11061
6263
-661
-8328
-15110
-19547
-20709
-18446
-13439
-7038
-933
3268
4451
2288
-2670
-9109
-15281
-19436
-20270
17269
10860
2323
-6503
-13675
-17624
-17552
-13646
-7044
438
6748
10116
9502
4874
-2766
-11612
-19489
-24393
-24992
-20975
-13146
-3247
6453
13713
16874
15271
9419
894
-8039
-14981
-17991
-16075
-9452
484
11483
20977
26708
27284
22529
13547
2464
-8071
-15531
-18124
-15240
-7608
2863
13539
21694
25174
22923
15258
3804
-8879
-19903
-26744
-27847
-23008
-13430
-1444
10040
18230
21115
17953
9452
-2389
-14751
-24660
-29696
-28562
-21402
-9768
3740
16081
24488
27110
23450
14470
2370
-9933
-19489
-23995
-22337
-14836
-3174
10002
21698
29260
30980
26482
16796
4110
-8737
-18907
-24204
-23562
-17269
-6882
5141
16010
23227
25144
21317
12579
836
-11371
-21439
-27272
-27724
-22829
-13764
-2566
8328
16611
20598
19566
13876
4870
-5444
-14830
-21300
-23513
-21037
-14409
-4991
5321
14505
20812
23111
21086
15278
6950
-2178
-10279
-15767
-17601
-15467
-9822
-1797
7032
14943
20394
22308
20275
14624
6366
-2997
-11743
-18255
-21326
-20385
-15618
-7946
1143
9863
16470
19603
18552
13416
5102
-4831
-14468
-21899
-25605
-24765
-19436
-10561
202
10793
19159
23661
23411
18457
9790
-852
-11321
-19489
-23676
-22989
-17506
-8259
2970
14002
22701
27390
27185
22159
13316
2383
-8538
-17386
-22537
-23111
-19117
-11435
-1619
8414
16757
21866
22839
19557
12675
3479
-6373
-15156
-21389
-24077
-22861
-18059
-10579
-1745
6935
14023
18380
19340
16806
11247
3621
-4785
-12557
-18379
-21238
-20593
-16466
-9452
-634
8577
16669
22278
24419
22671
17266
9070
-547
-9934
-17446
-21735
-21998
-18136
-10784
-1216
8878
17691
23626
25585
23172
16768
7458
-3158
-13264
-21146
-25502
-25659
-21680
-14337
-4956
4831
13373
19282
21658
20214
15302
7819
-962
-9610
-16770
-21364
-22742
-20752
-15744
-8489
-60
8328
15489
20425
22454
21302
17139
10562
2517
-5819
-13200
-18490
-20833
-19793
-15444
-8376
370
9452
17427
22985
25167
23534
18256
10098
306
-9595
-18051
-23738
-25781
-23899
-18445
-10342
-916
8328
15950
20809
22233
20100
14836
7317
-1280
-9676
-16676
-21335
-23071
-21720
-17531
-11107
-3316
4831
12303
18167
21692
22436
20294
15522
8715
749
-7315
-14367
-19391
-21614
-20635
-16499
-9718
-1216
7793
15984
22118
25243
24846
20941
14071
5225
-4317
-13185
-20136
-24233
-24981
-22385
-16923
-9452
-1064
7079
13917
18615
20664
19908
16541
11055
4160
-3299
-10441
-16433
-20571
-22346
-21500
-18059
-12350
-4978
3219
11256
18121
22898
24907
23810
19683
13021
4692
-4186
-12397
-18810
-22546
-23111
-20461
-15010
-7549
873
9116
16108
20992
23227
22631
19380
13947
7025
-575
-8021
-14540
-19489
-22393
-22979
-21192
-17198
-11380
-4318
3252
10500
16581
20738
22403
21287
17441
11278
3530
-4831
-12726
-19119
-23164
-24330
-22475
-17858
-11093
-3053
5263
12871
18928
22826
24245
23158
19803
14624
8203
1193
-5740
-11965
-16925
-20162
-21356
-20348
-17173
-12078
-5526
1827
9185
15695
20553
23111
22980
20099
14756
7561
-632
-8844
-16108
-21593
-24718
-25209
-23119
-18786
-12774
-5772
1491
8328
14156
18525
21131
21815
20554
17456
12759
6829
157
-6661
-12962
-18074
-21393
-22467
-21073
-17269
-11407
-4108
3815
11459
17953
22575
24845
24580
21894
17166
10967
3970
-3141
-9741
-15316
-19489
-22014
-22770
-21741
-19008
-14749
-9242
-2876
3856
10372
16048
20279
22562
22571
20219
15695
9452
2160
-5382
-12349
-18005
-21791
-23390
-22743
-20034
-15633
-10027
-3752
2675
8791
14203
18591
21694
23307
23278
21529
18082
13090
6866
-124
-7279
-13920
-19371
-23050
-24552
-23716
-20646
-15704
-9452
-2566
4252
10371
15295
18702
20448
20539
19094
16300
12377
7562
2112
-3683
-9486
-14901
-19489
-22805
-24451
-24142
-21768
-17438
-11484
-4439
3027
10196
16398
21097
23949
24833
23833
21195
17269
12441
7082
1521
-3964
-9127
-13732
-17535
-20273
-21685
-21548
-19726
-16225
-11226
-5098
1631
8328
14339
19077
22108
23198
22340
19731
15719
10741
5241
-379
-5798
-10778
-15145
-18756
-21466
-23111
-23512
-22505
-19986
-15959
-10586
-4196
2727
9595
15790
20750
24052
25465
24976
22770
19180
14624
9523
4248
-917
-5776
-10197
-14077
-17297
-19700
-21088
-21249
-20007
-17276
-13115
-7755
-1596
4831
10938
16157
20031
22272
22793
21697
19237
15748
11578
7027
2319
-2403
-7049
-11537
-15747
-19489
-22499
-24467
-25085
-24121
-21478
-17245
-11701
-5294
1425
7882
13568
18106
21295
23105
23647
23111
21701
19579
16838
13498
9548
4992
-89
-5505
-10937
-15966
-20131
-23004
-24269
-23789
-21632
-18059
-13479
-8369
-3188
1692
6031
9732
12810
15333
17361
18889
19825
19992
19174
17181
13920
9452
4016
-1983
-8031
-13586
-18168
-21437
-23239
-23614
-22759
-20961
-18517
-15660
-12521
-9114
-5374
-1216
3394
8381
13521
18461
22755
25952
27680
27728
26088
22961
18716
13812
8707
3772
-764
-4831
-8490
-11867
-15078
-18157
-21005
-23396
-25007
-25498
-24600
-22191
-18354
-13373
-7699
-1865
3613
8328
12050
14744
16547
17693
18431
18934
19241
19243
18710
17367
14982
11457
6883
1553
-4073
-9452
-14062
-17506
-19582
-20313
-19919
-18745
-17163
-15467
-13805
-12147
-10313
-8037
-5073
-1287
3267
8328
13456
18116
21785
24065
24768
23951
21896
19028
15815
12647
9751
7146
4666
2023
-1077
-4831
-9250
-14115
-19011
-23395
-26721
-28561
-28704
-27204
-24367
-20675
-16664
-12802
-9378
-6445
-3833
-1216
1772
5409
9781
14721
19828
24540
28256
30482
30944
29657
26921
23245
19226
15398
12111
9452
7239
5094
2565
-728
-4965
-10045
-15584
-20986
-25578
-28767
-30179
-29755
-27760
-24720
-21282
-18059
-15470
-13644
-12393
-11282
-9753
-7294
-3603
1312
7104
13150
18690
23005
25590
26278
25276
23111
20490
18120
16519
15885
16045
16506
16589
15621
13129
8982
3453
-2828
-9013
-14239
-17836
-19489
-19316
-17833
-15814
-14091
-13329
-13846
-15527
-17844
-19995
-21112
-20496
-17815
-13207
-7266
-912
4831
9088
11343
11577
10263
8243
6510
5936
7044
9852
13860
18163
21681
23433
22803
19704
14624
8515
2563
-2101
-4690
-4961
-3277
-517
2150
3571
2915
-95
-5096
-11155
-16996
-21313
-23111
-21957
-18111
-12473
-6364
-1202
1858
2218
0
-3978
-8403
-11804
-12923
-11061
-6263
661
8328
15110
19547
20709
18446
13439
7038
933
-3268
-4451
-2288
2670
9109
15281
19436
20270
-17269
-10860
-2323
6503
13675
17624
17552
13646
7044
-438
-6748
-10116
-9502
-4874
2766
11612
19489
24393
24992
20975
13146
3247
-6453
-13713
-16874
-15271
-9419
-894
8039
14981
17991
16075
9452
-484
-11483
-20977
-26708
-27284
-22529
-13547
-2464
8071
15531
18124
15240
7608
-2863
-13539
-21694
-25174
-22923
-15258
-3804
8879
19903
26744
27847
23008
13430
1444
-10040
-18230
-21115
-17953
-9452
2389
14751
24660
29696
28562
21402
9768
-3740
-16081
-24488
-27110
-23450
-14470
-2370
9933
19489
23995
22337
14836
3174
-10002
-21698
-29260
-30980
-26482
-16796
-4110
8737
18907
24204
23562
17269
6882
-5141
-16010
-23227
-25144
-21317
-12579
-836
11371
21439
27272
27724
22829
13764
2566
-8328
-16611
-20598
-19566
-13876
-4870
5444
14830
21300
23513
21037
14409
4991
-5321
-14505
-20812
-23111
-21086
-15278
-6950
2178
10279
15767
17601
15467
9822
1797
-7032
-14943
-20394
-22308
-20275
-14624
-6366
2997
11743
18255
21326
20385
15618
7946
-1143
-9863
-16470
-19603
-18552
-13416
-5102
4831
14468
21899
25605
24765
19436
10561
-202
-10793
-19159
-23661
-23411
-18457
-9790
852
11321
19489
23676
22989
17506
8259
-2970
-14002
-22701
-27390
-27185
-22159
-13316
-2383
8538
17386
22537
23111
19117
11435
1619
-8414
-16757
-21866
-22839
-19557
-12675
-3479
6373
15156
21389
24077
22861
18059
10579
1745
-6935
-14023
-18380
-19340
-16806
-11247
-3621
4785
12557
18379
21238
20593
16466
9452
634
-8577
-16669
-22278
-24419
-22671
-17266
-9070
547
9934
17446
21735
21998
18136
10784
1216
-8878
-17691
-23626
-25585
-23172
-16768
-7458
3158
13264
21146
25502
25659
21680
14337
4956
-4831
-13373
-19282
-21658
-20214
-15302
-7819
962
9610
16770
21364
22742
20752
15744
8489
60
-8328
-15489
-20425
-22454
-21302
-17139
-10562
-2517
5819
13200
18490
20833
19793
15444
8376
-370
-9452
-17427
-22985
-25167
-23534
-18256
-10098
-306
9595
18051
23738
25781
23899
18445
10342
916
-8328
-15950
-20809
-22233
-20100
-14836
-7317
1280
9676
16676
21335
23071
21720
17531
11107
3316
-4831
-12303
-18167
-21692
-22436
-20294
-15522
-8715
-749
7315
14367
19391
21614
20635
16499
9718
1216
-7793
-15984
-22118
-25243
-24846
-20941
-14071
-5225
4317
13185
20136
24233
24981
22385
16923
9452
1064
-7079
-13917
-18615
-20664
-19908
-16541
-11055
-4160
3299
10441
16433
20571
22346
21500
18059
12350
4978
-3219
-11256
-18121
-22898
-24907
-23810
-19683
-13021
-4692
4186
12397
18810
22546
23111
20461
15010
7549
-873
-9116
-16108
-20992
-23227
-22631
-19380
-13947
-7025
575
8021
14540
19489
22393
22979
21192
17198
11380
4318
-3252
-10500
-16581
-20738
-22403
-21287
-17441
-11278
-3530
4831
12726
19119
23164
24330
22475
17858
11093
3053
-5263
-12871
-18928
-22826
-24245
-23158
-19803
-14624
-8203
-1193
5740
11965
16925
20162
21356
20348
17173
12078
5526
-1827
-9185
-15695
-20553
-23111
-22980
-20099
-14756
-7561
632
8844
16108
21593
24718
25209
23119
18786
12774
5772
-1491
-8328
-14156
-18525
-21131
-21815
-20554
-17456
-12759
-6829
-157
6661
12962
18074
21393
22467
21073
17269
11407
4108
-3815
-11459
-17953
-22575
-24845
-24580
-21894
-17166
-10967
-3970
3141
9741
15316
19489
22014
22770
21741
19008
14749
9242
2876
-3856
-10372
-16048
-20279
-22562
-22571
-20219
-15695
-9452
-2160
5382
12349
18005
21791
23390
22743
20034
15633
10027
3752
-2675
-8791
-14203
-18591
-21694
-23307
-23278
-21529
-18082
-13090
-6866
124
7279
13920
19371
23050
24552
23716
20646
15704
9452
2566
-4252
-10371
-15295
-18702
-20448
-20539
-19094
-16300
-12377
-7562
-2112
3683
9486
14901
19489
22805
24451
24142
21768
17438
11484
4439
-3027
-10196
-16398
-21097
-23949
-24833
-23833
-21195
-17269
-12441
-7082
-1521
3964
9127
13732
17535
20273
21685
21548
19726
16225
11226
5098
-1631
-8328
-14339
-19077
-22108
-23198
-22340
-19731
-15719
-10741
-5241
379
5798
10778
15145
18756
21466
23111
23512
22505
19986
15959
10586
4196
-2727
-9595
-15790
-20750
-24052
-25465
-24976
-22770
-19180
-14624
-9523
-4248
917
5776
10197
14077
17297
19700
21088
21249
20007
17276
13115
7755
1596
-4831
-10938
-16157
-20031
-22272
-22793
-21697
-19237
-15748
-11578
-7027
-2319
2403
7049
11537
15747
19489
22499
24467
25085
24121
21478
17245
11701
5294
-1425
-7882
-13568
-18106
-21295
-23105
-23647
-23111
-21701
-19579
-16838
-13498
-9548
-4992
89
5505
10937
15966
20131
23004
24269
23789
21632
18059
13479
8369
3188
-1692
-6031
-9732
-12810
-15333
-17361
-18889
-19825
-19992
-19174
-17181
-13920
-9452
-4016
1983
8031
13586
18168
21437
23239
23614
22759
20961
18517
15660
12521
9114
5374
1216
-3394
-8381
-13521
-18461
-22755
-25952
-27680
-27728
-26088
-22961
-18716
-13812
-8707
-3772
764
4831
8490
11867
15078
18157
21005
23396
25007
25498
24600
22191
18354
13373
7699
1865
-3613
-8328
-12050
-14744
-16547
-17693
-18431
-18934
-19241
-19243
-18710
-17367
-14982
-11457
-6883
-1553
4073
9452
14062
17506
19582
20313
19919
18745
17163
15467
13805
12147
10313
8037
5073
1287
-3267
-8328
-13456
-18116
-21785
-24065
-24768
-23951
-21896
-19028
-15815
-12647
-9751
-7146
-4666
-2023
1077
4831
9250
14115
19011
23395
26721
28561
28704
27204
24367
20675
16664
12802
9378
6445
3833
1216
-1772
-5409
-9781
-14721
-19828
-24540
-28256
-30482
-30944
-29657
-26921
-23245
-19226
-15398
-12111
-9452
-7239
-5094
-2565
728
4965
10045
15584
20986
25578
28767
30179
29755
27760
24720
21282
18059
15470
13644
12393
11282
9753
7294
3603
-1312
-7104
-13150
-18690
-23005
-25590
-26278
-25276
-23111
-20490
-18120
-16519
-15885
-16045
-16506
-16589
-15621
-13129
-8982
-3453
2828
9013
14239
17836
19489
19316
17833
15814
14091
13329
13846
15527
17844
19995
21112
20496
17815
13207
7266
912
-4831
-9088
-11343
-11577
-10263
-8243
-6510
-5936
-7044
-9852
-13860
-18163
-21681
-23433
-22803
-19704
-14624
-8515
-2563
2101
4690
4961
3277
517
-2150
-3571
-2915
95
5096
11155
16996
21313
23111
21957
18111
12473
6364
1202
-1858
-2218
0
3978
8403
11804
12923
11061
6263
-661
-8328
-15110
-19547
-20709
-18446
-13439
-7038
-933
3268
4451
2288
-2670
-9109
-15281
-19436
-20270
0
0
0
0
0
0
0
0
0
0
0
0
0
0
0
0
0
0
0
0
0
0
0
0
0
0
0
0
0
0
0
0
0
0
0
0
0
0
0
0
0
0
0
0
0
0
0
0
0
0
0
0
0
0
0
0
0
0
0
0
0
0
0
0
0
0
0
0
0
0
0
0
0
0
0
0
0
0
0
0
0
0
0
0
0
0
0
0
0
0
0
0
0
0
0
0
0
0
0
0
0
0
0
0
0
0
0
0
0
0
0
0
0
0
0
0
0
0
0
0
0
0
0
0
0
0
0
0
0
0
0
0
0
0
0
0
0
0
0
0
0
0
0
0
0
0
0
0
0
0
0
0
0
0
0
0
0
0
0
0
0
0
0
0
0
0
0
0
0
0
0
0
0
0
0
0
0
0
0
0
0
0
0
0
0
0
0
0
0
0
0
0
0
0
0
0
0
0
0
0
0
0
0
0
0
0
0
0
0
0
0
0
0
0
0
0
0
0
0
0
0
0
0
0
0
0
0
0
0
0
0
0
0
0
0
0
0
0
0
0
0
0
0
0
0
0
0
0
0
0
0
0
0
0
0
0
0
0
0
0
0
0
0
0
0
0
0
0
0
0
0
0
0
0
0
0
0
0
0
0
0
0
0
0
0
0
0
0
0
0
0
0
0
0
0
0
0
0
0
0
0
0
0
0
0
0
0
0
0
0
0
0
0
0
0
0
0
0
0
0
0
0
0
0
0
0
0
0
0
0
0
0
0
0
0
0
0
0
0
0
0
0
0
0
0
0
0
0
0
0
0
0
0
0
0
0
0
0
0
0
0
0
0
0
0
0
0
0
0
0
0
0
0
0
0
0
0
0
0
0
0
0
0
0
0
0
0
0
0
0
0
0
0
0
0
0
0
0
0
0
0
0
0
0
0
0
0
0
0
0
0
0
0
0
0
0
0
0
0
0
0
0
0
0
0
0
0
0
0
0
0
0
0
0
0
0
0
0
0
0
0
0
0
0
0
0
0
0
0
0
0
0
0
0
0
0
0
0
0
0
0
0
0
0
0
0
0
0
0
0
0
0
0
0
0
0
0
0
0
0
0
0
0
0
0
0
0
0
0
0
0
0
0
0
0
0
0
0
0
0
0
0
0
0
0
0
0
0
0
0
0
0
0
0
0
0
0
0
0
0
0
0
0
0
0
0
0
0
0
0
0
0
0
0
0
0
0
0
0
0
0
0
0
0
0
0
0
0
0
0
0
0
0
0
0
0
0
0
0
0
0
0
0
0
0
0
0
0
0
0
0
0
0
0
0
0
0
0
0
0
0
0
0
0
0
0
0
0
0
0
0
0
0
0
0
0
0
0
0
0
0
0
0
0
0
0
0
0
0
0
0
0
0
0
0
0
0
0
0
0
0
0
0
0
0
0
0
0
0
0
0
0
0
0
0
0
0
0
0
0
0
0
0
0
0
0
0
0
0
0
0
0
0
0
0
0
0
0
0
0
0
0
0
0
0
0
0
0
0
0
0
0
0
0
0
0
0
0
0
0
0
0
0
0
0
0
0
0
0
0
0
0
0
0
0
0
0
0
0
0
0
0
0
0
0
0
0
0
0
0
0
0
0
0
0
0
0
0
0
0
0
0
0
0
0
0
0
0
0
0
0
0
0
0
0
0
0
0
0
0
0
0
0
0
0
0
0
0
0
0
0
0
0
0
0
0
0
0
0
0
0
0
0
0
0
0
0
0
0
0
0
0
0
0
0
0
0
0
0
0
0
0
0
0
0
0
0
0
0
0
0
0
0
0
0
0
0
0
0
0
0
0
0
0
0
0
0
0
0
0
0
0
0
0
0
0
0
0
0
0
0
0
0
0
0
0
0
0
0
0
0
0
0
0
0
0
0
0
0
0
0
0
0
0
0
0
0
0
0
0
0
0
0
0
0
0
0
0
0
0
0
0
0
0
0
0
0
0
0
0
0
0
0
0
0
0
0
0
0
0
0
0
0
0
0
0
0
0
0
0
0
0
0
0
0
0
0
0
0
0
0
0
0
0
0
0
0
0
0
0
0
0
0
0
0
0
0
0
0
0
0
0
0
0
0
0
0
0
0
0
0
0
0
0
0
0
0
0
0
0
0
0
0
0
0
0
0
0
0
0
0
0
0
0
0
0
0
0
0
0
0
9576
18094
24638
28551
29520
27611
23249
17150
10213
3385
-2471
-6703
-8950
-9189
-7722
-5118
-2112
513
2067
2054
271
-3166
-7824
-13018
-17908
-21629
-23427
-22771
-19452
-13621
-5784
3256
12509
20916
27504
31511
32490
30372
25469
18428
10141
1623
-6136
-12302
-16304
-17904
-17221
-14691
-10995
-6941
-3334
-849
72
-702
-2988
-6302
-9950
-13130
-15066
-15135
-12976
-8553
-2180
5510
13651
21251
27334
31080
31935
29701
24561
17066
8055
-1452
-10393
-17803
-22944
-25396
-25105
-22379
-17825
-12260
-6576
-1612
1976
3805
3811
2259
-315
-3196
-5606
-6838
-6373
-3972
275
5951
12364
18643
23865
27185
27970
25898
21009
13716
4755
-4905
-14196
-22086
-27721
-30535
-30321
-27255
-21862
-14937
-7426
-290
5627
9718
11688
11584
9774
6877
3657
896
-734
-789
885
4118
8431
13116
17338
20268
21211
19720
15677
9325
1248
-7703
-16517
-24161
-29715
-32506
-32197
-28835
-22839
-14948
-6117
2616
10275
16068
19494
20402
18996
15789
11519
7020
3102
414
-647
0
2115
5181
8482
11223
12664
12240
9660
4968
-1452
-8921
-16545
-23346
-28395
-30951
-30562
-27140
-20983
-12733
-3298
6269
14914
21715
26008
27468
26145
22439
17043
10824
4698
-505
-4166
-5952
-5864
-4222
-1605
1247
3563
4665
4082
1636
-2518
-7916
-13836
-19405
-23730
-26029
-25756
-22687
-16968
-9101
104
9648
18461
25553
30143
31762
30317
26095
19717
12049
4075
-3236
-9075
-12887
-14448
-13881
-11623
-8343
-4831
-1870
-102
67
-1460
-4460
-8417
-12602
-16194
-18398
-18582
-16383
-11770
-5072
3063
11745
19958
26701
31125
32653
31059
26505
19516
10914
1702
-7069
-14448
-19699
-22401
-22494
-20272
-16326
-11444
-6490
-2268
600
1767
1205
-796
-3677
-6707
-9101
-10156
-9361
-6498
-1681
4645
11756
18749
24669
28643
30012
28430
23923
16889
8059
-1605
-11034
-19190
-25210
-28514
-28881
-26463
-21761
-15542
-8722
-2230
3120
6750
8389
8102
6269
3513
592
-1725
-2792
-2186
210
4190
9239
14616
19454
22895
24226
22986
19052
12664
4411
-4843
-14076
-22232
-28376
-31809
-32171
-29483
-24141
-16856
-8558
-261
7076
12682
16068
17087
15942
13140
9399
5536
2326
388
79
1446
4214
7830
11554
14574
16137
15677
12908
7885
1010
-7009
-15259
-22730
-28467
-31700
-31951
-29110
-23451
-15600
-6448
2962
11584
18500
23044
24885
24057
20949
16224
10723
5330
840
-2159
-3373
-2828
-870
1906
4755
6904
7683
6640
3622
-1190
-7296
-13942
-20221
-25210
-28100
-28320
-25631
-20164
-12418
-3196
6496
15585
23069
28153
30352
29549
26009
20325
13336
5996
-757
-6138
-9618
-10991
-10393
-8264
-5270
-2191
213
1325
773
-1505
-5251
-9910
-14724
-18837
-21438
-21879
-19788
-15135
-8254
195
9307
18045
25387
30459
32658
31736
27827
21434
13352
4566
-3895
-11092
-16304
-19114
-19462
-17634
-14206
-9947
-5692
-2213
-95
349
-871
-3431
-6748
-10069
-12596
-13621
-12640
-9445
-4169
2718
10467
18143
24761
29419
31433
30430
26415
19771
11213
1693
-7722
-16001
-22276
-25961
-26819
-24990
-20948
-15435
-9336
-3550
1144
4203
5380
4768
2764
0
-2764
-4768
-5380
-4203
-1144
3550
9336
15435
20948
24990
26819
25961
22276
16001
7722
-1693
-11213
-19771
-26415
-30430
-31433
-29419
-24761
-18143
-10467
-2718
4169
9445
12640
13621
12596
10069
6748
3431
871
-349
95
2213
5692
9947
14206
17634
19462
19114
16304
11092
3895
-4566
-13352
-21434
-27827
-31736
-32658
-30459
-25387
-18045
-9307
-195
8254
15135
19788
21879
21438
18837
14724
9910
5251
1505
-773
-1325
-213
2191
5270
8264
10393
10991
9618
6138
757
-5996
-13336
-20325
-26009
-29549
-30352
-28153
-23069
-15585
-6496
3196
12418
20164
25631
28320
28100
25210
20221
13942
7296
1190
-3622
-6640
-7683
-6904
-4755
-1906
870
2828
3373
2159
-840
-5330
-10723
-16224
-20949
-24057
-24885
-23044
-18500
-11584
-2962
6448
15600
23451
29110
31951
31700
28467
22730
15259
7009
-1010
-7885
-12908
-15677
-16137
-14574
-11554
-7830
-4214
-1446
-79
-388
-2326
-5536
-9399
-13140
-15942
-17087
-16068
-12682
-7076
261
8558
16856
24141
29483
32171
31809
28376
22232
14076
4843
-4411
-12664
-19052
-22986
-24226
-22895
-19454
-14616
-9239
-4190
-210
2186
2792
1725
-592
-3513
-6269
-8102
-8389
-6750
-3120
2230
8722
15542
21761
26463
28881
28514
25210
19190
11034
1605
-8059
-16889
-23923
-28430
-30012
-28643
-24669
-18749
-11756
-4645
1681
6498
9361
10156
9101
6707
3677
796
-1205
-1767
-600
2268
6490
11444
16326
20272
22494
22401
19699
14448
7069
-1702
-10914
-19516
-26505
-31059
-32653
-31125
-26701
-19958
-11745
-3063
5072
11770
16383
18582
18398
16194
12602
8417
4460
1460
-67
102
1870
4831
8343
11623
13881
14448
12887
9075
3236
-4075
-12049
-19717
-26095
-30317
-31762
-30143
-25553
-18461
-9648
-104
9101
16968
22687
25756
26029
23730
19405
13836
7916
2518
-1636
-4082
-4665
-3563
-1247
1605
4222
5864
5952
4166
505
-4698
-10824
-17043
-22439
-26145
-27468
-26008
-21715
-14914
-6269
3298
12733
20983
27140
30562
30951
28395
23346
16545
8921
1452
-4968
-9660
-12240
-12664
-11223
-8482
-5181
-2115
0
647
-414
-3102
-7020
-11519
-15789
-18996
-20402
-19494
-16068
-10275
-2616
6117
14948
22839
28835
32197
32506
29715
24161
16517
7703
-1248
-9325
-15677
-19720
-21211
-20268
-17338
-13116
-8431
-4118
-885
789
734
-896
-3657
-6877
-9774
-11584
-11688
-9718
-5627
290
7426
14937
21862
27255
30321
30535
27721
22086
14196
4905
-4755
-13716
-21009
-25898
-27970
-27185
-23865
-18643
-12364
-5951
-275
3972
6373
6838
5606
3196
315
-2259
-3811
-3805
-1976
1612
6576
12260
17825
22379
25105
25396
22944
17803
10393
1452
-8055
-17066
-24561
-29701
-31935
-31080
-27334
-21251
-13651
-5510
2180
8553
12976
15135
15066
13130
9950
6302
2988
702
-72
849
3334
6941
10995
14691
17221
17904
16304
12302
6136
-1623
-10141
-18428
-25469
-30372
-32490
-31511
-27504
-20916
-12509
-3256
5784
13621
19452
22771
23427
21629
17908
13018
7824
3166
-271
-2054
-2067
-513
2112
5118
7722
9189
8950
6703
2471
-3385
-10213
-17150
-23249
-27611
-29520
-28551
-24638
-18094
-9576
0
9576
18094
24638
28551
29520
27611
23249
17150
10213
3385
-2471
-6703
-8950
-9189
-7722
-5118
-2112
513
2067
2054
271
-3166
-7824
-13018
-17908
-21629
-23427
-22771
-19452
-13621
-5784
3256
12509
20916
27504
31511
32490
30372
25469
18428
10141
1623
-6136
-12302
-16304
-17904
-17221
-14691
-10995
-6941
-3334
-849
72
-702
-2988
-6302
-9950
-13130
-15066
-15135
-12976
-8553
-2180
5510
13651
21251
27334
31080
31935
29701
24561
17066
8055
-1452
-10393
-17803
-22944
-25396
-25105
-22379
-17825
-12260
-6576
-1612
1976
3805
3811
2259
-315
-3196
-5606
-6838
-6373
-3972
275
5951
12364
18643
23865
27185
27970
25898
21009
13716
4755
-4905
-14196
-22086
-27721
-30535
-30321
-27255
-21862
-14937
-7426
-290
5627
9718
11688
11584
9774
6877
3657
896
-734
-789
885
4118
8431
13116
17338
20268
21211
19720
15677
9325
1248
-7703
-16517
-24161
-29715
-32506
-32197
-28835
-22839
-14948
-6117
2616
10275
16068
19494
20402
18996
15789
11519
7020
3102
414
-647
0
2115
5181
8482
11223
12664
12240
9660
4968
-1452
-8921
-16545
-23346
-28395
-30951
-30562
-27140
-20983
-12733
-3298
6269
14914
21715
26008
27468
26145
22439
17043
10824
4698
-505
-4166
-5952
-5864
-4222
-1605
1247
3563
4665
4082
1636
-2518
-7916
-13836
-19405
-23730
-26029
-25756
-22687
-16968
-9101
104
9648
18461
25553
30143
31762
30317
26095
19717
12049
4075
-3236
-9075
-12887
-14448
-13881
-11623
-8343
-4831
-1870
-102
67
-1460
-4460
-8417
-12602
-16194
-18398
-18582
-16383
-11770
-5072
3063
11745
19958
26701
31125
32653
31059
26505
19516
10914
1702
-7069
-14448
-19699
-22401
-22494
-20272
-16326
-11444
-6490
-2268
600
1767
1205
-796
-3677
-6707
-9101
-10156
-9361
-6498
-1681
4645
11756
18749
24669
28643
30012
28430
23923
16889
8059
-1605
-11034
-19190
-25210
-28514
-28881
-26463
-21761
-15542
-8722
-2230
3120
6750
8389
8102
6269
3513
592
-1725
-2792
-2186
210
4190
9239
14616
19454
22895
24226
22986
19052
12664
4411
-4843
-14076
-22232
-28376
-31809
-32171
-29483
-24141
-16856
-8558
-261
7076
12682
16068
17087
15942
13140
9399
5536
2326
388
79
1446
4214
7830
11554
14574
16137
15677
12908
7885
1010
-7009
-15259
-22730
-28467
-31700
-31951
-29110
-23451
-15600
-6448
2962
11584
18500
23044
24885
24057
20949
16224
10723
5330
840
-2159
-3373
-2828
-870
1906
4755
6904
7683
6640
3622
-1190
-7296
-13942
-20221
-25210
-28100
-28320
-25631
-20164
-12418
-3196
6496
15585
23069
28153
30352
29549
26009
20325
13336
5996
-757
-6138
-9618
-10991
-10393
-8264
-5270
-2191
213
1325
773
-1505
-5251
-9910
-14724
-18837
-21438
-21879
-19788
-15135
-8254
195
9307
18045
25387
30459
32658
31736
27827
21434
13352
4566
-3895
-11092
-16304
-19114
-19462
-17634
-14206
-9947
-5692
-2213
-95
349
-871
-3431
-6748
-10069
-12596
-13621
-12640
-9445
-4169
2718
10467
18143
24761
29419
31433
30430
26415
19771
11213
1693
-7722
-16001
-22276
-25961
-26819
-24990
-20948
-15435
-9336
-3550
1144
4203
5380
4768
2764
0
-2764
-4768
-5380
-4203
-1144
3550
9336
15435
20948
24990
26819
25961
22276
16001
7722
-1693
-11213
-19771
-26415
-30430
-31433
-29419
-24761
-18143
-10467
-2718
4169
9445
12640
13621
12596
10069
6748
3431
871
-349
95
2213
5692
9947
14206
17634
19462
19114
16304
11092
3895
-4566
-13352
-21434
-27827
-31736
-32658
-30459
-25387
-18045
-9307
-195
8254
15135
19788
21879
21438
18837
14724
9910
5251
1505
-773
-1325
-213
2191
5270
8264
10393
10991
9618
6138
757
-5996
-13336
-20325
-26009
-29549
-30352
-28153
-23069
-15585
-6496
3196
12418
20164
25631
28320
28100
25210
20221
13942
7296
1190
-3622
-6640
-7683
-6904
-4755
-1906
870
2828
3373
2159
-840
-5330
-10723
-16224
-20949
-24057
-24885
-23044
-18500
-11584
-2962
6448
15600
23451
29110
31951
31700
28467
22730
15259
7009
-1010
-7885
-12908
-15677
-16137
-14574
-11554
-7830
-4214
-1446
-79
-388
-2326
-5536
-9399
-13140
-15942
-17087
-16068
-12682
-7076
261
8558
16856
24141
29483
32171
31809
28376
22232
14076
4843
-4411
-12664
-19052
-22986
-24226
-22895
-19454
-14616
-9239
-4190
-210
2186
2792
1725
-592
-3513
-6269
-8102
-8389
-6750
-3120
2230
8722
15542
21761
26463
28881
28514
25210
19190
11034
1605
-8059
-16889
-23923
-28430
-30012
-28643
-24669
-18749
-11756
-4645
1681
6498
9361
10156
9101
6707
3677
796
-1205
-1767
-600
2268
6490
11444
16326
20272
22494
22401
19699
14448
7069
-1702
-10914
-19516
-26505
-31059
-32653
-31125
-26701
-19958
-11745
-3063
5072
11770
16383
18582
18398
16194
12602
8417
4460
1460
-67
102
1870
4831
8343
11623
13881
14448
12887
9075
3236
-4075
-12049
-19717
-26095
-30317
-31762
-30143
-25553
-18461
-9648
-104
9101
16968
22687
25756
26029
23730
19405
13836
7916
2518
-1636
-4082
-4665
-3563
-1247
1605
4222
5864
5952
4166
505
-4698
-10824
-17043
-22439
-26145
-27468
-26008
-21715
-14914
-6269
3298
12733
20983
27140
30562
30951
28395
23346
16545
8921
1452
-4968
-9660
-12240
-12664
-11223
-8482
-5181
-2115
0
647
-414
-3102
-7020
-11519
-15789
-18996
-20402
-19494
-16068
-10275
-2616
6117
14948
22839
28835
32197
32506
29715
24161
16517
7703
-1248
-9325
-15677
-19720
-21211
-20268
-17338
-13116
-8431
-4118
-885
789
734
-896
-3657
-6877
-9774
-11584
-11688
-9718
-5627
290
7426
14937
21862
27255
30321
30535
27721
22086
14196
4905
-4755
-13716
-21009
-25898
-27970
-27185
-23865
-18643
-12364
-5951
-275
3972
6373
6838
5606
3196
315
-2259
-3811
-3805
-1976
1612
6576
12260
17825
22379
25105
25396
22944
17803
10393
1452
-8055
-17066
-24561
-29701
-31935
-31080
-27334
-21251
-13651
-5510
2180
8553
12976
15135
15066
13130
9950
6302
2988
702
-72
849
3334
6941
10995
14691
17221
17904
16304
12302
6136
-1623
-10141
-18428
-25469
-30372
-32490
-31511
-27504
-20916
-12509
-3256
5784
13621
19452
22771
23427
21629
17908
13018
7824
3166
-271
-2054
-2067
-513
2112
5118
7722
9189
8950
6703
2471
-3385
-10213
-17150
-23249
-27611
-29520
-28551
-24638
-18094
-9576
0
9576
18094
24638
28551
29520
27611
23249
17150
10213
3385
-2471
-6703
-8950
-9189
-7722
-5118
-2112
513
2067
2054
271
-3166
-7824
-13018
-17908
-21629
-23427
-22771
-19452
-13621
-5784
3256
12509
20916
27504
31511
32490
30372
25469
18428
10141
1623
-6136
-12302
-16304
-17904
-17221
-14691
-10995
-6941
-3334
-849
72
-702
-2988
-6302
-9950
-13130
-15066
-15135
-12976
-8553
-2180
5510
13651
21251
27334
31080
31935
29701
24561
17066
8055
-1452
-10393
-17803
-22944
-25396
-25105
-22379
-17825
-12260
-6576
-1612
1976
3805
3811
2259
-315
-3196
-5606
-6838
-6373
-3972
275
5951
12364
18643
23865
27185
27970
25898
21009
13716
4755
-4905
-14196
-22086
-27721
-30535
-30321
-27255
-21862
-14937
-7426
-290
5627
9718
11688
11584
9774
6877
3657
896
-734
-789
885
4118
8431
13116
17338
20268
21211
19720
15677
9325
1248
-7703
-16517
-24161
-29715
-32506
-32197
-28835
-22839
-14948
-6117
2616
10275
16068
19494
20402
18996
15789
11519
7020
3102
414
-647
0
2115
5181
8482
11223
12664
12240
9660
4968
-1452
-8921
-16545
-23346
-28395
-30951
-30562
-27140
-20983
-12733
-3298
6269
14914
21715
26008
27468
26145
22439
17043
10824
4698
-505
-4166
-5952
-5864
-4222
-1605
1247
3563
4665
4082
1636
-2518
-7916
-13836
-19405
-23730
-26029
-25756
-22687
-16968
-9101
104
9648
18461
25553
30143
31762
30317
26095
19717
12049
4075
-3236
-9075
-12887
-14448
-13881
-11623
-8343
-4831
-1870
-102
67
-1460
-4460
-8417
-12602
-16194
-18398
-18582
-16383
-11770
-5072
3063
11745
19958
26701
31125
32653
31059
26505
19516
10914
1702
-7069
-14448
-19699
-22401
-22494
-20272
-16326
-11444
-6490
-2268
600
1767
1205
-796
-3677
-6707
-9101
-10156
-9361
-6498
-1681
4645
11756
18749
24669
28643
30012
28430
23923
16889
8059
-1605
-11034
-19190
-25210
-28514
-28881
-26463
-21761
-15542
-8722
-2230
3120
6750
8389
8102
6269
3513
592
-1725
-2792
-2186
210
4190
9239
14616
19454
22895
24226
22986
19052
12664
4411
-4843
-14076
-22232
-28376
-31809
-32171
-29483
-24141
-16856
-8558
-261
7076
12682
16068
17087
15942
13140
9399
5536
2326
388
79
1446
4214
7830
11554
14574
16137
15677
12908
7885
1010
-7009
-15259
-22730
-28467
-31700
-31951
-29110
-23451
-15600
-6448
2962
11584
18500
23044
24885
24057
20949
16224
10723
5330
840
-2159
-3373
-2828
-870
1906
4755
6904
7683
6640
3622
-1190
-7296
-13942
-20221
-25210
-28100
-28320
-25631
-20164
-12418
-3196
6496
15585
23069
28153
30352
29549
26009
20325
13336
5996
-757
-6138
-9618
-10991
-10393
-8264
-5270
-2191
213
1325
773
-1505
-5251
-9910
-14724
-18837
-21438
-21879
-19788
-15135
-8254
195
9307
18045
25387
30459
32658
31736
27827
21434
13352
4566
-3895
-11092
-16304
-19114
-19462
-17634
-14206
-9947
-5692
-2213
-95
349
-871
-3431
-6748
-10069
-12596
-13621
-12640
-9445
-4169
2718
10467
18143
24761
29419
31433
30430
26415
19771
11213
1693
-7722
-16001
-22276
-25961
-26819
-24990
-20948
-15435
-9336
-3550
1144
4203
5380
4768
2764
0
-2764
-4768
-5380
-4203
-1144
3550
9336
15435
20948
24990
26819
25961
22276
16001
7722
-1693
-11213
-19771
-26415
-30430
-31433
-29419
-24761
-18143
-10467
-2718
4169
9445
12640
13621
12596
10069
6748
3431
871
-349
95
2213
5692
9947
14206
17634
19462
19114
16304
11092
3895
-4566
-13352
-21434
-27827
-31736
-32658
-30459
-25387
-18045
-9307
-195
8254
15135
19788
21879
21438
18837
14724
9910
5251
1505
-773
-1325
-213
2191
5270
8264
10393
10991
9618
6138
757
-5996
-13336
-20325
-26009
-29549
-30352
-28153
-23069
-15585
-6496
3196
12418
20164
25631
28320
28100
25210
20221
13942
7296
1190
-3622
-6640
-7683
-6904
-4755
-1906
870
2828
3373
2159
-840
-5330
-10723
-16224
-20949
-24057
-24885
-23044
-18500
-11584
-2962
6448
15600
23451
29110
31951
31700
28467
22730
15259
7009
-1010
-7885
-12908
-15677
-16137
-14574
-11554
-7830
-4214
-1446
-79
-388
-2326
-5536
-9399
-13140
-15942
-17087
-16068
-12682
-7076
261
8558
16856
24141
29483
32171
31809
28376
22232
14076
4843
-4411
-12664
-19052
-22986
-24226
-22895
-19454
-14616
-9239
-4190
-210
2186
2792
1725
-592
-3513
-6269
-8102
-8389
-6750
-3120
2230
8722
15542
21761
26463
28881
28514
25210
19190
11034
1605
-8059
-16889
-23923
-28430
-30012
-28643
-24669
-18749
-11756
-4645
1681
6498
9361
10156
9101
6707
3677
796
-1205
-1767
-600
2268
6490
11444
16326
20272
22494
22401
19699
14448
7069
-1702
-10914
-19516
-26505
-31059
-32653
-31125
-26701
-19958
-11745
-3063
5072
11770
16383
18582
18398
16194
12602
8417
4460
1460
-67
102
1870
4831
8343
11623
13881
14448
12887
9075
3236
-4075
-12049
-19717
-26095
-30317
-31762
-30143
-25553
-18461
-9648
-104
9101
16968
22687
25756
26029
23730
19405
13836
7916
2518
-1636
-4082
-4665
-3563
-1247
1605
4222
5864
5952
4166
505
-4698
-10824
-17043
-22439
-26145
-27468
-26008
-21715
-14914
-6269
3298
12733
20983
27140
30562
30951
28395
23346
16545
8921
1452
-4968
-9660
-12240
-12664
-11223
-8482
-5181
-2115
0
647
-414
-3102
-7020
-11519
-15789
-18996
-20402
-19494
-16068
-10275
-2616
6117
14948
22839
28835
32197
32506
29715
24161
16517
7703
-1248
-9325
-15677
-19720
-21211
-20268
-17338
-13116
-8431
-4118
-885
789
734
-896
-3657
-6877
-9774
-11584
-11688
-9718
-5627
290
7426
14937
21862
27255
30321
30535
27721
22086
14196
4905
-4755
-13716
-21009
-25898
-27970
-27185
-23865
-18643
-12364
-5951
-275
3972
6373
6838
5606
3196
315
-2259
-3811
-3805
-1976
1612
6576
12260
17825
22379
25105
25396
22944
17803
10393
1452
-8055
-17066
-24561
-29701
-31935
-31080
-27334
-21251
-13651
-5510
2180
8553
12976
15135
15066
13130
9950
6302
2988
702
-72
849
3334
6941
10995
14691
17221
17904
16304
12302
6136
-1623
-10141
-18428
-25469
-30372
-32490
-31511
-27504
-20916
-12509
-3256
5784
13621
19452
22771
23427
21629
17908
13018
7824
3166
-271
-2054
-2067
-513
2112
5118
7722
9189
8950
6703
2471
-3385
-10213
-17150
-23249
-27611
-29520
-28551
-24638
-18094
-9576
0
9576
18094
24638
28551
29520
27611
23249
17150
10213
3385
-2471
-6703
-8950
-9189
-7722
-5118
-2112
513
2067
2054
271
-3166
-7824
-13018
-17908
-21629
-23427
-22771
-19452
-13621
-5784
3256
12509
20916
27504
31511
32490
30372
25469
18428
10141
1623
-6136
-12302
-16304
-17904
-17221
-14691
-10995
-6941
-3334
-849
72
-702
-2988
-6302
-9950
-13130
-15066
-15135
-12976
-8553
-2180
5510
13651
21251
27334
31080
31935
29701
24561
17066
8055
-1452
-10393
-17803
-22944
-25396
-25105
-22379
-17825
-12260
-6576
-1612
1976
3805
3811
2259
-315
-3196
-5606
-6838
-6373
-3972
275
5951
12364
18643
23865
27185
27970
25898
21009
13716
4755
-4905
-14196
-22086
-27721
-30535
-30321
-27255
-21862
-14937
-7426
-290
5627
9718
11688
11584
9774
6877
3657
896
-734
-789
885
4118
8431
13116
17338
20268
21211
19720
15677
9325
1248
-7703
-16517
-24161
-29715
-32506
-32197
-28835
-22839
-14948
-6117
2616
10275
16068
19494
20402
18996
15789
11519
7020
3102
414
-647
0
2115
5181
8482
11223
12664
12240
9660
4968
-1452
-8921
-16545
-23346
-28395
-30951
-30562
-27140
-20983
-12733
-3298
6269
14914
21715
26008
27468
26145
22439
17043
10824
4698
-505
-4166
-5952
-5864
-4222
-1605
1247
3563
4665
4082
1636
-2518
-7916
-13836
-19405
-23730
-26029
-25756
-22687
-16968
-9101
104
9648
18461
25553
30143
31762
30317
26095
19717
12049
4075
-3236
-9075
-12887
-14448
-13881
-11623
-8343
-4831
-1870
-102
67
-1460
-4460
-8417
-12602
-16194
-18398
-18582
-16383
-11770
-5072
3063
11745
19958
26701
31125
32653
31059
26505
19516
10914
1702
-7069
-14448
-19699
-22401
-22494
-20272
-16326
-11444
-6490
-2268
600
1767
1205
-796
-3677
-6707
-9101
-10156
-9361
-6498
-1681
4645
11756
18749
24669
28643
30012
28430
23923
16889
8059
-1605
-11034
-19190
-25210
-28514
-28881
-26463
-21761
-15542
-8722
-2230
3120
6750
8389
8102
6269
3513
592
-1725
-2792
-2186
210
4190
9239
14616
19454
22895
24226
22986
19052
12664
4411
-4843
-14076
-22232
-28376
-31809
-32171
-29483
-24141
-16856
-8558
-261
7076
12682
16068
17087
15942
13140
9399
5536
2326
388
79
1446
4214
7830
11554
14574
16137
15677
12908
7885
1010
-7009
-15259
-22730
-28467
-31700
-31951
-29110
-23451
-15600
-6448
2962
11584
18500
23044
24885
24057
20949
16224
10723
5330
840
-2159
-3373
-2828
-870
1906
4755
6904
7683
6640
3622
-1190
-7296
-13942
-20221
-25210
-28100
-28320
-25631
-20164
-12418
-3196
6496
15585
23069
28153
30352
29549
26009
20325
13336
5996
-757
-6138
-9618
-10991
-10393
-8264
-5270
-2191
213
1325
773
-1505
-5251
-9910
-14724
-18837
-21438
-21879
-19788
-15135
-8254
195
9307
18045
25387
30459
32658
31736
27827
21434
13352
4566
-3895
-11092
-16304
-19114
-19462
-17634
-14206
-9947
-5692
-2213
-95
349
-871
-3431
-6748
-10069
-12596
-13621
-12640
-9445
-4169
2718
10467
18143
24761
29419
31433
30430
26415
19771
11213
1693
-7722
-16001
-22276
-25961
-26819
-24990
-20948
-15435
-9336
-3550
1144
4203
5380
4768
2764
0
-2764
-4768
-5380
-4203
-1144
3550
9336
15435
20948
24990
26819
25961
22276
16001
7722
-1693
-11213
-19771
-26415
-30430
-31433
-29419
-24761
-18143
-10467
-2718
4169
9445
12640
13621
12596
10069
6748
3431
871
-349
95
2213
5692
9947
14206
17634
19462
19114
16304
11092
3895
-4566
-13352
-21434
-27827
-31736
-32658
-30459
-25387
-18045
-9307
-195
8254
15135
19788
21879
21438
18837
14724
9910
5251
1505
-773
-1325
-213
2191
5270
8264
10393
10991
9618
6138
757
-5996
-13336
-20325
-26009
-29549
-30352
-28153
-23069
-15585
-6496
3196
12418
20164
25631
28320
28100
25210
20221
13942
7296
1190
-3622
-6640
-7683
-6904
-4755
-1906
870
2828
3373
2159
-840
-5330
-10723
-16224
-20949
-24057
-24885
-23044
-18500
-11584
-2962
6448
15600
23451
29110
31951
31700
28467
22730
15259
7009
-1010
-7885
-12908
-15677
-16137
-14574
-11554
-7830
-4214
-1446
-79
-388
-2326
-5536
-9399
-13140
-15942
-17087
-16068
-12682
-7076
261
8558
16856
24141
29483
32171
31809
28376
22232
14076
4843
-4411
-12664
-19052
-22986
-24226
-22895
-19454
-14616
-9239
-4190
-210
2186
2792
1725
-592
-3513
-6269
-8102
-8389
-6750
-3120
2230
8722
15542
21761
26463
28881
28514
25210
19190
11034
1605
-8059
-16889
-23923
-28430
-30012
-28643
-24669
-18749
-11756
-4645
1681
6498
9361
10156
9101
6707
3677
796
-1205
-1767
-600
2268
6490
11444
16326
20272
22494
22401
19699
14448
7069
-1702
-10914
-19516
-26505
-31059
-32653
-31125
-26701
-19958
-11745
-3063
5072
11770
16383
18582
18398
16194
12602
8417
4460
1460
-67
102
1870
4831
8343
11623
13881
14448
12887
9075
3236
-4075
-12049
-19717
-26095
-30317
-31762
-30143
-25553
-18461
-9648
-104
9101
16968
22687
25756
26029
23730
19405
13836
7916
2518
-1636
-4082
-4665
-3563
-1247
1605
4222
5864
5952
4166
505
-4698
-10824
-17043
-22439
-26145
-27468
-26008
-21715
-14914
-6269
3298
12733
20983
27140
30562
30951
28395
23346
16545
8921
1452
-4968
-9660
-12240
-12664
-11223
-8482
-5181
-2115
0
647
-414
-3102
-7020
-11519
-15789
-18996
-20402
-19494
-16068
-10275
-2616
6117
14948
22839
28835
32197
32506
29715
24161
16517
7703
-1248
-9325
-15677
-19720
-21211
-20268
-17338
-13116
-8431
-4118
-885
789
734
-896
-3657
-6877
-9774
-11584
-11688
-9718
-5627
290
7426
14937
21862
27255
30321
30535
27721
22086
14196
4905
-4755
-13716
-21009
-25898
-27970
-27185
-23865
-18643
-12364
-5951
-275
3972
6373
6838
5606
3196
315
-2259
-3811
-3805
-1976
1612
6576
12260
17825
22379
25105
25396
22944
17803
10393
1452
-8055
-17066
-24561
-29701
-31935
-31080
-27334
-21251
-13651
-5510
2180
8553
12976
15135
15066
13130
9950
6302
2988
702
-72
849
3334
6941
10995
14691
17221
17904
16304
12302
6136
-1623
-10141
-18428
-25469
-30372
-32490
-31511
-27504
-20916
-12509
-3256
5784
13621
19452
22771
23427
21629
17908
13018
7824
3166
-271
-2054
-2067
-513
2112
5118
7722
9189
8950
6703
2471
-3385
-10213
-17150
-23249
-27611
-29520
-28551
-24638
-18094
-9576
0
9576
18094
24638
28551
29520
27611
23249
17150
10213
3385
-2471
-6703
-8950
-9189
-7722
-5118
-2112
513
2067
2054
271
-3166
-7824
-13018
-17908
-21629
-23427
-22771
-19452
-13621
-5784
3256
12509
20916
27504
31511
32490
30372
25469
18428
10141
1623
-6136
-12302
-16304
-17904
-17221
-14691
-10995
-6941
-3334
-849
72
-702
-2988
-6302
-9950
-13130
-15066
-15135
-12976
-8553
-2180
5510
13651
21251
27334
31080
31935
29701
24561
17066
8055
-1452
-10393
-17803
-22944
-25396
-25105
-22379
-17825
-12260
-6576
-1612
1976
3805
3811
2259
-315
-3196
-5606
-6838
-6373
-3972
275
5951
12364
18643
23865
27185
27970
25898
21009
13716
4755
-4905
-14196
-22086
-27721
-30535
-30321
-27255
-21862
-14937
-7426
-290
5627
9718
11688
11584
9774
6877
3657
896
-734
-789
885
4118
8431
13116
17338
20268
21211
19720
15677
9325
1248
-7703
-16517
-24161
-29715
-32506
-32197
-28835
-22839
-14948
-6117
2616
10275
16068
19494
20402
18996
15789
11519
7020
3102
414
-647
0
2115
5181
8482
11223
12664
12240
9660
4968
-1452
-8921
-16545
-23346
-28395
-30951
-30562
-27140
-20983
-12733
-3298
6269
14914
21715
26008
27468
26145
22439
17043
10824
4698
-505
-4166
-5952
-5864
-4222
-1605
1247
3563
4665
4082
1636
-2518
-7916
-13836
-19405
-23730
-26029
-25756
-22687
-16968
-9101
104
9648
18461
25553
30143
31762
30317
26095
19717
12049
4075
-3236
-9075
-12887
-14448
-13881
-11623
-8343
-4831
-1870
-102
67
-1460
-4460
-8417
-12602
-16194
-18398
-18582
-16383
-11770
-5072
3063
11745
19958
26701
31125
32653
31059
26505
19516
10914
1702
-7069
-14448
-19699
-22401
-22494
-20272
-16326
-11444
-6490
-2268
600
1767
1205
-796
-3677
-6707
-9101
-10156
-9361
-6498
-1681
4645
11756
18749
24669
28643
30012
28430
23923
16889
8059
-1605
-11034
-19190
-25210
-28514
-28881
-26463
-21761
-15542
-8722
-2230
3120
6750
8389
8102
6269
3513
592
-1725
-2792
-2186
210
4190
9239
14616
19454
22895
24226
22986
19052
12664
4411
-4843
-14076
-22232
-28376
-31809
-32171
-29483
-24141
-16856
-8558
-261
7076
12682
16068
17087
15942
13140
9399
5536
2326
388
79
1446
4214
7830
11554
14574
16137
15677
12908
7885
1010
-7009
-15259
-22730
-28467
-31700
-31951
-29110
-23451
-15600
-6448
2962
11584
18500
23044
24885
24057
20949
16224
10723
5330
840
-2159
-3373
-2828
-870
1906
4755
6904
7683
6640
3622
-1190
-7296
-13942
-20221
-25210
-28100
-28320
-25631
-20164
-12418
-3196
6496
15585
23069
28153
30352
29549
26009
20325
13336
5996
-757
-6138
-9618
-10991
-10393
-8264
-5270
-2191
213
1325
773
-1505
-5251
-9910
-14724
-18837
-21438
-21879
-19788
-15135
-8254
195
9307
18045
25387
30459
32658
31736
27827
21434
13352
4566
-3895
-11092
-16304
-19114
-19462
-17634
-14206
-9947
-5692
-2213
-95
349
-871
-3431
-6748
-10069
-12596
-13621
-12640
-9445
-4169
2718
10467
18143
24761
29419
31433
30430
26415
19771
11213
1693
-7722
-16001
-22276
-25961
-26819
-24990
-20948
-15435
-9336
-3550
1144
4203
5380
4768
2764
0
-2764
-4768
-5380
-4203
-1144
3550
9336
15435
20948
24990
26819
25961
22276
16001
7722
-1693
-11213
-19771
-26415
-30430
-31433
-29419
-24761
-18143
-10467
-2718
4169
9445
12640
13621
12596
10069
6748
3431
871
-349
95
2213
5692
9947
14206
17634
19462
19114
16304
11092
3895
-4566
-13352
-21434
-27827
-31736
-32658
-30459
-25387
-18045
-9307
-195
8254
15135
19788
21879
21438
18837
14724
9910
5251
1505
-773
-1325
-213
2191
5270
8264
10393
10991
9618
6138
757
-5996
-13336
-20325
-26009
-29549
-30352
-28153
-23069
-15585
-6496
3196
12418
20164
25631
28320
28100
25210
20221
13942
7296
1190
-3622
-6640
-7683
-6904
-4755
-1906
870
2828
3373
2159
-840
-5330
-10723
-16224
-20949
-24057
-24885
-23044
-18500
-11584
-2962
6448
15600
23451
29110
31951
31700
28467
22730
15259
7009
-1010
-7885
-12908
-15677
-16137
-14574
-11554
-7830
-4214
-1446
-79
-388
-2326
-5536
-9399
-13140
-15942
-17087
-16068
-12682
-7076
261
8558
16856
24141
29483
32171
31809
28376
22232
14076
4843
-4411
-12664
-19052
-22986
-24226
-22895
-19454
-14616
-9239
-4190
-210
2186
2792
1725
-592
-3513
-6269
-8102
-8389
-6750
-3120
2230
8722
15542
21761
26463
28881
28514
25210
19190
11034
1605
-8059
-16889
-23923
-28430
-30012
-28643
-24669
-18749
-11756
-4645
1681
6498
9361
10156
9101
6707
3677
796
-1205
-1767
-600
2268
6490
11444
16326
20272
22494
22401
19699
14448
7069
-1702
-10914
-19516
-26505
-31059
-32653
-31125
-26701
-19958
-11745
-3063
5072
11770
16383
18582
18398
16194
12602
8417
4460
1460
-67
102
1870
4831
8343
11623
13881
14448
12887
9075
3236
-4075
-12049
-19717
-26095
-30317
-31762
-30143
-25553
-18461
-9648
-104
9101
16968
22687
25756
26029
23730
19405
13836
7916
2518
-1636
-4082
-4665
-3563
-1247
1605
4222
5864
5952
4166
505
-4698
-10824
-17043
-22439
-26145
-27468
-26008
-21715
-14914
-6269
3298
12733
20983
27140
30562
30951
28395
23346
16545
8921
1452
-4968
-9660
-12240
-12664
-11223
-8482
-5181
-2115
0
647
-414
-3102
-7020
-11519
-15789
-18996
-20402
-19494
-16068
-10275
-2616
6117
14948
22839
28835
32197
32506
29715
24161
16517
7703
-1248
-9325
-15677
-19720
-21211
-20268
-17338
-13116
-8431
-4118
-885
789
734
-896
-3657
-6877
-9774
-11584
-11688
-9718
-5627
290
7426
14937
21862
27255
30321
30535
27721
22086
14196
4905
-4755
-13716
-21009
-25898
-27970
-27185
-23865
-18643
-12364
-5951
-275
3972
6373
6838
5606
3196
315
-2259
-3811
-3805
-1976
1612
6576
12260
17825
22379
25105
25396
22944
17803
10393
1452
-8055
-17066
-24561
-29701
-31935
-31080
-27334
-21251
-13651
-5510
2180
8553
12976
15135
15066
13130
9950
6302
2988
702
-72
849
3334
6941
10995
14691
17221
17904
16304
12302
6136
-1623
-10141
-18428
-25469
-30372
-32490
-31511
-27504
-20916
-12509
-3256
5784
13621
19452
22771
23427
21629
17908
13018
7824
3166
-271
-2054
-2067
-513
2112
5118
7722
9189
8950
6703
2471
-3385
-10213
-17150
-23249
-27611
-29520
-28551
-24638
-18094
-9576
