0
4278
8485
12550
16402
19973
23203
26035
28419
30314
31684
32507
32766
32456
31581
30156
28203
25758
22860
19561
15917
11991
7852
3573
-771
-5106
-9352
-13436
-17284
-20829
-24006
-26759
-29038
-30801
-32015
-32660
-32720
-32196
-31094
-29434
-27244
-24563
-21439
-17925
-14087
-9991
-5712
-1327
3083
7441
11667
15683
19415
22796
25762
28259
30239
31667
32514
32764
32412
31462
29931
27847
25247
22178
18696
14865
10755
6443
2009
-2465
-6896
-11201
-15299
-19113
-22570
-25606
-28162
-30190
-31650
-32514
-32764
-32394
-31411
-29832
-27686
-25012
-21861
-18292
-14372
-10175
-5781
-1274
3259
7733
12062
16161
19951
23359
26318
28771
30668
31973
32659
32711
32127
30919
29107
26727
23823
20452
16679
12577
8226
3711
-879
-5455
-9926
-14204
-18204
-21846
-25058
-27775
-29942
-31516
-32464
-32766
-32415
-31417
-29790
-27567
-24790
-21514
-17805
-13736
-9388
-4849
-209
4437
8997
13377
17489
21248
24578
27411
29687
31359
32393
32765
32468
31507
29899
27676
24884
21579
17828
13707
9301
4700
0
-4703
-9311
-13729
-17864
-21629
-24947
-27746
-29968
-31566
-32503
-32761
-32332
-31225
-29460
-27076
-24119
-20653
-16748
-12488
-7961
-3263
1506
6246
10856
15238
19298
22949
26112
28719
30713
32051
32702
32651
31900
30461
28366
25658
22395
18646
14492
10022
5332
524
-4298
-9029
-13567
-17811
-21669
-25055
-27896
-30127
-31699
-32577
-32739
-32182
-30916
-28967
-26379
-23206
-19519
-15397
-10932
-6222
-1372
3511
8320
12945
17284
21240
24723
27655
29968
31611
32545
32748
32214
30954
28995
26381
23169
19431
15252
10724
5950
1038
-3899
-8751
-13405
-17757
-21705
-25159
-28038
-30277
-31822
-32637
-32702
-32014
-30588
-28456
-25665
-22280
-18377
-14047
-9388
-4509
477
5455
10308
14924
19194
23018
26305
28979
30974
32243
32756
32498
31476
29711
27244
24133
20449
16280
11722
6884
1880
-3170
-8148
-12935
-17416
-21484
-25041
-28000
-30291
-31856
-32659
-32677
-31909
-30373
-28105
-25157
-21600
-17520
-13013
-8189
-3163
1941
7001
11893
16499
20705
24407
27516
29953
31659
32589
32721
32049
30590
28377
25463
21921
17836
13307
8448
3377
-1780
-6896
-11843
-16499
-20746
-24479
-27603
-30040
-31727
-32621
-32699
-31957
-30413
-28105
-25088
-21439
-17247
-12618
-7668
-2522
2689
7836
12787
17416
21605
25247
28248
30530
32035
32723
32574
31592
29801
27244
23987
20112
15718
10917
5832
595
-4660
-9798
-14685
-19194
-23208
-26622
-29345
-31307
-32455
-32757
-32206
-30813
-28614
-25665
-22043
-17841
-13169
-8148
-2911
2405
7661
12717
17440
21705
25397
28419
30689
32146
32750
32483
31352
29385
26633
23169
19084
14487
9500
4255
-1105
-6439
-11603
-16457
-20870
-24723
-27911
-30346
-31961
-32712
-32578
-31559
-29684
-27001
-23582
-19519
-14922
-9916
-4636
771
6162
11386
16301
20770
24671
27896
30354
31977
32719
32558
31498
29565
26813
23317
19172
14492
9407
4058
-1405
-6833
-12073
-16978
-21411
-25247
-28377
-30713
-32188
-32760
-32410
-31148
-29007
-26047
-22351
-18021
-13179
-7961
-2516
3003
8440
13640
18454
22745
26389
29282
31340
32503
32737
32033
30409
27913
24613
20604
16000
10932
5547
0
-5550
-10942
-16021
-20637
-24657
-27963
-30458
-32068
-32745
-32468
-31244
-29107
-26118
-22364
-17952
-13013
-7689
-2137
3479
8997
14252
19090
23367
26955
29748
31662
32640
32650
31691
29790
27003
23411
19119
14256
8965
3403
-2262
-7862
-13230
-18204
-22633
-26385
-29345
-31423
-32556
-32707
-31871
-30072
-27362
-23823
-19561
-14703
-9397
-3803
1908
7565
12994
18030
22517
26318
29316
31419
32559
32702
31841
30001
27238
23635
19302
14372
8996
3339
-2422
-8112
-13553
-18577
-23026
-26761
-29667
-31650
-32648
-32629
-31591
-29565
-26615
-22829
-18327
-13249
-7752
-2009
3799
9491
14886
19815
24120
27666
30338
32052
32751
32412
31044
28690
25423
21345
16586
11295
5642
-193
-6025
-11667
-16938
-21669
-25706
-28920
-31206
-32489
-32726
-31909
-30063
-27244
-23544
-19081
-13998
-8460
-2644
3259
9060
14569
19606
24006
27626
30346
32075
32756
32366
30916
28451
25051
20827
15917
10480
4696
-1244
-7147
-12817
-18065
-22719
-26622
-29644
-31684
-32674
-32578
-31398
-29173
-25975
-21909
-17110
-11737
-5969
0
5972
11747
17130
21941
26016
29217
31436
32596
32657
31615
29504
26395
22390
17625
12260
6476
470
-5554
-11392
-16845
-21726
-25867
-29127
-31393
-32585
-32662
-31619
-29491
-26349
-22301
-17483
-12062
-6222
-166
5898
11762
17222
22088
26191
29387
31566
32648
32597
31411
29131
25835
21636
16679
11138
5205
-912
-7001
-12847
-18244
-23003
-26955
-29960
-31912
-32739
-32412
-30940
-28374
-24803
-20353
-15179
-9465
-3413
2763
8843
14612
19863
24407
28083
30758
32334
32755
32003
30103
27124
23169
18381
12929
7010
836
-5370
-11386
-16993
-21989
-26191
-29446
-31636
-32680
-32538
-31214
-28754
-25247
-20819
-15630
-9868
-3744
2518
8692
14551
19879
24480
28184
30855
32393
32739
31880
29845
26709
22585
17625
12011
5950
-333
-6607
-12639
-18204
-23094
-27128
-30152
-32055
-32763
-32248
-30528
-27666
-23767
-18976
-13473
-7461
-1167
5173
11322
17047
22132
26385
29644
31785
32724
32427
30901
28203
24435
19738
14288
8294
1981
-4409
-10635
-16457
-21654
-26025
-29402
-31656
-32697
-32485
-31027
-28377
-24634
-19943
-14481
-8460
-2109
4324
10594
16457
21686
26077
29459
31699
32710
32451
30929
28203
24378
19601
14056
7961
1552
-4919
-11201
-17047
-22227
-26537
-29806
-31906
-32751
-32307
-30590
-27666
-23648
-18696
-13002
-6791
-309
6187
12441
18204
23246
27366
30398
32222
32762
31995
29951
26709
22398
17189
11289
4935
-1619
-8112
-14281
-19879
-24678
-28486
-31147
-32552
-32643
-31416
-28917
-25247
-20553
-15023
-8882
-2378
4225
10659
16662
21989
26421
29777
31918
32756
32254
30432
27362
23169
18024
12137
5748
-879
-7473
-13762
-19485
-24407
-28323
-31070
-32533
-32650
-31414
-28875
-25136
-20353
-14721
-8475
-1874
4807
11292
17307
22602
26955
30182
32146
32765
32010
29911
26556
22083
16679
10571
4016
-2711
-9326
-15551
-21121
-25799
-29387
-31732
-32732
-32344
-30582
-27520
-23286
-18060
-12062
-5547
1206
7911
14280
20041
24947
28786
31393
32653
32513
30975
28105
24024
18906
12972
6476
-301
-7069
-13534
-19415
-24458
-28443
-31196
-32596
-32580
-31148
-28360
-24336
-19250
-13322
-6811
0
6813
13332
19269
24364
28393
31178
32594
32578
31129
28309
24241
19103
13120
6555
-301
-7147
-13680
-19609
-24671
-28641
-31340
-32648
-32505
-30916
-27948
-23735
-18460
-12360
-5706
1206
8067
14569
20421
25359
29162
31656
32728
32328
30473
27244
22786
17298
11027
4255
-2711
-9557
-15974
-21669
-26383
-29901
-32062
-32766
-31979
-29736
-26137
-21345
-15577
-9095
-2195
4807
11593
17850
23291
27666
30771
32464
32665
31362
28614
24546
19345
13249
6538
-477
-7473
-14125
-20126
-25196
-29098
-31650
-32732
-32292
-30349
-26991
-22374
-16712
-10266
-3339
3746
10659
17076
22694
27251
30530
32377
32702
31489
28793
24740
19519
13375
6597
-494
-7565
-14281
-20323
-25404
-29282
-31772
-32753
-32178
-30072
-26533
-21729
-15887
-9285
-2238
4919
11843
18204
23695
28052
31066
32589
32548
30942
27847
23411
17845
11416
4435
-2763
-9830
-16425
-22227
-26955
-30378
-32330
-32713
-31507
-28769
-24631
-19293
-13013
-6096
1120
8285
15047
21076
26077
29802
32068
32763
31850
29372
25451
20276
14101
7230
0
-7232
-14111
-20295
-25478
-29402
-31872
-32764
-32033
-29711
-25913
-20827
-14703
-7845
-595
6688
13640
19914
25196
29220
31785
32759
32093
29819
26047
20967
14832
7950
664
-6656
-13645
-19948
-25247
-29273
-31822
-32763
-32046
-29706
-25861
-20703
-14492
-7543
-209
7138
14125
20396
25629
29557
31977
32766
31880
29363
25342
20022
13674
6622
-771
-8129
-15071
-21240
-26318
-30042
-32219
-32734
-31559
-28754
-24461
-18901
-12360
-5177
2276
9615
16457
22447
27271
30678
32489
32608
31026
27825
23169
17302
10527
3199
-4298
-11573
-18244
-23960
-28419
-31387
-32705
-32302
-30198
-26501
-21406
-15179
-8148
-684
6817
13962
20369
25700
29668
32064
32757
31710
28975
24698
19103
12488
5205
-2358
-9798
-16717
-22745
-27557
-30894
-32577
-32513
-30703
-27244
-22319
-16192
-9191
-1693
5898
13175
19743
25247
29388
31941
32765
31816
29141
24884
19276
12618
5272
-2362
-9871
-16845
-22903
-27714
-31014
-32621
-32445
-30495
-26875
-21781
-15492
-8351
-749
6896
14165
20658
26016
29942
32220
32721
31417
28377
23767
17841
10926
3403
-4310
-11787
-18613
-24407
-28847
-31684
-32759
-32010
-29476
-25298
-19707
-13013
-5590
2148
9769
16845
22980
27828
31116
32659
32366
30254
26438
21133
14635
7310
-430
-8148
-15409
-21801
-26962
-30598
-32502
-32563
-30778
-27244
-22162
-15818
-8572
-836
6950
14343
20920
26305
30190
32350
32661
31103
27762
22829
16586
9388
1649
-6187
-13670
-20369
-25898
-29936
-32249
-32702
-31267
-28024
-23161
-16955
-9766
-2009
5867
13405
20168
25762
29860
32222
32709
31291
28049
23169
16936
9711
1916
-5992
-13553
-20323
-25904
-29968
-32275
-32687
-31179
-27837
-22855
-16527
-9222
-1372
6562
14111
20829
26318
30252
32397
32623
30916
27374
22206
15718
8294
373
-7571
-15067
-21669
-26980
-30683
-32556
-32483
-30469
-26631
-21197
-14492
-6916
1077
9009
16402
22811
27851
31216
32702
32218
29790
25564
19793
12824
5078
-2978
-10856
-18080
-24210
-28873
-31785
-32766
-31757
-28816
-24119
-17952
-10689
-2772
5316
13083
20053
25799
29968
32304
32662
31017
27469
22233
15630
8064
0
-8067
-15639
-22251
-27492
-31038
-32669
-32282
-29899
-25665
-19840
-12785
-4935
3223
11185
18454
24578
29176
31960
32754
31507
28295
23317
16881
9388
1306
-6859
-14599
-21426
-26913
-30713
-32587
-32415
-30206
-26096
-20343
-13307
-5431
2789
10837
18204
24423
29100
31937
32755
31498
28244
23199
16679
9099
938
-7285
-15047
-21854
-27271
-30951
-32659
-32282
-29844
-25497
-19519
-12290
-4271
4023
12062
19330
25359
29762
32252
32670
30984
27303
21861
15008
7184
-1105
-9326
-16947
-23474
-28484
-31650
-32766
-31757
-28687
-23753
-17274
-9670
-1435
6896
14781
21705
27215
30951
32666
32248
29720
25247
19119
11737
3583
-4807
-12886
-20121
-26035
-30239
-32455
-32534
-30469
-26395
-20578
-13400
-5336
3083
11302
18775
25007
29584
32200
32681
30992
27244
21684
14679
6695
-1736
-10055
-17706
-24178
-29038
-31959
-32744
-31340
-27837
-22468
-15592
-7668
771
9163
16942
23583
28641
31772
32764
31548
28203
22955
16155
8261
-193
-8637
-16499
-23246
-28419
-31667
-32766
-31641
-28366
-23161
-16378
-8479
0
8482
16388
23178
28387
31659
32766
31633
28334
23092
16267
8323
-193
-8699
-16610
-23382
-28547
-31748
-32764
-31521
-28105
-22748
-15818
-7793
771
9287
17161
23850
28887
31923
32744
31292
27666
22114
15023
6884
-1736
-10238
-18030
-24565
-29387
-32158
-32681
-30919
-26991
-21173
-13868
-5590
3083
11543
19194
25499
30012
32414
32534
30361
26047
19895
12336
3903
-4807
-13181
-20625
-26610
-30711
-32637
-32248
-29569
-24790
-18247
-10405
-1820
6896
15124
22277
27843
31423
32760
31757
28483
23169
16196
8060
-655
-9326
-17331
-24094
-29127
-32068
-32703
-30984
-27033
-21133
-13707
-5289
3511
12062
19743
25999
30374
32552
32371
29844
25150
18630
10754
2094
-6719
-15047
-22282
-27896
-31478
-32765
-31661
-28244
-22763
-15616
-7324
1506
10228
18204
24847
29668
32313
32585
30461
26096
19809
12062
3423
-5469
-13962
-21426
-27310
-31178
-32740
-31881
-28661
-23317
-16242
-7961
912
9721
17811
24578
29519
32265
32608
30520
26157
19840
12041
3339
-5613
-14150
-21629
-27492
-31296
-32755
-31758
-28377
-22863
-15630
-7219
1736
10564
18599
25234
29968
32443
32468
30041
25342
18725
10689
1842
-7147
-15598
-22868
-28404
-31785
-32751
-31227
-27327
-21345
-13736
-5078
3969
12717
20496
26712
30887
32702
32014
28875
23522
16364
7950
-1077
-10024
-18204
-24986
-29848
-32414
-32483
-30050
-25298
-18593
-10451
-1499
7571
16058
23305
28750
31969
32711
30916
26720
20449
12587
3744
-5391
-14111
-21734
-27666
-31442
-32766
-31533
-27837
-21964
-14372
-5653
3510
12401
20323
26654
30894
32710
31957
28692
23169
15822
7226
-1941
-10958
-19113
-25762
-30378
-32596
-32237
-29328
-24096
-16955
-8469
691
9799
18132
25028
29936
32465
32412
29778
24772
17791
9388
234
-8940
-17404
-24479
-29598
-32350
-32513
-30072
-25219
-18342
-9991
-836
8388
16942
24135
29387
32275
32563
30226
25451
18620
10283
1113
-8148
-16754
-24006
-29316
-32252
-32574
-30254
-25477
-18630
-10266
-1066
8222
16845
24098
29390
32286
32549
30156
25298
18372
9941
695
-8610
-17213
-24407
-29603
-32371
-32482
-29925
-24908
-17841
-9305
0
9307
17850
24924
29942
32491
32356
29546
24293
17028
8351
-1019
-10308
-18745
-25629
-30386
-32621
-32145
-28995
-23432
-15917
-7073
2362
11603
19879
26497
30903
32728
31816
28241
22301
14491
5464
-4023
-13175
-21224
-27492
-31451
-32766
-31324
-27244
-20868
-12732
-3519
5992
15001
22745
28568
31977
32682
30619
25962
19103
10622
1238
-8253
-17047
-24394
-29668
-32420
-32412
-29643
-24347
-16973
-8148
1373
10781
19269
26112
30723
32705
31886
28334
22351
14449
5304
-4298
-13534
-21608
-27826
-31650
-32749
-31026
-26627
-19930
-11510
-2094
7504
16457
23989
29446
32355
32460
29752
24461
17046
8148
-1459
-10942
-19477
-26318
-30870
-32732
-31742
-27983
-21780
-13674
-4371
5316
14541
22496
28484
31977
32669
30495
25645
18541
9807
209
-9410
-18204
-25397
-30356
-32640
-32046
-28625
-22675
-14721
-5464
4278
13645
21806
28038
31787
32719
30748
26047
19032
10324
695
-8997
-17892
-25196
-30256
-32621
-32077
-28669
-22701
-14703
-5389
4409
13816
21989
28193
31872
32694
30582
25725
18555
9715
0
-9718
-18563
-25739
-30598
-32699
-31850
-28126
-21861
-13619
-4144
5708
15047
23026
28920
32194
32549
29951
24631
17073
7961
-1876
-11547
-20168
-26955
-31287
-32766
-31257
-26894
-20073
-11416
-1713
8148
17267
24807
30076
32589
32113
28690
22632
14492
5018
-4919
-14407
-22570
-28657
-32104
-32591
-30072
-24775
-17189
-8012
1907
11653
20323
27113
31393
32763
31094
26539
19519
10683
852
-9060
-18132
-25519
-30530
-32697
-31816
-27965
-21503
-13031
-3339
6667
16052
23938
29584
32459
32292
29097
23169
15065
5543
-4501
-14125
-22423
-28612
-32108
-32578
-29977
-24546
-16798
-7461
2582
12385
21019
27666
31694
32721
30647
25665
18247
9095
-923
-10856
-19760
-26786
-31264
-32766
-31146
-26556
-19431
-10451
-470
9557
18675
26008
30855
32749
31507
27244
20368
11537
1595
-8501
-17784
-25359
-30497
-32702
-31758
-27754
-21074
-12360
-2451
7696
17103
24860
30215
32648
31922
28105
21563
12929
3039
-7147
-16643
-24525
-30025
-32607
-32016
-28309
-21844
-13249
-3359
6859
16412
24364
29939
32588
32050
28377
21924
13322
3413
-6833
-16412
-24382
-29960
-32596
-32028
-28309
-21804
-13150
-3199
7069
16643
24578
30089
32630
31946
28105
21482
12732
2719
-7565
-17103
-24947
-30318
-32680
-31797
-27754
-20951
-12062
-1970
8320
17784
25478
30633
32732
31565
27244
20200
11134
952
-9326
-18675
-26154
-31014
-32765
-31228
-26556
-19215
-9941
333
10578
19760
26955
31436
32749
30759
25665
17979
8475
-1887
-12062
-21019
-27851
-31864
-32650
-30126
-24546
-16475
-6728
3703
13762
22423
28806
32258
32427
29291
23169
14683
4696
-5772
-15653
-23938
-29777
-32571
-32033
-28214
-21503
-12587
-2378
8077
17706
25519
30711
32748
31416
26850
19519
10175
-219
-10594
-19879
-27113
-31549
-32726
-30520
-25157
-17189
-7439
3083
13289
22119
28657
32222
32441
29289
23092
14492
4381
-6187
-16114
-24364
-30076
-32652
-31820
-27666
-20619
-11416
-1017
9491
19008
26537
31287
32757
30792
25595
17709
7961
-2625
-12939
-21894
-28547
-32194
-32451
-29286
-23032
-14346
-4144
6498
16457
24678
30291
32699
31644
27238
19943
10531
0
-10533
-19951
-27251
-31656
-32694
-30254
-24592
-16309
-6286
4409
14637
23305
29487
32519
32077
28203
21312
12137
1660
-8997
-18692
-26385
-31248
-32757
-30748
-25434
-17383
-7461
3266
13645
22556
29038
32390
32248
28625
21909
12824
2351
-8378
-18204
-26061
-31098
-32765
-30880
-25645
-17625
-7689
3083
13524
22496
29023
32393
32235
28565
21780
12618
2077
-8692
-18516
-26318
-31245
-32755
-30681
-25247
-17046
-6975
3863
14280
23132
29446
32527
32033
28015
20915
11510
836
-9932
-19609
-27125
-31650
-32682
-30103
-24198
-15616
-5304
5596
15880
24407
30232
32705
31550
26894
19250
9465
-1373
-12062
-21411
-28379
-32188
-32412
-29022
-22395
-13267
-2656
8253
18244
26197
31222
32754
30619
25054
16679
6433
-4537
-15001
-23783
-29895
-32648
-31731
-27244
-19690
-9916
976
11762
21224
28293
32170
32415
28997
22301
13080
2378
-8595
-18599
-26497
-31393
-32729
-30352
-24528
-15917
-5494
5554
15974
24578
30386
32734
31352
26395
18425
8351
-2679
-13405
-22602
-29217
-32491
-32046
-27932
-20616
-10936
0
10939
20625
27944
32055
32482
29173
22507
13249
2462
-8610
-18692
-26622
-31481
-32707
-30156
-24119
-15293
-4696
6446
16845
25296
30817
32766
30916
25477
17079
6695
-4468
-15115
-24006
-30106
-32702
-31489
-26606
-18620
-8460
2689
13528
22788
29387
32552
31909
27532
19930
9991
-1120
-12103
-21669
-28693
-32350
-32208
-28280
-21025
-11295
-234
10856
20671
28052
32127
32412
28871
21921
12379
1372
-9799
-19815
-27487
-31906
-32545
-29328
-22632
-13249
-2291
8940
19113
27016
31708
32629
29666
23169
13911
2992
-8285
-18577
-26654
-31549
-32677
-29899
-23544
-14372
-3477
7836
18214
26411
31442
32702
30037
23764
14635
3744
-7598
-18030
-26293
-31393
-32711
-30086
-23833
-14703
-3796
7571
18026
26305
31405
32707
30050
23753
14577
3632
-7754
-18204
-26446
-31479
-32688
-29925
-23522
-14256
-3253
8148
18560
26712
31608
32650
29706
23135
13736
2656
-8751
-19090
-27095
-31785
-32581
-29385
-22585
-13013
-1842
9557
19786
27585
31994
32468
28947
21861
12081
809
-10564
-20637
-28166
-32219
-32293
-28377
-20951
-10932
440
11762
21629
28819
32437
32033
27653
19840
9561
-1907
-13142
-22745
-29519
-32621
-31661
-26755
-18514
-7961
3586
14689
23960
30239
32740
31148
25658
16955
6128
-5469
-16384
-25247
-30944
-32759
-30461
-24336
-15151
-4058
7546
18204
26572
31595
32638
29565
22763
13087
1756
-9798
-20118
-27896
-32148
-32332
-28424
-20915
-10754
771
12203
22088
29171
32552
31797
27001
18769
8148
-3511
-14727
-24069
-30346
-32754
-30984
-25260
-16309
-5272
6439
17331
26008
31359
32696
29845
23169
13521
2137
-9523
-19964
-27843
-32146
-32318
-28334
-20703
-10405
1234
12717
22564
29503
32637
31559
26407
17841
6968
-4807
-15965
-25058
-30909
-32757
-30361
-24028
-14577
-3233
8533
19194
27364
31977
32433
28669
21173
10917
-762
-12345
-22321
-29387
-32619
-31592
-26438
-17828
-6884
4961
16161
25247
31028
32744
30168
23635
13998
2522
-9287
-19879
-27860
-32179
-32265
-28105
-20242
-9711
2101
13640
23382
30040
32733
31103
25362
16267
5018
-6896
-17901
-26537
-31659
-32585
-29190
-21921
-11741
0
11743
21929
29201
32589
31641
26480
17791
6728
-5233
-16499
-25566
-31222
-32709
-29826
-22955
-13013
-1327
10537
20994
28641
32450
31909
27088
18630
7668
-4324
-15739
-25041
-30976
-32744
-30105
-23411
-13561
-1880
10055
20637
28436
32397
31982
27244
18822
7852
-4182
-15653
-25007
-30974
-32743
-30072
-23319
-13400
-1660
10308
20879
28612
32455
31881
26966
18377
7282
-4807
-16245
-25468
-31216
-32702
-29720
-22675
-12528
-664
11292
21705
29147
32596
31576
26225
17274
5950
-6193
-17489
-26383
-31650
-32564
-28995
-21433
-10917
1105
12978
23064
29968
32737
30984
24950
15465
3839
-8320
-19330
-27666
-32170
-32217
-27796
-19519
-8531
3643
15314
24860
30951
32739
29972
23032
12884
938
-11141
-21669
-29176
-32613
-31498
-25982
-16835
-5332
6918
18204
26944
31912
32410
28366
20343
9465
-2743
-14569
-24351
-30713
-32759
-30198
-23387
-13283
-1306
10856
21492
29100
32604
31507
25962
16748
5166
-7147
-18454
-27152
-32008
-32332
-28076
-19840
-8789
3510
15314
24947
31038
32720
29752
22551
12140
0
-12143
-22559
-29762
-32723
-31017
-24884
-15198
-3339
8998
20053
28242
32393
31908
26854
17952
6476
-5930
-17489
-26541
-31785
-32465
-28481
-20402
-9388
2978
14918
24714
30951
32730
29790
22554
12062
-172
-12385
-22811
-29942
-32746
-30813
-24421
-14492
-2462
9926
20879
28806
32556
31581
26021
16679
4912
-7571
-18956
-27585
-32200
-32127
-27374
-18630
-7167
5342
17076
26318
31719
32485
28504
20353
9222
-3259
-15267
-25041
-31147
-32687
-29434
-21861
-11077
1334
13553
23783
30517
32764
30189
23169
12736
423
-11953
-22570
-29860
-32743
-30792
-24293
-14202
-2009
10483
21426
29201
32652
31267
25247
15482
3419
-9153
-20369
-28563
-32514
-31633
-26047
-16586
-4654
7973
19415
27967
32350
31910
26709
17520
5712
-6950
-18577
-27428
-32179
-32116
-27244
-18292
-6597
6088
17864
26962
32015
32263
27666
18910
7310
-5391
-17284
-26579
-31872
-32366
-27983
-19380
-7852
4862
16845
26287
31760
32433
28203
19707
8226
-4501
-16550
-26094
-31684
-32472
-28334
-19895
-8434
4310
16402
26003
31651
32486
28377
19946
8475
-4288
-16402
-26016
-31662
-32478
-28334
-19861
-8351
4437
16550
26133
31717
32445
28203
19638
8060
-4756
-16845
-26351
-31812
-32386
-27983
-19276
-7602
5243
17284
26666
31941
32293
27666
18769
6975
-5898
-17864
-27071
-32095
-32157
-27244
-18113
-6176
6719
18577
27557
32265
31968
26709
17302
5205
-7702
-19415
-28111
-32434
-31710
-26047
-16326
-4058
8843
20369
28719
32588
31368
25247
15179
2736
-10137
-21426
-29364
-32705
-30922
-24293
-13853
-1238
11573
22570
30025
32764
30353
23169
12339
-434
-13142
-23783
-30678
-32739
-29638
-21861
-10632
2276
14829
25041
31296
32604
28754
20353
8727
-4282
-16616
-26318
-31849
-32328
-27676
-18630
-6622
6439
18480
27585
32302
31880
26381
16679
4318
-8734
-20396
-28806
-32620
-31227
-24845
-14492
-1820
11144
22329
29942
32763
30335
23047
12062
-859
-13645
-24243
-30951
-32688
-29173
-20967
-9388
3703
16202
26094
31785
32354
27709
18593
6476
-6688
-18775
-27832
-32393
-31718
-25913
-15915
-3339
9779
21317
29402
32723
30737
23764
12933
0
-12935
-23772
-30745
-32720
-29372
-21243
-9654
3510
16105
26077
31798
32332
27590
18342
6096
-7147
-19226
-28162
-32493
-31507
-25362
-15061
-2291
10856
22227
29953
32765
30198
22670
11416
-1716
-14569
-25028
-31370
-32548
-28366
-19509
-7435
5867
18204
27539
32330
31782
25982
15887
3163
-10086
-21669
-29667
-32753
-30413
-23032
-11831
1334
14281
24860
31312
32563
28403
19519
7387
-5976
-18347
-27666
-32377
-31693
-25725
-15465
-2622
10659
22164
29968
32766
30086
22374
10917
-2369
-15261
-25599
-31650
-32396
-27709
-18372
-5950
7473
19643
28516
32596
31195
24546
13765
664
-12550
-23653
-30771
-32702
-29116
-20616
-8634
4807
17440
27128
32230
31881
26137
15968
3092
-10308
-21966
-29901
-32766
-30072
-22272
-10689
2711
15653
25937
31812
32275
27244
17574
4908
-8595
-20637
-29162
-32712
-30681
-23411
-12140
1206
14349
25041
31451
32480
27948
18630
6117
-7445
-19735
-28641
-32634
-31026
-24089
-13013
301
13567
24501
31222
32570
28309
19172
6728
-6876
-19298
-28393
-32589
-31159
-24347
-13326
0
13328
24354
31166
32585
28360
19220
6748
-6896
-19347
-28443
-32604
-31103
-24198
-13087
301
13640
24608
31294
32533
28105
18778
6176
-7504
-19879
-28786
-32669
-30847
-23635
-12290
1206
14493
25247
31583
32389
27520
17828
5008
-8692
-20870
-29387
-32745
-30352
-22624
-10917
2711
15865
26229
31977
32094
26556
16335
3233
-10442
-22277
-30182
-32757
-29546
-21112
-8944
4807
17712
27483
32390
31559
25136
14256
845
-12717
-24026
-31070
-32598
-28334
-19032
-6345
7473
19964
28903
32697
30666
23169
11540
-2148
-15456
-26008
-31918
-32127
-26596
-16309
-3103
10659
22517
30346
32741
29270
20553
8148
-5719
-18563
-28078
-32552
-31179
-24202
-12874
771
14281
25223
31625
32332
27214
17189
4062
-9798
-21894
-30040
-32762
-29565
-21025
-8682
5233
18204
27882
32514
31257
24336
13002
-691
-14262
-25247
-31650
-32307
-27094
-16955
-3732
10171
22227
30239
32747
29289
20494
7961
-6025
-18915
-28356
-32621
-30929
-23586
-11931
1907
15400
26077
31982
32033
26215
15592
2109
-11762
-23479
-30889
-32629
-28377
-18910
-5966
8077
20637
29402
32756
30080
21861
9613
-4409
-17621
-27585
-32459
-31342
-24435
-13013
816
14497
25499
31785
32188
26631
16140
2656
-11322
-23203
-30782
-32650
-28456
-18976
-5969
8148
20755
29503
32763
29925
21514
9095
-5021
-18204
-27995
-32564
-31058
-23753
-12011
1977
15598
26305
32095
31880
25698
14703
952
-12978
-24480
-31393
-32418
-27360
-17165
-3744
10381
22559
30497
32702
28754
19394
6380
-7836
-20580
-29446
-32762
-29899
-21393
-8847
5370
18577
28275
32630
30814
23169
11138
-3003
-16579
-27016
-32334
-31523
-24733
-13249
751
14612
25700
31906
32048
26096
15179
1372
-12698
-24354
-31371
-32412
-27273
-16932
-3359
10856
23003
30758
32638
28280
18514
5205
-9101
-21669
-30089
-32747
-29131
-19930
-6905
7445
20371
29387
32762
29844
21189
8460
-5898
-19125
-28673
-32702
-30433
-22301
-9868
4468
17946
27963
32585
30916
23274
11134
-3159
-16845
-27275
-32428
-31305
-24119
-12260
1977
15833
26622
32247
31615
24845
13249
-923
-14918
-26016
-32055
-31858
-25461
-14105
0
14107
25468
31864
32046
25975
14832
792
-13405
-24986
-31684
-32188
-26395
-15435
-1452
12817
24578
31525
32292
26727
15917
1981
-12345
-24250
-31393
-32366
-26976
-16280
-2378
11993
24006
31293
32415
27148
16527
2644
-11762
-23850
-31230
-32442
-27244
-16660
-2779
11653
23783
31206
32451
27267
16679
2783
-11667
-23806
-31222
-32441
-27217
-16586
-2656
11803
23919
31277
32412
27094
16378
2398
-12062
-24120
-31370
-32361
-26894
-16056
-2009
12441
24407
31496
32285
26615
15616
1488
-12939
-24777
-31650
-32178
-26251
-15055
-836
13553
25223
31826
32033
25797
14372
52
-14280
-25739
-32015
-31841
-25247
-13561
863
15115
26318
32208
31592
24592
12618
-1908
-16052
-26950
-32393
-31276
-23823
-11540
3083
17085
27622
32556
30880
22932
10324
-4384
-18204
-28323
-32682
-30389
-21909
-8965
5807
19399
29038
32755
29790
20744
7461
-7347
-20658
-29748
-32757
-29067
-19428
-5811
8997
21966
30436
32669
28203
17952
4016
-10746
-23305
-31079
-32468
-27184
-16309
-2077
12583
24657
31656
32135
25992
14491
0
-14493
-25999
-32139
-31644
-24613
-12494
2208
16457
27304
32503
30975
23032
10317
-4537
-18454
-28547
-32719
-30103
-21238
-7961
6971
20458
29694
32757
29007
19220
5431
-9491
-22439
-30713
-32587
-27666
-16973
-2736
12073
24364
31568
32177
26060
14492
-108
-14689
-26197
-32222
-31498
-24174
-11781
3083
17304
27896
32634
30520
21996
8847
-6162
-19879
-29416
-32766
-29219
-19519
-5706
9311
22368
30711
32578
27570
16743
2378
-12491
-24723
-31732
-32033
-25558
-13674
1105
15653
26888
32428
31095
23169
10328
-4707
-18745
-28806
-32750
-29736
-20402
-6728
8378
21705
30414
32650
27932
17262
2911
-12062
-24465
-31651
-32083
-25665
-13765
1077
15692
26955
32455
31012
22932
9941
-5180
-19194
-29098
-32765
-29406
-19738
-5832
9326
22486
30817
32526
27244
16102
1495
-13436
-25478
-32035
-31693
-24521
-12062
2999
17416
28078
32680
30226
21243
7668
-7565
-21167
-30192
-32685
-28105
-17438
-2992
12103
24578
31727
31995
25321
13150
-1876
-16499
-27539
-32596
-30567
-21889
-8448
6833
20630
29936
32722
28377
17845
3419
-11753
-24364
-31659
-32040
-25423
-13249
1823
16499
27568
32607
30508
21729
8189
-7147
-20920
-30108
-32693
-28105
-17347
-2779
12401
24860
31856
31850
24838
12360
-2839
-17416
-28160
-32702
-30037
-20749
-6884
8501
22013
30668
32552
27244
15915
1066
-14020
-26008
-32243
-31342
-23500
-10451
4915
19194
29220
32766
29042
18871
4509
-10856
-23813
-31479
-32147
-25665
-13473
1720
16533
27666
32637
30335
21271
7461
-8015
-21705
-30552
-32578
-27327
-15968
-1038
14125
26133
32294
31228
23169
9920
-5554
-19786
-29584
-32748
-28565
-17970
-3339
12043
24723
31849
31816
24627
11897
-3511
-18132
-28673
-32755
-29458
-19519
-5177
10334
23516
31393
32182
25702
13414
-1907
-16800
-27896
-32682
-30072
-20653
-6555
9029
22570
30997
32395
26445
14492
-751
-15827
-27310
-32589
-30461
-21406
-7481
8148
21926
30713
32507
26894
15151
-48
-15238
-26955
-32522
-30664
-21804
-7961
7702
21608
30575
32549
27076
15403
202
-15047
-26852
-32503
-30703
-21861
-8002
7696
21629
30598
32538
27001
15255
0
-15257
-27007
-32541
-30582
-21579
-7602
8129
21989
30779
32468
26664
14703
-655
-15865
-27411
-32621
-30288
-20948
-6758
8997
22672
31098
32318
26047
13736
-1763
-16855
-28038
-32713
-29790
-19946
-5464
10289
23653
31516
32046
25116
12336
-3319
-18204
-28847
-32766
-29042
-18541
-3711
11987
24889
31977
31593
23823
10480
-5316
-19871
-29777
-32711
-27983
-16697
-1495
14059
26318
32404
30885
22114
8148
-7733
-21801
-30745
-32460
-26539
-14372
1180
16457
27860
32699
29832
19930
5325
-10537
-23916
-31650
-31910
-24631
-11530
4298
19113
29409
32747
28334
17210
2009
-13670
-26112
-32365
-30942
-22178
-8148
7817
21929
30833
32412
26285
13907
-1780
-17047
-28259
-32743
-29429
-19103
-4222
11667
24777
31977
31548
23586
9991
-5992
-20546
-30192
-32619
-27244
-15350
219
15739
27492
32660
30001
20149
5464
-10533
-24006
-31719
-31816
-24270
-10892
5106
19879
29873
32681
27625
15917
373
-15261
-27221
-32621
-30156
-20416
-5748
10308
23879
31684
31836
24293
10875
-5173
-19973
-29942
-32665
-27477
-15633
0
15636
27483
32666
29925
19920
5078
-10999
-24407
-31886
-31615
-23656
-9941
6193
20824
30386
32549
26782
14487
-1341
-16845
-28242
-32749
-29262
-18630
-3445
12583
25539
32252
31078
22301
8064
-8148
-22368
-31111
-32231
-25451
-12429
3643
18824
29387
32737
28047
16465
836
-15001
-27152
-32625
-30072
-20115
-5205
10989
24479
31937
31523
23335
9388
-6876
-21447
-30723
-32412
-26092
-13322
2743
18132
29038
32759
28371
16955
1338
-14612
-26944
-32596
-30164
-20247
-5304
10958
24501
31960
31477
23169
9099
-7236
-21774
-30894
-32323
-25702
-12676
3510
18824
29446
32724
27837
16000
166
-15711
-27666
-32707
-29572
-19041
-3744
12491
25602
32304
30916
21780
7184
-9215
-23305
-31551
-31880
-24205
-10451
5930
20824
30486
32483
26311
13518
-2679
-18204
-29147
-32749
-28098
-16364
-502
15488
27574
32702
29574
18976
3583
-12717
-25806
-32371
-30748
-21345
-6538
9926
23879
31785
31636
23467
9346
-7147
-21830
-30974
-32254
-25342
-11991
4409
19692
29968
32623
26976
14462
-1736
-17495
-28798
-32764
-28377
-16752
-852
15267
27492
32699
29554
18857
3339
-13034
-26077
-32450
-30520
-20777
-5712
10817
24578
32042
31291
22515
7961
-8637
-23021
-31496
-31881
-24075
-10079
6509
21426
30833
32307
25463
12062
-4448
-19815
-30076
-32585
-26689
-13907
2465
18204
29244
32732
27762
15616
-569
-16610
-28356
-32765
-28692
-17189
-1231
15047
27428
32699
29490
18630
2932
-13528
-26478
-32552
-30168
-19943
-4530
12062
25519
32337
30737
21133
6022
-10659
-24565
-32068
-31208
-22206
-7407
9326
23628
31760
31593
23169
8686
-8070
-22719
-31423
-31903
-24028
-9858
6896
21846
31070
32147
24790
10926
-5807
-21019
-30711
-32336
-25461
-11891
4807
20244
30356
32478
26047
12755
-3899
-19528
-30012
-32581
-26556
-13521
3083
18877
29687
32654
26991
14192
-2362
-18294
-29387
-32703
-27360
-14769
1736
17784
29119
32734
27666
15255
-1206
-17349
-28887
-32752
-27913
-15652
771
16993
28695
32761
28105
15962
-434
-16717
-28547
-32765
-28244
-16186
193
16523
28443
32766
28334
16326
-48
-16412
-28387
-32766
-28374
-16382
0
0
0
0
0
0
0
0
0
0
0
0
0
0
0
0
0
0
0
0
0
0
0
0
0
0
0
0
0
0
0
0
0
0
0
0
0
0
0
0
0
0
0
0
0
0
0
0
0
0
0
0
0
0
0
0
0
0
0
0
0
0
0
0
0
0
0
0
0
0
0
0
0
0
0
0
0
0
0
0
0
0
0
0
0
0
0
0
0
0
0
0
0
0
0
0
0
0
0
0
0
0
0
0
0
0
0
0
0
0
0
0
0
0
0
0
0
0
0
0
0
0
0
0
0
0
0
0
0
0
0
0
0
0
0
0
0
0
0
0
0
0
0
0
0
0
0
0
0
0
0
0
0
0
0
0
0
0
0
0
0
0
0
0
0
0
0
0
0
0
0
0
0
0
0
0
0
0
0
0
0
0
0
0
0
0
0
0
0
0
0
0
0
0
0
0
0
0
0
0
0
0
0
0
0
0
0
0
0
0
0
0
0
0
0
0
0
0
0
0
0
0
0
0
0
0
0
0
0
0
0
0
0
0
0
0
0
0
0
0
0
0
0
0
0
0
0
0
0
0
0
0
0
0
0
0
0
0
0
0
0
0
0
0
0
0
0
0
0
0
0
0
0
0
0
0
0
0
0
0
0
0
0
0
0
0
0
0
0
0
0
0
0
0
0
0
0
0
0
0
0
0
0
0
0
0
0
0
0
0
0
0
0
0
0
0
0
0
0
0
0
0
0
0
0
0
0
0
0
0
0
0
0
0
0
0
0
0
0
0
0
0
0
0
0
0
0
0
0
0
0
0
0
0
0
0
0
0
0
0
0
0
0
0
0
0
0
0
0
0
0
0
0
0
0
0
0
0
0
0
0
0
0
0
0
0
0
0
0
0
0
0
0
0
0
0
0
0
0
0
0
0
0
0
0
0
0
0
0
0
0
0
0
0
0
0
0
0
0
0
0
0
0
0
0
0
0
0
0
0
0
0
0
0
0
0
0
0
0
0
0
0
0
0
0
0
0
0
0
0
0
0
0
0
0
0
0
0
0
0
0
0
0
0
0
0
0
0
0
0
0
0
0
0
0
0
0
0
0
0
0
0
0
0
0
0
0
0
0
0
0
0
0
0
0
0
0
0
0
0
0
0
0
0
0
0
0
0
0
0
0
0
0
0
0
0
0
0
0
0
0
0
0
0
0
0
0
0
0
0
0
0
0
0
0
0
0
0
0
0
0
0
0
0
0
0
0
0
0
0
0
0
0
0
0
0
0
0
0
0
0
0
0
0
0
0
0
0
0
0
0
0
0
0
0
0
0
0
0
0
0
0
0
0
0
0
0
0
0
0
0
0
0
0
0
0
0
0
0
0
0
0
0
0
0
0
0
0
0
0
0
0
0
0
0
0
0
0
0
0
0
0
0
0
0
0
0
0
0
0
0
0
0
0
0
0
0
0
0
0
0
0
0
0
0
0
0
0
0
0
0
0
0
0
0
0
0
0
0
0
0
0
0
0
0
0
0
0
0
0
0
0
0
0
0
0
0
0
0
0
0
0
0
0
0
0
0
0
0
0
0
0
0
0
0
0
0
0
0
0
0
0
0
0
0
0
0
0
0
0
0
0
0
0
0
0
0
0
0
0
0
0
0
0
0
0
0
0
0
0
0
0
0
0
0
0
0
0
0
0
0
0
0
0
0
0
0
0
0
0
0
0
0
0
0
0
0
0
0
0
0
0
0
0
0
0
0
0
0
0
0
0
0
0
0
0
0
0
0
0
0
0
0
0
0
0
0
0
0
0
0
0
0
0
0
0
0
0
0
0
0
0
0
0
0
0
0
0
0
0
0
0
0
0
0
0
0
0
0
0
0
0
0
0
0
0
0
0
0
0
0
0
0
0
0
0
0
0
0
0
0
0
0
0
0
0
0
0
0
0
0
0
0
0
0
0
0
0
0
0
0
0
0
0
0
0
0
0
0
0
0
0
0
0
0
0
0
0
0
0
0
0
0
0
0
0
0
0
0
0
0
0
0
0
0
0
0
0
0
0
0
0
0
0
0
0
0
0
0
0
0
0
0
0
0
0
0
0
0
0
0
0
0
0
0
0
0
0
0
0
0
0
0
0
0
0
0
0
0
0
0
0
0
0
0
0
0
0
0
0
0
0
0
0
0
0
0
0
0
0
9972
9831
9412
8725
7787
6620
5256
3729
2082
361
-1382
-3096
-4725
-6216
-7518
-8583
-9374
-9859
-10018
-9843
-9339
-8524
-7429
-6097
-4579
-2936
-1235
456
2073
3553
4841
5893
6677
7176
7385
7315
6990
6445
5724
4876
3955
3012
2095
1246
498
-127
-620
-981
-1222
-1362
-1429
-1454
-1469
-1505
-1587
-1733
-1954
-2248
-2606
-3006
-3422
-3817
-4154
-4394
-4503
-4448
-4209
-3776
-3148
-2341
-1381
-306
837
1994
3109
4124
4986
5650
6081
6257
6168
5823
5242
4461
3524
2485
1402
335
-659
-1533
-2245
-2766
-3083
-3193
-3110
-2858
-2473
-1997
-1478
-962
-495
-114
148
275
258
102
-176
-553
-994
-1459
-1907
-2300
-2599
-2777
-2813
-2697
-2428
-2017
-1485
-859
-172
537
1236
1890
2469
2951
3324
3580
3724
3765
3719
3606
3447
3261
3065
2871
2682
2496
2302
2084
1821
1488
1061
521
-147
-948
-1877
-2914
-4029
-5176
-6302
-7342
-8227
-8891
-9267
-9301
-8951
-8194
-7026
-5467
-3561
-1374
1006
3478
5927
8232
10276
11946
13148
13807
13874
13330
12187
10489
8312
5755
2941
8
-2900
-5640
-8077
-10092
-11588
-12499
-12789
-12456
-11534
-10085
-8200
-5993
-3591
-1129
1256
3441
5315
6788
7798
8310
8323
7861
6977
5747
4262
2626
946
-673
-2139
-3370
-4304
-4904
-5152
-5056
-4646
-3968
-3084
-2064
-983
85
1074
1928
2603
3073
3327
3372
3228
2928
2513
2028
1520
1032
600
251
0
-148
-204
-184
-115
-30
37
57
0
-152
-411
-772
-1223
-1739
-2285
-2821
-3300
-3679
-3915
-3974
-3832
-3479
-2918
-2167
-1259
-241
833
1902
2901
3768
4449
4900
5090
5007
4654
4054
3246
2284
1233
164
-849
-1739
-2442
-2910
-3112
-3033
-2680
-2080
-1279
-337
672
1669
2573
3308
3805
4013
3897
3447
2671
1603
297
-1172
-2722
-4255
-5675
-6889
-7812
-8375
-8529
-8248
-7531
-6402
-4910
-3126
-1137
955
3045
5026
6796
8266
9364
10039
10263
10033
9371
8322
6949
5332
3561
1730
-67
-1745
-3228
-4456
-5387
-6000
-6293
-6284
-6007
-5510
-4850
-4090
-3294
-2521
-1821
-1235
-789
-493
-346
-329
-412
-559
-725
-864
-933
-896
-724
-401
75
694
1430
2246
3095
3923
4673
5290
5721
5925
5871
5542
4937
4073
2981
1710
317
-1128
-2554
-3886
-5052
-5990
-6648
-6988
-6990
-6651
-5987
-5032
-3836
-2461
-979
529
1985
3313
4442
5312
5880
6117
6012
5573
4826
3814
2593
1229
-203
-1625
-2962
-4141
-5100
-5788
-6168
-6222
-5946
-5356
-4481
-3368
-2073
-663
788
2211
3533
4688
5622
6289
6660
6720
6471
5930
5129
4112
2933
1654
341
-939
-2126
-3162
-4002
-4610
-4965
-5061
-4904
-4516
-3932
-3195
-2357
-1475
-606
194
878
1404
1743
1877
1804
1535
1095
519
-144
-844
-1523
-2123
-2591
-2881
-2957
-2796
-2387
-1739
-873
172
1347
2591
3835
5007
6036
6854
7405
7643
7536
7073
6258
5117
3690
2038
232
-1646
-3511
-5274
-6851
-8165
-9152
-9764
-9972
-9764
-9152
-8165
-6851
-5274
-3511
-1646
232
2038
3690
5117
6258
7073
7536
7643
7405
6854
6036
5007
3835
2591
1347
172
-873
-1739
-2387
-2796
-2957
-2881
-2591
-2123
-1523
-844
-144
519
1095
1535
1804
1877
1743
1404
878
194
-606
-1475
-2357
-3195
-3932
-4516
-4904
-5061
-4965
-4610
-4002
-3162
-2126
-939
341
1654
2933
4112
5129
5930
6471
6720
6660
6289
5622
4688
3533
2211
788
-663
-2073
-3368
-4481
-5356
-5946
-6222
-6168
-5788
-5100
-4141
-2962
-1625
-203
1229
2593
3814
4826
5573
6012
6117
5880
5312
4442
3313
1985
529
-979
-2461
-3836
-5032
-5987
-6651
-6990
-6988
-6648
-5990
-5052
-3886
-2554
-1128
317
1710
2981
4073
4937
5542
5871
5925
5721
5290
4673
3923
3095
2246
1430
694
75
-401
-724
-896
-933
-864
-725
-559
-412
-329
-346
-493
-789
-1235
-1821
-2521
-3294
-4090
-4850
-5510
-6007
-6284
-6293
-6000
-5387
-4456
-3228
-1745
-67
1730
3561
5332
6949
8322
9371
10033
10263
10039
9364
8266
6796
5026
3045
955
-1137
-3126
-4910
-6402
-7531
-8248
-8529
-8375
-7812
-6889
-5675
-4255
-2722
-1172
297
1603
2671
3447
3897
4013
3805
3308
2573
1669
672
-337
-1279
-2080
-2680
-3033
-3112
-2910
-2442
-1739
-849
164
1233
2284
3246
4054
4654
5007
5090
4900
4449
3768
2901
1902
833
-241
-1259
-2167
-2918
-3479
-3832
-3974
-3915
-3679
-3300
-2821
-2285
-1739
-1223
-772
-411
-152
0
57
37
-30
-115
-184
-204
-148
0
251
600
1032
1520
2028
2513
2928
3228
3372
3327
3073
2603
1928
1074
85
-983
-2064
-3084
-3968
-4646
-5056
-5152
-4904
-4304
-3370
-2139
-673
946
2626
4262
5747
6977
7861
8323
8310
7798
6788
5315
3441
1256
-1129
-3591
-5993
-8200
-10085
-11534
-12456
-12789
-12499
-11588
-10092
-8077
-5640
-2900
8
2941
5755
8312
10489
12187
13330
13874
13807
13148
11946
10276
8232
5927
3478
1006
-1374
-3561
-5467
-7026
-8194
-8951
-9301
-9267
-8891
-8227
-7342
-6302
-5176
-4029
-2914
-1877
-948
-147
521
1061
1488
1821
2084
2302
2496
2682
2871
3065
3261
3447
3606
3719
3765
3724
3580
3324
2951
2469
1890
1236
537
-172
-859
-1485
-2017
-2428
-2697
-2813
-2777
-2599
-2300
-1907
-1459
-994
-553
-176
102
258
275
148
-114
-495
-962
-1478
-1997
-2473
-2858
-3110
-3193
-3083
-2766
-2245
-1533
-659
335
1402
2485
3524
4461
5242
5823
6168
6257
6081
5650
4986
4124
3109
1994
837
-306
-1381
-2341
-3148
-3776
-4209
-4448
-4503
-4394
-4154
-3817
-3422
-3006
-2606
-2248
-1954
-1733
-1587
-1505
-1469
-1454
-1429
-1362
-1222
-981
-620
-127
498
1246
2095
3012
3955
4876
5724
6445
6990
7315
7385
7176
6677
5893
4841
3553
2073
456
-1235
-2936
-4579
-6097
-7429
-8524
-9339
-9843
-10018
-9859
-9374
-8583
-7518
-6216
-4725
-3096
-1382
361
2082
3729
5256
6620
7787
8725
9412
9831
0
0
0
0
0
0
0
0
0
0
0
0
0
0
0
0
0
0
0
0
0
0
0
0
0
0
0
0
0
0
0
0
0
0
0
0
0
0
0
0
0
0
0
0
0
0
0
0
0
0
0
0
0
0
0
0
0
0
0
0
0
0
0
0
0
0
0
-4273
-4233
-4114
-3916
-3643
-3299
-2888
-2414
-1883
-1302
-676
-13
678
1391
2112
2828
3526
4186
4789
5312
5732
6025
6166
6134
5910
5481
4839
3986
2934
1703
326
-1154
-2688
-4215
-5670
-6987
-8099
-8945
-9471
-9635
-9409
-8784
-7768
-6390
-4697
-2755
-644
1542
3706
5745
7561
9063
10174
10837
11014
10694
9887
8634
6993
5047
2894
641
-1598
-3712
-5598
-7163
-8335
-9065
-9327
-9123
-8479
-7444
-6091
-4506
-2785
-1030
657
2187
3480
4473
5126
5420
5361
4976
4312
3431
2408
1322
257
-712
-1519
-2111
-2451
-2524
-2331
-1895
-1256
-466
410
1307
2152
2882
3439
3779
3871
3704
3280
2621
1762
753
-350
-1485
-2589
-3601
-4467
-5144
-5599
-5814
-5785
-5518
-5036
-4369
-3554
-2635
-1653
-653
326
1253
2102
2854
3499
4032
4456
4776
5000
5137
5192
5171
5074
4897
4635
4278
3817
3242
2547
1731
798
-239
-1360
-2533
-3721
-4878
-5955
-6898
-7657
-8185
-8443
-8401
-8046
-7377
-6410
-5178
-3727
-2117
-419
1291
2938
4445
5744
6779
7508
7905
7963
7696
7132
6318
5312
4179
2992
1819
726
-232
-1014
-1593
-1960
-2121
-2100
-1935
-1672
-1365
-1069
-837
-712
-728
-905
-1244
-1732
-2339
-3020
-3718
-4372
-4917
-5290
-5438
-5320
-4909
-4202
-3212
-1975
-547
1002
2589
4125
5518
6682
7543
8042
8142
7829
7113
6033
4648
3039
1300
-462
-2142
-3636
-4852
-5716
-6174
-6201
-5799
-4996
-3849
-2437
-859
777
2356
3768
4910
5698
6069
5986
5444
4465
3101
1431
-447
-2422
-4370
-6172
-7713
-8894
-9636
-9886
-9619
-8841
-7587
-5920
-3926
-1709
614
2925
5105
7046
8654
9859
10611
10890
10700
10072
9057
7726
6162
4457
2702
984
-616
-2038
-3234
-4175
-4851
-5272
-5462
-5458
-5305
-5053
-4751
-4442
-4161
-3935
-3773
-3674
-3624
-3597
-3559
-3471
-3294
-2992
-2535
-1906
-1098
-120
1002
2230
3513
4788
5988
7044
7889
8465
8724
8637
8189
7388
6261
4854
3230
1465
-353
-2136
-3796
-5249
-6424
-7266
-7738
-7823
-7529
-6882
-5930
-4738
-3380
-1942
-511
828
2001
2943
3604
3957
3991
3718
3169
2393
1449
411
-646
-1645
-2515
-3192
-3628
-3789
-3659
-3242
-2560
-1652
-570
620
1848
3041
4126
5036
5717
6126
6235
6036
5534
4755
3739
2537
1213
-165
-1527
-2805
-3935
-4862
-5544
-5953
-6075
-5911
-5478
-4808
-3941
-2931
-1834
-712
375
1371
2225
2898
3358
3589
3587
3360
2929
2327
1594
779
-67
-892
-1644
-2276
-2749
-3032
-3104
-2957
-2594
-2030
-1291
-414
556
1571
2576
3517
4342
5003
5460
5681
5646
5347
4787
3984
2966
1774
455
-934
-2335
-3684
-4923
-5995
-6851
-7449
-7762
-7772
-7476
-6884
-6018
-4915
-3619
-2184
-669
861
2347
3726
4945
5957
6723
7218
7427
7350
6995
6386
5554
4538
3386
2147
874
-381
-1573
-2657
-3595
-4358
-4925
-5284
-5431
-5370
-5114
-4681
-4095
-3385
-2580
-1712
-815
81
947
1754
2480
3102
3605
3973
4198
4273
4198
3973
3605
3102
2480
1754
947
81
-815
-1712
-2580
-3385
-4095
-4681
-5114
-5370
-5431
-5284
-4925
-4358
-3595
-2657
-1573
-381
874
2147
3386
4538
5554
6386
6995
7350
7427
7218
6723
5957
4945
3726
2347
861
-669
-2184
-3619
-4915
-6018
-6884
-7476
-7772
-7762
-7449
-6851
-5995
-4923
-3684
-2335
-934
455
1774
2966
3984
4787
5347
5646
5681
5460
5003
4342
3517
2576
1571
556
-414
-1291
-2030
-2594
-2957
-3104
-3032
-2749
-2276
-1644
-892
-67
779
1594
2327
2929
3360
3587
3589
3358
2898
2225
1371
375
-712
-1834
-2931
-3941
-4808
-5478
-5911
-6075
-5953
-5544
-4862
-3935
-2805
-1527
-165
1213
2537
3739
4755
5534
6036
6235
6126
5717
5036
4126
3041
1848
620
-570
-1652
-2560
-3242
-3659
-3789
-3628
-3192
-2515
-1645
-646
411
1449
2393
3169
3718
3991
3957
3604
2943
2001
828
-511
-1942
-3380
-4738
-5930
-6882
-7529
-7823
-7738
-7266
-6424
-5249
-3796
-2136
-353
1465
3230
4854
6261
7388
8189
8637
8724
8465
7889
7044
5988
4788
3513
2230
1002
-120
-1098
-1906
-2535
-2992
-3294
-3471
-3559
-3597
-3624
-3674
-3773
-3935
-4161
-4442
-4751
-5053
-5305
-5458
-5462
-5272
-4851
-4175
-3234
-2038
-616
984
2702
4457
6162
7726
9057
10072
10700
10890
10611
9859
8654
7046
5105
2925
614
-1709
-3926
-5920
-7587
-8841
-9619
-9886
-9636
-8894
-7713
-6172
-4370
-2422
-447
1431
3101
4465
5444
5986
6069
5698
4910
3768
2356
777
-859
-2437
-3849
-4996
-5799
-6201
-6174
-5716
-4852
-3636
-2142
-462
1300
3039
4648
6033
7113
7829
8142
8042
7543
6682
5518
4125
2589
1002
-547
-1975
-3212
-4202
-4909
-5320
-5438
-5290
-4917
-4372
-3718
-3020
-2339
-1732
-1244
-905
-728
-712
-837
-1069
-1365
-1672
-1935
-2100
-2121
-1960
-1593
-1014
-232
726
1819
2992
4179
5312
6318
7132
7696
7963
7905
7508
6779
5744
4445
2938
1291
-419
-2117
-3727
-5178
-6410
-7377
-8046
-8401
-8443
-8185
-7657
-6898
-5955
-4878
-3721
-2533
-1360
-239
798
1731
2547
3242
3817
4278
4635
4897
5074
5171
5192
5137
5000
4776
4456
4032
3499
2854
2102
1253
326
-653
-1653
-2635
-3554
-4369
-5036
-5518
-5785
-5814
-5599
-5144
-4467
-3601
-2589
-1485
-350
753
1762
2621
3280
3704
3871
3779
3439
2882
2152
1307
410
-466
-1256
-1895
-2331
-2524
-2451
-2111
-1519
-712
257
1322
2408
3431
4312
4976
5361
5420
5126
4473
3480
2187
657
-1030
-2785
-4506
-6091
-7444
-8479
-9123
-9327
-9065
-8335
-7163
-5598
-3712
-1598
641
2894
5047
6993
8634
9887
10694
11014
10837
10174
9063
7561
5745
3706
1542
-644
-2755
-4697
-6390
-7768
-8784
-9409
-9635
-9471
-8945
-8099
-6987
-5670
-4215
-2688
-1154
326
1703
2934
3986
4839
5481
5910
6134
6166
6025
5732
5312
4789
4186
3526
2828
2112
1391
678
-13
-676
-1302
-1883
-2414
-2888
-3299
-3643
-3916
-4114
-4233
0
0
0
0
0
0
0
0
0
0
0
0
0
0
0
0
0
0
0
0
0
0
0
0
0
0
0
0
0
0
0
0
0
0
0
0
0
0
0
0
0
0
0
0
0
0
0
0
0
0
0
0
0
0
0
0
0
0
0
0
0
0
0
0
0
0
0
7123
6963
6492
5733
4726
3523
2183
774
-633
-1973
-3180
-4201
-4992
-5523
-5779
-5759
-5479
-4967
-4262
-3413
-2474
-1500
-549
330
1095
1711
2157
2423
2510
2434
2220
1899
1510
1093
689
335
61
-108
-161
-94
84
357
699
1077
1454
1795
2062
2224
2257
2145
1883
1475
939
300
-408
-1146
-1870
-2537
-3106
-3542
-3818
-3916
-3830
-3566
-3140
-2580
-1921
-1205
-476
221
846
1365
1752
1990
2077
2021
1842
1568
1238
891
572
320
170
147
267
530
925
1425
1992
2579
3131
3590
3899
4009
3880
3483
2809
1867
684
-692
-2199
-3759
-5286
-6686
-7871
-8756
-9271
-9362
-8996
-8169
-6898
-5230
-3235
-1005
1351
3715
5963
7974
9637
10860
11570
11722
11303
10329
8847
6935
4691
2235
-303
-2788
-5089
-7085
-8674
-9776
-10341
-10349
-9813
-8775
-7304
-5496
-3460
-1318
805
2791
4531
5935
6934
7487
7581
7231
6478
5386
4036
2524
950
-585
-1991
-3186
-4107
-4713
-4986
-4929
-4568
-3949
-3132
-2189
-1196
-228
644
1364
1888
2187
2256
2105
1762
1273
690
77
-505
-996
-1343
-1508
-1465
-1206
-741
-98
679
1538
2414
3239
3947
4477
4778
4813
4562
4023
3213
2166
933
-422
-1828
-3210
-4490
-5599
-6477
-7075
-7364
-7328
-6974
-6324
-5416
-4300
-3040
-1699
-348
950
2138
3167
4001
4620
5015
5194
5176
4990
4674
4267
3812
3347
2905
2512
2184
1927
1737
1599
1494
1393
1268
1089
831
472
0
-589
-1290
-2084
-2946
-3839
-4723
-5552
-6280
-6862
-7258
-7435
-7369
-7047
-6468
-5642
-4591
-3347
-1951
-451
1100
2649
4144
5533
6770
7815
8637
9210
9521
9562
9334
8846
8114
7159
6007
4689
3239
1695
95
-1519
-3106
-4622
-6024
-7272
-8324
-9144
-9702
-9970
-9932
-9580
-8914
-7949
-6711
-5238
-3579
-1792
52
1884
3626
5206
6553
7607
8321
8661
8612
8179
7385
6272
4902
3348
1695
35
-1540
-2943
-4095
-4933
-5409
-5500
-5204
-4543
-3561
-2323
-909
587
2069
3436
4596
5469
5990
6117
5831
5138
4070
2683
1053
-729
-2562
-4340
-5959
-7323
-8353
-8986
-9184
-8934
-8247
-7161
-5736
-4048
-2191
-262
1635
3407
4964
6238
7174
7742
7934
7765
7270
6502
5525
4416
3250
2104
1046
131
-598
-1119
-1426
-1530
-1461
-1259
-976
-668
-392
-199
-134
-228
-499
-946
-1555
-2293
-3114
-3963
-4778
-5493
-6046
-6381
-6455
-6236
-5712
-4887
-3784
-2444
-920
718
2397
4037
5561
6895
7975
8751
9187
9266
8986
8365
7434
6241
4841
3300
1684
62
-1501
-2950
-4234
-5314
-6163
-6764
-7114
-7218
-7089
-6749
-6223
-5541
-4733
-3830
-2861
-1855
-836
168
1140
2056
2897
3644
4278
4783
5140
5336
5358
5197
4851
4321
3619
2762
1778
700
-429
-1563
-2650
-3635
-4469
-5104
-5500
-5627
-5470
-5025
-4305
-3340
-2173
-861
530
1927
3252
4431
5396
6087
6459
6485
6156
5484
4500
3253
1809
246
-1351
-2893
-4295
-5478
-6374
-6933
-7123
-6933
-6374
-5478
-4295
-2893
-1351
246
1809
3253
4500
5484
6156
6485
6459
6087
5396
4431
3252
1927
530
-861
-2173
-3340
-4305
-5025
-5470
-5627
-5500
-5104
-4469
-3635
-2650
-1563
-429
700
1778
2762
3619
4321
4851
5197
5358
5336
5140
4783
4278
3644
2897
2056
1140
168
-836
-1855
-2861
-3830
-4733
-5541
-6223
-6749
-7089
-7218
-7114
-6764
-6163
-5314
-4234
-2950
-1501
62
1684
3300
4841
6241
7434
8365
8986
9266
9187
8751
7975
6895
5561
4037
2397
718
-920
-2444
-3784
-4887
-5712
-6236
-6455
-6381
-6046
-5493
-4778
-3963
-3114
-2293
-1555
-946
-499
-228
-134
-199
-392
-668
-976
-1259
-1461
-1530
-1426
-1119
-598
131
1046
2104
3250
4416
5525
6502
7270
7765
7934
7742
7174
6238
4964
3407
1635
-262
-2191
-4048
-5736
-7161
-8247
-8934
-9184
-8986
-8353
-7323
-5959
-4340
-2562
-729
1053
2683
4070
5138
5831
6117
5990
5469
4596
3436
2069
587
-909
-2323
-3561
-4543
-5204
-5500
-5409
-4933
-4095
-2943
-1540
35
1695
3348
4902
6272
7385
8179
8612
8661
8321
7607
6553
5206
3626
1884
52
-1792
-3579
-5238
-6711
-7949
-8914
-9580
-9932
-9970
-9702
-9144
-8324
-7272
-6024
-4622
-3106
-1519
95
1695
3239
4689
6007
7159
8114
8846
9334
9562
9521
9210
8637
7815
6770
5533
4144
2649
1100
-451
-1951
-3347
-4591
-5642
-6468
-7047
-7369
-7435
-7258
-6862
-6280
-5552
-4723
-3839
-2946
-2084
-1290
-589
0
472
831
1089
1268
1393
1494
1599
1737
1927
2184
2512
2905
3347
3812
4267
4674
4990
5176
5194
5015
4620
4001
3167
2138
950
-348
-1699
-3040
-4300
-5416
-6324
-6974
-7328
-7364
-7075
-6477
-5599
-4490
-3210
-1828
-422
933
2166
3213
4023
4562
4813
4778
4477
3947
3239
2414
1538
679
-98
-741
-1206
-1465
-1508
-1343
-996
-505
77
690
1273
1762
2105
2256
2187
1888
1364
644
-228
-1196
-2189
-3132
-3949
-4568
-4929
-4986
-4713
-4107
-3186
-1991
-585
950
2524
4036
5386
6478
7231
7581
7487
6934
5935
4531
2791
805
-1318
-3460
-5496
-7304
-8775
-9813
-10349
-10341
-9776
-8674
-7085
-5089
-2788
-303
2235
4691
6935
8847
10329
11303
11722
11570
10860
9637
7974
5963
3715
1351
-1005
-3235
-5230
-6898
-8169
-8996
-9362
-9271
-8756
-7871
-6686
-5286
-3759
-2199
-692
684
1867
2809
3483
3880
4009
3899
3590
3131
2579
1992
1425
925
530
267
147
170
320
572
891
1238
1568
1842
2021
2077
1990
1752
1365
846
221
-476
-1205
-1921
-2580
-3140
-3566
-3830
-3916
-3818
-3542
-3106
-2537
-1870
-1146
-408
300
939
1475
1883
2145
2257
2224
2062
1795
1454
1077
699
357
84
-94
-161
-108
61
335
689
1093
1510
1899
2220
2434
2510
2423
2157
1711
1095
330
-549
-1500
-2474
-3413
-4262
-4967
-5479
-5759
-5779
-5523
-4992
-4201
-3180
-1973
-633
774
2183
3523
4726
5733
6492
6963
0
0
0
0
0
0
0
0
0
0
0
0
0
0
0
0
0
0
0
0
0
0
0
0
0
0
0
0
0
0
0
0
0
0
0
0
0
0
0
0
0
0
0
0
0
0
0
0
0
0
0
0
0
0
0
0
0
0
0
0
0
0
0
0
0
0
0
7123
7040
6792
6380
5806
5077
4199
3185
2053
826
-464
-1785
-3094
-4345
-5492
-6486
-7282
-7840
-8128
-8124
-7820
-7221
-6345
-5226
-3911
-2457
-930
598
2057
3380
4506
5384
5981
6276
6269
5976
5430
4677
3776
2792
1793
846
10
-664
-1142
-1406
-1452
-1296
-972
-523
-7
515
981
1332
1517
1498
1255
784
100
-762
-1752
-2808
-3855
-4817
-5619
-6191
-6478
-6440
-6057
-5330
-4284
-2965
-1438
216
1909
3545
5029
6277
7216
7793
7975
7754
7149
6199
4967
3532
1985
423
-1057
-2367
-3432
-4192
-4612
-4681
-4410
-3836
-3017
-2027
-951
119
1095
1896
2453
2717
2662
2283
1604
668
-457
-1692
-2946
-4124
-5133
-5891
-6331
-6405
-6090
-5388
-4326
-2957
-1353
397
2194
3934
5516
6849
7857
8483
8694
8484
7871
6897
5626
4138
2524
881
-697
-2125
-3329
-4254
-4866
-5152
-5126
-4818
-4281
-3578
-2783
-1971
-1217
-585
-125
126
155
-31
-409
-936
-1554
-2196
-2790
-3266
-3561
-3623
-3417
-2927
-2159
-1140
83
1447
2873
4277
5570
6668
7495
7993
8120
7857
7209
6204
4893
3347
1650
-103
-1817
-3396
-4754
-5819
-6540
-6885
-6849
-6449
-5725
-4737
-3561
-2283
-994
217
1269
2094
2641
2879
2800
2421
1778
927
-59
-1099
-2108
-2999
-3696
-4132
-4259
-4050
-3500
-2625
-1467
-84
1446
3038
4596
6027
7240
8159
8720
8880
8618
7936
6858
5433
3726
1818
-199
-2227
-4170
-5935
-7440
-8618
-9418
-9810
-9785
-9354
-8547
-7414
-6016
-4427
-2724
-988
700
2271
3661
4819
5709
6310
6614
6631
6381
5896
5218
4392
3470
2499
1529
603
-243
-979
-1586
-2050
-2367
-2543
-2587
-2516
-2351
-2113
-1826
-1513
-1196
-892
-617
-381
-191
-48
48
104
128
129
119
108
107
124
168
241
344
475
628
794
962
1118
1247
1333
1362
1320
1198
989
690
304
-158
-686
-1259
-1852
-2436
-2981
-3452
-3818
-4048
-4114
-3996
-3680
-3160
-2441
-1537
-474
712
1980
3277
4547
5732
6771
7609
8194
8485
8451
8073
7349
6289
4922
3289
1447
-536
-2587
-4624
-6562
-8322
-9826
-11007
-11811
-12196
-12140
-11635
-10695
-9350
-7646
-5646
-3422
-1059
1355
3732
5980
8017
9769
11172
12176
12750
12875
12552
11800
10650
9150
7360
5350
3196
978
-1222
-3326
-5260
-6958
-8364
-9433
-10136
-10456
-10391
-9955
-9174
-8090
-6751
-5220
-3561
-1846
-145
1470
2939
4201
5212
5935
6349
6447
6237
5741
4995
4045
2949
1769
572
-574
-1608
-2473
-3121
-3519
-3646
-3498
-3085
-2435
-1587
-595
479
1571
2609
3528
4267
4774
5012
4956
4602
3959
3056
1936
656
-716
-2108
-3445
-4653
-5665
-6425
-6889
-7031
-6841
-6329
-5521
-4460
-3202
-1814
-370
1055
2391
3570
4536
5246
5673
5808
5656
5239
4596
3774
2829
1823
818
-128
-964
-1647
-2150
-2454
-2559
-2476
-2227
-1847
-1375
-856
-335
146
550
850
1025
1069
985
786
496
143
-236
-609
-941
-1201
-1367
-1424
-1367
-1201
-941
-609
-236
143
496
786
985
1069
1025
850
550
146
-335
-856
-1375
-1847
-2227
-2476
-2559
-2454
-2150
-1647
-964
-128
818
1823
2829
3774
4596
5239
5656
5808
5673
5246
4536
3570
2391
1055
-370
-1814
-3202
-4460
-5521
-6329
-6841
-7031
-6889
-6425
-5665
-4653
-3445
-2108
-716
656
1936
3056
3959
4602
4956
5012
4774
4267
3528
2609
1571
479
-595
-1587
-2435
-3085
-3498
-3646
-3519
-3121
-2473
-1608
-574
572
1769
2949
4045
4995
5741
6237
6447
6349
5935
5212
4201
2939
1470
-145
-1846
-3561
-5220
-6751
-8090
-9174
-9955
-10391
-10456
-10136
-9433
-8364
-6958
-5260
-3326
-1222
978
3196
5350
7360
9150
10650
11800
12552
12875
12750
12176
11172
9769
8017
5980
3732
1355
-1059
-3422
-5646
-7646
-9350
-10695
-11635
-12140
-12196
-11811
-11007
-9826
-8322
-6562
-4624
-2587
-536
1447
3289
4922
6289
7349
8073
8451
8485
8194
7609
6771
5732
4547
3277
1980
712
-474
-1537
-2441
-3160
-3680
-3996
-4114
-4048
-3818
-3452
-2981
-2436
-1852
-1259
-686
-158
304
690
989
1198
1320
1362
1333
1247
1118
962
794
628
475
344
241
168
124
107
108
119
129
128
104
48
-48
-191
-381
-617
-892
-1196
-1513
-1826
-2113
-2351
-2516
-2587
-2543
-2367
-2050
-1586
-979
-243
603
1529
2499
3470
4392
5218
5896
6381
6631
6614
6310
5709
4819
3661
2271
700
-988
-2724
-4427
-6016
-7414
-8547
-9354
-9785
-9810
-9418
-8618
-7440
-5935
-4170
-2227
-199
1818
3726
5433
6858
7936
8618
8880
8720
8159
7240
6027
4596
3038
1446
-84
-1467
-2625
-3500
-4050
-4259
-4132
-3696
-2999
-2108
-1099
-59
927
1778
2421
2800
2879
2641
2094
1269
217
-994
-2283
-3561
-4737
-5725
-6449
-6849
-6885
-6540
-5819
-4754
-3396
-1817
-103
1650
3347
4893
6204
7209
7857
8120
7993
7495
6668
5570
4277
2873
1447
83
-1140
-2159
-2927
-3417
-3623
-3561
-3266
-2790
-2196
-1554
-936
-409
-31
155
126
-125
-585
-1217
-1971
-2783
-3578
-4281
-4818
-5126
-5152
-4866
-4254
-3329
-2125
-697
881
2524
4138
5626
6897
7871
8484
8694
8483
7857
6849
5516
3934
2194
397
-1353
-2957
-4326
-5388
-6090
-6405
-6331
-5891
-5133
-4124
-2946
-1692
-457
668
1604
2283
2662
2717
2453
1896
1095
119
-951
-2027
-3017
-3836
-4410
-4681
-4612
-4192
-3432
-2367
-1057
423
1985
3532
4967
6199
7149
7754
7975
7793
7216
6277
5029
3545
1909
216
-1438
-2965
-4284
-5330
-6057
-6440
-6478
-6191
-5619
-4817
-3855
-2808
-1752
-762
100
784
1255
1498
1517
1332
981
515
-7
-523
-972
-1296
-1452
-1406
-1142
-664
10
846
1793
2792
3776
4677
5430
5976
6269
6276
5981
5384
4506
3380
2057
598
-930
-2457
-3911
-5226
-6345
-7221
-7820
-8124
-8128
-7840
-7282
-6486
-5492
-4345
-3094
-1785
-464
826
2053
3185
4199
5077
5806
6380
6792
7040
0
0
0
0
0
0
0
0
0
0
0
0
0
0
0
0
0
0
0
0
0
0
0
0
0
0
0
0
0
0
0
0
0
0
0
0
0
0
0
0
0
0
0
0
0
0
0
0
0
0
0
0
0
0
0
0
0
0
0
0
0
0
0
0
0
0
0
