17269
10860
2323
-6503
-13675
-17624
-17552
-13646
-7044
438
6748
10116
9502
4874
-2766
-11612
-19489
-24393
-24992
-20975
-13146
-3247
6453
13713
16874
15271
9419
894
-8039
-14981
-17991
-16075
-9452
484
11483
20977
26708
27284
22529
13547
2464
-8071
-15531
-18124
-15240
-7608
2863
13539
21694
25174
22923
15258
3804
-8879
-19903
-26744
-27847
-23008
-13430
-1444
10040
18230
21115
17953
9452
-2389
-14751
-24660
-29696
-28562
-21402
-9768
3740
16081
24488
27110
23450
14470
2370
-9933
-19489
-23995
-22337
-14836
-3174
10002
21698
29260
30980
26482
16796
4110
-8737
-18907
-24204
-23562
-17269
-6882
5141
16010
23227
25144
21317
12579
836
-11371
-21439
-27272
-27724
-22829
-13764
-2566
8328
16611
20598
19566
13876
4870
-5444
-14830
-21300
-23513
-21037
-14409
-4991
5321
14505
20812
23111
21086
15278
6950
-2178
-10279
-15767
-17601
-15467
-9822
-1797
7032
14943
20394
22308
20275
14624
6366
-2997
-11743
-18255
-21326
-20385
-15618
-7946
1143
9863
16470
19603
18552
13416
5102
-4831
-14468
-21899
-25605
-24765
-19436
-10561
202
10793
19159
23661
23411
18457
9790
-852
-11321
-19489
-23676
-22989
-17506
-8259
2970
14002
22701
27390
27185
22159
13316
2383
-8538
-17386
-22537
-23111
-19117
-11435
-1619
8414
16757
21866
22839
19557
12675
3479
-6373
-15156
-21389
-24077
-22861
-18059
-10579
-1745
6935
14023
18380
19340
16806
11247
3621
-4785
-12557
-18379
-21238
-20593
-16466
-9452
-634
8577
16669
22278
24419
22671
17266
9070
-547
-9934
-17446
-21735
-21998
-18136
-10784
-1216
8878
17691
23626
25585
23172
16768
7458
-3158
-13264
-21146
-25502
-25659
-21680
-14337
-4956
4831
13373
19282
21658
20214
15302
7819
-962
-9610
-16770
-21364
-22742
-20752
-15744
-8489
-60
8328
15489
20425
22454
21302
17139
10562
2517
-5819
-13200
-18490
-20833
-19793
-15444
-8376
370
9452
17427
22985
25167
23534
18256
10098
306
-9595
-18051
-23738
-25781
-23899
-18445
-10342
-916
8328
15950
20809
22233
20100
14836
7317
-1280
-9676
-16676
-21335
-23071
-21720
-17531
-11107
-3316
4831
12303
18167
21692
22436
20294
15522
8715
749
-7315
-14367
-19391
-21614
-20635
-16499
-9718
-1216
7793
15984
22118
25243
24846
20941
14071
5225
-4317
-13185
-20136
-24233
-24981
-22385
-16923
-9452
-1064
7079
13917
18615
20664
19908
16541
11055
4160
-3299
-10441
-16433
-20571
-22346
-21500
-18059
-12350
-4978
3219
11256
18121
22898
24907
23810
19683
13021
4692
-4186
-12397
-18810
-22546
-23111
-20461
-15010
-7549
873
9116
16108
20992
23227
22631
19380
13947
7025
-575
-8021
-14540
-19489
-22393
-22979
-21192
-17198
-11380
-4318
3252
10500
16581
20738
22403
21287
17441
11278
3530
-4831
-12726
-19119
-23164
-24330
-22475
-17858
-11093
-3053
5263
12871
18928
22826
24245
23158
19803
14624
8203
1193
-5740
-11965
-16925
-20162
-21356
-20348
-17173
-12078
-5526
1827
9185
15695
20553
23111
22980
20099
14756
7561
-632
-8844
-16108
-21593
-24718
-25209
-23119
-18786
-12774
-5772
1491
8328
14156
18525
21131
21815
20554
17456
12759
6829
157
-6661
-12962
-18074
-21393
-22467
-21073
-17269
-11407
-4108
3815
11459
17953
22575
24845
24580
21894
17166
10967
3970
-3141
-9741
-15316
-19489
-22014
-22770
-21741
-19008
-14749
-9242
-2876
3856
10372
16048
20279
22562
22571
20219
15695
9452
2160
-5382
-12349
-18005
-21791
-23390
-22743
-20034
-15633
-10027
-3752
2675
8791
14203
18591
21694
23307
23278
21529
18082
13090
6866
-124
-7279
-13920
-19371
-23050
-24552
-23716
-20646
-15704
-9452
-2566
4252
10371
15295
18702
20448
20539
19094
16300
12377
7562
2112
-3683
-9486
-14901
-19489
-22805
-24451
-24142
-21768
-17438
-11484
-4439
3027
10196
16398
21097
23949
24833
23833
21195
17269
12441
7082
1521
-3964
-9127
-13732
-17535
-20273
-21685
-21548
-19726
-16225
-11226
-5098
1631
8328
14339
19077
22108
23198
22340
19731
15719
10741
5241
-379
-5798
-10778
-15145
-18756
-21466
-23111
-23512
-22505
-19986
-15959
-10586
-4196
2727
9595
15790
20750
24052
25465
24976
22770
19180
14624
9523
4248
-917
-5776
-10197
-14077
-17297
-19700
-21088
-21249
-20007
-17276
-13115
-7755
-1596
4831
10938
16157
20031
22272
22793
21697
19237
15748
11578
7027
2319
-2403
-7049
-11537
-15747
-19489
-22499
-24467
-25085
-24121
-21478
-17245
-11701
-5294
1425
7882
13568
18106
21295
23105
23647
23111
21701
19579
16838
13498
9548
4992
-89
-5505
-10937
-15966
-20131
-23004
-24269
-23789
-21632
-18059
-13479
-8369
-3188
1692
6031
9732
12810
15333
17361
18889
19825
19992
19174
17181
13920
9452
4016
-1983
-8031
-13586
-18168
-21437
-23239
-23614
-22759
-20961
-18517
-15660
-12521
-9114
-5374
-1216
3394
8381
13521
18461
22755
25952
27680
27728
26088
22961
18716
13812
8707
3772
-764
-4831
-8490
-11867
-15078
-18157
-21005
-23396
-25007
-25498
-24600
-22191
-18354
-13373
-7699
-1865
3613
8328
12050
14744
16547
17693
18431
18934
19241
19243
18710
17367
14982
11457
6883
1553
-4073
-9452
-14062
-17506
-19582
-20313
-19919
-18745
-17163
-15467
-13805
-12147
-10313
-8037
-5073
-1287
3267
8328
13456
18116
21785
24065
24768
23951
21896
19028
15815
12647
9751
7146
4666
2023
-1077
-4831
-9250
-14115
-19011
-23395
-26721
-28561
-28704
-27204
-24367
-20675
-16664
-12802
-9378
-6445
-3833
-1216
1772
5409
9781
14721
19828
24540
28256
30482
30944
29657
26921
23245
19226
15398
12111
9452
7239
5094
2565
-728
-4965
-10045
-15584
-20986
-25578
-28767
-30179
-29755
-27760
-24720
-21282
-18059
-15470
-13644
-12393
-11282
-9753
-7294
-3603
1312
7104
13150
18690
23005
25590
26278
25276
23111
20490
18120
16519
15885
16045
16506
16589
15621
13129
8982
3453
-2828
-9013
-14239
-17836
-19489
-19316
-17833
-15814
-14091
-13329
-13846
-15527
-17844
-19995
-21112
-20496
-17815
-13207
-7266
-912
4831
9088
11343
11577
10263
8243
6510
5936
7044
9852
13860
18163
21681
23433
22803
19704
14624
8515
2563
-2101
-4690
-4961
-3277
-517
2150
3571
2915
-95
-5096
-11155
-16996
-21313
-23111
-21957
-18111
-12473
-6364
-1202
1858
2218
0
-3978
-8403
-11804
-12923
-11061
-6263
661
8328
15110
19547
20709
18446
13439
7038
933
-3268
-4451
-2288
2670
9109
15281
19436
20270
-17269
-10860
-2323
6503
13675
17624
17552
13646
7044
-438
-6748
-10116
-9502
-4874
2766
11612
19489
24393
24992
20975
13146
3247
-6453
-13713
-16874
-15271
-9419
-894
8039
14981
17991
16075
9452
-484
-11483
-20977
-26708
-27284
-22529
-13547
-2464
8071
15531
18124
15240
7608
-2863
-13539
-21694
-25174
-22923
-15258
-3804
8879
19903
26744
27847
23008
13430
1444
-10040
-18230
-21115
-17953
-9452
2389
14751
24660
29696
28562
21402
9768
-3740
-16081
-24488
-27110
-23450
-14470
-2370
9933
19489
23995
22337
14836
3174
-10002
-21698
-29260
-30980
-26482
-16796
-4110
8737
18907
24204
23562
17269
6882
-5141
-16010
-23227
-25144
-21317
-12579
-836
11371
21439
27272
27724
22829
13764
2566
-8328
-16611
-20598
-19566
-13876
-4870
5444
14830
21300
23513
21037
14409
4991
-5321
-14505
-20812
-23111
-21086
-15278
-6950
2178
10279
15767
17601
15467
9822
1797
-7032
-14943
-20394
-22308
-20275
-14624
-6366
2997
11743
18255
21326
20385
15618
7946
-1143
-9863
-16470
-19603
-18552
-13416
-5102
4831
14468
21899
25605
24765
19436
10561
-202
-10793
-19159
-23661
-23411
-18457
-9790
852
11321
19489
23676
22989
17506
8259
-2970
-14002
-22701
-27390
-27185
-22159
-13316
-2383
8538
17386
22537
23111
19117
11435
1619
-8414
-16757
-21866
-22839
-19557
-12675
-3479
6373
15156
21389
24077
22861
18059
10579
1745
-6935
-14023
-18380
-19340
-16806
-11247
-3621
4785
12557
18379
21238
20593
16466
9452
634
-8577
-16669
-22278
-24419
-22671
-17266
-9070
547
9934
17446
21735
21998
18136
10784
1216
-8878
-17691
-23626
-25585
-23172
-16768
-7458
3158
13264
21146
25502
25659
21680
14337
4956
-4831
-13373
-19282
-21658
-20214
-15302
-7819
962
9610
16770
21364
22742
20752
15744
8489
60
-8328
-15489
-20425
-22454
-21302
-17139
-10562
-2517
5819
13200
18490
20833
19793
15444
8376
-370
-9452
-17427
-22985
-25167
-23534
-18256
-10098
-306
9595
18051
23738
25781
23899
18445
10342
916
-8328
-15950
-20809
-22233
-20100
-14836
-7317
1280
9676
16676
21335
23071
21720
17531
11107
3316
-4831
-12303
-18167
-21692
-22436
-20294
-15522
-8715
-749
7315
14367
19391
21614
20635
16499
9718
1216
-7793
-15984
-22118
-25243
-24846
-20941
-14071
-5225
4317
13185
20136
24233
24981
22385
16923
9452
1064
-7079
-13917
-18615
-20664
-19908
-16541
-11055
-4160
3299
10441
16433
20571
22346
21500
18059
12350
4978
-3219
-11256
-18121
-22898
-24907
-23810
-19683
-13021
-4692
4186
12397
18810
22546
23111
20461
15010
7549
-873
-9116
-16108
-20992
-23227
-22631
-19380
-13947
-7025
575
8021
14540
19489
22393
22979
21192
17198
11380
4318
-3252
-10500
-16581
-20738
-22403
-21287
-17441
-11278
-3530
4831
12726
19119
23164
24330
22475
17858
11093
3053
-5263
-12871
-18928
-22826
-24245
-23158
-19803
-14624
-8203
-1193
5740
11965
16925
20162
21356
20348
17173
12078
5526
-1827
-9185
-15695
-20553
-23111
-22980
-20099
-14756
-7561
632
8844
16108
21593
24718
25209
23119
18786
12774
5772
-1491
-8328
-14156
-18525
-21131
-21815
-20554
-17456
-12759
-6829
-157
6661
12962
18074
21393
22467
21073
17269
11407
4108
-3815
-11459
-17953
-22575
-24845
-24580
-21894
-17166
-10967
-3970
3141
9741
15316
19489
22014
22770
21741
19008
14749
9242
2876
-3856
-10372
-16048
-20279
-22562
-22571
-20219
-15695
-9452
-2160
5382
12349
18005
21791
23390
22743
20034
15633
10027
3752
-2675
-8791
-14203
-18591
-21694
-23307
-23278
-21529
-18082
-13090
-6866
124
7279
13920
19371
23050
24552
23716
20646
15704
9452
2566
-4252
-10371
-15295
-18702
-20448
-20539
-19094
-16300
-12377
-7562
-2112
3683
9486
14901
19489
22805
24451
24142
21768
17438
11484
4439
-3027
-10196
-16398
-21097
-23949
-24833
-23833
-21195
-17269
-12441
-7082
-1521
3964
9127
13732
17535
20273
21685
21548
19726
16225
11226
5098
-1631
-8328
-14339
-19077
-22108
-23198
-22340
-19731
-15719
-10741
-5241
379
5798
10778
15145
18756
21466
23111
23512
22505
19986
15959
10586
4196
-2727
-9595
-15790
-20750
-24052
-25465
-24976
-22770
-19180
-14624
-9523
-4248
917
5776
10197
14077
17297
19700
21088
21249
20007
17276
13115
7755
1596
-4831
-10938
-16157
-20031
-22272
-22793
-21697
-19237
-15748
-11578
-7027
-2319
2403
7049
11537
15747
19489
22499
24467
25085
24121
21478
17245
11701
5294
-1425
-7882
-13568
-18106
-21295
-23105
-23647
-23111
-21701
-19579
-16838
-13498
-9548
-4992
89
5505
10937
15966
20131
23004
24269
23789
21632
18059
13479
8369
3188
-1692
-6031
-9732
-12810
-15333
-17361
-18889
-19825
-19992
-19174
-17181
-13920
-9452
-4016
1983
8031
13586
18168
21437
23239
23614
22759
20961
18517
15660
12521
9114
5374
1216
-3394
-8381
-13521
-18461
-22755
-25952
-27680
-27728
-26088
-22961
-18716
-13812
-8707
-3772
764
4831
8490
11867
15078
18157
21005
23396
25007
25498
24600
22191
18354
13373
7699
1865
-3613
-8328
-12050
-14744
-16547
-17693
-18431
-18934
-19241
-19243
-18710
-17367
-14982
-11457
-6883
-1553
4073
9452
14062
17506
19582
20313
19919
18745
17163
15467
13805
12147
10313
8037
5073
1287
-3267
-8328
-13456
-18116
-21785
-24065
-24768
-23951
-21896
-19028
-15815
-12647
-9751
-7146
-4666
-2023
1077
4831
9250
14115
19011
23395
26721
28561
28704
27204
24367
20675
16664
12802
9378
6445
3833
1216
-1772
-5409
-9781
-14721
-19828
-24540
-28256
-30482
-30944
-29657
-26921
-23245
-19226
-15398
-12111
-9452
-7239
-5094
-2565
728
4965
10045
15584
20986
25578
28767
30179
29755
27760
24720
21282
18059
15470
13644
12393
11282
9753
7294
3603
-1312
-7104
-13150
-18690
-23005
-25590
-26278
-25276
-23111
-20490
-18120
-16519
-15885
-16045
-16506
-16589
-15621
-13129
-8982
-3453
2828
9013
14239
17836
19489
19316
17833
15814
14091
13329
13846
15527
17844
19995
21112
20496
17815
13207
7266
912
-4831
-9088
-11343
-11577
-10263
-8243
-6510
-5936
-7044
-9852
-13860
-18163
-21681
-23433
-22803
-19704
-14624
-8515
-2563
2101
4690
4961
3277
517
-2150
-3571
-2915
95
5096
11155
16996
21313
23111
21957
18111
12473
6364
1202
-1858
-2218
0
3978
8403
11804
12923
11061
6263
-661
-8328
-15110
-19547
-20709
-18446
-13439
-7038
-933
3268
4451
2288
-2670
-9109
-15281
-19436
-20270
-17269
-10860
-2323
6503
13675
17624
17552
13646
7044
-438
-6748
-10116
-9502
-4874
2766
11612
19489
24393
24992
20975
13146
3247
-6453
-13713
-16874
-15271
-9419
-894
8039
14981
17991
16075
9452
-484
-11483
-20977
-26708
-27284
-22529
-13547
-2464
8071
15531
18124
15240
7608
-2863
-13539
-21694
-25174
-22923
-15258
-3804
8879
19903
26744
27847
23008
13430
1444
-10040
-18230
-21115
-17953
-9452
2389
14751
24660
29696
28562
21402
9768
-3740
-16081
-24488
-27110
-23450
-14470
-2370
9933
19489
23995
22337
14836
3174
-10002
-21698
-29260
-30980
-26482
-16796
-4110
8737
18907
24204
23562
17269
6882
-5141
-16010
-23227
-25144
-21317
-12579
-836
11371
21439
27272
27724
22829
13764
2566
-8328
-16611
-20598
-19566
-13876
-4870
5444
14830
21300
23513
21037
14409
4991
-5321
-14505
-20812
-23111
-21086
-15278
-6950
2178
10279
15767
17601
15467
9822
1797
-7032
-14943
-20394
-22308
-20275
-14624
-6366
2997
11743
18255
21326
20385
15618
7946
-1143
-9863
-16470
-19603
-18552
-13416
-5102
4831
14468
21899
25605
24765
19436
10561
-202
-10793
-19159
-23661
-23411
-18457
-9790
852
11321
19489
23676
22989
17506
8259
-2970
-14002
-22701
-27390
-27185
-22159
-13316
-2383
8538
17386
22537
23111
19117
11435
1619
-8414
-16757
-21866
-22839
-19557
-12675
-3479
6373
15156
21389
24077
22861
18059
10579
1745
-6935
-14023
-18380
-19340
-16806
-11247
-3621
4785
12557
18379
21238
20593
16466
9452
634
-8577
-16669
-22278
-24419
-22671
-17266
-9070
547
9934
17446
21735
21998
18136
10784
1216
-8878
-17691
-23626
-25585
-23172
-16768
-7458
3158
13264
21146
25502
25659
21680
14337
4956
-4831
-13373
-19282
-21658
-20214
-15302
-7819
962
9610
16770
21364
22742
20752
15744
8489
60
-8328
-15489
-20425
-22454
-21302
-17139
-10562
-2517
5819
13200
18490
20833
19793
15444
8376
-370
-9452
-17427
-22985
-25167
-23534
-18256
-10098
-306
9595
18051
23738
25781
23899
18445
10342
916
-8328
-15950
-20809
-22233
-20100
-14836
-7317
1280
9676
16676
21335
23071
21720
17531
11107
3316
-4831
-12303
-18167
-21692
-22436
-20294
-15522
-8715
-749
7315
14367
19391
21614
20635
16499
9718
1216
-7793
-15984
-22118
-25243
-24846
-20941
-14071
-5225
4317
13185
20136
24233
24981
22385
16923
9452
1064
-7079
-13917
-18615
-20664
-19908
-16541
-11055
-4160
3299
10441
16433
20571
22346
21500
18059
12350
4978
-3219
-11256
-18121
-22898
-24907
-23810
-19683
-13021
-4692
4186
12397
18810
22546
23111
20461
15010
7549
-873
-9116
-16108
-20992
-23227
-22631
-19380
-13947
-7025
575
8021
14540
19489
22393
22979
21192
17198
11380
4318
-3252
-10500
-16581
-20738
-22403
-21287
-17441
-11278
-3530
4831
12726
19119
23164
24330
22475
17858
11093
3053
-5263
-12871
-18928
-22826
-24245
-23158
-19803
-14624
-8203
-1193
5740
11965
16925
20162
21356
20348
17173
12078
5526
-1827
-9185
-15695
-20553
-23111
-22980
-20099
-14756
-7561
632
8844
16108
21593
24718
25209
23119
18786
12774
5772
-1491
-8328
-14156
-18525
-21131
-21815
-20554
-17456
-12759
-6829
-157
6661
12962
18074
21393
22467
21073
17269
11407
4108
-3815
-11459
-17953
-22575
-24845
-24580
-21894
-17166
-10967
-3970
3141
9741
15316
19489
22014
22770
21741
19008
14749
9242
2876
-3856
-10372
-16048
-20279
-22562
-22571
-20219
-15695
-9452
-2160
5382
12349
18005
21791
23390
22743
20034
15633
10027
3752
-2675
-8791
-14203
-18591
-21694
-23307
-23278
-21529
-18082
-13090
-6866
124
7279
13920
19371
23050
24552
23716
20646
15704
9452
2566
-4252
-10371
-15295
-18702
-20448
-20539
-19094
-16300
-12377
-7562
-2112
3683
9486
14901
19489
22805
24451
24142
21768
17438
11484
4439
-3027
-10196
-16398
-21097
-23949
-24833
-23833
-21195
-17269
-12441
-7082
-1521
3964
9127
13732
17535
20273
21685
21548
19726
16225
11226
5098
-1631
-8328
-14339
-19077
-22108
-23198
-22340
-19731
-15719
-10741
-5241
379
5798
10778
15145
18756
21466
23111
23512
22505
19986
15959
10586
4196
-2727
-9595
-15790
-20750
-24052
-25465
-24976
-22770
-19180
-14624
-9523
-4248
917
5776
10197
14077
17297
19700
21088
21249
20007
17276
13115
7755
1596
-4831
-10938
-16157
-20031
-22272
-22793
-21697
-19237
-15748
-11578
-7027
-2319
2403
7049
11537
15747
19489
22499
24467
25085
24121
21478
17245
11701
5294
-1425
-7882
-13568
-18106
-21295
-23105
-23647
-23111
-21701
-19579
-16838
-13498
-9548
-4992
89
5505
10937
15966
20131
23004
24269
23789
21632
18059
13479
8369
3188
-1692
-6031
-9732
-12810
-15333
-17361
-18889
-19825
-19992
-19174
-17181
-13920
-9452
-4016
1983
8031
13586
18168
21437
23239
23614
22759
20961
18517
15660
12521
9114
5374
1216
-3394
-8381
-13521
-18461
-22755
-25952
-27680
-27728
-26088
-22961
-18716
-13812
-8707
-3772
764
4831
8490
11867
15078
18157
21005
23396
25007
25498
24600
22191
18354
13373
7699
1865
-3613
-8328
-12050
-14744
-16547
-17693
-18431
-18934
-19241
-19243
-18710
-17367
-14982
-11457
-6883
-1553
4073
9452
14062
17506
19582
20313
19919
18745
17163
15467
13805
12147
10313
8037
5073
1287
-3267
-8328
-13456
-18116
-21785
-24065
-24768
-23951
-21896
-19028
-15815
-12647
-9751
-7146
-4666
-2023
1077
4831
9250
14115
19011
23395
26721
28561
28704
27204
24367
20675
16664
12802
9378
6445
3833
1216
-1772
-5409
-9781
-14721
-19828
-24540
-28256
-30482
-30944
-29657
-26921
-23245
-19226
-15398
-12111
-9452
-7239
-5094
-2565
728
4965
10045
15584
20986
25578
28767
30179
29755
27760
24720
21282
18059
15470
13644
12393
11282
9753
7294
3603
-1312
-7104
-13150
-18690
-23005
-25590
-26278
-25276
-23111
-20490
-18120
-16519
-15885
-16045
-16506
-16589
-15621
-13129
-8982
-3453
2828
9013
14239
17836
19489
19316
17833
15814
14091
13329
13846
15527
17844
19995
21112
20496
17815
13207
7266
912
-4831
-9088
-11343
-11577
-10263
-8243
-6510
-5936
-7044
-9852
-13860
-18163
-21681
-23433
-22803
-19704
-14624
-8515
-2563
2101
4690
4961
3277
517
-2150
-3571
-2915
95
5096
11155
16996
21313
23111
21957
18111
12473
6364
1202
-1858
-2218
0
3978
8403
11804
12923
11061
6263
-661
-8328
-15110
-19547
-20709
-18446
-13439
-7038
-933
3268
4451
2288
-2670
-9109
-15281
-19436
-20270
-17269
-10860
-2323
6503
13675
17624
17552
13646
7044
-438
-6748
-10116
-9502
-4874
2766
11612
19489
24393
24992
20975
13146
3247
-6453
-13713
-16874
-15271
-9419
-894
8039
14981
17991
16075
9452
-484
-11483
-20977
-26708
-27284
-22529
-13547
-2464
8071
15531
18124
15240
7608
-2863
-13539
-21694
-25174
-22923
-15258
-3804
8879
19903
26744
27847
23008
13430
1444
-10040
-18230
-21115
-17953
-9452
2389
14751
24660
29696
28562
21402
9768
-3740
-16081
-24488
-27110
-23450
-14470
-2370
9933
19489
23995
22337
14836
3174
-10002
-21698
-29260
-30980
-26482
-16796
-4110
8737
18907
24204
23562
17269
6882
-5141
-16010
-23227
-25144
-21317
-12579
-836
11371
21439
27272
27724
22829
13764
2566
-8328
-16611
-20598
-19566
-13876
-4870
5444
14830
21300
23513
21037
14409
4991
-5321
-14505
-20812
-23111
-21086
-15278
-6950
2178
10279
15767
17601
15467
9822
1797
-7032
-14943
-20394
-22308
-20275
-14624
-6366
2997
11743
18255
21326
20385
15618
7946
-1143
-9863
-16470
-19603
-18552
-13416
-5102
4831
14468
21899
25605
24765
19436
10561
-202
-10793
-19159
-23661
-23411
-18457
-9790
852
11321
19489
23676
22989
17506
8259
-2970
-14002
-22701
-27390
-27185
-22159
-13316
-2383
8538
17386
22537
23111
19117
11435
1619
-8414
-16757
-21866
-22839
-19557
-12675
-3479
6373
15156
21389
24077
22861
18059
10579
1745
-6935
-14023
-18380
-19340
-16806
-11247
-3621
4785
12557
18379
21238
20593
16466
9452
634
-8577
-16669
-22278
-24419
-22671
-17266
-9070
547
9934
17446
21735
21998
18136
10784
1216
-8878
-17691
-23626
-25585
-23172
-16768
-7458
3158
13264
21146
25502
25659
21680
14337
4956
-4831
-13373
-19282
-21658
-20214
-15302
-7819
962
9610
16770
21364
22742
20752
15744
8489
60
-8328
-15489
-20425
-22454
-21302
-17139
-10562
-2517
5819
13200
18490
20833
19793
15444
8376
-370
-9452
-17427
-22985
-25167
-23534
-18256
-10098
-306
9595
18051
23738
25781
23899
18445
10342
916
-8328
-15950
-20809
-22233
-20100
-14836
-7317
1280
9676
16676
21335
23071
21720
17531
11107
3316
-4831
-12303
-18167
-21692
-22436
-20294
-15522
-8715
-749
7315
14367
19391
21614
20635
16499
9718
1216
-7793
-15984
-22118
-25243
-24846
-20941
-14071
-5225
4317
13185
20136
24233
24981
22385
16923
9452
1064
-7079
-13917
-18615
-20664
-19908
-16541
-11055
-4160
3299
10441
16433
20571
22346
21500
18059
12350
4978
-3219
-11256
-18121
-22898
-24907
-23810
-19683
-13021
-4692
4186
12397
18810
22546
23111
20461
15010
7549
-873
-9116
-16108
-20992
-23227
-22631
-19380
-13947
-7025
575
8021
14540
19489
22393
22979
21192
17198
11380
4318
-3252
-10500
-16581
-20738
-22403
-21287
-17441
-11278
-3530
4831
12726
19119
23164
24330
22475
17858
11093
3053
-5263
-12871
-18928
-22826
-24245
-23158
-19803
-14624
-8203
-1193
5740
11965
16925
20162
21356
20348
17173
12078
5526
-1827
-9185
-15695
-20553
-23111
-22980
-20099
-14756
-7561
632
8844
16108
21593
24718
25209
23119
18786
12774
5772
-1491
-8328
-14156
-18525
-21131
-21815
-20554
-17456
-12759
-6829
-157
6661
12962
18074
21393
22467
21073
17269
11407
4108
-3815
-11459
-17953
-22575
-24845
-24580
-21894
-17166
-10967
-3970
3141
9741
15316
19489
22014
22770
21741
19008
14749
9242
2876
-3856
-10372
-16048
-20279
-22562
-22571
-20219
-15695
-9452
-2160
5382
12349
18005
21791
23390
22743
20034
15633
10027
3752
-2675
-8791
-14203
-18591
-21694
-23307
-23278
-21529
-18082
-13090
-6866
124
7279
13920
19371
23050
24552
23716
20646
15704
9452
2566
-4252
-10371
-15295
-18702
-20448
-20539
-19094
-16300
-12377
-7562
-2112
3683
9486
14901
19489
22805
24451
24142
21768
17438
11484
4439
-3027
-10196
-16398
-21097
-23949
-24833
-23833
-21195
-17269
-12441
-7082
-1521
3964
9127
13732
17535
20273
21685
21548
19726
16225
11226
5098
-1631
-8328
-14339
-19077
-22108
-23198
-22340
-19731
-15719
-10741
-5241
379
5798
10778
15145
18756
21466
23111
23512
22505
19986
15959
10586
4196
-2727
-9595
-15790
-20750
-24052
-25465
-24976
-22770
-19180
-14624
-9523
-4248
917
5776
10197
14077
17297
19700
21088
21249
20007
17276
13115
7755
1596
-4831
-10938
-16157
-20031
-22272
-22793
-21697
-19237
-15748
-11578
-7027
-2319
2403
7049
11537
15747
19489
22499
24467
25085
24121
21478
17245
11701
5294
-1425
-7882
-13568
-18106
-21295
-23105
-23647
-23111
-21701
-19579
-16838
-13498
-9548
-4992
89
5505
10937
15966
20131
23004
24269
23789
21632
18059
13479
8369
3188
-1692
-6031
-9732
-12810
-15333
-17361
-18889
-19825
-19992
-19174
-17181
-13920
-9452
-4016
1983
8031
13586
18168
21437
23239
23614
22759
20961
18517
15660
12521
9114
5374
1216
-3394
-8381
-13521
-18461
-22755
-25952
-27680
-27728
-26088
-22961
-18716
-13812
-8707
-3772
764
4831
8490
11867
15078
18157
21005
23396
25007
25498
24600
22191
18354
13373
7699
1865
-3613
-8328
-12050
-14744
-16547
-17693
-18431
-18934
-19241
-19243
-18710
-17367
-14982
-11457
-6883
-1553
4073
9452
14062
17506
19582
20313
19919
18745
17163
15467
13805
12147
10313
8037
5073
1287
-3267
-8328
-13456
-18116
-21785
-24065
-24768
-23951
-21896
-19028
-15815
-12647
-9751
-7146
-4666
-2023
1077
4831
9250
14115
19011
23395
26721
28561
28704
27204
24367
20675
16664
12802
9378
6445
3833
1216
-1772
-5409
-9781
-14721
-19828
-24540
-28256
-30482
-30944
-29657
-26921
-23245
-19226
-15398
-12111
-9452
-7239
-5094
-2565
728
4965
10045
15584
20986
25578
28767
30179
29755
27760
24720
21282
18059
15470
13644
12393
11282
9753
7294
3603
-1312
-7104
-13150
-18690
-23005
-25590
-26278
-25276
-23111
-20490
-18120
-16519
-15885
-16045
-16506
-16589
-15621
-13129
-8982
-3453
2828
9013
14239
17836
19489
19316
17833
15814
14091
13329
13846
15527
17844
19995
21112
20496
17815
13207
7266
912
-4831
-9088
-11343
-11577
-10263
-8243
-6510
-5936
-7044
-9852
-13860
-18163
-21681
-23433
-22803
-19704
-14624
-8515
-2563
2101
4690
4961
3277
517
-2150
-3571
-2915
95
5096
11155
16996
21313
23111
21957
18111
12473
6364
1202
-1858
-2218
0
3978
8403
11804
12923
11061
6263
-661
-8328
-15110
-19547
-20709
-18446
-13439
-7038
-933
3268
4451
2288
-2670
-9109
-15281
-19436
-20270
-17269
-10860
-2323
6503
13675
17624
17552
13646
7044
-438
-6748
-10116
-9502
-4874
2766
11612
19489
24393
24992
20975
13146
3247
-6453
-13713
-16874
-15271
-9419
-894
8039
14981
17991
16075
9452
-484
-11483
-20977
-26708
-27284
-22529
-13547
-2464
8071
15531
18124
15240
7608
-2863
-13539
-21694
-25174
-22923
-15258
-3804
8879
19903
26744
27847
23008
13430
1444
-10040
-18230
-21115
-17953
-9452
2389
14751
24660
29696
28562
21402
9768
-3740
-16081
-24488
-27110
-23450
-14470
-2370
9933
19489
23995
22337
14836
3174
-10002
-21698
-29260
-30980
-26482
-16796
-4110
8737
18907
24204
23562
17269
6882
-5141
-16010
-23227
-25144
-21317
-12579
-836
11371
21439
27272
27724
22829
13764
2566
-8328
-16611
-20598
-19566
-13876
-4870
5444
14830
21300
23513
21037
14409
4991
-5321
-14505
-20812
-23111
-21086
-15278
-6950
2178
10279
15767
17601
15467
9822
1797
-7032
-14943
-20394
-22308
-20275
-14624
-6366
2997
11743
18255
21326
20385
15618
7946
-1143
-9863
-16470
-19603
-18552
-13416
-5102
4831
14468
21899
25605
24765
19436
10561
-202
-10793
-19159
-23661
-23411
-18457
-9790
852
11321
19489
23676
22989
17506
8259
-2970
-14002
-22701
-27390
-27185
-22159
-13316
-2383
8538
17386
22537
23111
19117
11435
1619
-8414
-16757
-21866
-22839
-19557
-12675
-3479
6373
15156
21389
24077
22861
18059
10579
1745
-6935
-14023
-18380
-19340
-16806
-11247
-3621
4785
12557
18379
21238
20593
16466
9452
634
-8577
-16669
-22278
-24419
-22671
-17266
-9070
547
9934
17446
21735
21998
18136
10784
1216
-8878
-17691
-23626
-25585
-23172
-16768
-7458
3158
13264
21146
25502
25659
21680
14337
4956
-4831
-13373
-19282
-21658
-20214
-15302
-7819
962
9610
16770
21364
22742
20752
15744
8489
60
-8328
-15489
-20425
-22454
-21302
-17139
-10562
-2517
5819
13200
18490
20833
19793
15444
8376
-370
-9452
-17427
-22985
-25167
-23534
-18256
-10098
-306
9595
18051
23738
25781
23899
18445
10342
916
-8328
-15950
-20809
-22233
-20100
-14836
-7317
1280
9676
16676
21335
23071
21720
17531
11107
3316
-4831
-12303
-18167
-21692
-22436
-20294
-15522
-8715
-749
7315
14367
19391
21614
20635
16499
9718
1216
-7793
-15984
-22118
-25243
-24846
-20941
-14071
-5225
4317
13185
20136
24233
24981
22385
16923
9452
1064
-7079
-13917
-18615
-20664
-19908
-16541
-11055
-4160
3299
10441
16433
20571
22346
21500
18059
12350
4978
-3219
-11256
-18121
-22898
-24907
-23810
-19683
-13021
-4692
4186
12397
18810
22546
23111
20461
15010
7549
-873
-9116
-16108
-20992
-23227
-22631
-19380
-13947
-7025
575
8021
14540
19489
22393
22979
21192
17198
11380
4318
-3252
-10500
-16581
-20738
-22403
-21287
-17441
-11278
-3530
4831
12726
19119
23164
24330
22475
17858
11093
3053
-5263
-12871
-18928
-22826
-24245
-23158
-19803
-14624
-8203
-1193
5740
11965
16925
20162
21356
20348
17173
12078
5526
-1827
-9185
-15695
-20553
-23111
-22980
-20099
-14756
-7561
632
8844
16108
21593
24718
25209
23119
18786
12774
5772
-1491
-8328
-14156
-18525
-21131
-21815
-20554
-17456
-12759
-6829
-157
6661
12962
18074
21393
22467
21073
17269
11407
4108
-3815
-11459
-17953
-22575
-24845
-24580
-21894
-17166
-10967
-3970
3141
9741
15316
19489
22014
22770
21741
19008
14749
9242
2876
-3856
-10372
-16048
-20279
-22562
-22571
-20219
-15695
-9452
-2160
5382
12349
18005
21791
23390
22743
20034
15633
10027
3752
-2675
-8791
-14203
-18591
-21694
-23307
-23278
-21529
-18082
-13090
-6866
124
7279
13920
19371
23050
24552
23716
20646
15704
9452
2566
-4252
-10371
-15295
-18702
-20448
-20539
-19094
-16300
-12377
-7562
-2112
3683
9486
14901
19489
22805
24451
24142
21768
17438
11484
4439
-3027
-10196
-16398
-21097
-23949
-24833
-23833
-21195
-17269
-12441
-7082
-1521
3964
9127
13732
17535
20273
21685
21548
19726
16225
11226
5098
-1631
-8328
-14339
-19077
-22108
-23198
-22340
-19731
-15719
-10741
-5241
379
5798
10778
15145
18756
21466
23111
23512
22505
19986
15959
10586
4196
-2727
-9595
-15790
-20750
-24052
-25465
-24976
-22770
-19180
-14624
-9523
-4248
917
5776
10197
14077
17297
19700
21088
21249
20007
17276
13115
7755
1596
-4831
-10938
-16157
-20031
-22272
-22793
-21697
-19237
-15748
-11578
-7027
-2319
2403
7049
11537
15747
19489
22499
24467
25085
24121
21478
17245
11701
5294
-1425
-7882
-13568
-18106
-21295
-23105
-23647
-23111
-21701
-19579
-16838
-13498
-9548
-4992
89
5505
10937
15966
20131
23004
24269
23789
21632
18059
13479
8369
3188
-1692
-6031
-9732
-12810
-15333
-17361
-18889
-19825
-19992
-19174
-17181
-13920
-9452
-4016
1983
8031
13586
18168
21437
23239
23614
22759
20961
18517
15660
12521
9114
5374
1216
-3394
-8381
-13521
-18461
-22755
-25952
-27680
-27728
-26088
-22961
-18716
-13812
-8707
-3772
764
4831
8490
11867
15078
18157
21005
23396
25007
25498
24600
22191
18354
13373
7699
1865
-3613
-8328
-12050
-14744
-16547
-17693
-18431
-18934
-19241
-19243
-18710
-17367
-14982
-11457
-6883
-1553
4073
9452
14062
17506
19582
20313
19919
18745
17163
15467
13805
12147
10313
8037
5073
1287
-3267
-8328
-13456
-18116
-21785
-24065
-24768
-23951
-21896
-19028
-15815
-12647
-9751
-7146
-4666
-2023
1077
4831
9250
14115
19011
23395
26721
28561
28704
27204
24367
20675
16664
12802
9378
6445
3833
1216
-1772
-5409
-9781
-14721
-19828
-24540
-28256
-30482
-30944
-29657
-26921
-23245
-19226
-15398
-12111
-9452
-7239
-5094
-2565
728
4965
10045
15584
20986
25578
28767
30179
29755
27760
24720
21282
18059
15470
13644
12393
11282
9753
7294
3603
-1312
-7104
-13150
-18690
-23005
-25590
-26278
-25276
-23111
-20490
-18120
-16519
-15885
-16045
-16506
-16589
-15621
-13129
-8982
-3453
2828
9013
14239
17836
19489
19316
17833
15814
14091
13329
13846
15527
17844
19995
21112
20496
17815
13207
7266
912
-4831
-9088
-11343
-11577
-10263
-8243
-6510
-5936
-7044
-9852
-13860
-18163
-21681
-23433
-22803
-19704
-14624
-8515
-2563
2101
4690
4961
3277
517
-2150
-3571
-2915
95
5096
11155
16996
21313
23111
21957
18111
12473
6364
1202
-1858
-2218
0
3978
8403
11804
12923
11061
6263
-661
-8328
-15110
-19547
-20709
-18446
-13439
-7038
-933
3268
4451
2288
-2670
-9109
-15281
-19436
-20270
-17269
-10860
-2323
6503
13675
17624
17552
13646
7044
-438
-6748
-10116
-9502
-4874
2766
11612
19489
24393
24992
20975
13146
3247
-6453
-13713
-16874
-15271
-9419
-894
8039
14981
17991
16075
9452
-484
-11483
-20977
-26708
-27284
-22529
-13547
-2464
8071
15531
18124
15240
7608
-2863
-13539
-21694
-25174
-22923
-15258
-3804
8879
19903
26744
27847
23008
13430
1444
-10040
-18230
-21115
-17953
-9452
2389
14751
24660
29696
28562
21402
9768
-3740
-16081
-24488
-27110
-23450
-14470
-2370
9933
19489
23995
22337
14836
3174
-10002
-21698
-29260
-30980
-26482
-16796
-4110
8737
18907
24204
23562
17269
6882
-5141
-16010
-23227
-25144
-21317
-12579
-836
11371
21439
27272
27724
22829
13764
2566
-8328
-16611
-20598
-19566
-13876
-4870
5444
14830
21300
23513
21037
14409
4991
-5321
-14505
-20812
-23111
-21086
-15278
-6950
2178
10279
15767
17601
15467
9822
1797
-7032
-14943
-20394
-22308
-20275
-14624
-6366
2997
11743
18255
21326
20385
15618
7946
-1143
-9863
-16470
-19603
-18552
-13416
-5102
4831
14468
21899
25605
24765
19436
10561
-202
-10793
-19159
-23661
-23411
-18457
-9790
852
11321
19489
23676
22989
17506
8259
-2970
-14002
-22701
-27390
-27185
-22159
-13316
-2383
8538
17386
22537
23111
19117
11435
1619
-8414
-16757
-21866
-22839
-19557
-12675
-3479
6373
15156
21389
24077
22861
18059
10579
1745
-6935
-14023
-18380
-19340
-16806
-11247
-3621
4785
12557
18379
21238
20593
16466
9452
634
-8577
-16669
-22278
-24419
-22671
-17266
-9070
547
9934
17446
21735
21998
18136
10784
1216
-8878
-17691
-23626
-25585
-23172
-16768
-7458
3158
13264
21146
25502
25659
21680
14337
4956
-4831
-13373
-19282
-21658
-20214
-15302
-7819
962
9610
16770
21364
22742
20752
15744
8489
60
-8328
-15489
-20425
-22454
-21302
-17139
-10562
-2517
5819
13200
18490
20833
19793
15444
8376
-370
-9452
-17427
-22985
-25167
-23534
-18256
-10098
-306
9595
18051
23738
25781
23899
18445
10342
916
-8328
-15950
-20809
-22233
-20100
-14836
-7317
1280
9676
16676
21335
23071
21720
17531
11107
3316
-4831
-12303
-18167
-21692
-22436
-20294
-15522
-8715
-749
7315
14367
19391
21614
20635
16499
9718
1216
-7793
-15984
-22118
-25243
-24846
-20941
-14071
-5225
4317
13185
20136
24233
24981
22385
16923
9452
1064
-7079
-13917
-18615
-20664
-19908
-16541
-11055
-4160
3299
10441
16433
20571
22346
21500
18059
12350
4978
-3219
-11256
-18121
-22898
-24907
-23810
-19683
-13021
-4692
4186
12397
18810
22546
23111
20461
15010
7549
-873
-9116
-16108
-20992
-23227
-22631
-19380
-13947
-7025
575
8021
14540
19489
22393
22979
21192
17198
11380
4318
-3252
-10500
-16581
-20738
-22403
-21287
-17441
-11278
-3530
4831
12726
19119
23164
24330
22475
17858
11093
3053
-5263
-12871
-18928
-22826
-24245
-23158
-19803
-14624
-8203
-1193
5740
11965
16925
20162
21356
20348
17173
12078
5526
-1827
-9185
-15695
-20553
-23111
-22980
-20099
-14756
-7561
632
8844
16108
21593
24718
25209
23119
18786
12774
5772
-1491
-8328
-14156
-18525
-21131
-21815
-20554
-17456
-12759
-6829
-157
6661
12962
18074
21393
22467
21073
17269
11407
4108
-3815
-11459
-17953
-22575
-24845
-24580
-21894
-17166
-10967
-3970
3141
9741
15316
19489
22014
22770
21741
19008
14749
9242
2876
-3856
-10372
-16048
-20279
-22562
-22571
-20219
-15695
-9452
-2160
5382
12349
18005
21791
23390
22743
20034
15633
10027
3752
-2675
-8791
-14203
-18591
-21694
-23307
-23278
-21529
-18082
-13090
-6866
124
7279
13920
19371
23050
24552
23716
20646
15704
9452
2566
-4252
-10371
-15295
-18702
-20448
-20539
-19094
-16300
-12377
-7562
-2112
3683
9486
14901
19489
22805
24451
24142
21768
17438
11484
4439
-3027
-10196
-16398
-21097
-23949
-24833
-23833
-21195
-17269
-12441
-7082
-1521
3964
9127
13732
17535
20273
21685
21548
19726
16225
11226
5098
-1631
-8328
-14339
-19077
-22108
-23198
-22340
-19731
-15719
-10741
-5241
379
5798
10778
15145
18756
21466
23111
23512
22505
19986
15959
10586
4196
-2727
-9595
-15790
-20750
-24052
-25465
-24976
-22770
-19180
-14624
-9523
-4248
917
5776
10197
14077
17297
19700
21088
21249
20007
17276
13115
7755
1596
-4831
-10938
-16157
-20031
-22272
-22793
-21697
-19237
-15748
-11578
-7027
-2319
2403
7049
11537
15747
19489
22499
24467
25085
24121
21478
17245
11701
5294
-1425
-7882
-13568
-18106
-21295
-23105
-23647
-23111
-21701
-19579
-16838
-13498
-9548
-4992
89
5505
10937
15966
20131
23004
24269
23789
21632
18059
13479
8369
3188
-1692
-6031
-9732
-12810
-15333
-17361
-18889
-19825
-19992
-19174
-17181
-13920
-9452
-4016
1983
8031
13586
18168
21437
23239
23614
22759
20961
18517
15660
12521
9114
5374
1216
-3394
-8381
-13521
-18461
-22755
-25952
-27680
-27728
-26088
-22961
-18716
-13812
-8707
-3772
764
4831
8490
11867
15078
18157
21005
23396
25007
25498
24600
22191
18354
13373
7699
1865
-3613
-8328
-12050
-14744
-16547
-17693
-18431
-18934
-19241
-19243
-18710
-17367
-14982
-11457
-6883
-1553
4073
9452
14062
17506
19582
20313
19919
18745
17163
15467
13805
12147
10313
8037
5073
1287
-3267
-8328
-13456
-18116
-21785
-24065
-24768
-23951
-21896
-19028
-15815
-12647
-9751
-7146
-4666
-2023
1077
4831
9250
14115
19011
23395
26721
28561
28704
27204
24367
20675
16664
12802
9378
6445
3833
1216
-1772
-5409
-9781
-14721
-19828
-24540
-28256
-30482
-30944
-29657
-26921
-23245
-19226
-15398
-12111
-9452
-7239
-5094
-2565
728
4965
10045
15584
20986
25578
28767
30179
29755
27760
24720
21282
18059
15470
13644
12393
11282
9753
7294
3603
-1312
-7104
-13150
-18690
-23005
-25590
-26278
-25276
-23111
-20490
-18120
-16519
-15885
-16045
-16506
-16589
-15621
-13129
-8982
-3453
2828
9013
14239
17836
19489
19316
17833
15814
14091
13329
13846
15527
17844
19995
21112
20496
17815
13207
7266
912
-4831
-9088
-11343
-11577
-10263
-8243
-6510
-5936
-7044
-9852
-13860
-18163
-21681
-23433
-22803
-19704
-14624
-8515
-2563
2101
4690
4961
3277
517
-2150
-3571
-2915
95
5096
11155
16996
21313
23111
21957
18111
12473
6364
1202
-1858
-2218
0
3978
8403
11804
12923
11061
6263
-661
-8328
-15110
-19547
-20709
-18446
-13439
-7038
-933
3268
4451
2288
-2670
-9109
-15281
-19436
-20270
17269
10860
2323
-6503
-13675
-17624
-17552
-13646
-7044
438
6748
10116
9502
4874
-2766
-11612
-19489
-24393
-24992
-20975
-13146
-3247
6453
13713
16874
15271
9419
894
-8039
-14981
-17991
-16075
-9452
484
11483
20977
26708
27284
22529
13547
2464
-8071
-15531
-18124
-15240
-7608
2863
13539
21694
25174
22923
15258
3804
-8879
-19903
-26744
-27847
-23008
-13430
-1444
10040
18230
21115
17953
9452
-2389
-14751
-24660
-29696
-28562
-21402
-9768
3740
16081
24488
27110
23450
14470
2370
-9933
-19489
-23995
-22337
-14836
-3174
10002
21698
29260
30980
26482
16796
4110
-8737
-18907
-24204
-23562
-17269
-6882
5141
16010
23227
25144
21317
12579
836
-11371
-21439
-27272
-27724
-22829
-13764
-2566
8328
16611
20598
19566
13876
4870
-5444
-14830
-21300
-23513
-21037
-14409
-4991
5321
14505
20812
23111
21086
15278
6950
-2178
-10279
-15767
-17601
-15467
-9822
-1797
7032
14943
20394
22308
20275
14624
6366
-2997
-11743
-18255
-21326
-20385
-15618
-7946
1143
9863
16470
19603
18552
13416
5102
-4831
-14468
-21899
-25605
-24765
-19436
-10561
202
10793
19159
23661
23411
18457
9790
-852
-11321
-19489
-23676
-22989
-17506
-8259
2970
14002
22701
27390
27185
22159
13316
2383
-8538
-17386
-22537
-23111
-19117
-11435
-1619
8414
16757
21866
22839
19557
12675
3479
-6373
-15156
-21389
-24077
-22861
-18059
-10579
-1745
6935
14023
18380
19340
16806
11247
3621
-4785
-12557
-18379
-21238
-20593
-16466
-9452
-634
8577
16669
22278
24419
22671
17266
9070
-547
-9934
-17446
-21735
-21998
-18136
-10784
-1216
8878
17691
23626
25585
23172
16768
7458
-3158
-13264
-21146
-25502
-25659
-21680
-14337
-4956
4831
13373
19282
21658
20214
15302
7819
-962
-9610
-16770
-21364
-22742
-20752
-15744
-8489
-60
8328
15489
20425
22454
21302
17139
10562
2517
-5819
-13200
-18490
-20833
-19793
-15444
-8376
370
9452
17427
22985
25167
23534
18256
10098
306
-9595
-18051
-23738
-25781
-23899
-18445
-10342
-916
8328
15950
20809
22233
20100
14836
7317
-1280
-9676
-16676
-21335
-23071
-21720
-17531
-11107
-3316
4831
12303
18167
21692
22436
20294
15522
8715
749
-7315
-14367
-19391
-21614
-20635
-16499
-9718
-1216
7793
15984
22118
25243
24846
20941
14071
5225
-4317
-13185
-20136
-24233
-24981
-22385
-16923
-9452
-1064
7079
13917
18615
20664
19908
16541
11055
4160
-3299
-10441
-16433
-20571
-22346
-21500
-18059
-12350
-4978
3219
11256
18121
22898
24907
23810
19683
13021
4692
-4186
-12397
-18810
-22546
-23111
-20461
-15010
-7549
873
9116
16108
20992
23227
22631
19380
13947
7025
-575
-8021
-14540
-19489
-22393
-22979
-21192
-17198
-11380
-4318
3252
10500
16581
20738
22403
21287
17441
11278
3530
-4831
-12726
-19119
-23164
-24330
-22475
-17858
-11093
-3053
5263
12871
18928
22826
24245
23158
19803
14624
8203
1193
-5740
-11965
-16925
-20162
-21356
-20348
-17173
-12078
-5526
1827
9185
15695
20553
23111
22980
20099
14756
7561
-632
-8844
-16108
-21593
-24718
-25209
-23119
-18786
-12774
-5772
1491
8328
14156
18525
21131
21815
20554
17456
12759
6829
157
-6661
-12962
-18074
-21393
-22467
-21073
-17269
-11407
-4108
3815
11459
17953
22575
24845
24580
21894
17166
10967
3970
-3141
-9741
-15316
-19489
-22014
-22770
-21741
-19008
-14749
-9242
-2876
3856
10372
16048
20279
22562
22571
20219
15695
9452
2160
-5382
-12349
-18005
-21791
-23390
-22743
-20034
-15633
-10027
-3752
2675
8791
14203
18591
21694
23307
23278
21529
18082
13090
6866
-124
-7279
-13920
-19371
-23050
-24552
-23716
-20646
-15704
-9452
-2566
4252
10371
15295
18702
20448
20539
19094
16300
12377
7562
2112
-3683
-9486
-14901
-19489
-22805
-24451
-24142
-21768
-17438
-11484
-4439
3027
10196
16398
21097
23949
24833
23833
21195
17269
12441
7082
1521
-3964
-9127
-13732
-17535
-20273
-21685
-21548
-19726
-16225
-11226
-5098
1631
8328
14339
19077
22108
23198
22340
19731
15719
10741
5241
-379
-5798
-10778
-15145
-18756
-21466
-23111
-23512
-22505
-19986
-15959
-10586
-4196
2727
9595
15790
20750
24052
25465
24976
22770
19180
14624
9523
4248
-917
-5776
-10197
-14077
-17297
-19700
-21088
-21249
-20007
-17276
-13115
-7755
-1596
4831
10938
16157
20031
22272
22793
21697
19237
15748
11578
7027
2319
-2403
-7049
-11537
-15747
-19489
-22499
-24467
-25085
-24121
-21478
-17245
-11701
-5294
1425
7882
13568
18106
21295
23105
23647
23111
21701
19579
16838
13498
9548
4992
-89
-5505
-10937
-15966
-20131
-23004
-24269
-23789
-21632
-18059
-13479
-8369
-3188
1692
6031
9732
12810
15333
17361
18889
19825
19992
19174
17181
13920
9452
4016
-1983
-8031
-13586
-18168
-21437
-23239
-23614
-22759
-20961
-18517
-15660
-12521
-9114
-5374
-1216
3394
8381
13521
18461
22755
25952
27680
27728
26088
22961
18716
13812
8707
3772
-764
-4831
-8490
-11867
-15078
-18157
-21005
-23396
-25007
-25498
-24600
-22191
-18354
-13373
-7699
-1865
3613
8328
12050
14744
16547
17693
18431
18934
19241
19243
18710
17367
14982
11457
6883
1553
-4073
-9452
-14062
-17506
-19582
-20313
-19919
-18745
-17163
-15467
-13805
-12147
-10313
-8037
-5073
-1287
3267
8328
13456
18116
21785
24065
24768
23951
21896
19028
15815
12647
9751
7146
4666
2023
-1077
-4831
-9250
-14115
-19011
-23395
-26721
-28561
-28704
-27204
-24367
-20675
-16664
-12802
-9378
-6445
-3833
-1216
1772
5409
9781
14721
19828
24540
28256
30482
30944
29657
26921
23245
19226
15398
12111
9452
7239
5094
2565
-728
-4965
-10045
-15584
-20986
-25578
-28767
-30179
-29755
-27760
-24720
-21282
-18059
-15470
-13644
-12393
-11282
-9753
-7294
-3603
1312
7104
13150
18690
23005
25590
26278
25276
23111
20490
18120
16519
15885
16045
16506
16589
15621
13129
8982
3453
-2828
-9013
-14239
-17836
-19489
-19316
-17833
-15814
-14091
-13329
-13846
-15527
-17844
-19995
-21112
-20496
-17815
-13207
-7266
-912
4831
9088
11343
11577
10263
8243
6510
5936
7044
9852
13860
18163
21681
23433
22803
19704
14624
8515
2563
-2101
-4690
-4961
-3277
-517
2150
3571
2915
-95
-5096
-11155
-16996
-21313
-23111
-21957
-18111
-12473
-6364
-1202
1858
2218
0
-3978
-8403
-11804
-12923
-11061
-6263
661
8328
15110
19547
20709
18446
13439
7038
933
-3268
-4451
-2288
2670
9109
15281
19436
20270
-17269
-10860
-2323
6503
13675
17624
17552
13646
7044
-438
-6748
-10116
-9502
-4874
2766
11612
19489
24393
24992
20975
13146
3247
-6453
-13713
-16874
-15271
-9419
-894
8039
14981
17991
16075
9452
-484
-11483
-20977
-26708
-27284
-22529
-13547
-2464
8071
15531
18124
15240
7608
-2863
-13539
-21694
-25174
-22923
-15258
-3804
8879
19903
26744
27847
23008
13430
1444
-10040
-18230
-21115
-17953
-9452
2389
14751
24660
29696
28562
21402
9768
-3740
-16081
-24488
-27110
-23450
-14470
-2370
9933
19489
23995
22337
14836
3174
-10002
-21698
-29260
-30980
-26482
-16796
-4110
8737
18907
24204
23562
17269
6882
-5141
-16010
-23227
-25144
-21317
-12579
-836
11371
21439
27272
27724
22829
13764
2566
-8328
-16611
-20598
-19566
-13876
-4870
5444
14830
21300
23513
21037
14409
4991
-5321
-14505
-20812
-23111
-21086
-15278
-6950
2178
10279
15767
17601
15467
9822
1797
-7032
-14943
-20394
-22308
-20275
-14624
-6366
2997
11743
18255
21326
20385
15618
7946
-1143
-9863
-16470
-19603
-18552
-13416
-5102
4831
14468
21899
25605
24765
19436
10561
-202
-10793
-19159
-23661
-23411
-18457
-9790
852
11321
19489
23676
22989
17506
8259
-2970
-14002
-22701
-27390
-27185
-22159
-13316
-2383
8538
17386
22537
23111
19117
11435
1619
-8414
-16757
-21866
-22839
-19557
-12675
-3479
6373
15156
21389
24077
22861
18059
10579
1745
-6935
-14023
-18380
-19340
-16806
-11247
-3621
4785
12557
18379
21238
20593
16466
9452
634
-8577
-16669
-22278
-24419
-22671
-17266
-9070
547
9934
17446
21735
21998
18136
10784
1216
-8878
-17691
-23626
-25585
-23172
-16768
-7458
3158
13264
21146
25502
25659
21680
14337
4956
-4831
-13373
-19282
-21658
-20214
-15302
-7819
962
9610
16770
21364
22742
20752
15744
8489
60
-8328
-15489
-20425
-22454
-21302
-17139
-10562
-2517
5819
13200
18490
20833
19793
15444
8376
-370
-9452
-17427
-22985
-25167
-23534
-18256
-10098
-306
9595
18051
23738
25781
23899
18445
10342
916
-8328
-15950
-20809
-22233
-20100
-14836
-7317
1280
9676
16676
21335
23071
21720
17531
11107
3316
-4831
-12303
-18167
-21692
-22436
-20294
-15522
-8715
-749
7315
14367
19391
21614
20635
16499
9718
1216
-7793
-15984
-22118
-25243
-24846
-20941
-14071
-5225
4317
13185
20136
24233
24981
22385
16923
9452
1064
-7079
-13917
-18615
-20664
-19908
-16541
-11055
-4160
3299
10441
16433
20571
22346
21500
18059
12350
4978
-3219
-11256
-18121
-22898
-24907
-23810
-19683
-13021
-4692
4186
12397
18810
22546
23111
20461
15010
7549
-873
-9116
-16108
-20992
-23227
-22631
-19380
-13947
-7025
575
8021
14540
19489
22393
22979
21192
17198
11380
4318
-3252
-10500
-16581
-20738
-22403
-21287
-17441
-11278
-3530
4831
12726
19119
23164
24330
22475
17858
11093
3053
-5263
-12871
-18928
-22826
-24245
-23158
-19803
-14624
-8203
-1193
5740
11965
16925
20162
21356
20348
17173
12078
5526
-1827
-9185
-15695
-20553
-23111
-22980
-20099
-14756
-7561
632
8844
16108
21593
24718
25209
23119
18786
12774
5772
-1491
-8328
-14156
-18525
-21131
-21815
-20554
-17456
-12759
-6829
-157
6661
12962
18074
21393
22467
21073
17269
11407
4108
-3815
-11459
-17953
-22575
-24845
-24580
-21894
-17166
-10967
-3970
3141
9741
15316
19489
22014
22770
21741
19008
14749
9242
2876
-3856
-10372
-16048
-20279
-22562
-22571
-20219
-15695
-9452
-2160
5382
12349
18005
21791
23390
22743
20034
15633
10027
3752
-2675
-8791
-14203
-18591
-21694
-23307
-23278
-21529
-18082
-13090
-6866
124
7279
13920
19371
23050
24552
23716
20646
15704
9452
2566
-4252
-10371
-15295
-18702
-20448
-20539
-19094
-16300
-12377
-7562
-2112
3683
9486
14901
19489
22805
24451
24142
21768
17438
11484
4439
-3027
-10196
-16398
-21097
-23949
-24833
-23833
-21195
-17269
-12441
-7082
-1521
3964
9127
13732
17535
20273
21685
21548
19726
16225
11226
5098
-1631
-8328
-14339
-19077
-22108
-23198
-22340
-19731
-15719
-10741
-5241
379
5798
10778
15145
18756
21466
23111
23512
22505
19986
15959
10586
4196
-2727
-9595
-15790
-20750
-24052
-25465
-24976
-22770
-19180
-14624
-9523
-4248
917
5776
10197
14077
17297
19700
21088
21249
20007
17276
13115
7755
1596
-4831
-10938
-16157
-20031
-22272
-22793
-21697
-19237
-15748
-11578
-7027
-2319
2403
7049
11537
15747
19489
22499
24467
25085
24121
21478
17245
11701
5294
-1425
-7882
-13568
-18106
-21295
-23105
-23647
-23111
-21701
-19579
-16838
-13498
-9548
-4992
89
5505
10937
15966
20131
23004
24269
23789
21632
18059
13479
8369
3188
-1692
-6031
-9732
-12810
-15333
-17361
-18889
-19825
-19992
-19174
-17181
-13920
-9452
-4016
1983
8031
13586
18168
21437
23239
23614
22759
20961
18517
15660
12521
9114
5374
1216
-3394
-8381
-13521
-18461
-22755
-25952
-27680
-27728
-26088
-22961
-18716
-13812
-8707
-3772
764
4831
8490
11867
15078
18157
21005
23396
25007
25498
24600
22191
18354
13373
7699
1865
-3613
-8328
-12050
-14744
-16547
-17693
-18431
-18934
-19241
-19243
-18710
-17367
-14982
-11457
-6883
-1553
4073
9452
14062
17506
19582
20313
19919
18745
17163
15467
13805
12147
10313
8037
5073
1287
-3267
-8328
-13456
-18116
-21785
-24065
-24768
-23951
-21896
-19028
-15815
-12647
-9751
-7146
-4666
-2023
1077
4831
9250
14115
19011
23395
26721
28561
28704
27204
24367
20675
16664
12802
9378
6445
3833
1216
-1772
-5409
-9781
-14721
-19828
-24540
-28256
-30482
-30944
-29657
-26921
-23245
-19226
-15398
-12111
-9452
-7239
-5094
-2565
728
4965
10045
15584
20986
25578
28767
30179
29755
27760
24720
21282
18059
15470
13644
12393
11282
9753
7294
3603
-1312
-7104
-13150
-18690
-23005
-25590
-26278
-25276
-23111
-20490
-18120
-16519
-15885
-16045
-16506
-16589
-15621
-13129
-8982
-3453
2828
9013
14239
17836
19489
19316
17833
15814
14091
13329
13846
15527
17844
19995
21112
20496
17815
13207
7266
912
-4831
-9088
-11343
-11577
-10263
-8243
-6510
-5936
-7044
-9852
-13860
-18163
-21681
-23433
-22803
-19704
-14624
-8515
-2563
2101
4690
4961
3277
517
-2150
-3571
-2915
95
5096
11155
16996
21313
23111
21957
18111
12473
6364
1202
-1858
-2218
0
3978
8403
11804
12923
11061
6263
-661
-8328
-15110
-19547
-20709
-18446
-13439
-7038
-933
3268
4451
2288
-2670
-9109
-15281
-19436
-20270
0
0
0
0
0
0
0
0
0
0
0
0
0
0
0
0
0
0
0
0
0
0
0
0
0
0
0
0
0
0
0
0
0
0
0
0
0
0
0
0
0
0
0
0
0
0
0
0
0
0
0
0
0
0
0
0
0
0
0
0
0
0
0
0
0
0
0
0
0
0
0
0
0
0
0
0
0
0
0
0
0
0
0
0
0
0
0
0
0
0
0
0
0
0
0
0
0
0
0
0
0
0
0
0
0
0
0
0
0
0
0
0
0
0
0
0
0
0
0
0
0
0
0
0
0
0
0
0
0
0
0
0
0
0
0
0
0
0
0
0
0
0
0
0
0
0
0
0
0
0
0
0
0
0
0
0
0
0
0
0
0
0
0
0
0
0
0
0
0
0
0
0
0
0
0
0
0
0
0
0
0
0
0
0
0
0
0
0
0
0
0
0
0
0
0
0
0
0
0
0
0
0
0
0
0
0
0
0
0
0
0
0
0
0
0
0
0
0
0
0
0
0
0
0
0
0
0
0
0
0
0
0
0
0
0
0
0
0
0
0
0
0
0
0
0
0
0
0
0
0
0
0
0
0
0
0
0
0
0
0
0
0
0
0
0
0
0
0
0
0
0
0
0
0
0
0
0
0
0
0
0
0
0
0
0
0
0
0
0
0
0
0
0
0
0
0
0
0
0
0
0
0
0
0
0
0
0
0
0
0
0
0
0
0
0
0
0
0
0
0
0
0
0
0
0
0
0
0
0
0
0
0
0
0
0
0
0
0
0
0
0
0
0
0
0
0
0
0
0
0
0
0
0
0
0
0
0
0
0
0
0
0
0
0
0
0
0
0
0
0
0
0
0
0
0
0
0
0
0
0
0
0
0
0
0
0
0
0
0
0
0
0
0
0
0
0
0
0
0
0
0
0
0
0
0
0
0
0
0
0
0
0
0
0
0
0
0
0
0
0
0
0
0
0
0
0
0
0
0
0
0
0
0
0
0
0
0
0
0
0
0
0
0
0
0
0
0
0
0
0
0
0
0
0
0
0
0
0
0
0
0
0
0
0
0
0
0
0
0
0
0
0
0
0
0
0
0
0
0
0
0
0
0
0
0
0
0
0
0
0
0
0
0
0
0
0
0
0
0
0
0
0
0
0
0
0
0
0
0
0
0
0
0
0
0
0
0
0
0
0
0
0
0
0
0
0
0
0
0
0
0
0
0
0
0
0
0
0
0
0
0
0
0
0
0
0
0
0
0
0
0
0
0
0
0
0
0
0
0
0
0
0
0
0
0
0
0
0
0
0
0
0
0
0
0
0
0
0
0
0
0
0
0
0
0
0
0
0
0
0
0
0
0
0
0
0
0
0
0
0
0
0
0
0
0
0
0
0
0
0
0
0
0
0
0
0
0
0
0
0
0
0
0
0
0
0
0
0
0
0
0
0
0
0
0
0
0
0
0
0
0
0
0
0
0
0
0
0
0
0
0
0
0
0
0
0
0
0
0
0
0
0
0
0
0
0
0
0
0
0
0
0
0
0
0
0
0
0
0
0
0
0
0
0
0
0
0
0
0
0
0
0
0
0
0
0
0
0
0
0
0
0
0
0
0
0
0
0
0
0
0
0
0
0
0
0
0
0
0
0
0
0
0
0
0
0
0
0
0
0
0
0
0
0
0
0
0
0
0
0
0
0
0
0
0
0
0
0
0
0
0
0
0
0
0
0
0
0
0
0
0
0
0
0
0
0
0
0
0
0
0
0
0
0
0
0
0
0
0
0
0
0
0
0
0
0
0
0
0
0
0
0
0
0
0
0
0
0
0
0
0
0
0
0
0
0
0
0
0
0
0
0
0
0
0
0
0
0
0
0
0
0
0
0
0
0
0
0
0
0
0
0
0
0
0
0
0
0
0
0
0
0
0
0
0
0
0
0
0
0
0
0
0
0
0
0
0
0
0
0
0
0
0
0
0
0
0
0
0
0
0
0
0
0
0
0
0
0
0
0
0
0
0
0
0
0
0
0
0
0
0
0
0
0
0
0
0
0
0
0
0
0
0
0
0
0
0
0
0
0
0
0
0
0
0
0
0
0
0
0
0
0
0
0
0
0
0
0
0
0
0
0
0
0
0
0
0
0
0
0
0
0
0
0
0
0
0
0
0
0
0
0
0
0
0
0
0
0
0
0
0
11823
21946
28931
31823
30295
24682
15922
5388
-5331
-14693
-21436
-24764
-24453
-20847
-14777
-7389
62
6439
10893
12997
12784
10700
7483
3996
1050
-766
-1194
-344
1341
3196
4480
4559
3050
-67
-4425
-9311
-13790
-16875
-17726
-15824
-11102
-3992
4602
13442
21138
26383
28176
26012
19984
10802
-306
-11767
-21905
-29202
-32547
-31405
-25918
-16875
-5598
6269
17019
25142
29558
29769
25925
18777
9533
-344
-9386
-16347
-20394
-21213
-19024
-14509
-8660
-2583
2701
6439
8254
8191
6667
4362
2054
445
8
887
2860
5388
7730
9101
8850
6613
2423
-3263
-9621
-15581
-20015
-21946
-20739
-16242
-8850
527
10585
19821
26776
30274
29628
24764
16261
5266
-6667
-17820
-26570
-31649
-32338
-28578
-20976
-10700
708
11584
20394
25976
27702
25554
20103
12384
3711
-4559
-11242
-15513
-17019
-15898
-12717
-8334
-3718
243
2910
3992
3589
2138
306
-1173
-1668
-802
1460
4778
8498
11767
13713
13621
11102
6195
-589
-8334
-15846
-21850
-25211
-25142
-21366
-14188
-4480
6432
16974
25554
30831
31928
28586
21213
10832
-1071
-12784
-22626
-29209
-31649
-29699
-23772
-14859
-4362
6137
15135
21436
24322
23647
19821
13714
6479
-658
-6613
-10615
-12317
-11823
-9629
-6492
-3263
-705
661
658
-527
-2393
-4240
-5331
-5064
-3120
445
5183
10314
14859
17820
18378
16068
10893
3368
-5531
-14509
-22153
-27165
-28586
-25976
-19510
-9973
1341
12825
22796
29769
32687
31094
25211
15898
4525
-7246
-17726
-25453
-29418
-29202
-25034
-17719
-8498
1173
9860
16383
19984
20431
18009
13442
7731
1959
-2910
-6195
-7602
-7246
-5598
-3359
-1296
-67
-78
-1392
-3711
-6432
-8782
-9973
-9386
-6718
-2078
3996
10612
16652
20976
22626
21017
16068
8254
-1437
-11648
-20847
-27582
-30716
-29628
-24322
-15455
-4240
7730
18730
27166
31823
32060
27898
20015
9628
-1699
-12317
-20739
-25871
-27166
-24682
-19051
-11340
-2860
5064
11312
15135
16261
14895
11648
7389
3066
-487
-2701
-3368
-2660
-1071
708
1955
2078
766
-1934
-5607
-9533
-12825
-14604
-14188
-11242
-5884
1296
9311
16919
22827
25918
25453
21226
13621
3589
-7490
-18009
-26383
-31305
-31964
-28176
-20431
-9817
2138
13713
23250
29418
31405
29047
22827
13790
3359
-6895
-15513
-21366
-23817
-22796
-18777
-12662
-5607
1194
6718
10270
11584
10832
8557
5531
2583
427
-487
-62
1437
3456
5266
6137
5506
3120
-887
-5989
-11340
-15922
-18730
-18974
-16242
-10615
-2688
6492
15581
23144
27898
28931
25871
18974
9101
-2393
-13869
-23647
-30274
-32757
-30716
-24453
-14895
-3456
8191
18378
25697
29209
28578
24105
16652
7483
-1955
-10270
-16347
-19510
-19602
-16974
-12384
-6840
-1392
3050
5884
6895
6269
4525
2382
589
-243
218
1959
4602
7490
9817
10802
9860
6754
1668
-4778
-11627
-17719
-21905
-23250
-21226
-15824
-7602
2382
12717
21850
28340
31094
29558
23817
14604
3196
-8782
-19602
-27702
-31928
-31715
-27165
-19024
-8557
2660
12997
21017
25697
26570
23772
17988
10314
2054
-5506
-11312
-14693
-15455
-13869
-10585
-6479
-2470
661
2423
2688
1699
0
-1699
-2688
-2423
-661
2470
6479
10585
13869
15455
14693
11312
5506
-2054
-10314
-17988
-23772
-26570
-25697
-21017
-12997
-2660
8557
19024
27165
31715
31928
27702
19602
8782
-3196
-14604
-23817
-29558
-31094
-28340
-21850
-12717
-2382
7602
15824
21226
23250
21905
17719
11627
4778
-1668
-6754
-9860
-10802
-9817
-7490
-4602
-1959
-218
243
-589
-2382
-4525
-6269
-6895
-5884
-3050
1392
6840
12384
16974
19602
19510
16347
10270
1955
-7483
-16652
-24105
-28578
-29209
-25697
-18378
-8191
3456
14895
24453
30716
32757
30274
23647
13869
2393
-9101
-18974
-25871
-28931
-27898
-23144
-15580
-6492
2688
10615
16242
18974
18730
15922
11340
5989
887
-3120
-5506
-6137
-5266
-3456
-1437
62
487
-427
-2583
-5531
-8557
-10832
-11584
-10270
-6718
-1194
5607
12662
18777
22796
23817
21366
15513
6895
-3359
-13790
-22827
-29047
-31405
-29418
-23250
-13713
-2138
9817
20431
28176
31964
31305
26383
18009
7490
-3589
-13621
-21226
-25453
-25918
-22827
-16919
-9311
-1296
5884
11242
14188
14604
12825
9533
5607
1934
-766
-2078
-1955
-708
1071
2660
3368
2701
487
-3066
-7389
-11648
-14895
-16261
-15135
-11312
-5064
2860
11340
19051
24682
27166
25871
20739
12317
1699
-9629
-20015
-27898
-32060
-31823
-27166
-18730
-7730
4240
15455
24322
29628
30716
27582
20847
11648
1437
-8254
-16068
-21017
-22626
-20976
-16652
-10612
-3996
2078
6718
9386
9973
8782
6432
3711
1392
78
67
1296
3359
5598
7246
7602
6195
2910
-1959
-7731
-13442
-18009
-20431
-19984
-16383
-9860
-1173
8498
17719
25034
29202
29418
25453
17726
7246
-4525
-15898
-25211
-31094
-32687
-29769
-22796
-12825
-1341
9973
19510
25976
28586
27165
22153
14509
5531
-3368
-10893
-16068
-18378
-17820
-14859
-10314
-5183
-445
3120
5064
5331
4240
2393
527
-658
-661
705
3263
6492
9629
11823
12317
10615
6613
658
-6479
-13714
-19821
-23647
-24322
-21436
-15135
-6137
4362
14859
23772
29699
31649
29209
22626
12784
1071
-10832
-21213
-28586
-31928
-30831
-25554
-16974
-6432
4480
14188
21366
25142
25211
21850
15846
8334
589
-6195
-11102
-13621
-13713
-11767
-8498
-4778
-1460
802
1668
1173
-306
-2138
-3589
-3992
-2910
-243
3718
8334
12717
15898
17019
15513
11242
4559
-3711
-12384
-20103
-25554
-27702
-25976
-20394
-11584
-708
10700
20976
28578
32338
31649
26570
17820
6667
-5266
-16261
-24764
-29628
-30274
-26776
-19821
-10585
-527
8850
16242
20739
21946
20015
15580
9621
3263
-2423
-6613
-8850
-9101
-7730
-5388
-2860
-887
-8
-445
-2054
-4362
-6667
-8191
-8254
-6439
-2701
2583
8660
14509
19024
21213
20394
16347
9386
344
-9533
-18777
-25925
-29769
-29558
-25142
-17019
-6269
5598
16875
25918
31405
32547
29202
21905
11767
306
-10802
-19984
-26012
-28176
-26383
-21138
-13442
-4602
3992
11102
15824
17726
16875
13790
9311
4425
67
-3050
-4559
-4480
-3196
-1341
344
1194
766
-1050
-3996
-7483
-10700
-12784
-12997
-10893
-6439
-62
7389
14777
20847
24453
24764
21436
14693
5331
-5388
-15922
-24682
-30295
-31823
-28931
-21946
-11823
0
11823
21946
28931
31823
30295
24682
15922
5388
-5331
-14693
-21436
-24764
-24453
-20847
-14777
-7389
62
6439
10893
12997
12784
10700
7483
3996
1050
-766
-1194
-344
1341
3196
4480
4559
3050
-67
-4425
-9311
-13790
-16875
-17726
-15824
-11102
-3992
4602
13442
21138
26383
28176
26012
19984
10802
-306
-11767
-21905
-29202
-32547
-31405
-25918
-16875
-5598
6269
17019
25142
29558
29769
25925
18777
9533
-344
-9386
-16347
-20394
-21213
-19024
-14509
-8660
-2583
2701
6439
8254
8191
6667
4362
2054
445
8
887
2860
5388
7730
9101
8850
6613
2423
-3263
-9621
-15581
-20015
-21946
-20739
-16242
-8850
527
10585
19821
26776
30274
29628
24764
16261
5266
-6667
-17820
-26570
-31649
-32338
-28578
-20976
-10700
708
11584
20394
25976
27702
25554
20103
12384
3711
-4559
-11242
-15513
-17019
-15898
-12717
-8334
-3718
243
2910
3992
3589
2138
306
-1173
-1668
-802
1460
4778
8498
11767
13713
13621
11102
6195
-589
-8334
-15846
-21850
-25211
-25142
-21366
-14188
-4480
6432
16974
25554
30831
31928
28586
21213
10832
-1071
-12784
-22626
-29209
-31649
-29699
-23772
-14859
-4362
6137
15135
21436
24322
23647
19821
13714
6479
-658
-6613
-10615
-12317
-11823
-9629
-6492
-3263
-705
661
658
-527
-2393
-4240
-5331
-5064
-3120
445
5183
10314
14859
17820
18378
16068
10893
3368
-5531
-14509
-22153
-27165
-28586
-25976
-19510
-9973
1341
12825
22796
29769
32687
31094
25211
15898
4525
-7246
-17726
-25453
-29418
-29202
-25034
-17719
-8498
1173
9860
16383
19984
20431
18009
13442
7731
1959
-2910
-6195
-7602
-7246
-5598
-3359
-1296
-67
-78
-1392
-3711
-6432
-8782
-9973
-9386
-6718
-2078
3996
10612
16652
20976
22626
21017
16068
8254
-1437
-11648
-20847
-27582
-30716
-29628
-24322
-15455
-4240
7730
18730
27166
31823
32060
27898
20015
9628
-1699
-12317
-20739
-25871
-27166
-24682
-19051
-11340
-2860
5064
11312
15135
16261
14895
11648
7389
3066
-487
-2701
-3368
-2660
-1071
708
1955
2078
766
-1934
-5607
-9533
-12825
-14604
-14188
-11242
-5884
1296
9311
16919
22827
25918
25453
21226
13621
3589
-7490
-18009
-26383
-31305
-31964
-28176
-20431
-9817
2138
13713
23250
29418
31405
29047
22827
13790
3359
-6895
-15513
-21366
-23817
-22796
-18777
-12662
-5607
1194
6718
10270
11584
10832
8557
5531
2583
427
-487
-62
1437
3456
5266
6137
5506
3120
-887
-5989
-11340
-15922
-18730
-18974
-16242
-10615
-2688
6492
15580
23144
27898
28931
25871
18974
9101
-2393
-13869
-23647
-30274
-32757
-30716
-24453
-14895
-3456
8191
18378
25697
29209
28578
24105
16652
7483
-1955
-10270
-16347
-19510
-19602
-16974
-12384
-6840
-1392
3050
5884
6895
6269
4525
2382
589
-243
218
1959
4602
7490
9817
10802
9860
6754
1668
-4778
-11627
-17719
-21905
-23250
-21226
-15824
-7602
2382
12717
21850
28340
31094
29558
23817
14604
3196
-8782
-19602
-27702
-31928
-31715
-27165
-19024
-8557
2660
12997
21017
25697
26570
23772
17988
10314
2054
-5506
-11312
-14693
-15455
-13869
-10585
-6479
-2470
661
2423
2688
1699
0
-1699
-2688
-2423
-661
2470
6479
10585
13869
15455
14693
11312
5506
-2054
-10314
-17988
-23772
-26570
-25697
-21017
-12997
-2660
8557
19024
27165
31715
31928
27702
19602
8782
-3196
-14604
-23817
-29558
-31094
-28340
-21850
-12717
-2382
7602
15824
21226
23250
21905
17719
11627
4778
-1668
-6754
-9860
-10802
-9817
-7490
-4602
-1959
-218
243
-589
-2382
-4525
-6269
-6895
-5884
-3050
1392
6840
12384
16974
19602
19510
16347
10270
1955
-7483
-16652
-24105
-28578
-29209
-25697
-18378
-8191
3456
14895
24453
30716
32757
30274
23647
13869
2393
-9101
-18974
-25871
-28931
-27898
-23144
-15580
-6492
2688
10615
16242
18974
18730
15922
11340
5989
887
-3120
-5506
-6137
-5266
-3456
-1437
62
487
-427
-2583
-5531
-8557
-10832
-11584
-10270
-6718
-1194
5607
12662
18777
22796
23817
21366
15513
6895
-3359
-13790
-22827
-29047
-31405
-29418
-23250
-13713
-2138
9817
20431
28176
31964
31305
26383
18009
7490
-3589
-13621
-21226
-25453
-25918
-22827
-16919
-9311
-1296
5884
11242
14188
14604
12825
9533
5607
1934
-766
-2078
-1955
-708
1071
2660
3368
2701
487
-3066
-7389
-11648
-14895
-16261
-15135
-11312
-5064
2860
11340
19051
24682
27166
25871
20739
12317
1699
-9629
-20015
-27898
-32060
-31823
-27166
-18730
-7730
4240
15455
24322
29628
30716
27582
20847
11648
1437
-8254
-16068
-21017
-22626
-20976
-16652
-10612
-3996
2078
6718
9386
9973
8782
6432
3711
1392
78
67
1296
3359
5598
7246
7602
6195
2910
-1959
-7731
-13442
-18009
-20431
-19984
-16383
-9860
-1173
8498
17719
25034
29202
29418
25453
17726
7246
-4525
-15898
-25211
-31094
-32687
-29769
-22796
-12825
-1341
9973
19510
25976
28586
27165
22153
14509
5531
-3368
-10893
-16068
-18378
-17820
-14859
-10314
-5183
-445
3120
5064
5331
4240
2393
527
-658
-661
705
3263
6492
9628
11823
12317
10615
6613
658
-6479
-13714
-19821
-23647
-24322
-21436
-15135
-6137
4362
14859
23772
29699
31649
29209
22626
12784
1071
-10832
-21213
-28586
-31928
-30831
-25554
-16974
-6432
4480
14188
21366
25142
25211
21850
15846
8334
589
-6195
-11102
-13621
-13713
-11767
-8498
-4778
-1460
802
1668
1173
-306
-2138
-3589
-3992
-2910
-243
3718
8334
12717
15898
17019
15513
11242
4559
-3711
-12384
-20103
-25554
-27702
-25976
-20394
-11584
-708
10700
20976
28578
32338
31649
26570
17820
6667
-5266
-16261
-24764
-29628
-30274
-26776
-19821
-10585
-527
8850
16242
20739
21946
20015
15580
9621
3263
-2423
-6613
-8850
-9101
-7730
-5388
-2860
-887
-8
-445
-2054
-4362
-6667
-8191
-8254
-6439
-2701
2583
8660
14509
19024
21213
20394
16347
9386
344
-9533
-18777
-25925
-29769
-29558
-25142
-17019
-6269
5598
16875
25918
31405
32547
29202
21905
11767
306
-10802
-19984
-26012
-28176
-26383
-21138
-13442
-4602
3992
11102
15824
17726
16875
13790
9311
4425
67
-3050
-4559
-4480
-3196
-1341
344
1194
766
-1050
-3996
-7483
-10700
-12784
-12997
-10893
-6439
-62
7389
14777
20847
24453
24764
21436
14693
5331
-5388
-15922
-24682
-30295
-31823
-28931
-21946
-11823
0
11823
21946
28931
31823
30295
24682
15922
5388
-5331
-14693
-21436
-24764
-24453
-20847
-14777
-7389
62
6439
10893
12997
12784
10700
7483
3996
1050
-766
-1194
-344
1341
3196
4480
4559
3050
-67
-4425
-9311
-13790
-16875
-17726
-15824
-11102
-3992
4602
13442
21138
26383
28176
26012
19984
10802
-306
-11767
-21905
-29202
-32547
-31405
-25918
-16875
-5598
6269
17019
25142
29558
29769
25925
18777
9533
-344
-9386
-16347
-20394
-21213
-19024
-14509
-8660
-2583
2701
6439
8254
8191
6667
4362
2054
445
8
887
2860
5388
7730
9101
8850
6613
2423
-3263
-9621
-15581
-20015
-21946
-20739
-16242
-8850
527
10585
19821
26776
30274
29628
24764
16261
5266
-6667
-17820
-26570
-31649
-32338
-28578
-20976
-10700
708
11584
20394
25976
27702
25554
20103
12384
3711
-4559
-11242
-15513
-17019
-15898
-12717
-8334
-3718
243
2910
3992
3589
2138
306
-1173
-1668
-802
1460
4778
8498
11767
13713
13621
11102
6195
-589
-8334
-15846
-21850
-25211
-25142
-21366
-14188
-4480
6432
16974
25554
30831
31928
28586
21213
10832
-1071
-12784
-22626
-29209
-31649
-29699
-23772
-14859
-4362
6137
15135
21436
24322
23647
19821
13714
6479
-658
-6613
-10615
-12317
-11823
-9629
-6492
-3263
-705
661
658
-527
-2393
-4240
-5331
-5064
-3120
445
5183
10314
14859
17820
18378
16068
10893
3368
-5531
-14509
-22153
-27165
-28586
-25976
-19510
-9973
1341
12825
22796
29769
32687
31094
25211
15898
4525
-7246
-17726
-25453
-29418
-29202
-25034
-17719
-8498
1173
9860
16383
19984
20431
18009
13442
7731
1959
-2910
-6195
-7602
-7246
-5598
-3359
-1296
-67
-78
-1392
-3711
-6432
-8782
-9973
-9386
-6718
-2078
3996
10612
16652
20976
22626
21017
16068
8254
-1437
-11648
-20847
-27582
-30716
-29628
-24322
-15455
-4240
7730
18730
27166
31823
32060
27898
20015
9628
-1699
-12317
-20739
-25871
-27166
-24682
-19051
-11340
-2860
5064
11312
15135
16261
14895
11648
7389
3066
-487
-2701
-3368
-2660
-1071
708
1955
2078
766
-1934
-5607
-9533
-12825
-14604
-14188
-11242
-5884
1296
9311
16919
22827
25918
25453
21226
13621
3589
-7490
-18009
-26383
-31305
-31964
-28176
-20431
-9817
2138
13713
23250
29418
31405
29047
22827
13790
3359
-6895
-15513
-21366
-23817
-22796
-18777
-12662
-5607
1194
6718
10270
11584
10832
8557
5531
2583
427
-487
-62
1437
3456
5266
6137
5506
3120
-887
-5989
-11340
-15922
-18730
-18974
-16242
-10615
-2688
6492
15581
23144
27898
28931
25871
18974
9101
-2393
-13869
-23647
-30274
-32757
-30716
-24453
-14895
-3456
8191
18378
25697
29209
28578
24105
16652
7483
-1955
-10270
-16347
-19510
-19602
-16974
-12384
-6840
-1392
3050
5884
6895
6269
4525
2382
589
-243
218
1959
4602
7490
9817
10802
9860
6754
1668
-4778
-11627
-17719
-21905
-23250
-21226
-15824
-7602
2382
12717
21850
28340
31094
29558
23817
14604
3196
-8782
-19602
-27702
-31928
-31715
-27165
-19024
-8557
2660
12997
21017
25697
26570
23772
17988
10314
2054
-5506
-11312
-14693
-15455
-13869
-10585
-6479
-2470
661
2423
2688
1699
0
-1699
-2688
-2423
-661
2470
6479
10585
13869
15455
14693
11312
5506
-2054
-10314
-17988
-23772
-26570
-25697
-21017
-12997
-2660
8557
19024
27165
31715
31928
27702
19602
8782
-3196
-14604
-23817
-29558
-31094
-28340
-21850
-12717
-2382
7602
15824
21226
23250
21905
17719
11627
4778
-1668
-6754
-9860
-10802
-9817
-7490
-4602
-1959
-218
243
-589
-2382
-4525
-6269
-6895
-5884
-3050
1392
6840
12384
16974
19602
19510
16347
10270
1955
-7483
-16652
-24105
-28578
-29209
-25697
-18378
-8191
3456
14895
24453
30716
32757
30274
23647
13869
2393
-9101
-18974
-25871
-28931
-27898
-23144
-15580
-6492
2688
10615
16242
18974
18730
15922
11340
5989
887
-3120
-5506
-6137
-5266
-3456
-1437
62
487
-427
-2583
-5531
-8557
-10832
-11584
-10270
-6718
-1194
5607
12662
18777
22796
23817
21366
15513
6895
-3359
-13790
-22827
-29047
-31405
-29418
-23250
-13713
-2138
9817
20431
28176
31964
31305
26383
18009
7490
-3589
-13621
-21226
-25453
-25918
-22827
-16919
-9311
-1296
5884
11242
14188
14604
12825
9533
5607
1934
-766
-2078
-1955
-708
1071
2660
3368
2701
487
-3066
-7389
-11648
-14895
-16261
-15135
-11312
-5064
2860
11340
19051
24682
27166
25871
20739
12317
1699
-9629
-20015
-27898
-32060
-31823
-27166
-18730
-7730
4240
15455
24322
29628
30716
27582
20847
11648
1437
-8254
-16068
-21017
-22626
-20976
-16652
-10612
-3996
2078
6718
9386
9973
8782
6432
3711
1392
78
67
1296
3359
5598
7246
7602
6195
2910
-1959
-7731
-13442
-18009
-20431
-19984
-16383
-9860
-1173
8498
17719
25034
29202
29418
25453
17726
7246
-4525
-15898
-25211
-31094
-32687
-29769
-22796
-12825
-1341
9973
19510
25976
28586
27165
22153
14509
5531
-3368
-10893
-16068
-18378
-17820
-14859
-10314
-5183
-445
3120
5064
5331
4240
2393
527
-658
-661
705
3263
6492
9629
11823
12317
10615
6613
658
-6479
-13714
-19821
-23647
-24322
-21436
-15135
-6137
4362
14859
23772
29699
31649
29209
22626
12784
1071
-10832
-21213
-28586
-31928
-30831
-25554
-16974
-6432
4480
14188
21366
25142
25211
21850
15846
8334
589
-6195
-11102
-13621
-13713
-11767
-8498
-4778
-1460
802
1668
1173
-306
-2138
-3589
-3992
-2910
-243
3718
8334
12717
15898
17019
15513
11242
4559
-3711
-12384
-20103
-25554
-27702
-25976
-20394
-11584
-708
10700
20976
28578
32338
31649
26570
17820
6667
-5266
-16261
-24764
-29628
-30274
-26776
-19821
-10585
-527
8850
16242
20739
21946
20015
15581
9621
3263
-2423
-6613
-8850
-9101
-7730
-5388
-2860
-887
-8
-445
-2054
-4362
-6667
-8191
-8254
-6439
-2701
2583
8660
14509
19024
21213
20394
16347
9386
344
-9533
-18777
-25925
-29769
-29558
-25142
-17019
-6269
5598
16875
25918
31405
32547
29202
21905
11767
306
-10802
-19984
-26012
-28176
-26383
-21138
-13442
-4602
3992
11102
15824
17726
16875
13790
9311
4425
67
-3050
-4559
-4480
-3196
-1341
344
1194
766
-1050
-3996
-7483
-10700
-12784
-12997
-10893
-6439
-62
7389
14777
20847
24453
24764
21436
14693
5331
-5388
-15922
-24682
-30295
-31823
-28931
-21946
-11823
0
11823
21946
28931
31823
30295
24682
15922
5388
-5331
-14693
-21436
-24764
-24453
-20847
-14777
-7389
62
6439
10893
12997
12784
10700
7483
3996
1050
-766
-1194
-344
1341
3196
4480
4559
3050
-67
-4425
-9311
-13790
-16875
-17726
-15824
-11102
-3992
4602
13442
21138
26383
28176
26012
19984
10802
-306
-11767
-21905
-29202
-32547
-31405
-25918
-16875
-5598
6269
17019
25142
29558
29769
25925
18777
9533
-344
-9386
-16347
-20394
-21213
-19024
-14509
-8660
-2583
2701
6439
8254
8191
6667
4362
2054
445
8
887
2860
5388
7730
9101
8850
6613
2423
-3263
-9621
-15581
-20015
-21946
-20739
-16242
-8850
527
10585
19821
26776
30274
29628
24764
16261
5266
-6667
-17820
-26570
-31649
-32338
-28578
-20976
-10700
708
11584
20394
25976
27702
25554
20103
12384
3711
-4559
-11242
-15513
-17019
-15898
-12717
-8334
-3718
243
2910
3992
3589
2138
306
-1173
-1668
-802
1460
4778
8498
11767
13713
13621
11102
6195
-589
-8334
-15846
-21850
-25211
-25142
-21366
-14188
-4480
6432
16974
25554
30831
31928
28586
21213
10832
-1071
-12784
-22626
-29209
-31649
-29699
-23772
-14859
-4362
6137
15135
21436
24322
23647
19821
13714
6479
-658
-6613
-10615
-12317
-11823
-9629
-6492
-3263
-705
661
658
-527
-2393
-4240
-5331
-5064
-3120
445
5183
10314
14859
17820
18378
16068
10893
3368
-5531
-14509
-22153
-27165
-28586
-25976
-19510
-9973
1341
12825
22796
29769
32687
31094
25211
15898
4525
-7246
-17726
-25453
-29418
-29202
-25034
-17719
-8498
1173
9860
16383
19984
20431
18009
13442
7731
1959
-2910
-6195
-7602
-7246
-5598
-3359
-1296
-67
-78
-1392
-3711
-6432
-8782
-9973
-9386
-6718
-2078
3996
10612
16652
20976
22626
21017
16068
8254
-1437
-11648
-20847
-27582
-30716
-29628
-24322
-15455
-4240
7730
18730
27166
31823
32060
27898
20015
9629
-1699
-12317
-20739
-25871
-27166
-24682
-19051
-11340
-2860
5064
11312
15135
16261
14895
11648
7389
3066
-487
-2701
-3368
-2660
-1071
708
1955
2078
766
-1934
-5607
-9533
-12825
-14604
-14188
-11242
-5884
1296
9311
16919
22827
25918
25453
21226
13621
3589
-7490
-18009
-26383
-31305
-31964
-28176
-20431
-9817
2138
13713
23250
29418
31405
29047
22827
13790
3359
-6895
-15513
-21366
-23817
-22796
-18777
-12662
-5607
1194
6718
10270
11584
10832
8557
5531
2583
427
-487
-62
1437
3456
5266
6137
5506
3120
-887
-5989
-11340
-15922
-18730
-18974
-16242
-10615
-2688
6492
15581
23144
27898
28931
25871
18974
9101
-2393
-13869
-23647
-30274
-32757
-30716
-24453
-14895
-3456
8191
18378
25697
29209
28578
24105
16652
7483
-1955
-10270
-16347
-19510
-19602
-16974
-12384
-6840
-1392
3050
5884
6895
6269
4525
2382
589
-243
218
1959
4602
7490
9817
10802
9860
6754
1668
-4778
-11627
-17719
-21905
-23250
-21226
-15824
-7602
2382
12717
21850
28340
31094
29558
23817
14604
3196
-8782
-19602
-27702
-31928
-31715
-27165
-19024
-8557
2660
12997
21017
25697
26570
23772
17988
10314
2054
-5506
-11312
-14693
-15455
-13869
-10585
-6479
-2470
661
2423
2688
1699
0
-1699
-2688
-2423
-661
2470
6479
10585
13869
15455
14693
11312
5506
-2054
-10314
-17988
-23772
-26570
-25697
-21017
-12997
-2660
8557
19024
27165
31715
31928
27702
19602
8782
-3196
-14604
-23817
-29558
-31094
-28340
-21850
-12717
-2382
7602
15824
21226
23250
21905
17719
11627
4778
-1668
-6754
-9860
-10802
-9817
-7490
-4602
-1959
-218
243
-589
-2382
-4525
-6269
-6895
-5884
-3050
1392
6840
12384
16974
19602
19510
16347
10270
1955
-7483
-16652
-24105
-28578
-29209
-25697
-18378
-8191
3456
14895
24453
30716
32757
30274
23647
13869
2393
-9101
-18974
-25871
-28931
-27898
-23144
-15581
-6492
2688
10615
16242
18974
18730
15922
11340
5989
887
-3120
-5506
-6137
-5266
-3456
-1437
62
487
-427
-2583
-5531
-8557
-10832
-11584
-10270
-6718
-1194
5607
12662
18777
22796
23817
21366
15513
6895
-3359
-13790
-22827
-29047
-31405
-29418
-23250
-13713
-2138
9817
20431
28176
31964
31305
26383
18009
7490
-3589
-13621
-21226
-25453
-25918
-22827
-16919
-9311
-1296
5884
11242
14188
14604
12825
9533
5607
1934
-766
-2078
-1955
-708
1071
2660
3368
2701
487
-3066
-7389
-11648
-14895
-16261
-15135
-11312
-5064
2860
11340
19051
24682
27166
25871
20739
12317
1699
-9629
-20015
-27898
-32060
-31823
-27166
-18730
-7730
4240
15455
24322
29628
30716
27582
20847
11648
1437
-8254
-16068
-21017
-22626
-20976
-16652
-10612
-3996
2078
6718
9386
9973
8782
6432
3711
1392
78
67
1296
3359
5598
7246
7602
6195
2910
-1959
-7731
-13442
-18009
-20431
-19984
-16383
-9860
-1173
8498
17719
25034
29202
29418
25453
17726
7246
-4525
-15898
-25211
-31094
-32687
-29769
-22796
-12825
-1341
9973
19510
25976
28586
27165
22153
14509
5531
-3368
-10893
-16068
-18378
-17820
-14859
-10314
-5183
-445
3120
5064
5331
4240
2393
527
-658
-661
705
3263
6492
9629
11823
12317
10615
6613
658
-6479
-13714
-19821
-23647
-24322
-21436
-15135
-6137
4362
14859
23772
29699
31649
29209
22626
12784
1071
-10832
-21213
-28586
-31928
-30831
-25554
-16974
-6432
4480
14188
21366
25142
25211
21850
15846
8334
589
-6195
-11102
-13621
-13713
-11767
-8498
-4778
-1460
802
1668
1173
-306
-2138
-3589
-3992
-2910
-243
3718
8334
12717
15898
17019
15513
11242
4559
-3711
-12384
-20103
-25554
-27702
-25976
-20394
-11584
-708
10700
20976
28578
32338
31649
26570
17820
6667
-5266
-16261
-24764
-29628
-30274
-26776
-19821
-10585
-527
8850
16242
20739
21946
20015
15581
9621
3263
-2423
-6613
-8850
-9101
-7730
-5388
-2860
-887
-8
-445
-2054
-4362
-6667
-8191
-8254
-6439
-2701
2583
8660
14509
19024
21213
20394
16347
9386
344
-9533
-18777
-25925
-29769
-29558
-25142
-17019
-6269
5598
16875
25918
31405
32547
29202
21905
11767
306
-10802
-19984
-26012
-28176
-26383
-21138
-13442
-4602
3992
11102
15824
17726
16875
13790
9311
4425
67
-3050
-4559
-4480
-3196
-1341
344
1194
766
-1050
-3996
-7483
-10700
-12784
-12997
-10893
-6439
-62
7389
14777
20847
24453
24764
21436
14693
5331
-5388
-15922
-24682
-30295
-31823
-28931
-21946
-11823
0
11823
21946
28931
31823
30295
24682
15922
5388
-5331
-14693
-21436
-24764
-24453
-20847
-14777
-7389
62
6439
10893
12997
12784
10700
7483
3996
1050
-766
-1194
-344
1341
3196
4480
4559
3050
-67
-4425
-9311
-13790
-16875
-17726
-15824
-11102
-3992
4602
13442
21138
26383
28176
26012
19984
10802
-306
-11767
-21905
-29202
-32547
-31405
-25918
-16875
-5598
6269
17019
25142
29558
29769
25925
18777
9533
-344
-9386
-16347
-20394
-21213
-19024
-14509
-8660
-2583
2701
6439
8254
8191
6667
4362
2054
445
8
887
2860
5388
7730
9101
8850
6613
2423
-3263
-9621
-15581
-20015
-21946
-20739
-16242
-8850
527
10585
19821
26776
30274
29628
24764
16261
5266
-6667
-17820
-26570
-31649
-32338
-28578
-20976
-10700
708
11584
20394
25976
27702
25554
20103
12384
3711
-4559
-11242
-15513
-17019
-15898
-12717
-8334
-3718
243
2910
3992
3589
2138
306
-1173
-1668
-802
1460
4778
8498
11767
13713
13621
11102
6195
-589
-8334
-15846
-21850
-25211
-25142
-21366
-14188
-4480
6432
16974
25554
30831
31928
28586
21213
10832
-1071
-12784
-22626
-29209
-31649
-29699
-23772
-14859
-4362
6137
15135
21436
24322
23647
19821
13714
6479
-658
-6613
-10615
-12317
-11823
-9628
-6492
-3263
-705
661
658
-527
-2393
-4240
-5331
-5064
-3120
445
5183
10314
14859
17820
18378
16068
10893
3368
-5531
-14509
-22153
-27165
-28586
-25976
-19510
-9973
1341
12825
22796
29769
32687
31094
25211
15898
4525
-7246
-17726
-25453
-29418
-29202
-25034
-17719
-8498
1173
9860
16383
19984
20431
18009
13442
7731
1959
-2910
-6195
-7602
-7246
-5598
-3359
-1296
-67
-78
-1392
-3711
-6432
-8782
-9973
-9386
-6718
-2078
3996
10612
16652
20976
22626
21017
16068
8254
-1437
-11648
-20847
-27582
-30716
-29628
-24322
-15455
-4240
7730
18730
27166
31823
32060
27898
20015
9628
-1699
-12317
-20739
-25871
-27166
-24682
-19051
-11340
-2860
5064
11312
15135
16261
14895
11648
7389
3066
-487
-2701
-3368
-2660
-1071
708
1955
2078
766
-1934
-5607
-9533
-12825
-14604
-14188
-11242
-5884
1296
9311
16919
22827
25918
25453
21226
13621
3589
-7490
-18009
-26383
-31305
-31964
-28176
-20431
-9817
2138
13713
23250
29418
31405
29047
22827
13790
3359
-6895
-15513
-21366
-23817
-22796
-18777
-12662
-5607
1194
6718
10270
11584
10832
8557
5531
2583
427
-487
-62
1437
3456
5266
6137
5506
3120
-887
-5989
-11340
-15922
-18730
-18974
-16242
-10615
-2688
6492
15581
23144
27898
28931
25871
18974
9101
-2393
-13869
-23647
-30274
-32757
-30716
-24453
-14895
-3456
8191
18378
25697
29209
28578
24105
16652
7483
-1955
-10270
-16347
-19510
-19602
-16974
-12384
-6840
-1392
3050
5884
6895
6269
4525
2382
589
-243
218
1959
4602
7490
9817
10802
9860
6754
1668
-4778
-11627
-17719
-21905
-23250
-21226
-15824
-7602
2382
12717
21850
28340
31094
29558
23817
14604
3196
-8782
-19602
-27702
-31928
-31715
-27165
-19024
-8557
2660
12997
21017
25697
26570
23772
17988
10314
2054
-5506
-11312
-14693
-15455
-13869
-10585
-6479
-2470
661
2423
2688
1699
0
-1699
-2688
-2423
-661
2470
6479
10585
13869
15455
14693
11312
5506
-2054
-10314
-17988
-23772
-26570
-25697
-21017
-12997
-2660
8557
19024
27165
31715
31928
27702
19602
8782
-3196
-14604
-23817
-29558
-31094
-28340
-21850
-12717
-2382
7602
15824
21226
23250
21905
17719
11627
4778
-1668
-6754
-9860
-10802
-9817
-7490
-4602
-1959
-218
243
-589
-2382
-4525
-6269
-6895
-5884
-3050
1392
6840
12384
16974
19602
19510
16347
10270
1955
-7483
-16652
-24105
-28578
-29209
-25697
-18378
-8191
3456
14895
24453
30716
32757
30274
23647
13869
2393
-9101
-18974
-25871
-28931
-27898
-23144
-15580
-6492
2688
10615
16242
18974
18730
15922
11340
5989
887
-3120
-5506
-6137
-5266
-3456
-1437
62
487
-427
-2583
-5531
-8557
-10832
-11584
-10270
-6718
-1194
5607
12662
18777
22796
23817
21366
15513
6895
-3359
-13790
-22827
-29047
-31405
-29418
-23250
-13713
-2138
9817
20431
28176
31964
31305
26383
18009
7490
-3589
-13621
-21226
-25453
-25918
-22827
-16919
-9311
-1296
5884
11242
14188
14604
12825
9533
5607
1934
-766
-2078
-1955
-708
1071
2660
3368
2701
487
-3066
-7389
-11648
-14895
-16261
-15135
-11312
-5064
2860
11340
19051
24682
27166
25871
20739
12317
1699
-9629
-20015
-27898
-32060
-31823
-27166
-18730
-7730
4240
15455
24322
29628
30716
27582
20847
11648
1437
-8254
-16068
-21017
-22626
-20976
-16652
-10612
-3996
2078
6718
9386
9973
8782
6432
3711
1392
78
67
1296
3359
5598
7246
7602
6195
2910
-1959
-7731
-13442
-18009
-20431
-19984
-16383
-9860
-1173
8498
17719
25034
29202
29418
25453
17726
7246
-4525
-15898
-25211
-31094
-32687
-29769
-22796
-12825
-1341
9973
19510
25976
28586
27165
22153
14509
5531
-3368
-10893
-16068
-18378
-17820
-14859
-10314
-5183
-445
3120
5064
5331
4240
2393
527
-658
-661
705
3263
6492
9629
11823
12317
10615
6613
658
-6479
-13714
-19821
-23647
-24322
-21436
-15135
-6137
4362
14859
23772
29699
31649
29209
22626
12784
1071
-10832
-21213
-28586
-31928
-30831
-25554
-16974
-6432
4480
14188
21366
25142
25211
21850
15846
8334
589
-6195
-11102
-13621
-13713
-11767
-8498
-4778
-1460
802
1668
1173
-306
-2138
-3589
-3992
-2910
-243
3718
8334
12717
15898
17019
15513
11242
4559
-3711
-12384
-20103
-25554
-27702
-25976
-20394
-11584
-708
10700
20976
28578
32338
31649
26570
17820
6667
-5266
-16261
-24764
-29628
-30274
-26776
-19821
-10585
-527
8850
16242
20739
21946
20015
15580
9621
3263
-2423
-6613
-8850
-9101
-7730
-5388
-2860
-887
-8
-445
-2054
-4362
-6667
-8191
-8254
-6439
-2701
2583
8660
14509
19024
21213
20394
16347
9386
344
-9533
-18777
-25925
-29769
-29558
-25142
-17019
-6269
5598
16875
25918
31405
32547
29202
21905
11767
306
-10802
-19984
-26012
-28176
-26383
-21138
-13442
-4602
3992
11102
15824
17726
16875
13790
9311
4425
67
-3050
-4559
-4480
-3196
-1341
344
1194
766
-1050
-3996
-7483
-10700
-12784
-12997
-10893
-6439
-62
7389
14777
20847
24453
24764
21436
14693
5331
-5388
-15922
-24682
-30295
-31823
-28931
-21946
-11823
