17269
10860
2323
-6503
-13675
-17624
-17552
-13646
-7044
438
6748
10116
9502
4874
-2766
-11612
-19489
-24393
-24992
-20975
-13146
-3247
6453
13713
16874
15271
9419
894
-8039
-14981
-17991
-16075
-9452
484
11483
20977
26708
27284
22529
13547
2464
-8071
-15531
-18124
-15240
-7608
2863
13539
21694
25174
22923
15258
3804
-8879
-19903
-26744
-27847
-23008
-13430
-1444
10040
18230
21115
17953
9452
-2389
-14751
-24660
-29696
-28562
-21402
-9768
3740
16081
24488
27110
23450
14470
2370
-9933
-19489
-23995
-22337
-14836
-3174
10002
21698
29260
30980
26482
16796
4110
-8737
-18907
-24204
-23562
-17269
-6882
5141
16010
23227
25144
21317
12579
836
-11371
-21439
-27272
-27724
-22829
-13764
-2566
8328
16611
20598
19566
13876
4870
-5444
-14830
-21300
-23513
-21037
-14409
-4991
5321
14505
20812
23111
21086
15278
6950
-2178
-10279
-15767
-17601
-15467
-9822
-1797
7032
14943
20394
22308
20275
14624
6366
-2997
-11743
-18255
-21326
-20385
-15618
-7946
1143
9863
16470
19603
18552
13416
5102
-4831
-14468
-21899
-25605
-24765
-19436
-10561
202
10793
19159
23661
23411
18457
9790
-852
-11321
-19489
-23676
-22989
-17506
-8259
2970
14002
22701
27390
27185
22159
13316
2383
-8538
-17386
-22537
-23111
-19117
-11435
-1619
8414
16757
21866
22839
19557
12675
3479
-6373
-15156
-21389
-24077
-22861
-18059
-10579
-1745
6935
14023
18380
19340
16806
11247
3621
-4785
-12557
-18379
-21238
-20593
-16466
-9452
-634
8577
16669
22278
24419
22671
17266
9070
-547
-9934
-17446
-21735
-21998
-18136
-10784
-1216
8878
17691
23626
25585
23172
16768
7458
-3158
-13264
-21146
-25502
-25659
-21680
-14337
-4956
4831
13373
19282
21658
20214
15302
7819
-962
-9610
-16770
-21364
-22742
-20752
-15744
-8489
-60
8328
15489
20425
22454
21302
17139
10562
2517
-5819
-13200
-18490
-20833
-19793
-15444
-8376
370
9452
17427
22985
25167
23534
18256
10098
306
-9595
-18051
-23738
-25781
-23899
-18445
-10342
-916
8328
15950
20809
22233
20100
14836
7317
-1280
-9676
-16676
-21335
-23071
-21720
-17531
-11107
-3316
4831
12303
18167
21692
22436
20294
15522
8715
749
-7315
-14367
-19391
-21614
-20635
-16499
-9718
-1216
7793
15984
22118
25243
24846
20941
14071
5225
-4317
-13185
-20136
-24233
-24981
-22385
-16923
-9452
-1064
7079
13917
18615
20664
19908
16541
11055
4160
-3299
-10441
-16433
-20571
-22346
-21500
-18059
-12350
-4978
3219
11256
18121
22898
24907
23810
19683
13021
4692
-4186
-12397
-18810
-22546
-23111
-20461
-15010
-7549
873
9116
16108
20992
23227
22631
19380
13947
7025
-575
-8021
-14540
-19489
-22393
-22979
-21192
-17198
-11380
-4318
3252
10500
16581
20738
22403
21287
17441
11278
3530
-4831
-12726
-19119
-23164
-24330
-22475
-17858
-11093
-3053
5263
12871
18928
22826
24245
23158
19803
14624
8203
1193
-5740
-11965
-16925
-20162
-21356
-20348
-17173
-12078
-5526
1827
9185
15695
20553
23111
22980
20099
14756
7561
-632
-8844
-16108
-21593
-24718
-25209
-23119
-18786
-12774
-5772
1491
8328
14156
18525
21131
21815
20554
17456
12759
6829
157
-6661
-12962
-18074
-21393
-22467
-21073
-17269
-11407
-4108
3815
11459
17953
22575
24845
24580
21894
17166
10967
3970
-3141
-9741
-15316
-19489
-22014
-22770
-21741
-19008
-14749
-9242
-2876
3856
10372
16048
20279
22562
22571
20219
15695
9452
2160
-5382
-12349
-18005
-21791
-23390
-22743
-20034
-15633
-10027
-3752
2675
8791
14203
18591
21694
23307
23278
21529
18082
13090
6866
-124
-7279
-13920
-19371
-23050
-24552
-23716
-20646
-15704
-9452
-2566
4252
10371
15295
18702
20448
20539
19094
16300
12377
7562
2112
-3683
-9486
-14901
-19489
-22805
-24451
-24142
-21768
-17438
-11484
-4439
3027
10196
16398
21097
23949
24833
23833
21195
17269
12441
7082
1521
-3964
-9127
-13732
-17535
-20273
-21685
-21548
-19726
-16225
-11226
-5098
1631
8328
14339
19077
22108
23198
22340
19731
15719
10741
5241
-379
-5798
-10778
-15145
-18756
-21466
-23111
-23512
-22505
-19986
-15959
-10586
-4196
2727
9595
15790
20750
24052
25465
24976
22770
19180
14624
9523
4248
-917
-5776
-10197
-14077
-17297
-19700
-21088
-21249
-20007
-17276
-13115
-7755
-1596
4831
10938
16157
20031
22272
22793
21697
19237
15748
11578
7027
2319
-2403
-7049
-11537
-15747
-19489
-22499
-24467
-25085
-24121
-21478
-17245
-11701
-5294
1425
7882
13568
18106
21295
23105
23647
23111
21701
19579
16838
13498
9548
4992
-89
-5505
-10937
-15966
-20131
-23004
-24269
-23789
-21632
-18059
-13479
-8369
-3188
1692
6031
9732
12810
15333
17361
18889
19825
19992
19174
17181
13920
9452
4016
-1983
-8031
-13586
-18168
-21437
-23239
-23614
-22759
-20961
-18517
-15660
-12521
-9114
-5374
-1216
3394
8381
13521
18461
22755
25952
27680
27728
26088
22961
18716
13812
8707
3772
-764
-4831
-8490
-11867
-15078
-18157
-21005
-23396
-25007
-25498
-24600
-22191
-18354
-13373
-7699
-1865
3613
8328
12050
14744
16547
17693
18431
18934
19241
19243
18710
17367
14982
11457
6883
1553
-4073
-9452
-14062
-17506
-19582
-20313
-19919
-18745
-17163
-15467
-13805
-12147
-10313
-8037
-5073
-1287
3267
8328
13456
18116
21785
24065
24768
23951
21896
19028
15815
12647
9751
7146
4666
2023
-1077
-4831
-9250
-14115
-19011
-23395
-26721
-28561
-28704
-27204
-24367
-20675
-16664
-12802
-9378
-6445
-3833
-1216
1772
5409
9781
14721
19828
24540
28256
30482
30944
29657
26921
23245
19226
15398
12111
9452
7239
5094
2565
-728
-4965
-10045
-15584
-20986
-25578
-28767
-30179
-29755
-27760
-24720
-21282
-18059
-15470
-13644
-12393
-11282
-9753
-7294
-3603
1312
7104
13150
18690
23005
25590
26278
25276
23111
20490
18120
16519
15885
16045
16506
16589
15621
13129
8982
3453
-2828
-9013
-14239
-17836
-19489
-19316
-17833
-15814
-14091
-13329
-13846
-15527
-17844
-19995
-21112
-20496
-17815
-13207
-7266
-912
4831
9088
11343
11577
10263
8243
6510
5936
7044
9852
13860
18163
21681
23433
22803
19704
14624
8515
2563
-2101
-4690
-4961
-3277
-517
2150
3571
2915
-95
-5096
-11155
-16996
-21313
-23111
-21957
-18111
-12473
-6364
-1202
1858
2218
0
-3978
-8403
-11804
-12923
-11061
-6263
661
8328
15110
19547
20709
18446
13439
7038
933
-3268
-4451
-2288
2670
9109
15281
19436
20270
-17269
-10860
-2323
6503
13675
17624
17552
13646
7044
-438
-6748
-10116
-9502
-4874
2766
11612
19489
24393
24992
20975
13146
3247
-6453
-13713
-16874
-15271
-9419
-894
8039
14981
17991
16075
9452
-484
-11483
-20977
-26708
-27284
-22529
-13547
-2464
8071
15531
18124
15240
7608
-2863
-13539
-21694
-25174
-22923
-15258
-3804
8879
19903
26744
27847
23008
13430
1444
-10040
-18230
-21115
-17953
-9452
2389
14751
24660
29696
28562
21402
9768
-3740
-16081
-24488
-27110
-23450
-14470
-2370
9933
19489
23995
22337
14836
3174
-10002
-21698
-29260
-30980
-26482
-16796
-4110
8737
18907
24204
23562
17269
6882
-5141
-16010
-23227
-25144
-21317
-12579
-836
11371
21439
27272
27724
22829
13764
2566
-8328
-16611
-20598
-19566
-13876
-4870
5444
14830
21300
23513
21037
14409
4991
-5321
-14505
-20812
-23111
-21086
-15278
-6950
2178
10279
15767
17601
15467
9822
1797
-7032
-14943
-20394
-22308
-20275
-14624
-6366
2997
11743
18255
21326
20385
15618
7946
-1143
-9863
-16470
-19603
-18552
-13416
-5102
4831
14468
21899
25605
24765
19436
10561
-202
-10793
-19159
-23661
-23411
-18457
-9790
852
11321
19489
23676
22989
17506
8259
-2970
-14002
-22701
-27390
-27185
-22159
-13316
-2383
8538
17386
22537
23111
19117
11435
1619
-8414
-16757
-21866
-22839
-19557
-12675
-3479
6373
15156
21389
24077
22861
18059
10579
1745
-6935
-14023
-18380
-19340
-16806
-11247
-3621
4785
12557
18379
21238
20593
16466
9452
634
-8577
-16669
-22278
-24419
-22671
-17266
-9070
547
9934
17446
21735
21998
18136
10784
1216
-8878
-17691
-23626
-25585
-23172
-16768
-7458
3158
13264
21146
25502
25659
21680
14337
4956
-4831
-13373
-19282
-21658
-20214
-15302
-7819
962
9610
16770
21364
22742
20752
15744
8489
60
-8328
-15489
-20425
-22454
-21302
-17139
-10562
-2517
5819
13200
18490
20833
19793
15444
8376
-370
-9452
-17427
-22985
-25167
-23534
-18256
-10098
-306
9595
18051
23738
25781
23899
18445
10342
916
-8328
-15950
-20809
-22233
-20100
-14836
-7317
1280
9676
16676
21335
23071
21720
17531
11107
3316
-4831
-12303
-18167
-21692
-22436
-20294
-15522
-8715
-749
7315
14367
19391
21614
20635
16499
9718
1216
-7793
-15984
-22118
-25243
-24846
-20941
-14071
-5225
4317
13185
20136
24233
24981
22385
16923
9452
1064
-7079
-13917
-18615
-20664
-19908
-16541
-11055
-4160
3299
10441
16433
20571
22346
21500
18059
12350
4978
-3219
-11256
-18121
-22898
-24907
-23810
-19683
-13021
-4692
4186
12397
18810
22546
23111
20461
15010
7549
-873
-9116
-16108
-20992
-23227
-22631
-19380
-13947
-7025
575
8021
14540
19489
22393
22979
21192
17198
11380
4318
-3252
-10500
-16581
-20738
-22403
-21287
-17441
-11278
-3530
4831
12726
19119
23164
24330
22475
17858
11093
3053
-5263
-12871
-18928
-22826
-24245
-23158
-19803
-14624
-8203
-1193
5740
11965
16925
20162
21356
20348
17173
12078
5526
-1827
-9185
-15695
-20553
-23111
-22980
-20099
-14756
-7561
632
8844
16108
21593
24718
25209
23119
18786
12774
5772
-1491
-8328
-14156
-18525
-21131
-21815
-20554
-17456
-12759
-6829
-157
6661
12962
18074
21393
22467
21073
17269
11407
4108
-3815
-11459
-17953
-22575
-24845
-24580
-21894
-17166
-10967
-3970
3141
9741
15316
19489
22014
22770
21741
19008
14749
9242
2876
-3856
-10372
-16048
-20279
-22562
-22571
-20219
-15695
-9452
-2160
5382
12349
18005
21791
23390
22743
20034
15633
10027
3752
-2675
-8791
-14203
-18591
-21694
-23307
-23278
-21529
-18082
-13090
-6866
124
7279
13920
19371
23050
24552
23716
20646
15704
9452
2566
-4252
-10371
-15295
-18702
-20448
-20539
-19094
-16300
-12377
-7562
-2112
3683
9486
14901
19489
22805
24451
24142
21768
17438
11484
4439
-3027
-10196
-16398
-21097
-23949
-24833
-23833
-21195
-17269
-12441
-7082
-1521
3964
9127
13732
17535
20273
21685
21548
19726
16225
11226
5098
-1631
-8328
-14339
-19077
-22108
-23198
-22340
-19731
-15719
-10741
-5241
379
5798
10778
15145
18756
21466
23111
23512
22505
19986
15959
10586
4196
-2727
-9595
-15790
-20750
-24052
-25465
-24976
-22770
-19180
-14624
-9523
-4248
917
5776
10197
14077
17297
19700
21088
21249
20007
17276
13115
7755
1596
-4831
-10938
-16157
-20031
-22272
-22793
-21697
-19237
-15748
-11578
-7027
-2319
2403
7049
11537
15747
19489
22499
24467
25085
24121
21478
17245
11701
5294
-1425
-7882
-13568
-18106
-21295
-23105
-23647
-23111
-21701
-19579
-16838
-13498
-9548
-4992
89
5505
10937
15966
20131
23004
24269
23789
21632
18059
13479
8369
3188
-1692
-6031
-9732
-12810
-15333
-17361
-18889
-19825
-19992
-19174
-17181
-13920
-9452
-4016
1983
8031
13586
18168
21437
23239
23614
22759
20961
18517
15660
12521
9114
5374
1216
-3394
-8381
-13521
-18461
-22755
-25952
-27680
-27728
-26088
-22961
-18716
-13812
-8707
-3772
764
4831
8490
11867
15078
18157
21005
23396
25007
25498
24600
22191
18354
13373
7699
1865
-3613
-8328
-12050
-14744
-16547
-17693
-18431
-18934
-19241
-19243
-18710
-17367
-14982
-11457
-6883
-1553
4073
9452
14062
17506
19582
20313
19919
18745
17163
15467
13805
12147
10313
8037
5073
1287
-3267
-8328
-13456
-18116
-21785
-24065
-24768
-23951
-21896
-19028
-15815
-12647
-9751
-7146
-4666
-2023
1077
4831
9250
14115
19011
23395
26721
28561
28704
27204
24367
20675
16664
12802
9378
6445
3833
1216
-1772
-5409
-9781
-14721
-19828
-24540
-28256
-30482
-30944
-29657
-26921
-23245
-19226
-15398
-12111
-9452
-7239
-5094
-2565
728
4965
10045
15584
20986
25578
28767
30179
29755
27760
24720
21282
18059
15470
13644
12393
11282
9753
7294
3603
-1312
-7104
-13150
-18690
-23005
-25590
-26278
-25276
-23111
-20490
-18120
-16519
-15885
-16045
-16506
-16589
-15621
-13129
-8982
-3453
2828
9013
14239
17836
19489
19316
17833
15814
14091
13329
13846
15527
17844
19995
21112
20496
17815
13207
7266
912
-4831
-9088
-11343
-11577
-10263
-8243
-6510
-5936
-7044
-9852
-13860
-18163
-21681
-23433
-22803
-19704
-14624
-8515
-2563
2101
4690
4961
3277
517
-2150
-3571
-2915
95
5096
11155
16996
21313
23111
21957
18111
12473
6364
1202
-1858
-2218
0
3978
8403
11804
12923
11061
6263
-661
-8328
-15110
-19547
-20709
-18446
-13439
-7038
-933
3268
4451
2288
-2670
-9109
-15281
-19436
-20270
-17269
-10860
-2323
6503
13675
17624
17552
13646
7044
-438
-6748
-10116
-9502
-4874
2766
11612
19489
24393
24992
20975
13146
3247
-6453
-13713
-16874
-15271
-9419
-894
8039
14981
17991
16075
9452
-484
-11483
-20977
-26708
-27284
-22529
-13547
-2464
8071
15531
18124
15240
7608
-2863
-13539
-21694
-25174
-22923
-15258
-3804
8879
19903
26744
27847
23008
13430
1444
-10040
-18230
-21115
-17953
-9452
2389
14751
24660
29696
28562
21402
9768
-3740
-16081
-24488
-27110
-23450
-14470
-2370
9933
19489
23995
22337
14836
3174
-10002
-21698
-29260
-30980
-26482
-16796
-4110
8737
18907
24204
23562
17269
6882
-5141
-16010
-23227
-25144
-21317
-12579
-836
11371
21439
27272
27724
22829
13764
2566
-8328
-16611
-20598
-19566
-13876
-4870
5444
14830
21300
23513
21037
14409
4991
-5321
-14505
-20812
-23111
-21086
-15278
-6950
2178
10279
15767
17601
15467
9822
1797
-7032
-14943
-20394
-22308
-20275
-14624
-6366
2997
11743
18255
21326
20385
15618
7946
-1143
-9863
-16470
-19603
-18552
-13416
-5102
4831
14468
21899
25605
24765
19436
10561
-202
-10793
-19159
-23661
-23411
-18457
-9790
852
11321
19489
23676
22989
17506
8259
-2970
-14002
-22701
-27390
-27185
-22159
-13316
-2383
8538
17386
22537
23111
19117
11435
1619
-8414
-16757
-21866
-22839
-19557
-12675
-3479
6373
15156
21389
24077
22861
18059
10579
1745
-6935
-14023
-18380
-19340
-16806
-11247
-3621
4785
12557
18379
21238
20593
16466
9452
634
-8577
-16669
-22278
-24419
-22671
-17266
-9070
547
9934
17446
21735
21998
18136
10784
1216
-8878
-17691
-23626
-25585
-23172
-16768
-7458
3158
13264
21146
25502
25659
21680
14337
4956
-4831
-13373
-19282
-21658
-20214
-15302
-7819
962
9610
16770
21364
22742
20752
15744
8489
60
-8328
-15489
-20425
-22454
-21302
-17139
-10562
-2517
5819
13200
18490
20833
19793
15444
8376
-370
-9452
-17427
-22985
-25167
-23534
-18256
-10098
-306
9595
18051
23738
25781
23899
18445
10342
916
-8328
-15950
-20809
-22233
-20100
-14836
-7317
1280
9676
16676
21335
23071
21720
17531
11107
3316
-4831
-12303
-18167
-21692
-22436
-20294
-15522
-8715
-749
7315
14367
19391
21614
20635
16499
9718
1216
-7793
-15984
-22118
-25243
-24846
-20941
-14071
-5225
4317
13185
20136
24233
24981
22385
16923
9452
1064
-7079
-13917
-18615
-20664
-19908
-16541
-11055
-4160
3299
10441
16433
20571
22346
21500
18059
12350
4978
-3219
-11256
-18121
-22898
-24907
-23810
-19683
-13021
-4692
4186
12397
18810
22546
23111
20461
15010
7549
-873
-9116
-16108
-20992
-23227
-22631
-19380
-13947
-7025
575
8021
14540
19489
22393
22979
21192
17198
11380
4318
-3252
-10500
-16581
-20738
-22403
-21287
-17441
-11278
-3530
4831
12726
19119
23164
24330
22475
17858
11093
3053
-5263
-12871
-18928
-22826
-24245
-23158
-19803
-14624
-8203
-1193
5740
11965
16925
20162
21356
20348
17173
12078
5526
-1827
-9185
-15695
-20553
-23111
-22980
-20099
-14756
-7561
632
8844
16108
21593
24718
25209
23119
18786
12774
5772
-1491
-8328
-14156
-18525
-21131
-21815
-20554
-17456
-12759
-6829
-157
6661
12962
18074
21393
22467
21073
17269
11407
4108
-3815
-11459
-17953
-22575
-24845
-24580
-21894
-17166
-10967
-3970
3141
9741
15316
19489
22014
22770
21741
19008
14749
9242
2876
-3856
-10372
-16048
-20279
-22562
-22571
-20219
-15695
-9452
-2160
5382
12349
18005
21791
23390
22743
20034
15633
10027
3752
-2675
-8791
-14203
-18591
-21694
-23307
-23278
-21529
-18082
-13090
-6866
124
7279
13920
19371
23050
24552
23716
20646
15704
9452
2566
-4252
-10371
-15295
-18702
-20448
-20539
-19094
-16300
-12377
-7562
-2112
3683
9486
14901
19489
22805
24451
24142
21768
17438
11484
4439
-3027
-10196
-16398
-21097
-23949
-24833
-23833
-21195
-17269
-12441
-7082
-1521
3964
9127
13732
17535
20273
21685
21548
19726
16225
11226
5098
-1631
-8328
-14339
-19077
-22108
-23198
-22340
-19731
-15719
-10741
-5241
379
5798
10778
15145
18756
21466
23111
23512
22505
19986
15959
10586
4196
-2727
-9595
-15790
-20750
-24052
-25465
-24976
-22770
-19180
-14624
-9523
-4248
917
5776
10197
14077
17297
19700
21088
21249
20007
17276
13115
7755
1596
-4831
-10938
-16157
-20031
-22272
-22793
-21697
-19237
-15748
-11578
-7027
-2319
2403
7049
11537
15747
19489
22499
24467
25085
24121
21478
17245
11701
5294
-1425
-7882
-13568
-18106
-21295
-23105
-23647
-23111
-21701
-19579
-16838
-13498
-9548
-4992
89
5505
10937
15966
20131
23004
24269
23789
21632
18059
13479
8369
3188
-1692
-6031
-9732
-12810
-15333
-17361
-18889
-19825
-19992
-19174
-17181
-13920
-9452
-4016
1983
8031
13586
18168
21437
23239
23614
22759
20961
18517
15660
12521
9114
5374
1216
-3394
-8381
-13521
-18461
-22755
-25952
-27680
-27728
-26088
-22961
-18716
-13812
-8707
-3772
764
4831
8490
11867
15078
18157
21005
23396
25007
25498
24600
22191
18354
13373
7699
1865
-3613
-8328
-12050
-14744
-16547
-17693
-18431
-18934
-19241
-19243
-18710
-17367
-14982
-11457
-6883
-1553
4073
9452
14062
17506
19582
20313
19919
18745
17163
15467
13805
12147
10313
8037
5073
1287
-3267
-8328
-13456
-18116
-21785
-24065
-24768
-23951
-21896
-19028
-15815
-12647
-9751
-7146
-4666
-2023
1077
4831
9250
14115
19011
23395
26721
28561
28704
27204
24367
20675
16664
12802
9378
6445
3833
1216
-1772
-5409
-9781
-14721
-19828
-24540
-28256
-30482
-30944
-29657
-26921
-23245
-19226
-15398
-12111
-9452
-7239
-5094
-2565
728
4965
10045
15584
20986
25578
28767
30179
29755
27760
24720
21282
18059
15470
13644
12393
11282
9753
7294
3603
-1312
-7104
-13150
-18690
-23005
-25590
-26278
-25276
-23111
-20490
-18120
-16519
-15885
-16045
-16506
-16589
-15621
-13129
-8982
-3453
2828
9013
14239
17836
19489
19316
17833
15814
14091
13329
13846
15527
17844
19995
21112
20496
17815
13207
7266
912
-4831
-9088
-11343
-11577
-10263
-8243
-6510
-5936
-7044
-9852
-13860
-18163
-21681
-23433
-22803
-19704
-14624
-8515
-2563
2101
4690
4961
3277
517
-2150
-3571
-2915
95
5096
11155
16996
21313
23111
21957
18111
12473
6364
1202
-1858
-2218
0
3978
8403
11804
12923
11061
6263
-661
-8328
-15110
-19547
-20709
-18446
-13439
-7038
-933
3268
4451
2288
-2670
-9109
-15281
-19436
-20270
-17269
-10860
-2323
6503
13675
17624
17552
13646
7044
-438
-6748
-10116
-9502
-4874
2766
11612
19489
24393
24992
20975
13146
3247
-6453
-13713
-16874
-15271
-9419
-894
8039
14981
17991
16075
9452
-484
-11483
-20977
-26708
-27284
-22529
-13547
-2464
8071
15531
18124
15240
7608
-2863
-13539
-21694
-25174
-22923
-15258
-3804
8879
19903
26744
27847
23008
13430
1444
-10040
-18230
-21115
-17953
-9452
2389
14751
24660
29696
28562
21402
9768
-3740
-16081
-24488
-27110
-23450
-14470
-2370
9933
19489
23995
22337
14836
3174
-10002
-21698
-29260
-30980
-26482
-16796
-4110
8737
18907
24204
23562
17269
6882
-5141
-16010
-23227
-25144
-21317
-12579
-836
11371
21439
27272
27724
22829
13764
2566
-8328
-16611
-20598
-19566
-13876
-4870
5444
14830
21300
23513
21037
14409
4991
-5321
-14505
-20812
-23111
-21086
-15278
-6950
2178
10279
15767
17601
15467
9822
1797
-7032
-14943
-20394
-22308
-20275
-14624
-6366
2997
11743
18255
21326
20385
15618
7946
-1143
-9863
-16470
-19603
-18552
-13416
-5102
4831
14468
21899
25605
24765
19436
10561
-202
-10793
-19159
-23661
-23411
-18457
-9790
852
11321
19489
23676
22989
17506
8259
-2970
-14002
-22701
-27390
-27185
-22159
-13316
-2383
8538
17386
22537
23111
19117
11435
1619
-8414
-16757
-21866
-22839
-19557
-12675
-3479
6373
15156
21389
24077
22861
18059
10579
1745
-6935
-14023
-18380
-19340
-16806
-11247
-3621
4785
12557
18379
21238
20593
16466
9452
634
-8577
-16669
-22278
-24419
-22671
-17266
-9070
547
9934
17446
21735
21998
18136
10784
1216
-8878
-17691
-23626
-25585
-23172
-16768
-7458
3158
13264
21146
25502
25659
21680
14337
4956
-4831
-13373
-19282
-21658
-20214
-15302
-7819
962
9610
16770
21364
22742
20752
15744
8489
60
-8328
-15489
-20425
-22454
-21302
-17139
-10562
-2517
5819
13200
18490
20833
19793
15444
8376
-370
-9452
-17427
-22985
-25167
-23534
-18256
-10098
-306
9595
18051
23738
25781
23899
18445
10342
916
-8328
-15950
-20809
-22233
-20100
-14836
-7317
1280
9676
16676
21335
23071
21720
17531
11107
3316
-4831
-12303
-18167
-21692
-22436
-20294
-15522
-8715
-749
7315
14367
19391
21614
20635
16499
9718
1216
-7793
-15984
-22118
-25243
-24846
-20941
-14071
-5225
4317
13185
20136
24233
24981
22385
16923
9452
1064
-7079
-13917
-18615
-20664
-19908
-16541
-11055
-4160
3299
10441
16433
20571
22346
21500
18059
12350
4978
-3219
-11256
-18121
-22898
-24907
-23810
-19683
-13021
-4692
4186
12397
18810
22546
23111
20461
15010
7549
-873
-9116
-16108
-20992
-23227
-22631
-19380
-13947
-7025
575
8021
14540
19489
22393
22979
21192
17198
11380
4318
-3252
-10500
-16581
-20738
-22403
-21287
-17441
-11278
-3530
4831
12726
19119
23164
24330
22475
17858
11093
3053
-5263
-12871
-18928
-22826
-24245
-23158
-19803
-14624
-8203
-1193
5740
11965
16925
20162
21356
20348
17173
12078
5526
-1827
-9185
-15695
-20553
-23111
-22980
-20099
-14756
-7561
632
8844
16108
21593
24718
25209
23119
18786
12774
5772
-1491
-8328
-14156
-18525
-21131
-21815
-20554
-17456
-12759
-6829
-157
6661
12962
18074
21393
22467
21073
17269
11407
4108
-3815
-11459
-17953
-22575
-24845
-24580
-21894
-17166
-10967
-3970
3141
9741
15316
19489
22014
22770
21741
19008
14749
9242
2876
-3856
-10372
-16048
-20279
-22562
-22571
-20219
-15695
-9452
-2160
5382
12349
18005
21791
23390
22743
20034
15633
10027
3752
-2675
-8791
-14203
-18591
-21694
-23307
-23278
-21529
-18082
-13090
-6866
124
7279
13920
19371
23050
24552
23716
20646
15704
9452
2566
-4252
-10371
-15295
-18702
-20448
-20539
-19094
-16300
-12377
-7562
-2112
3683
9486
14901
19489
22805
24451
24142
21768
17438
11484
4439
-3027
-10196
-16398
-21097
-23949
-24833
-23833
-21195
-17269
-12441
-7082
-1521
3964
9127
13732
17535
20273
21685
21548
19726
16225
11226
5098
-1631
-8328
-14339
-19077
-22108
-23198
-22340
-19731
-15719
-10741
-5241
379
5798
10778
15145
18756
21466
23111
23512
22505
19986
15959
10586
4196
-2727
-9595
-15790
-20750
-24052
-25465
-24976
-22770
-19180
-14624
-9523
-4248
917
5776
10197
14077
17297
19700
21088
21249
20007
17276
13115
7755
1596
-4831
-10938
-16157
-20031
-22272
-22793
-21697
-19237
-15748
-11578
-7027
-2319
2403
7049
11537
15747
19489
22499
24467
25085
24121
21478
17245
11701
5294
-1425
-7882
-13568
-18106
-21295
-23105
-23647
-23111
-21701
-19579
-16838
-13498
-9548
-4992
89
5505
10937
15966
20131
23004
24269
23789
21632
18059
13479
8369
3188
-1692
-6031
-9732
-12810
-15333
-17361
-18889
-19825
-19992
-19174
-17181
-13920
-9452
-4016
1983
8031
13586
18168
21437
23239
23614
22759
20961
18517
15660
12521
9114
5374
1216
-3394
-8381
-13521
-18461
-22755
-25952
-27680
-27728
-26088
-22961
-18716
-13812
-8707
-3772
764
4831
8490
11867
15078
18157
21005
23396
25007
25498
24600
22191
18354
13373
7699
1865
-3613
-8328
-12050
-14744
-16547
-17693
-18431
-18934
-19241
-19243
-18710
-17367
-14982
-11457
-6883
-1553
4073
9452
14062
17506
19582
20313
19919
18745
17163
15467
13805
12147
10313
8037
5073
1287
-3267
-8328
-13456
-18116
-21785
-24065
-24768
-23951
-21896
-19028
-15815
-12647
-9751
-7146
-4666
-2023
1077
4831
9250
14115
19011
23395
26721
28561
28704
27204
24367
20675
16664
12802
9378
6445
3833
1216
-1772
-5409
-9781
-14721
-19828
-24540
-28256
-30482
-30944
-29657
-26921
-23245
-19226
-15398
-12111
-9452
-7239
-5094
-2565
728
4965
10045
15584
20986
25578
28767
30179
29755
27760
24720
21282
18059
15470
13644
12393
11282
9753
7294
3603
-1312
-7104
-13150
-18690
-23005
-25590
-26278
-25276
-23111
-20490
-18120
-16519
-15885
-16045
-16506
-16589
-15621
-13129
-8982
-3453
2828
9013
14239
17836
19489
19316
17833
15814
14091
13329
13846
15527
17844
19995
21112
20496
17815
13207
7266
912
-4831
-9088
-11343
-11577
-10263
-8243
-6510
-5936
-7044
-9852
-13860
-18163
-21681
-23433
-22803
-19704
-14624
-8515
-2563
2101
4690
4961
3277
517
-2150
-3571
-2915
95
5096
11155
16996
21313
23111
21957
18111
12473
6364
1202
-1858
-2218
0
3978
8403
11804
12923
11061
6263
-661
-8328
-15110
-19547
-20709
-18446
-13439
-7038
-933
3268
4451
2288
-2670
-9109
-15281
-19436
-20270
-17269
-10860
-2323
6503
13675
17624
17552
13646
7044
-438
-6748
-10116
-9502
-4874
2766
11612
19489
24393
24992
20975
13146
3247
-6453
-13713
-16874
-15271
-9419
-894
8039
14981
17991
16075
9452
-484
-11483
-20977
-26708
-27284
-22529
-13547
-2464
8071
15531
18124
15240
7608
-2863
-13539
-21694
-25174
-22923
-15258
-3804
8879
19903
26744
27847
23008
13430
1444
-10040
-18230
-21115
-17953
-9452
2389
14751
24660
29696
28562
21402
9768
-3740
-16081
-24488
-27110
-23450
-14470
-2370
9933
19489
23995
22337
14836
3174
-10002
-21698
-29260
-30980
-26482
-16796
-4110
8737
18907
24204
23562
17269
6882
-5141
-16010
-23227
-25144
-21317
-12579
-836
11371
21439
27272
27724
22829
13764
2566
-8328
-16611
-20598
-19566
-13876
-4870
5444
14830
21300
23513
21037
14409
4991
-5321
-14505
-20812
-23111
-21086
-15278
-6950
2178
10279
15767
17601
15467
9822
1797
-7032
-14943
-20394
-22308
-20275
-14624
-6366
2997
11743
18255
21326
20385
15618
7946
-1143
-9863
-16470
-19603
-18552
-13416
-5102
4831
14468
21899
25605
24765
19436
10561
-202
-10793
-19159
-23661
-23411
-18457
-9790
852
11321
19489
23676
22989
17506
8259
-2970
-14002
-22701
-27390
-27185
-22159
-13316
-2383
8538
17386
22537
23111
19117
11435
1619
-8414
-16757
-21866
-22839
-19557
-12675
-3479
6373
15156
21389
24077
22861
18059
10579
1745
-6935
-14023
-18380
-19340
-16806
-11247
-3621
4785
12557
18379
21238
20593
16466
9452
634
-8577
-16669
-22278
-24419
-22671
-17266
-9070
547
9934
17446
21735
21998
18136
10784
1216
-8878
-17691
-23626
-25585
-23172
-16768
-7458
3158
13264
21146
25502
25659
21680
14337
4956
-4831
-13373
-19282
-21658
-20214
-15302
-7819
962
9610
16770
21364
22742
20752
15744
8489
60
-8328
-15489
-20425
-22454
-21302
-17139
-10562
-2517
5819
13200
18490
20833
19793
15444
8376
-370
-9452
-17427
-22985
-25167
-23534
-18256
-10098
-306
9595
18051
23738
25781
23899
18445
10342
916
-8328
-15950
-20809
-22233
-20100
-14836
-7317
1280
9676
16676
21335
23071
21720
17531
11107
3316
-4831
-12303
-18167
-21692
-22436
-20294
-15522
-8715
-749
7315
14367
19391
21614
20635
16499
9718
1216
-7793
-15984
-22118
-25243
-24846
-20941
-14071
-5225
4317
13185
20136
24233
24981
22385
16923
9452
1064
-7079
-13917
-18615
-20664
-19908
-16541
-11055
-4160
3299
10441
16433
20571
22346
21500
18059
12350
4978
-3219
-11256
-18121
-22898
-24907
-23810
-19683
-13021
-4692
4186
12397
18810
22546
23111
20461
15010
7549
-873
-9116
-16108
-20992
-23227
-22631
-19380
-13947
-7025
575
8021
14540
19489
22393
22979
21192
17198
11380
4318
-3252
-10500
-16581
-20738
-22403
-21287
-17441
-11278
-3530
4831
12726
19119
23164
24330
22475
17858
11093
3053
-5263
-12871
-18928
-22826
-24245
-23158
-19803
-14624
-8203
-1193
5740
11965
16925
20162
21356
20348
17173
12078
5526
-1827
-9185
-15695
-20553
-23111
-22980
-20099
-14756
-7561
632
8844
16108
21593
24718
25209
23119
18786
12774
5772
-1491
-8328
-14156
-18525
-21131
-21815
-20554
-17456
-12759
-6829
-157
6661
12962
18074
21393
22467
21073
17269
11407
4108
-3815
-11459
-17953
-22575
-24845
-24580
-21894
-17166
-10967
-3970
3141
9741
15316
19489
22014
22770
21741
19008
14749
9242
2876
-3856
-10372
-16048
-20279
-22562
-22571
-20219
-15695
-9452
-2160
5382
12349
18005
21791
23390
22743
20034
15633
10027
3752
-2675
-8791
-14203
-18591
-21694
-23307
-23278
-21529
-18082
-13090
-6866
124
7279
13920
19371
23050
24552
23716
20646
15704
9452
2566
-4252
-10371
-15295
-18702
-20448
-20539
-19094
-16300
-12377
-7562
-2112
3683
9486
14901
19489
22805
24451
24142
21768
17438
11484
4439
-3027
-10196
-16398
-21097
-23949
-24833
-23833
-21195
-17269
-12441
-7082
-1521
3964
9127
13732
17535
20273
21685
21548
19726
16225
11226
5098
-1631
-8328
-14339
-19077
-22108
-23198
-22340
-19731
-15719
-10741
-5241
379
5798
10778
15145
18756
21466
23111
23512
22505
19986
15959
10586
4196
-2727
-9595
-15790
-20750
-24052
-25465
-24976
-22770
-19180
-14624
-9523
-4248
917
5776
10197
14077
17297
19700
21088
21249
20007
17276
13115
7755
1596
-4831
-10938
-16157
-20031
-22272
-22793
-21697
-19237
-15748
-11578
-7027
-2319
2403
7049
11537
15747
19489
22499
24467
25085
24121
21478
17245
11701
5294
-1425
-7882
-13568
-18106
-21295
-23105
-23647
-23111
-21701
-19579
-16838
-13498
-9548
-4992
89
5505
10937
15966
20131
23004
24269
23789
21632
18059
13479
8369
3188
-1692
-6031
-9732
-12810
-15333
-17361
-18889
-19825
-19992
-19174
-17181
-13920
-9452
-4016
1983
8031
13586
18168
21437
23239
23614
22759
20961
18517
15660
12521
9114
5374
1216
-3394
-8381
-13521
-18461
-22755
-25952
-27680
-27728
-26088
-22961
-18716
-13812
-8707
-3772
764
4831
8490
11867
15078
18157
21005
23396
25007
25498
24600
22191
18354
13373
7699
1865
-3613
-8328
-12050
-14744
-16547
-17693
-18431
-18934
-19241
-19243
-18710
-17367
-14982
-11457
-6883
-1553
4073
9452
14062
17506
19582
20313
19919
18745
17163
15467
13805
12147
10313
8037
5073
1287
-3267
-8328
-13456
-18116
-21785
-24065
-24768
-23951
-21896
-19028
-15815
-12647
-9751
-7146
-4666
-2023
1077
4831
9250
14115
19011
23395
26721
28561
28704
27204
24367
20675
16664
12802
9378
6445
3833
1216
-1772
-5409
-9781
-14721
-19828
-24540
-28256
-30482
-30944
-29657
-26921
-23245
-19226
-15398
-12111
-9452
-7239
-5094
-2565
728
4965
10045
15584
20986
25578
28767
30179
29755
27760
24720
21282
18059
15470
13644
12393
11282
9753
7294
3603
-1312
-7104
-13150
-18690
-23005
-25590
-26278
-25276
-23111
-20490
-18120
-16519
-15885
-16045
-16506
-16589
-15621
-13129
-8982
-3453
2828
9013
14239
17836
19489
19316
17833
15814
14091
13329
13846
15527
17844
19995
21112
20496
17815
13207
7266
912
-4831
-9088
-11343
-11577
-10263
-8243
-6510
-5936
-7044
-9852
-13860
-18163
-21681
-23433
-22803
-19704
-14624
-8515
-2563
2101
4690
4961
3277
517
-2150
-3571
-2915
95
5096
11155
16996
21313
23111
21957
18111
12473
6364
1202
-1858
-2218
0
3978
8403
11804
12923
11061
6263
-661
-8328
-15110
-19547
-20709
-18446
-13439
-7038
-933
3268
4451
2288
-2670
-9109
-15281
-19436
-20270
-17269
-10860
-2323
6503
13675
17624
17552
13646
7044
-438
-6748
-10116
-9502
-4874
2766
11612
19489
24393
24992
20975
13146
3247
-6453
-13713
-16874
-15271
-9419
-894
8039
14981
17991
16075
9452
-484
-11483
-20977
-26708
-27284
-22529
-13547
-2464
8071
15531
18124
15240
7608
-2863
-13539
-21694
-25174
-22923
-15258
-3804
8879
19903
26744
27847
23008
13430
1444
-10040
-18230
-21115
-17953
-9452
2389
14751
24660
29696
28562
21402
9768
-3740
-16081
-24488
-27110
-23450
-14470
-2370
9933
19489
23995
22337
14836
3174
-10002
-21698
-29260
-30980
-26482
-16796
-4110
8737
18907
24204
23562
17269
6882
-5141
-16010
-23227
-25144
-21317
-12579
-836
11371
21439
27272
27724
22829
13764
2566
-8328
-16611
-20598
-19566
-13876
-4870
5444
14830
21300
23513
21037
14409
4991
-5321
-14505
-20812
-23111
-21086
-15278
-6950
2178
10279
15767
17601
15467
9822
1797
-7032
-14943
-20394
-22308
-20275
-14624
-6366
2997
11743
18255
21326
20385
15618
7946
-1143
-9863
-16470
-19603
-18552
-13416
-5102
4831
14468
21899
25605
24765
19436
10561
-202
-10793
-19159
-23661
-23411
-18457
-9790
852
11321
19489
23676
22989
17506
8259
-2970
-14002
-22701
-27390
-27185
-22159
-13316
-2383
8538
17386
22537
23111
19117
11435
1619
-8414
-16757
-21866
-22839
-19557
-12675
-3479
6373
15156
21389
24077
22861
18059
10579
1745
-6935
-14023
-18380
-19340
-16806
-11247
-3621
4785
12557
18379
21238
20593
16466
9452
634
-8577
-16669
-22278
-24419
-22671
-17266
-9070
547
9934
17446
21735
21998
18136
10784
1216
-8878
-17691
-23626
-25585
-23172
-16768
-7458
3158
13264
21146
25502
25659
21680
14337
4956
-4831
-13373
-19282
-21658
-20214
-15302
-7819
962
9610
16770
21364
22742
20752
15744
8489
60
-8328
-15489
-20425
-22454
-21302
-17139
-10562
-2517
5819
13200
18490
20833
19793
15444
8376
-370
-9452
-17427
-22985
-25167
-23534
-18256
-10098
-306
9595
18051
23738
25781
23899
18445
10342
916
-8328
-15950
-20809
-22233
-20100
-14836
-7317
1280
9676
16676
21335
23071
21720
17531
11107
3316
-4831
-12303
-18167
-21692
-22436
-20294
-15522
-8715
-749
7315
14367
19391
21614
20635
16499
9718
1216
-7793
-15984
-22118
-25243
-24846
-20941
-14071
-5225
4317
13185
20136
24233
24981
22385
16923
9452
1064
-7079
-13917
-18615
-20664
-19908
-16541
-11055
-4160
3299
10441
16433
20571
22346
21500
18059
12350
4978
-3219
-11256
-18121
-22898
-24907
-23810
-19683
-13021
-4692
4186
12397
18810
22546
23111
20461
15010
7549
-873
-9116
-16108
-20992
-23227
-22631
-19380
-13947
-7025
575
8021
14540
19489
22393
22979
21192
17198
11380
4318
-3252
-10500
-16581
-20738
-22403
-21287
-17441
-11278
-3530
4831
12726
19119
23164
24330
22475
17858
11093
3053
-5263
-12871
-18928
-22826
-24245
-23158
-19803
-14624
-8203
-1193
5740
11965
16925
20162
21356
20348
17173
12078
5526
-1827
-9185
-15695
-20553
-23111
-22980
-20099
-14756
-7561
632
8844
16108
21593
24718
25209
23119
18786
12774
5772
-1491
-8328
-14156
-18525
-21131
-21815
-20554
-17456
-12759
-6829
-157
6661
12962
18074
21393
22467
21073
17269
11407
4108
-3815
-11459
-17953
-22575
-24845
-24580
-21894
-17166
-10967
-3970
3141
9741
15316
19489
22014
22770
21741
19008
14749
9242
2876
-3856
-10372
-16048
-20279
-22562
-22571
-20219
-15695
-9452
-2160
5382
12349
18005
21791
23390
22743
20034
15633
10027
3752
-2675
-8791
-14203
-18591
-21694
-23307
-23278
-21529
-18082
-13090
-6866
124
7279
13920
19371
23050
24552
23716
20646
15704
9452
2566
-4252
-10371
-15295
-18702
-20448
-20539
-19094
-16300
-12377
-7562
-2112
3683
9486
14901
19489
22805
24451
24142
21768
17438
11484
4439
-3027
-10196
-16398
-21097
-23949
-24833
-23833
-21195
-17269
-12441
-7082
-1521
3964
9127
13732
17535
20273
21685
21548
19726
16225
11226
5098
-1631
-8328
-14339
-19077
-22108
-23198
-22340
-19731
-15719
-10741
-5241
379
5798
10778
15145
18756
21466
23111
23512
22505
19986
15959
10586
4196
-2727
-9595
-15790
-20750
-24052
-25465
-24976
-22770
-19180
-14624
-9523
-4248
917
5776
10197
14077
17297
19700
21088
21249
20007
17276
13115
7755
1596
-4831
-10938
-16157
-20031
-22272
-22793
-21697
-19237
-15748
-11578
-7027
-2319
2403
7049
11537
15747
19489
22499
24467
25085
24121
21478
17245
11701
5294
-1425
-7882
-13568
-18106
-21295
-23105
-23647
-23111
-21701
-19579
-16838
-13498
-9548
-4992
89
5505
10937
15966
20131
23004
24269
23789
21632
18059
13479
8369
3188
-1692
-6031
-9732
-12810
-15333
-17361
-18889
-19825
-19992
-19174
-17181
-13920
-9452
-4016
1983
8031
13586
18168
21437
23239
23614
22759
20961
18517
15660
12521
9114
5374
1216
-3394
-8381
-13521
-18461
-22755
-25952
-27680
-27728
-26088
-22961
-18716
-13812
-8707
-3772
764
4831
8490
11867
15078
18157
21005
23396
25007
25498
24600
22191
18354
13373
7699
1865
-3613
-8328
-12050
-14744
-16547
-17693
-18431
-18934
-19241
-19243
-18710
-17367
-14982
-11457
-6883
-1553
4073
9452
14062
17506
19582
20313
19919
18745
17163
15467
13805
12147
10313
8037
5073
1287
-3267
-8328
-13456
-18116
-21785
-24065
-24768
-23951
-21896
-19028
-15815
-12647
-9751
-7146
-4666
-2023
1077
4831
9250
14115
19011
23395
26721
28561
28704
27204
24367
20675
16664
12802
9378
6445
3833
1216
-1772
-5409
-9781
-14721
-19828
-24540
-28256
-30482
-30944
-29657
-26921
-23245
-19226
-15398
-12111
-9452
-7239
-5094
-2565
728
4965
10045
15584
20986
25578
28767
30179
29755
27760
24720
21282
18059
15470
13644
12393
11282
9753
7294
3603
-1312
-7104
-13150
-18690
-23005
-25590
-26278
-25276
-23111
-20490
-18120
-16519
-15885
-16045
-16506
-16589
-15621
-13129
-8982
-3453
2828
9013
14239
17836
19489
19316
17833
15814
14091
13329
13846
15527
17844
19995
21112
20496
17815
13207
7266
912
-4831
-9088
-11343
-11577
-10263
-8243
-6510
-5936
-7044
-9852
-13860
-18163
-21681
-23433
-22803
-19704
-14624
-8515
-2563
2101
4690
4961
3277
517
-2150
-3571
-2915
95
5096
11155
16996
21313
23111
21957
18111
12473
6364
1202
-1858
-2218
0
3978
8403
11804
12923
11061
6263
-661
-8328
-15110
-19547
-20709
-18446
-13439
-7038
-933
3268
4451
2288
-2670
-9109
-15281
-19436
-20270
17269
10860
2323
-6503
-13675
-17624
-17552
-13646
-7044
438
6748
10116
9502
4874
-2766
-11612
-19489
-24393
-24992
-20975
-13146
-3247
6453
13713
16874
15271
9419
894
-8039
-14981
-17991
-16075
-9452
484
11483
20977
26708
27284
22529
13547
2464
-8071
-15531
-18124
-15240
-7608
2863
13539
21694
25174
22923
15258
3804
-8879
-19903
-26744
-27847
-23008
-13430
-1444
10040
18230
21115
17953
9452
-2389
-14751
-24660
-29696
-28562
-21402
-9768
3740
16081
24488
27110
23450
14470
2370
-9933
-19489
-23995
-22337
-14836
-3174
10002
21698
29260
30980
26482
16796
4110
-8737
-18907
-24204
-23562
-17269
-6882
5141
16010
23227
25144
21317
12579
836
-11371
-21439
-27272
-27724
-22829
-13764
-2566
8328
16611
20598
19566
13876
4870
-5444
-14830
-21300
-23513
-21037
-14409
-4991
5321
14505
20812
23111
21086
15278
6950
-2178
-10279
-15767
-17601
-15467
-9822
-1797
7032
14943
20394
22308
20275
14624
6366
-2997
-11743
-18255
-21326
-20385
-15618
-7946
1143
9863
16470
19603
18552
13416
5102
-4831
-14468
-21899
-25605
-24765
-19436
-10561
202
10793
19159
23661
23411
18457
9790
-852
-11321
-19489
-23676
-22989
-17506
-8259
2970
14002
22701
27390
27185
22159
13316
2383
-8538
-17386
-22537
-23111
-19117
-11435
-1619
8414
16757
21866
22839
19557
12675
3479
-6373
-15156
-21389
-24077
-22861
-18059
-10579
-1745
6935
14023
18380
19340
16806
11247
3621
-4785
-12557
-18379
-21238
-20593
-16466
-9452
-634
8577
16669
22278
24419
22671
17266
9070
-547
-9934
-17446
-21735
-21998
-18136
-10784
-1216
8878
17691
23626
25585
23172
16768
7458
-3158
-13264
-21146
-25502
-25659
-21680
-14337
-4956
4831
13373
19282
21658
20214
15302
7819
-962
-9610
-16770
-21364
-22742
-20752
-15744
-8489
-60
8328
15489
20425
22454
21302
17139
10562
2517
-5819
-13200
-18490
-20833
-19793
-15444
-8376
370
9452
17427
22985
25167
23534
18256
10098
306
-9595
-18051
-23738
-25781
-23899
-18445
-10342
-916
8328
15950
20809
22233
20100
14836
7317
-1280
-9676
-16676
-21335
-23071
-21720
-17531
-11107
-3316
4831
12303
18167
21692
22436
20294
15522
8715
749
-7315
-14367
-19391
-21614
-20635
-16499
-9718
-1216
7793
15984
22118
25243
24846
20941
14071
5225
-4317
-13185
-20136
-24233
-24981
-22385
-16923
-9452
-1064
7079
13917
18615
20664
19908
16541
11055
4160
-3299
-10441
-16433
-20571
-22346
-21500
-18059
-12350
-4978
3219
11256
18121
22898
24907
23810
19683
13021
4692
-4186
-12397
-18810
-22546
-23111
-20461
-15010
-7549
873
9116
16108
20992
23227
22631
19380
13947
7025
-575
-8021
-14540
-19489
-22393
-22979
-21192
-17198
-11380
-4318
3252
10500
16581
20738
22403
21287
17441
11278
3530
-4831
-12726
-19119
-23164
-24330
-22475
-17858
-11093
-3053
5263
12871
18928
22826
24245
23158
19803
14624
8203
1193
-5740
-11965
-16925
-20162
-21356
-20348
-17173
-12078
-5526
1827
9185
15695
20553
23111
22980
20099
14756
7561
-632
-8844
-16108
-21593
-24718
-25209
-23119
-18786
-12774
-5772
1491
8328
14156
18525
21131
21815
20554
17456
12759
6829
157
-6661
-12962
-18074
-21393
-22467
-21073
-17269
-11407
-4108
3815
11459
17953
22575
24845
24580
21894
17166
10967
3970
-3141
-9741
-15316
-19489
-22014
-22770
-21741
-19008
-14749
-9242
-2876
3856
10372
16048
20279
22562
22571
20219
15695
9452
2160
-5382
-12349
-18005
-21791
-23390
-22743
-20034
-15633
-10027
-3752
2675
8791
14203
18591
21694
23307
23278
21529
18082
13090
6866
-124
-7279
-13920
-19371
-23050
-24552
-23716
-20646
-15704
-9452
-2566
4252
10371
15295
18702
20448
20539
19094
16300
12377
7562
2112
-3683
-9486
-14901
-19489
-22805
-24451
-24142
-21768
-17438
-11484
-4439
3027
10196
16398
21097
23949
24833
23833
21195
17269
12441
7082
1521
-3964
-9127
-13732
-17535
-20273
-21685
-21548
-19726
-16225
-11226
-5098
1631
8328
14339
19077
22108
23198
22340
19731
15719
10741
5241
-379
-5798
-10778
-15145
-18756
-21466
-23111
-23512
-22505
-19986
-15959
-10586
-4196
2727
9595
15790
20750
24052
25465
24976
22770
19180
14624
9523
4248
-917
-5776
-10197
-14077
-17297
-19700
-21088
-21249
-20007
-17276
-13115
-7755
-1596
4831
10938
16157
20031
22272
22793
21697
19237
15748
11578
7027
2319
-2403
-7049
-11537
-15747
-19489
-22499
-24467
-25085
-24121
-21478
-17245
-11701
-5294
1425
7882
13568
18106
21295
23105
23647
23111
21701
19579
16838
13498
9548
4992
-89
-5505
-10937
-15966
-20131
-23004
-24269
-23789
-21632
-18059
-13479
-8369
-3188
1692
6031
9732
12810
15333
17361
18889
19825
19992
19174
17181
13920
9452
4016
-1983
-8031
-13586
-18168
-21437
-23239
-23614
-22759
-20961
-18517
-15660
-12521
-9114
-5374
-1216
3394
8381
13521
18461
22755
25952
27680
27728
26088
22961
18716
13812
8707
3772
-764
-4831
-8490
-11867
-15078
-18157
-21005
-23396
-25007
-25498
-24600
-22191
-18354
-13373
-7699
-1865
3613
8328
12050
14744
16547
17693
18431
18934
19241
19243
18710
17367
14982
11457
6883
1553
-4073
-9452
-14062
-17506
-19582
-20313
-19919
-18745
-17163
-15467
-13805
-12147
-10313
-8037
-5073
-1287
3267
8328
13456
18116
21785
24065
24768
23951
21896
19028
15815
12647
9751
7146
4666
2023
-1077
-4831
-9250
-14115
-19011
-23395
-26721
-28561
-28704
-27204
-24367
-20675
-16664
-12802
-9378
-6445
-3833
-1216
1772
5409
9781
14721
19828
24540
28256
30482
30944
29657
26921
23245
19226
15398
12111
9452
7239
5094
2565
-728
-4965
-10045
-15584
-20986
-25578
-28767
-30179
-29755
-27760
-24720
-21282
-18059
-15470
-13644
-12393
-11282
-9753
-7294
-3603
1312
7104
13150
18690
23005
25590
26278
25276
23111
20490
18120
16519
15885
16045
16506
16589
15621
13129
8982
3453
-2828
-9013
-14239
-17836
-19489
-19316
-17833
-15814
-14091
-13329
-13846
-15527
-17844
-19995
-21112
-20496
-17815
-13207
-7266
-912
4831
9088
11343
11577
10263
8243
6510
5936
7044
9852
13860
18163
21681
23433
22803
19704
14624
8515
2563
-2101
-4690
-4961
-3277
-517
2150
3571
2915
-95
-5096
-11155
-16996
-21313
-23111
-21957
-18111
-12473
-6364
-1202
1858
2218
0
-3978
-8403
-11804
-12923
-11061
-6263
661
8328
15110
19547
20709
18446
13439
7038
933
-3268
-4451
-2288
2670
9109
15281
19436
20270
-17269
-10860
-2323
6503
13675
17624
17552
13646
7044
-438
-6748
-10116
-9502
-4874
2766
11612
19489
24393
24992
20975
13146
3247
-6453
-13713
-16874
-15271
-9419
-894
8039
14981
17991
16075
9452
-484
-11483
-20977
-26708
-27284
-22529
-13547
-2464
8071
15531
18124
15240
7608
-2863
-13539
-21694
-25174
-22923
-15258
-3804
8879
19903
26744
27847
23008
13430
1444
-10040
-18230
-21115
-17953
-9452
2389
14751
24660
29696
28562
21402
9768
-3740
-16081
-24488
-27110
-23450
-14470
-2370
9933
19489
23995
22337
14836
3174
-10002
-21698
-29260
-30980
-26482
-16796
-4110
8737
18907
24204
23562
17269
6882
-5141
-16010
-23227
-25144
-21317
-12579
-836
11371
21439
27272
27724
22829
13764
2566
-8328
-16611
-20598
-19566
-13876
-4870
5444
14830
21300
23513
21037
14409
4991
-5321
-14505
-20812
-23111
-21086
-15278
-6950
2178
10279
15767
17601
15467
9822
1797
-7032
-14943
-20394
-22308
-20275
-14624
-6366
2997
11743
18255
21326
20385
15618
7946
-1143
-9863
-16470
-19603
-18552
-13416
-5102
4831
14468
21899
25605
24765
19436
10561
-202
-10793
-19159
-23661
-23411
-18457
-9790
852
11321
19489
23676
22989
17506
8259
-2970
-14002
-22701
-27390
-27185
-22159
-13316
-2383
8538
17386
22537
23111
19117
11435
1619
-8414
-16757
-21866
-22839
-19557
-12675
-3479
6373
15156
21389
24077
22861
18059
10579
1745
-6935
-14023
-18380
-19340
-16806
-11247
-3621
4785
12557
18379
21238
20593
16466
9452
634
-8577
-16669
-22278
-24419
-22671
-17266
-9070
547
9934
17446
21735
21998
18136
10784
1216
-8878
-17691
-23626
-25585
-23172
-16768
-7458
3158
13264
21146
25502
25659
21680
14337
4956
-4831
-13373
-19282
-21658
-20214
-15302
-7819
962
9610
16770
21364
22742
20752
15744
8489
60
-8328
-15489
-20425
-22454
-21302
-17139
-10562
-2517
5819
13200
18490
20833
19793
15444
8376
-370
-9452
-17427
-22985
-25167
-23534
-18256
-10098
-306
9595
18051
23738
25781
23899
18445
10342
916
-8328
-15950
-20809
-22233
-20100
-14836
-7317
1280
9676
16676
21335
23071
21720
17531
11107
3316
-4831
-12303
-18167
-21692
-22436
-20294
-15522
-8715
-749
7315
14367
19391
21614
20635
16499
9718
1216
-7793
-15984
-22118
-25243
-24846
-20941
-14071
-5225
4317
13185
20136
24233
24981
22385
16923
9452
1064
-7079
-13917
-18615
-20664
-19908
-16541
-11055
-4160
3299
10441
16433
20571
22346
21500
18059
12350
4978
-3219
-11256
-18121
-22898
-24907
-23810
-19683
-13021
-4692
4186
12397
18810
22546
23111
20461
15010
7549
-873
-9116
-16108
-20992
-23227
-22631
-19380
-13947
-7025
575
8021
14540
19489
22393
22979
21192
17198
11380
4318
-3252
-10500
-16581
-20738
-22403
-21287
-17441
-11278
-3530
4831
12726
19119
23164
24330
22475
17858
11093
3053
-5263
-12871
-18928
-22826
-24245
-23158
-19803
-14624
-8203
-1193
5740
11965
16925
20162
21356
20348
17173
12078
5526
-1827
-9185
-15695
-20553
-23111
-22980
-20099
-14756
-7561
632
8844
16108
21593
24718
25209
23119
18786
12774
5772
-1491
-8328
-14156
-18525
-21131
-21815
-20554
-17456
-12759
-6829
-157
6661
12962
18074
21393
22467
21073
17269
11407
4108
-3815
-11459
-17953
-22575
-24845
-24580
-21894
-17166
-10967
-3970
3141
9741
15316
19489
22014
22770
21741
19008
14749
9242
2876
-3856
-10372
-16048
-20279
-22562
-22571
-20219
-15695
-9452
-2160
5382
12349
18005
21791
23390
22743
20034
15633
10027
3752
-2675
-8791
-14203
-18591
-21694
-23307
-23278
-21529
-18082
-13090
-6866
124
7279
13920
19371
23050
24552
23716
20646
15704
9452
2566
-4252
-10371
-15295
-18702
-20448
-20539
-19094
-16300
-12377
-7562
-2112
3683
9486
14901
19489
22805
24451
24142
21768
17438
11484
4439
-3027
-10196
-16398
-21097
-23949
-24833
-23833
-21195
-17269
-12441
-7082
-1521
3964
9127
13732
17535
20273
21685
21548
19726
16225
11226
5098
-1631
-8328
-14339
-19077
-22108
-23198
-22340
-19731
-15719
-10741
-5241
379
5798
10778
15145
18756
21466
23111
23512
22505
19986
15959
10586
4196
-2727
-9595
-15790
-20750
-24052
-25465
-24976
-22770
-19180
-14624
-9523
-4248
917
5776
10197
14077
17297
19700
21088
21249
20007
17276
13115
7755
1596
-4831
-10938
-16157
-20031
-22272
-22793
-21697
-19237
-15748
-11578
-7027
-2319
2403
7049
11537
15747
19489
22499
24467
25085
24121
21478
17245
11701
5294
-1425
-7882
-13568
-18106
-21295
-23105
-23647
-23111
-21701
-19579
-16838
-13498
-9548
-4992
89
5505
10937
15966
20131
23004
24269
23789
21632
18059
13479
8369
3188
-1692
-6031
-9732
-12810
-15333
-17361
-18889
-19825
-19992
-19174
-17181
-13920
-9452
-4016
1983
8031
13586
18168
21437
23239
23614
22759
20961
18517
15660
12521
9114
5374
1216
-3394
-8381
-13521
-18461
-22755
-25952
-27680
-27728
-26088
-22961
-18716
-13812
-8707
-3772
764
4831
8490
11867
15078
18157
21005
23396
25007
25498
24600
22191
18354
13373
7699
1865
-3613
-8328
-12050
-14744
-16547
-17693
-18431
-18934
-19241
-19243
-18710
-17367
-14982
-11457
-6883
-1553
4073
9452
14062
17506
19582
20313
19919
18745
17163
15467
13805
12147
10313
8037
5073
1287
-3267
-8328
-13456
-18116
-21785
-24065
-24768
-23951
-21896
-19028
-15815
-12647
-9751
-7146
-4666
-2023
1077
4831
9250
14115
19011
23395
26721
28561
28704
27204
24367
20675
16664
12802
9378
6445
3833
1216
-1772
-5409
-9781
-14721
-19828
-24540
-28256
-30482
-30944
-29657
-26921
-23245
-19226
-15398
-12111
-9452
-7239
-5094
-2565
728
4965
10045
15584
20986
25578
28767
30179
29755
27760
24720
21282
18059
15470
13644
12393
11282
9753
7294
3603
-1312
-7104
-13150
-18690
-23005
-25590
-26278
-25276
-23111
-20490
-18120
-16519
-15885
-16045
-16506
-16589
-15621
-13129
-8982
-3453
2828
9013
14239
17836
19489
19316
17833
15814
14091
13329
13846
15527
17844
19995
21112
20496
17815
13207
7266
912
-4831
-9088
-11343
-11577
-10263
-8243
-6510
-5936
-7044
-9852
-13860
-18163
-21681
-23433
-22803
-19704
-14624
-8515
-2563
2101
4690
4961
3277
517
-2150
-3571
-2915
95
5096
11155
16996
21313
23111
21957
18111
12473
6364
1202
-1858
-2218
0
3978
8403
11804
12923
11061
6263
-661
-8328
-15110
-19547
-20709
-18446
-13439
-7038
-933
3268
4451
2288
-2670
-9109
-15281
-19436
-20270
0
0
0
0
0
0
0
0
0
0
0
0
0
0
0
0
0
0
0
0
0
0
0
0
0
0
0
0
0
0
0
0
0
0
0
0
0
0
0
0
0
0
0
0
0
0
0
0
0
0
0
0
0
0
0
0
0
0
0
0
0
0
0
0
0
0
0
0
0
0
0
0
0
0
0
0
0
0
0
0
0
0
0
0
0
0
0
0
0
0
0
0
0
0
0
0
0
0
0
0
0
0
0
0
0
0
0
0
0
0
0
0
0
0
0
0
0
0
0
0
0
0
0
0
0
0
0
0
0
0
0
0
0
0
0
0
0
0
0
0
0
0
0
0
0
0
0
0
0
0
0
0
0
0
0
0
0
0
0
0
0
0
0
0
0
0
0
0
0
0
0
0
0
0
0
0
0
0
0
0
0
0
0
0
0
0
0
0
0
0
0
0
0
0
0
0
0
0
0
0
0
0
0
0
0
0
0
0
0
0
0
0
0
0
0
0
0
0
0
0
0
0
0
0
0
0
0
0
0
0
0
0
0
0
0
0
0
0
0
0
0
0
0
0
0
0
0
0
0
0
0
0
0
0
0
0
0
0
0
0
0
0
0
0
0
0
0
0
0
0
0
0
0
0
0
0
0
0
0
0
0
0
0
0
0
0
0
0
0
0
0
0
0
0
0
0
0
0
0
0
0
0
0
0
0
0
0
0
0
0
0
0
0
0
0
0
0
0
0
0
0
0
0
0
0
0
0
0
0
0
0
0
0
0
0
0
0
0
0
0
0
0
0
0
0
0
0
0
0
0
0
0
0
0
0
0
0
0
0
0
0
0
0
0
0
0
0
0
0
0
0
0
0
0
0
0
0
0
0
0
0
0
0
0
0
0
0
0
0
0
0
0
0
0
0
0
0
0
0
0
0
0
0
0
0
0
0
0
0
0
0
0
0
0
0
0
0
0
0
0
0
0
0
0
0
0
0
0
0
0
0
0
0
0
0
0
0
0
0
0
0
0
0
0
0
0
0
0
0
0
0
0
0
0
0
0
0
0
0
0
0
0
0
0
0
0
0
0
0
0
0
0
0
0
0
0
0
0
0
0
0
0
0
0
0
0
0
0
0
0
0
0
0
0
0
0
0
0
0
0
0
0
0
0
0
0
0
0
0
0
0
0
0
0
0
0
0
0
0
0
0
0
0
0
0
0
0
0
0
0
0
0
0
0
0
0
0
0
0
0
0
0
0
0
0
0
0
0
0
0
0
0
0
0
0
0
0
0
0
0
0
0
0
0
0
0
0
0
0
0
0
0
0
0
0
0
0
0
0
0
0
0
0
0
0
0
0
0
0
0
0
0
0
0
0
0
0
0
0
0
0
0
0
0
0
0
0
0
0
0
0
0
0
0
0
0
0
0
0
0
0
0
0
0
0
0
0
0
0
0
0
0
0
0
0
0
0
0
0
0
0
0
0
0
0
0
0
0
0
0
0
0
0
0
0
0
0
0
0
0
0
0
0
0
0
0
0
0
0
0
0
0
0
0
0
0
0
0
0
0
0
0
0
0
0
0
0
0
0
0
0
0
0
0
0
0
0
0
0
0
0
0
0
0
0
0
0
0
0
0
0
0
0
0
0
0
0
0
0
0
0
0
0
0
0
0
0
0
0
0
0
0
0
0
0
0
0
0
0
0
0
0
0
0
0
0
0
0
0
0
0
0
0
0
0
0
0
0
0
0
0
0
0
0
0
0
0
0
0
0
0
0
0
0
0
0
0
0
0
0
0
0
0
0
0
0
0
0
0
0
0
0
0
0
0
0
0
0
0
0
0
0
0
0
0
0
0
0
0
0
0
0
0
0
0
0
0
0
0
0
0
0
0
0
0
0
0
0
0
0
0
0
0
0
0
0
0
0
0
0
0
0
0
0
0
0
0
0
0
0
0
0
0
0
0
0
0
0
0
0
0
0
0
0
0
0
0
0
0
0
0
0
0
0
0
0
0
0
0
0
0
0
0
0
0
0
0
0
0
0
0
0
0
0
0
0
0
0
0
0
0
0
0
0
0
0
0
0
0
0
0
0
0
0
0
0
0
0
0
0
0
0
0
0
0
0
0
0
0
0
0
0
0
0
0
0
0
0
0
0
0
0
0
0
0
0
0
0
0
0
0
0
0
0
0
0
0
0
0
0
0
8544
16270
22453
26552
28272
27589
24758
20264
14764
8995
3688
-538
-3248
-4236
-3563
-1528
1363
4481
7152
8757
8819
7068
3491
-1669
-7931
-14636
-21024
-26333
-29891
-31203
-30019
-26362
-20535
-13083
-4729
3707
11413
17678
21974
24015
23791
21558
17799
13155
8345
4059
880
-802
-834
679
3397
6783
10187
12925
14387
14112
11857
7640
1744
-5314
-12842
-20053
-26160
-30481
-32511
-31998
-28964
-23712
-16785
-8901
-866
6522
12572
16775
18873
18868
17027
13835
9926
5996
2705
594
6
1045
3555
7150
11259
15202
18284
19890
19570
17099
12523
6149
-1475
-9628
-17505
-24303
-29326
-32066
-32269
-29953
-25420
-19206
-12015
-4636
2155
7698
11516
13375
13307
11597
8738
5363
2150
-266
-1383
-904
1223
4798
9384
14371
19049
22704
24714
24628
22234
17594
11036
3128
-5394
-13706
-21001
-26576
-29925
-30790
-29194
-25433
-20034
-13685
-7155
-1183
3597
6754
8086
7664
5797
2995
-105
-2832
-4574
-4862
-3439
-296
4313
9911
15844
21374
25763
28376
28759
26707
22288
15844
7951
-643
-9111
-16646
-22550
-26320
-27707
-26736
-23703
-19126
-13678
-8101
-3102
726
2995
3551
2502
193
-2841
-5952
-8471
-9797
-9488
-7320
-3328
2194
8727
15580
21983
27179
30516
31536
30034
26078
20017
12431
4064
-4261
-11743
-17697
-21640
-23330
-22806
-20365
-16523
-11938
-7327
-3362
-591
639
229
-1669
-4669
-8207
-11613
-14213
-15411
-14783
-12132
-7525
-1292
6010
13662
20866
26845
30935
32674
31848
28532
23069
16037
8171
282
-6849
-12558
-16383
-18106
-17785
-15727
-12448
-8596
-4866
-1899
-199
-65
-1548
-4446
-8327
-12589
-16543
-19494
-20851
-20196
-17353
-12413
-5733
2102
10350
18192
24838
29615
32055
31946
29357
24630
18331
11186
3982
-2522
-7696
-11108
-12573
-12171
-10231
-7275
-3950
-932
1164
1876
948
-1619
-5574
-10442
-15580
-20268
-23799
-25568
-25164
-22422
-17445
-10613
-2528
6052
14299
21412
26719
29753
30300
28431
24484
19015
12733
6400
741
-3647
-6374
-7294
-6522
-4411
-1499
1559
4102
5536
5429
3569
0
-4976
-10841
-16917
-22450
-26712
-29090
-29169
-26786
-22058
-15370
-7335
1281
9647
16970
22578
26012
27067
25818
22600
17962
12593
7230
2561
-858
-2683
-2810
-1397
1167
4321
7404
9750
10782
10094
7508
3110
-2757
-9538
-16514
-22907
-27967
-31068
-31790
-29971
-25728
-19453
-11756
-3401
4785
12021
17651
21232
22572
21759
19129
15226
10725
6335
2710
358
-418
429
2698
5964
9628
13016
15455
16373
15385
12340
7352
800
-6721
-14470
-21643
-27470
-31316
-32755
-31621
-28034
-22379
-15263
-7442
275
7126
12481
15919
17272
16646
14389
11044
7274
3765
1139
-138
182
2104
5373
9520
13915
17853
20654
21746
20751
17536
12245
5277
-2746
-11060
-18842
-25314
-29830
-31964
-31545
-28694
-23790
-17432
-10358
-3355
2841
7633
10634
11708
10985
8831
5802
2550
-251
-2014
-2309
-933
2066
6386
11513
16779
21454
24838
26353
25626
22535
17237
10150
1911
-6700
-14854
-21765
-26790
-29500
-29732
-27603
-23488
-17975
-11783
-5673
-346
3638
5932
6443
5334
2996
0
-2996
-5334
-6443
-5932
-3638
346
5673
11783
17975
23488
27603
29732
29500
26790
21765
14854
6700
-1911
-10150
-17237
-22535
-25626
-26353
-24838
-21454
-16779
-11513
-6386
-2066
933
2309
2014
251
-2550
-5802
-8831
-10985
-11708
-10634
-7633
-2841
3355
10358
17432
23790
28694
31545
31964
29830
25314
18842
11060
2746
-5277
-12245
-17536
-20751
-21746
-20654
-17853
-13915
-9520
-5373
-2104
-182
138
-1139
-3765
-7274
-11044
-14389
-16646
-17272
-15919
-12481
-7126
-275
7442
15263
22379
28034
31621
32755
31316
27470
21643
14470
6721
-800
-7352
-12340
-15385
-16373
-15455
-13016
-9629
-5964
-2698
-429
418
-358
-2710
-6335
-10725
-15226
-19129
-21759
-22572
-21232
-17651
-12021
-4785
3401
11756
19453
25728
29971
31790
31068
27967
22907
16514
9538
2757
-3110
-7508
-10094
-10782
-9750
-7404
-4321
-1167
1397
2810
2683
858
-2561
-7230
-12593
-17962
-22600
-25818
-27067
-26012
-22578
-16970
-9647
-1281
7335
15370
22058
26786
29169
29090
26712
22450
16917
10841
4976
0
-3569
-5429
-5536
-4102
-1559
1499
4411
6522
7294
6374
3647
-741
-6400
-12733
-19015
-24484
-28431
-30300
-29753
-26719
-21412
-14299
-6052
2528
10613
17445
22422
25164
25568
23799
20268
15581
10442
5574
1619
-948
-1876
-1164
932
3950
7275
10231
12171
12573
11108
7696
2522
-3982
-11186
-18331
-24630
-29357
-31946
-32055
-29615
-24838
-18192
-10350
-2102
5733
12413
17353
20196
20851
19494
16543
12589
8327
4446
1548
65
199
1899
4866
8596
12448
15727
17785
18106
16383
12558
6849
-282
-8171
-16037
-23069
-28532
-31848
-32674
-30935
-26845
-20866
-13662
-6010
1292
7525
12132
14783
15411
14213
11613
8207
4669
1669
-229
-639
591
3362
7327
11938
16523
20365
22806
23330
21640
17697
11743
4261
-4064
-12431
-20017
-26078
-30034
-31536
-30516
-27179
-21983
-15581
-8727
-2194
3328
7320
9488
9797
8471
5952
2841
-193
-2502
-3551
-2995
-726
3102
8101
13678
19126
23703
26736
27707
26320
22550
16646
9111
643
-7951
-15844
-22288
-26707
-28759
-28376
-25763
-21374
-15844
-9911
-4313
296
3439
4862
4574
2832
105
-2995
-5797
-7664
-8086
-6754
-3597
1183
7155
13685
20034
25433
29194
30790
29925
26576
21001
13706
5394
-3128
-11036
-17594
-22234
-24628
-24714
-22704
-19049
-14371
-9384
-4798
-1223
904
1383
266
-2150
-5363
-8738
-11597
-13307
-13375
-11516
-7698
-2155
4636
12015
19206
25420
29953
32269
32066
29326
24303
17505
9629
1475
-6149
-12523
-17099
-19570
-19890
-18284
-15202
-11259
-7150
-3555
-1045
-6
-594
-2705
-5996
-9926
-13835
-17027
-18868
-18873
-16775
-12572
-6522
866
8901
16785
23712
28964
31998
32511
30481
26160
20053
12842
5314
-1744
-7640
-11857
-14112
-14387
-12925
-10187
-6783
-3397
-679
834
802
-880
-4059
-8345
-13155
-17799
-21558
-23791
-24015
-21974
-17678
-11413
-3707
4729
13083
20535
26362
30019
31203
29891
26333
21024
14636
7931
1669
-3491
-7068
-8819
-8757
-7152
-4481
-1363
1528
3563
4236
3248
538
-3688
-8995
-14764
-20264
-24758
-27589
-28272
-26552
-22453
-16270
-8544
0
8544
16270
22453
26552
28272
27589
24758
20264
14764
8995
3688
-538
-3248
-4236
-3563
-1528
1363
4481
7152
8757
8819
7068
3491
-1669
-7931
-14636
-21024
-26333
-29891
-31203
-30019
-26362
-20535
-13083
-4729
3707
11413
17678
21974
24015
23791
21558
17799
13155
8345
4059
880
-802
-834
679
3397
6783
10187
12925
14387
14112
11857
7640
1744
-5314
-12842
-20053
-26160
-30481
-32511
-31998
-28964
-23712
-16785
-8901
-866
6522
12572
16775
18873
18868
17027
13835
9926
5996
2705
594
6
1045
3555
7150
11259
15202
18284
19890
19570
17099
12523
6149
-1475
-9628
-17505
-24303
-29326
-32066
-32269
-29953
-25420
-19206
-12015
-4636
2155
7698
11516
13375
13307
11597
8738
5363
2150
-266
-1383
-904
1223
4798
9384
14371
19049
22704
24714
24628
22234
17594
11036
3128
-5394
-13706
-21001
-26576
-29925
-30790
-29194
-25433
-20034
-13685
-7155
-1183
3597
6754
8086
7664
5797
2995
-105
-2832
-4574
-4862
-3439
-296
4313
9911
15844
21374
25763
28376
28759
26707
22288
15844
7951
-643
-9111
-16646
-22550
-26320
-27707
-26736
-23703
-19126
-13678
-8101
-3102
726
2995
3551
2502
193
-2841
-5952
-8471
-9797
-9488
-7320
-3328
2194
8727
15580
21983
27179
30516
31536
30034
26078
20017
12431
4064
-4261
-11743
-17697
-21640
-23330
-22806
-20365
-16523
-11938
-7327
-3362
-591
639
229
-1669
-4669
-8207
-11613
-14213
-15411
-14783
-12132
-7525
-1292
6010
13662
20866
26845
30935
32674
31848
28532
23069
16037
8171
282
-6849
-12558
-16383
-18106
-17785
-15727
-12448
-8596
-4866
-1899
-199
-65
-1548
-4446
-8327
-12589
-16543
-19494
-20851
-20196
-17353
-12413
-5733
2102
10350
18192
24838
29615
32055
31946
29357
24630
18331
11186
3982
-2522
-7696
-11108
-12573
-12171
-10231
-7275
-3950
-932
1164
1876
948
-1619
-5574
-10442
-15580
-20268
-23799
-25568
-25164
-22422
-17445
-10613
-2528
6052
14299
21412
26719
29753
30300
28431
24484
19015
12733
6400
741
-3647
-6374
-7294
-6522
-4411
-1499
1559
4102
5536
5429
3569
0
-4976
-10841
-16917
-22450
-26712
-29090
-29169
-26786
-22058
-15370
-7335
1281
9647
16970
22578
26012
27067
25818
22600
17962
12593
7230
2561
-858
-2683
-2810
-1397
1167
4321
7404
9750
10782
10094
7508
3110
-2757
-9538
-16514
-22907
-27967
-31068
-31790
-29971
-25728
-19453
-11756
-3401
4785
12021
17651
21232
22572
21759
19129
15226
10725
6335
2710
358
-418
429
2698
5964
9628
13016
15455
16373
15385
12340
7352
800
-6721
-14470
-21643
-27470
-31316
-32755
-31621
-28034
-22379
-15263
-7442
275
7126
12481
15919
17272
16646
14389
11044
7274
3765
1139
-138
182
2104
5373
9520
13915
17853
20654
21746
20751
17536
12245
5277
-2746
-11060
-18842
-25314
-29830
-31964
-31545
-28694
-23790
-17432
-10358
-3355
2841
7633
10634
11708
10985
8831
5802
2550
-251
-2014
-2309
-933
2066
6386
11513
16779
21454
24838
26353
25626
22535
17237
10150
1911
-6700
-14854
-21765
-26790
-29500
-29732
-27603
-23488
-17975
-11783
-5673
-346
3638
5932
6443
5334
2996
0
-2996
-5334
-6443
-5932
-3638
346
5673
11783
17975
23488
27603
29732
29500
26790
21765
14854
6700
-1911
-10150
-17237
-22535
-25626
-26353
-24838
-21454
-16779
-11513
-6386
-2066
933
2309
2014
251
-2550
-5802
-8831
-10985
-11708
-10634
-7633
-2841
3355
10358
17432
23790
28694
31545
31964
29830
25314
18842
11060
2746
-5277
-12245
-17536
-20751
-21746
-20654
-17853
-13915
-9520
-5373
-2104
-182
138
-1139
-3765
-7274
-11044
-14389
-16646
-17272
-15919
-12481
-7126
-275
7442
15263
22379
28034
31621
32755
31316
27470
21643
14470
6721
-800
-7352
-12340
-15385
-16373
-15455
-13016
-9629
-5964
-2698
-429
418
-358
-2710
-6335
-10725
-15226
-19129
-21759
-22572
-21232
-17651
-12021
-4785
3401
11756
19453
25728
29971
31790
31068
27967
22907
16514
9538
2757
-3110
-7508
-10094
-10782
-9750
-7404
-4321
-1167
1397
2810
2683
858
-2561
-7230
-12593
-17962
-22600
-25818
-27067
-26012
-22578
-16970
-9647
-1281
7335
15370
22058
26786
29169
29090
26712
22450
16917
10841
4976
0
-3569
-5429
-5536
-4102
-1559
1499
4411
6522
7294
6374
3647
-741
-6400
-12733
-19015
-24484
-28431
-30300
-29753
-26719
-21412
-14299
-6052
2528
10613
17445
22422
25164
25568
23799
20268
15581
10442
5574
1619
-948
-1876
-1164
932
3950
7275
10231
12171
12573
11108
7696
2522
-3982
-11186
-18331
-24630
-29357
-31946
-32055
-29615
-24838
-18192
-10350
-2102
5733
12413
17353
20196
20851
19494
16543
12589
8327
4446
1548
65
199
1899
4866
8596
12448
15727
17785
18106
16383
12558
6849
-282
-8171
-16037
-23069
-28532
-31848
-32674
-30935
-26845
-20866
-13662
-6010
1292
7525
12132
14783
15411
14213
11613
8207
4669
1669
-229
-639
591
3362
7327
11938
16523
20365
22806
23330
21640
17697
11743
4261
-4064
-12431
-20017
-26078
-30034
-31536
-30516
-27179
-21983
-15581
-8727
-2194
3328
7320
9488
9797
8471
5952
2841
-193
-2502
-3551
-2995
-726
3102
8101
13678
19126
23703
26736
27707
26320
22550
16646
9111
643
-7951
-15844
-22288
-26707
-28759
-28376
-25763
-21374
-15844
-9911
-4313
296
3439
4862
4574
2832
105
-2995
-5797
-7664
-8086
-6754
-3597
1183
7155
13685
20034
25433
29194
30790
29925
26576
21001
13706
5394
-3128
-11036
-17594
-22234
-24628
-24714
-22704
-19049
-14371
-9384
-4798
-1223
904
1383
266
-2150
-5363
-8738
-11597
-13307
-13375
-11516
-7698
-2155
4636
12015
19206
25420
29953
32269
32066
29326
24303
17505
9629
1475
-6149
-12523
-17099
-19570
-19890
-18284
-15202
-11259
-7150
-3555
-1045
-6
-594
-2705
-5996
-9926
-13835
-17027
-18868
-18873
-16775
-12572
-6522
866
8901
16785
23712
28964
31998
32511
30481
26160
20053
12842
5314
-1744
-7640
-11857
-14112
-14387
-12925
-10187
-6783
-3397
-679
834
802
-880
-4059
-8345
-13155
-17799
-21558
-23791
-24015
-21974
-17678
-11413
-3707
4729
13083
20535
26362
30019
31203
29891
26333
21024
14636
7931
1669
-3491
-7068
-8819
-8757
-7152
-4481
-1363
1528
3563
4236
3248
538
-3688
-8995
-14764
-20264
-24758
-27589
-28272
-26552
-22453
-16270
-8544
0
8544
16270
22453
26552
28272
27589
24758
20264
14764
8995
3688
-538
-3248
-4236
-3563
-1528
1363
4481
7152
8757
8819
7068
3491
-1669
-7931
-14636
-21024
-26333
-29891
-31203
-30019
-26362
-20535
-13083
-4729
3707
11413
17678
21974
24015
23791
21558
17799
13155
8345
4059
880
-802
-834
679
3397
6783
10187
12925
14387
14112
11857
7640
1744
-5314
-12842
-20053
-26160
-30481
-32511
-31998
-28964
-23712
-16785
-8901
-866
6522
12572
16775
18873
18868
17027
13835
9926
5996
2705
594
6
1045
3555
7150
11259
15202
18284
19890
19570
17099
12523
6149
-1475
-9628
-17505
-24303
-29326
-32066
-32269
-29953
-25420
-19206
-12015
-4636
2155
7698
11516
13375
13307
11597
8738
5363
2150
-266
-1383
-904
1223
4798
9384
14371
19049
22704
24714
24628
22234
17594
11036
3128
-5394
-13706
-21001
-26576
-29925
-30790
-29194
-25433
-20034
-13685
-7155
-1183
3597
6754
8086
7664
5797
2995
-105
-2832
-4574
-4862
-3439
-296
4313
9911
15844
21374
25763
28376
28759
26707
22288
15844
7951
-643
-9111
-16646
-22550
-26320
-27707
-26736
-23703
-19126
-13678
-8101
-3102
726
2995
3551
2502
193
-2841
-5952
-8471
-9797
-9488
-7320
-3328
2194
8727
15580
21983
27179
30516
31536
30034
26078
20017
12431
4064
-4261
-11743
-17697
-21640
-23330
-22806
-20365
-16523
-11938
-7327
-3362
-591
639
229
-1669
-4669
-8207
-11613
-14213
-15411
-14783
-12132
-7525
-1292
6010
13662
20866
26845
30935
32674
31848
28532
23069
16037
8171
282
-6849
-12558
-16383
-18106
-17785
-15727
-12448
-8596
-4866
-1899
-199
-65
-1548
-4446
-8327
-12589
-16543
-19494
-20851
-20196
-17353
-12413
-5733
2102
10350
18192
24838
29615
32055
31946
29357
24630
18331
11186
3982
-2522
-7696
-11108
-12573
-12171
-10231
-7275
-3950
-932
1164
1876
948
-1619
-5574
-10442
-15580
-20268
-23799
-25568
-25164
-22422
-17445
-10613
-2528
6052
14299
21412
26719
29753
30300
28431
24484
19015
12733
6400
741
-3647
-6374
-7294
-6522
-4411
-1499
1559
4102
5536
5429
3569
0
-4976
-10841
-16917
-22450
-26712
-29090
-29169
-26786
-22058
-15370
-7335
1281
9647
16970
22578
26012
27067
25818
22600
17962
12593
7230
2561
-858
-2683
-2810
-1397
1167
4321
7404
9750
10782
10094
7508
3110
-2757
-9538
-16514
-22907
-27967
-31068
-31790
-29971
-25728
-19453
-11756
-3401
4785
12021
17651
21232
22572
21759
19129
15226
10725
6335
2710
358
-418
429
2698
5964
9628
13016
15455
16373
15385
12340
7352
800
-6721
-14470
-21643
-27470
-31316
-32755
-31621
-28034
-22379
-15263
-7442
275
7126
12481
15919
17272
16646
14389
11044
7274
3765
1139
-138
182
2104
5373
9520
13915
17853
20654
21746
20751
17536
12245
5277
-2746
-11060
-18842
-25314
-29830
-31964
-31545
-28694
-23790
-17432
-10358
-3355
2841
7633
10634
11708
10985
8831
5802
2550
-251
-2014
-2309
-933
2066
6386
11513
16779
21454
24838
26353
25626
22535
17237
10150
1911
-6700
-14854
-21765
-26790
-29500
-29732
-27603
-23488
-17975
-11783
-5673
-346
3638
5932
6443
5334
2996
0
-2996
-5334
-6443
-5932
-3638
346
5673
11783
17975
23488
27603
29732
29500
26790
21765
14854
6700
-1911
-10150
-17237
-22535
-25626
-26353
-24838
-21454
-16779
-11513
-6386
-2066
933
2309
2014
251
-2550
-5802
-8831
-10985
-11708
-10634
-7633
-2841
3355
10358
17432
23790
28694
31545
31964
29830
25314
18842
11060
2746
-5277
-12245
-17536
-20751
-21746
-20654
-17853
-13915
-9520
-5373
-2104
-182
138
-1139
-3765
-7274
-11044
-14389
-16646
-17272
-15919
-12481
-7126
-275
7442
15263
22379
28034
31621
32755
31316
27470
21643
14470
6721
-800
-7352
-12340
-15385
-16373
-15455
-13016
-9629
-5964
-2698
-429
418
-358
-2710
-6335
-10725
-15226
-19129
-21759
-22572
-21232
-17651
-12021
-4785
3401
11756
19453
25728
29971
31790
31068
27967
22907
16514
9538
2757
-3110
-7508
-10094
-10782
-9750
-7404
-4321
-1167
1397
2810
2683
858
-2561
-7230
-12593
-17962
-22600
-25818
-27067
-26012
-22578
-16970
-9647
-1281
7335
15370
22058
26786
29169
29090
26712
22450
16917
10841
4976
0
-3569
-5429
-5536
-4102
-1559
1499
4411
6522
7294
6374
3647
-741
-6400
-12733
-19015
-24484
-28431
-30300
-29753
-26719
-21412
-14299
-6052
2528
10613
17445
22422
25164
25568
23799
20268
15581
10442
5574
1619
-948
-1876
-1164
932
3950
7275
10231
12171
12573
11108
7696
2522
-3982
-11186
-18331
-24630
-29357
-31946
-32055
-29615
-24838
-18192
-10350
-2102
5733
12413
17353
20196
20851
19494
16543
12589
8327
4446
1548
65
199
1899
4866
8596
12448
15727
17785
18106
16383
12558
6849
-282
-8171
-16037
-23069
-28532
-31848
-32674
-30935
-26845
-20866
-13662
-6010
1292
7525
12132
14783
15411
14213
11613
8207
4669
1669
-229
-639
591
3362
7327
11938
16523
20365
22806
23330
21640
17697
11743
4261
-4064
-12431
-20017
-26078
-30034
-31536
-30516
-27179
-21983
-15581
-8727
-2194
3328
7320
9488
9797
8471
5952
2841
-193
-2502
-3551
-2995
-726
3102
8101
13678
19126
23703
26736
27707
26320
22550
16646
9111
643
-7951
-15844
-22288
-26707
-28759
-28376
-25763
-21374
-15844
-9911
-4313
296
3439
4862
4574
2832
105
-2995
-5797
-7664
-8086
-6754
-3597
1183
7155
13685
20034
25433
29194
30790
29925
26576
21001
13706
5394
-3128
-11036
-17594
-22234
-24628
-24714
-22704
-19049
-14371
-9384
-4798
-1223
904
1383
266
-2150
-5363
-8738
-11597
-13307
-13375
-11516
-7698
-2155
4636
12015
19206
25420
29953
32269
32066
29326
24303
17505
9629
1475
-6149
-12523
-17099
-19570
-19890
-18284
-15202
-11259
-7150
-3555
-1045
-6
-594
-2705
-5996
-9926
-13835
-17027
-18868
-18873
-16775
-12572
-6522
866
8901
16785
23712
28964
31998
32511
30481
26160
20053
12842
5314
-1744
-7640
-11857
-14112
-14387
-12925
-10187
-6783
-3397
-679
834
802
-880
-4059
-8345
-13155
-17799
-21558
-23791
-24015
-21974
-17678
-11413
-3707
4729
13083
20535
26362
30019
31203
29891
26333
21024
14636
7931
1669
-3491
-7068
-8819
-8757
-7152
-4481
-1363
1528
3563
4236
3248
538
-3688
-8995
-14764
-20264
-24758
-27589
-28272
-26552
-22453
-16270
-8544
0
8544
16270
22453
26552
28272
27589
24758
20264
14764
8995
3688
-538
-3248
-4236
-3563
-1528
1363
4481
7152
8757
8819
7068
3491
-1669
-7931
-14636
-21024
-26333
-29891
-31203
-30019
-26362
-20535
-13083
-4729
3707
11413
17678
21974
24015
23791
21558
17799
13155
8345
4059
880
-802
-834
679
3397
6783
10187
12925
14387
14112
11857
7640
1744
-5314
-12842
-20053
-26160
-30481
-32511
-31998
-28964
-23712
-16785
-8901
-866
6522
12572
16775
18873
18868
17027
13835
9926
5996
2705
594
6
1045
3555
7150
11259
15202
18284
19890
19570
17099
12523
6149
-1475
-9628
-17505
-24303
-29326
-32066
-32269
-29953
-25420
-19206
-12015
-4636
2155
7698
11516
13375
13307
11597
8738
5363
2150
-266
-1383
-904
1223
4798
9384
14371
19049
22704
24714
24628
22234
17594
11036
3128
-5394
-13706
-21001
-26576
-29925
-30790
-29194
-25433
-20034
-13685
-7155
-1183
3597
6754
8086
7664
5797
2995
-105
-2832
-4574
-4862
-3439
-296
4313
9911
15844
21374
25763
28376
28759
26707
22288
15844
7951
-643
-9111
-16646
-22550
-26320
-27707
-26736
-23703
-19126
-13678
-8101
-3102
726
2995
3551
2502
193
-2841
-5952
-8471
-9797
-9488
-7320
-3328
2194
8727
15580
21983
27179
30516
31536
30034
26078
20017
12431
4064
-4261
-11743
-17697
-21640
-23330
-22806
-20365
-16523
-11938
-7327
-3362
-591
639
229
-1669
-4669
-8207
-11613
-14213
-15411
-14783
-12132
-7525
-1292
6010
13662
20866
26845
30935
32674
31848
28532
23069
16037
8171
282
-6849
-12558
-16383
-18106
-17785
-15727
-12448
-8596
-4866
-1899
-199
-65
-1548
-4446
-8327
-12589
-16543
-19494
-20851
-20196
-17353
-12413
-5733
2102
10350
18192
24838
29615
32055
31946
29357
24630
18331
11186
3982
-2522
-7696
-11108
-12573
-12171
-10231
-7275
-3950
-932
1164
1876
948
-1619
-5574
-10442
-15580
-20268
-23799
-25568
-25164
-22422
-17445
-10613
-2528
6052
14299
21412
26719
29753
30300
28431
24484
19015
12733
6400
741
-3647
-6374
-7294
-6522
-4411
-1499
1559
4102
5536
5429
3569
0
-4976
-10841
-16917
-22450
-26712
-29090
-29169
-26786
-22058
-15370
-7335
1281
9647
16970
22578
26012
27067
25818
22600
17962
12593
7230
2561
-858
-2683
-2810
-1397
1167
4321
7404
9750
10782
10094
7508
3110
-2757
-9538
-16514
-22907
-27967
-31068
-31790
-29971
-25728
-19453
-11756
-3401
4785
12021
17651
21232
22572
21759
19129
15226
10725
6335
2710
358
-418
429
2698
5964
9628
13016
15455
16373
15385
12340
7352
800
-6721
-14470
-21643
-27470
-31316
-32755
-31621
-28034
-22379
-15263
-7442
275
7126
12481
15919
17272
16646
14389
11044
7274
3765
1139
-138
182
2104
5373
9520
13915
17853
20654
21746
20751
17536
12245
5277
-2746
-11060
-18842
-25314
-29830
-31964
-31545
-28694
-23790
-17432
-10358
-3355
2841
7633
10634
11708
10985
8831
5802
2550
-251
-2014
-2309
-933
2066
6386
11513
16779
21454
24838
26353
25626
22535
17237
10150
1911
-6700
-14854
-21765
-26790
-29500
-29732
-27603
-23488
-17975
-11783
-5673
-346
3638
5932
6443
5334
2996
0
-2996
-5334
-6443
-5932
-3638
346
5673
11783
17975
23488
27603
29732
29500
26790
21765
14854
6700
-1911
-10150
-17237
-22535
-25626
-26353
-24838
-21454
-16779
-11513
-6386
-2066
933
2309
2014
251
-2550
-5802
-8831
-10985
-11708
-10634
-7633
-2841
3355
10358
17432
23790
28694
31545
31964
29830
25314
18842
11060
2746
-5277
-12245
-17536
-20751
-21746
-20654
-17853
-13915
-9520
-5373
-2104
-182
138
-1139
-3765
-7274
-11044
-14389
-16646
-17272
-15919
-12481
-7126
-275
7442
15263
22379
28034
31621
32755
31316
27470
21643
14470
6721
-800
-7352
-12340
-15385
-16373
-15455
-13016
-9629
-5964
-2698
-429
418
-358
-2710
-6335
-10725
-15226
-19129
-21759
-22572
-21232
-17651
-12021
-4785
3401
11756
19453
25728
29971
31790
31068
27967
22907
16514
9538
2757
-3110
-7508
-10094
-10782
-9750
-7404
-4321
-1167
1397
2810
2683
858
-2561
-7230
-12593
-17962
-22600
-25818
-27067
-26012
-22578
-16970
-9647
-1281
7335
15370
22058
26786
29169
29090
26712
22450
16917
10841
4976
0
-3569
-5429
-5536
-4102
-1559
1499
4411
6522
7294
6374
3647
-741
-6400
-12733
-19015
-24484
-28431
-30300
-29753
-26719
-21412
-14299
-6052
2528
10613
17445
22422
25164
25568
23799
20268
15581
10442
5574
1619
-948
-1876
-1164
932
3950
7275
10231
12171
12573
11108
7696
2522
-3982
-11186
-18331
-24630
-29357
-31946
-32055
-29615
-24838
-18192
-10350
-2102
5733
12413
17353
20196
20851
19494
16543
12589
8327
4446
1548
65
199
1899
4866
8596
12448
15727
17785
18106
16383
12558
6849
-282
-8171
-16037
-23069
-28532
-31848
-32674
-30935
-26845
-20866
-13662
-6010
1292
7525
12132
14783
15411
14213
11613
8207
4669
1669
-229
-639
591
3362
7327
11938
16523
20365
22806
23330
21640
17697
11743
4261
-4064
-12431
-20017
-26078
-30034
-31536
-30516
-27179
-21983
-15581
-8727
-2194
3328
7320
9488
9797
8471
5952
2841
-193
-2502
-3551
-2995
-726
3102
8101
13678
19126
23703
26736
27707
26320
22550
16646
9111
643
-7951
-15844
-22288
-26707
-28759
-28376
-25763
-21374
-15844
-9911
-4313
296
3439
4862
4574
2832
105
-2995
-5797
-7664
-8086
-6754
-3597
1183
7155
13685
20034
25433
29194
30790
29925
26576
21001
13706
5394
-3128
-11036
-17594
-22234
-24628
-24714
-22704
-19049
-14371
-9384
-4798
-1223
904
1383
266
-2150
-5363
-8738
-11597
-13307
-13375
-11516
-7698
-2155
4636
12015
19206
25420
29953
32269
32066
29326
24303
17505
9629
1475
-6149
-12523
-17099
-19570
-19890
-18284
-15202
-11259
-7150
-3555
-1045
-6
-594
-2705
-5996
-9926
-13835
-17027
-18868
-18873
-16775
-12572
-6522
866
8901
16785
23712
28964
31998
32511
30481
26160
20053
12842
5314
-1744
-7640
-11857
-14112
-14387
-12925
-10187
-6783
-3397
-679
834
802
-880
-4059
-8345
-13155
-17799
-21558
-23791
-24015
-21974
-17678
-11413
-3707
4729
13083
20535
26362
30019
31203
29891
26333
21024
14636
7931
1669
-3491
-7068
-8819
-8757
-7152
-4481
-1363
1528
3563
4236
3248
538
-3688
-8995
-14764
-20264
-24758
-27589
-28272
-26552
-22453
-16270
-8544
0
8544
16270
22453
26552
28272
27589
24758
20264
14764
8995
3688
-538
-3248
-4236
-3563
-1528
1363
4481
7152
8757
8819
7068
3491
-1669
-7931
-14636
-21024
-26333
-29891
-31203
-30019
-26362
-20535
-13083
-4729
3707
11413
17678
21974
24015
23791
21558
17799
13155
8345
4059
880
-802
-834
679
3397
6783
10187
12925
14387
14112
11857
7640
1744
-5314
-12842
-20053
-26160
-30481
-32511
-31998
-28964
-23712
-16785
-8901
-866
6522
12572
16775
18873
18868
17027
13835
9926
5996
2705
594
6
1045
3555
7150
11259
15202
18284
19890
19570
17099
12523
6149
-1475
-9628
-17505
-24303
-29326
-32066
-32269
-29953
-25420
-19206
-12015
-4636
2155
7698
11516
13375
13307
11597
8738
5363
2150
-266
-1383
-904
1223
4798
9384
14371
19049
22704
24714
24628
22234
17594
11036
3128
-5394
-13706
-21001
-26576
-29925
-30790
-29194
-25433
-20034
-13685
-7155
-1183
3597
6754
8086
7664
5797
2995
-105
-2832
-4574
-4862
-3439
-296
4313
9911
15844
21374
25763
28376
28759
26707
22288
15844
7951
-643
-9111
-16646
-22550
-26320
-27707
-26736
-23703
-19126
-13678
-8101
-3102
726
2995
3551
2502
193
-2841
-5952
-8471
-9797
-9488
-7320
-3328
2194
8727
15580
21983
27179
30516
31536
30034
26078
20017
12431
4064
-4261
-11743
-17697
-21640
-23330
-22806
-20365
-16523
-11938
-7327
-3362
-591
639
229
-1669
-4669
-8207
-11613
-14213
-15411
-14783
-12132
-7525
-1292
6010
13662
20866
26845
30935
32674
31848
28532
23069
16037
8171
282
-6849
-12558
-16383
-18106
-17785
-15727
-12448
-8596
-4866
-1899
-199
-65
-1548
-4446
-8327
-12589
-16543
-19494
-20851
-20196
-17353
-12413
-5733
2102
10350
18192
24838
29615
32055
31946
29357
24630
18331
11186
3982
-2522
-7696
-11108
-12573
-12171
-10231
-7275
-3950
-932
1164
1876
948
-1619
-5574
-10442
-15580
-20268
-23799
-25568
-25164
-22422
-17445
-10613
-2528
6052
14299
21412
26719
29753
30300
28431
24484
19015
12733
6400
741
-3647
-6374
-7294
-6522
-4411
-1499
1559
4102
5536
5429
3569
0
-4976
-10841
-16917
-22450
-26712
-29090
-29169
-26786
-22058
-15370
-7335
1281
9647
16970
22578
26012
27067
25818
22600
17962
12593
7230
2561
-858
-2683
-2810
-1397
1167
4321
7404
9750
10782
10094
7508
3110
-2757
-9538
-16514
-22907
-27967
-31068
-31790
-29971
-25728
-19453
-11756
-3401
4785
12021
17651
21232
22572
21759
19129
15226
10725
6335
2710
358
-418
429
2698
5964
9628
13016
15455
16373
15385
12340
7352
800
-6721
-14470
-21643
-27470
-31316
-32755
-31621
-28034
-22379
-15263
-7442
275
7126
12481
15919
17272
16646
14389
11044
7274
3765
1139
-138
182
2104
5373
9520
13915
17853
20654
21746
20751
17536
12245
5277
-2746
-11060
-18842
-25314
-29830
-31964
-31545
-28694
-23790
-17432
-10358
-3355
2841
7633
10634
11708
10985
8831
5802
2550
-251
-2014
-2309
-933
2066
6386
11513
16779
21454
24838
26353
25626
22535
17237
10150
1911
-6700
-14854
-21765
-26790
-29500
-29732
-27603
-23488
-17975
-11783
-5673
-346
3638
5932
6443
5334
2996
0
-2996
-5334
-6443
-5932
-3638
346
5673
11783
17975
23488
27603
29732
29500
26790
21765
14854
6700
-1911
-10150
-17237
-22535
-25626
-26353
-24838
-21454
-16779
-11513
-6386
-2066
933
2309
2014
251
-2550
-5802
-8831
-10985
-11708
-10634
-7633
-2841
3355
10358
17432
23790
28694
31545
31964
29830
25314
18842
11060
2746
-5277
-12245
-17536
-20751
-21746
-20654
-17853
-13915
-9520
-5373
-2104
-182
138
-1139
-3765
-7274
-11044
-14389
-16646
-17272
-15919
-12481
-7126
-275
7442
15263
22379
28034
31621
32755
31316
27470
21643
14470
6721
-800
-7352
-12340
-15385
-16373
-15455
-13016
-9629
-5964
-2698
-429
418
-358
-2710
-6335
-10725
-15226
-19129
-21759
-22572
-21232
-17651
-12021
-4785
3401
11756
19453
25728
29971
31790
31068
27967
22907
16514
9538
2757
-3110
-7508
-10094
-10782
-9750
-7404
-4321
-1167
1397
2810
2683
858
-2561
-7230
-12593
-17962
-22600
-25818
-27067
-26012
-22578
-16970
-9647
-1281
7335
15370
22058
26786
29169
29090
26712
22450
16917
10841
4976
0
-3569
-5429
-5536
-4102
-1559
1499
4411
6522
7294
6374
3647
-741
-6400
-12733
-19015
-24484
-28431
-30300
-29753
-26719
-21412
-14299
-6052
2528
10613
17445
22422
25164
25568
23799
20268
15581
10442
5574
1619
-948
-1876
-1164
932
3950
7275
10231
12171
12573
11108
7696
2522
-3982
-11186
-18331
-24630
-29357
-31946
-32055
-29615
-24838
-18192
-10350
-2102
5733
12413
17353
20196
20851
19494
16543
12589
8327
4446
1548
65
199
1899
4866
8596
12448
15727
17785
18106
16383
12558
6849
-282
-8171
-16037
-23069
-28532
-31848
-32674
-30935
-26845
-20866
-13662
-6010
1292
7525
12132
14783
15411
14213
11613
8207
4669
1669
-229
-639
591
3362
7327
11938
16523
20365
22806
23330
21640
17697
11743
4261
-4064
-12431
-20017
-26078
-30034
-31536
-30516
-27179
-21983
-15581
-8727
-2194
3328
7320
9488
9797
8471
5952
2841
-193
-2502
-3551
-2995
-726
3102
8101
13678
19126
23703
26736
27707
26320
22550
16646
9111
643
-7951
-15844
-22288
-26707
-28759
-28376
-25763
-21374
-15844
-9911
-4313
296
3439
4862
4574
2832
105
-2995
-5797
-7664
-8086
-6754
-3597
1183
7155
13685
20034
25433
29194
30790
29925
26576
21001
13706
5394
-3128
-11036
-17594
-22234
-24628
-24714
-22704
-19049
-14371
-9384
-4798
-1223
904
1383
266
-2150
-5363
-8738
-11597
-13307
-13375
-11516
-7698
-2155
4636
12015
19206
25420
29953
32269
32066
29326
24303
17505
9629
1475
-6149
-12523
-17099
-19570
-19890
-18284
-15202
-11259
-7150
-3555
-1045
-6
-594
-2705
-5996
-9926
-13835
-17027
-18868
-18873
-16775
-12572
-6522
866
8901
16785
23712
28964
31998
32511
30481
26160
20053
12842
5314
-1744
-7640
-11857
-14112
-14387
-12925
-10187
-6783
-3397
-679
834
802
-880
-4059
-8345
-13155
-17799
-21558
-23791
-24015
-21974
-17678
-11413
-3707
4729
13083
20535
26362
30019
31203
29891
26333
21024
14636
7931
1669
-3491
-7068
-8819
-8757
-7152
-4481
-1363
1528
3563
4236
3248
538
-3688
-8995
-14764
-20264
-24758
-27589
-28272
-26552
-22453
-16270
-8544
