17269
10860
2323
-6503
-13675
-17624
-17552
-13646
-7044
438
6748
10116
9502
4874
-2766
-11612
-19489
-24393
-24992
-20975
-13146
-3247
6453
13713
16874
15271
9419
894
-8039
-14981
-17991
-16075
-9452
484
11483
20977
26708
27284
22529
13547
2464
-8071
-15531
-18124
-15240
-7608
2863
13539
21694
25174
22923
15258
3804
-8879
-19903
-26744
-27847
-23008
-13430
-1444
10040
18230
21115
17953
9452
-2389
-14751
-24660
-29696
-28562
-21402
-9768
3740
16081
24488
27110
23450
14470
2370
-9933
-19489
-23995
-22337
-14836
-3174
10002
21698
29260
30980
26482
16796
4110
-8737
-18907
-24204
-23562
-17269
-6882
5141
16010
23227
25144
21317
12579
836
-11371
-21439
-27272
-27724
-22829
-13764
-2566
8328
16611
20598
19566
13876
4870
-5444
-14830
-21300
-23513
-21037
-14409
-4991
5321
14505
20812
23111
21086
15278
6950
-2178
-10279
-15767
-17601
-15467
-9822
-1797
7032
14943
20394
22308
20275
14624
6366
-2997
-11743
-18255
-21326
-20385
-15618
-7946
1143
9863
16470
19603
18552
13416
5102
-4831
-14468
-21899
-25605
-24765
-19436
-10561
202
10793
19159
23661
23411
18457
9790
-852
-11321
-19489
-23676
-22989
-17506
-8259
2970
14002
22701
27390
27185
22159
13316
2383
-8538
-17386
-22537
-23111
-19117
-11435
-1619
8414
16757
21866
22839
19557
12675
3479
-6373
-15156
-21389
-24077
-22861
-18059
-10579
-1745
6935
14023
18380
19340
16806
11247
3621
-4785
-12557
-18379
-21238
-20593
-16466
-9452
-634
8577
16669
22278
24419
22671
17266
9070
-547
-9934
-17446
-21735
-21998
-18136
-10784
-1216
8878
17691
23626
25585
23172
16768
7458
-3158
-13264
-21146
-25502
-25659
-21680
-14337
-4956
4831
13373
19282
21658
20214
15302
7819
-962
-9610
-16770
-21364
-22742
-20752
-15744
-8489
-60
8328
15489
20425
22454
21302
17139
10562
2517
-5819
-13200
-18490
-20833
-19793
-15444
-8376
370
9452
17427
22985
25167
23534
18256
10098
306
-9595
-18051
-23738
-25781
-23899
-18445
-10342
-916
8328
15950
20809
22233
20100
14836
7317
-1280
-9676
-16676
-21335
-23071
-21720
-17531
-11107
-3316
4831
12303
18167
21692
22436
20294
15522
8715
749
-7315
-14367
-19391
-21614
-20635
-16499
-9718
-1216
7793
15984
22118
25243
24846
20941
14071
5225
-4317
-13185
-20136
-24233
-24981
-22385
-16923
-9452
-1064
7079
13917
18615
20664
19908
16541
11055
4160
-3299
-10441
-16433
-20571
-22346
-21500
-18059
-12350
-4978
3219
11256
18121
22898
24907
23810
19683
13021
4692
-4186
-12397
-18810
-22546
-23111
-20461
-15010
-7549
873
9116
16108
20992
23227
22631
19380
13947
7025
-575
-8021
-14540
-19489
-22393
-22979
-21192
-17198
-11380
-4318
3252
10500
16581
20738
22403
21287
17441
11278
3530
-4831
-12726
-19119
-23164
-24330
-22475
-17858
-11093
-3053
5263
12871
18928
22826
24245
23158
19803
14624
8203
1193
-5740
-11965
-16925
-20162
-21356
-20348
-17173
-12078
-5526
1827
9185
15695
20553
23111
22980
20099
14756
7561
-632
-8844
-16108
-21593
-24718
-25209
-23119
-18786
-12774
-5772
1491
8328
14156
18525
21131
21815
20554
17456
12759
6829
157
-6661
-12962
-18074
-21393
-22467
-21073
-17269
-11407
-4108
3815
11459
17953
22575
24845
24580
21894
17166
10967
3970
-3141
-9741
-15316
-19489
-22014
-22770
-21741
-19008
-14749
-9242
-2876
3856
10372
16048
20279
22562
22571
20219
15695
9452
2160
-5382
-12349
-18005
-21791
-23390
-22743
-20034
-15633
-10027
-3752
2675
8791
14203
18591
21694
23307
23278
21529
18082
13090
6866
-124
-7279
-13920
-19371
-23050
-24552
-23716
-20646
-15704
-9452
-2566
4252
10371
15295
18702
20448
20539
19094
16300
12377
7562
2112
-3683
-9486
-14901
-19489
-22805
-24451
-24142
-21768
-17438
-11484
-4439
3027
10196
16398
21097
23949
24833
23833
21195
17269
12441
7082
1521
-3964
-9127
-13732
-17535
-20273
-21685
-21548
-19726
-16225
-11226
-5098
1631
8328
14339
19077
22108
23198
22340
19731
15719
10741
5241
-379
-5798
-10778
-15145
-18756
-21466
-23111
-23512
-22505
-19986
-15959
-10586
-4196
2727
9595
15790
20750
24052
25465
24976
22770
19180
14624
9523
4248
-917
-5776
-10197
-14077
-17297
-19700
-21088
-21249
-20007
-17276
-13115
-7755
-1596
4831
10938
16157
20031
22272
22793
21697
19237
15748
11578
7027
2319
-2403
-7049
-11537
-15747
-19489
-22499
-24467
-25085
-24121
-21478
-17245
-11701
-5294
1425
7882
13568
18106
21295
23105
23647
23111
21701
19579
16838
13498
9548
4992
-89
-5505
-10937
-15966
-20131
-23004
-24269
-23789
-21632
-18059
-13479
-8369
-3188
1692
6031
9732
12810
15333
17361
18889
19825
19992
19174
17181
13920
9452
4016
-1983
-8031
-13586
-18168
-21437
-23239
-23614
-22759
-20961
-18517
-15660
-12521
-9114
-5374
-1216
3394
8381
13521
18461
22755
25952
27680
27728
26088
22961
18716
13812
8707
3772
-764
-4831
-8490
-11867
-15078
-18157
-21005
-23396
-25007
-25498
-24600
-22191
-18354
-13373
-7699
-1865
3613
8328
12050
14744
16547
17693
18431
18934
19241
19243
18710
17367
14982
11457
6883
1553
-4073
-9452
-14062
-17506
-19582
-20313
-19919
-18745
-17163
-15467
-13805
-12147
-10313
-8037
-5073
-1287
3267
8328
13456
18116
21785
24065
24768
23951
21896
19028
15815
12647
9751
7146
4666
2023
-1077
-4831
-9250
-14115
-19011
-23395
-26721
-28561
-28704
-27204
-24367
-20675
-16664
-12802
-9378
-6445
-3833
-1216
1772
5409
9781
14721
19828
24540
28256
30482
30944
29657
26921
23245
19226
15398
12111
9452
7239
5094
2565
-728
-4965
-10045
-15584
-20986
-25578
-28767
-30179
-29755
-27760
-24720
-21282
-18059
-15470
-13644
-12393
-11282
-9753
-7294
-3603
1312
7104
13150
18690
23005
25590
26278
25276
23111
20490
18120
16519
15885
16045
16506
16589
15621
13129
8982
3453
-2828
-9013
-14239
-17836
-19489
-19316
-17833
-15814
-14091
-13329
-13846
-15527
-17844
-19995
-21112
-20496
-17815
-13207
-7266
-912
4831
9088
11343
11577
10263
8243
6510
5936
7044
9852
13860
18163
21681
23433
22803
19704
14624
8515
2563
-2101
-4690
-4961
-3277
-517
2150
3571
2915
-95
-5096
-11155
-16996
-21313
-23111
-21957
-18111
-12473
-6364
-1202
1858
2218
0
-3978
-8403
-11804
-12923
-11061
-6263
661
8328
15110
19547
20709
18446
13439
7038
933
-3268
-4451
-2288
2670
9109
15281
19436
20270
-17269
-10860
-2323
6503
13675
17624
17552
13646
7044
-438
-6748
-10116
-9502
-4874
2766
11612
19489
24393
24992
20975
13146
3247
-6453
-13713
-16874
-15271
-9419
-894
8039
14981
17991
16075
9452
-484
-11483
-20977
-26708
-27284
-22529
-13547
-2464
8071
15531
18124
15240
7608
-2863
-13539
-21694
-25174
-22923
-15258
-3804
8879
19903
26744
27847
23008
13430
1444
-10040
-18230
-21115
-17953
-9452
2389
14751
24660
29696
28562
21402
9768
-3740
-16081
-24488
-27110
-23450
-14470
-2370
9933
19489
23995
22337
14836
3174
-10002
-21698
-29260
-30980
-26482
-16796
-4110
8737
18907
24204
23562
17269
6882
-5141
-16010
-23227
-25144
-21317
-12579
-836
11371
21439
27272
27724
22829
13764
2566
-8328
-16611
-20598
-19566
-13876
-4870
5444
14830
21300
23513
21037
14409
4991
-5321
-14505
-20812
-23111
-21086
-15278
-6950
2178
10279
15767
17601
15467
9822
1797
-7032
-14943
-20394
-22308
-20275
-14624
-6366
2997
11743
18255
21326
20385
15618
7946
-1143
-9863
-16470
-19603
-18552
-13416
-5102
4831
14468
21899
25605
24765
19436
10561
-202
-10793
-19159
-23661
-23411
-18457
-9790
852
11321
19489
23676
22989
17506
8259
-2970
-14002
-22701
-27390
-27185
-22159
-13316
-2383
8538
17386
22537
23111
19117
11435
1619
-8414
-16757
-21866
-22839
-19557
-12675
-3479
6373
15156
21389
24077
22861
18059
10579
1745
-6935
-14023
-18380
-19340
-16806
-11247
-3621
4785
12557
18379
21238
20593
16466
9452
634
-8577
-16669
-22278
-24419
-22671
-17266
-9070
547
9934
17446
21735
21998
18136
10784
1216
-8878
-17691
-23626
-25585
-23172
-16768
-7458
3158
13264
21146
25502
25659
21680
14337
4956
-4831
-13373
-19282
-21658
-20214
-15302
-7819
962
9610
16770
21364
22742
20752
15744
8489
60
-8328
-15489
-20425
-22454
-21302
-17139
-10562
-2517
5819
13200
18490
20833
19793
15444
8376
-370
-9452
-17427
-22985
-25167
-23534
-18256
-10098
-306
9595
18051
23738
25781
23899
18445
10342
916
-8328
-15950
-20809
-22233
-20100
-14836
-7317
1280
9676
16676
21335
23071
21720
17531
11107
3316
-4831
-12303
-18167
-21692
-22436
-20294
-15522
-8715
-749
7315
14367
19391
21614
20635
16499
9718
1216
-7793
-15984
-22118
-25243
-24846
-20941
-14071
-5225
4317
13185
20136
24233
24981
22385
16923
9452
1064
-7079
-13917
-18615
-20664
-19908
-16541
-11055
-4160
3299
10441
16433
20571
22346
21500
18059
12350
4978
-3219
-11256
-18121
-22898
-24907
-23810
-19683
-13021
-4692
4186
12397
18810
22546
23111
20461
15010
7549
-873
-9116
-16108
-20992
-23227
-22631
-19380
-13947
-7025
575
8021
14540
19489
22393
22979
21192
17198
11380
4318
-3252
-10500
-16581
-20738
-22403
-21287
-17441
-11278
-3530
4831
12726
19119
23164
24330
22475
17858
11093
3053
-5263
-12871
-18928
-22826
-24245
-23158
-19803
-14624
-8203
-1193
5740
11965
16925
20162
21356
20348
17173
12078
5526
-1827
-9185
-15695
-20553
-23111
-22980
-20099
-14756
-7561
632
8844
16108
21593
24718
25209
23119
18786
12774
5772
-1491
-8328
-14156
-18525
-21131
-21815
-20554
-17456
-12759
-6829
-157
6661
12962
18074
21393
22467
21073
17269
11407
4108
-3815
-11459
-17953
-22575
-24845
-24580
-21894
-17166
-10967
-3970
3141
9741
15316
19489
22014
22770
21741
19008
14749
9242
2876
-3856
-10372
-16048
-20279
-22562
-22571
-20219
-15695
-9452
-2160
5382
12349
18005
21791
23390
22743
20034
15633
10027
3752
-2675
-8791
-14203
-18591
-21694
-23307
-23278
-21529
-18082
-13090
-6866
124
7279
13920
19371
23050
24552
23716
20646
15704
9452
2566
-4252
-10371
-15295
-18702
-20448
-20539
-19094
-16300
-12377
-7562
-2112
3683
9486
14901
19489
22805
24451
24142
21768
17438
11484
4439
-3027
-10196
-16398
-21097
-23949
-24833
-23833
-21195
-17269
-12441
-7082
-1521
3964
9127
13732
17535
20273
21685
21548
19726
16225
11226
5098
-1631
-8328
-14339
-19077
-22108
-23198
-22340
-19731
-15719
-10741
-5241
379
5798
10778
15145
18756
21466
23111
23512
22505
19986
15959
10586
4196
-2727
-9595
-15790
-20750
-24052
-25465
-24976
-22770
-19180
-14624
-9523
-4248
917
5776
10197
14077
17297
19700
21088
21249
20007
17276
13115
7755
1596
-4831
-10938
-16157
-20031
-22272
-22793
-21697
-19237
-15748
-11578
-7027
-2319
2403
7049
11537
15747
19489
22499
24467
25085
24121
21478
17245
11701
5294
-1425
-7882
-13568
-18106
-21295
-23105
-23647
-23111
-21701
-19579
-16838
-13498
-9548
-4992
89
5505
10937
15966
20131
23004
24269
23789
21632
18059
13479
8369
3188
-1692
-6031
-9732
-12810
-15333
-17361
-18889
-19825
-19992
-19174
-17181
-13920
-9452
-4016
1983
8031
13586
18168
21437
23239
23614
22759
20961
18517
15660
12521
9114
5374
1216
-3394
-8381
-13521
-18461
-22755
-25952
-27680
-27728
-26088
-22961
-18716
-13812
-8707
-3772
764
4831
8490
11867
15078
18157
21005
23396
25007
25498
24600
22191
18354
13373
7699
1865
-3613
-8328
-12050
-14744
-16547
-17693
-18431
-18934
-19241
-19243
-18710
-17367
-14982
-11457
-6883
-1553
4073
9452
14062
17506
19582
20313
19919
18745
17163
15467
13805
12147
10313
8037
5073
1287
-3267
-8328
-13456
-18116
-21785
-24065
-24768
-23951
-21896
-19028
-15815
-12647
-9751
-7146
-4666
-2023
1077
4831
9250
14115
19011
23395
26721
28561
28704
27204
24367
20675
16664
12802
9378
6445
3833
1216
-1772
-5409
-9781
-14721
-19828
-24540
-28256
-30482
-30944
-29657
-26921
-23245
-19226
-15398
-12111
-9452
-7239
-5094
-2565
728
4965
10045
15584
20986
25578
28767
30179
29755
27760
24720
21282
18059
15470
13644
12393
11282
9753
7294
3603
-1312
-7104
-13150
-18690
-23005
-25590
-26278
-25276
-23111
-20490
-18120
-16519
-15885
-16045
-16506
-16589
-15621
-13129
-8982
-3453
2828
9013
14239
17836
19489
19316
17833
15814
14091
13329
13846
15527
17844
19995
21112
20496
17815
13207
7266
912
-4831
-9088
-11343
-11577
-10263
-8243
-6510
-5936
-7044
-9852
-13860
-18163
-21681
-23433
-22803
-19704
-14624
-8515
-2563
2101
4690
4961
3277
517
-2150
-3571
-2915
95
5096
11155
16996
21313
23111
21957
18111
12473
6364
1202
-1858
-2218
0
3978
8403
11804
12923
11061
6263
-661
-8328
-15110
-19547
-20709
-18446
-13439
-7038
-933
3268
4451
2288
-2670
-9109
-15281
-19436
-20270
-17269
-10860
-2323
6503
13675
17624
17552
13646
7044
-438
-6748
-10116
-9502
-4874
2766
11612
19489
24393
24992
20975
13146
3247
-6453
-13713
-16874
-15271
-9419
-894
8039
14981
17991
16075
9452
-484
-11483
-20977
-26708
-27284
-22529
-13547
-2464
8071
15531
18124
15240
7608
-2863
-13539
-21694
-25174
-22923
-15258
-3804
8879
19903
26744
27847
23008
13430
1444
-10040
-18230
-21115
-17953
-9452
2389
14751
24660
29696
28562
21402
9768
-3740
-16081
-24488
-27110
-23450
-14470
-2370
9933
19489
23995
22337
14836
3174
-10002
-21698
-29260
-30980
-26482
-16796
-4110
8737
18907
24204
23562
17269
6882
-5141
-16010
-23227
-25144
-21317
-12579
-836
11371
21439
27272
27724
22829
13764
2566
-8328
-16611
-20598
-19566
-13876
-4870
5444
14830
21300
23513
21037
14409
4991
-5321
-14505
-20812
-23111
-21086
-15278
-6950
2178
10279
15767
17601
15467
9822
1797
-7032
-14943
-20394
-22308
-20275
-14624
-6366
2997
11743
18255
21326
20385
15618
7946
-1143
-9863
-16470
-19603
-18552
-13416
-5102
4831
14468
21899
25605
24765
19436
10561
-202
-10793
-19159
-23661
-23411
-18457
-9790
852
11321
19489
23676
22989
17506
8259
-2970
-14002
-22701
-27390
-27185
-22159
-13316
-2383
8538
17386
22537
23111
19117
11435
1619
-8414
-16757
-21866
-22839
-19557
-12675
-3479
6373
15156
21389
24077
22861
18059
10579
1745
-6935
-14023
-18380
-19340
-16806
-11247
-3621
4785
12557
18379
21238
20593
16466
9452
634
-8577
-16669
-22278
-24419
-22671
-17266
-9070
547
9934
17446
21735
21998
18136
10784
1216
-8878
-17691
-23626
-25585
-23172
-16768
-7458
3158
13264
21146
25502
25659
21680
14337
4956
-4831
-13373
-19282
-21658
-20214
-15302
-7819
962
9610
16770
21364
22742
20752
15744
8489
60
-8328
-15489
-20425
-22454
-21302
-17139
-10562
-2517
5819
13200
18490
20833
19793
15444
8376
-370
-9452
-17427
-22985
-25167
-23534
-18256
-10098
-306
9595
18051
23738
25781
23899
18445
10342
916
-8328
-15950
-20809
-22233
-20100
-14836
-7317
1280
9676
16676
21335
23071
21720
17531
11107
3316
-4831
-12303
-18167
-21692
-22436
-20294
-15522
-8715
-749
7315
14367
19391
21614
20635
16499
9718
1216
-7793
-15984
-22118
-25243
-24846
-20941
-14071
-5225
4317
13185
20136
24233
24981
22385
16923
9452
1064
-7079
-13917
-18615
-20664
-19908
-16541
-11055
-4160
3299
10441
16433
20571
22346
21500
18059
12350
4978
-3219
-11256
-18121
-22898
-24907
-23810
-19683
-13021
-4692
4186
12397
18810
22546
23111
20461
15010
7549
-873
-9116
-16108
-20992
-23227
-22631
-19380
-13947
-7025
575
8021
14540
19489
22393
22979
21192
17198
11380
4318
-3252
-10500
-16581
-20738
-22403
-21287
-17441
-11278
-3530
4831
12726
19119
23164
24330
22475
17858
11093
3053
-5263
-12871
-18928
-22826
-24245
-23158
-19803
-14624
-8203
-1193
5740
11965
16925
20162
21356
20348
17173
12078
5526
-1827
-9185
-15695
-20553
-23111
-22980
-20099
-14756
-7561
632
8844
16108
21593
24718
25209
23119
18786
12774
5772
-1491
-8328
-14156
-18525
-21131
-21815
-20554
-17456
-12759
-6829
-157
6661
12962
18074
21393
22467
21073
17269
11407
4108
-3815
-11459
-17953
-22575
-24845
-24580
-21894
-17166
-10967
-3970
3141
9741
15316
19489
22014
22770
21741
19008
14749
9242
2876
-3856
-10372
-16048
-20279
-22562
-22571
-20219
-15695
-9452
-2160
5382
12349
18005
21791
23390
22743
20034
15633
10027
3752
-2675
-8791
-14203
-18591
-21694
-23307
-23278
-21529
-18082
-13090
-6866
124
7279
13920
19371
23050
24552
23716
20646
15704
9452
2566
-4252
-10371
-15295
-18702
-20448
-20539
-19094
-16300
-12377
-7562
-2112
3683
9486
14901
19489
22805
24451
24142
21768
17438
11484
4439
-3027
-10196
-16398
-21097
-23949
-24833
-23833
-21195
-17269
-12441
-7082
-1521
3964
9127
13732
17535
20273
21685
21548
19726
16225
11226
5098
-1631
-8328
-14339
-19077
-22108
-23198
-22340
-19731
-15719
-10741
-5241
379
5798
10778
15145
18756
21466
23111
23512
22505
19986
15959
10586
4196
-2727
-9595
-15790
-20750
-24052
-25465
-24976
-22770
-19180
-14624
-9523
-4248
917
5776
10197
14077
17297
19700
21088
21249
20007
17276
13115
7755
1596
-4831
-10938
-16157
-20031
-22272
-22793
-21697
-19237
-15748
-11578
-7027
-2319
2403
7049
11537
15747
19489
22499
24467
25085
24121
21478
17245
11701
5294
-1425
-7882
-13568
-18106
-21295
-23105
-23647
-23111
-21701
-19579
-16838
-13498
-9548
-4992
89
5505
10937
15966
20131
23004
24269
23789
21632
18059
13479
8369
3188
-1692
-6031
-9732
-12810
-15333
-17361
-18889
-19825
-19992
-19174
-17181
-13920
-9452
-4016
1983
8031
13586
18168
21437
23239
23614
22759
20961
18517
15660
12521
9114
5374
1216
-3394
-8381
-13521
-18461
-22755
-25952
-27680
-27728
-26088
-22961
-18716
-13812
-8707
-3772
764
4831
8490
11867
15078
18157
21005
23396
25007
25498
24600
22191
18354
13373
7699
1865
-3613
-8328
-12050
-14744
-16547
-17693
-18431
-18934
-19241
-19243
-18710
-17367
-14982
-11457
-6883
-1553
4073
9452
14062
17506
19582
20313
19919
18745
17163
15467
13805
12147
10313
8037
5073
1287
-3267
-8328
-13456
-18116
-21785
-24065
-24768
-23951
-21896
-19028
-15815
-12647
-9751
-7146
-4666
-2023
1077
4831
9250
14115
19011
23395
26721
28561
28704
27204
24367
20675
16664
12802
9378
6445
3833
1216
-1772
-5409
-9781
-14721
-19828
-24540
-28256
-30482
-30944
-29657
-26921
-23245
-19226
-15398
-12111
-9452
-7239
-5094
-2565
728
4965
10045
15584
20986
25578
28767
30179
29755
27760
24720
21282
18059
15470
13644
12393
11282
9753
7294
3603
-1312
-7104
-13150
-18690
-23005
-25590
-26278
-25276
-23111
-20490
-18120
-16519
-15885
-16045
-16506
-16589
-15621
-13129
-8982
-3453
2828
9013
14239
17836
19489
19316
17833
15814
14091
13329
13846
15527
17844
19995
21112
20496
17815
13207
7266
912
-4831
-9088
-11343
-11577
-10263
-8243
-6510
-5936
-7044
-9852
-13860
-18163
-21681
-23433
-22803
-19704
-14624
-8515
-2563
2101
4690
4961
3277
517
-2150
-3571
-2915
95
5096
11155
16996
21313
23111
21957
18111
12473
6364
1202
-1858
-2218
0
3978
8403
11804
12923
11061
6263
-661
-8328
-15110
-19547
-20709
-18446
-13439
-7038
-933
3268
4451
2288
-2670
-9109
-15281
-19436
-20270
-17269
-10860
-2323
6503
13675
17624
17552
13646
7044
-438
-6748
-10116
-9502
-4874
2766
11612
19489
24393
24992
20975
13146
3247
-6453
-13713
-16874
-15271
-9419
-894
8039
14981
17991
16075
9452
-484
-11483
-20977
-26708
-27284
-22529
-13547
-2464
8071
15531
18124
15240
7608
-2863
-13539
-21694
-25174
-22923
-15258
-3804
8879
19903
26744
27847
23008
13430
1444
-10040
-18230
-21115
-17953
-9452
2389
14751
24660
29696
28562
21402
9768
-3740
-16081
-24488
-27110
-23450
-14470
-2370
9933
19489
23995
22337
14836
3174
-10002
-21698
-29260
-30980
-26482
-16796
-4110
8737
18907
24204
23562
17269
6882
-5141
-16010
-23227
-25144
-21317
-12579
-836
11371
21439
27272
27724
22829
13764
2566
-8328
-16611
-20598
-19566
-13876
-4870
5444
14830
21300
23513
21037
14409
4991
-5321
-14505
-20812
-23111
-21086
-15278
-6950
2178
10279
15767
17601
15467
9822
1797
-7032
-14943
-20394
-22308
-20275
-14624
-6366
2997
11743
18255
21326
20385
15618
7946
-1143
-9863
-16470
-19603
-18552
-13416
-5102
4831
14468
21899
25605
24765
19436
10561
-202
-10793
-19159
-23661
-23411
-18457
-9790
852
11321
19489
23676
22989
17506
8259
-2970
-14002
-22701
-27390
-27185
-22159
-13316
-2383
8538
17386
22537
23111
19117
11435
1619
-8414
-16757
-21866
-22839
-19557
-12675
-3479
6373
15156
21389
24077
22861
18059
10579
1745
-6935
-14023
-18380
-19340
-16806
-11247
-3621
4785
12557
18379
21238
20593
16466
9452
634
-8577
-16669
-22278
-24419
-22671
-17266
-9070
547
9934
17446
21735
21998
18136
10784
1216
-8878
-17691
-23626
-25585
-23172
-16768
-7458
3158
13264
21146
25502
25659
21680
14337
4956
-4831
-13373
-19282
-21658
-20214
-15302
-7819
962
9610
16770
21364
22742
20752
15744
8489
60
-8328
-15489
-20425
-22454
-21302
-17139
-10562
-2517
5819
13200
18490
20833
19793
15444
8376
-370
-9452
-17427
-22985
-25167
-23534
-18256
-10098
-306
9595
18051
23738
25781
23899
18445
10342
916
-8328
-15950
-20809
-22233
-20100
-14836
-7317
1280
9676
16676
21335
23071
21720
17531
11107
3316
-4831
-12303
-18167
-21692
-22436
-20294
-15522
-8715
-749
7315
14367
19391
21614
20635
16499
9718
1216
-7793
-15984
-22118
-25243
-24846
-20941
-14071
-5225
4317
13185
20136
24233
24981
22385
16923
9452
1064
-7079
-13917
-18615
-20664
-19908
-16541
-11055
-4160
3299
10441
16433
20571
22346
21500
18059
12350
4978
-3219
-11256
-18121
-22898
-24907
-23810
-19683
-13021
-4692
4186
12397
18810
22546
23111
20461
15010
7549
-873
-9116
-16108
-20992
-23227
-22631
-19380
-13947
-7025
575
8021
14540
19489
22393
22979
21192
17198
11380
4318
-3252
-10500
-16581
-20738
-22403
-21287
-17441
-11278
-3530
4831
12726
19119
23164
24330
22475
17858
11093
3053
-5263
-12871
-18928
-22826
-24245
-23158
-19803
-14624
-8203
-1193
5740
11965
16925
20162
21356
20348
17173
12078
5526
-1827
-9185
-15695
-20553
-23111
-22980
-20099
-14756
-7561
632
8844
16108
21593
24718
25209
23119
18786
12774
5772
-1491
-8328
-14156
-18525
-21131
-21815
-20554
-17456
-12759
-6829
-157
6661
12962
18074
21393
22467
21073
17269
11407
4108
-3815
-11459
-17953
-22575
-24845
-24580
-21894
-17166
-10967
-3970
3141
9741
15316
19489
22014
22770
21741
19008
14749
9242
2876
-3856
-10372
-16048
-20279
-22562
-22571
-20219
-15695
-9452
-2160
5382
12349
18005
21791
23390
22743
20034
15633
10027
3752
-2675
-8791
-14203
-18591
-21694
-23307
-23278
-21529
-18082
-13090
-6866
124
7279
13920
19371
23050
24552
23716
20646
15704
9452
2566
-4252
-10371
-15295
-18702
-20448
-20539
-19094
-16300
-12377
-7562
-2112
3683
9486
14901
19489
22805
24451
24142
21768
17438
11484
4439
-3027
-10196
-16398
-21097
-23949
-24833
-23833
-21195
-17269
-12441
-7082
-1521
3964
9127
13732
17535
20273
21685
21548
19726
16225
11226
5098
-1631
-8328
-14339
-19077
-22108
-23198
-22340
-19731
-15719
-10741
-5241
379
5798
10778
15145
18756
21466
23111
23512
22505
19986
15959
10586
4196
-2727
-9595
-15790
-20750
-24052
-25465
-24976
-22770
-19180
-14624
-9523
-4248
917
5776
10197
14077
17297
19700
21088
21249
20007
17276
13115
7755
1596
-4831
-10938
-16157
-20031
-22272
-22793
-21697
-19237
-15748
-11578
-7027
-2319
2403
7049
11537
15747
19489
22499
24467
25085
24121
21478
17245
11701
5294
-1425
-7882
-13568
-18106
-21295
-23105
-23647
-23111
-21701
-19579
-16838
-13498
-9548
-4992
89
5505
10937
15966
20131
23004
24269
23789
21632
18059
13479
8369
3188
-1692
-6031
-9732
-12810
-15333
-17361
-18889
-19825
-19992
-19174
-17181
-13920
-9452
-4016
1983
8031
13586
18168
21437
23239
23614
22759
20961
18517
15660
12521
9114
5374
1216
-3394
-8381
-13521
-18461
-22755
-25952
-27680
-27728
-26088
-22961
-18716
-13812
-8707
-3772
764
4831
8490
11867
15078
18157
21005
23396
25007
25498
24600
22191
18354
13373
7699
1865
-3613
-8328
-12050
-14744
-16547
-17693
-18431
-18934
-19241
-19243
-18710
-17367
-14982
-11457
-6883
-1553
4073
9452
14062
17506
19582
20313
19919
18745
17163
15467
13805
12147
10313
8037
5073
1287
-3267
-8328
-13456
-18116
-21785
-24065
-24768
-23951
-21896
-19028
-15815
-12647
-9751
-7146
-4666
-2023
1077
4831
9250
14115
19011
23395
26721
28561
28704
27204
24367
20675
16664
12802
9378
6445
3833
1216
-1772
-5409
-9781
-14721
-19828
-24540
-28256
-30482
-30944
-29657
-26921
-23245
-19226
-15398
-12111
-9452
-7239
-5094
-2565
728
4965
10045
15584
20986
25578
28767
30179
29755
27760
24720
21282
18059
15470
13644
12393
11282
9753
7294
3603
-1312
-7104
-13150
-18690
-23005
-25590
-26278
-25276
-23111
-20490
-18120
-16519
-15885
-16045
-16506
-16589
-15621
-13129
-8982
-3453
2828
9013
14239
17836
19489
19316
17833
15814
14091
13329
13846
15527
17844
19995
21112
20496
17815
13207
7266
912
-4831
-9088
-11343
-11577
-10263
-8243
-6510
-5936
-7044
-9852
-13860
-18163
-21681
-23433
-22803
-19704
-14624
-8515
-2563
2101
4690
4961
3277
517
-2150
-3571
-2915
95
5096
11155
16996
21313
23111
21957
18111
12473
6364
1202
-1858
-2218
0
3978
8403
11804
12923
11061
6263
-661
-8328
-15110
-19547
-20709
-18446
-13439
-7038
-933
3268
4451
2288
-2670
-9109
-15281
-19436
-20270
-17269
-10860
-2323
6503
13675
17624
17552
13646
7044
-438
-6748
-10116
-9502
-4874
2766
11612
19489
24393
24992
20975
13146
3247
-6453
-13713
-16874
-15271
-9419
-894
8039
14981
17991
16075
9452
-484
-11483
-20977
-26708
-27284
-22529
-13547
-2464
8071
15531
18124
15240
7608
-2863
-13539
-21694
-25174
-22923
-15258
-3804
8879
19903
26744
27847
23008
13430
1444
-10040
-18230
-21115
-17953
-9452
2389
14751
24660
29696
28562
21402
9768
-3740
-16081
-24488
-27110
-23450
-14470
-2370
9933
19489
23995
22337
14836
3174
-10002
-21698
-29260
-30980
-26482
-16796
-4110
8737
18907
24204
23562
17269
6882
-5141
-16010
-23227
-25144
-21317
-12579
-836
11371
21439
27272
27724
22829
13764
2566
-8328
-16611
-20598
-19566
-13876
-4870
5444
14830
21300
23513
21037
14409
4991
-5321
-14505
-20812
-23111
-21086
-15278
-6950
2178
10279
15767
17601
15467
9822
1797
-7032
-14943
-20394
-22308
-20275
-14624
-6366
2997
11743
18255
21326
20385
15618
7946
-1143
-9863
-16470
-19603
-18552
-13416
-5102
4831
14468
21899
25605
24765
19436
10561
-202
-10793
-19159
-23661
-23411
-18457
-9790
852
11321
19489
23676
22989
17506
8259
-2970
-14002
-22701
-27390
-27185
-22159
-13316
-2383
8538
17386
22537
23111
19117
11435
1619
-8414
-16757
-21866
-22839
-19557
-12675
-3479
6373
15156
21389
24077
22861
18059
10579
1745
-6935
-14023
-18380
-19340
-16806
-11247
-3621
4785
12557
18379
21238
20593
16466
9452
634
-8577
-16669
-22278
-24419
-22671
-17266
-9070
547
9934
17446
21735
21998
18136
10784
1216
-8878
-17691
-23626
-25585
-23172
-16768
-7458
3158
13264
21146
25502
25659
21680
14337
4956
-4831
-13373
-19282
-21658
-20214
-15302
-7819
962
9610
16770
21364
22742
20752
15744
8489
60
-8328
-15489
-20425
-22454
-21302
-17139
-10562
-2517
5819
13200
18490
20833
19793
15444
8376
-370
-9452
-17427
-22985
-25167
-23534
-18256
-10098
-306
9595
18051
23738
25781
23899
18445
10342
916
-8328
-15950
-20809
-22233
-20100
-14836
-7317
1280
9676
16676
21335
23071
21720
17531
11107
3316
-4831
-12303
-18167
-21692
-22436
-20294
-15522
-8715
-749
7315
14367
19391
21614
20635
16499
9718
1216
-7793
-15984
-22118
-25243
-24846
-20941
-14071
-5225
4317
13185
20136
24233
24981
22385
16923
9452
1064
-7079
-13917
-18615
-20664
-19908
-16541
-11055
-4160
3299
10441
16433
20571
22346
21500
18059
12350
4978
-3219
-11256
-18121
-22898
-24907
-23810
-19683
-13021
-4692
4186
12397
18810
22546
23111
20461
15010
7549
-873
-9116
-16108
-20992
-23227
-22631
-19380
-13947
-7025
575
8021
14540
19489
22393
22979
21192
17198
11380
4318
-3252
-10500
-16581
-20738
-22403
-21287
-17441
-11278
-3530
4831
12726
19119
23164
24330
22475
17858
11093
3053
-5263
-12871
-18928
-22826
-24245
-23158
-19803
-14624
-8203
-1193
5740
11965
16925
20162
21356
20348
17173
12078
5526
-1827
-9185
-15695
-20553
-23111
-22980
-20099
-14756
-7561
632
8844
16108
21593
24718
25209
23119
18786
12774
5772
-1491
-8328
-14156
-18525
-21131
-21815
-20554
-17456
-12759
-6829
-157
6661
12962
18074
21393
22467
21073
17269
11407
4108
-3815
-11459
-17953
-22575
-24845
-24580
-21894
-17166
-10967
-3970
3141
9741
15316
19489
22014
22770
21741
19008
14749
9242
2876
-3856
-10372
-16048
-20279
-22562
-22571
-20219
-15695
-9452
-2160
5382
12349
18005
21791
23390
22743
20034
15633
10027
3752
-2675
-8791
-14203
-18591
-21694
-23307
-23278
-21529
-18082
-13090
-6866
124
7279
13920
19371
23050
24552
23716
20646
15704
9452
2566
-4252
-10371
-15295
-18702
-20448
-20539
-19094
-16300
-12377
-7562
-2112
3683
9486
14901
19489
22805
24451
24142
21768
17438
11484
4439
-3027
-10196
-16398
-21097
-23949
-24833
-23833
-21195
-17269
-12441
-7082
-1521
3964
9127
13732
17535
20273
21685
21548
19726
16225
11226
5098
-1631
-8328
-14339
-19077
-22108
-23198
-22340
-19731
-15719
-10741
-5241
379
5798
10778
15145
18756
21466
23111
23512
22505
19986
15959
10586
4196
-2727
-9595
-15790
-20750
-24052
-25465
-24976
-22770
-19180
-14624
-9523
-4248
917
5776
10197
14077
17297
19700
21088
21249
20007
17276
13115
7755
1596
-4831
-10938
-16157
-20031
-22272
-22793
-21697
-19237
-15748
-11578
-7027
-2319
2403
7049
11537
15747
19489
22499
24467
25085
24121
21478
17245
11701
5294
-1425
-7882
-13568
-18106
-21295
-23105
-23647
-23111
-21701
-19579
-16838
-13498
-9548
-4992
89
5505
10937
15966
20131
23004
24269
23789
21632
18059
13479
8369
3188
-1692
-6031
-9732
-12810
-15333
-17361
-18889
-19825
-19992
-19174
-17181
-13920
-9452
-4016
1983
8031
13586
18168
21437
23239
23614
22759
20961
18517
15660
12521
9114
5374
1216
-3394
-8381
-13521
-18461
-22755
-25952
-27680
-27728
-26088
-22961
-18716
-13812
-8707
-3772
764
4831
8490
11867
15078
18157
21005
23396
25007
25498
24600
22191
18354
13373
7699
1865
-3613
-8328
-12050
-14744
-16547
-17693
-18431
-18934
-19241
-19243
-18710
-17367
-14982
-11457
-6883
-1553
4073
9452
14062
17506
19582
20313
19919
18745
17163
15467
13805
12147
10313
8037
5073
1287
-3267
-8328
-13456
-18116
-21785
-24065
-24768
-23951
-21896
-19028
-15815
-12647
-9751
-7146
-4666
-2023
1077
4831
9250
14115
19011
23395
26721
28561
28704
27204
24367
20675
16664
12802
9378
6445
3833
1216
-1772
-5409
-9781
-14721
-19828
-24540
-28256
-30482
-30944
-29657
-26921
-23245
-19226
-15398
-12111
-9452
-7239
-5094
-2565
728
4965
10045
15584
20986
25578
28767
30179
29755
27760
24720
21282
18059
15470
13644
12393
11282
9753
7294
3603
-1312
-7104
-13150
-18690
-23005
-25590
-26278
-25276
-23111
-20490
-18120
-16519
-15885
-16045
-16506
-16589
-15621
-13129
-8982
-3453
2828
9013
14239
17836
19489
19316
17833
15814
14091
13329
13846
15527
17844
19995
21112
20496
17815
13207
7266
912
-4831
-9088
-11343
-11577
-10263
-8243
-6510
-5936
-7044
-9852
-13860
-18163
-21681
-23433
-22803
-19704
-14624
-8515
-2563
2101
4690
4961
3277
517
-2150
-3571
-2915
95
5096
11155
16996
21313
23111
21957
18111
12473
6364
1202
-1858
-2218
0
3978
8403
11804
12923
11061
6263
-661
-8328
-15110
-19547
-20709
-18446
-13439
-7038
-933
3268
4451
2288
-2670
-9109
-15281
-19436
-20270
-17269
-10860
-2323
6503
13675
17624
17552
13646
7044
-438
-6748
-10116
-9502
-4874
2766
11612
19489
24393
24992
20975
13146
3247
-6453
-13713
-16874
-15271
-9419
-894
8039
14981
17991
16075
9452
-484
-11483
-20977
-26708
-27284
-22529
-13547
-2464
8071
15531
18124
15240
7608
-2863
-13539
-21694
-25174
-22923
-15258
-3804
8879
19903
26744
27847
23008
13430
1444
-10040
-18230
-21115
-17953
-9452
2389
14751
24660
29696
28562
21402
9768
-3740
-16081
-24488
-27110
-23450
-14470
-2370
9933
19489
23995
22337
14836
3174
-10002
-21698
-29260
-30980
-26482
-16796
-4110
8737
18907
24204
23562
17269
6882
-5141
-16010
-23227
-25144
-21317
-12579
-836
11371
21439
27272
27724
22829
13764
2566
-8328
-16611
-20598
-19566
-13876
-4870
5444
14830
21300
23513
21037
14409
4991
-5321
-14505
-20812
-23111
-21086
-15278
-6950
2178
10279
15767
17601
15467
9822
1797
-7032
-14943
-20394
-22308
-20275
-14624
-6366
2997
11743
18255
21326
20385
15618
7946
-1143
-9863
-16470
-19603
-18552
-13416
-5102
4831
14468
21899
25605
24765
19436
10561
-202
-10793
-19159
-23661
-23411
-18457
-9790
852
11321
19489
23676
22989
17506
8259
-2970
-14002
-22701
-27390
-27185
-22159
-13316
-2383
8538
17386
22537
23111
19117
11435
1619
-8414
-16757
-21866
-22839
-19557
-12675
-3479
6373
15156
21389
24077
22861
18059
10579
1745
-6935
-14023
-18380
-19340
-16806
-11247
-3621
4785
12557
18379
21238
20593
16466
9452
634
-8577
-16669
-22278
-24419
-22671
-17266
-9070
547
9934
17446
21735
21998
18136
10784
1216
-8878
-17691
-23626
-25585
-23172
-16768
-7458
3158
13264
21146
25502
25659
21680
14337
4956
-4831
-13373
-19282
-21658
-20214
-15302
-7819
962
9610
16770
21364
22742
20752
15744
8489
60
-8328
-15489
-20425
-22454
-21302
-17139
-10562
-2517
5819
13200
18490
20833
19793
15444
8376
-370
-9452
-17427
-22985
-25167
-23534
-18256
-10098
-306
9595
18051
23738
25781
23899
18445
10342
916
-8328
-15950
-20809
-22233
-20100
-14836
-7317
1280
9676
16676
21335
23071
21720
17531
11107
3316
-4831
-12303
-18167
-21692
-22436
-20294
-15522
-8715
-749
7315
14367
19391
21614
20635
16499
9718
1216
-7793
-15984
-22118
-25243
-24846
-20941
-14071
-5225
4317
13185
20136
24233
24981
22385
16923
9452
1064
-7079
-13917
-18615
-20664
-19908
-16541
-11055
-4160
3299
10441
16433
20571
22346
21500
18059
12350
4978
-3219
-11256
-18121
-22898
-24907
-23810
-19683
-13021
-4692
4186
12397
18810
22546
23111
20461
15010
7549
-873
-9116
-16108
-20992
-23227
-22631
-19380
-13947
-7025
575
8021
14540
19489
22393
22979
21192
17198
11380
4318
-3252
-10500
-16581
-20738
-22403
-21287
-17441
-11278
-3530
4831
12726
19119
23164
24330
22475
17858
11093
3053
-5263
-12871
-18928
-22826
-24245
-23158
-19803
-14624
-8203
-1193
5740
11965
16925
20162
21356
20348
17173
12078
5526
-1827
-9185
-15695
-20553
-23111
-22980
-20099
-14756
-7561
632
8844
16108
21593
24718
25209
23119
18786
12774
5772
-1491
-8328
-14156
-18525
-21131
-21815
-20554
-17456
-12759
-6829
-157
6661
12962
18074
21393
22467
21073
17269
11407
4108
-3815
-11459
-17953
-22575
-24845
-24580
-21894
-17166
-10967
-3970
3141
9741
15316
19489
22014
22770
21741
19008
14749
9242
2876
-3856
-10372
-16048
-20279
-22562
-22571
-20219
-15695
-9452
-2160
5382
12349
18005
21791
23390
22743
20034
15633
10027
3752
-2675
-8791
-14203
-18591
-21694
-23307
-23278
-21529
-18082
-13090
-6866
124
7279
13920
19371
23050
24552
23716
20646
15704
9452
2566
-4252
-10371
-15295
-18702
-20448
-20539
-19094
-16300
-12377
-7562
-2112
3683
9486
14901
19489
22805
24451
24142
21768
17438
11484
4439
-3027
-10196
-16398
-21097
-23949
-24833
-23833
-21195
-17269
-12441
-7082
-1521
3964
9127
13732
17535
20273
21685
21548
19726
16225
11226
5098
-1631
-8328
-14339
-19077
-22108
-23198
-22340
-19731
-15719
-10741
-5241
379
5798
10778
15145
18756
21466
23111
23512
22505
19986
15959
10586
4196
-2727
-9595
-15790
-20750
-24052
-25465
-24976
-22770
-19180
-14624
-9523
-4248
917
5776
10197
14077
17297
19700
21088
21249
20007
17276
13115
7755
1596
-4831
-10938
-16157
-20031
-22272
-22793
-21697
-19237
-15748
-11578
-7027
-2319
2403
7049
11537
15747
19489
22499
24467
25085
24121
21478
17245
11701
5294
-1425
-7882
-13568
-18106
-21295
-23105
-23647
-23111
-21701
-19579
-16838
-13498
-9548
-4992
89
5505
10937
15966
20131
23004
24269
23789
21632
18059
13479
8369
3188
-1692
-6031
-9732
-12810
-15333
-17361
-18889
-19825
-19992
-19174
-17181
-13920
-9452
-4016
1983
8031
13586
18168
21437
23239
23614
22759
20961
18517
15660
12521
9114
5374
1216
-3394
-8381
-13521
-18461
-22755
-25952
-27680
-27728
-26088
-22961
-18716
-13812
-8707
-3772
764
4831
8490
11867
15078
18157
21005
23396
25007
25498
24600
22191
18354
13373
7699
1865
-3613
-8328
-12050
-14744
-16547
-17693
-18431
-18934
-19241
-19243
-18710
-17367
-14982
-11457
-6883
-1553
4073
9452
14062
17506
19582
20313
19919
18745
17163
15467
13805
12147
10313
8037
5073
1287
-3267
-8328
-13456
-18116
-21785
-24065
-24768
-23951
-21896
-19028
-15815
-12647
-9751
-7146
-4666
-2023
1077
4831
9250
14115
19011
23395
26721
28561
28704
27204
24367
20675
16664
12802
9378
6445
3833
1216
-1772
-5409
-9781
-14721
-19828
-24540
-28256
-30482
-30944
-29657
-26921
-23245
-19226
-15398
-12111
-9452
-7239
-5094
-2565
728
4965
10045
15584
20986
25578
28767
30179
29755
27760
24720
21282
18059
15470
13644
12393
11282
9753
7294
3603
-1312
-7104
-13150
-18690
-23005
-25590
-26278
-25276
-23111
-20490
-18120
-16519
-15885
-16045
-16506
-16589
-15621
-13129
-8982
-3453
2828
9013
14239
17836
19489
19316
17833
15814
14091
13329
13846
15527
17844
19995
21112
20496
17815
13207
7266
912
-4831
-9088
-11343
-11577
-10263
-8243
-6510
-5936
-7044
-9852
-13860
-18163
-21681
-23433
-22803
-19704
-14624
-8515
-2563
2101
4690
4961
3277
517
-2150
-3571
-2915
95
5096
11155
16996
21313
23111
21957
18111
12473
6364
1202
-1858
-2218
0
3978
8403
11804
12923
11061
6263
-661
-8328
-15110
-19547
-20709
-18446
-13439
-7038
-933
3268
4451
2288
-2670
-9109
-15281
-19436
-20270
17269
10860
2323
-6503
-13675
-17624
-17552
-13646
-7044
438
6748
10116
9502
4874
-2766
-11612
-19489
-24393
-24992
-20975
-13146
-3247
6453
13713
16874
15271
9419
894
-8039
-14981
-17991
-16075
-9452
484
11483
20977
26708
27284
22529
13547
2464
-8071
-15531
-18124
-15240
-7608
2863
13539
21694
25174
22923
15258
3804
-8879
-19903
-26744
-27847
-23008
-13430
-1444
10040
18230
21115
17953
9452
-2389
-14751
-24660
-29696
-28562
-21402
-9768
3740
16081
24488
27110
23450
14470
2370
-9933
-19489
-23995
-22337
-14836
-3174
10002
21698
29260
30980
26482
16796
4110
-8737
-18907
-24204
-23562
-17269
-6882
5141
16010
23227
25144
21317
12579
836
-11371
-21439
-27272
-27724
-22829
-13764
-2566
8328
16611
20598
19566
13876
4870
-5444
-14830
-21300
-23513
-21037
-14409
-4991
5321
14505
20812
23111
21086
15278
6950
-2178
-10279
-15767
-17601
-15467
-9822
-1797
7032
14943
20394
22308
20275
14624
6366
-2997
-11743
-18255
-21326
-20385
-15618
-7946
1143
9863
16470
19603
18552
13416
5102
-4831
-14468
-21899
-25605
-24765
-19436
-10561
202
10793
19159
23661
23411
18457
9790
-852
-11321
-19489
-23676
-22989
-17506
-8259
2970
14002
22701
27390
27185
22159
13316
2383
-8538
-17386
-22537
-23111
-19117
-11435
-1619
8414
16757
21866
22839
19557
12675
3479
-6373
-15156
-21389
-24077
-22861
-18059
-10579
-1745
6935
14023
18380
19340
16806
11247
3621
-4785
-12557
-18379
-21238
-20593
-16466
-9452
-634
8577
16669
22278
24419
22671
17266
9070
-547
-9934
-17446
-21735
-21998
-18136
-10784
-1216
8878
17691
23626
25585
23172
16768
7458
-3158
-13264
-21146
-25502
-25659
-21680
-14337
-4956
4831
13373
19282
21658
20214
15302
7819
-962
-9610
-16770
-21364
-22742
-20752
-15744
-8489
-60
8328
15489
20425
22454
21302
17139
10562
2517
-5819
-13200
-18490
-20833
-19793
-15444
-8376
370
9452
17427
22985
25167
23534
18256
10098
306
-9595
-18051
-23738
-25781
-23899
-18445
-10342
-916
8328
15950
20809
22233
20100
14836
7317
-1280
-9676
-16676
-21335
-23071
-21720
-17531
-11107
-3316
4831
12303
18167
21692
22436
20294
15522
8715
749
-7315
-14367
-19391
-21614
-20635
-16499
-9718
-1216
7793
15984
22118
25243
24846
20941
14071
5225
-4317
-13185
-20136
-24233
-24981
-22385
-16923
-9452
-1064
7079
13917
18615
20664
19908
16541
11055
4160
-3299
-10441
-16433
-20571
-22346
-21500
-18059
-12350
-4978
3219
11256
18121
22898
24907
23810
19683
13021
4692
-4186
-12397
-18810
-22546
-23111
-20461
-15010
-7549
873
9116
16108
20992
23227
22631
19380
13947
7025
-575
-8021
-14540
-19489
-22393
-22979
-21192
-17198
-11380
-4318
3252
10500
16581
20738
22403
21287
17441
11278
3530
-4831
-12726
-19119
-23164
-24330
-22475
-17858
-11093
-3053
5263
12871
18928
22826
24245
23158
19803
14624
8203
1193
-5740
-11965
-16925
-20162
-21356
-20348
-17173
-12078
-5526
1827
9185
15695
20553
23111
22980
20099
14756
7561
-632
-8844
-16108
-21593
-24718
-25209
-23119
-18786
-12774
-5772
1491
8328
14156
18525
21131
21815
20554
17456
12759
6829
157
-6661
-12962
-18074
-21393
-22467
-21073
-17269
-11407
-4108
3815
11459
17953
22575
24845
24580
21894
17166
10967
3970
-3141
-9741
-15316
-19489
-22014
-22770
-21741
-19008
-14749
-9242
-2876
3856
10372
16048
20279
22562
22571
20219
15695
9452
2160
-5382
-12349
-18005
-21791
-23390
-22743
-20034
-15633
-10027
-3752
2675
8791
14203
18591
21694
23307
23278
21529
18082
13090
6866
-124
-7279
-13920
-19371
-23050
-24552
-23716
-20646
-15704
-9452
-2566
4252
10371
15295
18702
20448
20539
19094
16300
12377
7562
2112
-3683
-9486
-14901
-19489
-22805
-24451
-24142
-21768
-17438
-11484
-4439
3027
10196
16398
21097
23949
24833
23833
21195
17269
12441
7082
1521
-3964
-9127
-13732
-17535
-20273
-21685
-21548
-19726
-16225
-11226
-5098
1631
8328
14339
19077
22108
23198
22340
19731
15719
10741
5241
-379
-5798
-10778
-15145
-18756
-21466
-23111
-23512
-22505
-19986
-15959
-10586
-4196
2727
9595
15790
20750
24052
25465
24976
22770
19180
14624
9523
4248
-917
-5776
-10197
-14077
-17297
-19700
-21088
-21249
-20007
-17276
-13115
-7755
-1596
4831
10938
16157
20031
22272
22793
21697
19237
15748
11578
7027
2319
-2403
-7049
-11537
-15747
-19489
-22499
-24467
-25085
-24121
-21478
-17245
-11701
-5294
1425
7882
13568
18106
21295
23105
23647
23111
21701
19579
16838
13498
9548
4992
-89
-5505
-10937
-15966
-20131
-23004
-24269
-23789
-21632
-18059
-13479
-8369
-3188
1692
6031
9732
12810
15333
17361
18889
19825
19992
19174
17181
13920
9452
4016
-1983
-8031
-13586
-18168
-21437
-23239
-23614
-22759
-20961
-18517
-15660
-12521
-9114
-5374
-1216
3394
8381
13521
18461
22755
25952
27680
27728
26088
22961
18716
13812
8707
3772
-764
-4831
-8490
-11867
-15078
-18157
-21005
-23396
-25007
-25498
-24600
-22191
-18354
-13373
-7699
-1865
3613
8328
12050
14744
16547
17693
18431
18934
19241
19243
18710
17367
14982
11457
6883
1553
-4073
-9452
-14062
-17506
-19582
-20313
-19919
-18745
-17163
-15467
-13805
-12147
-10313
-8037
-5073
-1287
3267
8328
13456
18116
21785
24065
24768
23951
21896
19028
15815
12647
9751
7146
4666
2023
-1077
-4831
-9250
-14115
-19011
-23395
-26721
-28561
-28704
-27204
-24367
-20675
-16664
-12802
-9378
-6445
-3833
-1216
1772
5409
9781
14721
19828
24540
28256
30482
30944
29657
26921
23245
19226
15398
12111
9452
7239
5094
2565
-728
-4965
-10045
-15584
-20986
-25578
-28767
-30179
-29755
-27760
-24720
-21282
-18059
-15470
-13644
-12393
-11282
-9753
-7294
-3603
1312
7104
13150
18690
23005
25590
26278
25276
23111
20490
18120
16519
15885
16045
16506
16589
15621
13129
8982
3453
-2828
-9013
-14239
-17836
-19489
-19316
-17833
-15814
-14091
-13329
-13846
-15527
-17844
-19995
-21112
-20496
-17815
-13207
-7266
-912
4831
9088
11343
11577
10263
8243
6510
5936
7044
9852
13860
18163
21681
23433
22803
19704
14624
8515
2563
-2101
-4690
-4961
-3277
-517
2150
3571
2915
-95
-5096
-11155
-16996
-21313
-23111
-21957
-18111
-12473
-6364
-1202
1858
2218
0
-3978
-8403
-11804
-12923
-11061
-6263
661
8328
15110
19547
20709
18446
13439
7038
933
-3268
-4451
-2288
2670
9109
15281
19436
20270
-17269
-10860
-2323
6503
13675
17624
17552
13646
7044
-438
-6748
-10116
-9502
-4874
2766
11612
19489
24393
24992
20975
13146
3247
-6453
-13713
-16874
-15271
-9419
-894
8039
14981
17991
16075
9452
-484
-11483
-20977
-26708
-27284
-22529
-13547
-2464
8071
15531
18124
15240
7608
-2863
-13539
-21694
-25174
-22923
-15258
-3804
8879
19903
26744
27847
23008
13430
1444
-10040
-18230
-21115
-17953
-9452
2389
14751
24660
29696
28562
21402
9768
-3740
-16081
-24488
-27110
-23450
-14470
-2370
9933
19489
23995
22337
14836
3174
-10002
-21698
-29260
-30980
-26482
-16796
-4110
8737
18907
24204
23562
17269
6882
-5141
-16010
-23227
-25144
-21317
-12579
-836
11371
21439
27272
27724
22829
13764
2566
-8328
-16611
-20598
-19566
-13876
-4870
5444
14830
21300
23513
21037
14409
4991
-5321
-14505
-20812
-23111
-21086
-15278
-6950
2178
10279
15767
17601
15467
9822
1797
-7032
-14943
-20394
-22308
-20275
-14624
-6366
2997
11743
18255
21326
20385
15618
7946
-1143
-9863
-16470
-19603
-18552
-13416
-5102
4831
14468
21899
25605
24765
19436
10561
-202
-10793
-19159
-23661
-23411
-18457
-9790
852
11321
19489
23676
22989
17506
8259
-2970
-14002
-22701
-27390
-27185
-22159
-13316
-2383
8538
17386
22537
23111
19117
11435
1619
-8414
-16757
-21866
-22839
-19557
-12675
-3479
6373
15156
21389
24077
22861
18059
10579
1745
-6935
-14023
-18380
-19340
-16806
-11247
-3621
4785
12557
18379
21238
20593
16466
9452
634
-8577
-16669
-22278
-24419
-22671
-17266
-9070
547
9934
17446
21735
21998
18136
10784
1216
-8878
-17691
-23626
-25585
-23172
-16768
-7458
3158
13264
21146
25502
25659
21680
14337
4956
-4831
-13373
-19282
-21658
-20214
-15302
-7819
962
9610
16770
21364
22742
20752
15744
8489
60
-8328
-15489
-20425
-22454
-21302
-17139
-10562
-2517
5819
13200
18490
20833
19793
15444
8376
-370
-9452
-17427
-22985
-25167
-23534
-18256
-10098
-306
9595
18051
23738
25781
23899
18445
10342
916
-8328
-15950
-20809
-22233
-20100
-14836
-7317
1280
9676
16676
21335
23071
21720
17531
11107
3316
-4831
-12303
-18167
-21692
-22436
-20294
-15522
-8715
-749
7315
14367
19391
21614
20635
16499
9718
1216
-7793
-15984
-22118
-25243
-24846
-20941
-14071
-5225
4317
13185
20136
24233
24981
22385
16923
9452
1064
-7079
-13917
-18615
-20664
-19908
-16541
-11055
-4160
3299
10441
16433
20571
22346
21500
18059
12350
4978
-3219
-11256
-18121
-22898
-24907
-23810
-19683
-13021
-4692
4186
12397
18810
22546
23111
20461
15010
7549
-873
-9116
-16108
-20992
-23227
-22631
-19380
-13947
-7025
575
8021
14540
19489
22393
22979
21192
17198
11380
4318
-3252
-10500
-16581
-20738
-22403
-21287
-17441
-11278
-3530
4831
12726
19119
23164
24330
22475
17858
11093
3053
-5263
-12871
-18928
-22826
-24245
-23158
-19803
-14624
-8203
-1193
5740
11965
16925
20162
21356
20348
17173
12078
5526
-1827
-9185
-15695
-20553
-23111
-22980
-20099
-14756
-7561
632
8844
16108
21593
24718
25209
23119
18786
12774
5772
-1491
-8328
-14156
-18525
-21131
-21815
-20554
-17456
-12759
-6829
-157
6661
12962
18074
21393
22467
21073
17269
11407
4108
-3815
-11459
-17953
-22575
-24845
-24580
-21894
-17166
-10967
-3970
3141
9741
15316
19489
22014
22770
21741
19008
14749
9242
2876
-3856
-10372
-16048
-20279
-22562
-22571
-20219
-15695
-9452
-2160
5382
12349
18005
21791
23390
22743
20034
15633
10027
3752
-2675
-8791
-14203
-18591
-21694
-23307
-23278
-21529
-18082
-13090
-6866
124
7279
13920
19371
23050
24552
23716
20646
15704
9452
2566
-4252
-10371
-15295
-18702
-20448
-20539
-19094
-16300
-12377
-7562
-2112
3683
9486
14901
19489
22805
24451
24142
21768
17438
11484
4439
-3027
-10196
-16398
-21097
-23949
-24833
-23833
-21195
-17269
-12441
-7082
-1521
3964
9127
13732
17535
20273
21685
21548
19726
16225
11226
5098
-1631
-8328
-14339
-19077
-22108
-23198
-22340
-19731
-15719
-10741
-5241
379
5798
10778
15145
18756
21466
23111
23512
22505
19986
15959
10586
4196
-2727
-9595
-15790
-20750
-24052
-25465
-24976
-22770
-19180
-14624
-9523
-4248
917
5776
10197
14077
17297
19700
21088
21249
20007
17276
13115
7755
1596
-4831
-10938
-16157
-20031
-22272
-22793
-21697
-19237
-15748
-11578
-7027
-2319
2403
7049
11537
15747
19489
22499
24467
25085
24121
21478
17245
11701
5294
-1425
-7882
-13568
-18106
-21295
-23105
-23647
-23111
-21701
-19579
-16838
-13498
-9548
-4992
89
5505
10937
15966
20131
23004
24269
23789
21632
18059
13479
8369
3188
-1692
-6031
-9732
-12810
-15333
-17361
-18889
-19825
-19992
-19174
-17181
-13920
-9452
-4016
1983
8031
13586
18168
21437
23239
23614
22759
20961
18517
15660
12521
9114
5374
1216
-3394
-8381
-13521
-18461
-22755
-25952
-27680
-27728
-26088
-22961
-18716
-13812
-8707
-3772
764
4831
8490
11867
15078
18157
21005
23396
25007
25498
24600
22191
18354
13373
7699
1865
-3613
-8328
-12050
-14744
-16547
-17693
-18431
-18934
-19241
-19243
-18710
-17367
-14982
-11457
-6883
-1553
4073
9452
14062
17506
19582
20313
19919
18745
17163
15467
13805
12147
10313
8037
5073
1287
-3267
-8328
-13456
-18116
-21785
-24065
-24768
-23951
-21896
-19028
-15815
-12647
-9751
-7146
-4666
-2023
1077
4831
9250
14115
19011
23395
26721
28561
28704
27204
24367
20675
16664
12802
9378
6445
3833
1216
-1772
-5409
-9781
-14721
-19828
-24540
-28256
-30482
-30944
-29657
-26921
-23245
-19226
-15398
-12111
-9452
-7239
-5094
-2565
728
4965
10045
15584
20986
25578
28767
30179
29755
27760
24720
21282
18059
15470
13644
12393
11282
9753
7294
3603
-1312
-7104
-13150
-18690
-23005
-25590
-26278
-25276
-23111
-20490
-18120
-16519
-15885
-16045
-16506
-16589
-15621
-13129
-8982
-3453
2828
9013
14239
17836
19489
19316
17833
15814
14091
13329
13846
15527
17844
19995
21112
20496
17815
13207
7266
912
-4831
-9088
-11343
-11577
-10263
-8243
-6510
-5936
-7044
-9852
-13860
-18163
-21681
-23433
-22803
-19704
-14624
-8515
-2563
2101
4690
4961
3277
517
-2150
-3571
-2915
95
5096
11155
16996
21313
23111
21957
18111
12473
6364
1202
-1858
-2218
0
3978
8403
11804
12923
11061
6263
-661
-8328
-15110
-19547
-20709
-18446
-13439
-7038
-933
3268
4451
2288
-2670
-9109
-15281
-19436
-20270
0
0
0
0
0
0
0
0
0
0
0
0
0
0
0
0
0
0
0
0
0
0
0
0
0
0
0
0
0
0
0
0
0
0
0
0
0
0
0
0
0
0
0
0
0
0
0
0
0
0
0
0
0
0
0
0
0
0
0
0
0
0
0
0
0
0
0
0
0
0
0
0
0
0
0
0
0
0
0
0
0
0
0
0
0
0
0
0
0
0
0
0
0
0
0
0
0
0
0
0
0
0
0
0
0
0
0
0
0
0
0
0
0
0
0
0
0
0
0
0
0
0
0
0
0
0
0
0
0
0
0
0
0
0
0
0
0
0
0
0
0
0
0
0
0
0
0
0
0
0
0
0
0
0
0
0
0
0
0
0
0
0
0
0
0
0
0
0
0
0
0
0
0
0
0
0
0
0
0
0
0
0
0
0
0
0
0
0
0
0
0
0
0
0
0
0
0
0
0
0
0
0
0
0
0
0
0
0
0
0
0
0
0
0
0
0
0
0
0
0
0
0
0
0
0
0
0
0
0
0
0
0
0
0
0
0
0
0
0
0
0
0
0
0
0
0
0
0
0
0
0
0
0
0
0
0
0
0
0
0
0
0
0
0
0
0
0
0
0
0
0
0
0
0
0
0
0
0
0
0
0
0
0
0
0
0
0
0
0
0
0
0
0
0
0
0
0
0
0
0
0
0
0
0
0
0
0
0
0
0
0
0
0
0
0
0
0
0
0
0
0
0
0
0
0
0
0
0
0
0
0
0
0
0
0
0
0
0
0
0
0
0
0
0
0
0
0
0
0
0
0
0
0
0
0
0
0
0
0
0
0
0
0
0
0
0
0
0
0
0
0
0
0
0
0
0
0
0
0
0
0
0
0
0
0
0
0
0
0
0
0
0
0
0
0
0
0
0
0
0
0
0
0
0
0
0
0
0
0
0
0
0
0
0
0
0
0
0
0
0
0
0
0
0
0
0
0
0
0
0
0
0
0
0
0
0
0
0
0
0
0
0
0
0
0
0
0
0
0
0
0
0
0
0
0
0
0
0
0
0
0
0
0
0
0
0
0
0
0
0
0
0
0
0
0
0
0
0
0
0
0
0
0
0
0
0
0
0
0
0
0
0
0
0
0
0
0
0
0
0
0
0
0
0
0
0
0
0
0
0
0
0
0
0
0
0
0
0
0
0
0
0
0
0
0
0
0
0
0
0
0
0
0
0
0
0
0
0
0
0
0
0
0
0
0
0
0
0
0
0
0
0
0
0
0
0
0
0
0
0
0
0
0
0
0
0
0
0
0
0
0
0
0
0
0
0
0
0
0
0
0
0
0
0
0
0
0
0
0
0
0
0
0
0
0
0
0
0
0
0
0
0
0
0
0
0
0
0
0
0
0
0
0
0
0
0
0
0
0
0
0
0
0
0
0
0
0
0
0
0
0
0
0
0
0
0
0
0
0
0
0
0
0
0
0
0
0
0
0
0
0
0
0
0
0
0
0
0
0
0
0
0
0
0
0
0
0
0
0
0
0
0
0
0
0
0
0
0
0
0
0
0
0
0
0
0
0
0
0
0
0
0
0
0
0
0
0
0
0
0
0
0
0
0
0
0
0
0
0
0
0
0
0
0
0
0
0
0
0
0
0
0
0
0
0
0
0
0
0
0
0
0
0
0
0
0
0
0
0
0
0
0
0
0
0
0
0
0
0
0
0
0
0
0
0
0
0
0
0
0
0
0
0
0
0
0
0
0
0
0
0
0
0
0
0
0
0
0
0
0
0
0
0
0
0
0
0
0
0
0
0
0
0
0
0
0
0
0
0
0
0
0
0
0
0
0
0
0
0
0
0
0
0
0
0
0
0
0
0
0
0
0
0
0
0
0
0
0
0
0
0
0
0
0
0
0
0
0
0
0
0
0
0
0
0
0
0
0
0
0
0
0
0
0
0
0
0
0
0
0
0
0
0
0
0
0
0
0
0
0
0
0
0
0
0
0
0
0
0
0
0
0
0
0
0
0
0
0
0
0
0
0
0
0
0
0
0
0
0
0
0
0
0
0
0
0
0
0
0
0
0
0
0
0
0
0
0
0
0
0
0
0
0
0
0
0
0
0
0
0
0
0
0
0
0
0
0
0
0
0
0
0
0
0
0
0
0
0
0
0
0
0
0
0
0
0
0
0
0
0
0
11532
21537
28696
32085
31296
26490
18368
8064
-3013
-13388
-21717
-26971
-28572
-26454
-21059
-13253
-4190
4860
12706
18380
21283
21233
18476
13618
7512
1118
-4648
-9055
-11649
-12297
-11188
-8767
-5641
-2458
209
1962
2632
2306
1280
0
-1046
-1429
-874
668
3012
5750
8323
10124
10614
9427
6466
1942
-3635
-9511
-14795
-18602
-20186
-19084
-15204
-8866
-787
8008
16323
22956
26879
27400
24276
17772
8638
-1979
-12686
-22034
-28724
-31792
-30752
-25674
-17182
-6372
5333
16382
25308
30930
32520
29898
23454
14090
3090
-8065
-17905
-25169
-28977
-28944
-25211
-18420
-9595
0
9064
16427
21219
22970
21660
17692
11814
4983
-1784
-7572
-11685
-13742
-13710
-11873
-8766
-5061
-1448
1492
3375
4066
3685
2564
1171
0
-531
-168
1117
3119
5428
7501
8775
8768
7194
4030
-448
-5692
-10943
-15354
-18115
-18602
-16488
-11822
-5051
3023
11341
18731
24081
26508
25497
21004
13477
3811
-6756
-16817
-24986
-30099
-31383
-28574
-21967
-12384
-1064
10499
20770
28376
32302
32036
27631
19700
9327
-2084
-13014
-22034
-28000
-30206
-28474
-23161
-15096
-5449
4438
13254
19890
23592
24047
21404
16232
9410
1988
-4984
-10604
-14235
-15591
-14747
-12097
-8266
-3994
0
3133
5043
5638
5081
3749
2136
749
0
125
1136
2810
4735
6388
7243
6875
5062
1847
-2446
-7243
-11801
-15320
-17083
-16580
-13619
-8371
-1391
6455
14103
20431
24436
25387
22956
17282
8980
-934
-11171
-20340
-27149
-30592
-30099
-25633
-17700
-7297
4224
15338
24557
30641
32766
30641
24557
15338
4224
-7297
-17700
-25633
-30099
-30592
-27149
-20340
-11171
-934
8980
17282
22956
25387
24436
20431
14103
6455
-1391
-8371
-13619
-16580
-17083
-15320
-11801
-7243
-2446
1847
5062
6875
7243
6388
4735
2810
1136
125
0
749
2136
3749
5081
5638
5043
3133
0
-3994
-8266
-12097
-14747
-15591
-14235
-10604
-4984
1988
9410
16232
21404
24047
23592
19890
13254
4438
-5449
-15096
-23161
-28474
-30206
-28000
-22034
-13014
-2084
9327
19700
27631
32036
32302
28376
20770
10499
-1064
-12384
-21967
-28574
-31383
-30099
-24986
-16817
-6756
3811
13477
21004
25497
26508
24081
18731
11341
3023
-5051
-11822
-16488
-18602
-18115
-15354
-10943
-5692
-448
4030
7194
8768
8775
7501
5428
3119
1117
-168
-531
0
1171
2564
3685
4066
3375
1492
-1448
-5061
-8766
-11873
-13710
-13742
-11685
-7572
-1784
4983
11814
17692
21660
22970
21219
16427
9064
0
-9595
-18420
-25211
-28944
-28977
-25169
-17905
-8065
3090
14090
23454
29898
32520
30930
25308
16382
5333
-6372
-17182
-25674
-30752
-31792
-28724
-22034
-12686
-1979
8638
17772
24276
27400
26879
22956
16323
8008
-787
-8866
-15204
-19084
-20186
-18602
-14795
-9511
-3635
1942
6466
9427
10614
10124
8323
5750
3012
668
-874
-1429
-1046
0
1280
2306
2632
1962
209
-2458
-5641
-8767
-11188
-12297
-11649
-9055
-4648
1118
7512
13618
18476
21233
21283
18380
12706
4860
-4190
-13253
-21059
-26454
-28572
-26971
-21717
-13388
-3013
8064
18368
26490
31296
32085
28696
21537
11532
0
-11532
-21537
-28696
-32085
-31296
-26490
-18368
-8064
3013
13388
21717
26971
28572
26454
21059
13253
4190
-4860
-12706
-18380
-21283
-21233
-18476
-13618
-7512
-1118
4648
9055
11649
12297
11188
8767
5641
2458
-209
-1962
-2632
-2306
-1280
0
1046
1429
874
-668
-3012
-5750
-8323
-10124
-10614
-9427
-6466
-1942
3635
9511
14795
18602
20186
19084
15204
8866
787
-8008
-16323
-22956
-26879
-27400
-24276
-17772
-8638
1979
12686
22034
28724
31792
30752
25674
17182
6372
-5333
-16382
-25308
-30930
-32520
-29898
-23454
-14090
-3090
8065
17905
25169
28977
28944
25211
18420
9595
0
-9064
-16427
-21219
-22970
-21660
-17692
-11814
-4983
1784
7572
11685
13742
13710
11873
8766
5061
1448
-1492
-3375
-4066
-3685
-2564
-1171
0
531
168
-1117
-3119
-5428
-7501
-8775
-8768
-7194
-4030
448
5692
10943
15354
18115
18602
16488
11822
5051
-3023
-11341
-18731
-24081
-26508
-25497
-21004
-13477
-3811
6756
16817
24986
30099
31383
28574
21967
12384
1064
-10499
-20770
-28376
-32302
-32036
-27631
-19700
-9327
2084
13014
22034
28000
30206
28474
23161
15096
5449
-4438
-13254
-19890
-23592
-24047
-21404
-16232
-9410
-1988
4984
10604
14235
15591
14747
12097
8266
3994
0
-3133
-5043
-5638
-5081
-3749
-2136
-749
0
-125
-1136
-2810
-4735
-6388
-7243
-6875
-5062
-1847
2446
7243
11801
15320
17083
16580
13619
8371
1391
-6455
-14103
-20431
-24436
-25387
-22956
-17282
-8980
934
11171
20340
27149
30592
30099
25633
17700
7297
-4224
-15338
-24557
-30641
-32766
-30641
-24557
-15338
-4224
7297
17700
25633
30099
30592
27149
20340
11171
934
-8980
-17282
-22956
-25387
-24436
-20431
-14103
-6455
1391
8371
13619
16580
17083
15320
11801
7243
2446
-1847
-5062
-6875
-7243
-6388
-4735
-2810
-1136
-125
0
-749
-2136
-3749
-5081
-5638
-5043
-3133
0
3994
8266
12097
14747
15591
14235
10604
4984
-1988
-9410
-16232
-21404
-24047
-23592
-19890
-13254
-4438
5449
15096
23161
28474
30206
28000
22034
13014
2084
-9327
-19700
-27631
-32036
-32302
-28376
-20770
-10499
1064
12384
21967
28574
31383
30099
24986
16817
6756
-3811
-13477
-21004
-25497
-26508
-24081
-18731
-11341
-3023
5051
11822
16488
18602
18115
15354
10943
5692
448
-4030
-7194
-8768
-8775
-7501
-5428
-3119
-1117
168
531
0
-1171
-2564
-3685
-4066
-3375
-1492
1448
5061
8766
11873
13710
13742
11685
7572
1784
-4983
-11814
-17692
-21660
-22970
-21219
-16427
-9064
0
9595
18420
25211
28944
28977
25169
17905
8065
-3090
-14090
-23454
-29898
-32520
-30930
-25308
-16382
-5333
6372
17182
25674
30752
31792
28724
22034
12686
1979
-8638
-17772
-24276
-27400
-26879
-22956
-16323
-8008
787
8866
15204
19084
20186
18602
14795
9511
3635
-1942
-6466
-9427
-10614
-10124
-8323
-5750
-3012
-668
874
1429
1046
0
-1280
-2306
-2632
-1962
-209
2458
5641
8767
11188
12297
11649
9055
4648
-1118
-7512
-13618
-18476
-21233
-21283
-18380
-12706
-4860
4190
13253
21059
26454
28572
26971
21717
13388
3013
-8064
-18368
-26490
-31296
-32085
-28696
-21537
-11532
0
11532
21537
28696
32085
31296
26490
18368
8064
-3013
-13388
-21717
-26971
-28572
-26454
-21059
-13253
-4190
4860
12706
18380
21283
21233
18476
13618
7512
1118
-4648
-9055
-11649
-12297
-11188
-8767
-5641
-2458
209
1962
2632
2306
1280
0
-1046
-1429
-874
668
3012
5750
8323
10124
10614
9427
6466
1942
-3635
-9511
-14795
-18602
-20186
-19084
-15204
-8866
-787
8008
16323
22956
26879
27400
24276
17772
8638
-1979
-12686
-22034
-28724
-31792
-30752
-25674
-17182
-6372
5333
16382
25308
30930
32520
29898
23454
14090
3090
-8065
-17905
-25169
-28977
-28944
-25211
-18420
-9595
0
9064
16427
21219
22970
21660
17692
11814
4983
-1784
-7572
-11685
-13742
-13710
-11873
-8766
-5061
-1448
1492
3375
4066
3685
2564
1171
0
-531
-168
1117
3119
5428
7501
8775
8768
7194
4030
-448
-5692
-10943
-15354
-18115
-18602
-16488
-11822
-5051
3023
11341
18731
24081
26508
25497
21004
13477
3811
-6756
-16817
-24986
-30099
-31383
-28574
-21967
-12384
-1064
10499
20770
28376
32302
32036
27631
19700
9327
-2084
-13014
-22034
-28000
-30206
-28474
-23161
-15096
-5449
4438
13254
19890
23592
24047
21404
16232
9410
1988
-4984
-10604
-14235
-15591
-14747
-12097
-8266
-3994
0
3133
5043
5638
5081
3749
2136
749
0
125
1136
2810
4735
6388
7243
6875
5062
1847
-2446
-7243
-11801
-15320
-17083
-16580
-13619
-8371
-1391
6455
14103
20431
24436
25387
22956
17282
8980
-934
-11171
-20340
-27149
-30592
-30099
-25633
-17700
-7297
4224
15338
24557
30641
32766
30641
24557
15338
4224
-7297
-17700
-25633
-30099
-30592
-27149
-20340
-11171
-934
8980
17282
22956
25387
24436
20431
14103
6455
-1391
-8371
-13619
-16580
-17083
-15320
-11801
-7243
-2446
1847
5062
6875
7243
6388
4735
2810
1136
125
0
749
2136
3749
5081
5638
5043
3133
0
-3994
-8266
-12097
-14747
-15591
-14235
-10604
-4984
1988
9410
16232
21404
24047
23592
19890
13254
4438
-5449
-15096
-23161
-28474
-30206
-28000
-22034
-13014
-2084
9327
19700
27631
32036
32302
28376
20770
10499
-1064
-12384
-21967
-28574
-31383
-30099
-24986
-16817
-6756
3811
13477
21004
25497
26508
24081
18731
11341
3023
-5051
-11822
-16488
-18602
-18115
-15354
-10943
-5692
-448
4030
7194
8768
8775
7501
5428
3119
1117
-168
-531
0
1171
2564
3685
4066
3375
1492
-1448
-5061
-8766
-11873
-13710
-13742
-11685
-7572
-1784
4983
11814
17692
21660
22970
21219
16427
9064
0
-9595
-18420
-25211
-28944
-28977
-25169
-17905
-8065
3090
14090
23454
29898
32520
30930
25308
16382
5333
-6372
-17182
-25674
-30752
-31792
-28724
-22034
-12686
-1979
8638
17772
24276
27400
26879
22956
16323
8008
-787
-8866
-15204
-19084
-20186
-18602
-14795
-9511
-3635
1942
6466
9427
10614
10124
8323
5750
3012
668
-874
-1429
-1046
0
1280
2306
2632
1962
209
-2458
-5641
-8767
-11188
-12297
-11649
-9055
-4648
1118
7512
13618
18476
21233
21283
18380
12706
4860
-4190
-13253
-21059
-26454
-28572
-26971
-21717
-13388
-3013
8064
18368
26490
31296
32085
28696
21537
11532
0
-11532
-21537
-28696
-32085
-31296
-26490
-18368
-8064
3013
13388
21717
26971
28572
26454
21059
13253
4190
-4860
-12706
-18380
-21283
-21233
-18476
-13618
-7512
-1118
4648
9055
11649
12297
11188
8767
5641
2458
-209
-1962
-2632
-2306
-1280
0
1046
1429
874
-668
-3012
-5750
-8323
-10124
-10614
-9427
-6466
-1942
3635
9511
14795
18602
20186
19084
15204
8866
787
-8008
-16323
-22956
-26879
-27400
-24276
-17772
-8638
1979
12686
22034
28724
31792
30752
25674
17182
6372
-5333
-16382
-25308
-30930
-32520
-29898
-23454
-14090
-3090
8065
17905
25169
28977
28944
25211
18420
9595
0
-9064
-16427
-21219
-22970
-21660
-17692
-11814
-4983
1784
7572
11685
13742
13710
11873
8766
5061
1448
-1492
-3375
-4066
-3685
-2564
-1171
0
531
168
-1117
-3119
-5428
-7501
-8775
-8768
-7194
-4030
448
5692
10943
15354
18115
18602
16488
11822
5051
-3023
-11341
-18731
-24081
-26508
-25497
-21004
-13477
-3811
6756
16817
24986
30099
31383
28574
21967
12384
1064
-10499
-20770
-28376
-32302
-32036
-27631
-19700
-9327
2084
13014
22034
28000
30206
28474
23161
15096
5449
-4438
-13254
-19890
-23592
-24047
-21404
-16232
-9410
-1988
4984
10604
14235
15591
14747
12097
8266
3994
0
-3133
-5043
-5638
-5081
-3749
-2136
-749
0
-125
-1136
-2810
-4735
-6388
-7243
-6875
-5062
-1847
2446
7243
11801
15320
17083
16580
13619
8371
1391
-6455
-14103
-20431
-24436
-25387
-22956
-17282
-8980
934
11171
20340
27149
30592
30099
25633
17700
7297
-4224
-15338
-24557
-30641
-32766
-30641
-24557
-15338
-4224
7297
17700
25633
30099
30592
27149
20340
11171
934
-8980
-17282
-22956
-25387
-24436
-20431
-14103
-6455
1391
8371
13619
16580
17083
15320
11801
7243
2446
-1847
-5062
-6875
-7243
-6388
-4735
-2810
-1136
-125
0
-749
-2136
-3749
-5081
-5638
-5043
-3133
0
3994
8266
12097
14747
15591
14235
10604
4984
-1988
-9410
-16232
-21404
-24047
-23592
-19890
-13254
-4438
5449
15096
23161
28474
30206
28000
22034
13014
2084
-9327
-19700
-27631
-32036
-32302
-28376
-20770
-10499
1064
12384
21967
28574
31383
30099
24986
16817
6756
-3811
-13477
-21004
-25497
-26508
-24081
-18731
-11341
-3023
5051
11822
16488
18602
18115
15354
10943
5692
448
-4030
-7194
-8768
-8775
-7501
-5428
-3119
-1117
168
531
0
-1171
-2564
-3685
-4066
-3375
-1492
1448
5061
8766
11873
13710
13742
11685
7572
1784
-4983
-11814
-17692
-21660
-22970
-21219
-16427
-9064
0
9595
18420
25211
28944
28977
25169
17905
8065
-3090
-14090
-23454
-29898
-32520
-30930
-25308
-16382
-5333
6372
17182
25674
30752
31792
28724
22034
12686
1979
-8638
-17772
-24276
-27400
-26879
-22956
-16323
-8008
787
8866
15204
19084
20186
18602
14795
9511
3635
-1942
-6466
-9427
-10614
-10124
-8323
-5750
-3012
-668
874
1429
1046
0
-1280
-2306
-2632
-1962
-209
2458
5641
8767
11188
12297
11649
9055
4648
-1118
-7512
-13618
-18476
-21233
-21283
-18380
-12706
-4860
4190
13253
21059
26454
28572
26971
21717
13388
3013
-8064
-18368
-26490
-31296
-32085
-28696
-21537
-11532
0
11532
21537
28696
32085
31296
26490
18368
8064
-3013
-13388
-21717
-26971
-28572
-26454
-21059
-13253
-4190
4860
12706
18380
21283
21233
18476
13618
7512
1118
-4648
-9055
-11649
-12297
-11188
-8767
-5641
-2458
209
1962
2632
2306
1280
0
-1046
-1429
-874
668
3012
5750
8323
10124
10614
9427
6466
1942
-3635
-9511
-14795
-18602
-20186
-19084
-15204
-8866
-787
8008
16323
22956
26879
27400
24276
17772
8638
-1979
-12686
-22034
-28724
-31792
-30752
-25674
-17182
-6372
5333
16382
25308
30930
32520
29898
23454
14090
3090
-8065
-17905
-25169
-28977
-28944
-25211
-18420
-9595
0
9064
16427
21219
22970
21660
17692
11814
4983
-1784
-7572
-11685
-13742
-13710
-11873
-8766
-5061
-1448
1492
3375
4066
3685
2564
1171
0
-531
-168
1117
3119
5428
7501
8775
8768
7194
4030
-448
-5692
-10943
-15354
-18115
-18602
-16488
-11822
-5051
3023
11341
18731
24081
26508
25497
21004
13477
3811
-6756
-16817
-24986
-30099
-31383
-28574
-21967
-12384
-1064
10499
20770
28376
32302
32036
27631
19700
9327
-2084
-13014
-22034
-28000
-30206
-28474
-23161
-15096
-5449
4438
13254
19890
23592
24047
21404
16232
9410
1988
-4984
-10604
-14235
-15591
-14747
-12097
-8266
-3994
0
3133
5043
5638
5081
3749
2136
749
0
125
1136
2810
4735
6388
7243
6875
5062
1847
-2446
-7243
-11801
-15320
-17083
-16580
-13619
-8371
-1391
6455
14103
20431
24436
25387
22956
17282
8980
-934
-11171
-20340
-27149
-30592
-30099
-25633
-17700
-7297
4224
15338
24557
30641
32766
30641
24557
15338
4224
-7297
-17700
-25633
-30099
-30592
-27149
-20340
-11171
-934
8980
17282
22956
25387
24436
20431
14103
6455
-1391
-8371
-13619
-16580
-17083
-15320
-11801
-7243
-2446
1847
5062
6875
7243
6388
4735
2810
1136
125
0
749
2136
3749
5081
5638
5043
3133
0
-3994
-8266
-12097
-14747
-15591
-14235
-10604
-4984
1988
9410
16232
21404
24047
23592
19890
13254
4438
-5449
-15096
-23161
-28474
-30206
-28000
-22034
-13014
-2084
9327
19700
27631
32036
32302
28376
20770
10499
-1064
-12384
-21967
-28574
-31383
-30099
-24986
-16817
-6756
3811
13477
21004
25497
26508
24081
18731
11341
3023
-5051
-11822
-16488
-18602
-18115
-15354
-10943
-5692
-448
4030
7194
8768
8775
7501
5428
3119
1117
-168
-531
0
1171
2564
3685
4066
3375
1492
-1448
-5061
-8766
-11873
-13710
-13742
-11685
-7572
-1784
4983
11814
17692
21660
22970
21219
16427
9064
0
-9595
-18420
-25211
-28944
-28977
-25169
-17905
-8065
3090
14090
23454
29898
32520
30930
25308
16382
5333
-6372
-17182
-25674
-30752
-31792
-28724
-22034
-12686
-1979
8638
17772
24276
27400
26879
22956
16323
8008
-787
-8866
-15204
-19084
-20186
-18602
-14795
-9511
-3635
1942
6466
9427
10614
10124
8323
5750
3012
668
-874
-1429
-1046
0
1280
2306
2632
1962
209
-2458
-5641
-8767
-11188
-12297
-11649
-9055
-4648
1118
7512
13618
18476
21233
21283
18380
12706
4860
-4190
-13253
-21059
-26454
-28572
-26971
-21717
-13388
-3013
8064
18368
26490
31296
32085
28696
21537
11532
0
-11532
-21537
-28696
-32085
-31296
-26490
-18368
-8064
3013
13388
21717
26971
28572
26454
21059
13253
4190
-4860
-12706
-18380
-21283
-21233
-18476
-13618
-7512
-1118
4648
9055
11649
12297
11188
8767
5641
2458
-209
-1962
-2632
-2306
-1280
0
1046
1429
874
-668
-3012
-5750
-8323
-10124
-10614
-9427
-6466
-1942
3635
9511
14795
18602
20186
19084
15204
8866
787
-8008
-16323
-22956
-26879
-27400
-24276
-17772
-8638
1979
12686
22034
28724
31792
30752
25674
17182
6372
-5333
-16382
-25308
-30930
-32520
-29898
-23454
-14090
-3090
8065
17905
25169
28977
28944
25211
18420
9595
0
-9064
-16427
-21219
-22970
-21660
-17692
-11814
-4983
1784
7572
11685
13742
13710
11873
8766
5061
1448
-1492
-3375
-4066
-3685
-2564
-1171
0
531
168
-1117
-3119
-5428
-7501
-8775
-8768
-7194
-4030
448
5692
10943
15354
18115
18602
16488
11822
5051
-3023
-11341
-18731
-24081
-26508
-25497
-21004
-13477
-3811
6756
16817
24986
30099
31383
28574
21967
12384
1064
-10499
-20770
-28376
-32302
-32036
-27631
-19700
-9327
2084
13014
22034
28000
30206
28474
23161
15096
5449
-4438
-13254
-19890
-23592
-24047
-21404
-16232
-9410
-1988
4984
10604
14235
15591
14747
12097
8266
3994
0
-3133
-5043
-5638
-5081
-3749
-2136
-749
0
-125
-1136
-2810
-4735
-6388
-7243
-6875
-5062
-1847
2446
7243
11801
15320
17083
16580
13619
8371
1391
-6455
-14103
-20431
-24436
-25387
-22956
-17282
-8980
934
11171
20340
27149
30592
30099
25633
17700
7297
-4224
-15338
-24557
-30641
-32766
-30641
-24557
-15338
-4224
7297
17700
25633
30099
30592
27149
20340
11171
934
-8980
-17282
-22956
-25387
-24436
-20431
-14103
-6455
1391
8371
13619
16580
17083
15320
11801
7243
2446
-1847
-5062
-6875
-7243
-6388
-4735
-2810
-1136
-125
0
-749
-2136
-3749
-5081
-5638
-5043
-3133
0
3994
8266
12097
14747
15591
14235
10604
4984
-1988
-9410
-16232
-21404
-24047
-23592
-19890
-13254
-4438
5449
15096
23161
28474
30206
28000
22034
13014
2084
-9327
-19700
-27631
-32036
-32302
-28376
-20770
-10499
1064
12384
21967
28574
31383
30099
24986
16817
6756
-3811
-13477
-21004
-25497
-26508
-24081
-18731
-11341
-3023
5051
11822
16488
18602
18115
15354
10943
5692
448
-4030
-7194
-8768
-8775
-7501
-5428
-3119
-1117
168
531
0
-1171
-2564
-3685
-4066
-3375
-1492
1448
5061
8766
11873
13710
13742
11685
7572
1784
-4983
-11814
-17692
-21660
-22970
-21219
-16427
-9064
0
9595
18420
25211
28944
28977
25169
17905
8065
-3090
-14090
-23454
-29898
-32520
-30930
-25308
-16382
-5333
6372
17182
25674
30752
31792
28724
22034
12686
1979
-8638
-17772
-24276
-27400
-26879
-22956
-16323
-8008
787
8866
15204
19084
20186
18602
14795
9511
3635
-1942
-6466
-9427
-10614
-10124
-8323
-5750
-3012
-668
874
1429
1046
0
-1280
-2306
-2632
-1962
-209
2458
5641
8767
11188
12297
11649
9055
4648
-1118
-7512
-13618
-18476
-21233
-21283
-18380
-12706
-4860
4190
13253
21059
26454
28572
26971
21717
13388
3013
-8064
-18368
-26490
-31296
-32085
-28696
-21537
-11532
0
11532
21537
28696
32085
31296
26490
18368
8064
-3013
-13388
-21717
-26971
-28572
-26454
-21059
-13253
-4190
4860
12706
18380
21283
21233
18476
13618
7512
1118
-4648
-9055
-11649
-12297
-11188
-8767
-5641
-2458
209
1962
2632
2306
1280
0
-1046
-1429
-874
668
3012
5750
8323
10124
10614
9427
6466
1942
-3635
-9511
-14795
-18602
-20186
-19084
-15204
-8866
-787
8008
16323
22956
26879
27400
24276
17772
8638
-1979
-12686
-22034
-28724
-31792
-30752
-25674
-17182
-6372
5333
16382
25308
30930
32520
29898
23454
14090
3090
-8065
-17905
-25169
-28977
-28944
-25211
-18420
-9595
0
9064
16427
21219
22970
21660
17692
11814
4983
-1784
-7572
-11685
-13742
-13710
-11873
-8766
-5061
-1448
1492
3375
4066
3685
2564
1171
0
-531
-168
1117
3119
5428
7501
8775
8768
7194
4030
-448
-5692
-10943
-15354
-18115
-18602
-16488
-11822
-5051
3023
11341
18731
24081
26508
25497
21004
13477
3811
-6756
-16817
-24986
-30099
-31383
-28574
-21967
-12384
-1064
10499
20770
28376
32302
32036
27631
19700
9327
-2084
-13014
-22034
-28000
-30206
-28474
-23161
-15096
-5449
4438
13254
19890
23592
24047
21404
16232
9410
1988
-4984
-10604
-14235
-15591
-14747
-12097
-8266
-3994
0
3133
5043
5638
5081
3749
2136
749
0
125
1136
2810
4735
6388
7243
6875
5062
1847
-2446
-7243
-11801
-15320
-17083
-16580
-13619
-8371
-1391
6455
14103
20431
24436
25387
22956
17282
8980
-934
-11171
-20340
-27149
-30592
-30099
-25633
-17700
-7297
4224
15338
24557
30641
32766
30641
24557
15338
4224
-7297
-17700
-25633
-30099
-30592
-27149
-20340
-11171
-934
8980
17282
22956
25387
24436
20431
14103
6455
-1391
-8371
-13619
-16580
-17083
-15320
-11801
-7243
-2446
1847
5062
6875
7243
6388
4735
2810
1136
125
0
749
2136
3749
5081
5638
5043
3133
0
-3994
-8266
-12097
-14747
-15591
-14235
-10604
-4984
1988
9410
16232
21404
24047
23592
19890
13254
4438
-5449
-15096
-23161
-28474
-30206
-28000
-22034
-13014
-2084
9327
19700
27631
32036
32302
28376
20770
10499
-1064
-12384
-21967
-28574
-31383
-30099
-24986
-16817
-6756
3811
13477
21004
25497
26508
24081
18731
11341
3023
-5051
-11822
-16488
-18602
-18115
-15354
-10943
-5692
-448
4030
7194
8768
8775
7501
5428
3119
1117
-168
-531
0
1171
2564
3685
4066
3375
1492
-1448
-5061
-8766
-11873
-13710
-13742
-11685
-7572
-1784
4983
11814
17692
21660
22970
21219
16427
9064
0
-9595
-18420
-25211
-28944
-28977
-25169
-17905
-8065
3090
14090
23454
29898
32520
30930
25308
16382
5333
-6372
-17182
-25674
-30752
-31792
-28724
-22034
-12686
-1979
8638
17772
24276
27400
26879
22956
16323
8008
-787
-8866
-15204
-19084
-20186
-18602
-14795
-9511
-3635
1942
6466
9427
10614
10124
8323
5750
3012
668
-874
-1429
-1046
0
1280
2306
2632
1962
209
-2458
-5641
-8767
-11188
-12297
-11649
-9055
-4648
1118
7512
13618
18476
21233
21283
18380
12706
4860
-4190
-13253
-21059
-26454
-28572
-26971
-21717
-13388
-3013
8064
18368
26490
31296
32085
28696
21537
11532
0
-11532
-21537
-28696
-32085
-31296
-26490
-18368
-8064
3013
13388
21717
26971
28572
26454
21059
13253
4190
-4860
-12706
-18380
-21283
-21233
-18476
-13618
-7512
-1118
4648
9055
11649
12297
11188
8767
5641
2458
-209
-1962
-2632
-2306
-1280
0
1046
1429
874
-668
-3012
-5750
-8323
-10124
-10614
-9427
-6466
-1942
3635
9511
14795
18602
20186
19084
15204
8866
787
-8008
-16323
-22956
-26879
-27400
-24276
-17772
-8638
1979
12686
22034
28724
31792
30752
25674
17182
6372
-5333
-16382
-25308
-30930
-32520
-29898
-23454
-14090
-3090
8065
17905
25169
28977
28944
25211
18420
9595
0
-9064
-16427
-21219
-22970
-21660
-17692
-11814
-4983
1784
7572
11685
13742
13710
11873
8766
5061
1448
-1492
-3375
-4066
-3685
-2564
-1171
0
531
168
-1117
-3119
-5428
-7501
-8775
-8768
-7194
-4030
448
5692
10943
15354
18115
18602
16488
11822
5051
-3023
-11341
-18731
-24081
-26508
-25497
-21004
-13477
-3811
6756
16817
24986
30099
31383
28574
21967
12384
1064
-10499
-20770
-28376
-32302
-32036
-27631
-19700
-9327
2084
13014
22034
28000
30206
28474
23161
15096
5449
-4438
-13254
-19890
-23592
-24047
-21404
-16232
-9410
-1988
4984
10604
14235
15591
14747
12097
8266
3994
0
-3133
-5043
-5638
-5081
-3749
-2136
-749
0
-125
-1136
-2810
-4735
-6388
-7243
-6875
-5062
-1847
2446
7243
11801
15320
17083
16580
13619
8371
1391
-6455
-14103
-20431
-24436
-25387
-22956
-17282
-8980
934
11171
20340
27149
30592
30099
25633
17700
7297
-4224
-15338
-24557
-30641
-32766
-30641
-24557
-15338
-4224
7297
17700
25633
30099
30592
27149
20340
11171
934
-8980
-17282
-22956
-25387
-24436
-20431
-14103
-6455
1391
8371
13619
16580
17083
15320
11801
7243
2446
-1847
-5062
-6875
-7243
-6388
-4735
-2810
-1136
-125
0
-749
-2136
-3749
-5081
-5638
-5043
-3133
0
3994
8266
12097
14747
15591
14235
10604
4984
-1988
-9410
-16232
-21404
-24047
-23592
-19890
-13254
-4438
5449
15096
23161
28474
30206
28000
22034
13014
2084
-9327
-19700
-27631
-32036
-32302
-28376
-20770
-10499
1064
12384
21967
28574
31383
30099
24986
16817
6756
-3811
-13477
-21004
-25497
-26508
-24081
-18731
-11341
-3023
5051
11822
16488
18602
18115
15354
10943
5692
448
-4030
-7194
-8768
-8775
-7501
-5428
-3119
-1117
168
531
0
-1171
-2564
-3685
-4066
-3375
-1492
1448
5061
8766
11873
13710
13742
11685
7572
1784
-4983
-11814
-17692
-21660
-22970
-21219
-16427
-9064
0
9595
18420
25211
28944
28977
25169
17905
8065
-3090
-14090
-23454
-29898
-32520
-30930
-25308
-16382
-5333
6372
17182
25674
30752
31792
28724
22034
12686
1979
-8638
-17772
-24276
-27400
-26879
-22956
-16323
-8008
787
8866
15204
19084
20186
18602
14795
9511
3635
-1942
-6466
-9427
-10614
-10124
-8323
-5750
-3012
-668
874
1429
1046
0
-1280
-2306
-2632
-1962
-209
2458
5641
8767
11188
12297
11649
9055
4648
-1118
-7512
-13618
-18476
-21233
-21283
-18380
-12706
-4860
4190
13253
21059
26454
28572
26971
21717
13388
3013
-8064
-18368
-26490
-31296
-32085
-28696
-21537
-11532
0
11532
21537
28696
32085
31296
26490
18368
8064
-3013
-13388
-21717
-26971
-28572
-26454
-21059
-13253
-4190
4860
12706
18380
21283
21233
18476
13618
7512
1118
-4648
-9055
-11649
-12297
-11188
-8767
-5641
-2458
209
1962
2632
2306
1280
0
-1046
-1429
-874
668
3012
5750
8323
10124
10614
9427
6466
1942
-3635
-9511
-14795
-18602
-20186
-19084
-15204
-8866
-787
8008
16323
22956
26879
27400
24276
17772
8638
-1979
-12686
-22034
-28724
-31792
-30752
-25674
-17182
-6372
5333
16382
25308
30930
32520
29898
23454
14090
3090
-8065
-17905
-25169
-28977
-28944
-25211
-18420
-9595
0
9064
16427
21219
22970
21660
17692
11814
4983
-1784
-7572
-11685
-13742
-13710
-11873
-8766
-5061
-1448
1492
3375
4066
3685
2564
1171
0
-531
-168
1117
3119
5428
7501
8775
8768
7194
4030
-448
-5692
-10943
-15354
-18115
-18602
-16488
-11822
-5051
3023
11341
18731
24081
26508
25497
21004
13477
3811
-6756
-16817
-24986
-30099
-31383
-28574
-21967
-12384
-1064
10499
20770
28376
32302
32036
27631
19700
9327
-2084
-13014
-22034
-28000
-30206
-28474
-23161
-15096
-5449
4438
13254
19890
23592
24047
21404
16232
9410
1988
-4984
-10604
-14235
-15591
-14747
-12097
-8266
-3994
0
3133
5043
5638
5081
3749
2136
749
0
125
1136
2810
4735
6388
7243
6875
5062
1847
-2446
-7243
-11801
-15320
-17083
-16580
-13619
-8371
-1391
6455
14103
20431
24436
25387
22956
17282
8980
-934
-11171
-20340
-27149
-30592
-30099
-25633
-17700
-7297
4224
15338
24557
30641
32766
30641
24557
15338
4224
-7297
-17700
-25633
-30099
-30592
-27149
-20340
-11171
-934
8980
17282
22956
25387
24436
20431
14103
6455
-1391
-8371
-13619
-16580
-17083
-15320
-11801
-7243
-2446
1847
5062
6875
7243
6388
4735
2810
1136
125
0
749
2136
3749
5081
5638
5043
3133
0
-3994
-8266
-12097
-14747
-15591
-14235
-10604
-4984
1988
9410
16232
21404
24047
23592
19890
13254
4438
-5449
-15096
-23161
-28474
-30206
-28000
-22034
-13014
-2084
9327
19700
27631
32036
32302
28376
20770
10499
-1064
-12384
-21967
-28574
-31383
-30099
-24986
-16817
-6756
3811
13477
21004
25497
26508
24081
18731
11341
3023
-5051
-11822
-16488
-18602
-18115
-15354
-10943
-5692
-448
4030
7194
8768
8775
7501
5428
3119
1117
-168
-531
0
1171
2564
3685
4066
3375
1492
-1448
-5061
-8766
-11873
-13710
-13742
-11685
-7572
-1784
4983
11814
17692
21660
22970
21219
16427
9064
0
-9595
-18420
-25211
-28944
-28977
-25169
-17905
-8065
3090
14090
23454
29898
32520
30930
25308
16382
5333
-6372
-17182
-25674
-30752
-31792
-28724
-22034
-12686
-1979
8638
17772
24276
27400
26879
22956
16323
8008
-787
-8866
-15204
-19084
-20186
-18602
-14795
-9511
-3635
1942
6466
9427
10614
10124
8323
5750
3012
668
-874
-1429
-1046
0
1280
2306
2632
1962
209
-2458
-5641
-8767
-11188
-12297
-11649
-9055
-4648
1118
7512
13618
18476
21233
21283
18380
12706
4860
-4190
-13253
-21059
-26454
-28572
-26971
-21717
-13388
-3013
8064
18368
26490
31296
32085
28696
21537
11532
0
-11532
-21537
-28696
-32085
-31296
-26490
-18368
-8064
3013
13388
21717
26971
28572
26454
21059
13253
4190
-4860
-12706
-18380
-21283
-21233
-18476
-13618
-7512
-1118
4648
9055
11649
12297
11188
8767
5641
2458
-209
-1962
-2632
-2306
-1280
0
1046
1429
874
-668
-3012
-5750
-8323
-10124
-10614
-9427
-6466
-1942
3635
9511
14795
18602
20186
19084
15204
8866
787
-8008
-16323
-22956
-26879
-27400
-24276
-17772
-8638
1979
12686
22034
28724
31792
30752
25674
17182
6372
-5333
-16382
-25308
-30930
-32520
-29898
-23454
-14090
-3090
8065
17905
25169
28977
28944
25211
18420
9595
0
-9064
-16427
-21219
-22970
-21660
-17692
-11814
-4983
1784
7572
11685
13742
13710
11873
8766
5061
1448
-1492
-3375
-4066
-3685
-2564
-1171
0
531
168
-1117
-3119
-5428
-7501
-8775
-8768
-7194
-4030
448
5692
10943
15354
18115
18602
16488
11822
5051
-3023
-11341
-18731
-24081
-26508
-25497
-21004
-13477
-3811
6756
16817
24986
30099
31383
28574
21967
12384
1064
-10499
-20770
-28376
-32302
-32036
-27631
-19700
-9327
2084
13014
22034
28000
30206
28474
23161
15096
5449
-4438
-13254
-19890
-23592
-24047
-21404
-16232
-9410
-1988
4984
10604
14235
15591
14747
12097
8266
3994
0
-3133
-5043
-5638
-5081
-3749
-2136
-749
0
-125
-1136
-2810
-4735
-6388
-7243
-6875
-5062
-1847
2446
7243
11801
15320
17083
16580
13619
8371
1391
-6455
-14103
-20431
-24436
-25387
-22956
-17282
-8980
934
11171
20340
27149
30592
30099
25633
17700
7297
-4224
-15338
-24557
-30641
-32766
-30641
-24557
-15338
-4224
7297
17700
25633
30099
30592
27149
20340
11171
934
-8980
-17282
-22956
-25387
-24436
-20431
-14103
-6455
1391
8371
13619
16580
17083
15320
11801
7243
2446
-1847
-5062
-6875
-7243
-6388
-4735
-2810
-1136
-125
0
-749
-2136
-3749
-5081
-5638
-5043
-3133
0
3994
8266
12097
14747
15591
14235
10604
4984
-1988
-9410
-16232
-21404
-24047
-23592
-19890
-13254
-4438
5449
15096
23161
28474
30206
28000
22034
13014
2084
-9327
-19700
-27631
-32036
-32302
-28376
-20770
-10499
1064
12384
21967
28574
31383
30099
24986
16817
6756
-3811
-13477
-21004
-25497
-26508
-24081
-18731
-11341
-3023
5051
11822
16488
18602
18115
15354
10943
5692
448
-4030
-7194
-8768
-8775
-7501
-5428
-3119
-1117
168
531
0
-1171
-2564
-3685
-4066
-3375
-1492
1448
5061
8766
11873
13710
13742
11685
7572
1784
-4983
-11814
-17692
-21660
-22970
-21219
-16427
-9064
0
9595
18420
25211
28944
28977
25169
17905
8065
-3090
-14090
-23454
-29898
-32520
-30930
-25308
-16382
-5333
6372
17182
25674
30752
31792
28724
22034
12686
1979
-8638
-17772
-24276
-27400
-26879
-22956
-16323
-8008
787
8866
15204
19084
20186
18602
14795
9511
3635
-1942
-6466
-9427
-10614
-10124
-8323
-5750
-3012
-668
874
1429
1046
0
-1280
-2306
-2632
-1962
-209
2458
5641
8767
11188
12297
11649
9055
4648
-1118
-7512
-13618
-18476
-21233
-21283
-18380
-12706
-4860
4190
13253
21059
26454
28572
26971
21717
13388
3013
-8064
-18368
-26490
-31296
-32085
-28696
-21537
-11532
