17269
10860
2323
-6503
-13675
-17624
-17552
-13646
-7044
438
6748
10116
9502
4874
-2766
-11612
-19489
-24393
-24992
-20975
-13146
-3247
6453
13713
16874
15271
9419
894
-8039
-14981
-17991
-16075
-9452
484
11483
20977
26708
27284
22529
13547
2464
-8071
-15531
-18124
-15240
-7608
2863
13539
21694
25174
22923
15258
3804
-8879
-19903
-26744
-27847
-23008
-13430
-1444
10040
18230
21115
17953
9452
-2389
-14751
-24660
-29696
-28562
-21402
-9768
3740
16081
24488
27110
23450
14470
2370
-9933
-19489
-23995
-22337
-14836
-3174
10002
21698
29260
30980
26482
16796
4110
-8737
-18907
-24204
-23562
-17269
-6882
5141
16010
23227
25144
21317
12579
836
-11371
-21439
-27272
-27724
-22829
-13764
-2566
8328
16611
20598
19566
13876
4870
-5444
-14830
-21300
-23513
-21037
-14409
-4991
5321
14505
20812
23111
21086
15278
6950
-2178
-10279
-15767
-17601
-15467
-9822
-1797
7032
14943
20394
22308
20275
14624
6366
-2997
-11743
-18255
-21326
-20385
-15618
-7946
1143
9863
16470
19603
18552
13416
5102
-4831
-14468
-21899
-25605
-24765
-19436
-10561
202
10793
19159
23661
23411
18457
9790
-852
-11321
-19489
-23676
-22989
-17506
-8259
2970
14002
22701
27390
27185
22159
13316
2383
-8538
-17386
-22537
-23111
-19117
-11435
-1619
8414
16757
21866
22839
19557
12675
3479
-6373
-15156
-21389
-24077
-22861
-18059
-10579
-1745
6935
14023
18380
19340
16806
11247
3621
-4785
-12557
-18379
-21238
-20593
-16466
-9452
-634
8577
16669
22278
24419
22671
17266
9070
-547
-9934
-17446
-21735
-21998
-18136
-10784
-1216
8878
17691
23626
25585
23172
16768
7458
-3158
-13264
-21146
-25502
-25659
-21680
-14337
-4956
4831
13373
19282
21658
20214
15302
7819
-962
-9610
-16770
-21364
-22742
-20752
-15744
-8489
-60
8328
15489
20425
22454
21302
17139
10562
2517
-5819
-13200
-18490
-20833
-19793
-15444
-8376
370
9452
17427
22985
25167
23534
18256
10098
306
-9595
-18051
-23738
-25781
-23899
-18445
-10342
-916
8328
15950
20809
22233
20100
14836
7317
-1280
-9676
-16676
-21335
-23071
-21720
-17531
-11107
-3316
4831
12303
18167
21692
22436
20294
15522
8715
749
-7315
-14367
-19391
-21614
-20635
-16499
-9718
-1216
7793
15984
22118
25243
24846
20941
14071
5225
-4317
-13185
-20136
-24233
-24981
-22385
-16923
-9452
-1064
7079
13917
18615
20664
19908
16541
11055
4160
-3299
-10441
-16433
-20571
-22346
-21500
-18059
-12350
-4978
3219
11256
18121
22898
24907
23810
19683
13021
4692
-4186
-12397
-18810
-22546
-23111
-20461
-15010
-7549
873
9116
16108
20992
23227
22631
19380
13947
7025
-575
-8021
-14540
-19489
-22393
-22979
-21192
-17198
-11380
-4318
3252
10500
16581
20738
22403
21287
17441
11278
3530
-4831
-12726
-19119
-23164
-24330
-22475
-17858
-11093
-3053
5263
12871
18928
22826
24245
23158
19803
14624
8203
1193
-5740
-11965
-16925
-20162
-21356
-20348
-17173
-12078
-5526
1827
9185
15695
20553
23111
22980
20099
14756
7561
-632
-8844
-16108
-21593
-24718
-25209
-23119
-18786
-12774
-5772
1491
8328
14156
18525
21131
21815
20554
17456
12759
6829
157
-6661
-12962
-18074
-21393
-22467
-21073
-17269
-11407
-4108
3815
11459
17953
22575
24845
24580
21894
17166
10967
3970
-3141
-9741
-15316
-19489
-22014
-22770
-21741
-19008
-14749
-9242
-2876
3856
10372
16048
20279
22562
22571
20219
15695
9452
2160
-5382
-12349
-18005
-21791
-23390
-22743
-20034
-15633
-10027
-3752
2675
8791
14203
18591
21694
23307
23278
21529
18082
13090
6866
-124
-7279
-13920
-19371
-23050
-24552
-23716
-20646
-15704
-9452
-2566
4252
10371
15295
18702
20448
20539
19094
16300
12377
7562
2112
-3683
-9486
-14901
-19489
-22805
-24451
-24142
-21768
-17438
-11484
-4439
3027
10196
16398
21097
23949
24833
23833
21195
17269
12441
7082
1521
-3964
-9127
-13732
-17535
-20273
-21685
-21548
-19726
-16225
-11226
-5098
1631
8328
14339
19077
22108
23198
22340
19731
15719
10741
5241
-379
-5798
-10778
-15145
-18756
-21466
-23111
-23512
-22505
-19986
-15959
-10586
-4196
2727
9595
15790
20750
24052
25465
24976
22770
19180
14624
9523
4248
-917
-5776
-10197
-14077
-17297
-19700
-21088
-21249
-20007
-17276
-13115
-7755
-1596
4831
10938
16157
20031
22272
22793
21697
19237
15748
11578
7027
2319
-2403
-7049
-11537
-15747
-19489
-22499
-24467
-25085
-24121
-21478
-17245
-11701
-5294
1425
7882
13568
18106
21295
23105
23647
23111
21701
19579
16838
13498
9548
4992
-89
-5505
-10937
-15966
-20131
-23004
-24269
-23789
-21632
-18059
-13479
-8369
-3188
1692
6031
9732
12810
15333
17361
18889
19825
19992
19174
17181
13920
9452
4016
-1983
-8031
-13586
-18168
-21437
-23239
-23614
-22759
-20961
-18517
-15660
-12521
-9114
-5374
-1216
3394
8381
13521
18461
22755
25952
27680
27728
26088
22961
18716
13812
8707
3772
-764
-4831
-8490
-11867
-15078
-18157
-21005
-23396
-25007
-25498
-24600
-22191
-18354
-13373
-7699
-1865
3613
8328
12050
14744
16547
17693
18431
18934
19241
19243
18710
17367
14982
11457
6883
1553
-4073
-9452
-14062
-17506
-19582
-20313
-19919
-18745
-17163
-15467
-13805
-12147
-10313
-8037
-5073
-1287
3267
8328
13456
18116
21785
24065
24768
23951
21896
19028
15815
12647
9751
7146
4666
2023
-1077
-4831
-9250
-14115
-19011
-23395
-26721
-28561
-28704
-27204
-24367
-20675
-16664
-12802
-9378
-6445
-3833
-1216
1772
5409
9781
14721
19828
24540
28256
30482
30944
29657
26921
23245
19226
15398
12111
9452
7239
5094
2565
-728
-4965
-10045
-15584
-20986
-25578
-28767
-30179
-29755
-27760
-24720
-21282
-18059
-15470
-13644
-12393
-11282
-9753
-7294
-3603
1312
7104
13150
18690
23005
25590
26278
25276
23111
20490
18120
16519
15885
16045
16506
16589
15621
13129
8982
3453
-2828
-9013
-14239
-17836
-19489
-19316
-17833
-15814
-14091
-13329
-13846
-15527
-17844
-19995
-21112
-20496
-17815
-13207
-7266
-912
4831
9088
11343
11577
10263
8243
6510
5936
7044
9852
13860
18163
21681
23433
22803
19704
14624
8515
2563
-2101
-4690
-4961
-3277
-517
2150
3571
2915
-95
-5096
-11155
-16996
-21313
-23111
-21957
-18111
-12473
-6364
-1202
1858
2218
0
-3978
-8403
-11804
-12923
-11061
-6263
661
8328
15110
19547
20709
18446
13439
7038
933
-3268
-4451
-2288
2670
9109
15281
19436
20270
-17269
-10860
-2323
6503
13675
17624
17552
13646
7044
-438
-6748
-10116
-9502
-4874
2766
11612
19489
24393
24992
20975
13146
3247
-6453
-13713
-16874
-15271
-9419
-894
8039
14981
17991
16075
9452
-484
-11483
-20977
-26708
-27284
-22529
-13547
-2464
8071
15531
18124
15240
7608
-2863
-13539
-21694
-25174
-22923
-15258
-3804
8879
19903
26744
27847
23008
13430
1444
-10040
-18230
-21115
-17953
-9452
2389
14751
24660
29696
28562
21402
9768
-3740
-16081
-24488
-27110
-23450
-14470
-2370
9933
19489
23995
22337
14836
3174
-10002
-21698
-29260
-30980
-26482
-16796
-4110
8737
18907
24204
23562
17269
6882
-5141
-16010
-23227
-25144
-21317
-12579
-836
11371
21439
27272
27724
22829
13764
2566
-8328
-16611
-20598
-19566
-13876
-4870
5444
14830
21300
23513
21037
14409
4991
-5321
-14505
-20812
-23111
-21086
-15278
-6950
2178
10279
15767
17601
15467
9822
1797
-7032
-14943
-20394
-22308
-20275
-14624
-6366
2997
11743
18255
21326
20385
15618
7946
-1143
-9863
-16470
-19603
-18552
-13416
-5102
4831
14468
21899
25605
24765
19436
10561
-202
-10793
-19159
-23661
-23411
-18457
-9790
852
11321
19489
23676
22989
17506
8259
-2970
-14002
-22701
-27390
-27185
-22159
-13316
-2383
8538
17386
22537
23111
19117
11435
1619
-8414
-16757
-21866
-22839
-19557
-12675
-3479
6373
15156
21389
24077
22861
18059
10579
1745
-6935
-14023
-18380
-19340
-16806
-11247
-3621
4785
12557
18379
21238
20593
16466
9452
634
-8577
-16669
-22278
-24419
-22671
-17266
-9070
547
9934
17446
21735
21998
18136
10784
1216
-8878
-17691
-23626
-25585
-23172
-16768
-7458
3158
13264
21146
25502
25659
21680
14337
4956
-4831
-13373
-19282
-21658
-20214
-15302
-7819
962
9610
16770
21364
22742
20752
15744
8489
60
-8328
-15489
-20425
-22454
-21302
-17139
-10562
-2517
5819
13200
18490
20833
19793
15444
8376
-370
-9452
-17427
-22985
-25167
-23534
-18256
-10098
-306
9595
18051
23738
25781
23899
18445
10342
916
-8328
-15950
-20809
-22233
-20100
-14836
-7317
1280
9676
16676
21335
23071
21720
17531
11107
3316
-4831
-12303
-18167
-21692
-22436
-20294
-15522
-8715
-749
7315
14367
19391
21614
20635
16499
9718
1216
-7793
-15984
-22118
-25243
-24846
-20941
-14071
-5225
4317
13185
20136
24233
24981
22385
16923
9452
1064
-7079
-13917
-18615
-20664
-19908
-16541
-11055
-4160
3299
10441
16433
20571
22346
21500
18059
12350
4978
-3219
-11256
-18121
-22898
-24907
-23810
-19683
-13021
-4692
4186
12397
18810
22546
23111
20461
15010
7549
-873
-9116
-16108
-20992
-23227
-22631
-19380
-13947
-7025
575
8021
14540
19489
22393
22979
21192
17198
11380
4318
-3252
-10500
-16581
-20738
-22403
-21287
-17441
-11278
-3530
4831
12726
19119
23164
24330
22475
17858
11093
3053
-5263
-12871
-18928
-22826
-24245
-23158
-19803
-14624
-8203
-1193
5740
11965
16925
20162
21356
20348
17173
12078
5526
-1827
-9185
-15695
-20553
-23111
-22980
-20099
-14756
-7561
632
8844
16108
21593
24718
25209
23119
18786
12774
5772
-1491
-8328
-14156
-18525
-21131
-21815
-20554
-17456
-12759
-6829
-157
6661
12962
18074
21393
22467
21073
17269
11407
4108
-3815
-11459
-17953
-22575
-24845
-24580
-21894
-17166
-10967
-3970
3141
9741
15316
19489
22014
22770
21741
19008
14749
9242
2876
-3856
-10372
-16048
-20279
-22562
-22571
-20219
-15695
-9452
-2160
5382
12349
18005
21791
23390
22743
20034
15633
10027
3752
-2675
-8791
-14203
-18591
-21694
-23307
-23278
-21529
-18082
-13090
-6866
124
7279
13920
19371
23050
24552
23716
20646
15704
9452
2566
-4252
-10371
-15295
-18702
-20448
-20539
-19094
-16300
-12377
-7562
-2112
3683
9486
14901
19489
22805
24451
24142
21768
17438
11484
4439
-3027
-10196
-16398
-21097
-23949
-24833
-23833
-21195
-17269
-12441
-7082
-1521
3964
9127
13732
17535
20273
21685
21548
19726
16225
11226
5098
-1631
-8328
-14339
-19077
-22108
-23198
-22340
-19731
-15719
-10741
-5241
379
5798
10778
15145
18756
21466
23111
23512
22505
19986
15959
10586
4196
-2727
-9595
-15790
-20750
-24052
-25465
-24976
-22770
-19180
-14624
-9523
-4248
917
5776
10197
14077
17297
19700
21088
21249
20007
17276
13115
7755
1596
-4831
-10938
-16157
-20031
-22272
-22793
-21697
-19237
-15748
-11578
-7027
-2319
2403
7049
11537
15747
19489
22499
24467
25085
24121
21478
17245
11701
5294
-1425
-7882
-13568
-18106
-21295
-23105
-23647
-23111
-21701
-19579
-16838
-13498
-9548
-4992
89
5505
10937
15966
20131
23004
24269
23789
21632
18059
13479
8369
3188
-1692
-6031
-9732
-12810
-15333
-17361
-18889
-19825
-19992
-19174
-17181
-13920
-9452
-4016
1983
8031
13586
18168
21437
23239
23614
22759
20961
18517
15660
12521
9114
5374
1216
-3394
-8381
-13521
-18461
-22755
-25952
-27680
-27728
-26088
-22961
-18716
-13812
-8707
-3772
764
4831
8490
11867
15078
18157
21005
23396
25007
25498
24600
22191
18354
13373
7699
1865
-3613
-8328
-12050
-14744
-16547
-17693
-18431
-18934
-19241
-19243
-18710
-17367
-14982
-11457
-6883
-1553
4073
9452
14062
17506
19582
20313
19919
18745
17163
15467
13805
12147
10313
8037
5073
1287
-3267
-8328
-13456
-18116
-21785
-24065
-24768
-23951
-21896
-19028
-15815
-12647
-9751
-7146
-4666
-2023
1077
4831
9250
14115
19011
23395
26721
28561
28704
27204
24367
20675
16664
12802
9378
6445
3833
1216
-1772
-5409
-9781
-14721
-19828
-24540
-28256
-30482
-30944
-29657
-26921
-23245
-19226
-15398
-12111
-9452
-7239
-5094
-2565
728
4965
10045
15584
20986
25578
28767
30179
29755
27760
24720
21282
18059
15470
13644
12393
11282
9753
7294
3603
-1312
-7104
-13150
-18690
-23005
-25590
-26278
-25276
-23111
-20490
-18120
-16519
-15885
-16045
-16506
-16589
-15621
-13129
-8982
-3453
2828
9013
14239
17836
19489
19316
17833
15814
14091
13329
13846
15527
17844
19995
21112
20496
17815
13207
7266
912
-4831
-9088
-11343
-11577
-10263
-8243
-6510
-5936
-7044
-9852
-13860
-18163
-21681
-23433
-22803
-19704
-14624
-8515
-2563
2101
4690
4961
3277
517
-2150
-3571
-2915
95
5096
11155
16996
21313
23111
21957
18111
12473
6364
1202
-1858
-2218
0
3978
8403
11804
12923
11061
6263
-661
-8328
-15110
-19547
-20709
-18446
-13439
-7038
-933
3268
4451
2288
-2670
-9109
-15281
-19436
-20270
-17269
-10860
-2323
6503
13675
17624
17552
13646
7044
-438
-6748
-10116
-9502
-4874
2766
11612
19489
24393
24992
20975
13146
3247
-6453
-13713
-16874
-15271
-9419
-894
8039
14981
17991
16075
9452
-484
-11483
-20977
-26708
-27284
-22529
-13547
-2464
8071
15531
18124
15240
7608
-2863
-13539
-21694
-25174
-22923
-15258
-3804
8879
19903
26744
27847
23008
13430
1444
-10040
-18230
-21115
-17953
-9452
2389
14751
24660
29696
28562
21402
9768
-3740
-16081
-24488
-27110
-23450
-14470
-2370
9933
19489
23995
22337
14836
3174
-10002
-21698
-29260
-30980
-26482
-16796
-4110
8737
18907
24204
23562
17269
6882
-5141
-16010
-23227
-25144
-21317
-12579
-836
11371
21439
27272
27724
22829
13764
2566
-8328
-16611
-20598
-19566
-13876
-4870
5444
14830
21300
23513
21037
14409
4991
-5321
-14505
-20812
-23111
-21086
-15278
-6950
2178
10279
15767
17601
15467
9822
1797
-7032
-14943
-20394
-22308
-20275
-14624
-6366
2997
11743
18255
21326
20385
15618
7946
-1143
-9863
-16470
-19603
-18552
-13416
-5102
4831
14468
21899
25605
24765
19436
10561
-202
-10793
-19159
-23661
-23411
-18457
-9790
852
11321
19489
23676
22989
17506
8259
-2970
-14002
-22701
-27390
-27185
-22159
-13316
-2383
8538
17386
22537
23111
19117
11435
1619
-8414
-16757
-21866
-22839
-19557
-12675
-3479
6373
15156
21389
24077
22861
18059
10579
1745
-6935
-14023
-18380
-19340
-16806
-11247
-3621
4785
12557
18379
21238
20593
16466
9452
634
-8577
-16669
-22278
-24419
-22671
-17266
-9070
547
9934
17446
21735
21998
18136
10784
1216
-8878
-17691
-23626
-25585
-23172
-16768
-7458
3158
13264
21146
25502
25659
21680
14337
4956
-4831
-13373
-19282
-21658
-20214
-15302
-7819
962
9610
16770
21364
22742
20752
15744
8489
60
-8328
-15489
-20425
-22454
-21302
-17139
-10562
-2517
5819
13200
18490
20833
19793
15444
8376
-370
-9452
-17427
-22985
-25167
-23534
-18256
-10098
-306
9595
18051
23738
25781
23899
18445
10342
916
-8328
-15950
-20809
-22233
-20100
-14836
-7317
1280
9676
16676
21335
23071
21720
17531
11107
3316
-4831
-12303
-18167
-21692
-22436
-20294
-15522
-8715
-749
7315
14367
19391
21614
20635
16499
9718
1216
-7793
-15984
-22118
-25243
-24846
-20941
-14071
-5225
4317
13185
20136
24233
24981
22385
16923
9452
1064
-7079
-13917
-18615
-20664
-19908
-16541
-11055
-4160
3299
10441
16433
20571
22346
21500
18059
12350
4978
-3219
-11256
-18121
-22898
-24907
-23810
-19683
-13021
-4692
4186
12397
18810
22546
23111
20461
15010
7549
-873
-9116
-16108
-20992
-23227
-22631
-19380
-13947
-7025
575
8021
14540
19489
22393
22979
21192
17198
11380
4318
-3252
-10500
-16581
-20738
-22403
-21287
-17441
-11278
-3530
4831
12726
19119
23164
24330
22475
17858
11093
3053
-5263
-12871
-18928
-22826
-24245
-23158
-19803
-14624
-8203
-1193
5740
11965
16925
20162
21356
20348
17173
12078
5526
-1827
-9185
-15695
-20553
-23111
-22980
-20099
-14756
-7561
632
8844
16108
21593
24718
25209
23119
18786
12774
5772
-1491
-8328
-14156
-18525
-21131
-21815
-20554
-17456
-12759
-6829
-157
6661
12962
18074
21393
22467
21073
17269
11407
4108
-3815
-11459
-17953
-22575
-24845
-24580
-21894
-17166
-10967
-3970
3141
9741
15316
19489
22014
22770
21741
19008
14749
9242
2876
-3856
-10372
-16048
-20279
-22562
-22571
-20219
-15695
-9452
-2160
5382
12349
18005
21791
23390
22743
20034
15633
10027
3752
-2675
-8791
-14203
-18591
-21694
-23307
-23278
-21529
-18082
-13090
-6866
124
7279
13920
19371
23050
24552
23716
20646
15704
9452
2566
-4252
-10371
-15295
-18702
-20448
-20539
-19094
-16300
-12377
-7562
-2112
3683
9486
14901
19489
22805
24451
24142
21768
17438
11484
4439
-3027
-10196
-16398
-21097
-23949
-24833
-23833
-21195
-17269
-12441
-7082
-1521
3964
9127
13732
17535
20273
21685
21548
19726
16225
11226
5098
-1631
-8328
-14339
-19077
-22108
-23198
-22340
-19731
-15719
-10741
-5241
379
5798
10778
15145
18756
21466
23111
23512
22505
19986
15959
10586
4196
-2727
-9595
-15790
-20750
-24052
-25465
-24976
-22770
-19180
-14624
-9523
-4248
917
5776
10197
14077
17297
19700
21088
21249
20007
17276
13115
7755
1596
-4831
-10938
-16157
-20031
-22272
-22793
-21697
-19237
-15748
-11578
-7027
-2319
2403
7049
11537
15747
19489
22499
24467
25085
24121
21478
17245
11701
5294
-1425
-7882
-13568
-18106
-21295
-23105
-23647
-23111
-21701
-19579
-16838
-13498
-9548
-4992
89
5505
10937
15966
20131
23004
24269
23789
21632
18059
13479
8369
3188
-1692
-6031
-9732
-12810
-15333
-17361
-18889
-19825
-19992
-19174
-17181
-13920
-9452
-4016
1983
8031
13586
18168
21437
23239
23614
22759
20961
18517
15660
12521
9114
5374
1216
-3394
-8381
-13521
-18461
-22755
-25952
-27680
-27728
-26088
-22961
-18716
-13812
-8707
-3772
764
4831
8490
11867
15078
18157
21005
23396
25007
25498
24600
22191
18354
13373
7699
1865
-3613
-8328
-12050
-14744
-16547
-17693
-18431
-18934
-19241
-19243
-18710
-17367
-14982
-11457
-6883
-1553
4073
9452
14062
17506
19582
20313
19919
18745
17163
15467
13805
12147
10313
8037
5073
1287
-3267
-8328
-13456
-18116
-21785
-24065
-24768
-23951
-21896
-19028
-15815
-12647
-9751
-7146
-4666
-2023
1077
4831
9250
14115
19011
23395
26721
28561
28704
27204
24367
20675
16664
12802
9378
6445
3833
1216
-1772
-5409
-9781
-14721
-19828
-24540
-28256
-30482
-30944
-29657
-26921
-23245
-19226
-15398
-12111
-9452
-7239
-5094
-2565
728
4965
10045
15584
20986
25578
28767
30179
29755
27760
24720
21282
18059
15470
13644
12393
11282
9753
7294
3603
-1312
-7104
-13150
-18690
-23005
-25590
-26278
-25276
-23111
-20490
-18120
-16519
-15885
-16045
-16506
-16589
-15621
-13129
-8982
-3453
2828
9013
14239
17836
19489
19316
17833
15814
14091
13329
13846
15527
17844
19995
21112
20496
17815
13207
7266
912
-4831
-9088
-11343
-11577
-10263
-8243
-6510
-5936
-7044
-9852
-13860
-18163
-21681
-23433
-22803
-19704
-14624
-8515
-2563
2101
4690
4961
3277
517
-2150
-3571
-2915
95
5096
11155
16996
21313
23111
21957
18111
12473
6364
1202
-1858
-2218
0
3978
8403
11804
12923
11061
6263
-661
-8328
-15110
-19547
-20709
-18446
-13439
-7038
-933
3268
4451
2288
-2670
-9109
-15281
-19436
-20270
-17269
-10860
-2323
6503
13675
17624
17552
13646
7044
-438
-6748
-10116
-9502
-4874
2766
11612
19489
24393
24992
20975
13146
3247
-6453
-13713
-16874
-15271
-9419
-894
8039
14981
17991
16075
9452
-484
-11483
-20977
-26708
-27284
-22529
-13547
-2464
8071
15531
18124
15240
7608
-2863
-13539
-21694
-25174
-22923
-15258
-3804
8879
19903
26744
27847
23008
13430
1444
-10040
-18230
-21115
-17953
-9452
2389
14751
24660
29696
28562
21402
9768
-3740
-16081
-24488
-27110
-23450
-14470
-2370
9933
19489
23995
22337
14836
3174
-10002
-21698
-29260
-30980
-26482
-16796
-4110
8737
18907
24204
23562
17269
6882
-5141
-16010
-23227
-25144
-21317
-12579
-836
11371
21439
27272
27724
22829
13764
2566
-8328
-16611
-20598
-19566
-13876
-4870
5444
14830
21300
23513
21037
14409
4991
-5321
-14505
-20812
-23111
-21086
-15278
-6950
2178
10279
15767
17601
15467
9822
1797
-7032
-14943
-20394
-22308
-20275
-14624
-6366
2997
11743
18255
21326
20385
15618
7946
-1143
-9863
-16470
-19603
-18552
-13416
-5102
4831
14468
21899
25605
24765
19436
10561
-202
-10793
-19159
-23661
-23411
-18457
-9790
852
11321
19489
23676
22989
17506
8259
-2970
-14002
-22701
-27390
-27185
-22159
-13316
-2383
8538
17386
22537
23111
19117
11435
1619
-8414
-16757
-21866
-22839
-19557
-12675
-3479
6373
15156
21389
24077
22861
18059
10579
1745
-6935
-14023
-18380
-19340
-16806
-11247
-3621
4785
12557
18379
21238
20593
16466
9452
634
-8577
-16669
-22278
-24419
-22671
-17266
-9070
547
9934
17446
21735
21998
18136
10784
1216
-8878
-17691
-23626
-25585
-23172
-16768
-7458
3158
13264
21146
25502
25659
21680
14337
4956
-4831
-13373
-19282
-21658
-20214
-15302
-7819
962
9610
16770
21364
22742
20752
15744
8489
60
-8328
-15489
-20425
-22454
-21302
-17139
-10562
-2517
5819
13200
18490
20833
19793
15444
8376
-370
-9452
-17427
-22985
-25167
-23534
-18256
-10098
-306
9595
18051
23738
25781
23899
18445
10342
916
-8328
-15950
-20809
-22233
-20100
-14836
-7317
1280
9676
16676
21335
23071
21720
17531
11107
3316
-4831
-12303
-18167
-21692
-22436
-20294
-15522
-8715
-749
7315
14367
19391
21614
20635
16499
9718
1216
-7793
-15984
-22118
-25243
-24846
-20941
-14071
-5225
4317
13185
20136
24233
24981
22385
16923
9452
1064
-7079
-13917
-18615
-20664
-19908
-16541
-11055
-4160
3299
10441
16433
20571
22346
21500
18059
12350
4978
-3219
-11256
-18121
-22898
-24907
-23810
-19683
-13021
-4692
4186
12397
18810
22546
23111
20461
15010
7549
-873
-9116
-16108
-20992
-23227
-22631
-19380
-13947
-7025
575
8021
14540
19489
22393
22979
21192
17198
11380
4318
-3252
-10500
-16581
-20738
-22403
-21287
-17441
-11278
-3530
4831
12726
19119
23164
24330
22475
17858
11093
3053
-5263
-12871
-18928
-22826
-24245
-23158
-19803
-14624
-8203
-1193
5740
11965
16925
20162
21356
20348
17173
12078
5526
-1827
-9185
-15695
-20553
-23111
-22980
-20099
-14756
-7561
632
8844
16108
21593
24718
25209
23119
18786
12774
5772
-1491
-8328
-14156
-18525
-21131
-21815
-20554
-17456
-12759
-6829
-157
6661
12962
18074
21393
22467
21073
17269
11407
4108
-3815
-11459
-17953
-22575
-24845
-24580
-21894
-17166
-10967
-3970
3141
9741
15316
19489
22014
22770
21741
19008
14749
9242
2876
-3856
-10372
-16048
-20279
-22562
-22571
-20219
-15695
-9452
-2160
5382
12349
18005
21791
23390
22743
20034
15633
10027
3752
-2675
-8791
-14203
-18591
-21694
-23307
-23278
-21529
-18082
-13090
-6866
124
7279
13920
19371
23050
24552
23716
20646
15704
9452
2566
-4252
-10371
-15295
-18702
-20448
-20539
-19094
-16300
-12377
-7562
-2112
3683
9486
14901
19489
22805
24451
24142
21768
17438
11484
4439
-3027
-10196
-16398
-21097
-23949
-24833
-23833
-21195
-17269
-12441
-7082
-1521
3964
9127
13732
17535
20273
21685
21548
19726
16225
11226
5098
-1631
-8328
-14339
-19077
-22108
-23198
-22340
-19731
-15719
-10741
-5241
379
5798
10778
15145
18756
21466
23111
23512
22505
19986
15959
10586
4196
-2727
-9595
-15790
-20750
-24052
-25465
-24976
-22770
-19180
-14624
-9523
-4248
917
5776
10197
14077
17297
19700
21088
21249
20007
17276
13115
7755
1596
-4831
-10938
-16157
-20031
-22272
-22793
-21697
-19237
-15748
-11578
-7027
-2319
2403
7049
11537
15747
19489
22499
24467
25085
24121
21478
17245
11701
5294
-1425
-7882
-13568
-18106
-21295
-23105
-23647
-23111
-21701
-19579
-16838
-13498
-9548
-4992
89
5505
10937
15966
20131
23004
24269
23789
21632
18059
13479
8369
3188
-1692
-6031
-9732
-12810
-15333
-17361
-18889
-19825
-19992
-19174
-17181
-13920
-9452
-4016
1983
8031
13586
18168
21437
23239
23614
22759
20961
18517
15660
12521
9114
5374
1216
-3394
-8381
-13521
-18461
-22755
-25952
-27680
-27728
-26088
-22961
-18716
-13812
-8707
-3772
764
4831
8490
11867
15078
18157
21005
23396
25007
25498
24600
22191
18354
13373
7699
1865
-3613
-8328
-12050
-14744
-16547
-17693
-18431
-18934
-19241
-19243
-18710
-17367
-14982
-11457
-6883
-1553
4073
9452
14062
17506
19582
20313
19919
18745
17163
15467
13805
12147
10313
8037
5073
1287
-3267
-8328
-13456
-18116
-21785
-24065
-24768
-23951
-21896
-19028
-15815
-12647
-9751
-7146
-4666
-2023
1077
4831
9250
14115
19011
23395
26721
28561
28704
27204
24367
20675
16664
12802
9378
6445
3833
1216
-1772
-5409
-9781
-14721
-19828
-24540
-28256
-30482
-30944
-29657
-26921
-23245
-19226
-15398
-12111
-9452
-7239
-5094
-2565
728
4965
10045
15584
20986
25578
28767
30179
29755
27760
24720
21282
18059
15470
13644
12393
11282
9753
7294
3603
-1312
-7104
-13150
-18690
-23005
-25590
-26278
-25276
-23111
-20490
-18120
-16519
-15885
-16045
-16506
-16589
-15621
-13129
-8982
-3453
2828
9013
14239
17836
19489
19316
17833
15814
14091
13329
13846
15527
17844
19995
21112
20496
17815
13207
7266
912
-4831
-9088
-11343
-11577
-10263
-8243
-6510
-5936
-7044
-9852
-13860
-18163
-21681
-23433
-22803
-19704
-14624
-8515
-2563
2101
4690
4961
3277
517
-2150
-3571
-2915
95
5096
11155
16996
21313
23111
21957
18111
12473
6364
1202
-1858
-2218
0
3978
8403
11804
12923
11061
6263
-661
-8328
-15110
-19547
-20709
-18446
-13439
-7038
-933
3268
4451
2288
-2670
-9109
-15281
-19436
-20270
-17269
-10860
-2323
6503
13675
17624
17552
13646
7044
-438
-6748
-10116
-9502
-4874
2766
11612
19489
24393
24992
20975
13146
3247
-6453
-13713
-16874
-15271
-9419
-894
8039
14981
17991
16075
9452
-484
-11483
-20977
-26708
-27284
-22529
-13547
-2464
8071
15531
18124
15240
7608
-2863
-13539
-21694
-25174
-22923
-15258
-3804
8879
19903
26744
27847
23008
13430
1444
-10040
-18230
-21115
-17953
-9452
2389
14751
24660
29696
28562
21402
9768
-3740
-16081
-24488
-27110
-23450
-14470
-2370
9933
19489
23995
22337
14836
3174
-10002
-21698
-29260
-30980
-26482
-16796
-4110
8737
18907
24204
23562
17269
6882
-5141
-16010
-23227
-25144
-21317
-12579
-836
11371
21439
27272
27724
22829
13764
2566
-8328
-16611
-20598
-19566
-13876
-4870
5444
14830
21300
23513
21037
14409
4991
-5321
-14505
-20812
-23111
-21086
-15278
-6950
2178
10279
15767
17601
15467
9822
1797
-7032
-14943
-20394
-22308
-20275
-14624
-6366
2997
11743
18255
21326
20385
15618
7946
-1143
-9863
-16470
-19603
-18552
-13416
-5102
4831
14468
21899
25605
24765
19436
10561
-202
-10793
-19159
-23661
-23411
-18457
-9790
852
11321
19489
23676
22989
17506
8259
-2970
-14002
-22701
-27390
-27185
-22159
-13316
-2383
8538
17386
22537
23111
19117
11435
1619
-8414
-16757
-21866
-22839
-19557
-12675
-3479
6373
15156
21389
24077
22861
18059
10579
1745
-6935
-14023
-18380
-19340
-16806
-11247
-3621
4785
12557
18379
21238
20593
16466
9452
634
-8577
-16669
-22278
-24419
-22671
-17266
-9070
547
9934
17446
21735
21998
18136
10784
1216
-8878
-17691
-23626
-25585
-23172
-16768
-7458
3158
13264
21146
25502
25659
21680
14337
4956
-4831
-13373
-19282
-21658
-20214
-15302
-7819
962
9610
16770
21364
22742
20752
15744
8489
60
-8328
-15489
-20425
-22454
-21302
-17139
-10562
-2517
5819
13200
18490
20833
19793
15444
8376
-370
-9452
-17427
-22985
-25167
-23534
-18256
-10098
-306
9595
18051
23738
25781
23899
18445
10342
916
-8328
-15950
-20809
-22233
-20100
-14836
-7317
1280
9676
16676
21335
23071
21720
17531
11107
3316
-4831
-12303
-18167
-21692
-22436
-20294
-15522
-8715
-749
7315
14367
19391
21614
20635
16499
9718
1216
-7793
-15984
-22118
-25243
-24846
-20941
-14071
-5225
4317
13185
20136
24233
24981
22385
16923
9452
1064
-7079
-13917
-18615
-20664
-19908
-16541
-11055
-4160
3299
10441
16433
20571
22346
21500
18059
12350
4978
-3219
-11256
-18121
-22898
-24907
-23810
-19683
-13021
-4692
4186
12397
18810
22546
23111
20461
15010
7549
-873
-9116
-16108
-20992
-23227
-22631
-19380
-13947
-7025
575
8021
14540
19489
22393
22979
21192
17198
11380
4318
-3252
-10500
-16581
-20738
-22403
-21287
-17441
-11278
-3530
4831
12726
19119
23164
24330
22475
17858
11093
3053
-5263
-12871
-18928
-22826
-24245
-23158
-19803
-14624
-8203
-1193
5740
11965
16925
20162
21356
20348
17173
12078
5526
-1827
-9185
-15695
-20553
-23111
-22980
-20099
-14756
-7561
632
8844
16108
21593
24718
25209
23119
18786
12774
5772
-1491
-8328
-14156
-18525
-21131
-21815
-20554
-17456
-12759
-6829
-157
6661
12962
18074
21393
22467
21073
17269
11407
4108
-3815
-11459
-17953
-22575
-24845
-24580
-21894
-17166
-10967
-3970
3141
9741
15316
19489
22014
22770
21741
19008
14749
9242
2876
-3856
-10372
-16048
-20279
-22562
-22571
-20219
-15695
-9452
-2160
5382
12349
18005
21791
23390
22743
20034
15633
10027
3752
-2675
-8791
-14203
-18591
-21694
-23307
-23278
-21529
-18082
-13090
-6866
124
7279
13920
19371
23050
24552
23716
20646
15704
9452
2566
-4252
-10371
-15295
-18702
-20448
-20539
-19094
-16300
-12377
-7562
-2112
3683
9486
14901
19489
22805
24451
24142
21768
17438
11484
4439
-3027
-10196
-16398
-21097
-23949
-24833
-23833
-21195
-17269
-12441
-7082
-1521
3964
9127
13732
17535
20273
21685
21548
19726
16225
11226
5098
-1631
-8328
-14339
-19077
-22108
-23198
-22340
-19731
-15719
-10741
-5241
379
5798
10778
15145
18756
21466
23111
23512
22505
19986
15959
10586
4196
-2727
-9595
-15790
-20750
-24052
-25465
-24976
-22770
-19180
-14624
-9523
-4248
917
5776
10197
14077
17297
19700
21088
21249
20007
17276
13115
7755
1596
-4831
-10938
-16157
-20031
-22272
-22793
-21697
-19237
-15748
-11578
-7027
-2319
2403
7049
11537
15747
19489
22499
24467
25085
24121
21478
17245
11701
5294
-1425
-7882
-13568
-18106
-21295
-23105
-23647
-23111
-21701
-19579
-16838
-13498
-9548
-4992
89
5505
10937
15966
20131
23004
24269
23789
21632
18059
13479
8369
3188
-1692
-6031
-9732
-12810
-15333
-17361
-18889
-19825
-19992
-19174
-17181
-13920
-9452
-4016
1983
8031
13586
18168
21437
23239
23614
22759
20961
18517
15660
12521
9114
5374
1216
-3394
-8381
-13521
-18461
-22755
-25952
-27680
-27728
-26088
-22961
-18716
-13812
-8707
-3772
764
4831
8490
11867
15078
18157
21005
23396
25007
25498
24600
22191
18354
13373
7699
1865
-3613
-8328
-12050
-14744
-16547
-17693
-18431
-18934
-19241
-19243
-18710
-17367
-14982
-11457
-6883
-1553
4073
9452
14062
17506
19582
20313
19919
18745
17163
15467
13805
12147
10313
8037
5073
1287
-3267
-8328
-13456
-18116
-21785
-24065
-24768
-23951
-21896
-19028
-15815
-12647
-9751
-7146
-4666
-2023
1077
4831
9250
14115
19011
23395
26721
28561
28704
27204
24367
20675
16664
12802
9378
6445
3833
1216
-1772
-5409
-9781
-14721
-19828
-24540
-28256
-30482
-30944
-29657
-26921
-23245
-19226
-15398
-12111
-9452
-7239
-5094
-2565
728
4965
10045
15584
20986
25578
28767
30179
29755
27760
24720
21282
18059
15470
13644
12393
11282
9753
7294
3603
-1312
-7104
-13150
-18690
-23005
-25590
-26278
-25276
-23111
-20490
-18120
-16519
-15885
-16045
-16506
-16589
-15621
-13129
-8982
-3453
2828
9013
14239
17836
19489
19316
17833
15814
14091
13329
13846
15527
17844
19995
21112
20496
17815
13207
7266
912
-4831
-9088
-11343
-11577
-10263
-8243
-6510
-5936
-7044
-9852
-13860
-18163
-21681
-23433
-22803
-19704
-14624
-8515
-2563
2101
4690
4961
3277
517
-2150
-3571
-2915
95
5096
11155
16996
21313
23111
21957
18111
12473
6364
1202
-1858
-2218
0
3978
8403
11804
12923
11061
6263
-661
-8328
-15110
-19547
-20709
-18446
-13439
-7038
-933
3268
4451
2288
-2670
-9109
-15281
-19436
-20270
-17269
-10860
-2323
6503
13675
17624
17552
13646
7044
-438
-6748
-10116
-9502
-4874
2766
11612
19489
24393
24992
20975
13146
3247
-6453
-13713
-16874
-15271
-9419
-894
8039
14981
17991
16075
9452
-484
-11483
-20977
-26708
-27284
-22529
-13547
-2464
8071
15531
18124
15240
7608
-2863
-13539
-21694
-25174
-22923
-15258
-3804
8879
19903
26744
27847
23008
13430
1444
-10040
-18230
-21115
-17953
-9452
2389
14751
24660
29696
28562
21402
9768
-3740
-16081
-24488
-27110
-23450
-14470
-2370
9933
19489
23995
22337
14836
3174
-10002
-21698
-29260
-30980
-26482
-16796
-4110
8737
18907
24204
23562
17269
6882
-5141
-16010
-23227
-25144
-21317
-12579
-836
11371
21439
27272
27724
22829
13764
2566
-8328
-16611
-20598
-19566
-13876
-4870
5444
14830
21300
23513
21037
14409
4991
-5321
-14505
-20812
-23111
-21086
-15278
-6950
2178
10279
15767
17601
15467
9822
1797
-7032
-14943
-20394
-22308
-20275
-14624
-6366
2997
11743
18255
21326
20385
15618
7946
-1143
-9863
-16470
-19603
-18552
-13416
-5102
4831
14468
21899
25605
24765
19436
10561
-202
-10793
-19159
-23661
-23411
-18457
-9790
852
11321
19489
23676
22989
17506
8259
-2970
-14002
-22701
-27390
-27185
-22159
-13316
-2383
8538
17386
22537
23111
19117
11435
1619
-8414
-16757
-21866
-22839
-19557
-12675
-3479
6373
15156
21389
24077
22861
18059
10579
1745
-6935
-14023
-18380
-19340
-16806
-11247
-3621
4785
12557
18379
21238
20593
16466
9452
634
-8577
-16669
-22278
-24419
-22671
-17266
-9070
547
9934
17446
21735
21998
18136
10784
1216
-8878
-17691
-23626
-25585
-23172
-16768
-7458
3158
13264
21146
25502
25659
21680
14337
4956
-4831
-13373
-19282
-21658
-20214
-15302
-7819
962
9610
16770
21364
22742
20752
15744
8489
60
-8328
-15489
-20425
-22454
-21302
-17139
-10562
-2517
5819
13200
18490
20833
19793
15444
8376
-370
-9452
-17427
-22985
-25167
-23534
-18256
-10098
-306
9595
18051
23738
25781
23899
18445
10342
916
-8328
-15950
-20809
-22233
-20100
-14836
-7317
1280
9676
16676
21335
23071
21720
17531
11107
3316
-4831
-12303
-18167
-21692
-22436
-20294
-15522
-8715
-749
7315
14367
19391
21614
20635
16499
9718
1216
-7793
-15984
-22118
-25243
-24846
-20941
-14071
-5225
4317
13185
20136
24233
24981
22385
16923
9452
1064
-7079
-13917
-18615
-20664
-19908
-16541
-11055
-4160
3299
10441
16433
20571
22346
21500
18059
12350
4978
-3219
-11256
-18121
-22898
-24907
-23810
-19683
-13021
-4692
4186
12397
18810
22546
23111
20461
15010
7549
-873
-9116
-16108
-20992
-23227
-22631
-19380
-13947
-7025
575
8021
14540
19489
22393
22979
21192
17198
11380
4318
-3252
-10500
-16581
-20738
-22403
-21287
-17441
-11278
-3530
4831
12726
19119
23164
24330
22475
17858
11093
3053
-5263
-12871
-18928
-22826
-24245
-23158
-19803
-14624
-8203
-1193
5740
11965
16925
20162
21356
20348
17173
12078
5526
-1827
-9185
-15695
-20553
-23111
-22980
-20099
-14756
-7561
632
8844
16108
21593
24718
25209
23119
18786
12774
5772
-1491
-8328
-14156
-18525
-21131
-21815
-20554
-17456
-12759
-6829
-157
6661
12962
18074
21393
22467
21073
17269
11407
4108
-3815
-11459
-17953
-22575
-24845
-24580
-21894
-17166
-10967
-3970
3141
9741
15316
19489
22014
22770
21741
19008
14749
9242
2876
-3856
-10372
-16048
-20279
-22562
-22571
-20219
-15695
-9452
-2160
5382
12349
18005
21791
23390
22743
20034
15633
10027
3752
-2675
-8791
-14203
-18591
-21694
-23307
-23278
-21529
-18082
-13090
-6866
124
7279
13920
19371
23050
24552
23716
20646
15704
9452
2566
-4252
-10371
-15295
-18702
-20448
-20539
-19094
-16300
-12377
-7562
-2112
3683
9486
14901
19489
22805
24451
24142
21768
17438
11484
4439
-3027
-10196
-16398
-21097
-23949
-24833
-23833
-21195
-17269
-12441
-7082
-1521
3964
9127
13732
17535
20273
21685
21548
19726
16225
11226
5098
-1631
-8328
-14339
-19077
-22108
-23198
-22340
-19731
-15719
-10741
-5241
379
5798
10778
15145
18756
21466
23111
23512
22505
19986
15959
10586
4196
-2727
-9595
-15790
-20750
-24052
-25465
-24976
-22770
-19180
-14624
-9523
-4248
917
5776
10197
14077
17297
19700
21088
21249
20007
17276
13115
7755
1596
-4831
-10938
-16157
-20031
-22272
-22793
-21697
-19237
-15748
-11578
-7027
-2319
2403
7049
11537
15747
19489
22499
24467
25085
24121
21478
17245
11701
5294
-1425
-7882
-13568
-18106
-21295
-23105
-23647
-23111
-21701
-19579
-16838
-13498
-9548
-4992
89
5505
10937
15966
20131
23004
24269
23789
21632
18059
13479
8369
3188
-1692
-6031
-9732
-12810
-15333
-17361
-18889
-19825
-19992
-19174
-17181
-13920
-9452
-4016
1983
8031
13586
18168
21437
23239
23614
22759
20961
18517
15660
12521
9114
5374
1216
-3394
-8381
-13521
-18461
-22755
-25952
-27680
-27728
-26088
-22961
-18716
-13812
-8707
-3772
764
4831
8490
11867
15078
18157
21005
23396
25007
25498
24600
22191
18354
13373
7699
1865
-3613
-8328
-12050
-14744
-16547
-17693
-18431
-18934
-19241
-19243
-18710
-17367
-14982
-11457
-6883
-1553
4073
9452
14062
17506
19582
20313
19919
18745
17163
15467
13805
12147
10313
8037
5073
1287
-3267
-8328
-13456
-18116
-21785
-24065
-24768
-23951
-21896
-19028
-15815
-12647
-9751
-7146
-4666
-2023
1077
4831
9250
14115
19011
23395
26721
28561
28704
27204
24367
20675
16664
12802
9378
6445
3833
1216
-1772
-5409
-9781
-14721
-19828
-24540
-28256
-30482
-30944
-29657
-26921
-23245
-19226
-15398
-12111
-9452
-7239
-5094
-2565
728
4965
10045
15584
20986
25578
28767
30179
29755
27760
24720
21282
18059
15470
13644
12393
11282
9753
7294
3603
-1312
-7104
-13150
-18690
-23005
-25590
-26278
-25276
-23111
-20490
-18120
-16519
-15885
-16045
-16506
-16589
-15621
-13129
-8982
-3453
2828
9013
14239
17836
19489
19316
17833
15814
14091
13329
13846
15527
17844
19995
21112
20496
17815
13207
7266
912
-4831
-9088
-11343
-11577
-10263
-8243
-6510
-5936
-7044
-9852
-13860
-18163
-21681
-23433
-22803
-19704
-14624
-8515
-2563
2101
4690
4961
3277
517
-2150
-3571
-2915
95
5096
11155
16996
21313
23111
21957
18111
12473
6364
1202
-1858
-2218
0
3978
8403
11804
12923
11061
6263
-661
-8328
-15110
-19547
-20709
-18446
-13439
-7038
-933
3268
4451
2288
-2670
-9109
-15281
-19436
-20270
17269
10860
2323
-6503
-13675
-17624
-17552
-13646
-7044
438
6748
10116
9502
4874
-2766
-11612
-19489
-24393
-24992
-20975
-13146
-3247
6453
13713
16874
15271
9419
894
-8039
-14981
-17991
-16075
-9452
484
11483
20977
26708
27284
22529
13547
2464
-8071
-15531
-18124
-15240
-7608
2863
13539
21694
25174
22923
15258
3804
-8879
-19903
-26744
-27847
-23008
-13430
-1444
10040
18230
21115
17953
9452
-2389
-14751
-24660
-29696
-28562
-21402
-9768
3740
16081
24488
27110
23450
14470
2370
-9933
-19489
-23995
-22337
-14836
-3174
10002
21698
29260
30980
26482
16796
4110
-8737
-18907
-24204
-23562
-17269
-6882
5141
16010
23227
25144
21317
12579
836
-11371
-21439
-27272
-27724
-22829
-13764
-2566
8328
16611
20598
19566
13876
4870
-5444
-14830
-21300
-23513
-21037
-14409
-4991
5321
14505
20812
23111
21086
15278
6950
-2178
-10279
-15767
-17601
-15467
-9822
-1797
7032
14943
20394
22308
20275
14624
6366
-2997
-11743
-18255
-21326
-20385
-15618
-7946
1143
9863
16470
19603
18552
13416
5102
-4831
-14468
-21899
-25605
-24765
-19436
-10561
202
10793
19159
23661
23411
18457
9790
-852
-11321
-19489
-23676
-22989
-17506
-8259
2970
14002
22701
27390
27185
22159
13316
2383
-8538
-17386
-22537
-23111
-19117
-11435
-1619
8414
16757
21866
22839
19557
12675
3479
-6373
-15156
-21389
-24077
-22861
-18059
-10579
-1745
6935
14023
18380
19340
16806
11247
3621
-4785
-12557
-18379
-21238
-20593
-16466
-9452
-634
8577
16669
22278
24419
22671
17266
9070
-547
-9934
-17446
-21735
-21998
-18136
-10784
-1216
8878
17691
23626
25585
23172
16768
7458
-3158
-13264
-21146
-25502
-25659
-21680
-14337
-4956
4831
13373
19282
21658
20214
15302
7819
-962
-9610
-16770
-21364
-22742
-20752
-15744
-8489
-60
8328
15489
20425
22454
21302
17139
10562
2517
-5819
-13200
-18490
-20833
-19793
-15444
-8376
370
9452
17427
22985
25167
23534
18256
10098
306
-9595
-18051
-23738
-25781
-23899
-18445
-10342
-916
8328
15950
20809
22233
20100
14836
7317
-1280
-9676
-16676
-21335
-23071
-21720
-17531
-11107
-3316
4831
12303
18167
21692
22436
20294
15522
8715
749
-7315
-14367
-19391
-21614
-20635
-16499
-9718
-1216
7793
15984
22118
25243
24846
20941
14071
5225
-4317
-13185
-20136
-24233
-24981
-22385
-16923
-9452
-1064
7079
13917
18615
20664
19908
16541
11055
4160
-3299
-10441
-16433
-20571
-22346
-21500
-18059
-12350
-4978
3219
11256
18121
22898
24907
23810
19683
13021
4692
-4186
-12397
-18810
-22546
-23111
-20461
-15010
-7549
873
9116
16108
20992
23227
22631
19380
13947
7025
-575
-8021
-14540
-19489
-22393
-22979
-21192
-17198
-11380
-4318
3252
10500
16581
20738
22403
21287
17441
11278
3530
-4831
-12726
-19119
-23164
-24330
-22475
-17858
-11093
-3053
5263
12871
18928
22826
24245
23158
19803
14624
8203
1193
-5740
-11965
-16925
-20162
-21356
-20348
-17173
-12078
-5526
1827
9185
15695
20553
23111
22980
20099
14756
7561
-632
-8844
-16108
-21593
-24718
-25209
-23119
-18786
-12774
-5772
1491
8328
14156
18525
21131
21815
20554
17456
12759
6829
157
-6661
-12962
-18074
-21393
-22467
-21073
-17269
-11407
-4108
3815
11459
17953
22575
24845
24580
21894
17166
10967
3970
-3141
-9741
-15316
-19489
-22014
-22770
-21741
-19008
-14749
-9242
-2876
3856
10372
16048
20279
22562
22571
20219
15695
9452
2160
-5382
-12349
-18005
-21791
-23390
-22743
-20034
-15633
-10027
-3752
2675
8791
14203
18591
21694
23307
23278
21529
18082
13090
6866
-124
-7279
-13920
-19371
-23050
-24552
-23716
-20646
-15704
-9452
-2566
4252
10371
15295
18702
20448
20539
19094
16300
12377
7562
2112
-3683
-9486
-14901
-19489
-22805
-24451
-24142
-21768
-17438
-11484
-4439
3027
10196
16398
21097
23949
24833
23833
21195
17269
12441
7082
1521
-3964
-9127
-13732
-17535
-20273
-21685
-21548
-19726
-16225
-11226
-5098
1631
8328
14339
19077
22108
23198
22340
19731
15719
10741
5241
-379
-5798
-10778
-15145
-18756
-21466
-23111
-23512
-22505
-19986
-15959
-10586
-4196
2727
9595
15790
20750
24052
25465
24976
22770
19180
14624
9523
4248
-917
-5776
-10197
-14077
-17297
-19700
-21088
-21249
-20007
-17276
-13115
-7755
-1596
4831
10938
16157
20031
22272
22793
21697
19237
15748
11578
7027
2319
-2403
-7049
-11537
-15747
-19489
-22499
-24467
-25085
-24121
-21478
-17245
-11701
-5294
1425
7882
13568
18106
21295
23105
23647
23111
21701
19579
16838
13498
9548
4992
-89
-5505
-10937
-15966
-20131
-23004
-24269
-23789
-21632
-18059
-13479
-8369
-3188
1692
6031
9732
12810
15333
17361
18889
19825
19992
19174
17181
13920
9452
4016
-1983
-8031
-13586
-18168
-21437
-23239
-23614
-22759
-20961
-18517
-15660
-12521
-9114
-5374
-1216
3394
8381
13521
18461
22755
25952
27680
27728
26088
22961
18716
13812
8707
3772
-764
-4831
-8490
-11867
-15078
-18157
-21005
-23396
-25007
-25498
-24600
-22191
-18354
-13373
-7699
-1865
3613
8328
12050
14744
16547
17693
18431
18934
19241
19243
18710
17367
14982
11457
6883
1553
-4073
-9452
-14062
-17506
-19582
-20313
-19919
-18745
-17163
-15467
-13805
-12147
-10313
-8037
-5073
-1287
3267
8328
13456
18116
21785
24065
24768
23951
21896
19028
15815
12647
9751
7146
4666
2023
-1077
-4831
-9250
-14115
-19011
-23395
-26721
-28561
-28704
-27204
-24367
-20675
-16664
-12802
-9378
-6445
-3833
-1216
1772
5409
9781
14721
19828
24540
28256
30482
30944
29657
26921
23245
19226
15398
12111
9452
7239
5094
2565
-728
-4965
-10045
-15584
-20986
-25578
-28767
-30179
-29755
-27760
-24720
-21282
-18059
-15470
-13644
-12393
-11282
-9753
-7294
-3603
1312
7104
13150
18690
23005
25590
26278
25276
23111
20490
18120
16519
15885
16045
16506
16589
15621
13129
8982
3453
-2828
-9013
-14239
-17836
-19489
-19316
-17833
-15814
-14091
-13329
-13846
-15527
-17844
-19995
-21112
-20496
-17815
-13207
-7266
-912
4831
9088
11343
11577
10263
8243
6510
5936
7044
9852
13860
18163
21681
23433
22803
19704
14624
8515
2563
-2101
-4690
-4961
-3277
-517
2150
3571
2915
-95
-5096
-11155
-16996
-21313
-23111
-21957
-18111
-12473
-6364
-1202
1858
2218
0
-3978
-8403
-11804
-12923
-11061
-6263
661
8328
15110
19547
20709
18446
13439
7038
933
-3268
-4451
-2288
2670
9109
15281
19436
20270
-17269
-10860
-2323
6503
13675
17624
17552
13646
7044
-438
-6748
-10116
-9502
-4874
2766
11612
19489
24393
24992
20975
13146
3247
-6453
-13713
-16874
-15271
-9419
-894
8039
14981
17991
16075
9452
-484
-11483
-20977
-26708
-27284
-22529
-13547
-2464
8071
15531
18124
15240
7608
-2863
-13539
-21694
-25174
-22923
-15258
-3804
8879
19903
26744
27847
23008
13430
1444
-10040
-18230
-21115
-17953
-9452
2389
14751
24660
29696
28562
21402
9768
-3740
-16081
-24488
-27110
-23450
-14470
-2370
9933
19489
23995
22337
14836
3174
-10002
-21698
-29260
-30980
-26482
-16796
-4110
8737
18907
24204
23562
17269
6882
-5141
-16010
-23227
-25144
-21317
-12579
-836
11371
21439
27272
27724
22829
13764
2566
-8328
-16611
-20598
-19566
-13876
-4870
5444
14830
21300
23513
21037
14409
4991
-5321
-14505
-20812
-23111
-21086
-15278
-6950
2178
10279
15767
17601
15467
9822
1797
-7032
-14943
-20394
-22308
-20275
-14624
-6366
2997
11743
18255
21326
20385
15618
7946
-1143
-9863
-16470
-19603
-18552
-13416
-5102
4831
14468
21899
25605
24765
19436
10561
-202
-10793
-19159
-23661
-23411
-18457
-9790
852
11321
19489
23676
22989
17506
8259
-2970
-14002
-22701
-27390
-27185
-22159
-13316
-2383
8538
17386
22537
23111
19117
11435
1619
-8414
-16757
-21866
-22839
-19557
-12675
-3479
6373
15156
21389
24077
22861
18059
10579
1745
-6935
-14023
-18380
-19340
-16806
-11247
-3621
4785
12557
18379
21238
20593
16466
9452
634
-8577
-16669
-22278
-24419
-22671
-17266
-9070
547
9934
17446
21735
21998
18136
10784
1216
-8878
-17691
-23626
-25585
-23172
-16768
-7458
3158
13264
21146
25502
25659
21680
14337
4956
-4831
-13373
-19282
-21658
-20214
-15302
-7819
962
9610
16770
21364
22742
20752
15744
8489
60
-8328
-15489
-20425
-22454
-21302
-17139
-10562
-2517
5819
13200
18490
20833
19793
15444
8376
-370
-9452
-17427
-22985
-25167
-23534
-18256
-10098
-306
9595
18051
23738
25781
23899
18445
10342
916
-8328
-15950
-20809
-22233
-20100
-14836
-7317
1280
9676
16676
21335
23071
21720
17531
11107
3316
-4831
-12303
-18167
-21692
-22436
-20294
-15522
-8715
-749
7315
14367
19391
21614
20635
16499
9718
1216
-7793
-15984
-22118
-25243
-24846
-20941
-14071
-5225
4317
13185
20136
24233
24981
22385
16923
9452
1064
-7079
-13917
-18615
-20664
-19908
-16541
-11055
-4160
3299
10441
16433
20571
22346
21500
18059
12350
4978
-3219
-11256
-18121
-22898
-24907
-23810
-19683
-13021
-4692
4186
12397
18810
22546
23111
20461
15010
7549
-873
-9116
-16108
-20992
-23227
-22631
-19380
-13947
-7025
575
8021
14540
19489
22393
22979
21192
17198
11380
4318
-3252
-10500
-16581
-20738
-22403
-21287
-17441
-11278
-3530
4831
12726
19119
23164
24330
22475
17858
11093
3053
-5263
-12871
-18928
-22826
-24245
-23158
-19803
-14624
-8203
-1193
5740
11965
16925
20162
21356
20348
17173
12078
5526
-1827
-9185
-15695
-20553
-23111
-22980
-20099
-14756
-7561
632
8844
16108
21593
24718
25209
23119
18786
12774
5772
-1491
-8328
-14156
-18525
-21131
-21815
-20554
-17456
-12759
-6829
-157
6661
12962
18074
21393
22467
21073
17269
11407
4108
-3815
-11459
-17953
-22575
-24845
-24580
-21894
-17166
-10967
-3970
3141
9741
15316
19489
22014
22770
21741
19008
14749
9242
2876
-3856
-10372
-16048
-20279
-22562
-22571
-20219
-15695
-9452
-2160
5382
12349
18005
21791
23390
22743
20034
15633
10027
3752
-2675
-8791
-14203
-18591
-21694
-23307
-23278
-21529
-18082
-13090
-6866
124
7279
13920
19371
23050
24552
23716
20646
15704
9452
2566
-4252
-10371
-15295
-18702
-20448
-20539
-19094
-16300
-12377
-7562
-2112
3683
9486
14901
19489
22805
24451
24142
21768
17438
11484
4439
-3027
-10196
-16398
-21097
-23949
-24833
-23833
-21195
-17269
-12441
-7082
-1521
3964
9127
13732
17535
20273
21685
21548
19726
16225
11226
5098
-1631
-8328
-14339
-19077
-22108
-23198
-22340
-19731
-15719
-10741
-5241
379
5798
10778
15145
18756
21466
23111
23512
22505
19986
15959
10586
4196
-2727
-9595
-15790
-20750
-24052
-25465
-24976
-22770
-19180
-14624
-9523
-4248
917
5776
10197
14077
17297
19700
21088
21249
20007
17276
13115
7755
1596
-4831
-10938
-16157
-20031
-22272
-22793
-21697
-19237
-15748
-11578
-7027
-2319
2403
7049
11537
15747
19489
22499
24467
25085
24121
21478
17245
11701
5294
-1425
-7882
-13568
-18106
-21295
-23105
-23647
-23111
-21701
-19579
-16838
-13498
-9548
-4992
89
5505
10937
15966
20131
23004
24269
23789
21632
18059
13479
8369
3188
-1692
-6031
-9732
-12810
-15333
-17361
-18889
-19825
-19992
-19174
-17181
-13920
-9452
-4016
1983
8031
13586
18168
21437
23239
23614
22759
20961
18517
15660
12521
9114
5374
1216
-3394
-8381
-13521
-18461
-22755
-25952
-27680
-27728
-26088
-22961
-18716
-13812
-8707
-3772
764
4831
8490
11867
15078
18157
21005
23396
25007
25498
24600
22191
18354
13373
7699
1865
-3613
-8328
-12050
-14744
-16547
-17693
-18431
-18934
-19241
-19243
-18710
-17367
-14982
-11457
-6883
-1553
4073
9452
14062
17506
19582
20313
19919
18745
17163
15467
13805
12147
10313
8037
5073
1287
-3267
-8328
-13456
-18116
-21785
-24065
-24768
-23951
-21896
-19028
-15815
-12647
-9751
-7146
-4666
-2023
1077
4831
9250
14115
19011
23395
26721
28561
28704
27204
24367
20675
16664
12802
9378
6445
3833
1216
-1772
-5409
-9781
-14721
-19828
-24540
-28256
-30482
-30944
-29657
-26921
-23245
-19226
-15398
-12111
-9452
-7239
-5094
-2565
728
4965
10045
15584
20986
25578
28767
30179
29755
27760
24720
21282
18059
15470
13644
12393
11282
9753
7294
3603
-1312
-7104
-13150
-18690
-23005
-25590
-26278
-25276
-23111
-20490
-18120
-16519
-15885
-16045
-16506
-16589
-15621
-13129
-8982
-3453
2828
9013
14239
17836
19489
19316
17833
15814
14091
13329
13846
15527
17844
19995
21112
20496
17815
13207
7266
912
-4831
-9088
-11343
-11577
-10263
-8243
-6510
-5936
-7044
-9852
-13860
-18163
-21681
-23433
-22803
-19704
-14624
-8515
-2563
2101
4690
4961
3277
517
-2150
-3571
-2915
95
5096
11155
16996
21313
23111
21957
18111
12473
6364
1202
-1858
-2218
0
3978
8403
11804
12923
11061
6263
-661
-8328
-15110
-19547
-20709
-18446
-13439
-7038
-933
3268
4451
2288
-2670
-9109
-15281
-19436
-20270
0
0
0
0
0
0
0
0
0
0
0
0
0
0
0
0
0
0
0
0
0
0
0
0
0
0
0
0
0
0
0
0
0
0
0
0
0
0
0
0
0
0
0
0
0
0
0
0
0
0
0
0
0
0
0
0
0
0
0
0
0
0
0
0
0
0
0
0
0
0
0
0
0
0
0
0
0
0
0
0
0
0
0
0
0
0
0
0
0
0
0
0
0
0
0
0
0
0
0
0
0
0
0
0
0
0
0
0
0
0
0
0
0
0
0
0
0
0
0
0
0
0
0
0
0
0
0
0
0
0
0
0
0
0
0
0
0
0
0
0
0
0
0
0
0
0
0
0
0
0
0
0
0
0
0
0
0
0
0
0
0
0
0
0
0
0
0
0
0
0
0
0
0
0
0
0
0
0
0
0
0
0
0
0
0
0
0
0
0
0
0
0
0
0
0
0
0
0
0
0
0
0
0
0
0
0
0
0
0
0
0
0
0
0
0
0
0
0
0
0
0
0
0
0
0
0
0
0
0
0
0
0
0
0
0
0
0
0
0
0
0
0
0
0
0
0
0
0
0
0
0
0
0
0
0
0
0
0
0
0
0
0
0
0
0
0
0
0
0
0
0
0
0
0
0
0
0
0
0
0
0
0
0
0
0
0
0
0
0
0
0
0
0
0
0
0
0
0
0
0
0
0
0
0
0
0
0
0
0
0
0
0
0
0
0
0
0
0
0
0
0
0
0
0
0
0
0
0
0
0
0
0
0
0
0
0
0
0
0
0
0
0
0
0
0
0
0
0
0
0
0
0
0
0
0
0
0
0
0
0
0
0
0
0
0
0
0
0
0
0
0
0
0
0
0
0
0
0
0
0
0
0
0
0
0
0
0
0
0
0
0
0
0
0
0
0
0
0
0
0
0
0
0
0
0
0
0
0
0
0
0
0
0
0
0
0
0
0
0
0
0
0
0
0
0
0
0
0
0
0
0
0
0
0
0
0
0
0
0
0
0
0
0
0
0
0
0
0
0
0
0
0
0
0
0
0
0
0
0
0
0
0
0
0
0
0
0
0
0
0
0
0
0
0
0
0
0
0
0
0
0
0
0
0
0
0
0
0
0
0
0
0
0
0
0
0
0
0
0
0
0
0
0
0
0
0
0
0
0
0
0
0
0
0
0
0
0
0
0
0
0
0
0
0
0
0
0
0
0
0
0
0
0
0
0
0
0
0
0
0
0
0
0
0
0
0
0
0
0
0
0
0
0
0
0
0
0
0
0
0
0
0
0
0
0
0
0
0
0
0
0
0
0
0
0
0
0
0
0
0
0
0
0
0
0
0
0
0
0
0
0
0
0
0
0
0
0
0
0
0
0
0
0
0
0
0
0
0
0
0
0
0
0
0
0
0
0
0
0
0
0
0
0
0
0
0
0
0
0
0
0
0
0
0
0
0
0
0
0
0
0
0
0
0
0
0
0
0
0
0
0
0
0
0
0
0
0
0
0
0
0
0
0
0
0
0
0
0
0
0
0
0
0
0
0
0
0
0
0
0
0
0
0
0
0
0
0
0
0
0
0
0
0
0
0
0
0
0
0
0
0
0
0
0
0
0
0
0
0
0
0
0
0
0
0
0
0
0
0
0
0
0
0
0
0
0
0
0
0
0
0
0
0
0
0
0
0
0
0
0
0
0
0
0
0
0
0
0
0
0
0
0
0
0
0
0
0
0
0
0
0
0
0
0
0
0
0
0
0
0
0
0
0
0
0
0
0
0
0
0
0
0
0
0
0
0
0
0
0
0
0
0
0
0
0
0
0
0
0
0
0
0
0
0
0
0
0
0
0
0
0
0
0
0
0
0
0
0
0
0
0
0
0
0
0
0
0
0
0
0
0
0
0
0
0
0
0
0
0
0
0
0
0
0
0
0
0
0
0
0
0
0
0
0
0
0
0
0
0
0
0
0
0
0
0
0
0
0
0
0
0
0
0
0
0
0
0
0
0
0
0
0
0
0
0
0
0
0
0
0
0
0
0
0
0
0
0
0
0
0
0
0
0
0
0
0
0
0
0
0
0
0
0
0
0
0
0
0
0
0
0
0
0
0
0
0
0
0
0
0
0
0
0
0
0
0
0
0
0
0
0
0
0
0
0
0
0
0
0
0
0
0
0
0
0
0
0
0
0
0
0
8950
16947
23162
26999
28177
26751
23106
17893
11931
6094
1176
-2213
-3733
-3359
-1379
1655
5018
7917
9615
9555
7437
3277
-2586
-9534
-16748
-23322
-28384
-31224
-31390
-28756
-23544
-16292
-7792
1021
9197
15882
20450
22566
22232
19775
15790
11053
6396
2592
235
-341
884
3624
7321
11239
14570
16555
16610
14407
9938
3525
-4217
-12458
-20265
-26719
-31054
-32747
-31598
-27755
-21694
-14150
-6023
1750
8323
13046
15557
15816
14109
10990
7196
3534
754
-560
-86
2194
5984
10716
15633
19894
22710
23448
21737
17528
11110
3073
-5756
-14431
-22002
-27652
-30795
-31162
-28823
-24187
-17927
-10894
-3995
1938
6258
8587
8866
7354
4579
1261
-1811
-3896
-4413
-3039
241
5127
11037
17189
22710
26761
28656
27967
24583
18741
10994
2142
-6871
-15086
-21647
-25922
-27576
-26618
-23385
-18492
-12738
-6989
-2055
1427
3084
2848
970
-2028
-5436
-8460
-10351
-10519
-8625
-4645
1125
8096
15470
22337
27810
31147
31848
29737
24981
18076
9783
1016
-7262
-14188
-19093
-21600
-21663
-19561
-15860
-11308
-6735
-2926
-500
174
-961
-3657
-7387
-11427
-14968
-17236
-17614
-15734
-11541
-5315
2364
10691
18732
25559
30370
32601
32000
28661
23014
15759
7776
0
-6706
-11661
-14463
-15024
-13591
-10682
-7016
-3392
-574
830
462
-1734
-5501
-10298
-15383
-19917
-23089
-24236
-22946
-19118
-12994
-5128
3683
12499
20363
26427
30067
30959
29128
24930
19002
12174
5346
-636
-5097
-7621
-8108
-6777
-4126
-849
2261
4452
5120
3903
744
-4092
-10056
-16382
-22197
-26647
-29012
-28817
-25906
-20462
-12995
-4274
4768
13169
20050
24741
26861
26366
23549
18987
13453
7809
2875
-689
-2471
-2367
-587
2374
5826
8978
11066
11470
9816
6034
381
-6590
-14096
-21235
-27106
-30929
-32166
-30586
-26305
-19775
-11717
-3033
5319
12454
17673
20555
21004
19258
15841
11482
7003
3198
707
-63
983
3634
7391
11548
15299
17853
18563
17020
13126
7112
-475
-8856
-17104
-24278
-29550
-32310
-32257
-29435
-24220
-17279
-9467
-1716
5095
10260
13333
14188
13022
10323
6784
3201
346
-1149
-892
1214
4947
9798
15041
19839
23366
24929
24069
20643
14839
7174
-1585
-10509
-18634
-25088
-29208
-30621
-29298
-25548
-19969
-13367
-6632
-623
3958
6664
7349
6192
3661
427
-2722
-5025
-5849
-4799
-1776
2994
8993
15474
21570
26406
29238
29547
27121
22098
14941
6386
-2651
-11204
-18376
-23461
-26034
-25998
-23600
-19375
-14076
-8552
-3632
0
1899
1922
238
-2688
-6185
-9465
-11752
-12404
-11003
-7438
-1924
5019
12634
20023
26269
30571
32340
31300
27513
21379
13589
5019
-3375
-10692
-16199
-19438
-20265
-18870
-15740
-11579
-7201
-3406
-857
7
-949
-3550
-7330
-11601
-15558
-18399
-19448
-18257
-14682
-8907
-1440
6962
15386
22883
28595
31875
32372
30071
25307
18702
11089
3392
-3498
-8850
-12178
-13312
-12407
-9915
-6505
-2965
-73
1514
1372
-635
-4323
-9215
-14605
-19659
-23537
-25517
-25101
-22093
-16637
-9203
-530
8468
16823
23643
28225
30149
29335
26041
20826
14468
7849
1836
-2849
-5721
-6594
-5607
-3190
0
3190
5607
6594
5721
2849
-1836
-7849
-14468
-20826
-26041
-29335
-30149
-28225
-23643
-16823
-8468
530
9203
16637
22093
25101
25517
23537
19659
14605
9215
4323
635
-1372
-1514
73
2965
6505
9915
12407
13312
12178
8850
3498
-3392
-11089
-18702
-25307
-30071
-32372
-31875
-28595
-22883
-15386
-6962
1440
8907
14682
18257
19448
18399
15558
11601
7330
3550
949
-7
857
3406
7201
11579
15740
18870
20265
19438
16199
10692
3375
-5019
-13589
-21379
-27513
-31300
-32340
-30571
-26269
-20023
-12634
-5019
1924
7438
11003
12404
11752
9465
6185
2688
-238
-1922
-1899
0
3632
8552
14076
19375
23600
25998
26034
23461
18376
11204
2651
-6386
-14941
-22098
-27121
-29547
-29238
-26406
-21570
-15474
-8993
-2994
1776
4799
5849
5025
2722
-427
-3661
-6192
-7349
-6664
-3958
623
6632
13367
19969
25548
29298
30621
29208
25088
18634
10509
1585
-7174
-14839
-20643
-24069
-24929
-23366
-19839
-15041
-9798
-4947
-1214
892
1149
-346
-3201
-6784
-10323
-13022
-14188
-13333
-10260
-5095
1716
9467
17279
24220
29435
32257
32310
29550
24278
17104
8856
475
-7112
-13126
-17020
-18563
-17853
-15299
-11548
-7391
-3634
-983
63
-707
-3198
-7003
-11482
-15841
-19258
-21004
-20555
-17673
-12454
-5319
3033
11717
19775
26305
30586
32166
30929
27106
21235
14096
6590
-381
-6034
-9816
-11470
-11066
-8978
-5826
-2374
587
2367
2471
689
-2875
-7809
-13453
-18987
-23549
-26366
-26861
-24741
-20050
-13169
-4768
4274
12995
20462
25906
28817
29012
26647
22197
16383
10056
4092
-744
-3903
-5120
-4452
-2261
849
4126
6777
8108
7621
5097
636
-5346
-12174
-19002
-24930
-29128
-30959
-30067
-26427
-20363
-12499
-3683
5128
12994
19118
22946
24236
23089
19917
15383
10298
5501
1734
-462
-830
574
3392
7016
10682
13591
15024
14463
11661
6706
0
-7776
-15759
-23014
-28661
-32000
-32601
-30370
-25559
-18732
-10691
-2364
5315
11541
15734
17614
17236
14968
11427
7387
3657
961
-174
500
2926
6735
11308
15860
19561
21663
21600
19093
14188
7262
-1016
-9783
-18076
-24981
-29737
-31848
-31147
-27810
-22337
-15470
-8096
-1125
4645
8625
10519
10351
8460
5436
2028
-970
-2848
-3084
-1427
2055
6989
12738
18492
23385
26618
27576
25922
21647
15086
6871
-2142
-10994
-18741
-24583
-27967
-28656
-26761
-22710
-17189
-11037
-5127
-241
3039
4413
3896
1811
-1261
-4579
-7354
-8866
-8587
-6258
-1938
3995
10894
17927
24187
28823
31162
30795
27652
22002
14431
5756
-3073
-11110
-17528
-21737
-23448
-22710
-19894
-15633
-10716
-5984
-2194
86
560
-754
-3534
-7196
-10990
-14109
-15816
-15557
-13046
-8323
-1750
6023
14150
21694
27755
31598
32747
31054
26719
20265
12458
4217
-3525
-9938
-14407
-16610
-16555
-14570
-11239
-7321
-3624
-884
341
-235
-2592
-6396
-11053
-15790
-19775
-22232
-22566
-20450
-15882
-9197
-1021
7792
16292
23544
28756
31390
31224
28384
23322
16748
9534
2586
-3277
-7437
-9555
-9615
-7917
-5018
-1655
1379
3359
3733
2213
-1176
-6094
-11931
-17893
-23106
-26751
-28177
-26999
-23162
-16947
-8950
0
8950
16947
23162
26999
28177
26751
23106
17893
11931
6094
1176
-2213
-3733
-3359
-1379
1655
5018
7917
9615
9555
7437
3277
-2586
-9534
-16748
-23322
-28384
-31224
-31390
-28756
-23544
-16292
-7792
1021
9197
15882
20450
22566
22232
19775
15790
11053
6396
2592
235
-341
884
3624
7321
11239
14570
16555
16610
14407
9938
3525
-4217
-12458
-20265
-26719
-31054
-32747
-31598
-27755
-21694
-14150
-6023
1750
8323
13046
15557
15816
14109
10990
7196
3534
754
-560
-86
2194
5984
10716
15633
19894
22710
23448
21737
17528
11110
3073
-5756
-14431
-22002
-27652
-30795
-31162
-28823
-24187
-17927
-10894
-3995
1938
6258
8587
8866
7354
4579
1261
-1811
-3896
-4413
-3039
241
5127
11037
17189
22710
26761
28656
27967
24583
18741
10994
2142
-6871
-15086
-21647
-25922
-27576
-26618
-23385
-18492
-12738
-6989
-2055
1427
3084
2848
970
-2028
-5436
-8460
-10351
-10519
-8625
-4645
1125
8096
15470
22337
27810
31147
31848
29737
24981
18076
9783
1016
-7262
-14188
-19093
-21600
-21663
-19561
-15860
-11308
-6735
-2926
-500
174
-961
-3657
-7387
-11427
-14968
-17236
-17614
-15734
-11541
-5315
2364
10691
18732
25559
30370
32601
32000
28661
23014
15759
7776
0
-6706
-11661
-14463
-15024
-13591
-10682
-7016
-3392
-574
830
462
-1734
-5501
-10298
-15383
-19917
-23089
-24236
-22946
-19118
-12994
-5128
3683
12499
20363
26427
30067
30959
29128
24930
19002
12174
5346
-636
-5097
-7621
-8108
-6777
-4126
-849
2261
4452
5120
3903
744
-4092
-10056
-16382
-22197
-26647
-29012
-28817
-25906
-20462
-12995
-4274
4768
13169
20050
24741
26861
26366
23549
18987
13453
7809
2875
-689
-2471
-2367
-587
2374
5826
8978
11066
11470
9816
6034
381
-6590
-14096
-21235
-27106
-30929
-32166
-30586
-26305
-19775
-11717
-3033
5319
12454
17673
20555
21004
19258
15841
11482
7003
3198
707
-63
983
3634
7391
11548
15299
17853
18563
17020
13126
7112
-475
-8856
-17104
-24278
-29550
-32310
-32257
-29435
-24220
-17279
-9467
-1716
5095
10260
13333
14188
13022
10323
6784
3201
346
-1149
-892
1214
4947
9798
15041
19839
23366
24929
24069
20643
14839
7174
-1585
-10509
-18634
-25088
-29208
-30621
-29298
-25548
-19969
-13367
-6632
-623
3958
6664
7349
6192
3661
427
-2722
-5025
-5849
-4799
-1776
2994
8993
15474
21570
26406
29238
29547
27121
22098
14941
6386
-2651
-11204
-18376
-23461
-26034
-25998
-23600
-19375
-14076
-8552
-3632
0
1899
1922
238
-2688
-6185
-9465
-11752
-12404
-11003
-7438
-1924
5019
12634
20023
26269
30571
32340
31300
27513
21379
13589
5019
-3375
-10692
-16199
-19438
-20265
-18870
-15740
-11579
-7201
-3406
-857
7
-949
-3550
-7330
-11601
-15558
-18399
-19448
-18257
-14682
-8907
-1440
6962
15386
22883
28595
31875
32372
30071
25307
18702
11089
3392
-3498
-8850
-12178
-13312
-12407
-9915
-6505
-2965
-73
1514
1372
-635
-4323
-9215
-14605
-19659
-23537
-25517
-25101
-22093
-16637
-9203
-530
8468
16823
23643
28225
30149
29335
26041
20826
14468
7849
1836
-2849
-5721
-6594
-5607
-3190
0
3190
5607
6594
5721
2849
-1836
-7849
-14468
-20826
-26041
-29335
-30149
-28225
-23643
-16823
-8468
530
9203
16637
22093
25101
25517
23537
19659
14605
9215
4323
635
-1372
-1514
73
2965
6505
9915
12407
13312
12178
8850
3498
-3392
-11089
-18702
-25307
-30071
-32372
-31875
-28595
-22883
-15386
-6962
1440
8907
14682
18257
19448
18399
15558
11601
7330
3550
949
-7
857
3406
7201
11579
15740
18870
20265
19438
16199
10692
3375
-5019
-13589
-21379
-27513
-31300
-32340
-30571
-26269
-20023
-12634
-5019
1924
7438
11003
12404
11752
9465
6185
2688
-238
-1922
-1899
0
3632
8552
14076
19375
23600
25998
26034
23461
18376
11204
2651
-6386
-14941
-22098
-27121
-29547
-29238
-26406
-21570
-15474
-8993
-2994
1776
4799
5849
5025
2722
-427
-3661
-6192
-7349
-6664
-3958
623
6632
13367
19969
25548
29298
30621
29208
25088
18634
10509
1585
-7174
-14839
-20643
-24069
-24929
-23366
-19839
-15041
-9798
-4947
-1214
892
1149
-346
-3201
-6784
-10323
-13022
-14188
-13333
-10260
-5095
1716
9467
17279
24220
29435
32257
32310
29550
24278
17104
8856
475
-7112
-13126
-17020
-18563
-17853
-15299
-11548
-7391
-3634
-983
63
-707
-3198
-7003
-11482
-15841
-19258
-21004
-20555
-17673
-12454
-5319
3033
11717
19775
26305
30586
32166
30929
27106
21235
14096
6590
-381
-6034
-9816
-11470
-11066
-8978
-5826
-2374
587
2367
2471
689
-2875
-7809
-13453
-18987
-23549
-26366
-26861
-24741
-20050
-13169
-4768
4274
12995
20462
25906
28817
29012
26647
22197
16383
10056
4092
-744
-3903
-5120
-4452
-2261
849
4126
6777
8108
7621
5097
636
-5346
-12174
-19002
-24930
-29128
-30959
-30067
-26427
-20363
-12499
-3683
5128
12994
19118
22946
24236
23089
19917
15383
10298
5501
1734
-462
-830
574
3392
7016
10682
13591
15024
14463
11661
6706
0
-7776
-15759
-23014
-28661
-32000
-32601
-30370
-25559
-18732
-10691
-2364
5315
11541
15734
17614
17236
14968
11427
7387
3657
961
-174
500
2926
6735
11308
15860
19561
21663
21600
19093
14188
7262
-1016
-9783
-18076
-24981
-29737
-31848
-31147
-27810
-22337
-15470
-8096
-1125
4645
8625
10519
10351
8460
5436
2028
-970
-2848
-3084
-1427
2055
6989
12738
18492
23385
26618
27576
25922
21647
15086
6871
-2142
-10994
-18741
-24583
-27967
-28656
-26761
-22710
-17189
-11037
-5127
-241
3039
4413
3896
1811
-1261
-4579
-7354
-8866
-8587
-6258
-1938
3995
10894
17927
24187
28823
31162
30795
27652
22002
14431
5756
-3073
-11110
-17528
-21737
-23448
-22710
-19894
-15633
-10716
-5984
-2194
86
560
-754
-3534
-7196
-10990
-14109
-15816
-15557
-13046
-8323
-1750
6023
14150
21694
27755
31598
32747
31054
26719
20265
12458
4217
-3525
-9938
-14407
-16610
-16555
-14570
-11239
-7321
-3624
-884
341
-235
-2592
-6396
-11053
-15790
-19775
-22232
-22566
-20450
-15882
-9197
-1021
7792
16292
23544
28756
31390
31224
28384
23322
16748
9534
2586
-3277
-7437
-9555
-9615
-7917
-5018
-1655
1379
3359
3733
2213
-1176
-6094
-11931
-17893
-23106
-26751
-28177
-26999
-23162
-16947
-8950
0
8950
16947
23162
26999
28177
26751
23106
17893
11931
6094
1176
-2213
-3733
-3359
-1379
1655
5018
7917
9615
9555
7437
3277
-2586
-9534
-16748
-23322
-28384
-31224
-31390
-28756
-23544
-16292
-7792
1021
9197
15882
20450
22566
22232
19775
15790
11053
6396
2592
235
-341
884
3624
7321
11239
14570
16555
16610
14407
9938
3525
-4217
-12458
-20265
-26719
-31054
-32747
-31598
-27755
-21694
-14150
-6023
1750
8323
13046
15557
15816
14109
10990
7196
3534
754
-560
-86
2194
5984
10716
15633
19894
22710
23448
21737
17528
11110
3073
-5756
-14431
-22002
-27652
-30795
-31162
-28823
-24187
-17927
-10894
-3995
1938
6258
8587
8866
7354
4579
1261
-1811
-3896
-4413
-3039
241
5127
11037
17189
22710
26761
28656
27967
24583
18741
10994
2142
-6871
-15086
-21647
-25922
-27576
-26618
-23385
-18492
-12738
-6989
-2055
1427
3084
2848
970
-2028
-5436
-8460
-10351
-10519
-8625
-4645
1125
8096
15470
22337
27810
31147
31848
29737
24981
18076
9783
1016
-7262
-14188
-19093
-21600
-21663
-19561
-15860
-11308
-6735
-2926
-500
174
-961
-3657
-7387
-11427
-14968
-17236
-17614
-15734
-11541
-5315
2364
10691
18732
25559
30370
32601
32000
28661
23014
15759
7776
0
-6706
-11661
-14463
-15024
-13591
-10682
-7016
-3392
-574
830
462
-1734
-5501
-10298
-15383
-19917
-23089
-24236
-22946
-19118
-12994
-5128
3683
12499
20363
26427
30067
30959
29128
24930
19002
12174
5346
-636
-5097
-7621
-8108
-6777
-4126
-849
2261
4452
5120
3903
744
-4092
-10056
-16382
-22197
-26647
-29012
-28817
-25906
-20462
-12995
-4274
4768
13169
20050
24741
26861
26366
23549
18987
13453
7809
2875
-689
-2471
-2367
-587
2374
5826
8978
11066
11470
9816
6034
381
-6590
-14096
-21235
-27106
-30929
-32166
-30586
-26305
-19775
-11717
-3033
5319
12454
17673
20555
21004
19258
15841
11482
7003
3198
707
-63
983
3634
7391
11548
15299
17853
18563
17020
13126
7112
-475
-8856
-17104
-24278
-29550
-32310
-32257
-29435
-24220
-17279
-9467
-1716
5095
10260
13333
14188
13022
10323
6784
3201
346
-1149
-892
1214
4947
9798
15041
19839
23366
24929
24069
20643
14839
7174
-1585
-10509
-18634
-25088
-29208
-30621
-29298
-25548
-19969
-13367
-6632
-623
3958
6664
7349
6192
3661
427
-2722
-5025
-5849
-4799
-1776
2994
8993
15474
21570
26406
29238
29547
27121
22098
14941
6386
-2651
-11204
-18376
-23461
-26034
-25998
-23600
-19375
-14076
-8552
-3632
0
1899
1922
238
-2688
-6185
-9465
-11752
-12404
-11003
-7438
-1924
5019
12634
20023
26269
30571
32340
31300
27513
21379
13589
5019
-3375
-10692
-16199
-19438
-20265
-18870
-15740
-11579
-7201
-3406
-857
7
-949
-3550
-7330
-11601
-15558
-18399
-19448
-18257
-14682
-8907
-1440
6962
15386
22883
28595
31875
32372
30071
25307
18702
11089
3392
-3498
-8850
-12178
-13312
-12407
-9915
-6505
-2965
-73
1514
1372
-635
-4323
-9215
-14605
-19659
-23537
-25517
-25101
-22093
-16637
-9203
-530
8468
16823
23643
28225
30149
29335
26041
20826
14468
7849
1836
-2849
-5721
-6594
-5607
-3190
0
3190
5607
6594
5721
2849
-1836
-7849
-14468
-20826
-26041
-29335
-30149
-28225
-23643
-16823
-8468
530
9203
16637
22093
25101
25517
23537
19659
14605
9215
4323
635
-1372
-1514
73
2965
6505
9915
12407
13312
12178
8850
3498
-3392
-11089
-18702
-25307
-30071
-32372
-31875
-28595
-22883
-15386
-6962
1440
8907
14682
18257
19448
18399
15558
11601
7330
3550
949
-7
857
3406
7201
11579
15740
18870
20265
19438
16199
10692
3375
-5019
-13589
-21379
-27513
-31300
-32340
-30571
-26269
-20023
-12634
-5019
1924
7438
11003
12404
11752
9465
6185
2688
-238
-1922
-1899
0
3632
8552
14076
19375
23600
25998
26034
23461
18376
11204
2651
-6386
-14941
-22098
-27121
-29547
-29238
-26406
-21570
-15474
-8993
-2994
1776
4799
5849
5025
2722
-427
-3661
-6192
-7349
-6664
-3958
623
6632
13367
19969
25548
29298
30621
29208
25088
18634
10509
1585
-7174
-14839
-20643
-24069
-24929
-23366
-19839
-15041
-9798
-4947
-1214
892
1149
-346
-3201
-6784
-10323
-13022
-14188
-13333
-10260
-5095
1716
9467
17279
24220
29435
32257
32310
29550
24278
17104
8856
475
-7112
-13126
-17020
-18563
-17853
-15299
-11548
-7391
-3634
-983
63
-707
-3198
-7003
-11482
-15841
-19258
-21004
-20555
-17673
-12454
-5319
3033
11717
19775
26305
30586
32166
30929
27106
21235
14096
6590
-381
-6034
-9816
-11470
-11066
-8978
-5826
-2374
587
2367
2471
689
-2875
-7809
-13453
-18987
-23549
-26366
-26861
-24741
-20050
-13169
-4768
4274
12995
20462
25906
28817
29012
26647
22197
16383
10056
4092
-744
-3903
-5120
-4452
-2261
849
4126
6777
8108
7621
5097
636
-5346
-12174
-19002
-24930
-29128
-30959
-30067
-26427
-20363
-12499
-3683
5128
12994
19118
22946
24236
23089
19917
15383
10298
5501
1734
-462
-830
574
3392
7016
10682
13591
15024
14463
11661
6706
0
-7776
-15759
-23014
-28661
-32000
-32601
-30370
-25559
-18732
-10691
-2364
5315
11541
15734
17614
17236
14968
11427
7387
3657
961
-174
500
2926
6735
11308
15860
19561
21663
21600
19093
14188
7262
-1016
-9783
-18076
-24981
-29737
-31848
-31147
-27810
-22337
-15470
-8096
-1125
4645
8625
10519
10351
8460
5436
2028
-970
-2848
-3084
-1427
2055
6989
12738
18492
23385
26618
27576
25922
21647
15086
6871
-2142
-10994
-18741
-24583
-27967
-28656
-26761
-22710
-17189
-11037
-5127
-241
3039
4413
3896
1811
-1261
-4579
-7354
-8866
-8587
-6258
-1938
3995
10894
17927
24187
28823
31162
30795
27652
22002
14431
5756
-3073
-11110
-17528
-21737
-23448
-22710
-19894
-15633
-10716
-5984
-2194
86
560
-754
-3534
-7196
-10990
-14109
-15816
-15557
-13046
-8323
-1750
6023
14150
21694
27755
31598
32747
31054
26719
20265
12458
4217
-3525
-9938
-14407
-16610
-16555
-14570
-11239
-7321
-3624
-884
341
-235
-2592
-6396
-11053
-15790
-19775
-22232
-22566
-20450
-15882
-9197
-1021
7792
16292
23544
28756
31390
31224
28384
23322
16748
9534
2586
-3277
-7437
-9555
-9615
-7917
-5018
-1655
1379
3359
3733
2213
-1176
-6094
-11931
-17893
-23106
-26751
-28177
-26999
-23162
-16947
-8950
0
8950
16947
23162
26999
28177
26751
23106
17893
11931
6094
1176
-2213
-3733
-3359
-1379
1655
5018
7917
9615
9555
7437
3277
-2586
-9534
-16748
-23322
-28384
-31224
-31390
-28756
-23544
-16292
-7792
1021
9197
15882
20450
22566
22232
19775
15790
11053
6396
2592
235
-341
884
3624
7321
11239
14570
16555
16610
14407
9938
3525
-4217
-12458
-20265
-26719
-31054
-32747
-31598
-27755
-21694
-14150
-6023
1750
8323
13046
15557
15816
14109
10990
7196
3534
754
-560
-86
2194
5984
10716
15633
19894
22710
23448
21737
17528
11110
3073
-5756
-14431
-22002
-27652
-30795
-31162
-28823
-24187
-17927
-10894
-3995
1938
6258
8587
8866
7354
4579
1261
-1811
-3896
-4413
-3039
241
5127
11037
17189
22710
26761
28656
27967
24583
18741
10994
2142
-6871
-15086
-21647
-25922
-27576
-26618
-23385
-18492
-12738
-6989
-2055
1427
3084
2848
970
-2028
-5436
-8460
-10351
-10519
-8625
-4645
1125
8096
15470
22337
27810
31147
31848
29737
24981
18076
9783
1016
-7262
-14188
-19093
-21600
-21663
-19561
-15860
-11308
-6735
-2926
-500
174
-961
-3657
-7387
-11427
-14968
-17236
-17614
-15734
-11541
-5315
2364
10691
18732
25559
30370
32601
32000
28661
23014
15759
7776
0
-6706
-11661
-14463
-15024
-13591
-10682
-7016
-3392
-574
830
462
-1734
-5501
-10298
-15383
-19917
-23089
-24236
-22946
-19118
-12994
-5128
3683
12499
20363
26427
30067
30959
29128
24930
19002
12174
5346
-636
-5097
-7621
-8108
-6777
-4126
-849
2261
4452
5120
3903
744
-4092
-10056
-16382
-22197
-26647
-29012
-28817
-25906
-20462
-12995
-4274
4768
13169
20050
24741
26861
26366
23549
18987
13453
7809
2875
-689
-2471
-2367
-587
2374
5826
8978
11066
11470
9816
6034
381
-6590
-14096
-21235
-27106
-30929
-32166
-30586
-26305
-19775
-11717
-3033
5319
12454
17673
20555
21004
19258
15841
11482
7003
3198
707
-63
983
3634
7391
11548
15299
17853
18563
17020
13126
7112
-475
-8856
-17104
-24278
-29550
-32310
-32257
-29435
-24220
-17279
-9467
-1716
5095
10260
13333
14188
13022
10323
6784
3201
346
-1149
-892
1214
4947
9798
15041
19839
23366
24929
24069
20643
14839
7174
-1585
-10509
-18634
-25088
-29208
-30621
-29298
-25548
-19969
-13367
-6632
-623
3958
6664
7349
6192
3661
427
-2722
-5025
-5849
-4799
-1776
2994
8993
15474
21570
26406
29238
29547
27121
22098
14941
6386
-2651
-11204
-18376
-23461
-26034
-25998
-23600
-19375
-14076
-8552
-3632
0
1899
1922
238
-2688
-6185
-9465
-11752
-12404
-11003
-7438
-1924
5019
12634
20023
26269
30571
32340
31300
27513
21379
13589
5019
-3375
-10692
-16199
-19438
-20265
-18870
-15740
-11579
-7201
-3406
-857
7
-949
-3550
-7330
-11601
-15558
-18399
-19448
-18257
-14682
-8907
-1440
6962
15386
22883
28595
31875
32372
30071
25307
18702
11089
3392
-3498
-8850
-12178
-13312
-12407
-9915
-6505
-2965
-73
1514
1372
-635
-4323
-9215
-14605
-19659
-23537
-25517
-25101
-22093
-16637
-9203
-530
8468
16823
23643
28225
30149
29335
26041
20826
14468
7849
1836
-2849
-5721
-6594
-5607
-3190
0
3190
5607
6594
5721
2849
-1836
-7849
-14468
-20826
-26041
-29335
-30149
-28225
-23643
-16823
-8468
530
9203
16637
22093
25101
25517
23537
19659
14605
9215
4323
635
-1372
-1514
73
2965
6505
9915
12407
13312
12178
8850
3498
-3392
-11089
-18702
-25307
-30071
-32372
-31875
-28595
-22883
-15386
-6962
1440
8907
14682
18257
19448
18399
15558
11601
7330
3550
949
-7
857
3406
7201
11579
15740
18870
20265
19438
16199
10692
3375
-5019
-13589
-21379
-27513
-31300
-32340
-30571
-26269
-20023
-12634
-5019
1924
7438
11003
12404
11752
9465
6185
2688
-238
-1922
-1899
0
3632
8552
14076
19375
23600
25998
26034
23461
18376
11204
2651
-6386
-14941
-22098
-27121
-29547
-29238
-26406
-21570
-15474
-8993
-2994
1776
4799
5849
5025
2722
-427
-3661
-6192
-7349
-6664
-3958
623
6632
13367
19969
25548
29298
30621
29208
25088
18634
10509
1585
-7174
-14839
-20643
-24069
-24929
-23366
-19839
-15041
-9798
-4947
-1214
892
1149
-346
-3201
-6784
-10323
-13022
-14188
-13333
-10260
-5095
1716
9467
17279
24220
29435
32257
32310
29550
24278
17104
8856
475
-7112
-13126
-17020
-18563
-17853
-15299
-11548
-7391
-3634
-983
63
-707
-3198
-7003
-11482
-15841
-19258
-21004
-20555
-17673
-12454
-5319
3033
11717
19775
26305
30586
32166
30929
27106
21235
14096
6590
-381
-6034
-9816
-11470
-11066
-8978
-5826
-2374
587
2367
2471
689
-2875
-7809
-13453
-18987
-23549
-26366
-26861
-24741
-20050
-13169
-4768
4274
12995
20462
25906
28817
29012
26647
22197
16382
10056
4092
-744
-3903
-5120
-4452
-2261
849
4126
6777
8108
7621
5097
636
-5346
-12174
-19002
-24930
-29128
-30959
-30067
-26427
-20363
-12499
-3683
5128
12994
19118
22946
24236
23089
19917
15383
10298
5501
1734
-462
-830
574
3392
7016
10682
13591
15024
14463
11661
6706
0
-7776
-15759
-23014
-28661
-32000
-32601
-30370
-25559
-18732
-10691
-2364
5315
11541
15734
17614
17236
14968
11427
7387
3657
961
-174
500
2926
6735
11308
15860
19561
21663
21600
19093
14188
7262
-1016
-9783
-18076
-24981
-29737
-31848
-31147
-27810
-22337
-15470
-8096
-1125
4645
8625
10519
10351
8460
5436
2028
-970
-2848
-3084
-1427
2055
6989
12738
18492
23385
26618
27576
25922
21647
15086
6871
-2142
-10994
-18741
-24583
-27967
-28656
-26761
-22710
-17189
-11037
-5127
-241
3039
4413
3896
1811
-1261
-4579
-7354
-8866
-8587
-6258
-1938
3995
10894
17927
24187
28823
31162
30795
27652
22002
14431
5756
-3073
-11110
-17528
-21737
-23448
-22710
-19894
-15633
-10716
-5984
-2194
86
560
-754
-3534
-7196
-10990
-14109
-15816
-15557
-13046
-8323
-1750
6023
14150
21694
27755
31598
32747
31054
26719
20265
12458
4217
-3525
-9938
-14407
-16610
-16555
-14570
-11239
-7321
-3624
-884
341
-235
-2592
-6396
-11053
-15790
-19775
-22232
-22566
-20450
-15882
-9197
-1021
7792
16292
23544
28756
31390
31224
28384
23322
16748
9534
2586
-3277
-7437
-9555
-9615
-7917
-5018
-1655
1379
3359
3733
2213
-1176
-6094
-11931
-17893
-23106
-26751
-28177
-26999
-23162
-16947
-8950
0
8950
16947
23162
26999
28177
26751
23106
17893
11931
6094
1176
-2213
-3733
-3359
-1379
1655
5018
7917
9615
9555
7437
3277
-2586
-9534
-16748
-23322
-28384
-31224
-31390
-28756
-23544
-16292
-7792
1021
9197
15882
20450
22566
22232
19775
15790
11053
6396
2592
235
-341
884
3624
7321
11239
14570
16555
16610
14407
9938
3525
-4217
-12458
-20265
-26719
-31054
-32747
-31598
-27755
-21694
-14150
-6023
1750
8323
13046
15557
15816
14109
10990
7196
3534
754
-560
-86
2194
5984
10716
15633
19894
22710
23448
21737
17528
11110
3073
-5756
-14431
-22002
-27652
-30795
-31162
-28823
-24187
-17927
-10894
-3995
1938
6258
8587
8866
7354
4579
1261
-1811
-3896
-4413
-3039
241
5127
11037
17189
22710
26761
28656
27967
24583
18741
10994
2142
-6871
-15086
-21647
-25922
-27576
-26618
-23385
-18492
-12738
-6989
-2055
1427
3084
2848
970
-2028
-5436
-8460
-10351
-10519
-8625
-4645
1125
8096
15470
22337
27810
31147
31848
29737
24981
18076
9783
1016
-7262
-14188
-19093
-21600
-21663
-19561
-15860
-11308
-6735
-2926
-500
174
-961
-3657
-7387
-11427
-14968
-17236
-17614
-15734
-11541
-5315
2364
10691
18732
25559
30370
32601
32000
28661
23014
15759
7776
0
-6706
-11661
-14463
-15024
-13591
-10682
-7016
-3392
-574
830
462
-1734
-5501
-10298
-15383
-19917
-23089
-24236
-22946
-19118
-12994
-5128
3683
12499
20363
26427
30067
30959
29128
24930
19002
12174
5346
-636
-5097
-7621
-8108
-6777
-4126
-849
2261
4452
5120
3903
744
-4092
-10056
-16383
-22197
-26647
-29012
-28817
-25906
-20462
-12995
-4274
4768
13169
20050
24741
26861
26366
23549
18987
13453
7809
2875
-689
-2471
-2367
-587
2374
5826
8978
11066
11470
9816
6034
381
-6590
-14096
-21235
-27106
-30929
-32166
-30586
-26305
-19775
-11717
-3033
5319
12454
17673
20555
21004
19258
15841
11482
7003
3198
707
-63
983
3634
7391
11548
15299
17853
18563
17020
13126
7112
-475
-8856
-17104
-24278
-29550
-32310
-32257
-29435
-24220
-17279
-9467
-1716
5095
10260
13333
14188
13022
10323
6784
3201
346
-1149
-892
1214
4947
9798
15041
19839
23366
24929
24069
20643
14839
7174
-1585
-10509
-18634
-25088
-29208
-30621
-29298
-25548
-19969
-13367
-6632
-623
3958
6664
7349
6192
3661
427
-2722
-5025
-5849
-4799
-1776
2994
8993
15474
21570
26406
29238
29547
27121
22098
14941
6386
-2651
-11204
-18376
-23461
-26034
-25998
-23600
-19375
-14076
-8552
-3632
0
1899
1922
238
-2688
-6185
-9465
-11752
-12404
-11003
-7438
-1924
5019
12634
20023
26269
30571
32340
31300
27513
21379
13589
5019
-3375
-10692
-16199
-19438
-20265
-18870
-15740
-11579
-7201
-3406
-857
7
-949
-3550
-7330
-11601
-15558
-18399
-19448
-18257
-14682
-8907
-1440
6962
15386
22883
28595
31875
32372
30071
25307
18702
11089
3392
-3498
-8850
-12178
-13312
-12407
-9915
-6505
-2965
-73
1514
1372
-635
-4323
-9215
-14605
-19659
-23537
-25517
-25101
-22093
-16637
-9203
-530
8468
16823
23643
28225
30149
29335
26041
20826
14468
7849
1836
-2849
-5721
-6594
-5607
-3190
0
3190
5607
6594
5721
2849
-1836
-7849
-14468
-20826
-26041
-29335
-30149
-28225
-23643
-16823
-8468
530
9203
16637
22093
25101
25517
23537
19659
14605
9215
4323
635
-1372
-1514
73
2965
6505
9915
12407
13312
12178
8850
3498
-3392
-11089
-18702
-25307
-30071
-32372
-31875
-28595
-22883
-15386
-6962
1440
8907
14682
18257
19448
18399
15558
11601
7330
3550
949
-7
857
3406
7201
11579
15740
18870
20265
19438
16199
10692
3375
-5019
-13589
-21379
-27513
-31300
-32340
-30571
-26269
-20023
-12634
-5019
1924
7438
11003
12404
11752
9465
6185
2688
-238
-1922
-1899
0
3632
8552
14076
19375
23600
25998
26034
23461
18376
11204
2651
-6386
-14941
-22098
-27121
-29547
-29238
-26406
-21570
-15474
-8993
-2994
1776
4799
5849
5025
2722
-427
-3661
-6192
-7349
-6664
-3958
623
6632
13367
19969
25548
29298
30621
29208
25088
18634
10509
1585
-7174
-14839
-20643
-24069
-24929
-23366
-19839
-15041
-9798
-4947
-1214
892
1149
-346
-3201
-6784
-10323
-13022
-14188
-13333
-10260
-5095
1716
9467
17279
24220
29435
32257
32310
29550
24278
17104
8856
475
-7112
-13126
-17020
-18563
-17853
-15299
-11548
-7391
-3634
-983
63
-707
-3198
-7003
-11482
-15841
-19258
-21004
-20555
-17673
-12454
-5319
3033
11717
19775
26305
30586
32166
30929
27106
21235
14096
6590
-381
-6034
-9816
-11470
-11066
-8978
-5826
-2374
587
2367
2471
689
-2875
-7809
-13453
-18987
-23549
-26366
-26861
-24741
-20050
-13169
-4768
4274
12995
20462
25906
28817
29012
26647
22197
16382
10056
4092
-744
-3903
-5120
-4452
-2261
849
4126
6777
8108
7621
5097
636
-5346
-12174
-19002
-24930
-29128
-30959
-30067
-26427
-20363
-12499
-3683
5128
12994
19118
22946
24236
23089
19917
15383
10298
5501
1734
-462
-830
574
3392
7016
10682
13591
15024
14463
11661
6706
0
-7776
-15759
-23014
-28661
-32000
-32601
-30370
-25559
-18732
-10691
-2364
5315
11541
15734
17614
17236
14968
11427
7387
3657
961
-174
500
2926
6735
11308
15860
19561
21663
21600
19093
14188
7262
-1016
-9783
-18076
-24981
-29737
-31848
-31147
-27810
-22337
-15470
-8096
-1125
4645
8625
10519
10351
8460
5436
2028
-970
-2848
-3084
-1427
2055
6989
12738
18492
23385
26618
27576
25922
21647
15086
6871
-2142
-10994
-18741
-24583
-27967
-28656
-26761
-22710
-17189
-11037
-5127
-241
3039
4413
3896
1811
-1261
-4579
-7354
-8866
-8587
-6258
-1938
3995
10894
17927
24187
28823
31162
30795
27652
22002
14431
5756
-3073
-11110
-17528
-21737
-23448
-22710
-19894
-15633
-10716
-5984
-2194
86
560
-754
-3534
-7196
-10990
-14109
-15816
-15557
-13046
-8323
-1750
6023
14150
21694
27755
31598
32747
31054
26719
20265
12458
4217
-3525
-9938
-14407
-16610
-16555
-14570
-11239
-7321
-3624
-884
341
-235
-2592
-6396
-11053
-15790
-19775
-22232
-22566
-20450
-15882
-9197
-1021
7792
16292
23544
28756
31390
31224
28384
23322
16748
9534
2586
-3277
-7437
-9555
-9615
-7917
-5018
-1655
1379
3359
3733
2213
-1176
-6094
-11931
-17893
-23106
-26751
-28177
-26999
-23162
-16947
-8950
