17269
10860
2323
-6503
-13675
-17624
-17552
-13646
-7044
438
6748
10116
9502
4874
-2766
-11612
-19489
-24393
-24992
-20975
-13146
-3247
6453
13713
16874
15271
9419
894
-8039
-14981
-17991
-16075
-9452
484
11483
20977
26708
27284
22529
13547
2464
-8071
-15531
-18124
-15240
-7608
2863
13539
21694
25174
22923
15258
3804
-8879
-19903
-26744
-27847
-23008
-13430
-1444
10040
18230
21115
17953
9452
-2389
-14751
-24660
-29696
-28562
-21402
-9768
3740
16081
24488
27110
23450
14470
2370
-9933
-19489
-23995
-22337
-14836
-3174
10002
21698
29260
30980
26482
16796
4110
-8737
-18907
-24204
-23562
-17269
-6882
5141
16010
23227
25144
21317
12579
836
-11371
-21439
-27272
-27724
-22829
-13764
-2566
8328
16611
20598
19566
13876
4870
-5444
-14830
-21300
-23513
-21037
-14409
-4991
5321
14505
20812
23111
21086
15278
6950
-2178
-10279
-15767
-17601
-15467
-9822
-1797
7032
14943
20394
22308
20275
14624
6366
-2997
-11743
-18255
-21326
-20385
-15618
-7946
1143
9863
16470
19603
18552
13416
5102
-4831
-14468
-21899
-25605
-24765
-19436
-10561
202
10793
19159
23661
23411
18457
9790
-852
-11321
-19489
-23676
-22989
-17506
-8259
2970
14002
22701
27390
27185
22159
13316
2383
-8538
-17386
-22537
-23111
-19117
-11435
-1619
8414
16757
21866
22839
19557
12675
3479
-6373
-15156
-21389
-24077
-22861
-18059
-10579
-1745
6935
14023
18380
19340
16806
11247
3621
-4785
-12557
-18379
-21238
-20593
-16466
-9452
-634
8577
16669
22278
24419
22671
17266
9070
-547
-9934
-17446
-21735
-21998
-18136
-10784
-1216
8878
17691
23626
25585
23172
16768
7458
-3158
-13264
-21146
-25502
-25659
-21680
-14337
-4956
4831
13373
19282
21658
20214
15302
7819
-962
-9610
-16770
-21364
-22742
-20752
-15744
-8489
-60
8328
15489
20425
22454
21302
17139
10562
2517
-5819
-13200
-18490
-20833
-19793
-15444
-8376
370
9452
17427
22985
25167
23534
18256
10098
306
-9595
-18051
-23738
-25781
-23899
-18445
-10342
-916
8328
15950
20809
22233
20100
14836
7317
-1280
-9676
-16676
-21335
-23071
-21720
-17531
-11107
-3316
4831
12303
18167
21692
22436
20294
15522
8715
749
-7315
-14367
-19391
-21614
-20635
-16499
-9718
-1216
7793
15984
22118
25243
24846
20941
14071
5225
-4317
-13185
-20136
-24233
-24981
-22385
-16923
-9452
-1064
7079
13917
18615
20664
19908
16541
11055
4160
-3299
-10441
-16433
-20571
-22346
-21500
-18059
-12350
-4978
3219
11256
18121
22898
24907
23810
19683
13021
4692
-4186
-12397
-18810
-22546
-23111
-20461
-15010
-7549
873
9116
16108
20992
23227
22631
19380
13947
7025
-575
-8021
-14540
-19489
-22393
-22979
-21192
-17198
-11380
-4318
3252
10500
16581
20738
22403
21287
17441
11278
3530
-4831
-12726
-19119
-23164
-24330
-22475
-17858
-11093
-3053
5263
12871
18928
22826
24245
23158
19803
14624
8203
1193
-5740
-11965
-16925
-20162
-21356
-20348
-17173
-12078
-5526
1827
9185
15695
20553
23111
22980
20099
14756
7561
-632
-8844
-16108
-21593
-24718
-25209
-23119
-18786
-12774
-5772
1491
8328
14156
18525
21131
21815
20554
17456
12759
6829
157
-6661
-12962
-18074
-21393
-22467
-21073
-17269
-11407
-4108
3815
11459
17953
22575
24845
24580
21894
17166
10967
3970
-3141
-9741
-15316
-19489
-22014
-22770
-21741
-19008
-14749
-9242
-2876
3856
10372
16048
20279
22562
22571
20219
15695
9452
2160
-5382
-12349
-18005
-21791
-23390
-22743
-20034
-15633
-10027
-3752
2675
8791
14203
18591
21694
23307
23278
21529
18082
13090
6866
-124
-7279
-13920
-19371
-23050
-24552
-23716
-20646
-15704
-9452
-2566
4252
10371
15295
18702
20448
20539
19094
16300
12377
7562
2112
-3683
-9486
-14901
-19489
-22805
-24451
-24142
-21768
-17438
-11484
-4439
3027
10196
16398
21097
23949
24833
23833
21195
17269
12441
7082
1521
-3964
-9127
-13732
-17535
-20273
-21685
-21548
-19726
-16225
-11226
-5098
1631
8328
14339
19077
22108
23198
22340
19731
15719
10741
5241
-379
-5798
-10778
-15145
-18756
-21466
-23111
-23512
-22505
-19986
-15959
-10586
-4196
2727
9595
15790
20750
24052
25465
24976
22770
19180
14624
9523
4248
-917
-5776
-10197
-14077
-17297
-19700
-21088
-21249
-20007
-17276
-13115
-7755
-1596
4831
10938
16157
20031
22272
22793
21697
19237
15748
11578
7027
2319
-2403
-7049
-11537
-15747
-19489
-22499
-24467
-25085
-24121
-21478
-17245
-11701
-5294
1425
7882
13568
18106
21295
23105
23647
23111
21701
19579
16838
13498
9548
4992
-89
-5505
-10937
-15966
-20131
-23004
-24269
-23789
-21632
-18059
-13479
-8369
-3188
1692
6031
9732
12810
15333
17361
18889
19825
19992
19174
17181
13920
9452
4016
-1983
-8031
-13586
-18168
-21437
-23239
-23614
-22759
-20961
-18517
-15660
-12521
-9114
-5374
-1216
3394
8381
13521
18461
22755
25952
27680
27728
26088
22961
18716
13812
8707
3772
-764
-4831
-8490
-11867
-15078
-18157
-21005
-23396
-25007
-25498
-24600
-22191
-18354
-13373
-7699
-1865
3613
8328
12050
14744
16547
17693
18431
18934
19241
19243
18710
17367
14982
11457
6883
1553
-4073
-9452
-14062
-17506
-19582
-20313
-19919
-18745
-17163
-15467
-13805
-12147
-10313
-8037
-5073
-1287
3267
8328
13456
18116
21785
24065
24768
23951
21896
19028
15815
12647
9751
7146
4666
2023
-1077
-4831
-9250
-14115
-19011
-23395
-26721
-28561
-28704
-27204
-24367
-20675
-16664
-12802
-9378
-6445
-3833
-1216
1772
5409
9781
14721
19828
24540
28256
30482
30944
29657
26921
23245
19226
15398
12111
9452
7239
5094
2565
-728
-4965
-10045
-15584
-20986
-25578
-28767
-30179
-29755
-27760
-24720
-21282
-18059
-15470
-13644
-12393
-11282
-9753
-7294
-3603
1312
7104
13150
18690
23005
25590
26278
25276
23111
20490
18120
16519
15885
16045
16506
16589
15621
13129
8982
3453
-2828
-9013
-14239
-17836
-19489
-19316
-17833
-15814
-14091
-13329
-13846
-15527
-17844
-19995
-21112
-20496
-17815
-13207
-7266
-912
4831
9088
11343
11577
10263
8243
6510
5936
7044
9852
13860
18163
21681
23433
22803
19704
14624
8515
2563
-2101
-4690
-4961
-3277
-517
2150
3571
2915
-95
-5096
-11155
-16996
-21313
-23111
-21957
-18111
-12473
-6364
-1202
1858
2218
0
-3978
-8403
-11804
-12923
-11061
-6263
661
8328
15110
19547
20709
18446
13439
7038
933
-3268
-4451
-2288
2670
9109
15281
19436
20270
-17269
-10860
-2323
6503
13675
17624
17552
13646
7044
-438
-6748
-10116
-9502
-4874
2766
11612
19489
24393
24992
20975
13146
3247
-6453
-13713
-16874
-15271
-9419
-894
8039
14981
17991
16075
9452
-484
-11483
-20977
-26708
-27284
-22529
-13547
-2464
8071
15531
18124
15240
7608
-2863
-13539
-21694
-25174
-22923
-15258
-3804
8879
19903
26744
27847
23008
13430
1444
-10040
-18230
-21115
-17953
-9452
2389
14751
24660
29696
28562
21402
9768
-3740
-16081
-24488
-27110
-23450
-14470
-2370
9933
19489
23995
22337
14836
3174
-10002
-21698
-29260
-30980
-26482
-16796
-4110
8737
18907
24204
23562
17269
6882
-5141
-16010
-23227
-25144
-21317
-12579
-836
11371
21439
27272
27724
22829
13764
2566
-8328
-16611
-20598
-19566
-13876
-4870
5444
14830
21300
23513
21037
14409
4991
-5321
-14505
-20812
-23111
-21086
-15278
-6950
2178
10279
15767
17601
15467
9822
1797
-7032
-14943
-20394
-22308
-20275
-14624
-6366
2997
11743
18255
21326
20385
15618
7946
-1143
-9863
-16470
-19603
-18552
-13416
-5102
4831
14468
21899
25605
24765
19436
10561
-202
-10793
-19159
-23661
-23411
-18457
-9790
852
11321
19489
23676
22989
17506
8259
-2970
-14002
-22701
-27390
-27185
-22159
-13316
-2383
8538
17386
22537
23111
19117
11435
1619
-8414
-16757
-21866
-22839
-19557
-12675
-3479
6373
15156
21389
24077
22861
18059
10579
1745
-6935
-14023
-18380
-19340
-16806
-11247
-3621
4785
12557
18379
21238
20593
16466
9452
634
-8577
-16669
-22278
-24419
-22671
-17266
-9070
547
9934
17446
21735
21998
18136
10784
1216
-8878
-17691
-23626
-25585
-23172
-16768
-7458
3158
13264
21146
25502
25659
21680
14337
4956
-4831
-13373
-19282
-21658
-20214
-15302
-7819
962
9610
16770
21364
22742
20752
15744
8489
60
-8328
-15489
-20425
-22454
-21302
-17139
-10562
-2517
5819
13200
18490
20833
19793
15444
8376
-370
-9452
-17427
-22985
-25167
-23534
-18256
-10098
-306
9595
18051
23738
25781
23899
18445
10342
916
-8328
-15950
-20809
-22233
-20100
-14836
-7317
1280
9676
16676
21335
23071
21720
17531
11107
3316
-4831
-12303
-18167
-21692
-22436
-20294
-15522
-8715
-749
7315
14367
19391
21614
20635
16499
9718
1216
-7793
-15984
-22118
-25243
-24846
-20941
-14071
-5225
4317
13185
20136
24233
24981
22385
16923
9452
1064
-7079
-13917
-18615
-20664
-19908
-16541
-11055
-4160
3299
10441
16433
20571
22346
21500
18059
12350
4978
-3219
-11256
-18121
-22898
-24907
-23810
-19683
-13021
-4692
4186
12397
18810
22546
23111
20461
15010
7549
-873
-9116
-16108
-20992
-23227
-22631
-19380
-13947
-7025
575
8021
14540
19489
22393
22979
21192
17198
11380
4318
-3252
-10500
-16581
-20738
-22403
-21287
-17441
-11278
-3530
4831
12726
19119
23164
24330
22475
17858
11093
3053
-5263
-12871
-18928
-22826
-24245
-23158
-19803
-14624
-8203
-1193
5740
11965
16925
20162
21356
20348
17173
12078
5526
-1827
-9185
-15695
-20553
-23111
-22980
-20099
-14756
-7561
632
8844
16108
21593
24718
25209
23119
18786
12774
5772
-1491
-8328
-14156
-18525
-21131
-21815
-20554
-17456
-12759
-6829
-157
6661
12962
18074
21393
22467
21073
17269
11407
4108
-3815
-11459
-17953
-22575
-24845
-24580
-21894
-17166
-10967
-3970
3141
9741
15316
19489
22014
22770
21741
19008
14749
9242
2876
-3856
-10372
-16048
-20279
-22562
-22571
-20219
-15695
-9452
-2160
5382
12349
18005
21791
23390
22743
20034
15633
10027
3752
-2675
-8791
-14203
-18591
-21694
-23307
-23278
-21529
-18082
-13090
-6866
124
7279
13920
19371
23050
24552
23716
20646
15704
9452
2566
-4252
-10371
-15295
-18702
-20448
-20539
-19094
-16300
-12377
-7562
-2112
3683
9486
14901
19489
22805
24451
24142
21768
17438
11484
4439
-3027
-10196
-16398
-21097
-23949
-24833
-23833
-21195
-17269
-12441
-7082
-1521
3964
9127
13732
17535
20273
21685
21548
19726
16225
11226
5098
-1631
-8328
-14339
-19077
-22108
-23198
-22340
-19731
-15719
-10741
-5241
379
5798
10778
15145
18756
21466
23111
23512
22505
19986
15959
10586
4196
-2727
-9595
-15790
-20750
-24052
-25465
-24976
-22770
-19180
-14624
-9523
-4248
917
5776
10197
14077
17297
19700
21088
21249
20007
17276
13115
7755
1596
-4831
-10938
-16157
-20031
-22272
-22793
-21697
-19237
-15748
-11578
-7027
-2319
2403
7049
11537
15747
19489
22499
24467
25085
24121
21478
17245
11701
5294
-1425
-7882
-13568
-18106
-21295
-23105
-23647
-23111
-21701
-19579
-16838
-13498
-9548
-4992
89
5505
10937
15966
20131
23004
24269
23789
21632
18059
13479
8369
3188
-1692
-6031
-9732
-12810
-15333
-17361
-18889
-19825
-19992
-19174
-17181
-13920
-9452
-4016
1983
8031
13586
18168
21437
23239
23614
22759
20961
18517
15660
12521
9114
5374
1216
-3394
-8381
-13521
-18461
-22755
-25952
-27680
-27728
-26088
-22961
-18716
-13812
-8707
-3772
764
4831
8490
11867
15078
18157
21005
23396
25007
25498
24600
22191
18354
13373
7699
1865
-3613
-8328
-12050
-14744
-16547
-17693
-18431
-18934
-19241
-19243
-18710
-17367
-14982
-11457
-6883
-1553
4073
9452
14062
17506
19582
20313
19919
18745
17163
15467
13805
12147
10313
8037
5073
1287
-3267
-8328
-13456
-18116
-21785
-24065
-24768
-23951
-21896
-19028
-15815
-12647
-9751
-7146
-4666
-2023
1077
4831
9250
14115
19011
23395
26721
28561
28704
27204
24367
20675
16664
12802
9378
6445
3833
1216
-1772
-5409
-9781
-14721
-19828
-24540
-28256
-30482
-30944
-29657
-26921
-23245
-19226
-15398
-12111
-9452
-7239
-5094
-2565
728
4965
10045
15584
20986
25578
28767
30179
29755
27760
24720
21282
18059
15470
13644
12393
11282
9753
7294
3603
-1312
-7104
-13150
-18690
-23005
-25590
-26278
-25276
-23111
-20490
-18120
-16519
-15885
-16045
-16506
-16589
-15621
-13129
-8982
-3453
2828
9013
14239
17836
19489
19316
17833
15814
14091
13329
13846
15527
17844
19995
21112
20496
17815
13207
7266
912
-4831
-9088
-11343
-11577
-10263
-8243
-6510
-5936
-7044
-9852
-13860
-18163
-21681
-23433
-22803
-19704
-14624
-8515
-2563
2101
4690
4961
3277
517
-2150
-3571
-2915
95
5096
11155
16996
21313
23111
21957
18111
12473
6364
1202
-1858
-2218
0
3978
8403
11804
12923
11061
6263
-661
-8328
-15110
-19547
-20709
-18446
-13439
-7038
-933
3268
4451
2288
-2670
-9109
-15281
-19436
-20270
-17269
-10860
-2323
6503
13675
17624
17552
13646
7044
-438
-6748
-10116
-9502
-4874
2766
11612
19489
24393
24992
20975
13146
3247
-6453
-13713
-16874
-15271
-9419
-894
8039
14981
17991
16075
9452
-484
-11483
-20977
-26708
-27284
-22529
-13547
-2464
8071
15531
18124
15240
7608
-2863
-13539
-21694
-25174
-22923
-15258
-3804
8879
19903
26744
27847
23008
13430
1444
-10040
-18230
-21115
-17953
-9452
2389
14751
24660
29696
28562
21402
9768
-3740
-16081
-24488
-27110
-23450
-14470
-2370
9933
19489
23995
22337
14836
3174
-10002
-21698
-29260
-30980
-26482
-16796
-4110
8737
18907
24204
23562
17269
6882
-5141
-16010
-23227
-25144
-21317
-12579
-836
11371
21439
27272
27724
22829
13764
2566
-8328
-16611
-20598
-19566
-13876
-4870
5444
14830
21300
23513
21037
14409
4991
-5321
-14505
-20812
-23111
-21086
-15278
-6950
2178
10279
15767
17601
15467
9822
1797
-7032
-14943
-20394
-22308
-20275
-14624
-6366
2997
11743
18255
21326
20385
15618
7946
-1143
-9863
-16470
-19603
-18552
-13416
-5102
4831
14468
21899
25605
24765
19436
10561
-202
-10793
-19159
-23661
-23411
-18457
-9790
852
11321
19489
23676
22989
17506
8259
-2970
-14002
-22701
-27390
-27185
-22159
-13316
-2383
8538
17386
22537
23111
19117
11435
1619
-8414
-16757
-21866
-22839
-19557
-12675
-3479
6373
15156
21389
24077
22861
18059
10579
1745
-6935
-14023
-18380
-19340
-16806
-11247
-3621
4785
12557
18379
21238
20593
16466
9452
634
-8577
-16669
-22278
-24419
-22671
-17266
-9070
547
9934
17446
21735
21998
18136
10784
1216
-8878
-17691
-23626
-25585
-23172
-16768
-7458
3158
13264
21146
25502
25659
21680
14337
4956
-4831
-13373
-19282
-21658
-20214
-15302
-7819
962
9610
16770
21364
22742
20752
15744
8489
60
-8328
-15489
-20425
-22454
-21302
-17139
-10562
-2517
5819
13200
18490
20833
19793
15444
8376
-370
-9452
-17427
-22985
-25167
-23534
-18256
-10098
-306
9595
18051
23738
25781
23899
18445
10342
916
-8328
-15950
-20809
-22233
-20100
-14836
-7317
1280
9676
16676
21335
23071
21720
17531
11107
3316
-4831
-12303
-18167
-21692
-22436
-20294
-15522
-8715
-749
7315
14367
19391
21614
20635
16499
9718
1216
-7793
-15984
-22118
-25243
-24846
-20941
-14071
-5225
4317
13185
20136
24233
24981
22385
16923
9452
1064
-7079
-13917
-18615
-20664
-19908
-16541
-11055
-4160
3299
10441
16433
20571
22346
21500
18059
12350
4978
-3219
-11256
-18121
-22898
-24907
-23810
-19683
-13021
-4692
4186
12397
18810
22546
23111
20461
15010
7549
-873
-9116
-16108
-20992
-23227
-22631
-19380
-13947
-7025
575
8021
14540
19489
22393
22979
21192
17198
11380
4318
-3252
-10500
-16581
-20738
-22403
-21287
-17441
-11278
-3530
4831
12726
19119
23164
24330
22475
17858
11093
3053
-5263
-12871
-18928
-22826
-24245
-23158
-19803
-14624
-8203
-1193
5740
11965
16925
20162
21356
20348
17173
12078
5526
-1827
-9185
-15695
-20553
-23111
-22980
-20099
-14756
-7561
632
8844
16108
21593
24718
25209
23119
18786
12774
5772
-1491
-8328
-14156
-18525
-21131
-21815
-20554
-17456
-12759
-6829
-157
6661
12962
18074
21393
22467
21073
17269
11407
4108
-3815
-11459
-17953
-22575
-24845
-24580
-21894
-17166
-10967
-3970
3141
9741
15316
19489
22014
22770
21741
19008
14749
9242
2876
-3856
-10372
-16048
-20279
-22562
-22571
-20219
-15695
-9452
-2160
5382
12349
18005
21791
23390
22743
20034
15633
10027
3752
-2675
-8791
-14203
-18591
-21694
-23307
-23278
-21529
-18082
-13090
-6866
124
7279
13920
19371
23050
24552
23716
20646
15704
9452
2566
-4252
-10371
-15295
-18702
-20448
-20539
-19094
-16300
-12377
-7562
-2112
3683
9486
14901
19489
22805
24451
24142
21768
17438
11484
4439
-3027
-10196
-16398
-21097
-23949
-24833
-23833
-21195
-17269
-12441
-7082
-1521
3964
9127
13732
17535
20273
21685
21548
19726
16225
11226
5098
-1631
-8328
-14339
-19077
-22108
-23198
-22340
-19731
-15719
-10741
-5241
379
5798
10778
15145
18756
21466
23111
23512
22505
19986
15959
10586
4196
-2727
-9595
-15790
-20750
-24052
-25465
-24976
-22770
-19180
-14624
-9523
-4248
917
5776
10197
14077
17297
19700
21088
21249
20007
17276
13115
7755
1596
-4831
-10938
-16157
-20031
-22272
-22793
-21697
-19237
-15748
-11578
-7027
-2319
2403
7049
11537
15747
19489
22499
24467
25085
24121
21478
17245
11701
5294
-1425
-7882
-13568
-18106
-21295
-23105
-23647
-23111
-21701
-19579
-16838
-13498
-9548
-4992
89
5505
10937
15966
20131
23004
24269
23789
21632
18059
13479
8369
3188
-1692
-6031
-9732
-12810
-15333
-17361
-18889
-19825
-19992
-19174
-17181
-13920
-9452
-4016
1983
8031
13586
18168
21437
23239
23614
22759
20961
18517
15660
12521
9114
5374
1216
-3394
-8381
-13521
-18461
-22755
-25952
-27680
-27728
-26088
-22961
-18716
-13812
-8707
-3772
764
4831
8490
11867
15078
18157
21005
23396
25007
25498
24600
22191
18354
13373
7699
1865
-3613
-8328
-12050
-14744
-16547
-17693
-18431
-18934
-19241
-19243
-18710
-17367
-14982
-11457
-6883
-1553
4073
9452
14062
17506
19582
20313
19919
18745
17163
15467
13805
12147
10313
8037
5073
1287
-3267
-8328
-13456
-18116
-21785
-24065
-24768
-23951
-21896
-19028
-15815
-12647
-9751
-7146
-4666
-2023
1077
4831
9250
14115
19011
23395
26721
28561
28704
27204
24367
20675
16664
12802
9378
6445
3833
1216
-1772
-5409
-9781
-14721
-19828
-24540
-28256
-30482
-30944
-29657
-26921
-23245
-19226
-15398
-12111
-9452
-7239
-5094
-2565
728
4965
10045
15584
20986
25578
28767
30179
29755
27760
24720
21282
18059
15470
13644
12393
11282
9753
7294
3603
-1312
-7104
-13150
-18690
-23005
-25590
-26278
-25276
-23111
-20490
-18120
-16519
-15885
-16045
-16506
-16589
-15621
-13129
-8982
-3453
2828
9013
14239
17836
19489
19316
17833
15814
14091
13329
13846
15527
17844
19995
21112
20496
17815
13207
7266
912
-4831
-9088
-11343
-11577
-10263
-8243
-6510
-5936
-7044
-9852
-13860
-18163
-21681
-23433
-22803
-19704
-14624
-8515
-2563
2101
4690
4961
3277
517
-2150
-3571
-2915
95
5096
11155
16996
21313
23111
21957
18111
12473
6364
1202
-1858
-2218
0
3978
8403
11804
12923
11061
6263
-661
-8328
-15110
-19547
-20709
-18446
-13439
-7038
-933
3268
4451
2288
-2670
-9109
-15281
-19436
-20270
-17269
-10860
-2323
6503
13675
17624
17552
13646
7044
-438
-6748
-10116
-9502
-4874
2766
11612
19489
24393
24992
20975
13146
3247
-6453
-13713
-16874
-15271
-9419
-894
8039
14981
17991
16075
9452
-484
-11483
-20977
-26708
-27284
-22529
-13547
-2464
8071
15531
18124
15240
7608
-2863
-13539
-21694
-25174
-22923
-15258
-3804
8879
19903
26744
27847
23008
13430
1444
-10040
-18230
-21115
-17953
-9452
2389
14751
24660
29696
28562
21402
9768
-3740
-16081
-24488
-27110
-23450
-14470
-2370
9933
19489
23995
22337
14836
3174
-10002
-21698
-29260
-30980
-26482
-16796
-4110
8737
18907
24204
23562
17269
6882
-5141
-16010
-23227
-25144
-21317
-12579
-836
11371
21439
27272
27724
22829
13764
2566
-8328
-16611
-20598
-19566
-13876
-4870
5444
14830
21300
23513
21037
14409
4991
-5321
-14505
-20812
-23111
-21086
-15278
-6950
2178
10279
15767
17601
15467
9822
1797
-7032
-14943
-20394
-22308
-20275
-14624
-6366
2997
11743
18255
21326
20385
15618
7946
-1143
-9863
-16470
-19603
-18552
-13416
-5102
4831
14468
21899
25605
24765
19436
10561
-202
-10793
-19159
-23661
-23411
-18457
-9790
852
11321
19489
23676
22989
17506
8259
-2970
-14002
-22701
-27390
-27185
-22159
-13316
-2383
8538
17386
22537
23111
19117
11435
1619
-8414
-16757
-21866
-22839
-19557
-12675
-3479
6373
15156
21389
24077
22861
18059
10579
1745
-6935
-14023
-18380
-19340
-16806
-11247
-3621
4785
12557
18379
21238
20593
16466
9452
634
-8577
-16669
-22278
-24419
-22671
-17266
-9070
547
9934
17446
21735
21998
18136
10784
1216
-8878
-17691
-23626
-25585
-23172
-16768
-7458
3158
13264
21146
25502
25659
21680
14337
4956
-4831
-13373
-19282
-21658
-20214
-15302
-7819
962
9610
16770
21364
22742
20752
15744
8489
60
-8328
-15489
-20425
-22454
-21302
-17139
-10562
-2517
5819
13200
18490
20833
19793
15444
8376
-370
-9452
-17427
-22985
-25167
-23534
-18256
-10098
-306
9595
18051
23738
25781
23899
18445
10342
916
-8328
-15950
-20809
-22233
-20100
-14836
-7317
1280
9676
16676
21335
23071
21720
17531
11107
3316
-4831
-12303
-18167
-21692
-22436
-20294
-15522
-8715
-749
7315
14367
19391
21614
20635
16499
9718
1216
-7793
-15984
-22118
-25243
-24846
-20941
-14071
-5225
4317
13185
20136
24233
24981
22385
16923
9452
1064
-7079
-13917
-18615
-20664
-19908
-16541
-11055
-4160
3299
10441
16433
20571
22346
21500
18059
12350
4978
-3219
-11256
-18121
-22898
-24907
-23810
-19683
-13021
-4692
4186
12397
18810
22546
23111
20461
15010
7549
-873
-9116
-16108
-20992
-23227
-22631
-19380
-13947
-7025
575
8021
14540
19489
22393
22979
21192
17198
11380
4318
-3252
-10500
-16581
-20738
-22403
-21287
-17441
-11278
-3530
4831
12726
19119
23164
24330
22475
17858
11093
3053
-5263
-12871
-18928
-22826
-24245
-23158
-19803
-14624
-8203
-1193
5740
11965
16925
20162
21356
20348
17173
12078
5526
-1827
-9185
-15695
-20553
-23111
-22980
-20099
-14756
-7561
632
8844
16108
21593
24718
25209
23119
18786
12774
5772
-1491
-8328
-14156
-18525
-21131
-21815
-20554
-17456
-12759
-6829
-157
6661
12962
18074
21393
22467
21073
17269
11407
4108
-3815
-11459
-17953
-22575
-24845
-24580
-21894
-17166
-10967
-3970
3141
9741
15316
19489
22014
22770
21741
19008
14749
9242
2876
-3856
-10372
-16048
-20279
-22562
-22571
-20219
-15695
-9452
-2160
5382
12349
18005
21791
23390
22743
20034
15633
10027
3752
-2675
-8791
-14203
-18591
-21694
-23307
-23278
-21529
-18082
-13090
-6866
124
7279
13920
19371
23050
24552
23716
20646
15704
9452
2566
-4252
-10371
-15295
-18702
-20448
-20539
-19094
-16300
-12377
-7562
-2112
3683
9486
14901
19489
22805
24451
24142
21768
17438
11484
4439
-3027
-10196
-16398
-21097
-23949
-24833
-23833
-21195
-17269
-12441
-7082
-1521
3964
9127
13732
17535
20273
21685
21548
19726
16225
11226
5098
-1631
-8328
-14339
-19077
-22108
-23198
-22340
-19731
-15719
-10741
-5241
379
5798
10778
15145
18756
21466
23111
23512
22505
19986
15959
10586
4196
-2727
-9595
-15790
-20750
-24052
-25465
-24976
-22770
-19180
-14624
-9523
-4248
917
5776
10197
14077
17297
19700
21088
21249
20007
17276
13115
7755
1596
-4831
-10938
-16157
-20031
-22272
-22793
-21697
-19237
-15748
-11578
-7027
-2319
2403
7049
11537
15747
19489
22499
24467
25085
24121
21478
17245
11701
5294
-1425
-7882
-13568
-18106
-21295
-23105
-23647
-23111
-21701
-19579
-16838
-13498
-9548
-4992
89
5505
10937
15966
20131
23004
24269
23789
21632
18059
13479
8369
3188
-1692
-6031
-9732
-12810
-15333
-17361
-18889
-19825
-19992
-19174
-17181
-13920
-9452
-4016
1983
8031
13586
18168
21437
23239
23614
22759
20961
18517
15660
12521
9114
5374
1216
-3394
-8381
-13521
-18461
-22755
-25952
-27680
-27728
-26088
-22961
-18716
-13812
-8707
-3772
764
4831
8490
11867
15078
18157
21005
23396
25007
25498
24600
22191
18354
13373
7699
1865
-3613
-8328
-12050
-14744
-16547
-17693
-18431
-18934
-19241
-19243
-18710
-17367
-14982
-11457
-6883
-1553
4073
9452
14062
17506
19582
20313
19919
18745
17163
15467
13805
12147
10313
8037
5073
1287
-3267
-8328
-13456
-18116
-21785
-24065
-24768
-23951
-21896
-19028
-15815
-12647
-9751
-7146
-4666
-2023
1077
4831
9250
14115
19011
23395
26721
28561
28704
27204
24367
20675
16664
12802
9378
6445
3833
1216
-1772
-5409
-9781
-14721
-19828
-24540
-28256
-30482
-30944
-29657
-26921
-23245
-19226
-15398
-12111
-9452
-7239
-5094
-2565
728
4965
10045
15584
20986
25578
28767
30179
29755
27760
24720
21282
18059
15470
13644
12393
11282
9753
7294
3603
-1312
-7104
-13150
-18690
-23005
-25590
-26278
-25276
-23111
-20490
-18120
-16519
-15885
-16045
-16506
-16589
-15621
-13129
-8982
-3453
2828
9013
14239
17836
19489
19316
17833
15814
14091
13329
13846
15527
17844
19995
21112
20496
17815
13207
7266
912
-4831
-9088
-11343
-11577
-10263
-8243
-6510
-5936
-7044
-9852
-13860
-18163
-21681
-23433
-22803
-19704
-14624
-8515
-2563
2101
4690
4961
3277
517
-2150
-3571
-2915
95
5096
11155
16996
21313
23111
21957
18111
12473
6364
1202
-1858
-2218
0
3978
8403
11804
12923
11061
6263
-661
-8328
-15110
-19547
-20709
-18446
-13439
-7038
-933
3268
4451
2288
-2670
-9109
-15281
-19436
-20270
-17269
-10860
-2323
6503
13675
17624
17552
13646
7044
-438
-6748
-10116
-9502
-4874
2766
11612
19489
24393
24992
20975
13146
3247
-6453
-13713
-16874
-15271
-9419
-894
8039
14981
17991
16075
9452
-484
-11483
-20977
-26708
-27284
-22529
-13547
-2464
8071
15531
18124
15240
7608
-2863
-13539
-21694
-25174
-22923
-15258
-3804
8879
19903
26744
27847
23008
13430
1444
-10040
-18230
-21115
-17953
-9452
2389
14751
24660
29696
28562
21402
9768
-3740
-16081
-24488
-27110
-23450
-14470
-2370
9933
19489
23995
22337
14836
3174
-10002
-21698
-29260
-30980
-26482
-16796
-4110
8737
18907
24204
23562
17269
6882
-5141
-16010
-23227
-25144
-21317
-12579
-836
11371
21439
27272
27724
22829
13764
2566
-8328
-16611
-20598
-19566
-13876
-4870
5444
14830
21300
23513
21037
14409
4991
-5321
-14505
-20812
-23111
-21086
-15278
-6950
2178
10279
15767
17601
15467
9822
1797
-7032
-14943
-20394
-22308
-20275
-14624
-6366
2997
11743
18255
21326
20385
15618
7946
-1143
-9863
-16470
-19603
-18552
-13416
-5102
4831
14468
21899
25605
24765
19436
10561
-202
-10793
-19159
-23661
-23411
-18457
-9790
852
11321
19489
23676
22989
17506
8259
-2970
-14002
-22701
-27390
-27185
-22159
-13316
-2383
8538
17386
22537
23111
19117
11435
1619
-8414
-16757
-21866
-22839
-19557
-12675
-3479
6373
15156
21389
24077
22861
18059
10579
1745
-6935
-14023
-18380
-19340
-16806
-11247
-3621
4785
12557
18379
21238
20593
16466
9452
634
-8577
-16669
-22278
-24419
-22671
-17266
-9070
547
9934
17446
21735
21998
18136
10784
1216
-8878
-17691
-23626
-25585
-23172
-16768
-7458
3158
13264
21146
25502
25659
21680
14337
4956
-4831
-13373
-19282
-21658
-20214
-15302
-7819
962
9610
16770
21364
22742
20752
15744
8489
60
-8328
-15489
-20425
-22454
-21302
-17139
-10562
-2517
5819
13200
18490
20833
19793
15444
8376
-370
-9452
-17427
-22985
-25167
-23534
-18256
-10098
-306
9595
18051
23738
25781
23899
18445
10342
916
-8328
-15950
-20809
-22233
-20100
-14836
-7317
1280
9676
16676
21335
23071
21720
17531
11107
3316
-4831
-12303
-18167
-21692
-22436
-20294
-15522
-8715
-749
7315
14367
19391
21614
20635
16499
9718
1216
-7793
-15984
-22118
-25243
-24846
-20941
-14071
-5225
4317
13185
20136
24233
24981
22385
16923
9452
1064
-7079
-13917
-18615
-20664
-19908
-16541
-11055
-4160
3299
10441
16433
20571
22346
21500
18059
12350
4978
-3219
-11256
-18121
-22898
-24907
-23810
-19683
-13021
-4692
4186
12397
18810
22546
23111
20461
15010
7549
-873
-9116
-16108
-20992
-23227
-22631
-19380
-13947
-7025
575
8021
14540
19489
22393
22979
21192
17198
11380
4318
-3252
-10500
-16581
-20738
-22403
-21287
-17441
-11278
-3530
4831
12726
19119
23164
24330
22475
17858
11093
3053
-5263
-12871
-18928
-22826
-24245
-23158
-19803
-14624
-8203
-1193
5740
11965
16925
20162
21356
20348
17173
12078
5526
-1827
-9185
-15695
-20553
-23111
-22980
-20099
-14756
-7561
632
8844
16108
21593
24718
25209
23119
18786
12774
5772
-1491
-8328
-14156
-18525
-21131
-21815
-20554
-17456
-12759
-6829
-157
6661
12962
18074
21393
22467
21073
17269
11407
4108
-3815
-11459
-17953
-22575
-24845
-24580
-21894
-17166
-10967
-3970
3141
9741
15316
19489
22014
22770
21741
19008
14749
9242
2876
-3856
-10372
-16048
-20279
-22562
-22571
-20219
-15695
-9452
-2160
5382
12349
18005
21791
23390
22743
20034
15633
10027
3752
-2675
-8791
-14203
-18591
-21694
-23307
-23278
-21529
-18082
-13090
-6866
124
7279
13920
19371
23050
24552
23716
20646
15704
9452
2566
-4252
-10371
-15295
-18702
-20448
-20539
-19094
-16300
-12377
-7562
-2112
3683
9486
14901
19489
22805
24451
24142
21768
17438
11484
4439
-3027
-10196
-16398
-21097
-23949
-24833
-23833
-21195
-17269
-12441
-7082
-1521
3964
9127
13732
17535
20273
21685
21548
19726
16225
11226
5098
-1631
-8328
-14339
-19077
-22108
-23198
-22340
-19731
-15719
-10741
-5241
379
5798
10778
15145
18756
21466
23111
23512
22505
19986
15959
10586
4196
-2727
-9595
-15790
-20750
-24052
-25465
-24976
-22770
-19180
-14624
-9523
-4248
917
5776
10197
14077
17297
19700
21088
21249
20007
17276
13115
7755
1596
-4831
-10938
-16157
-20031
-22272
-22793
-21697
-19237
-15748
-11578
-7027
-2319
2403
7049
11537
15747
19489
22499
24467
25085
24121
21478
17245
11701
5294
-1425
-7882
-13568
-18106
-21295
-23105
-23647
-23111
-21701
-19579
-16838
-13498
-9548
-4992
89
5505
10937
15966
20131
23004
24269
23789
21632
18059
13479
8369
3188
-1692
-6031
-9732
-12810
-15333
-17361
-18889
-19825
-19992
-19174
-17181
-13920
-9452
-4016
1983
8031
13586
18168
21437
23239
23614
22759
20961
18517
15660
12521
9114
5374
1216
-3394
-8381
-13521
-18461
-22755
-25952
-27680
-27728
-26088
-22961
-18716
-13812
-8707
-3772
764
4831
8490
11867
15078
18157
21005
23396
25007
25498
24600
22191
18354
13373
7699
1865
-3613
-8328
-12050
-14744
-16547
-17693
-18431
-18934
-19241
-19243
-18710
-17367
-14982
-11457
-6883
-1553
4073
9452
14062
17506
19582
20313
19919
18745
17163
15467
13805
12147
10313
8037
5073
1287
-3267
-8328
-13456
-18116
-21785
-24065
-24768
-23951
-21896
-19028
-15815
-12647
-9751
-7146
-4666
-2023
1077
4831
9250
14115
19011
23395
26721
28561
28704
27204
24367
20675
16664
12802
9378
6445
3833
1216
-1772
-5409
-9781
-14721
-19828
-24540
-28256
-30482
-30944
-29657
-26921
-23245
-19226
-15398
-12111
-9452
-7239
-5094
-2565
728
4965
10045
15584
20986
25578
28767
30179
29755
27760
24720
21282
18059
15470
13644
12393
11282
9753
7294
3603
-1312
-7104
-13150
-18690
-23005
-25590
-26278
-25276
-23111
-20490
-18120
-16519
-15885
-16045
-16506
-16589
-15621
-13129
-8982
-3453
2828
9013
14239
17836
19489
19316
17833
15814
14091
13329
13846
15527
17844
19995
21112
20496
17815
13207
7266
912
-4831
-9088
-11343
-11577
-10263
-8243
-6510
-5936
-7044
-9852
-13860
-18163
-21681
-23433
-22803
-19704
-14624
-8515
-2563
2101
4690
4961
3277
517
-2150
-3571
-2915
95
5096
11155
16996
21313
23111
21957
18111
12473
6364
1202
-1858
-2218
0
3978
8403
11804
12923
11061
6263
-661
-8328
-15110
-19547
-20709
-18446
-13439
-7038
-933
3268
4451
2288
-2670
-9109
-15281
-19436
-20270
-17269
-10860
-2323
6503
13675
17624
17552
13646
7044
-438
-6748
-10116
-9502
-4874
2766
11612
19489
24393
24992
20975
13146
3247
-6453
-13713
-16874
-15271
-9419
-894
8039
14981
17991
16075
9452
-484
-11483
-20977
-26708
-27284
-22529
-13547
-2464
8071
15531
18124
15240
7608
-2863
-13539
-21694
-25174
-22923
-15258
-3804
8879
19903
26744
27847
23008
13430
1444
-10040
-18230
-21115
-17953
-9452
2389
14751
24660
29696
28562
21402
9768
-3740
-16081
-24488
-27110
-23450
-14470
-2370
9933
19489
23995
22337
14836
3174
-10002
-21698
-29260
-30980
-26482
-16796
-4110
8737
18907
24204
23562
17269
6882
-5141
-16010
-23227
-25144
-21317
-12579
-836
11371
21439
27272
27724
22829
13764
2566
-8328
-16611
-20598
-19566
-13876
-4870
5444
14830
21300
23513
21037
14409
4991
-5321
-14505
-20812
-23111
-21086
-15278
-6950
2178
10279
15767
17601
15467
9822
1797
-7032
-14943
-20394
-22308
-20275
-14624
-6366
2997
11743
18255
21326
20385
15618
7946
-1143
-9863
-16470
-19603
-18552
-13416
-5102
4831
14468
21899
25605
24765
19436
10561
-202
-10793
-19159
-23661
-23411
-18457
-9790
852
11321
19489
23676
22989
17506
8259
-2970
-14002
-22701
-27390
-27185
-22159
-13316
-2383
8538
17386
22537
23111
19117
11435
1619
-8414
-16757
-21866
-22839
-19557
-12675
-3479
6373
15156
21389
24077
22861
18059
10579
1745
-6935
-14023
-18380
-19340
-16806
-11247
-3621
4785
12557
18379
21238
20593
16466
9452
634
-8577
-16669
-22278
-24419
-22671
-17266
-9070
547
9934
17446
21735
21998
18136
10784
1216
-8878
-17691
-23626
-25585
-23172
-16768
-7458
3158
13264
21146
25502
25659
21680
14337
4956
-4831
-13373
-19282
-21658
-20214
-15302
-7819
962
9610
16770
21364
22742
20752
15744
8489
60
-8328
-15489
-20425
-22454
-21302
-17139
-10562
-2517
5819
13200
18490
20833
19793
15444
8376
-370
-9452
-17427
-22985
-25167
-23534
-18256
-10098
-306
9595
18051
23738
25781
23899
18445
10342
916
-8328
-15950
-20809
-22233
-20100
-14836
-7317
1280
9676
16676
21335
23071
21720
17531
11107
3316
-4831
-12303
-18167
-21692
-22436
-20294
-15522
-8715
-749
7315
14367
19391
21614
20635
16499
9718
1216
-7793
-15984
-22118
-25243
-24846
-20941
-14071
-5225
4317
13185
20136
24233
24981
22385
16923
9452
1064
-7079
-13917
-18615
-20664
-19908
-16541
-11055
-4160
3299
10441
16433
20571
22346
21500
18059
12350
4978
-3219
-11256
-18121
-22898
-24907
-23810
-19683
-13021
-4692
4186
12397
18810
22546
23111
20461
15010
7549
-873
-9116
-16108
-20992
-23227
-22631
-19380
-13947
-7025
575
8021
14540
19489
22393
22979
21192
17198
11380
4318
-3252
-10500
-16581
-20738
-22403
-21287
-17441
-11278
-3530
4831
12726
19119
23164
24330
22475
17858
11093
3053
-5263
-12871
-18928
-22826
-24245
-23158
-19803
-14624
-8203
-1193
5740
11965
16925
20162
21356
20348
17173
12078
5526
-1827
-9185
-15695
-20553
-23111
-22980
-20099
-14756
-7561
632
8844
16108
21593
24718
25209
23119
18786
12774
5772
-1491
-8328
-14156
-18525
-21131
-21815
-20554
-17456
-12759
-6829
-157
6661
12962
18074
21393
22467
21073
17269
11407
4108
-3815
-11459
-17953
-22575
-24845
-24580
-21894
-17166
-10967
-3970
3141
9741
15316
19489
22014
22770
21741
19008
14749
9242
2876
-3856
-10372
-16048
-20279
-22562
-22571
-20219
-15695
-9452
-2160
5382
12349
18005
21791
23390
22743
20034
15633
10027
3752
-2675
-8791
-14203
-18591
-21694
-23307
-23278
-21529
-18082
-13090
-6866
124
7279
13920
19371
23050
24552
23716
20646
15704
9452
2566
-4252
-10371
-15295
-18702
-20448
-20539
-19094
-16300
-12377
-7562
-2112
3683
9486
14901
19489
22805
24451
24142
21768
17438
11484
4439
-3027
-10196
-16398
-21097
-23949
-24833
-23833
-21195
-17269
-12441
-7082
-1521
3964
9127
13732
17535
20273
21685
21548
19726
16225
11226
5098
-1631
-8328
-14339
-19077
-22108
-23198
-22340
-19731
-15719
-10741
-5241
379
5798
10778
15145
18756
21466
23111
23512
22505
19986
15959
10586
4196
-2727
-9595
-15790
-20750
-24052
-25465
-24976
-22770
-19180
-14624
-9523
-4248
917
5776
10197
14077
17297
19700
21088
21249
20007
17276
13115
7755
1596
-4831
-10938
-16157
-20031
-22272
-22793
-21697
-19237
-15748
-11578
-7027
-2319
2403
7049
11537
15747
19489
22499
24467
25085
24121
21478
17245
11701
5294
-1425
-7882
-13568
-18106
-21295
-23105
-23647
-23111
-21701
-19579
-16838
-13498
-9548
-4992
89
5505
10937
15966
20131
23004
24269
23789
21632
18059
13479
8369
3188
-1692
-6031
-9732
-12810
-15333
-17361
-18889
-19825
-19992
-19174
-17181
-13920
-9452
-4016
1983
8031
13586
18168
21437
23239
23614
22759
20961
18517
15660
12521
9114
5374
1216
-3394
-8381
-13521
-18461
-22755
-25952
-27680
-27728
-26088
-22961
-18716
-13812
-8707
-3772
764
4831
8490
11867
15078
18157
21005
23396
25007
25498
24600
22191
18354
13373
7699
1865
-3613
-8328
-12050
-14744
-16547
-17693
-18431
-18934
-19241
-19243
-18710
-17367
-14982
-11457
-6883
-1553
4073
9452
14062
17506
19582
20313
19919
18745
17163
15467
13805
12147
10313
8037
5073
1287
-3267
-8328
-13456
-18116
-21785
-24065
-24768
-23951
-21896
-19028
-15815
-12647
-9751
-7146
-4666
-2023
1077
4831
9250
14115
19011
23395
26721
28561
28704
27204
24367
20675
16664
12802
9378
6445
3833
1216
-1772
-5409
-9781
-14721
-19828
-24540
-28256
-30482
-30944
-29657
-26921
-23245
-19226
-15398
-12111
-9452
-7239
-5094
-2565
728
4965
10045
15584
20986
25578
28767
30179
29755
27760
24720
21282
18059
15470
13644
12393
11282
9753
7294
3603
-1312
-7104
-13150
-18690
-23005
-25590
-26278
-25276
-23111
-20490
-18120
-16519
-15885
-16045
-16506
-16589
-15621
-13129
-8982
-3453
2828
9013
14239
17836
19489
19316
17833
15814
14091
13329
13846
15527
17844
19995
21112
20496
17815
13207
7266
912
-4831
-9088
-11343
-11577
-10263
-8243
-6510
-5936
-7044
-9852
-13860
-18163
-21681
-23433
-22803
-19704
-14624
-8515
-2563
2101
4690
4961
3277
517
-2150
-3571
-2915
95
5096
11155
16996
21313
23111
21957
18111
12473
6364
1202
-1858
-2218
0
3978
8403
11804
12923
11061
6263
-661
-8328
-15110
-19547
-20709
-18446
-13439
-7038
-933
3268
4451
2288
-2670
-9109
-15281
-19436
-20270
17269
10860
2323
-6503
-13675
-17624
-17552
-13646
-7044
438
6748
10116
9502
4874
-2766
-11612
-19489
-24393
-24992
-20975
-13146
-3247
6453
13713
16874
15271
9419
894
-8039
-14981
-17991
-16075
-9452
484
11483
20977
26708
27284
22529
13547
2464
-8071
-15531
-18124
-15240
-7608
2863
13539
21694
25174
22923
15258
3804
-8879
-19903
-26744
-27847
-23008
-13430
-1444
10040
18230
21115
17953
9452
-2389
-14751
-24660
-29696
-28562
-21402
-9768
3740
16081
24488
27110
23450
14470
2370
-9933
-19489
-23995
-22337
-14836
-3174
10002
21698
29260
30980
26482
16796
4110
-8737
-18907
-24204
-23562
-17269
-6882
5141
16010
23227
25144
21317
12579
836
-11371
-21439
-27272
-27724
-22829
-13764
-2566
8328
16611
20598
19566
13876
4870
-5444
-14830
-21300
-23513
-21037
-14409
-4991
5321
14505
20812
23111
21086
15278
6950
-2178
-10279
-15767
-17601
-15467
-9822
-1797
7032
14943
20394
22308
20275
14624
6366
-2997
-11743
-18255
-21326
-20385
-15618
-7946
1143
9863
16470
19603
18552
13416
5102
-4831
-14468
-21899
-25605
-24765
-19436
-10561
202
10793
19159
23661
23411
18457
9790
-852
-11321
-19489
-23676
-22989
-17506
-8259
2970
14002
22701
27390
27185
22159
13316
2383
-8538
-17386
-22537
-23111
-19117
-11435
-1619
8414
16757
21866
22839
19557
12675
3479
-6373
-15156
-21389
-24077
-22861
-18059
-10579
-1745
6935
14023
18380
19340
16806
11247
3621
-4785
-12557
-18379
-21238
-20593
-16466
-9452
-634
8577
16669
22278
24419
22671
17266
9070
-547
-9934
-17446
-21735
-21998
-18136
-10784
-1216
8878
17691
23626
25585
23172
16768
7458
-3158
-13264
-21146
-25502
-25659
-21680
-14337
-4956
4831
13373
19282
21658
20214
15302
7819
-962
-9610
-16770
-21364
-22742
-20752
-15744
-8489
-60
8328
15489
20425
22454
21302
17139
10562
2517
-5819
-13200
-18490
-20833
-19793
-15444
-8376
370
9452
17427
22985
25167
23534
18256
10098
306
-9595
-18051
-23738
-25781
-23899
-18445
-10342
-916
8328
15950
20809
22233
20100
14836
7317
-1280
-9676
-16676
-21335
-23071
-21720
-17531
-11107
-3316
4831
12303
18167
21692
22436
20294
15522
8715
749
-7315
-14367
-19391
-21614
-20635
-16499
-9718
-1216
7793
15984
22118
25243
24846
20941
14071
5225
-4317
-13185
-20136
-24233
-24981
-22385
-16923
-9452
-1064
7079
13917
18615
20664
19908
16541
11055
4160
-3299
-10441
-16433
-20571
-22346
-21500
-18059
-12350
-4978
3219
11256
18121
22898
24907
23810
19683
13021
4692
-4186
-12397
-18810
-22546
-23111
-20461
-15010
-7549
873
9116
16108
20992
23227
22631
19380
13947
7025
-575
-8021
-14540
-19489
-22393
-22979
-21192
-17198
-11380
-4318
3252
10500
16581
20738
22403
21287
17441
11278
3530
-4831
-12726
-19119
-23164
-24330
-22475
-17858
-11093
-3053
5263
12871
18928
22826
24245
23158
19803
14624
8203
1193
-5740
-11965
-16925
-20162
-21356
-20348
-17173
-12078
-5526
1827
9185
15695
20553
23111
22980
20099
14756
7561
-632
-8844
-16108
-21593
-24718
-25209
-23119
-18786
-12774
-5772
1491
8328
14156
18525
21131
21815
20554
17456
12759
6829
157
-6661
-12962
-18074
-21393
-22467
-21073
-17269
-11407
-4108
3815
11459
17953
22575
24845
24580
21894
17166
10967
3970
-3141
-9741
-15316
-19489
-22014
-22770
-21741
-19008
-14749
-9242
-2876
3856
10372
16048
20279
22562
22571
20219
15695
9452
2160
-5382
-12349
-18005
-21791
-23390
-22743
-20034
-15633
-10027
-3752
2675
8791
14203
18591
21694
23307
23278
21529
18082
13090
6866
-124
-7279
-13920
-19371
-23050
-24552
-23716
-20646
-15704
-9452
-2566
4252
10371
15295
18702
20448
20539
19094
16300
12377
7562
2112
-3683
-9486
-14901
-19489
-22805
-24451
-24142
-21768
-17438
-11484
-4439
3027
10196
16398
21097
23949
24833
23833
21195
17269
12441
7082
1521
-3964
-9127
-13732
-17535
-20273
-21685
-21548
-19726
-16225
-11226
-5098
1631
8328
14339
19077
22108
23198
22340
19731
15719
10741
5241
-379
-5798
-10778
-15145
-18756
-21466
-23111
-23512
-22505
-19986
-15959
-10586
-4196
2727
9595
15790
20750
24052
25465
24976
22770
19180
14624
9523
4248
-917
-5776
-10197
-14077
-17297
-19700
-21088
-21249
-20007
-17276
-13115
-7755
-1596
4831
10938
16157
20031
22272
22793
21697
19237
15748
11578
7027
2319
-2403
-7049
-11537
-15747
-19489
-22499
-24467
-25085
-24121
-21478
-17245
-11701
-5294
1425
7882
13568
18106
21295
23105
23647
23111
21701
19579
16838
13498
9548
4992
-89
-5505
-10937
-15966
-20131
-23004
-24269
-23789
-21632
-18059
-13479
-8369
-3188
1692
6031
9732
12810
15333
17361
18889
19825
19992
19174
17181
13920
9452
4016
-1983
-8031
-13586
-18168
-21437
-23239
-23614
-22759
-20961
-18517
-15660
-12521
-9114
-5374
-1216
3394
8381
13521
18461
22755
25952
27680
27728
26088
22961
18716
13812
8707
3772
-764
-4831
-8490
-11867
-15078
-18157
-21005
-23396
-25007
-25498
-24600
-22191
-18354
-13373
-7699
-1865
3613
8328
12050
14744
16547
17693
18431
18934
19241
19243
18710
17367
14982
11457
6883
1553
-4073
-9452
-14062
-17506
-19582
-20313
-19919
-18745
-17163
-15467
-13805
-12147
-10313
-8037
-5073
-1287
3267
8328
13456
18116
21785
24065
24768
23951
21896
19028
15815
12647
9751
7146
4666
2023
-1077
-4831
-9250
-14115
-19011
-23395
-26721
-28561
-28704
-27204
-24367
-20675
-16664
-12802
-9378
-6445
-3833
-1216
1772
5409
9781
14721
19828
24540
28256
30482
30944
29657
26921
23245
19226
15398
12111
9452
7239
5094
2565
-728
-4965
-10045
-15584
-20986
-25578
-28767
-30179
-29755
-27760
-24720
-21282
-18059
-15470
-13644
-12393
-11282
-9753
-7294
-3603
1312
7104
13150
18690
23005
25590
26278
25276
23111
20490
18120
16519
15885
16045
16506
16589
15621
13129
8982
3453
-2828
-9013
-14239
-17836
-19489
-19316
-17833
-15814
-14091
-13329
-13846
-15527
-17844
-19995
-21112
-20496
-17815
-13207
-7266
-912
4831
9088
11343
11577
10263
8243
6510
5936
7044
9852
13860
18163
21681
23433
22803
19704
14624
8515
2563
-2101
-4690
-4961
-3277
-517
2150
3571
2915
-95
-5096
-11155
-16996
-21313
-23111
-21957
-18111
-12473
-6364
-1202
1858
2218
0
-3978
-8403
-11804
-12923
-11061
-6263
661
8328
15110
19547
20709
18446
13439
7038
933
-3268
-4451
-2288
2670
9109
15281
19436
20270
-17269
-10860
-2323
6503
13675
17624
17552
13646
7044
-438
-6748
-10116
-9502
-4874
2766
11612
19489
24393
24992
20975
13146
3247
-6453
-13713
-16874
-15271
-9419
-894
8039
14981
17991
16075
9452
-484
-11483
-20977
-26708
-27284
-22529
-13547
-2464
8071
15531
18124
15240
7608
-2863
-13539
-21694
-25174
-22923
-15258
-3804
8879
19903
26744
27847
23008
13430
1444
-10040
-18230
-21115
-17953
-9452
2389
14751
24660
29696
28562
21402
9768
-3740
-16081
-24488
-27110
-23450
-14470
-2370
9933
19489
23995
22337
14836
3174
-10002
-21698
-29260
-30980
-26482
-16796
-4110
8737
18907
24204
23562
17269
6882
-5141
-16010
-23227
-25144
-21317
-12579
-836
11371
21439
27272
27724
22829
13764
2566
-8328
-16611
-20598
-19566
-13876
-4870
5444
14830
21300
23513
21037
14409
4991
-5321
-14505
-20812
-23111
-21086
-15278
-6950
2178
10279
15767
17601
15467
9822
1797
-7032
-14943
-20394
-22308
-20275
-14624
-6366
2997
11743
18255
21326
20385
15618
7946
-1143
-9863
-16470
-19603
-18552
-13416
-5102
4831
14468
21899
25605
24765
19436
10561
-202
-10793
-19159
-23661
-23411
-18457
-9790
852
11321
19489
23676
22989
17506
8259
-2970
-14002
-22701
-27390
-27185
-22159
-13316
-2383
8538
17386
22537
23111
19117
11435
1619
-8414
-16757
-21866
-22839
-19557
-12675
-3479
6373
15156
21389
24077
22861
18059
10579
1745
-6935
-14023
-18380
-19340
-16806
-11247
-3621
4785
12557
18379
21238
20593
16466
9452
634
-8577
-16669
-22278
-24419
-22671
-17266
-9070
547
9934
17446
21735
21998
18136
10784
1216
-8878
-17691
-23626
-25585
-23172
-16768
-7458
3158
13264
21146
25502
25659
21680
14337
4956
-4831
-13373
-19282
-21658
-20214
-15302
-7819
962
9610
16770
21364
22742
20752
15744
8489
60
-8328
-15489
-20425
-22454
-21302
-17139
-10562
-2517
5819
13200
18490
20833
19793
15444
8376
-370
-9452
-17427
-22985
-25167
-23534
-18256
-10098
-306
9595
18051
23738
25781
23899
18445
10342
916
-8328
-15950
-20809
-22233
-20100
-14836
-7317
1280
9676
16676
21335
23071
21720
17531
11107
3316
-4831
-12303
-18167
-21692
-22436
-20294
-15522
-8715
-749
7315
14367
19391
21614
20635
16499
9718
1216
-7793
-15984
-22118
-25243
-24846
-20941
-14071
-5225
4317
13185
20136
24233
24981
22385
16923
9452
1064
-7079
-13917
-18615
-20664
-19908
-16541
-11055
-4160
3299
10441
16433
20571
22346
21500
18059
12350
4978
-3219
-11256
-18121
-22898
-24907
-23810
-19683
-13021
-4692
4186
12397
18810
22546
23111
20461
15010
7549
-873
-9116
-16108
-20992
-23227
-22631
-19380
-13947
-7025
575
8021
14540
19489
22393
22979
21192
17198
11380
4318
-3252
-10500
-16581
-20738
-22403
-21287
-17441
-11278
-3530
4831
12726
19119
23164
24330
22475
17858
11093
3053
-5263
-12871
-18928
-22826
-24245
-23158
-19803
-14624
-8203
-1193
5740
11965
16925
20162
21356
20348
17173
12078
5526
-1827
-9185
-15695
-20553
-23111
-22980
-20099
-14756
-7561
632
8844
16108
21593
24718
25209
23119
18786
12774
5772
-1491
-8328
-14156
-18525
-21131
-21815
-20554
-17456
-12759
-6829
-157
6661
12962
18074
21393
22467
21073
17269
11407
4108
-3815
-11459
-17953
-22575
-24845
-24580
-21894
-17166
-10967
-3970
3141
9741
15316
19489
22014
22770
21741
19008
14749
9242
2876
-3856
-10372
-16048
-20279
-22562
-22571
-20219
-15695
-9452
-2160
5382
12349
18005
21791
23390
22743
20034
15633
10027
3752
-2675
-8791
-14203
-18591
-21694
-23307
-23278
-21529
-18082
-13090
-6866
124
7279
13920
19371
23050
24552
23716
20646
15704
9452
2566
-4252
-10371
-15295
-18702
-20448
-20539
-19094
-16300
-12377
-7562
-2112
3683
9486
14901
19489
22805
24451
24142
21768
17438
11484
4439
-3027
-10196
-16398
-21097
-23949
-24833
-23833
-21195
-17269
-12441
-7082
-1521
3964
9127
13732
17535
20273
21685
21548
19726
16225
11226
5098
-1631
-8328
-14339
-19077
-22108
-23198
-22340
-19731
-15719
-10741
-5241
379
5798
10778
15145
18756
21466
23111
23512
22505
19986
15959
10586
4196
-2727
-9595
-15790
-20750
-24052
-25465
-24976
-22770
-19180
-14624
-9523
-4248
917
5776
10197
14077
17297
19700
21088
21249
20007
17276
13115
7755
1596
-4831
-10938
-16157
-20031
-22272
-22793
-21697
-19237
-15748
-11578
-7027
-2319
2403
7049
11537
15747
19489
22499
24467
25085
24121
21478
17245
11701
5294
-1425
-7882
-13568
-18106
-21295
-23105
-23647
-23111
-21701
-19579
-16838
-13498
-9548
-4992
89
5505
10937
15966
20131
23004
24269
23789
21632
18059
13479
8369
3188
-1692
-6031
-9732
-12810
-15333
-17361
-18889
-19825
-19992
-19174
-17181
-13920
-9452
-4016
1983
8031
13586
18168
21437
23239
23614
22759
20961
18517
15660
12521
9114
5374
1216
-3394
-8381
-13521
-18461
-22755
-25952
-27680
-27728
-26088
-22961
-18716
-13812
-8707
-3772
764
4831
8490
11867
15078
18157
21005
23396
25007
25498
24600
22191
18354
13373
7699
1865
-3613
-8328
-12050
-14744
-16547
-17693
-18431
-18934
-19241
-19243
-18710
-17367
-14982
-11457
-6883
-1553
4073
9452
14062
17506
19582
20313
19919
18745
17163
15467
13805
12147
10313
8037
5073
1287
-3267
-8328
-13456
-18116
-21785
-24065
-24768
-23951
-21896
-19028
-15815
-12647
-9751
-7146
-4666
-2023
1077
4831
9250
14115
19011
23395
26721
28561
28704
27204
24367
20675
16664
12802
9378
6445
3833
1216
-1772
-5409
-9781
-14721
-19828
-24540
-28256
-30482
-30944
-29657
-26921
-23245
-19226
-15398
-12111
-9452
-7239
-5094
-2565
728
4965
10045
15584
20986
25578
28767
30179
29755
27760
24720
21282
18059
15470
13644
12393
11282
9753
7294
3603
-1312
-7104
-13150
-18690
-23005
-25590
-26278
-25276
-23111
-20490
-18120
-16519
-15885
-16045
-16506
-16589
-15621
-13129
-8982
-3453
2828
9013
14239
17836
19489
19316
17833
15814
14091
13329
13846
15527
17844
19995
21112
20496
17815
13207
7266
912
-4831
-9088
-11343
-11577
-10263
-8243
-6510
-5936
-7044
-9852
-13860
-18163
-21681
-23433
-22803
-19704
-14624
-8515
-2563
2101
4690
4961
3277
517
-2150
-3571
-2915
95
5096
11155
16996
21313
23111
21957
18111
12473
6364
1202
-1858
-2218
0
3978
8403
11804
12923
11061
6263
-661
-8328
-15110
-19547
-20709
-18446
-13439
-7038
-933
3268
4451
2288
-2670
-9109
-15281
-19436
-20270
0
0
0
0
0
0
0
0
0
0
0
0
0
0
0
0
0
0
0
0
0
0
0
0
0
0
0
0
0
0
0
0
0
0
0
0
0
0
0
0
0
0
0
0
0
0
0
0
0
0
0
0
0
0
0
0
0
0
0
0
0
0
0
0
0
0
0
0
0
0
0
0
0
0
0
0
0
0
0
0
0
0
0
0
0
0
0
0
0
0
0
0
0
0
0
0
0
0
0
0
0
0
0
0
0
0
0
0
0
0
0
0
0
0
0
0
0
0
0
0
0
0
0
0
0
0
0
0
0
0
0
0
0
0
0
0
0
0
0
0
0
0
0
0
0
0
0
0
0
0
0
0
0
0
0
0
0
0
0
0
0
0
0
0
0
0
0
0
0
0
0
0
0
0
0
0
0
0
0
0
0
0
0
0
0
0
0
0
0
0
0
0
0
0
0
0
0
0
0
0
0
0
0
0
0
0
0
0
0
0
0
0
0
0
0
0
0
0
0
0
0
0
0
0
0
0
0
0
0
0
0
0
0
0
0
0
0
0
0
0
0
0
0
0
0
0
0
0
0
0
0
0
0
0
0
0
0
0
0
0
0
0
0
0
0
0
0
0
0
0
0
0
0
0
0
0
0
0
0
0
0
0
0
0
0
0
0
0
0
0
0
0
0
0
0
0
0
0
0
0
0
0
0
0
0
0
0
0
0
0
0
0
0
0
0
0
0
0
0
0
0
0
0
0
0
0
0
0
0
0
0
0
0
0
0
0
0
0
0
0
0
0
0
0
0
0
0
0
0
0
0
0
0
0
0
0
0
0
0
0
0
0
0
0
0
0
0
0
0
0
0
0
0
0
0
0
0
0
0
0
0
0
0
0
0
0
0
0
0
0
0
0
0
0
0
0
0
0
0
0
0
0
0
0
0
0
0
0
0
0
0
0
0
0
0
0
0
0
0
0
0
0
0
0
0
0
0
0
0
0
0
0
0
0
0
0
0
0
0
0
0
0
0
0
0
0
0
0
0
0
0
0
0
0
0
0
0
0
0
0
0
0
0
0
0
0
0
0
0
0
0
0
0
0
0
0
0
0
0
0
0
0
0
0
0
0
0
0
0
0
0
0
0
0
0
0
0
0
0
0
0
0
0
0
0
0
0
0
0
0
0
0
0
0
0
0
0
0
0
0
0
0
0
0
0
0
0
0
0
0
0
0
0
0
0
0
0
0
0
0
0
0
0
0
0
0
0
0
0
0
0
0
0
0
0
0
0
0
0
0
0
0
0
0
0
0
0
0
0
0
0
0
0
0
0
0
0
0
0
0
0
0
0
0
0
0
0
0
0
0
0
0
0
0
0
0
0
0
0
0
0
0
0
0
0
0
0
0
0
0
0
0
0
0
0
0
0
0
0
0
0
0
0
0
0
0
0
0
0
0
0
0
0
0
0
0
0
0
0
0
0
0
0
0
0
0
0
0
0
0
0
0
0
0
0
0
0
0
0
0
0
0
0
0
0
0
0
0
0
0
0
0
0
0
0
0
0
0
0
0
0
0
0
0
0
0
0
0
0
0
0
0
0
0
0
0
0
0
0
0
0
0
0
0
0
0
0
0
0
0
0
0
0
0
0
0
0
0
0
0
0
0
0
0
0
0
0
0
0
0
0
0
0
0
0
0
0
0
0
0
0
0
0
0
0
0
0
0
0
0
0
0
0
0
0
0
0
0
0
0
0
0
0
0
0
0
0
0
0
0
0
0
0
0
0
0
0
0
0
0
0
0
0
0
0
0
0
0
0
0
0
0
0
0
0
0
0
0
0
0
0
0
0
0
0
0
0
0
0
0
0
0
0
0
0
0
0
0
0
0
0
0
0
0
0
0
0
0
0
0
0
0
0
0
0
0
0
0
0
0
0
0
0
0
0
0
0
0
0
0
0
0
0
0
0
0
0
0
0
0
0
0
0
0
0
0
0
0
0
0
0
0
0
0
0
0
0
0
0
0
0
0
0
0
0
0
0
0
0
0
0
0
0
0
0
0
0
0
0
0
0
0
0
0
0
0
0
0
0
0
0
0
0
0
0
0
0
0
0
0
0
0
0
0
0
0
0
0
0
0
0
0
0
0
0
0
0
0
0
0
0
0
0
0
0
0
0
0
0
0
0
0
0
0
0
0
0
0
0
0
0
11317
20518
25983
26961
23730
17506
10122
3561
-546
-1325
1132
5804
11006
14837
15677
12618
5724
-3958
-14630
-24161
-30590
-32607
-29855
-23018
-13651
-3797
4505
9714
11142
9101
4798
0
-3433
-4039
-1144
4941
12991
21151
27390
30012
28078
21659
11827
420
-10393
-18622
-22919
-22883
-19130
-13116
-6748
-1895
89
-1286
-5536
-11316
-16778
-20042
-19687
-15135
-6820
3888
14996
24348
30143
31348
27953
20946
12069
3385
-3233
-6552
-6268
-3061
1605
5873
7982
6741
1850
-5996
-15259
-23921
-29974
-31913
-29110
-21976
-11873
-791
9121
16068
19019
17940
13765
8141
2988
0
204
3697
9609
16326
21890
24507
23003
17145
7722
-3620
-14761
-23597
-28539
-28881
-24948
-18005
-9924
-2715
1976
3269
1253
-3047
-7956
-11584
-12332
-9316
-2617
6705
16856
25723
31387
32586
29021
21434
11423
1068
-7578
-12975
-14448
-12328
-7841
-2770
1016
2054
-324
-5817
-13202
-20643
-26145
-28052
-25481
-18546
-8366
3196
13964
21957
25857
25300
20949
14295
7280
1794
-798
0
3705
8985
14005
16907
16304
11646
3395
-7066
-17743
-26505
-31583
-32001
-27801
-20028
-10467
-1211
5849
9483
9393
6269
1586
-2792
-5111
-4186
275
7575
16185
24110
29379
30535
27006
19258
8695
-2664
-12664
-19514
-22210
-20749
-16102
-9947
-4226
-646
-246
-3123
-8417
-14524
-19517
-21629
-19729
-13621
-4127
7091
17913
26253
30562
30178
25483
17792
9015
1190
-4023
-5741
-4058
0
4755
8329
9133
6301
-71
-8921
-18461
-26603
-31469
-31850
-27504
-19227
-8664
2079
10940
16383
17752
15405
10593
5120
871
-688
1116
5982
12700
19454
24276
25559
22459
15141
4755
-6812
-17384
-24999
-28371
-27185
-22146
-14793
-7102
-983
2186
1905
-1344
-6234
-10939
-13621
-12917
-8303
-259
9823
19958
28038
32339
31939
26935
18428
8245
-1491
-8884
-12702
-12664
-9476
-4630
0
2658
2159
-1782
-8475
-16400
-23586
-28100
-28534
-24369
-16118
-5225
6269
16205
22809
25107
23136
17908
11133
4784
584
-421
1870
6604
12191
16721
18458
16304
10095
679
-10272
-20642
-28376
-31960
-30791
-25305
-16866
-7426
952
6599
8631
7152
3196
-1554
-5220
-6223
-3704
2230
10518
19383
26768
30837
30430
25364
16487
5484
-5516
-14448
-19787
-20904
-18189
-12924
-6941
-2140
0
-1198
-5438
-11519
-17642
-21875
-22642
-19144
-11584
-1144
10278
20511
27617
30352
28446
22661
14580
6213
-505
-4191
-4339
-1435
3191
7722
10333
9677
5249
-2457
-12049
-21552
-28888
-32381
-31162
-25387
-16206
-5492
4614
12207
16068
15933
12534
7384
2371
-734
-751
2611
8664
15902
22379
26198
25999
21308
12685
1605
-9873
-19594
-25810
-27581
-24990
-19092
-11639
-4632
186
1767
0
-4261
-9437
-13632
-15135
-12875
-6716
2479
13031
22839
29875
32675
30690
24413
15259
5217
-3625
-9593
-11810
-10393
-6391
-1498
2401
3730
1636
-3771
-11434
-19594
-26220
-29520
-28387
-22691
-13326
-2013
9101
17954
23040
23763
20550
14724
8143
2730
-21
571
4214
9717
15299
19050
19430
15677
8025
-2319
-13453
-23215
-29701
-31708
-29024
-22463
-13655
-4645
2613
6725
7192
4505
0
-4505
-7192
-6725
-2613
4645
13655
22463
29024
31708
29701
23215
13453
2319
-8025
-15677
-19430
-19050
-15299
-9717
-4214
-571
21
-2730
-8143
-14724
-20550
-23763
-23040
-17954
-9101
2013
13326
22691
28387
29520
26220
19594
11434
3771
-1636
-3730
-2401
1498
6391
10393
11810
9593
3625
-5217
-15259
-24413
-30690
-32675
-29875
-22839
-13031
-2479
6716
12875
15135
13632
9437
4261
0
-1767
-186
4632
11639
19092
24990
27581
25810
19594
9873
-1605
-12685
-21308
-25999
-26198
-22379
-15902
-8664
-2611
751
734
-2371
-7384
-12534
-15933
-16068
-12207
-4614
5492
16206
25387
31162
32381
28888
21552
12049
2457
-5249
-9677
-10333
-7722
-3191
1435
4339
4191
505
-6213
-14580
-22661
-28446
-30352
-27617
-20511
-10278
1144
11584
19144
22642
21875
17642
11519
5438
1198
0
2140
6941
12924
18189
20904
19787
14448
5516
-5484
-16487
-25364
-30430
-30837
-26768
-19383
-10518
-2230
3704
6223
5220
1554
-3196
-7152
-8631
-6599
-952
7426
16866
25305
30791
31960
28376
20642
10272
-679
-10095
-16304
-18458
-16721
-12191
-6604
-1870
421
-584
-4784
-11133
-17908
-23136
-25107
-22809
-16205
-6269
5225
16118
24369
28534
28100
23586
16400
8475
1782
-2159
-2658
0
4630
9476
12664
12702
8884
1491
-8245
-18428
-26935
-31939
-32339
-28038
-19958
-9823
259
8303
12917
13621
10939
6234
1344
-1905
-2186
983
7102
14793
22146
27185
28371
24999
17384
6812
-4755
-15141
-22459
-25559
-24276
-19454
-12700
-5982
-1116
688
-871
-5120
-10593
-15405
-17752
-16383
-10940
-2079
8664
19227
27504
31850
31469
26603
18461
8921
71
-6301
-9133
-8329
-4755
0
4058
5741
4023
-1190
-9015
-17792
-25483
-30178
-30562
-26253
-17913
-7091
4127
13621
19729
21629
19517
14524
8417
3123
246
646
4226
9947
16102
20749
22210
19514
12664
2664
-8695
-19258
-27006
-30535
-29379
-24110
-16185
-7575
-275
4186
5111
2792
-1586
-6269
-9393
-9483
-5849
1211
10467
20028
27801
32001
31583
26505
17743
7066
-3395
-11646
-16304
-16907
-14005
-8985
-3705
0
798
-1794
-7280
-14295
-20949
-25300
-25857
-21957
-13964
-3196
8366
18546
25481
28052
26145
20643
13202
5817
324
-2054
-1016
2770
7841
12328
14448
12975
7578
-1068
-11423
-21434
-29021
-32586
-31387
-25723
-16856
-6705
2617
9316
12332
11584
7956
3047
-1253
-3269
-1976
2715
9924
18005
24948
28881
28539
23597
14761
3620
-7722
-17145
-23003
-24507
-21890
-16326
-9609
-3697
-204
0
-2988
-8141
-13765
-17940
-19019
-16068
-9121
791
11873
21976
29110
31913
29974
23921
15259
5996
-1850
-6741
-7982
-5873
-1605
3061
6268
6552
3233
-3385
-12069
-20946
-27953
-31348
-30143
-24348
-14996
-3888
6820
15135
19687
20042
16778
11316
5536
1286
-89
1895
6748
13116
19130
22883
22919
18622
10393
-420
-11827
-21659
-28078
-30012
-27390
-21151
-12991
-4941
1144
4039
3433
0
-4798
-9101
-11142
-9714
-4505
3797
13651
23018
29855
32607
30590
24161
14630
3958
-5724
-12618
-15677
-14837
-11006
-5804
-1132
1325
546
-3561
-10122
-17506
-23730
-26961
-25983
-20518
-11317
0
11317
20518
25983
26961
23730
17506
10122
3561
-546
-1325
1132
5804
11006
14837
15677
12618
5724
-3958
-14630
-24161
-30590
-32607
-29855
-23018
-13651
-3797
4505
9714
11142
9101
4798
0
-3433
-4039
-1144
4941
12991
21151
27390
30012
28078
21659
11827
420
-10393
-18622
-22919
-22883
-19130
-13116
-6748
-1895
89
-1286
-5536
-11316
-16778
-20042
-19687
-15135
-6820
3888
14996
24348
30143
31348
27953
20946
12069
3385
-3233
-6552
-6268
-3061
1605
5873
7982
6741
1850
-5996
-15259
-23921
-29974
-31913
-29110
-21976
-11873
-791
9121
16068
19019
17940
13765
8141
2988
0
204
3697
9609
16326
21890
24507
23003
17145
7722
-3620
-14761
-23597
-28539
-28881
-24948
-18005
-9924
-2715
1976
3269
1253
-3047
-7956
-11584
-12332
-9316
-2617
6705
16856
25723
31387
32586
29021
21434
11423
1068
-7578
-12975
-14448
-12328
-7841
-2770
1016
2054
-324
-5817
-13202
-20643
-26145
-28052
-25481
-18546
-8366
3196
13964
21957
25857
25300
20949
14295
7280
1794
-798
0
3705
8985
14005
16907
16304
11646
3395
-7066
-17743
-26505
-31583
-32001
-27801
-20028
-10467
-1211
5849
9483
9393
6269
1586
-2792
-5111
-4186
275
7575
16185
24110
29379
30535
27006
19258
8695
-2664
-12664
-19514
-22210
-20749
-16102
-9947
-4226
-646
-246
-3123
-8417
-14524
-19517
-21629
-19729
-13621
-4127
7091
17913
26253
30562
30178
25483
17792
9015
1190
-4023
-5741
-4058
0
4755
8329
9133
6301
-71
-8921
-18461
-26603
-31469
-31850
-27504
-19227
-8664
2079
10940
16383
17752
15405
10593
5120
871
-688
1116
5982
12700
19454
24276
25559
22459
15141
4755
-6812
-17384
-24999
-28371
-27185
-22146
-14793
-7102
-983
2186
1905
-1344
-6234
-10939
-13621
-12917
-8303
-259
9823
19958
28038
32339
31939
26935
18428
8245
-1491
-8884
-12702
-12664
-9476
-4630
0
2658
2159
-1782
-8475
-16400
-23586
-28100
-28534
-24369
-16118
-5225
6269
16205
22809
25107
23136
17908
11133
4784
584
-421
1870
6604
12191
16721
18458
16304
10095
679
-10272
-20642
-28376
-31960
-30791
-25305
-16866
-7426
952
6599
8631
7152
3196
-1554
-5220
-6223
-3704
2230
10518
19383
26768
30837
30430
25364
16487
5484
-5516
-14448
-19787
-20904
-18189
-12924
-6941
-2140
0
-1198
-5438
-11519
-17642
-21875
-22642
-19144
-11584
-1144
10278
20511
27617
30352
28446
22661
14580
6213
-505
-4191
-4339
-1435
3191
7722
10333
9677
5249
-2457
-12049
-21552
-28888
-32381
-31162
-25387
-16206
-5492
4614
12207
16068
15933
12534
7384
2371
-734
-751
2611
8664
15902
22379
26198
25999
21308
12685
1605
-9873
-19594
-25810
-27581
-24990
-19092
-11639
-4632
186
1767
0
-4261
-9437
-13632
-15135
-12875
-6716
2479
13031
22839
29875
32675
30690
24413
15259
5217
-3625
-9593
-11810
-10393
-6391
-1498
2401
3730
1636
-3771
-11434
-19594
-26220
-29520
-28387
-22691
-13326
-2013
9101
17954
23040
23763
20550
14724
8143
2730
-21
571
4214
9717
15299
19050
19430
15677
8025
-2319
-13453
-23215
-29701
-31708
-29024
-22463
-13655
-4645
2613
6725
7192
4505
0
-4505
-7192
-6725
-2613
4645
13655
22463
29024
31708
29701
23215
13453
2319
-8025
-15677
-19430
-19050
-15299
-9717
-4214
-571
21
-2730
-8143
-14724
-20550
-23763
-23040
-17954
-9101
2013
13326
22691
28387
29520
26220
19594
11434
3771
-1636
-3730
-2401
1498
6391
10393
11810
9593
3625
-5217
-15259
-24413
-30690
-32675
-29875
-22839
-13031
-2479
6716
12875
15135
13632
9437
4261
0
-1767
-186
4632
11639
19092
24990
27581
25810
19594
9873
-1605
-12685
-21308
-25999
-26198
-22379
-15902
-8664
-2611
751
734
-2371
-7384
-12534
-15933
-16068
-12207
-4614
5492
16206
25387
31162
32381
28888
21552
12049
2457
-5249
-9677
-10333
-7722
-3191
1435
4339
4191
505
-6213
-14580
-22661
-28446
-30352
-27617
-20511
-10278
1144
11584
19144
22642
21875
17642
11519
5438
1198
0
2140
6941
12924
18189
20904
19787
14448
5516
-5484
-16487
-25364
-30430
-30837
-26768
-19383
-10518
-2230
3704
6223
5220
1554
-3196
-7152
-8631
-6599
-952
7426
16866
25305
30791
31960
28376
20642
10272
-679
-10095
-16304
-18458
-16721
-12191
-6604
-1870
421
-584
-4784
-11133
-17908
-23136
-25107
-22809
-16205
-6269
5225
16118
24369
28534
28100
23586
16400
8475
1782
-2159
-2658
0
4630
9476
12664
12702
8884
1491
-8245
-18428
-26935
-31939
-32339
-28038
-19958
-9823
259
8303
12917
13621
10939
6234
1344
-1905
-2186
983
7102
14793
22146
27185
28371
24999
17384
6812
-4755
-15141
-22459
-25559
-24276
-19454
-12700
-5982
-1116
688
-871
-5120
-10593
-15405
-17752
-16383
-10940
-2079
8664
19227
27504
31850
31469
26603
18461
8921
71
-6301
-9133
-8329
-4755
0
4058
5741
4023
-1190
-9015
-17792
-25483
-30178
-30562
-26253
-17913
-7091
4127
13621
19729
21629
19517
14524
8417
3123
246
646
4226
9947
16102
20749
22210
19514
12664
2664
-8695
-19258
-27006
-30535
-29379
-24110
-16185
-7575
-275
4186
5111
2792
-1586
-6269
-9393
-9483
-5849
1211
10467
20028
27801
32001
31583
26505
17743
7066
-3395
-11646
-16304
-16907
-14005
-8985
-3705
0
798
-1794
-7280
-14295
-20949
-25300
-25857
-21957
-13964
-3196
8366
18546
25481
28052
26145
20643
13202
5817
324
-2054
-1016
2770
7841
12328
14448
12975
7578
-1068
-11423
-21434
-29021
-32586
-31387
-25723
-16856
-6705
2617
9316
12332
11584
7956
3047
-1253
-3269
-1976
2715
9924
18005
24948
28881
28539
23597
14761
3620
-7722
-17145
-23003
-24507
-21890
-16326
-9609
-3697
-204
0
-2988
-8141
-13765
-17940
-19019
-16068
-9121
791
11873
21976
29110
31913
29974
23921
15259
5996
-1850
-6741
-7982
-5873
-1605
3061
6268
6552
3233
-3385
-12069
-20946
-27953
-31348
-30143
-24348
-14996
-3888
6820
15135
19687
20042
16778
11316
5536
1286
-89
1895
6748
13116
19130
22883
22919
18622
10393
-420
-11827
-21659
-28078
-30012
-27390
-21151
-12991
-4941
1144
4039
3433
0
-4798
-9101
-11142
-9714
-4505
3797
13651
23018
29855
32607
30590
24161
14630
3958
-5724
-12618
-15677
-14837
-11006
-5804
-1132
1325
546
-3561
-10122
-17506
-23730
-26961
-25983
-20518
-11317
0
11317
20518
25983
26961
23730
17506
10122
3561
-546
-1325
1132
5804
11006
14837
15677
12618
5724
-3958
-14630
-24161
-30590
-32607
-29855
-23018
-13651
-3797
4505
9714
11142
9101
4798
0
-3433
-4039
-1144
4941
12991
21151
27390
30012
28078
21659
11827
420
-10393
-18622
-22919
-22883
-19130
-13116
-6748
-1895
89
-1286
-5536
-11316
-16778
-20042
-19687
-15135
-6820
3888
14996
24348
30143
31348
27953
20946
12069
3385
-3233
-6552
-6268
-3061
1605
5873
7982
6741
1850
-5996
-15259
-23921
-29974
-31913
-29110
-21976
-11873
-791
9121
16068
19019
17940
13765
8141
2988
0
204
3697
9609
16326
21890
24507
23003
17145
7722
-3620
-14761
-23597
-28539
-28881
-24948
-18005
-9924
-2715
1976
3269
1253
-3047
-7956
-11584
-12332
-9316
-2617
6705
16856
25723
31387
32586
29021
21434
11423
1068
-7578
-12975
-14448
-12328
-7841
-2770
1016
2054
-324
-5817
-13202
-20643
-26145
-28052
-25481
-18546
-8366
3196
13964
21957
25857
25300
20949
14295
7280
1794
-798
0
3705
8985
14005
16907
16304
11646
3395
-7066
-17743
-26505
-31583
-32001
-27801
-20028
-10467
-1211
5849
9483
9393
6269
1586
-2792
-5111
-4186
275
7575
16185
24110
29379
30535
27006
19258
8695
-2664
-12664
-19514
-22210
-20749
-16102
-9947
-4226
-646
-246
-3123
-8417
-14524
-19517
-21629
-19729
-13621
-4127
7091
17913
26253
30562
30178
25483
17792
9015
1190
-4023
-5741
-4058
0
4755
8329
9133
6301
-71
-8921
-18461
-26603
-31469
-31850
-27504
-19227
-8664
2079
10940
16383
17752
15405
10593
5120
871
-688
1116
5982
12700
19454
24276
25559
22459
15141
4755
-6812
-17384
-24999
-28371
-27185
-22146
-14793
-7102
-983
2186
1905
-1344
-6234
-10939
-13621
-12917
-8303
-259
9823
19958
28038
32339
31939
26935
18428
8245
-1491
-8884
-12702
-12664
-9476
-4630
0
2658
2159
-1782
-8475
-16400
-23586
-28100
-28534
-24369
-16118
-5225
6269
16205
22809
25107
23136
17908
11133
4784
584
-421
1870
6604
12191
16721
18458
16304
10095
679
-10272
-20642
-28376
-31960
-30791
-25305
-16866
-7426
952
6599
8631
7152
3196
-1554
-5220
-6223
-3704
2230
10518
19383
26768
30837
30430
25364
16487
5484
-5516
-14448
-19787
-20904
-18189
-12924
-6941
-2140
0
-1198
-5438
-11519
-17642
-21875
-22642
-19144
-11584
-1144
10278
20511
27617
30352
28446
22661
14580
6213
-505
-4191
-4339
-1435
3191
7722
10333
9677
5249
-2457
-12049
-21552
-28888
-32381
-31162
-25387
-16206
-5492
4614
12207
16068
15933
12534
7384
2371
-734
-751
2611
8664
15902
22379
26198
25999
21308
12685
1605
-9873
-19594
-25810
-27581
-24990
-19092
-11639
-4632
186
1767
0
-4261
-9437
-13632
-15135
-12875
-6716
2479
13031
22839
29875
32675
30690
24413
15259
5217
-3625
-9593
-11810
-10393
-6391
-1498
2401
3730
1636
-3771
-11434
-19594
-26220
-29520
-28387
-22691
-13326
-2013
9101
17954
23040
23763
20550
14724
8143
2730
-21
571
4214
9717
15299
19050
19430
15677
8025
-2319
-13453
-23215
-29701
-31708
-29024
-22463
-13655
-4645
2613
6725
7192
4505
0
-4505
-7192
-6725
-2613
4645
13655
22463
29024
31708
29701
23215
13453
2319
-8025
-15677
-19430
-19050
-15299
-9717
-4214
-571
21
-2730
-8143
-14724
-20550
-23763
-23040
-17954
-9101
2013
13326
22691
28387
29520
26220
19594
11434
3771
-1636
-3730
-2401
1498
6391
10393
11810
9593
3625
-5217
-15259
-24413
-30690
-32675
-29875
-22839
-13031
-2479
6716
12875
15135
13632
9437
4261
0
-1767
-186
4632
11639
19092
24990
27581
25810
19594
9873
-1605
-12685
-21308
-25999
-26198
-22379
-15902
-8664
-2611
751
734
-2371
-7384
-12534
-15933
-16068
-12207
-4614
5492
16206
25387
31162
32381
28888
21552
12049
2457
-5249
-9677
-10333
-7722
-3191
1435
4339
4191
505
-6213
-14580
-22661
-28446
-30352
-27617
-20511
-10278
1144
11584
19144
22642
21875
17642
11519
5438
1198
0
2140
6941
12924
18189
20904
19787
14448
5516
-5484
-16487
-25364
-30430
-30837
-26768
-19383
-10518
-2230
3704
6223
5220
1554
-3196
-7152
-8631
-6599
-952
7426
16866
25305
30791
31960
28376
20642
10272
-679
-10095
-16304
-18458
-16721
-12191
-6604
-1870
421
-584
-4784
-11133
-17908
-23136
-25107
-22809
-16205
-6269
5225
16118
24369
28534
28100
23586
16400
8475
1782
-2159
-2658
0
4630
9476
12664
12702
8884
1491
-8245
-18428
-26935
-31939
-32339
-28038
-19958
-9823
259
8303
12917
13621
10939
6234
1344
-1905
-2186
983
7102
14793
22146
27185
28371
24999
17384
6812
-4755
-15141
-22459
-25559
-24276
-19454
-12700
-5982
-1116
688
-871
-5120
-10593
-15405
-17752
-16383
-10940
-2079
8664
19227
27504
31850
31469
26603
18461
8921
71
-6301
-9133
-8329
-4755
0
4058
5741
4023
-1190
-9015
-17792
-25483
-30178
-30562
-26253
-17913
-7091
4127
13621
19729
21629
19517
14524
8417
3123
246
646
4226
9947
16102
20749
22210
19514
12664
2664
-8695
-19258
-27006
-30535
-29379
-24110
-16185
-7575
-275
4186
5111
2792
-1586
-6269
-9393
-9483
-5849
1211
10467
20028
27801
32001
31583
26505
17743
7066
-3395
-11646
-16304
-16907
-14005
-8985
-3705
0
798
-1794
-7280
-14295
-20949
-25300
-25857
-21957
-13964
-3196
8366
18546
25481
28052
26145
20643
13202
5817
324
-2054
-1016
2770
7841
12328
14448
12975
7578
-1068
-11423
-21434
-29021
-32586
-31387
-25723
-16856
-6705
2617
9316
12332
11584
7956
3047
-1253
-3269
-1976
2715
9924
18005
24948
28881
28539
23597
14761
3620
-7722
-17145
-23003
-24507
-21890
-16326
-9609
-3697
-204
0
-2988
-8141
-13765
-17940
-19019
-16068
-9121
791
11873
21976
29110
31913
29974
23921
15259
5996
-1850
-6741
-7982
-5873
-1605
3061
6268
6552
3233
-3385
-12069
-20946
-27953
-31348
-30143
-24348
-14996
-3888
6820
15135
19687
20042
16778
11316
5536
1286
-89
1895
6748
13116
19130
22883
22919
18622
10393
-420
-11827
-21659
-28078
-30012
-27390
-21151
-12991
-4941
1144
4039
3433
0
-4798
-9101
-11142
-9714
-4505
3797
13651
23018
29855
32607
30590
24161
14630
3958
-5724
-12618
-15677
-14837
-11006
-5804
-1132
1325
546
-3561
-10122
-17506
-23730
-26961
-25983
-20518
-11317
0
11317
20518
25983
26961
23730
17506
10122
3561
-546
-1325
1132
5804
11006
14837
15677
12618
5724
-3958
-14630
-24161
-30590
-32607
-29855
-23018
-13651
-3797
4505
9714
11142
9101
4798
0
-3433
-4039
-1144
4941
12991
21151
27390
30012
28078
21659
11827
420
-10393
-18622
-22919
-22883
-19130
-13116
-6748
-1895
89
-1286
-5536
-11316
-16778
-20042
-19687
-15135
-6820
3888
14996
24348
30143
31348
27953
20946
12069
3385
-3233
-6552
-6268
-3061
1605
5873
7982
6741
1850
-5996
-15259
-23921
-29974
-31913
-29110
-21976
-11873
-791
9121
16068
19019
17940
13765
8141
2988
0
204
3697
9609
16326
21890
24507
23003
17145
7722
-3620
-14761
-23597
-28539
-28881
-24948
-18005
-9924
-2715
1976
3269
1253
-3047
-7956
-11584
-12332
-9316
-2617
6705
16856
25723
31387
32586
29021
21434
11423
1068
-7578
-12975
-14448
-12328
-7841
-2770
1016
2054
-324
-5817
-13202
-20643
-26145
-28052
-25481
-18546
-8366
3196
13964
21957
25857
25300
20949
14295
7280
1794
-798
0
3705
8985
14005
16907
16304
11646
3395
-7066
-17743
-26505
-31583
-32001
-27801
-20028
-10467
-1211
5849
9483
9393
6269
1586
-2792
-5111
-4186
275
7575
16185
24110
29379
30535
27006
19258
8695
-2664
-12664
-19514
-22210
-20749
-16102
-9947
-4226
-646
-246
-3123
-8417
-14524
-19517
-21629
-19729
-13621
-4127
7091
17913
26253
30562
30178
25483
17792
9015
1190
-4023
-5741
-4058
0
4755
8329
9133
6301
-71
-8921
-18461
-26603
-31469
-31850
-27504
-19227
-8664
2079
10940
16383
17752
15405
10593
5120
871
-688
1116
5982
12700
19454
24276
25559
22459
15141
4755
-6812
-17384
-24999
-28371
-27185
-22146
-14793
-7102
-983
2186
1905
-1344
-6234
-10939
-13621
-12917
-8303
-259
9823
19958
28038
32339
31939
26935
18428
8245
-1491
-8884
-12702
-12664
-9476
-4630
0
2658
2159
-1782
-8475
-16400
-23586
-28100
-28534
-24369
-16118
-5225
6269
16205
22809
25107
23136
17908
11133
4784
584
-421
1870
6604
12191
16721
18458
16304
10095
679
-10272
-20642
-28376
-31960
-30791
-25305
-16866
-7426
952
6599
8631
7152
3196
-1554
-5220
-6223
-3704
2230
10518
19383
26768
30837
30430
25364
16487
5484
-5516
-14448
-19787
-20904
-18189
-12924
-6941
-2140
0
-1198
-5438
-11519
-17642
-21875
-22642
-19144
-11584
-1144
10278
20511
27617
30352
28446
22661
14580
6213
-505
-4191
-4339
-1435
3191
7722
10333
9677
5249
-2457
-12049
-21552
-28888
-32381
-31162
-25387
-16206
-5492
4614
12207
16068
15933
12534
7384
2371
-734
-751
2611
8664
15902
22379
26198
25999
21308
12685
1605
-9873
-19594
-25810
-27581
-24990
-19092
-11639
-4632
186
1767
0
-4261
-9437
-13632
-15135
-12875
-6716
2479
13031
22839
29875
32675
30690
24413
15259
5217
-3625
-9593
-11810
-10393
-6391
-1498
2401
3730
1636
-3771
-11434
-19594
-26220
-29520
-28387
-22691
-13326
-2013
9101
17954
23040
23763
20550
14724
8143
2730
-21
571
4214
9717
15299
19050
19430
15677
8025
-2319
-13453
-23215
-29701
-31708
-29024
-22463
-13655
-4645
2613
6725
7192
4505
0
-4505
-7192
-6725
-2613
4645
13655
22463
29024
31708
29701
23215
13453
2319
-8025
-15677
-19430
-19050
-15299
-9717
-4214
-571
21
-2730
-8143
-14724
-20550
-23763
-23040
-17954
-9101
2013
13326
22691
28387
29520
26220
19594
11434
3771
-1636
-3730
-2401
1498
6391
10393
11810
9593
3625
-5217
-15259
-24413
-30690
-32675
-29875
-22839
-13031
-2479
6716
12875
15135
13632
9437
4261
0
-1767
-186
4632
11639
19092
24990
27581
25810
19594
9873
-1605
-12685
-21308
-25999
-26198
-22379
-15902
-8664
-2611
751
734
-2371
-7384
-12534
-15933
-16068
-12207
-4614
5492
16206
25387
31162
32381
28888
21552
12049
2457
-5249
-9677
-10333
-7722
-3191
1435
4339
4191
505
-6213
-14580
-22661
-28446
-30352
-27617
-20511
-10278
1144
11584
19144
22642
21875
17642
11519
5438
1198
0
2140
6941
12924
18189
20904
19787
14448
5516
-5484
-16487
-25364
-30430
-30837
-26768
-19383
-10518
-2230
3704
6223
5220
1554
-3196
-7152
-8631
-6599
-952
7426
16866
25305
30791
31960
28376
20642
10272
-679
-10095
-16304
-18458
-16721
-12191
-6604
-1870
421
-584
-4784
-11133
-17908
-23136
-25107
-22809
-16205
-6269
5225
16118
24369
28534
28100
23586
16400
8475
1782
-2159
-2658
0
4630
9476
12664
12702
8884
1491
-8245
-18428
-26935
-31939
-32339
-28038
-19958
-9823
259
8303
12917
13621
10939
6234
1344
-1905
-2186
983
7102
14793
22146
27185
28371
24999
17384
6812
-4755
-15141
-22459
-25559
-24276
-19454
-12700
-5982
-1116
688
-871
-5120
-10593
-15405
-17752
-16383
-10940
-2079
8664
19227
27504
31850
31469
26603
18461
8921
71
-6301
-9133
-8329
-4755
0
4058
5741
4023
-1190
-9015
-17792
-25483
-30178
-30562
-26253
-17913
-7091
4127
13621
19729
21629
19517
14524
8417
3123
246
646
4226
9947
16102
20749
22210
19514
12664
2664
-8695
-19258
-27006
-30535
-29379
-24110
-16185
-7575
-275
4186
5111
2792
-1586
-6269
-9393
-9483
-5849
1211
10467
20028
27801
32001
31583
26505
17743
7066
-3395
-11646
-16304
-16907
-14005
-8985
-3705
0
798
-1794
-7280
-14295
-20949
-25300
-25857
-21957
-13964
-3196
8366
18546
25481
28052
26145
20643
13202
5817
324
-2054
-1016
2770
7841
12328
14448
12975
7578
-1068
-11423
-21434
-29021
-32586
-31387
-25723
-16856
-6705
2617
9316
12332
11584
7956
3047
-1253
-3269
-1976
2715
9924
18005
24948
28881
28539
23597
14761
3620
-7722
-17145
-23003
-24507
-21890
-16326
-9609
-3697
-204
0
-2988
-8141
-13765
-17940
-19019
-16068
-9121
791
11873
21976
29110
31913
29974
23921
15259
5996
-1850
-6741
-7982
-5873
-1605
3061
6268
6552
3233
-3385
-12069
-20946
-27953
-31348
-30143
-24348
-14996
-3888
6820
15135
19687
20042
16778
11316
5536
1286
-89
1895
6748
13116
19130
22883
22919
18622
10393
-420
-11827
-21659
-28078
-30012
-27390
-21151
-12991
-4941
1144
4039
3433
0
-4798
-9101
-11142
-9714
-4505
3797
13651
23018
29855
32607
30590
24161
14630
3958
-5724
-12618
-15677
-14837
-11006
-5804
-1132
1325
546
-3561
-10122
-17506
-23730
-26961
-25983
-20518
-11317
0
11317
20518
25983
26961
23730
17506
10122
3561
-546
-1325
1132
5804
11006
14837
15677
12618
5724
-3958
-14630
-24161
-30590
-32607
-29855
-23018
-13651
-3797
4505
9714
11142
9101
4798
0
-3433
-4039
-1144
4941
12991
21151
27390
30012
28078
21659
11827
420
-10393
-18622
-22919
-22883
-19130
-13116
-6748
-1895
89
-1286
-5536
-11316
-16778
-20042
-19687
-15135
-6820
3888
14996
24348
30143
31348
27953
20946
12069
3385
-3233
-6552
-6268
-3061
1605
5873
7982
6741
1850
-5996
-15259
-23921
-29974
-31913
-29110
-21976
-11873
-791
9121
16068
19019
17940
13765
8141
2988
0
204
3697
9609
16326
21890
24507
23003
17145
7722
-3620
-14761
-23597
-28539
-28881
-24948
-18005
-9924
-2715
1976
3269
1253
-3047
-7956
-11584
-12332
-9316
-2617
6705
16856
25723
31387
32586
29021
21434
11423
1068
-7578
-12975
-14448
-12328
-7841
-2770
1016
2054
-324
-5817
-13202
-20643
-26145
-28052
-25481
-18546
-8366
3196
13964
21957
25857
25300
20949
14295
7280
1794
-798
0
3705
8985
14005
16907
16304
11646
3395
-7066
-17743
-26505
-31583
-32001
-27801
-20028
-10467
-1211
5849
9483
9393
6269
1586
-2792
-5111
-4186
275
7575
16185
24110
29379
30535
27006
19258
8695
-2664
-12664
-19514
-22210
-20749
-16102
-9947
-4226
-646
-246
-3123
-8417
-14524
-19517
-21629
-19729
-13621
-4127
7091
17913
26253
30562
30178
25483
17792
9015
1190
-4023
-5741
-4058
0
4755
8329
9133
6301
-71
-8921
-18461
-26603
-31469
-31850
-27504
-19227
-8664
2079
10940
16383
17752
15405
10593
5120
871
-688
1116
5982
12700
19454
24276
25559
22459
15141
4755
-6812
-17384
-24999
-28371
-27185
-22146
-14793
-7102
-983
2186
1905
-1344
-6234
-10939
-13621
-12917
-8303
-259
9823
19958
28038
32339
31939
26935
18428
8245
-1491
-8884
-12702
-12664
-9476
-4630
0
2658
2159
-1782
-8475
-16400
-23586
-28100
-28534
-24369
-16118
-5225
6269
16205
22809
25107
23136
17908
11133
4784
584
-421
1870
6604
12191
16721
18458
16304
10095
679
-10272
-20642
-28376
-31960
-30791
-25305
-16866
-7426
952
6599
8631
7152
3196
-1554
-5220
-6223
-3704
2230
10518
19383
26768
30837
30430
25364
16487
5484
-5516
-14448
-19787
-20904
-18189
-12924
-6941
-2140
0
-1198
-5438
-11519
-17642
-21875
-22642
-19144
-11584
-1144
10278
20511
27617
30352
28446
22661
14580
6213
-505
-4191
-4339
-1435
3191
7722
10333
9677
5249
-2457
-12049
-21552
-28888
-32381
-31162
-25387
-16206
-5492
4614
12207
16068
15933
12534
7384
2371
-734
-751
2611
8664
15902
22379
26198
25999
21308
12685
1605
-9873
-19594
-25810
-27581
-24990
-19092
-11639
-4632
186
1767
0
-4261
-9437
-13632
-15135
-12875
-6716
2479
13031
22839
29875
32675
30690
24413
15259
5217
-3625
-9593
-11810
-10393
-6391
-1498
2401
3730
1636
-3771
-11434
-19594
-26220
-29520
-28387
-22691
-13326
-2013
9101
17954
23040
23763
20550
14724
8143
2730
-21
571
4214
9717
15299
19050
19430
15677
8025
-2319
-13453
-23215
-29701
-31708
-29024
-22463
-13655
-4645
2613
6725
7192
4505
0
-4505
-7192
-6725
-2613
4645
13655
22463
29024
31708
29701
23215
13453
2319
-8025
-15677
-19430
-19050
-15299
-9717
-4214
-571
21
-2730
-8143
-14724
-20550
-23763
-23040
-17954
-9101
2013
13326
22691
28387
29520
26220
19594
11434
3771
-1636
-3730
-2401
1498
6391
10393
11810
9593
3625
-5217
-15259
-24413
-30690
-32675
-29875
-22839
-13031
-2479
6716
12875
15135
13632
9437
4261
0
-1767
-186
4632
11639
19092
24990
27581
25810
19594
9873
-1605
-12685
-21308
-25999
-26198
-22379
-15902
-8664
-2611
751
734
-2371
-7384
-12534
-15933
-16068
-12207
-4614
5492
16206
25387
31162
32381
28888
21552
12049
2457
-5249
-9677
-10333
-7722
-3191
1435
4339
4191
505
-6213
-14580
-22661
-28446
-30352
-27617
-20511
-10278
1144
11584
19144
22642
21875
17642
11519
5438
1198
0
2140
6941
12924
18189
20904
19787
14448
5516
-5484
-16487
-25364
-30430
-30837
-26768
-19383
-10518
-2230
3704
6223
5220
1554
-3196
-7152
-8631
-6599
-952
7426
16866
25305
30791
31960
28376
20642
10272
-679
-10095
-16304
-18458
-16721
-12191
-6604
-1870
421
-584
-4784
-11133
-17908
-23136
-25107
-22809
-16205
-6269
5225
16118
24369
28534
28100
23586
16400
8475
1782
-2159
-2658
0
4630
9476
12664
12702
8884
1491
-8245
-18428
-26935
-31939
-32339
-28038
-19958
-9823
259
8303
12917
13621
10939
6234
1344
-1905
-2186
983
7102
14793
22146
27185
28371
24999
17384
6812
-4755
-15141
-22459
-25559
-24276
-19454
-12700
-5982
-1116
688
-871
-5120
-10593
-15405
-17752
-16383
-10940
-2079
8664
19227
27504
31850
31469
26603
18461
8921
71
-6301
-9133
-8329
-4755
0
4058
5741
4023
-1190
-9015
-17792
-25483
-30178
-30562
-26253
-17913
-7091
4127
13621
19729
21629
19517
14524
8417
3123
246
646
4226
9947
16102
20749
22210
19514
12664
2664
-8695
-19258
-27006
-30535
-29379
-24110
-16185
-7575
-275
4186
5111
2792
-1586
-6269
-9393
-9483
-5849
1211
10467
20028
27801
32001
31583
26505
17743
7066
-3395
-11646
-16304
-16907
-14005
-8985
-3705
0
798
-1794
-7280
-14295
-20949
-25300
-25857
-21957
-13964
-3196
8366
18546
25481
28052
26145
20643
13202
5817
324
-2054
-1016
2770
7841
12328
14448
12975
7578
-1068
-11423
-21434
-29021
-32586
-31387
-25723
-16856
-6705
2617
9316
12332
11584
7956
3047
-1253
-3269
-1976
2715
9924
18005
24948
28881
28539
23597
14761
3620
-7722
-17145
-23003
-24507
-21890
-16326
-9609
-3697
-204
0
-2988
-8141
-13765
-17940
-19019
-16068
-9121
791
11873
21976
29110
31913
29974
23921
15259
5996
-1850
-6741
-7982
-5873
-1605
3061
6268
6552
3233
-3385
-12069
-20946
-27953
-31348
-30143
-24348
-14996
-3888
6820
15135
19687
20042
16778
11316
5536
1286
-89
1895
6748
13116
19130
22883
22919
18622
10393
-420
-11827
-21659
-28078
-30012
-27390
-21151
-12991
-4941
1144
4039
3433
0
-4798
-9101
-11142
-9714
-4505
3797
13651
23018
29855
32607
30590
24161
14630
3958
-5724
-12618
-15677
-14837
-11006
-5804
-1132
1325
546
-3561
-10122
-17506
-23730
-26961
-25983
-20518
-11317
