0
4278
8485
12550
16402
19973
23203
26035
28419
30314
31684
32507
32766
32456
31581
30156
28203
25758
22860
19561
15917
11991
7852
3573
-771
-5106
-9352
-13436
-17284
-20829
-24006
-26759
-29038
-30801
-32015
-32660
-32720
-32196
-31094
-29434
-27244
-24563
-21439
-17925
-14087
-9991
-5712
-1327
3083
7441
11667
15683
19415
22796
25762
28259
30239
31667
32514
32764
32412
31462
29931
27847
25247
22178
18696
14865
10755
6443
2009
-2465
-6896
-11201
-15299
-19113
-22570
-25606
-28162
-30190
-31650
-32514
-32764
-32394
-31411
-29832
-27686
-25012
-21861
-18292
-14372
-10175
-5781
-1274
3259
7733
12062
16161
19951
23359
26318
28771
30668
31973
32659
32711
32127
30919
29107
26727
23823
20452
16679
12577
8226
3711
-879
-5455
-9926
-14204
-18204
-21846
-25058
-27775
-29942
-31516
-32464
-32766
-32415
-31417
-29790
-27567
-24790
-21514
-17805
-13736
-9388
-4849
-209
4437
8997
13377
17489
21248
24578
27411
29687
31359
32393
32765
32468
31507
29899
27676
24884
21579
17828
13707
9301
4700
0
-4703
-9311
-13729
-17864
-21629
-24947
-27746
-29968
-31566
-32503
-32761
-32332
-31225
-29460
-27076
-24119
-20653
-16748
-12488
-7961
-3263
1506
6246
10856
15238
19298
22949
26112
28719
30713
32051
32702
32651
31900
30461
28366
25658
22395
18646
14492
10022
5332
524
-4298
-9029
-13567
-17811
-21669
-25055
-27896
-30127
-31699
-32577
-32739
-32182
-30916
-28967
-26379
-23206
-19519
-15397
-10932
-6222
-1372
3511
8320
12945
17284
21240
24723
27655
29968
31611
32545
32748
32214
30954
28995
26381
23169
19431
15252
10724
5950
1038
-3899
-8751
-13405
-17757
-21705
-25159
-28038
-30277
-31822
-32637
-32702
-32014
-30588
-28456
-25665
-22280
-18377
-14047
-9388
-4509
477
5455
10308
14924
19194
23018
26305
28979
30974
32243
32756
32498
31476
29711
27244
24133
20449
16280
11722
6884
1880
-3170
-8148
-12935
-17416
-21484
-25041
-28000
-30291
-31856
-32659
-32677
-31909
-30373
-28105
-25157
-21600
-17520
-13013
-8189
-3163
1941
7001
11893
16499
20705
24407
27516
29953
31659
32589
32721
32049
30590
28377
25463
21921
17836
13307
8448
3377
-1780
-6896
-11843
-16499
-20746
-24479
-27603
-30040
-31727
-32621
-32699
-31957
-30413
-28105
-25088
-21439
-17247
-12618
-7668
-2522
2689
7836
12787
17416
21605
25247
28248
30530
32035
32723
32574
31592
29801
27244
23987
20112
15718
10917
5832
595
-4660
-9798
-14685
-19194
-23208
-26622
-29345
-31307
-32455
-32757
-32206
-30813
-28614
-25665
-22043
-17841
-13169
-8148
-2911
2405
7661
12717
17440
21705
25397
28419
30689
32146
32750
32483
31352
29385
26633
23169
19084
14487
9500
4255
-1105
-6439
-11603
-16457
-20870
-24723
-27911
-30346
-31961
-32712
-32578
-31559
-29684
-27001
-23582
-19519
-14922
-9916
-4636
771
6162
11386
16301
20770
24671
27896
30354
31977
32719
32558
31498
29565
26813
23317
19172
14492
9407
4058
-1405
-6833
-12073
-16978
-21411
-25247
-28377
-30713
-32188
-32760
-32410
-31148
-29007
-26047
-22351
-18021
-13179
-7961
-2516
3003
8440
13640
18454
22745
26389
29282
31340
32503
32737
32033
30409
27913
24613
20604
16000
10932
5547
0
-5550
-10942
-16021
-20637
-24657
-27963
-30458
-32068
-32745
-32468
-31244
-29107
-26118
-22364
-17952
-13013
-7689
-2137
3479
8997
14252
19090
23367
26955
29748
31662
32640
32650
31691
29790
27003
23411
19119
14256
8965
3403
-2262
-7862
-13230
-18204
-22633
-26385
-29345
-31423
-32556
-32707
-31871
-30072
-27362
-23823
-19561
-14703
-9397
-3803
1908
7565
12994
18030
22517
26318
29316
31419
32559
32702
31841
30001
27238
23635
19302
14372
8996
3339
-2422
-8112
-13553
-18577
-23026
-26761
-29667
-31650
-32648
-32629
-31591
-29565
-26615
-22829
-18327
-13249
-7752
-2009
3799
9491
14886
19815
24120
27666
30338
32052
32751
32412
31044
28690
25423
21345
16586
11295
5642
-193
-6025
-11667
-16938
-21669
-25706
-28920
-31206
-32489
-32726
-31909
-30063
-27244
-23544
-19081
-13998
-8460
-2644
3259
9060
14569
19606
24006
27626
30346
32075
32756
32366
30916
28451
25051
20827
15917
10480
4696
-1244
-7147
-12817
-18065
-22719
-26622
-29644
-31684
-32674
-32578
-31398
-29173
-25975
-21909
-17110
-11737
-5969
0
5972
11747
17130
21941
26016
29217
31436
32596
32657
31615
29504
26395
22390
17625
12260
6476
470
-5554
-11392
-16845
-21726
-25867
-29127
-31393
-32585
-32662
-31619
-29491
-26349
-22301
-17483
-12062
-6222
-166
5898
11762
17222
22088
26191
29387
31566
32648
32597
31411
29131
25835
21636
16679
11138
5205
-912
-7001
-12847
-18244
-23003
-26955
-29960
-31912
-32739
-32412
-30940
-28374
-24803
-20353
-15179
-9465
-3413
2763
8843
14612
19863
24407
28083
30758
32334
32755
32003
30103
27124
23169
18381
12929
7010
836
-5370
-11386
-16993
-21989
-26191
-29446
-31636
-32680
-32538
-31214
-28754
-25247
-20819
-15630
-9868
-3744
2518
8692
14551
19879
24480
28184
30855
32393
32739
31880
29845
26709
22585
17625
12011
5950
-333
-6607
-12639
-18204
-23094
-27128
-30152
-32055
-32763
-32248
-30528
-27666
-23767
-18976
-13473
-7461
-1167
5173
11322
17047
22132
26385
29644
31785
32724
32427
30901
28203
24435
19738
14288
8294
1981
-4409
-10635
-16457
-21654
-26025
-29402
-31656
-32697
-32485
-31027
-28377
-24634
-19943
-14481
-8460
-2109
4324
10594
16457
21686
26077
29459
31699
32710
32451
30929
28203
24378
19601
14056
7961
1552
-4919
-11201
-17047
-22227
-26537
-29806
-31906
-32751
-32307
-30590
-27666
-23648
-18696
-13002
-6791
-309
6187
12441
18204
23246
27366
30398
32222
32762
31995
29951
26709
22398
17189
11289
4935
-1619
-8112
-14281
-19879
-24678
-28486
-31147
-32552
-32643
-31416
-28917
-25247
-20553
-15023
-8882
-2378
4225
10659
16662
21989
26421
29777
31918
32756
32254
30432
27362
23169
18024
12137
5748
-879
-7473
-13762
-19485
-24407
-28323
-31070
-32533
-32650
-31414
-28875
-25136
-20353
-14721
-8475
-1874
4807
11292
17307
22602
26955
30182
32146
32765
32010
29911
26556
22083
16679
10571
4016
-2711
-9326
-15551
-21121
-25799
-29387
-31732
-32732
-32344
-30582
-27520
-23286
-18060
-12062
-5547
1206
7911
14280
20041
24947
28786
31393
32653
32513
30975
28105
24024
18906
12972
6476
-301
-7069
-13534
-19415
-24458
-28443
-31196
-32596
-32580
-31148
-28360
-24336
-19250
-13322
-6811
0
6813
13332
19269
24364
28393
31178
32594
32578
31129
28309
24241
19103
13120
6555
-301
-7147
-13680
-19609
-24671
-28641
-31340
-32648
-32505
-30916
-27948
-23735
-18460
-12360
-5706
1206
8067
14569
20421
25359
29162
31656
32728
32328
30473
27244
22786
17298
11027
4255
-2711
-9557
-15974
-21669
-26383
-29901
-32062
-32766
-31979
-29736
-26137
-21345
-15577
-9095
-2195
4807
11593
17850
23291
27666
30771
32464
32665
31362
28614
24546
19345
13249
6538
-477
-7473
-14125
-20126
-25196
-29098
-31650
-32732
-32292
-30349
-26991
-22374
-16712
-10266
-3339
3746
10659
17076
22694
27251
30530
32377
32702
31489
28793
24740
19519
13375
6597
-494
-7565
-14281
-20323
-25404
-29282
-31772
-32753
-32178
-30072
-26533
-21729
-15887
-9285
-2238
4919
11843
18204
23695
28052
31066
32589
32548
30942
27847
23411
17845
11416
4435
-2763
-9830
-16425
-22227
-26955
-30378
-32330
-32713
-31507
-28769
-24631
-19293
-13013
-6096
1120
8285
15047
21076
26077
29802
32068
32763
31850
29372
25451
20276
14101
7230
0
-7232
-14111
-20295
-25478
-29402
-31872
-32764
-32033
-29711
-25913
-20827
-14703
-7845
-595
6688
13640
19914
25196
29220
31785
32759
32093
29819
26047
20967
14832
7950
664
-6656
-13645
-19948
-25247
-29273
-31822
-32763
-32046
-29706
-25861
-20703
-14492
-7543
-209
7138
14125
20396
25629
29557
31977
32766
31880
29363
25342
20022
13674
6622
-771
-8129
-15071
-21240
-26318
-30042
-32219
-32734
-31559
-28754
-24461
-18901
-12360
-5177
2276
9615
16457
22447
27271
30678
32489
32608
31026
27825
23169
17302
10527
3199
-4298
-11573
-18244
-23960
-28419
-31387
-32705
-32302
-30198
-26501
-21406
-15179
-8148
-684
6817
13962
20369
25700
29668
32064
32757
31710
28975
24698
19103
12488
5205
-2358
-9798
-16717
-22745
-27557
-30894
-32577
-32513
-30703
-27244
-22319
-16192
-9191
-1693
5898
13175
19743
25247
29388
31941
32765
31816
29141
24884
19276
12618
5272
-2362
-9871
-16845
-22903
-27714
-31014
-32621
-32445
-30495
-26875
-21781
-15492
-8351
-749
6896
14165
20658
26016
29942
32220
32721
31417
28377
23767
17841
10926
3403
-4310
-11787
-18613
-24407
-28847
-31684
-32759
-32010
-29476
-25298
-19707
-13013
-5590
2148
9769
16845
22980
27828
31116
32659
32366
30254
26438
21133
14635
7310
-430
-8148
-15409
-21801
-26962
-30598
-32502
-32563
-30778
-27244
-22162
-15818
-8572
-836
6950
14343
20920
26305
30190
32350
32661
31103
27762
22829
16586
9388
1649
-6187
-13670
-20369
-25898
-29936
-32249
-32702
-31267
-28024
-23161
-16955
-9766
-2009
5867
13405
20168
25762
29860
32222
32709
31291
28049
23169
16936
9711
1916
-5992
-13553
-20323
-25904
-29968
-32275
-32687
-31179
-27837
-22855
-16527
-9222
-1372
6562
14111
20829
26318
30252
32397
32623
30916
27374
22206
15718
8294
373
-7571
-15067
-21669
-26980
-30683
-32556
-32483
-30469
-26631
-21197
-14492
-6916
1077
9009
16402
22811
27851
31216
32702
32218
29790
25564
19793
12824
5078
-2978
-10856
-18080
-24210
-28873
-31785
-32766
-31757
-28816
-24119
-17952
-10689
-2772
5316
13083
20053
25799
29968
32304
32662
31017
27469
22233
15630
8064
0
-8067
-15639
-22251
-27492
-31038
-32669
-32282
-29899
-25665
-19840
-12785
-4935
3223
11185
18454
24578
29176
31960
32754
31507
28295
23317
16881
9388
1306
-6859
-14599
-21426
-26913
-30713
-32587
-32415
-30206
-26096
-20343
-13307
-5431
2789
10837
18204
24423
29100
31937
32755
31498
28244
23199
16679
9099
938
-7285
-15047
-21854
-27271
-30951
-32659
-32282
-29844
-25497
-19519
-12290
-4271
4023
12062
19330
25359
29762
32252
32670
30984
27303
21861
15008
7184
-1105
-9326
-16947
-23474
-28484
-31650
-32766
-31757
-28687
-23753
-17274
-9670
-1435
6896
14781
21705
27215
30951
32666
32248
29720
25247
19119
11737
3583
-4807
-12886
-20121
-26035
-30239
-32455
-32534
-30469
-26395
-20578
-13400
-5336
3083
11302
18775
25007
29584
32200
32681
30992
27244
21684
14679
6695
-1736
-10055
-17706
-24178
-29038
-31959
-32744
-31340
-27837
-22468
-15592
-7668
771
9163
16942
23583
28641
31772
32764
31548
28203
22955
16155
8261
-193
-8637
-16499
-23246
-28419
-31667
-32766
-31641
-28366
-23161
-16378
-8479
0
8482
16388
23178
28387
31659
32766
31633
28334
23092
16267
8323
-193
-8699
-16610
-23382
-28547
-31748
-32764
-31521
-28105
-22748
-15818
-7793
771
9287
17161
23850
28887
31923
32744
31292
27666
22114
15023
6884
-1736
-10238
-18030
-24565
-29387
-32158
-32681
-30919
-26991
-21173
-13868
-5590
3083
11543
19194
25499
30012
32414
32534
30361
26047
19895
12336
3903
-4807
-13181
-20625
-26610
-30711
-32637
-32248
-29569
-24790
-18247
-10405
-1820
6896
15124
22277
27843
31423
32760
31757
28483
23169
16196
8060
-655
-9326
-17331
-24094
-29127
-32068
-32703
-30984
-27033
-21133
-13707
-5289
3511
12062
19743
25999
30374
32552
32371
29844
25150
18630
10754
2094
-6719
-15047
-22282
-27896
-31478
-32765
-31661
-28244
-22763
-15616
-7324
1506
10228
18204
24847
29668
32313
32585
30461
26096
19809
12062
3423
-5469
-13962
-21426
-27310
-31178
-32740
-31881
-28661
-23317
-16242
-7961
912
9721
17811
24578
29519
32265
32608
30520
26157
19840
12041
3339
-5613
-14150
-21629
-27492
-31296
-32755
-31758
-28377
-22863
-15630
-7219
1736
10564
18599
25234
29968
32443
32468
30041
25342
18725
10689
1842
-7147
-15598
-22868
-28404
-31785
-32751
-31227
-27327
-21345
-13736
-5078
3969
12717
20496
26712
30887
32702
32014
28875
23522
16364
7950
-1077
-10024
-18204
-24986
-29848
-32414
-32483
-30050
-25298
-18593
-10451
-1499
7571
16058
23305
28750
31969
32711
30916
26720
20449
12587
3744
-5391
-14111
-21734
-27666
-31442
-32766
-31533
-27837
-21964
-14372
-5653
3510
12401
20323
26654
30894
32710
31957
28692
23169
15822
7226
-1941
-10958
-19113
-25762
-30378
-32596
-32237
-29328
-24096
-16955
-8469
691
9799
18132
25028
29936
32465
32412
29778
24772
17791
9388
234
-8940
-17404
-24479
-29598
-32350
-32513
-30072
-25219
-18342
-9991
-836
8388
16942
24135
29387
32275
32563
30226
25451
18620
10283
1113
-8148
-16754
-24006
-29316
-32252
-32574
-30254
-25477
-18630
-10266
-1066
8222
16845
24098
29390
32286
32549
30156
25298
18372
9941
695
-8610
-17213
-24407
-29603
-32371
-32482
-29925
-24908
-17841
-9305
0
9307
17850
24924
29942
32491
32356
29546
24293
17028
8351
-1019
-10308
-18745
-25629
-30386
-32621
-32145
-28995
-23432
-15917
-7073
2362
11603
19879
26497
30903
32728
31816
28241
22301
14491
5464
-4023
-13175
-21224
-27492
-31451
-32766
-31324
-27244
-20868
-12732
-3519
5992
15001
22745
28568
31977
32682
30619
25962
19103
10622
1238
-8253
-17047
-24394
-29668
-32420
-32412
-29643
-24347
-16973
-8148
1373
10781
19269
26112
30723
32705
31886
28334
22351
14449
5304
-4298
-13534
-21608
-27826
-31650
-32749
-31026
-26627
-19930
-11510
-2094
7504
16457
23989
29446
32355
32460
29752
24461
17046
8148
-1459
-10942
-19477
-26318
-30870
-32732
-31742
-27983
-21780
-13674
-4371
5316
14541
22496
28484
31977
32669
30495
25645
18541
9807
209
-9410
-18204
-25397
-30356
-32640
-32046
-28625
-22675
-14721
-5464
4278
13645
21806
28038
31787
32719
30748
26047
19032
10324
695
-8997
-17892
-25196
-30256
-32621
-32077
-28669
-22701
-14703
-5389
4409
13816
21989
28193
31872
32694
30582
25725
18555
9715
0
-9718
-18563
-25739
-30598
-32699
-31850
-28126
-21861
-13619
-4144
5708
15047
23026
28920
32194
32549
29951
24631
17073
7961
-1876
-11547
-20168
-26955
-31287
-32766
-31257
-26894
-20073
-11416
-1713
8148
17267
24807
30076
32589
32113
28690
22632
14492
5018
-4919
-14407
-22570
-28657
-32104
-32591
-30072
-24775
-17189
-8012
1907
11653
20323
27113
31393
32763
31094
26539
19519
10683
852
-9060
-18132
-25519
-30530
-32697
-31816
-27965
-21503
-13031
-3339
6667
16052
23938
29584
32459
32292
29097
23169
15065
5543
-4501
-14125
-22423
-28612
-32108
-32578
-29977
-24546
-16798
-7461
2582
12385
21019
27666
31694
32721
30647
25665
18247
9095
-923
-10856
-19760
-26786
-31264
-32766
-31146
-26556
-19431
-10451
-470
9557
18675
26008
30855
32749
31507
27244
20368
11537
1595
-8501
-17784
-25359
-30497
-32702
-31758
-27754
-21074
-12360
-2451
7696
17103
24860
30215
32648
31922
28105
21563
12929
3039
-7147
-16643
-24525
-30025
-32607
-32016
-28309
-21844
-13249
-3359
6859
16412
24364
29939
32588
32050
28377
21924
13322
3413
-6833
-16412
-24382
-29960
-32596
-32028
-28309
-21804
-13150
-3199
7069
16643
24578
30089
32630
31946
28105
21482
12732
2719
-7565
-17103
-24947
-30318
-32680
-31797
-27754
-20951
-12062
-1970
8320
17784
25478
30633
32732
31565
27244
20200
11134
952
-9326
-18675
-26154
-31014
-32765
-31228
-26556
-19215
-9941
333
10578
19760
26955
31436
32749
30759
25665
17979
8475
-1887
-12062
-21019
-27851
-31864
-32650
-30126
-24546
-16475
-6728
3703
13762
22423
28806
32258
32427
29291
23169
14683
4696
-5772
-15653
-23938
-29777
-32571
-32033
-28214
-21503
-12587
-2378
8077
17706
25519
30711
32748
31416
26850
19519
10175
-219
-10594
-19879
-27113
-31549
-32726
-30520
-25157
-17189
-7439
3083
13289
22119
28657
32222
32441
29289
23092
14492
4381
-6187
-16114
-24364
-30076
-32652
-31820
-27666
-20619
-11416
-1017
9491
19008
26537
31287
32757
30792
25595
17709
7961
-2625
-12939
-21894
-28547
-32194
-32451
-29286
-23032
-14346
-4144
6498
16457
24678
30291
32699
31644
27238
19943
10531
0
-10533
-19951
-27251
-31656
-32694
-30254
-24592
-16309
-6286
4409
14637
23305
29487
32519
32077
28203
21312
12137
1660
-8997
-18692
-26385
-31248
-32757
-30748
-25434
-17383
-7461
3266
13645
22556
29038
32390
32248
28625
21909
12824
2351
-8378
-18204
-26061
-31098
-32765
-30880
-25645
-17625
-7689
3083
13524
22496
29023
32393
32235
28565
21780
12618
2077
-8692
-18516
-26318
-31245
-32755
-30681
-25247
-17046
-6975
3863
14280
23132
29446
32527
32033
28015
20915
11510
836
-9932
-19609
-27125
-31650
-32682
-30103
-24198
-15616
-5304
5596
15880
24407
30232
32705
31550
26894
19250
9465
-1373
-12062
-21411
-28379
-32188
-32412
-29022
-22395
-13267
-2656
8253
18244
26197
31222
32754
30619
25054
16679
6433
-4537
-15001
-23783
-29895
-32648
-31731
-27244
-19690
-9916
976
11762
21224
28293
32170
32415
28997
22301
13080
2378
-8595
-18599
-26497
-31393
-32729
-30352
-24528
-15917
-5494
5554
15974
24578
30386
32734
31352
26395
18425
8351
-2679
-13405
-22602
-29217
-32491
-32046
-27932
-20616
-10936
0
10939
20625
27944
32055
32482
29173
22507
13249
2462
-8610
-18692
-26622
-31481
-32707
-30156
-24119
-15293
-4696
6446
16845
25296
30817
32766
30916
25477
17079
6695
-4468
-15115
-24006
-30106
-32702
-31489
-26606
-18620
-8460
2689
13528
22788
29387
32552
31909
27532
19930
9991
-1120
-12103
-21669
-28693
-32350
-32208
-28280
-21025
-11295
-234
10856
20671
28052
32127
32412
28871
21921
12379
1372
-9799
-19815
-27487
-31906
-32545
-29328
-22632
-13249
-2291
8940
19113
27016
31708
32629
29666
23169
13911
2992
-8285
-18577
-26654
-31549
-32677
-29899
-23544
-14372
-3477
7836
18214
26411
31442
32702
30037
23764
14635
3744
-7598
-18030
-26293
-31393
-32711
-30086
-23833
-14703
-3796
7571
18026
26305
31405
32707
30050
23753
14577
3632
-7754
-18204
-26446
-31479
-32688
-29925
-23522
-14256
-3253
8148
18560
26712
31608
32650
29706
23135
13736
2656
-8751
-19090
-27095
-31785
-32581
-29385
-22585
-13013
-1842
9557
19786
27585
31994
32468
28947
21861
12081
809
-10564
-20637
-28166
-32219
-32293
-28377
-20951
-10932
440
11762
21629
28819
32437
32033
27653
19840
9561
-1907
-13142
-22745
-29519
-32621
-31661
-26755
-18514
-7961
3586
14689
23960
30239
32740
31148
25658
16955
6128
-5469
-16384
-25247
-30944
-32759
-30461
-24336
-15151
-4058
7546
18204
26572
31595
32638
29565
22763
13087
1756
-9798
-20118
-27896
-32148
-32332
-28424
-20915
-10754
771
12203
22088
29171
32552
31797
27001
18769
8148
-3511
-14727
-24069
-30346
-32754
-30984
-25260
-16309
-5272
6439
17331
26008
31359
32696
29845
23169
13521
2137
-9523
-19964
-27843
-32146
-32318
-28334
-20703
-10405
1234
12717
22564
29503
32637
31559
26407
17841
6968
-4807
-15965
-25058
-30909
-32757
-30361
-24028
-14577
-3233
8533
19194
27364
31977
32433
28669
21173
10917
-762
-12345
-22321
-29387
-32619
-31592
-26438
-17828
-6884
4961
16161
25247
31028
32744
30168
23635
13998
2522
-9287
-19879
-27860
-32179
-32265
-28105
-20242
-9711
2101
13640
23382
30040
32733
31103
25362
16267
5018
-6896
-17901
-26537
-31659
-32585
-29190
-21921
-11741
0
11743
21929
29201
32589
31641
26480
17791
6728
-5233
-16499
-25566
-31222
-32709
-29826
-22955
-13013
-1327
10537
20994
28641
32450
31909
27088
18630
7668
-4324
-15739
-25041
-30976
-32744
-30105
-23411
-13561
-1880
10055
20637
28436
32397
31982
27244
18822
7852
-4182
-15653
-25007
-30974
-32743
-30072
-23319
-13400
-1660
10308
20879
28612
32455
31881
26966
18377
7282
-4807
-16245
-25468
-31216
-32702
-29720
-22675
-12528
-664
11292
21705
29147
32596
31576
26225
17274
5950
-6193
-17489
-26383
-31650
-32564
-28995
-21433
-10917
1105
12978
23064
29968
32737
30984
24950
15465
3839
-8320
-19330
-27666
-32170
-32217
-27796
-19519
-8531
3643
15314
24860
30951
32739
29972
23032
12884
938
-11141
-21669
-29176
-32613
-31498
-25982
-16835
-5332
6918
18204
26944
31912
32410
28366
20343
9465
-2743
-14569
-24351
-30713
-32759
-30198
-23387
-13283
-1306
10856
21492
29100
32604
31507
25962
16748
5166
-7147
-18454
-27152
-32008
-32332
-28076
-19840
-8789
3510
15314
24947
31038
32720
29752
22551
12140
0
-12143
-22559
-29762
-32723
-31017
-24884
-15198
-3339
8998
20053
28242
32393
31908
26854
17952
6476
-5930
-17489
-26541
-31785
-32465
-28481
-20402
-9388
2978
14918
24714
30951
32730
29790
22554
12062
-172
-12385
-22811
-29942
-32746
-30813
-24421
-14492
-2462
9926
20879
28806
32556
31581
26021
16679
4912
-7571
-18956
-27585
-32200
-32127
-27374
-18630
-7167
5342
17076
26318
31719
32485
28504
20353
9222
-3259
-15267
-25041
-31147
-32687
-29434
-21861
-11077
1334
13553
23783
30517
32764
30189
23169
12736
423
-11953
-22570
-29860
-32743
-30792
-24293
-14202
-2009
10483
21426
29201
32652
31267
25247
15482
3419
-9153
-20369
-28563
-32514
-31633
-26047
-16586
-4654
7973
19415
27967
32350
31910
26709
17520
5712
-6950
-18577
-27428
-32179
-32116
-27244
-18292
-6597
6088
17864
26962
32015
32263
27666
18910
7310
-5391
-17284
-26579
-31872
-32366
-27983
-19380
-7852
4862
16845
26287
31760
32433
28203
19707
8226
-4501
-16550
-26094
-31684
-32472
-28334
-19895
-8434
4310
16402
26003
31651
32486
28377
19946
8475
-4288
-16402
-26016
-31662
-32478
-28334
-19861
-8351
4437
16550
26133
31717
32445
28203
19638
8060
-4756
-16845
-26351
-31812
-32386
-27983
-19276
-7602
5243
17284
26666
31941
32293
27666
18769
6975
-5898
-17864
-27071
-32095
-32157
-27244
-18113
-6176
6719
18577
27557
32265
31968
26709
17302
5205
-7702
-19415
-28111
-32434
-31710
-26047
-16326
-4058
8843
20369
28719
32588
31368
25247
15179
2736
-10137
-21426
-29364
-32705
-30922
-24293
-13853
-1238
11573
22570
30025
32764
30353
23169
12339
-434
-13142
-23783
-30678
-32739
-29638
-21861
-10632
2276
14829
25041
31296
32604
28754
20353
8727
-4282
-16616
-26318
-31849
-32328
-27676
-18630
-6622
6439
18480
27585
32302
31880
26381
16679
4318
-8734
-20396
-28806
-32620
-31227
-24845
-14492
-1820
11144
22329
29942
32763
30335
23047
12062
-859
-13645
-24243
-30951
-32688
-29173
-20967
-9388
3703
16202
26094
31785
32354
27709
18593
6476
-6688
-18775
-27832
-32393
-31718
-25913
-15915
-3339
9779
21317
29402
32723
30737
23764
12933
0
-12935
-23772
-30745
-32720
-29372
-21243
-9654
3510
16105
26077
31798
32332
27590
18342
6096
-7147
-19226
-28162
-32493
-31507
-25362
-15061
-2291
10856
22227
29953
32765
30198
22670
11416
-1716
-14569
-25028
-31370
-32548
-28366
-19509
-7435
5867
18204
27539
32330
31782
25982
15887
3163
-10086
-21669
-29667
-32753
-30413
-23032
-11831
1334
14281
24860
31312
32563
28403
19519
7387
-5976
-18347
-27666
-32377
-31693
-25725
-15465
-2622
10659
22164
29968
32766
30086
22374
10917
-2369
-15261
-25599
-31650
-32396
-27709
-18372
-5950
7473
19643
28516
32596
31195
24546
13765
664
-12550
-23653
-30771
-32702
-29116
-20616
-8634
4807
17440
27128
32230
31881
26137
15968
3092
-10308
-21966
-29901
-32766
-30072
-22272
-10689
2711
15653
25937
31812
32275
27244
17574
4908
-8595
-20637
-29162
-32712
-30681
-23411
-12140
1206
14349
25041
31451
32480
27948
18630
6117
-7445
-19735
-28641
-32634
-31026
-24089
-13013
301
13567
24501
31222
32570
28309
19172
6728
-6876
-19298
-28393
-32589
-31159
-24347
-13326
0
13328
24354
31166
32585
28360
19220
6748
-6896
-19347
-28443
-32604
-31103
-24198
-13087
301
13640
24608
31294
32533
28105
18778
6176
-7504
-19879
-28786
-32669
-30847
-23635
-12290
1206
14493
25247
31583
32389
27520
17828
5008
-8692
-20870
-29387
-32745
-30352
-22624
-10917
2711
15865
26229
31977
32094
26556
16335
3233
-10442
-22277
-30182
-32757
-29546
-21112
-8944
4807
17712
27483
32390
31559
25136
14256
845
-12717
-24026
-31070
-32598
-28334
-19032
-6345
7473
19964
28903
32697
30666
23169
11540
-2148
-15456
-26008
-31918
-32127
-26596
-16309
-3103
10659
22517
30346
32741
29270
20553
8148
-5719
-18563
-28078
-32552
-31179
-24202
-12874
771
14281
25223
31625
32332
27214
17189
4062
-9798
-21894
-30040
-32762
-29565
-21025
-8682
5233
18204
27882
32514
31257
24336
13002
-691
-14262
-25247
-31650
-32307
-27094
-16955
-3732
10171
22227
30239
32747
29289
20494
7961
-6025
-18915
-28356
-32621
-30929
-23586
-11931
1907
15400
26077
31982
32033
26215
15592
2109
-11762
-23479
-30889
-32629
-28377
-18910
-5966
8077
20637
29402
32756
30080
21861
9613
-4409
-17621
-27585
-32459
-31342
-24435
-13013
816
14497
25499
31785
32188
26631
16140
2656
-11322
-23203
-30782
-32650
-28456
-18976
-5969
8148
20755
29503
32763
29925
21514
9095
-5021
-18204
-27995
-32564
-31058
-23753
-12011
1977
15598
26305
32095
31880
25698
14703
952
-12978
-24480
-31393
-32418
-27360
-17165
-3744
10381
22559
30497
32702
28754
19394
6380
-7836
-20580
-29446
-32762
-29899
-21393
-8847
5370
18577
28275
32630
30814
23169
11138
-3003
-16579
-27016
-32334
-31523
-24733
-13249
751
14612
25700
31906
32048
26096
15179
1372
-12698
-24354
-31371
-32412
-27273
-16932
-3359
10856
23003
30758
32638
28280
18514
5205
-9101
-21669
-30089
-32747
-29131
-19930
-6905
7445
20371
29387
32762
29844
21189
8460
-5898
-19125
-28673
-32702
-30433
-22301
-9868
4468
17946
27963
32585
30916
23274
11134
-3159
-16845
-27275
-32428
-31305
-24119
-12260
1977
15833
26622
32247
31615
24845
13249
-923
-14918
-26016
-32055
-31858
-25461
-14105
0
14107
25468
31864
32046
25975
14832
792
-13405
-24986
-31684
-32188
-26395
-15435
-1452
12817
24578
31525
32292
26727
15917
1981
-12345
-24250
-31393
-32366
-26976
-16280
-2378
11993
24006
31293
32415
27148
16527
2644
-11762
-23850
-31230
-32442
-27244
-16660
-2779
11653
23783
31206
32451
27267
16679
2783
-11667
-23806
-31222
-32441
-27217
-16586
-2656
11803
23919
31277
32412
27094
16378
2398
-12062
-24120
-31370
-32361
-26894
-16056
-2009
12441
24407
31496
32285
26615
15616
1488
-12939
-24777
-31650
-32178
-26251
-15055
-836
13553
25223
31826
32033
25797
14372
52
-14280
-25739
-32015
-31841
-25247
-13561
863
15115
26318
32208
31592
24592
12618
-1908
-16052
-26950
-32393
-31276
-23823
-11540
3083
17085
27622
32556
30880
22932
10324
-4384
-18204
-28323
-32682
-30389
-21909
-8965
5807
19399
29038
32755
29790
20744
7461
-7347
-20658
-29748
-32757
-29067
-19428
-5811
8997
21966
30436
32669
28203
17952
4016
-10746
-23305
-31079
-32468
-27184
-16309
-2077
12583
24657
31656
32135
25992
14491
0
-14493
-25999
-32139
-31644
-24613
-12494
2208
16457
27304
32503
30975
23032
10317
-4537
-18454
-28547
-32719
-30103
-21238
-7961
6971
20458
29694
32757
29007
19220
5431
-9491
-22439
-30713
-32587
-27666
-16973
-2736
12073
24364
31568
32177
26060
14492
-108
-14689
-26197
-32222
-31498
-24174
-11781
3083
17304
27896
32634
30520
21996
8847
-6162
-19879
-29416
-32766
-29219
-19519
-5706
9311
22368
30711
32578
27570
16743
2378
-12491
-24723
-31732
-32033
-25558
-13674
1105
15653
26888
32428
31095
23169
10328
-4707
-18745
-28806
-32750
-29736
-20402
-6728
8378
21705
30414
32650
27932
17262
2911
-12062
-24465
-31651
-32083
-25665
-13765
1077
15692
26955
32455
31012
22932
9941
-5180
-19194
-29098
-32765
-29406
-19738
-5832
9326
22486
30817
32526
27244
16102
1495
-13436
-25478
-32035
-31693
-24521
-12062
2999
17416
28078
32680
30226
21243
7668
-7565
-21167
-30192
-32685
-28105
-17438
-2992
12103
24578
31727
31995
25321
13150
-1876
-16499
-27539
-32596
-30567
-21889
-8448
6833
20630
29936
32722
28377
17845
3419
-11753
-24364
-31659
-32040
-25423
-13249
1823
16499
27568
32607
30508
21729
8189
-7147
-20920
-30108
-32693
-28105
-17347
-2779
12401
24860
31856
31850
24838
12360
-2839
-17416
-28160
-32702
-30037
-20749
-6884
8501
22013
30668
32552
27244
15915
1066
-14020
-26008
-32243
-31342
-23500
-10451
4915
19194
29220
32766
29042
18871
4509
-10856
-23813
-31479
-32147
-25665
-13473
1720
16533
27666
32637
30335
21271
7461
-8015
-21705
-30552
-32578
-27327
-15968
-1038
14125
26133
32294
31228
23169
9920
-5554
-19786
-29584
-32748
-28565
-17970
-3339
12043
24723
31849
31816
24627
11897
-3511
-18132
-28673
-32755
-29458
-19519
-5177
10334
23516
31393
32182
25702
13414
-1907
-16800
-27896
-32682
-30072
-20653
-6555
9029
22570
30997
32395
26445
14492
-751
-15827
-27310
-32589
-30461
-21406
-7481
8148
21926
30713
32507
26894
15151
-48
-15238
-26955
-32522
-30664
-21804
-7961
7702
21608
30575
32549
27076
15403
202
-15047
-26852
-32503
-30703
-21861
-8002
7696
21629
30598
32538
27001
15255
0
-15257
-27007
-32541
-30582
-21579
-7602
8129
21989
30779
32468
26664
14703
-655
-15865
-27411
-32621
-30288
-20948
-6758
8997
22672
31098
32318
26047
13736
-1763
-16855
-28038
-32713
-29790
-19946
-5464
10289
23653
31516
32046
25116
12336
-3319
-18204
-28847
-32766
-29042
-18541
-3711
11987
24889
31977
31593
23823
10480
-5316
-19871
-29777
-32711
-27983
-16697
-1495
14059
26318
32404
30885
22114
8148
-7733
-21801
-30745
-32460
-26539
-14372
1180
16457
27860
32699
29832
19930
5325
-10537
-23916
-31650
-31910
-24631
-11530
4298
19113
29409
32747
28334
17210
2009
-13670
-26112
-32365
-30942
-22178
-8148
7817
21929
30833
32412
26285
13907
-1780
-17047
-28259
-32743
-29429
-19103
-4222
11667
24777
31977
31548
23586
9991
-5992
-20546
-30192
-32619
-27244
-15350
219
15739
27492
32660
30001
20149
5464
-10533
-24006
-31719
-31816
-24270
-10892
5106
19879
29873
32681
27625
15917
373
-15261
-27221
-32621
-30156
-20416
-5748
10308
23879
31684
31836
24293
10875
-5173
-19973
-29942
-32665
-27477
-15633
0
15636
27483
32666
29925
19920
5078
-10999
-24407
-31886
-31615
-23656
-9941
6193
20824
30386
32549
26782
14487
-1341
-16845
-28242
-32749
-29262
-18630
-3445
12583
25539
32252
31078
22301
8064
-8148
-22368
-31111
-32231
-25451
-12429
3643
18824
29387
32737
28047
16465
836
-15001
-27152
-32625
-30072
-20115
-5205
10989
24479
31937
31523
23335
9388
-6876
-21447
-30723
-32412
-26092
-13322
2743
18132
29038
32759
28371
16955
1338
-14612
-26944
-32596
-30164
-20247
-5304
10958
24501
31960
31477
23169
9099
-7236
-21774
-30894
-32323
-25702
-12676
3510
18824
29446
32724
27837
16000
166
-15711
-27666
-32707
-29572
-19041
-3744
12491
25602
32304
30916
21780
7184
-9215
-23305
-31551
-31880
-24205
-10451
5930
20824
30486
32483
26311
13518
-2679
-18204
-29147
-32749
-28098
-16364
-502
15488
27574
32702
29574
18976
3583
-12717
-25806
-32371
-30748
-21345
-6538
9926
23879
31785
31636
23467
9346
-7147
-21830
-30974
-32254
-25342
-11991
4409
19692
29968
32623
26976
14462
-1736
-17495
-28798
-32764
-28377
-16752
-852
15267
27492
32699
29554
18857
3339
-13034
-26077
-32450
-30520
-20777
-5712
10817
24578
32042
31291
22515
7961
-8637
-23021
-31496
-31881
-24075
-10079
6509
21426
30833
32307
25463
12062
-4448
-19815
-30076
-32585
-26689
-13907
2465
18204
29244
32732
27762
15616
-569
-16610
-28356
-32765
-28692
-17189
-1231
15047
27428
32699
29490
18630
2932
-13528
-26478
-32552
-30168
-19943
-4530
12062
25519
32337
30737
21133
6022
-10659
-24565
-32068
-31208
-22206
-7407
9326
23628
31760
31593
23169
8686
-8070
-22719
-31423
-31903
-24028
-9858
6896
21846
31070
32147
24790
10926
-5807
-21019
-30711
-32336
-25461
-11891
4807
20244
30356
32478
26047
12755
-3899
-19528
-30012
-32581
-26556
-13521
3083
18877
29687
32654
26991
14192
-2362
-18294
-29387
-32703
-27360
-14769
1736
17784
29119
32734
27666
15255
-1206
-17349
-28887
-32752
-27913
-15652
771
16993
28695
32761
28105
15962
-434
-16717
-28547
-32765
-28244
-16186
193
16523
28443
32766
28334
16326
-48
-16412
-28387
-32766
-28374
-16382
0
0
0
0
0
0
0
0
0
0
0
0
0
0
0
0
0
0
0
0
0
0
0
0
0
0
0
0
0
0
0
0
0
0
0
0
0
0
0
0
0
0
0
0
0
0
0
0
0
0
0
0
0
0
0
0
0
0
0
0
0
0
0
0
0
0
0
0
0
0
0
0
0
0
0
0
0
0
0
0
0
0
0
0
0
0
0
0
0
0
0
0
0
0
0
0
0
0
0
0
0
0
0
0
0
0
0
0
0
0
0
0
0
0
0
0
0
0
0
0
0
0
0
0
0
0
0
0
0
0
0
0
0
0
0
0
0
0
0
0
0
0
0
0
0
0
0
0
0
0
0
0
0
0
0
0
0
0
0
0
0
0
0
0
0
0
0
0
0
0
0
0
0
0
0
0
0
0
0
0
0
0
0
0
0
0
0
0
0
0
0
0
0
0
0
0
0
0
0
0
0
0
0
0
0
0
0
0
0
0
0
0
0
0
0
0
0
0
0
0
0
0
0
0
0
0
0
0
0
0
0
0
0
0
0
0
0
0
0
0
0
0
0
0
0
0
0
0
0
0
0
0
0
0
0
0
0
0
0
0
0
0
0
0
0
0
0
0
0
0
0
0
0
0
0
0
0
0
0
0
0
0
0
0
0
0
0
0
0
0
0
0
0
0
0
0
0
0
0
0
0
0
0
0
0
0
0
0
0
0
0
0
0
0
0
0
0
0
0
0
0
0
0
0
0
0
0
0
0
0
0
0
0
0
0
0
0
0
0
0
0
0
0
0
0
0
0
0
0
0
0
0
0
0
0
0
0
0
0
0
0
0
0
0
0
0
0
0
0
0
0
0
0
0
0
0
0
0
0
0
0
0
0
0
0
0
0
0
0
0
0
0
0
0
0
0
0
0
0
0
0
0
0
0
0
0
0
0
0
0
0
0
0
0
0
0
0
0
0
0
0
0
0
0
0
0
0
0
0
0
0
0
0
0
0
0
0
0
0
0
0
0
0
0
0
0
0
0
0
0
0
0
0
0
0
0
0
0
0
0
0
0
0
0
0
0
0
0
0
0
0
0
0
0
0
0
0
0
0
0
0
0
0
0
0
0
0
0
0
0
0
0
0
0
0
0
0
0
0
0
0
0
0
0
0
0
0
0
0
0
0
0
0
0
0
0
0
0
0
0
0
0
0
0
0
0
0
0
0
0
0
0
0
0
0
0
0
0
0
0
0
0
0
0
0
0
0
0
0
0
0
0
0
0
0
0
0
0
0
0
0
0
0
0
0
0
0
0
0
0
0
0
0
0
0
0
0
0
0
0
0
0
0
0
0
0
0
0
0
0
0
0
0
0
0
0
0
0
0
0
0
0
0
0
0
0
0
0
0
0
0
0
0
0
0
0
0
0
0
0
0
0
0
0
0
0
0
0
0
0
0
0
0
0
0
0
0
0
0
0
0
0
0
0
0
0
0
0
0
0
0
0
0
0
0
0
0
0
0
0
0
0
0
0
0
0
0
0
0
0
0
0
0
0
0
0
0
0
0
0
0
0
0
0
0
0
0
0
0
0
0
0
0
0
0
0
0
0
0
0
0
0
0
0
0
0
0
0
0
0
0
0
0
0
0
0
0
0
0
0
0
0
0
0
0
0
0
0
0
0
0
0
0
0
0
0
0
0
0
0
0
0
0
0
0
0
0
0
0
0
0
0
0
0
0
0
0
0
0
0
0
0
0
0
0
0
0
0
0
0
0
0
0
0
0
0
0
0
0
0
0
0
0
0
0
0
0
0
0
0
0
0
0
0
0
0
0
0
0
0
0
0
0
0
0
0
0
0
0
0
0
0
0
0
0
0
0
0
0
0
0
0
0
0
0
0
0
0
0
0
0
0
0
0
0
0
0
0
0
0
0
0
0
0
0
0
0
0
0
0
0
0
0
0
0
0
0
0
0
0
0
0
0
0
0
0
0
0
0
0
0
0
0
0
0
0
0
0
0
0
0
0
0
0
0
0
0
0
0
0
0
0
0
0
0
0
0
0
0
0
0
0
0
0
0
0
0
0
0
0
0
0
0
0
0
0
0
0
0
0
0
0
0
0
0
0
0
0
0
0
0
0
0
0
0
0
0
0
0
0
0
0
0
0
0
0
0
0
0
0
0
0
0
0
0
0
0
0
0
0
5782
5615
5118
4309
3217
1889
389
-1200
-2778
-4233
-5446
-6309
-6728
-6640
-6024
-4903
-3353
-1490
531
2536
4345
5793
6747
7122
6888
6073
4763
3087
1209
-697
-2460
-3930
-4995
-5586
-5683
-5313
-4545
-3476
-2225
-912
345
1450
2325
2925
3232
3257
3035
2619
2076
1476
887
367
-40
-312
-448
-469
-416
-341
-304
-358
-541
-868
-1321
-1853
-2384
-2818
-3048
-2981
-2549
-1731
-559
874
2425
3911
5131
5899
6067
5557
4376
2623
481
-1796
-3926
-5629
-6673
-6905
-6285
-4890
-2908
-615
1663
3604
4932
5464
5140
4033
2339
347
-1604
-3185
-4126
-4261
-3562
-2141
-233
1836
3709
5053
5613
5264
4024
2063
-328
-2784
-4923
-6406
-6999
-6608
-5294
-3267
-846
1589
3667
5081
5642
5308
4191
2530
655
-1080
-2357
-2947
-2758
-1846
-407
1258
2797
3869
4211
3680
2291
213
-2253
-4724
-6793
-8097
-8381
-7538
-5628
-2875
373
3693
6651
8866
10068
10129
9076
7083
4433
1472
-1445
-4006
-5979
-7232
-7744
-7581
-6874
-5782
-4460
-3036
-1593
-170
1219
2575
3884
5099
6136
6872
7168
6893
5961
4355
2154
-462
-3226
-5812
-7880
-9129
-9346
-8450
-6512
-3754
-525
2748
5622
7703
8709
8511
7161
4877
2014
-989
-3690
-5697
-6739
-6703
-5648
-3791
-1464
936
3025
4485
5118
4875
3856
2284
466
-1266
-2619
-3379
-3457
-2890
-1834
-529
748
1738
2247
2181
1561
522
-718
-1902
-2776
-3141
-2891
-2032
-682
945
2583
3954
4818
5015
4489
3303
1621
-312
-2220
-3832
-4927
-5369
-5123
-4256
-2923
-1334
278
1696
2752
3346
3458
3139
2500
1683
835
85
-476
-807
-911
-831
-636
-400
-187
-42
15
-5
-81
-178
-264
-320
-342
-342
-345
-377
-456
-588
-755
-923
-1038
-1045
-893
-551
-19
669
1448
2223
2887
3334
3479
3267
2689
1780
619
-682
-1994
-3184
-4131
-4744
-4965
-4775
-4192
-3268
-2077
-711
729
2145
3436
4511
5287
5695
5685
5231
4336
3044
1436
-365
-2206
-3912
-5304
-6224
-6555
-6240
-5297
-3821
-1974
25
1941
3541
4638
5111
4932
4163
2953
1510
72
-1132
-1924
-2198
-1943
-1246
-271
763
1629
2122
2104
1529
454
-966
-2508
-3904
-4899
-5283
-4935
-3845
-2116
40
2344
4478
6143
7096
7191
6400
4817
2643
157
-2320
-4478
-6054
-6867
-6840
-6006
-4499
-2529
-354
1757
3560
4862
5538
5547
4925
3774
2249
535
-1176
-2703
-3894
-4635
-4863
-4566
-3780
-2590
-1119
481
2048
3414
4431
4984
5002
4475
3452
2041
399
-1284
-2814
-4011
-4734
-4905
-4518
-3639
-2399
-974
443
1670
2562
3032
3063
2710
2083
1325
589
7
-333
-404
-238
78
427
684
743
544
84
-575
-1322
-2014
-2506
-2679
-2469
-1884
-1001
37
1054
1867
2328
2347
1923
1141
162
-800
-1527
-1831
-1599
-819
407
1877
3314
4418
4913
4608
3433
1466
-1070
-3833
-6413
-8389
-9407
-9232
-7800
-5231
-1823
1989
5699
8795
10847
11564
10847
8795
5699
1989
-1823
-5231
-7800
-9232
-9407
-8389
-6413
-3833
-1070
1466
3433
4608
4913
4418
3314
1877
407
-819
-1599
-1831
-1527
-800
162
1141
1923
2347
2328
1867
1054
37
-1001
-1884
-2469
-2679
-2506
-2014
-1322
-575
84
544
743
684
427
78
-238
-404
-333
7
589
1325
2083
2710
3063
3032
2562
1670
443
-974
-2399
-3639
-4518
-4905
-4734
-4011
-2814
-1284
399
2041
3452
4475
5002
4984
4431
3414
2048
481
-1119
-2590
-3780
-4566
-4863
-4635
-3894
-2703
-1176
535
2249
3774
4925
5547
5538
4862
3560
1757
-354
-2529
-4499
-6006
-6840
-6867
-6054
-4478
-2320
157
2643
4817
6400
7191
7096
6143
4478
2344
40
-2116
-3845
-4935
-5283
-4899
-3904
-2508
-966
454
1529
2104
2122
1629
763
-271
-1246
-1943
-2198
-1924
-1132
72
1510
2953
4163
4932
5111
4638
3541
1941
25
-1974
-3821
-5297
-6240
-6555
-6224
-5304
-3912
-2206
-365
1436
3044
4336
5231
5685
5695
5287
4511
3436
2145
729
-711
-2077
-3268
-4192
-4775
-4965
-4744
-4131
-3184
-1994
-682
619
1780
2689
3267
3479
3334
2887
2223
1448
669
-19
-551
-893
-1045
-1038
-923
-755
-588
-456
-377
-345
-342
-342
-320
-264
-178
-81
-5
15
-42
-187
-400
-636
-831
-911
-807
-476
85
835
1683
2500
3139
3458
3346
2752
1696
278
-1334
-2923
-4256
-5123
-5369
-4927
-3832
-2220
-312
1621
3303
4489
5015
4818
3954
2583
945
-682
-2032
-2891
-3141
-2776
-1902
-718
522
1561
2181
2247
1738
748
-529
-1834
-2890
-3457
-3379
-2619
-1266
466
2284
3856
4875
5118
4485
3025
936
-1464
-3791
-5648
-6703
-6739
-5697
-3690
-989
2014
4877
7161
8511
8709
7703
5622
2748
-525
-3754
-6512
-8450
-9346
-9129
-7880
-5812
-3226
-462
2154
4355
5961
6893
7168
6872
6136
5099
3884
2575
1219
-170
-1593
-3036
-4460
-5782
-6874
-7581
-7744
-7232
-5979
-4006
-1445
1472
4433
7083
9076
10129
10068
8866
6651
3693
373
-2875
-5628
-7538
-8381
-8097
-6793
-4724
-2253
213
2291
3680
4211
3869
2797
1258
-407
-1846
-2758
-2947
-2357
-1080
655
2530
4191
5308
5642
5081
3667
1589
-846
-3267
-5294
-6608
-6999
-6406
-4923
-2784
-328
2063
4024
5264
5613
5053
3709
1836
-233
-2141
-3562
-4261
-4126
-3185
-1604
347
2339
4033
5140
5464
4932
3604
1663
-615
-2908
-4890
-6285
-6905
-6673
-5629
-3926
-1796
481
2623
4376
5557
6067
5899
5131
3911
2425
874
-559
-1731
-2549
-2981
-3048
-2818
-2384
-1853
-1321
-868
-541
-358
-304
-341
-416
-469
-448
-312
-40
367
887
1476
2076
2619
3035
3257
3232
2925
2325
1450
345
-912
-2225
-3476
-4545
-5313
-5683
-5586
-4995
-3930
-2460
-697
1209
3087
4763
6073
6888
7122
6747
5793
4345
2536
531
-1490
-3353
-4903
-6024
-6640
-6728
-6309
-5446
-4233
-2778
-1200
389
1889
3217
4309
5118
5615
0
0
0
0
0
0
0
0
0
0
0
0
0
0
0
0
0
0
0
0
0
0
0
0
0
0
0
0
0
0
0
0
0
0
0
0
0
0
0
0
0
0
0
0
0
0
0
0
0
0
0
0
0
0
0
0
0
0
0
0
0
0
0
0
0
0
0
-9637
-9010
-7224
-4553
-1397
1776
4516
6455
7371
7216
6116
4342
2256
244
-1358
-2318
-2550
-2117
-1219
-144
791
1310
1226
491
-799
-2415
-4038
-5314
-5929
-5664
-4444
-2362
334
3276
6028
8165
9336
9328
8102
5798
2720
-714
-4039
-6806
-8659
-9379
-8917
-7391
-5066
-2301
506
2982
4832
5879
6080
5518
4383
2923
1402
55
-947
-1525
-1684
-1509
-1137
-721
-404
-285
-403
-736
-1206
-1699
-2087
-2258
-2135
-1693
-960
-16
1022
2023
2856
3415
3631
3480
2982
2197
1213
136
-929
-1885
-2651
-3167
-3400
-3338
-2992
-2396
-1602
-680
288
1211
1996
2559
2832
2780
2405
1752
906
-13
-870
-1528
-1876
-1847
-1434
-695
247
1227
2056
2556
2589
2090
1080
-328
-1943
-3517
-4786
-5513
-5526
-4751
-3234
-1135
1288
3717
5818
7292
7922
7609
6383
4404
1933
-703
-3169
-5162
-6461
-6957
-6660
-5688
-4247
-2584
-947
455
1491
2113
2359
2339
2194
2071
2078
2268
2616
3031
3373
3481
3214
2484
1279
-318
-2145
-3972
-5543
-6619
-7014
-6635
-5498
-3729
-1547
767
2920
4643
5741
6116
5780
4848
3514
2013
580
-590
-1374
-1736
-1723
-1453
-1085
-780
-665
-812
-1214
-1793
-2413
-2909
-3121
-2931
-2287
-1222
148
1645
3052
4152
4771
4803
4235
3149
1708
132
-1342
-2501
-3187
-3327
-2943
-2143
-1104
-35
858
1415
1541
1229
555
-333
-1252
-2008
-2440
-2446
-2002
-1166
-68
1114
2192
2990
3385
3323
2826
1990
963
-82
-981
-1604
-1877
-1798
-1428
-881
-300
172
423
386
58
-500
-1183
-1847
-2349
-2566
-2420
-1889
-1017
98
1322
2498
3480
4150
4433
4308
3805
2992
1965
829
-319
-1403
-2368
-3185
-3841
-4331
-4644
-4760
-4647
-4263
-3566
-2530
-1161
493
2334
4212
5939
7311
8131
8244
7560
6078
3897
1209
-1715
-4562
-7010
-8771
-9635
-9494
-8364
-6380
-3785
-891
1956
4428
6255
7257
7373
6657
5269
3449
1475
-375
-1867
-2838
-3219
-3038
-2409
-1509
-543
287
824
974
721
129
-672
-1513
-2214
-2616
-2610
-2161
-1307
-162
1105
2301
3234
3751
3761
3251
2292
1028
-345
-1616
-2581
-3088
-3056
-2493
-1494
-229
1084
2213
2949
3142
2727
1737
302
-1365
-3008
-4354
-5167
-5275
-4610
-3215
-1243
1059
3388
5420
6867
7508
7231
6045
4083
1585
-1136
-3736
-5886
-7316
-7854
-7445
-6156
-4167
-1743
801
3149
5017
6191
6556
6100
4916
3180
1131
-966
-2856
-4317
-5188
-5385
-4904
-3820
-2270
-439
1460
3216
4630
5541
5841
5479
4473
2906
921
-1287
-3493
-5454
-6940
-7756
-7769
-6922
-5256
-2907
-98
2874
5679
7982
9492
9998
9400
7730
5153
1953
-1499
-4798
-7546
-9412
-10175
-9756
-8227
-5802
-2809
359
3301
5658
7165
7687
7230
5937
4057
1902
-198
-1954
-3157
-3700
-3598
-2966
-1999
-929
21
674
929
778
298
-361
-1017
-1490
-1636
-1385
-746
184
1247
2243
2975
3286
3088
2380
1254
-122
-1531
-2745
-3565
-3854
-3565
-2745
-1531
-122
1254
2380
3088
3286
2975
2243
1247
184
-746
-1385
-1636
-1490
-1017
-361
298
778
929
674
21
-929
-1999
-2966
-3598
-3700
-3157
-1954
-198
1902
4057
5937
7230
7687
7165
5658
3301
359
-2809
-5802
-8227
-9756
-10175
-9412
-7546
-4798
-1499
1953
5153
7730
9400
9998
9492
7982
5679
2874
-98
-2907
-5256
-6922
-7769
-7756
-6940
-5454
-3493
-1287
921
2906
4473
5479
5841
5541
4630
3216
1460
-439
-2270
-3820
-4904
-5385
-5188
-4317
-2856
-966
1131
3180
4916
6100
6556
6191
5017
3149
801
-1743
-4167
-6156
-7445
-7854
-7316
-5886
-3736
-1136
1585
4083
6045
7231
7508
6867
5420
3388
1059
-1243
-3215
-4610
-5275
-5167
-4354
-3008
-1365
302
1737
2727
3142
2949
2213
1084
-229
-1494
-2493
-3056
-3088
-2581
-1616
-345
1028
2292
3251
3761
3751
3234
2301
1105
-162
-1307
-2161
-2610
-2616
-2214
-1513
-672
129
721
974
824
287
-543
-1509
-2409
-3038
-3219
-2838
-1867
-375
1475
3449
5269
6657
7373
7257
6255
4428
1956
-891
-3785
-6380
-8364
-9494
-9635
-8771
-7010
-4562
-1715
1209
3897
6078
7560
8244
8131
7311
5939
4212
2334
493
-1161
-2530
-3566
-4263
-4647
-4760
-4644
-4331
-3841
-3185
-2368
-1403
-319
829
1965
2992
3805
4308
4433
4150
3480
2498
1322
98
-1017
-1889
-2420
-2566
-2349
-1847
-1183
-500
58
386
423
172
-300
-881
-1428
-1798
-1877
-1604
-981
-82
963
1990
2826
3323
3385
2990
2192
1114
-68
-1166
-2002
-2446
-2440
-2008
-1252
-333
555
1229
1541
1415
858
-35
-1104
-2143
-2943
-3327
-3187
-2501
-1342
132
1708
3149
4235
4803
4771
4152
3052
1645
148
-1222
-2287
-2931
-3121
-2909
-2413
-1793
-1214
-812
-665
-780
-1085
-1453
-1723
-1736
-1374
-590
580
2013
3514
4848
5780
6116
5741
4643
2920
767
-1547
-3729
-5498
-6635
-7014
-6619
-5543
-3972
-2145
-318
1279
2484
3214
3481
3373
3031
2616
2268
2078
2071
2194
2339
2359
2113
1491
455
-947
-2584
-4247
-5688
-6660
-6957
-6461
-5162
-3169
-703
1933
4404
6383
7609
7922
7292
5818
3717
1288
-1135
-3234
-4751
-5526
-5513
-4786
-3517
-1943
-328
1080
2090
2589
2556
2056
1227
247
-695
-1434
-1847
-1876
-1528
-870
-13
906
1752
2405
2780
2832
2559
1996
1211
288
-680
-1602
-2396
-2992
-3338
-3400
-3167
-2651
-1885
-929
136
1213
2197
2982
3480
3631
3415
2856
2023
1022
-16
-960
-1693
-2135
-2258
-2087
-1699
-1206
-736
-403
-285
-404
-721
-1137
-1509
-1684
-1525
-947
55
1402
2923
4383
5518
6080
5879
4832
2982
506
-2301
-5066
-7391
-8917
-9379
-8659
-6806
-4039
-714
2720
5798
8102
9328
9336
8165
6028
3276
334
-2362
-4444
-5664
-5929
-5314
-4038
-2415
-799
491
1226
1310
791
-144
-1219
-2117
-2550
-2318
-1358
244
2256
4342
6116
7216
7371
6455
4516
1776
-1397
-4553
-7224
-9010
0
0
0
0
0
0
0
0
0
0
0
0
0
0
0
0
0
0
0
0
0
0
0
0
0
0
0
0
0
0
0
0
0
0
0
0
0
0
0
0
0
0
0
0
0
0
0
0
0
0
0
0
0
0
0
0
0
0
0
0
0
0
0
0
0
0
0
-1927
-1650
-869
272
1560
2747
3590
3894
3545
2531
952
-995
-3041
-4883
-6230
-6850
-6604
-5477
-3578
-1133
1543
4097
6183
7511
7896
7282
5754
3526
908
-1735
-4042
-5704
-6512
-6388
-5392
-3709
-1623
533
2432
3794
4441
4311
3471
2098
449
-1186
-2534
-3379
-3600
-3183
-2224
-906
538
1866
2868
3398
3403
2918
2062
1005
-63
-972
-1599
-1892
-1871
-1620
-1263
-933
-739
-740
-928
-1229
-1520
-1651
-1489
-944
-3
1255
2671
4018
5042
5509
5251
4206
2437
138
-2392
-4792
-6690
-7770
-7825
-6800
-4804
-2102
924
3834
6193
7652
7997
7186
5361
2821
-22
-2720
-4853
-6103
-6309
-5482
-3812
-1623
679
2683
4041
4531
4094
2841
1035
-960
-2749
-3970
-4371
-3847
-2468
-467
1801
3922
5490
6187
5834
4431
2157
-651
-3559
-6100
-7850
-8504
-7921
-6149
-3421
-118
3291
6320
8539
9637
9468
8067
5638
2523
-853
-4051
-6670
-8407
-9090
-8691
-7320
-5198
-2617
98
2643
4759
6264
7057
7122
6514
5342
3751
1902
-39
-1916
-3583
-4915
-5805
-6177
-5987
-5232
-3959
-2267
-305
1735
3639
5189
6193
6513
6090
4955
3233
1127
-1098
-3164
-4805
-5814
-6074
-5571
-4397
-2739
-842
1021
2602
3705
4220
4134
3529
2558
1419
312
-590
-1178
-1413
-1335
-1042
-670
-356
-210
-286
-576
-1006
-1455
-1779
-1849
-1579
-947
-12
1094
2189
3069
3552
3508
2899
1783
316
-1271
-2713
-3751
-4184
-3907
-2932
-1398
455
2319
3869
4818
4971
4259
2756
673
-1672
-3909
-5670
-6650
-6661
-5663
-3773
-1249
1547
4210
6350
7653
7933
7153
5434
3033
296
-2386
-4651
-6205
-6873
-6616
-5530
-3826
-1789
265
2045
3323
3964
3940
3327
2286
1025
-228
-1271
-1949
-2178
-1949
-1326
-425
603
1602
2425
2961
3139
2935
2368
1492
391
-838
-2089
-3255
-4234
-4932
-5270
-5189
-4655
-3667
-2263
-525
1424
3423
5285
6816
7835
8201
7828
6709
4913
2592
-38
-2724
-5198
-7212
-8572
-9155
-8925
-7934
-6312
-4246
-1952
350
2468
4251
5605
6489
6914
6922
6576
5936
5055
3969
2702
1272
-295
-1955
-3635
-5230
-6608
-7623
-8136
-8037
-7265
-5831
-3821
-1398
1215
3762
5979
7636
8562
8670
7971
6569
4648
2443
208
-1818
-3446
-4554
-5098
-5117
-4709
-4015
-3188
-2367
-1654
-1102
-710
-433
-196
82
471
1005
1674
2424
3159
3763
4117
4125
3731
2932
1788
409
-1052
-2428
-3556
-4304
-4590
-4392
-3752
-2768
-1578
-339
797
1703
2294
2533
2439
2072
1525
905
317
-154
-453
-561
-492
-288
-10
275
508
644
659
551
341
63
-242
-532
-774
-943
-1030
-1036
-974
-859
-712
-546
-374
-201
-27
147
325
504
681
844
983
1082
1129
1115
1035
893
697
464
208
-52
-303
-536
-744
-927
-1087
-1225
-1340
-1426
-1472
-1460
-1370
-1185
-889
-478
38
636
1276
1902
2454
2866
3082
3057
2770
2224
1451
509
-522
-1551
-2479
-3217
-3691
-3854
-3691
-3217
-2479
-1551
-522
509
1451
2224
2770
3057
3082
2866
2454
1902
1276
636
38
-478
-889
-1185
-1370
-1460
-1472
-1426
-1340
-1225
-1087
-927
-744
-536
-303
-52
208
464
697
893
1035
1115
1129
1082
983
844
681
504
325
147
-27
-201
-374
-546
-712
-859
-974
-1036
-1030
-943
-774
-532
-242
63
341
551
659
644
508
275
-10
-288
-492
-561
-453
-154
317
905
1525
2072
2439
2533
2294
1703
797
-339
-1578
-2768
-3752
-4392
-4590
-4304
-3556
-2428
-1052
409
1788
2932
3731
4125
4117
3763
3159
2424
1674
1005
471
82
-196
-433
-710
-1102
-1654
-2367
-3188
-4015
-4709
-5117
-5098
-4554
-3446
-1818
208
2443
4648
6569
7971
8670
8562
7636
5979
3762
1215
-1398
-3821
-5831
-7265
-8037
-8136
-7623
-6608
-5230
-3635
-1955
-295
1272
2702
3969
5055
5936
6576
6922
6914
6489
5605
4251
2468
350
-1952
-4246
-6312
-7934
-8925
-9155
-8572
-7212
-5198
-2724
-38
2592
4913
6709
7828
8201
7835
6816
5285
3423
1424
-525
-2263
-3667
-4655
-5189
-5270
-4932
-4234
-3255
-2089
-838
391
1492
2368
2935
3139
2961
2425
1602
603
-425
-1326
-1949
-2178
-1949
-1271
-228
1025
2286
3327
3940
3964
3323
2045
265
-1789
-3826
-5530
-6616
-6873
-6205
-4651
-2386
296
3033
5434
7153
7933
7653
6350
4210
1547
-1249
-3773
-5663
-6661
-6650
-5670
-3909
-1672
673
2756
4259
4971
4818
3869
2319
455
-1398
-2932
-3907
-4184
-3751
-2713
-1271
316
1783
2899
3508
3552
3069
2189
1094
-12
-947
-1579
-1849
-1779
-1455
-1006
-576
-286
-210
-356
-670
-1042
-1335
-1413
-1178
-590
312
1419
2558
3529
4134
4220
3705
2602
1021
-842
-2739
-4397
-5571
-6074
-5814
-4805
-3164
-1098
1127
3233
4955
6090
6513
6193
5189
3639
1735
-305
-2267
-3959
-5232
-5987
-6177
-5805
-4915
-3583
-1916
-39
1902
3751
5342
6514
7122
7057
6264
4759
2643
98
-2617
-5198
-7320
-8691
-9090
-8407
-6670
-4051
-853
2523
5638
8067
9468
9637
8539
6320
3291
-118
-3421
-6149
-7921
-8504
-7850
-6100
-3559
-651
2157
4431
5834
6187
5490
3922
1801
-467
-2468
-3847
-4371
-3970
-2749
-960
1035
2841
4094
4531
4041
2683
679
-1623
-3812
-5482
-6309
-6103
-4853
-2720
-22
2821
5361
7186
7997
7652
6193
3834
924
-2102
-4804
-6800
-7825
-7770
-6690
-4792
-2392
138
2437
4206
5251
5509
5042
4018
2671
1255
-3
-944
-1489
-1651
-1520
-1229
-928
-740
-739
-933
-1263
-1620
-1871
-1892
-1599
-972
-63
1005
2062
2918
3403
3398
2868
1866
538
-906
-2224
-3183
-3600
-3379
-2534
-1186
449
2098
3471
4311
4441
3794
2432
533
-1623
-3709
-5392
-6388
-6512
-5704
-4042
-1735
908
3526
5754
7282
7896
7511
6183
4097
1543
-1133
-3578
-5477
-6604
-6850
-6230
-4883
-3041
-995
952
2531
3545
3894
3590
2747
1560
272
-869
-1650
0
0
0
0
0
0
0
0
0
0
0
0
0
0
0
0
0
0
0
0
0
0
0
0
0
0
0
0
0
0
0
0
0
0
0
0
0
0
0
0
0
0
0
0
0
0
0
0
0
0
0
0
0
0
0
0
0
0
0
0
0
0
0
0
0
0
0
