0
4278
8485
12550
16402
19973
23203
26035
28419
30314
31684
32507
32766
32456
31581
30156
28203
25758
22860
19561
15917
11991
7852
3573
-771
-5106
-9352
-13436
-17284
-20829
-24006
-26759
-29038
-30801
-32015
-32660
-32720
-32196
-31094
-29434
-27244
-24563
-21439
-17925
-14087
-9991
-5712
-1327
3083
7441
11667
15683
19415
22796
25762
28259
30239
31667
32514
32764
32412
31462
29931
27847
25247
22178
18696
14865
10755
6443
2009
-2465
-6896
-11201
-15299
-19113
-22570
-25606
-28162
-30190
-31650
-32514
-32764
-32394
-31411
-29832
-27686
-25012
-21861
-18292
-14372
-10175
-5781
-1274
3259
7733
12062
16161
19951
23359
26318
28771
30668
31973
32659
32711
32127
30919
29107
26727
23823
20452
16679
12577
8226
3711
-879
-5455
-9926
-14204
-18204
-21846
-25058
-27775
-29942
-31516
-32464
-32766
-32415
-31417
-29790
-27567
-24790
-21514
-17805
-13736
-9388
-4849
-209
4437
8997
13377
17489
21248
24578
27411
29687
31359
32393
32765
32468
31507
29899
27676
24884
21579
17828
13707
9301
4700
0
-4703
-9311
-13729
-17864
-21629
-24947
-27746
-29968
-31566
-32503
-32761
-32332
-31225
-29460
-27076
-24119
-20653
-16748
-12488
-7961
-3263
1506
6246
10856
15238
19298
22949
26112
28719
30713
32051
32702
32651
31900
30461
28366
25658
22395
18646
14492
10022
5332
524
-4298
-9029
-13567
-17811
-21669
-25055
-27896
-30127
-31699
-32577
-32739
-32182
-30916
-28967
-26379
-23206
-19519
-15397
-10932
-6222
-1372
3511
8320
12945
17284
21240
24723
27655
29968
31611
32545
32748
32214
30954
28995
26381
23169
19431
15252
10724
5950
1038
-3899
-8751
-13405
-17757
-21705
-25159
-28038
-30277
-31822
-32637
-32702
-32014
-30588
-28456
-25665
-22280
-18377
-14047
-9388
-4509
477
5455
10308
14924
19194
23018
26305
28979
30974
32243
32756
32498
31476
29711
27244
24133
20449
16280
11722
6884
1880
-3170
-8148
-12935
-17416
-21484
-25041
-28000
-30291
-31856
-32659
-32677
-31909
-30373
-28105
-25157
-21600
-17520
-13013
-8189
-3163
1941
7001
11893
16499
20705
24407
27516
29953
31659
32589
32721
32049
30590
28377
25463
21921
17836
13307
8448
3377
-1780
-6896
-11843
-16499
-20746
-24479
-27603
-30040
-31727
-32621
-32699
-31957
-30413
-28105
-25088
-21439
-17247
-12618
-7668
-2522
2689
7836
12787
17416
21605
25247
28248
30530
32035
32723
32574
31592
29801
27244
23987
20112
15718
10917
5832
595
-4660
-9798
-14685
-19194
-23208
-26622
-29345
-31307
-32455
-32757
-32206
-30813
-28614
-25665
-22043
-17841
-13169
-8148
-2911
2405
7661
12717
17440
21705
25397
28419
30689
32146
32750
32483
31352
29385
26633
23169
19084
14487
9500
4255
-1105
-6439
-11603
-16457
-20870
-24723
-27911
-30346
-31961
-32712
-32578
-31559
-29684
-27001
-23582
-19519
-14922
-9916
-4636
771
6162
11386
16301
20770
24671
27896
30354
31977
32719
32558
31498
29565
26813
23317
19172
14492
9407
4058
-1405
-6833
-12073
-16978
-21411
-25247
-28377
-30713
-32188
-32760
-32410
-31148
-29007
-26047
-22351
-18021
-13179
-7961
-2516
3003
8440
13640
18454
22745
26389
29282
31340
32503
32737
32033
30409
27913
24613
20604
16000
10932
5547
0
-5550
-10942
-16021
-20637
-24657
-27963
-30458
-32068
-32745
-32468
-31244
-29107
-26118
-22364
-17952
-13013
-7689
-2137
3479
8997
14252
19090
23367
26955
29748
31662
32640
32650
31691
29790
27003
23411
19119
14256
8965
3403
-2262
-7862
-13230
-18204
-22633
-26385
-29345
-31423
-32556
-32707
-31871
-30072
-27362
-23823
-19561
-14703
-9397
-3803
1908
7565
12994
18030
22517
26318
29316
31419
32559
32702
31841
30001
27238
23635
19302
14372
8996
3339
-2422
-8112
-13553
-18577
-23026
-26761
-29667
-31650
-32648
-32629
-31591
-29565
-26615
-22829
-18327
-13249
-7752
-2009
3799
9491
14886
19815
24120
27666
30338
32052
32751
32412
31044
28690
25423
21345
16586
11295
5642
-193
-6025
-11667
-16938
-21669
-25706
-28920
-31206
-32489
-32726
-31909
-30063
-27244
-23544
-19081
-13998
-8460
-2644
3259
9060
14569
19606
24006
27626
30346
32075
32756
32366
30916
28451
25051
20827
15917
10480
4696
-1244
-7147
-12817
-18065
-22719
-26622
-29644
-31684
-32674
-32578
-31398
-29173
-25975
-21909
-17110
-11737
-5969
0
5972
11747
17130
21941
26016
29217
31436
32596
32657
31615
29504
26395
22390
17625
12260
6476
470
-5554
-11392
-16845
-21726
-25867
-29127
-31393
-32585
-32662
-31619
-29491
-26349
-22301
-17483
-12062
-6222
-166
5898
11762
17222
22088
26191
29387
31566
32648
32597
31411
29131
25835
21636
16679
11138
5205
-912
-7001
-12847
-18244
-23003
-26955
-29960
-31912
-32739
-32412
-30940
-28374
-24803
-20353
-15179
-9465
-3413
2763
8843
14612
19863
24407
28083
30758
32334
32755
32003
30103
27124
23169
18381
12929
7010
836
-5370
-11386
-16993
-21989
-26191
-29446
-31636
-32680
-32538
-31214
-28754
-25247
-20819
-15630
-9868
-3744
2518
8692
14551
19879
24480
28184
30855
32393
32739
31880
29845
26709
22585
17625
12011
5950
-333
-6607
-12639
-18204
-23094
-27128
-30152
-32055
-32763
-32248
-30528
-27666
-23767
-18976
-13473
-7461
-1167
5173
11322
17047
22132
26385
29644
31785
32724
32427
30901
28203
24435
19738
14288
8294
1981
-4409
-10635
-16457
-21654
-26025
-29402
-31656
-32697
-32485
-31027
-28377
-24634
-19943
-14481
-8460
-2109
4324
10594
16457
21686
26077
29459
31699
32710
32451
30929
28203
24378
19601
14056
7961
1552
-4919
-11201
-17047
-22227
-26537
-29806
-31906
-32751
-32307
-30590
-27666
-23648
-18696
-13002
-6791
-309
6187
12441
18204
23246
27366
30398
32222
32762
31995
29951
26709
22398
17189
11289
4935
-1619
-8112
-14281
-19879
-24678
-28486
-31147
-32552
-32643
-31416
-28917
-25247
-20553
-15023
-8882
-2378
4225
10659
16662
21989
26421
29777
31918
32756
32254
30432
27362
23169
18024
12137
5748
-879
-7473
-13762
-19485
-24407
-28323
-31070
-32533
-32650
-31414
-28875
-25136
-20353
-14721
-8475
-1874
4807
11292
17307
22602
26955
30182
32146
32765
32010
29911
26556
22083
16679
10571
4016
-2711
-9326
-15551
-21121
-25799
-29387
-31732
-32732
-32344
-30582
-27520
-23286
-18060
-12062
-5547
1206
7911
14280
20041
24947
28786
31393
32653
32513
30975
28105
24024
18906
12972
6476
-301
-7069
-13534
-19415
-24458
-28443
-31196
-32596
-32580
-31148
-28360
-24336
-19250
-13322
-6811
0
6813
13332
19269
24364
28393
31178
32594
32578
31129
28309
24241
19103
13120
6555
-301
-7147
-13680
-19609
-24671
-28641
-31340
-32648
-32505
-30916
-27948
-23735
-18460
-12360
-5706
1206
8067
14569
20421
25359
29162
31656
32728
32328
30473
27244
22786
17298
11027
4255
-2711
-9557
-15974
-21669
-26383
-29901
-32062
-32766
-31979
-29736
-26137
-21345
-15577
-9095
-2195
4807
11593
17850
23291
27666
30771
32464
32665
31362
28614
24546
19345
13249
6538
-477
-7473
-14125
-20126
-25196
-29098
-31650
-32732
-32292
-30349
-26991
-22374
-16712
-10266
-3339
3746
10659
17076
22694
27251
30530
32377
32702
31489
28793
24740
19519
13375
6597
-494
-7565
-14281
-20323
-25404
-29282
-31772
-32753
-32178
-30072
-26533
-21729
-15887
-9285
-2238
4919
11843
18204
23695
28052
31066
32589
32548
30942
27847
23411
17845
11416
4435
-2763
-9830
-16425
-22227
-26955
-30378
-32330
-32713
-31507
-28769
-24631
-19293
-13013
-6096
1120
8285
15047
21076
26077
29802
32068
32763
31850
29372
25451
20276
14101
7230
0
-7232
-14111
-20295
-25478
-29402
-31872
-32764
-32033
-29711
-25913
-20827
-14703
-7845
-595
6688
13640
19914
25196
29220
31785
32759
32093
29819
26047
20967
14832
7950
664
-6656
-13645
-19948
-25247
-29273
-31822
-32763
-32046
-29706
-25861
-20703
-14492
-7543
-209
7138
14125
20396
25629
29557
31977
32766
31880
29363
25342
20022
13674
6622
-771
-8129
-15071
-21240
-26318
-30042
-32219
-32734
-31559
-28754
-24461
-18901
-12360
-5177
2276
9615
16457
22447
27271
30678
32489
32608
31026
27825
23169
17302
10527
3199
-4298
-11573
-18244
-23960
-28419
-31387
-32705
-32302
-30198
-26501
-21406
-15179
-8148
-684
6817
13962
20369
25700
29668
32064
32757
31710
28975
24698
19103
12488
5205
-2358
-9798
-16717
-22745
-27557
-30894
-32577
-32513
-30703
-27244
-22319
-16192
-9191
-1693
5898
13175
19743
25247
29388
31941
32765
31816
29141
24884
19276
12618
5272
-2362
-9871
-16845
-22903
-27714
-31014
-32621
-32445
-30495
-26875
-21781
-15492
-8351
-749
6896
14165
20658
26016
29942
32220
32721
31417
28377
23767
17841
10926
3403
-4310
-11787
-18613
-24407
-28847
-31684
-32759
-32010
-29476
-25298
-19707
-13013
-5590
2148
9769
16845
22980
27828
31116
32659
32366
30254
26438
21133
14635
7310
-430
-8148
-15409
-21801
-26962
-30598
-32502
-32563
-30778
-27244
-22162
-15818
-8572
-836
6950
14343
20920
26305
30190
32350
32661
31103
27762
22829
16586
9388
1649
-6187
-13670
-20369
-25898
-29936
-32249
-32702
-31267
-28024
-23161
-16955
-9766
-2009
5867
13405
20168
25762
29860
32222
32709
31291
28049
23169
16936
9711
1916
-5992
-13553
-20323
-25904
-29968
-32275
-32687
-31179
-27837
-22855
-16527
-9222
-1372
6562
14111
20829
26318
30252
32397
32623
30916
27374
22206
15718
8294
373
-7571
-15067
-21669
-26980
-30683
-32556
-32483
-30469
-26631
-21197
-14492
-6916
1077
9009
16402
22811
27851
31216
32702
32218
29790
25564
19793
12824
5078
-2978
-10856
-18080
-24210
-28873
-31785
-32766
-31757
-28816
-24119
-17952
-10689
-2772
5316
13083
20053
25799
29968
32304
32662
31017
27469
22233
15630
8064
0
-8067
-15639
-22251
-27492
-31038
-32669
-32282
-29899
-25665
-19840
-12785
-4935
3223
11185
18454
24578
29176
31960
32754
31507
28295
23317
16881
9388
1306
-6859
-14599
-21426
-26913
-30713
-32587
-32415
-30206
-26096
-20343
-13307
-5431
2789
10837
18204
24423
29100
31937
32755
31498
28244
23199
16679
9099
938
-7285
-15047
-21854
-27271
-30951
-32659
-32282
-29844
-25497
-19519
-12290
-4271
4023
12062
19330
25359
29762
32252
32670
30984
27303
21861
15008
7184
-1105
-9326
-16947
-23474
-28484
-31650
-32766
-31757
-28687
-23753
-17274
-9670
-1435
6896
14781
21705
27215
30951
32666
32248
29720
25247
19119
11737
3583
-4807
-12886
-20121
-26035
-30239
-32455
-32534
-30469
-26395
-20578
-13400
-5336
3083
11302
18775
25007
29584
32200
32681
30992
27244
21684
14679
6695
-1736
-10055
-17706
-24178
-29038
-31959
-32744
-31340
-27837
-22468
-15592
-7668
771
9163
16942
23583
28641
31772
32764
31548
28203
22955
16155
8261
-193
-8637
-16499
-23246
-28419
-31667
-32766
-31641
-28366
-23161
-16378
-8479
0
8482
16388
23178
28387
31659
32766
31633
28334
23092
16267
8323
-193
-8699
-16610
-23382
-28547
-31748
-32764
-31521
-28105
-22748
-15818
-7793
771
9287
17161
23850
28887
31923
32744
31292
27666
22114
15023
6884
-1736
-10238
-18030
-24565
-29387
-32158
-32681
-30919
-26991
-21173
-13868
-5590
3083
11543
19194
25499
30012
32414
32534
30361
26047
19895
12336
3903
-4807
-13181
-20625
-26610
-30711
-32637
-32248
-29569
-24790
-18247
-10405
-1820
6896
15124
22277
27843
31423
32760
31757
28483
23169
16196
8060
-655
-9326
-17331
-24094
-29127
-32068
-32703
-30984
-27033
-21133
-13707
-5289
3511
12062
19743
25999
30374
32552
32371
29844
25150
18630
10754
2094
-6719
-15047
-22282
-27896
-31478
-32765
-31661
-28244
-22763
-15616
-7324
1506
10228
18204
24847
29668
32313
32585
30461
26096
19809
12062
3423
-5469
-13962
-21426
-27310
-31178
-32740
-31881
-28661
-23317
-16242
-7961
912
9721
17811
24578
29519
32265
32608
30520
26157
19840
12041
3339
-5613
-14150
-21629
-27492
-31296
-32755
-31758
-28377
-22863
-15630
-7219
1736
10564
18599
25234
29968
32443
32468
30041
25342
18725
10689
1842
-7147
-15598
-22868
-28404
-31785
-32751
-31227
-27327
-21345
-13736
-5078
3969
12717
20496
26712
30887
32702
32014
28875
23522
16364
7950
-1077
-10024
-18204
-24986
-29848
-32414
-32483
-30050
-25298
-18593
-10451
-1499
7571
16058
23305
28750
31969
32711
30916
26720
20449
12587
3744
-5391
-14111
-21734
-27666
-31442
-32766
-31533
-27837
-21964
-14372
-5653
3510
12401
20323
26654
30894
32710
31957
28692
23169
15822
7226
-1941
-10958
-19113
-25762
-30378
-32596
-32237
-29328
-24096
-16955
-8469
691
9799
18132
25028
29936
32465
32412
29778
24772
17791
9388
234
-8940
-17404
-24479
-29598
-32350
-32513
-30072
-25219
-18342
-9991
-836
8388
16942
24135
29387
32275
32563
30226
25451
18620
10283
1113
-8148
-16754
-24006
-29316
-32252
-32574
-30254
-25477
-18630
-10266
-1066
8222
16845
24098
29390
32286
32549
30156
25298
18372
9941
695
-8610
-17213
-24407
-29603
-32371
-32482
-29925
-24908
-17841
-9305
0
9307
17850
24924
29942
32491
32356
29546
24293
17028
8351
-1019
-10308
-18745
-25629
-30386
-32621
-32145
-28995
-23432
-15917
-7073
2362
11603
19879
26497
30903
32728
31816
28241
22301
14491
5464
-4023
-13175
-21224
-27492
-31451
-32766
-31324
-27244
-20868
-12732
-3519
5992
15001
22745
28568
31977
32682
30619
25962
19103
10622
1238
-8253
-17047
-24394
-29668
-32420
-32412
-29643
-24347
-16973
-8148
1373
10781
19269
26112
30723
32705
31886
28334
22351
14449
5304
-4298
-13534
-21608
-27826
-31650
-32749
-31026
-26627
-19930
-11510
-2094
7504
16457
23989
29446
32355
32460
29752
24461
17046
8148
-1459
-10942
-19477
-26318
-30870
-32732
-31742
-27983
-21780
-13674
-4371
5316
14541
22496
28484
31977
32669
30495
25645
18541
9807
209
-9410
-18204
-25397
-30356
-32640
-32046
-28625
-22675
-14721
-5464
4278
13645
21806
28038
31787
32719
30748
26047
19032
10324
695
-8997
-17892
-25196
-30256
-32621
-32077
-28669
-22701
-14703
-5389
4409
13816
21989
28193
31872
32694
30582
25725
18555
9715
0
-9718
-18563
-25739
-30598
-32699
-31850
-28126
-21861
-13619
-4144
5708
15047
23026
28920
32194
32549
29951
24631
17073
7961
-1876
-11547
-20168
-26955
-31287
-32766
-31257
-26894
-20073
-11416
-1713
8148
17267
24807
30076
32589
32113
28690
22632
14492
5018
-4919
-14407
-22570
-28657
-32104
-32591
-30072
-24775
-17189
-8012
1907
11653
20323
27113
31393
32763
31094
26539
19519
10683
852
-9060
-18132
-25519
-30530
-32697
-31816
-27965
-21503
-13031
-3339
6667
16052
23938
29584
32459
32292
29097
23169
15065
5543
-4501
-14125
-22423
-28612
-32108
-32578
-29977
-24546
-16798
-7461
2582
12385
21019
27666
31694
32721
30647
25665
18247
9095
-923
-10856
-19760
-26786
-31264
-32766
-31146
-26556
-19431
-10451
-470
9557
18675
26008
30855
32749
31507
27244
20368
11537
1595
-8501
-17784
-25359
-30497
-32702
-31758
-27754
-21074
-12360
-2451
7696
17103
24860
30215
32648
31922
28105
21563
12929
3039
-7147
-16643
-24525
-30025
-32607
-32016
-28309
-21844
-13249
-3359
6859
16412
24364
29939
32588
32050
28377
21924
13322
3413
-6833
-16412
-24382
-29960
-32596
-32028
-28309
-21804
-13150
-3199
7069
16643
24578
30089
32630
31946
28105
21482
12732
2719
-7565
-17103
-24947
-30318
-32680
-31797
-27754
-20951
-12062
-1970
8320
17784
25478
30633
32732
31565
27244
20200
11134
952
-9326
-18675
-26154
-31014
-32765
-31228
-26556
-19215
-9941
333
10578
19760
26955
31436
32749
30759
25665
17979
8475
-1887
-12062
-21019
-27851
-31864
-32650
-30126
-24546
-16475
-6728
3703
13762
22423
28806
32258
32427
29291
23169
14683
4696
-5772
-15653
-23938
-29777
-32571
-32033
-28214
-21503
-12587
-2378
8077
17706
25519
30711
32748
31416
26850
19519
10175
-219
-10594
-19879
-27113
-31549
-32726
-30520
-25157
-17189
-7439
3083
13289
22119
28657
32222
32441
29289
23092
14492
4381
-6187
-16114
-24364
-30076
-32652
-31820
-27666
-20619
-11416
-1017
9491
19008
26537
31287
32757
30792
25595
17709
7961
-2625
-12939
-21894
-28547
-32194
-32451
-29286
-23032
-14346
-4144
6498
16457
24678
30291
32699
31644
27238
19943
10531
0
-10533
-19951
-27251
-31656
-32694
-30254
-24592
-16309
-6286
4409
14637
23305
29487
32519
32077
28203
21312
12137
1660
-8997
-18692
-26385
-31248
-32757
-30748
-25434
-17383
-7461
3266
13645
22556
29038
32390
32248
28625
21909
12824
2351
-8378
-18204
-26061
-31098
-32765
-30880
-25645
-17625
-7689
3083
13524
22496
29023
32393
32235
28565
21780
12618
2077
-8692
-18516
-26318
-31245
-32755
-30681
-25247
-17046
-6975
3863
14280
23132
29446
32527
32033
28015
20915
11510
836
-9932
-19609
-27125
-31650
-32682
-30103
-24198
-15616
-5304
5596
15880
24407
30232
32705
31550
26894
19250
9465
-1373
-12062
-21411
-28379
-32188
-32412
-29022
-22395
-13267
-2656
8253
18244
26197
31222
32754
30619
25054
16679
6433
-4537
-15001
-23783
-29895
-32648
-31731
-27244
-19690
-9916
976
11762
21224
28293
32170
32415
28997
22301
13080
2378
-8595
-18599
-26497
-31393
-32729
-30352
-24528
-15917
-5494
5554
15974
24578
30386
32734
31352
26395
18425
8351
-2679
-13405
-22602
-29217
-32491
-32046
-27932
-20616
-10936
0
10939
20625
27944
32055
32482
29173
22507
13249
2462
-8610
-18692
-26622
-31481
-32707
-30156
-24119
-15293
-4696
6446
16845
25296
30817
32766
30916
25477
17079
6695
-4468
-15115
-24006
-30106
-32702
-31489
-26606
-18620
-8460
2689
13528
22788
29387
32552
31909
27532
19930
9991
-1120
-12103
-21669
-28693
-32350
-32208
-28280
-21025
-11295
-234
10856
20671
28052
32127
32412
28871
21921
12379
1372
-9799
-19815
-27487
-31906
-32545
-29328
-22632
-13249
-2291
8940
19113
27016
31708
32629
29666
23169
13911
2992
-8285
-18577
-26654
-31549
-32677
-29899
-23544
-14372
-3477
7836
18214
26411
31442
32702
30037
23764
14635
3744
-7598
-18030
-26293
-31393
-32711
-30086
-23833
-14703
-3796
7571
18026
26305
31405
32707
30050
23753
14577
3632
-7754
-18204
-26446
-31479
-32688
-29925
-23522
-14256
-3253
8148
18560
26712
31608
32650
29706
23135
13736
2656
-8751
-19090
-27095
-31785
-32581
-29385
-22585
-13013
-1842
9557
19786
27585
31994
32468
28947
21861
12081
809
-10564
-20637
-28166
-32219
-32293
-28377
-20951
-10932
440
11762
21629
28819
32437
32033
27653
19840
9561
-1907
-13142
-22745
-29519
-32621
-31661
-26755
-18514
-7961
3586
14689
23960
30239
32740
31148
25658
16955
6128
-5469
-16384
-25247
-30944
-32759
-30461
-24336
-15151
-4058
7546
18204
26572
31595
32638
29565
22763
13087
1756
-9798
-20118
-27896
-32148
-32332
-28424
-20915
-10754
771
12203
22088
29171
32552
31797
27001
18769
8148
-3511
-14727
-24069
-30346
-32754
-30984
-25260
-16309
-5272
6439
17331
26008
31359
32696
29845
23169
13521
2137
-9523
-19964
-27843
-32146
-32318
-28334
-20703
-10405
1234
12717
22564
29503
32637
31559
26407
17841
6968
-4807
-15965
-25058
-30909
-32757
-30361
-24028
-14577
-3233
8533
19194
27364
31977
32433
28669
21173
10917
-762
-12345
-22321
-29387
-32619
-31592
-26438
-17828
-6884
4961
16161
25247
31028
32744
30168
23635
13998
2522
-9287
-19879
-27860
-32179
-32265
-28105
-20242
-9711
2101
13640
23382
30040
32733
31103
25362
16267
5018
-6896
-17901
-26537
-31659
-32585
-29190
-21921
-11741
0
11743
21929
29201
32589
31641
26480
17791
6728
-5233
-16499
-25566
-31222
-32709
-29826
-22955
-13013
-1327
10537
20994
28641
32450
31909
27088
18630
7668
-4324
-15739
-25041
-30976
-32744
-30105
-23411
-13561
-1880
10055
20637
28436
32397
31982
27244
18822
7852
-4182
-15653
-25007
-30974
-32743
-30072
-23319
-13400
-1660
10308
20879
28612
32455
31881
26966
18377
7282
-4807
-16245
-25468
-31216
-32702
-29720
-22675
-12528
-664
11292
21705
29147
32596
31576
26225
17274
5950
-6193
-17489
-26383
-31650
-32564
-28995
-21433
-10917
1105
12978
23064
29968
32737
30984
24950
15465
3839
-8320
-19330
-27666
-32170
-32217
-27796
-19519
-8531
3643
15314
24860
30951
32739
29972
23032
12884
938
-11141
-21669
-29176
-32613
-31498
-25982
-16835
-5332
6918
18204
26944
31912
32410
28366
20343
9465
-2743
-14569
-24351
-30713
-32759
-30198
-23387
-13283
-1306
10856
21492
29100
32604
31507
25962
16748
5166
-7147
-18454
-27152
-32008
-32332
-28076
-19840
-8789
3510
15314
24947
31038
32720
29752
22551
12140
0
-12143
-22559
-29762
-32723
-31017
-24884
-15198
-3339
8998
20053
28242
32393
31908
26854
17952
6476
-5930
-17489
-26541
-31785
-32465
-28481
-20402
-9388
2978
14918
24714
30951
32730
29790
22554
12062
-172
-12385
-22811
-29942
-32746
-30813
-24421
-14492
-2462
9926
20879
28806
32556
31581
26021
16679
4912
-7571
-18956
-27585
-32200
-32127
-27374
-18630
-7167
5342
17076
26318
31719
32485
28504
20353
9222
-3259
-15267
-25041
-31147
-32687
-29434
-21861
-11077
1334
13553
23783
30517
32764
30189
23169
12736
423
-11953
-22570
-29860
-32743
-30792
-24293
-14202
-2009
10483
21426
29201
32652
31267
25247
15482
3419
-9153
-20369
-28563
-32514
-31633
-26047
-16586
-4654
7973
19415
27967
32350
31910
26709
17520
5712
-6950
-18577
-27428
-32179
-32116
-27244
-18292
-6597
6088
17864
26962
32015
32263
27666
18910
7310
-5391
-17284
-26579
-31872
-32366
-27983
-19380
-7852
4862
16845
26287
31760
32433
28203
19707
8226
-4501
-16550
-26094
-31684
-32472
-28334
-19895
-8434
4310
16402
26003
31651
32486
28377
19946
8475
-4288
-16402
-26016
-31662
-32478
-28334
-19861
-8351
4437
16550
26133
31717
32445
28203
19638
8060
-4756
-16845
-26351
-31812
-32386
-27983
-19276
-7602
5243
17284
26666
31941
32293
27666
18769
6975
-5898
-17864
-27071
-32095
-32157
-27244
-18113
-6176
6719
18577
27557
32265
31968
26709
17302
5205
-7702
-19415
-28111
-32434
-31710
-26047
-16326
-4058
8843
20369
28719
32588
31368
25247
15179
2736
-10137
-21426
-29364
-32705
-30922
-24293
-13853
-1238
11573
22570
30025
32764
30353
23169
12339
-434
-13142
-23783
-30678
-32739
-29638
-21861
-10632
2276
14829
25041
31296
32604
28754
20353
8727
-4282
-16616
-26318
-31849
-32328
-27676
-18630
-6622
6439
18480
27585
32302
31880
26381
16679
4318
-8734
-20396
-28806
-32620
-31227
-24845
-14492
-1820
11144
22329
29942
32763
30335
23047
12062
-859
-13645
-24243
-30951
-32688
-29173
-20967
-9388
3703
16202
26094
31785
32354
27709
18593
6476
-6688
-18775
-27832
-32393
-31718
-25913
-15915
-3339
9779
21317
29402
32723
30737
23764
12933
0
-12935
-23772
-30745
-32720
-29372
-21243
-9654
3510
16105
26077
31798
32332
27590
18342
6096
-7147
-19226
-28162
-32493
-31507
-25362
-15061
-2291
10856
22227
29953
32765
30198
22670
11416
-1716
-14569
-25028
-31370
-32548
-28366
-19509
-7435
5867
18204
27539
32330
31782
25982
15887
3163
-10086
-21669
-29667
-32753
-30413
-23032
-11831
1334
14281
24860
31312
32563
28403
19519
7387
-5976
-18347
-27666
-32377
-31693
-25725
-15465
-2622
10659
22164
29968
32766
30086
22374
10917
-2369
-15261
-25599
-31650
-32396
-27709
-18372
-5950
7473
19643
28516
32596
31195
24546
13765
664
-12550
-23653
-30771
-32702
-29116
-20616
-8634
4807
17440
27128
32230
31881
26137
15968
3092
-10308
-21966
-29901
-32766
-30072
-22272
-10689
2711
15653
25937
31812
32275
27244
17574
4908
-8595
-20637
-29162
-32712
-30681
-23411
-12140
1206
14349
25041
31451
32480
27948
18630
6117
-7445
-19735
-28641
-32634
-31026
-24089
-13013
301
13567
24501
31222
32570
28309
19172
6728
-6876
-19298
-28393
-32589
-31159
-24347
-13326
0
13328
24354
31166
32585
28360
19220
6748
-6896
-19347
-28443
-32604
-31103
-24198
-13087
301
13640
24608
31294
32533
28105
18778
6176
-7504
-19879
-28786
-32669
-30847
-23635
-12290
1206
14493
25247
31583
32389
27520
17828
5008
-8692
-20870
-29387
-32745
-30352
-22624
-10917
2711
15865
26229
31977
32094
26556
16335
3233
-10442
-22277
-30182
-32757
-29546
-21112
-8944
4807
17712
27483
32390
31559
25136
14256
845
-12717
-24026
-31070
-32598
-28334
-19032
-6345
7473
19964
28903
32697
30666
23169
11540
-2148
-15456
-26008
-31918
-32127
-26596
-16309
-3103
10659
22517
30346
32741
29270
20553
8148
-5719
-18563
-28078
-32552
-31179
-24202
-12874
771
14281
25223
31625
32332
27214
17189
4062
-9798
-21894
-30040
-32762
-29565
-21025
-8682
5233
18204
27882
32514
31257
24336
13002
-691
-14262
-25247
-31650
-32307
-27094
-16955
-3732
10171
22227
30239
32747
29289
20494
7961
-6025
-18915
-28356
-32621
-30929
-23586
-11931
1907
15400
26077
31982
32033
26215
15592
2109
-11762
-23479
-30889
-32629
-28377
-18910
-5966
8077
20637
29402
32756
30080
21861
9613
-4409
-17621
-27585
-32459
-31342
-24435
-13013
816
14497
25499
31785
32188
26631
16140
2656
-11322
-23203
-30782
-32650
-28456
-18976
-5969
8148
20755
29503
32763
29925
21514
9095
-5021
-18204
-27995
-32564
-31058
-23753
-12011
1977
15598
26305
32095
31880
25698
14703
952
-12978
-24480
-31393
-32418
-27360
-17165
-3744
10381
22559
30497
32702
28754
19394
6380
-7836
-20580
-29446
-32762
-29899
-21393
-8847
5370
18577
28275
32630
30814
23169
11138
-3003
-16579
-27016
-32334
-31523
-24733
-13249
751
14612
25700
31906
32048
26096
15179
1372
-12698
-24354
-31371
-32412
-27273
-16932
-3359
10856
23003
30758
32638
28280
18514
5205
-9101
-21669
-30089
-32747
-29131
-19930
-6905
7445
20371
29387
32762
29844
21189
8460
-5898
-19125
-28673
-32702
-30433
-22301
-9868
4468
17946
27963
32585
30916
23274
11134
-3159
-16845
-27275
-32428
-31305
-24119
-12260
1977
15833
26622
32247
31615
24845
13249
-923
-14918
-26016
-32055
-31858
-25461
-14105
0
14107
25468
31864
32046
25975
14832
792
-13405
-24986
-31684
-32188
-26395
-15435
-1452
12817
24578
31525
32292
26727
15917
1981
-12345
-24250
-31393
-32366
-26976
-16280
-2378
11993
24006
31293
32415
27148
16527
2644
-11762
-23850
-31230
-32442
-27244
-16660
-2779
11653
23783
31206
32451
27267
16679
2783
-11667
-23806
-31222
-32441
-27217
-16586
-2656
11803
23919
31277
32412
27094
16378
2398
-12062
-24120
-31370
-32361
-26894
-16056
-2009
12441
24407
31496
32285
26615
15616
1488
-12939
-24777
-31650
-32178
-26251
-15055
-836
13553
25223
31826
32033
25797
14372
52
-14280
-25739
-32015
-31841
-25247
-13561
863
15115
26318
32208
31592
24592
12618
-1908
-16052
-26950
-32393
-31276
-23823
-11540
3083
17085
27622
32556
30880
22932
10324
-4384
-18204
-28323
-32682
-30389
-21909
-8965
5807
19399
29038
32755
29790
20744
7461
-7347
-20658
-29748
-32757
-29067
-19428
-5811
8997
21966
30436
32669
28203
17952
4016
-10746
-23305
-31079
-32468
-27184
-16309
-2077
12583
24657
31656
32135
25992
14491
0
-14493
-25999
-32139
-31644
-24613
-12494
2208
16457
27304
32503
30975
23032
10317
-4537
-18454
-28547
-32719
-30103
-21238
-7961
6971
20458
29694
32757
29007
19220
5431
-9491
-22439
-30713
-32587
-27666
-16973
-2736
12073
24364
31568
32177
26060
14492
-108
-14689
-26197
-32222
-31498
-24174
-11781
3083
17304
27896
32634
30520
21996
8847
-6162
-19879
-29416
-32766
-29219
-19519
-5706
9311
22368
30711
32578
27570
16743
2378
-12491
-24723
-31732
-32033
-25558
-13674
1105
15653
26888
32428
31095
23169
10328
-4707
-18745
-28806
-32750
-29736
-20402
-6728
8378
21705
30414
32650
27932
17262
2911
-12062
-24465
-31651
-32083
-25665
-13765
1077
15692
26955
32455
31012
22932
9941
-5180
-19194
-29098
-32765
-29406
-19738
-5832
9326
22486
30817
32526
27244
16102
1495
-13436
-25478
-32035
-31693
-24521
-12062
2999
17416
28078
32680
30226
21243
7668
-7565
-21167
-30192
-32685
-28105
-17438
-2992
12103
24578
31727
31995
25321
13150
-1876
-16499
-27539
-32596
-30567
-21889
-8448
6833
20630
29936
32722
28377
17845
3419
-11753
-24364
-31659
-32040
-25423
-13249
1823
16499
27568
32607
30508
21729
8189
-7147
-20920
-30108
-32693
-28105
-17347
-2779
12401
24860
31856
31850
24838
12360
-2839
-17416
-28160
-32702
-30037
-20749
-6884
8501
22013
30668
32552
27244
15915
1066
-14020
-26008
-32243
-31342
-23500
-10451
4915
19194
29220
32766
29042
18871
4509
-10856
-23813
-31479
-32147
-25665
-13473
1720
16533
27666
32637
30335
21271
7461
-8015
-21705
-30552
-32578
-27327
-15968
-1038
14125
26133
32294
31228
23169
9920
-5554
-19786
-29584
-32748
-28565
-17970
-3339
12043
24723
31849
31816
24627
11897
-3511
-18132
-28673
-32755
-29458
-19519
-5177
10334
23516
31393
32182
25702
13414
-1907
-16800
-27896
-32682
-30072
-20653
-6555
9029
22570
30997
32395
26445
14492
-751
-15827
-27310
-32589
-30461
-21406
-7481
8148
21926
30713
32507
26894
15151
-48
-15238
-26955
-32522
-30664
-21804
-7961
7702
21608
30575
32549
27076
15403
202
-15047
-26852
-32503
-30703
-21861
-8002
7696
21629
30598
32538
27001
15255
0
-15257
-27007
-32541
-30582
-21579
-7602
8129
21989
30779
32468
26664
14703
-655
-15865
-27411
-32621
-30288
-20948
-6758
8997
22672
31098
32318
26047
13736
-1763
-16855
-28038
-32713
-29790
-19946
-5464
10289
23653
31516
32046
25116
12336
-3319
-18204
-28847
-32766
-29042
-18541
-3711
11987
24889
31977
31593
23823
10480
-5316
-19871
-29777
-32711
-27983
-16697
-1495
14059
26318
32404
30885
22114
8148
-7733
-21801
-30745
-32460
-26539
-14372
1180
16457
27860
32699
29832
19930
5325
-10537
-23916
-31650
-31910
-24631
-11530
4298
19113
29409
32747
28334
17210
2009
-13670
-26112
-32365
-30942
-22178
-8148
7817
21929
30833
32412
26285
13907
-1780
-17047
-28259
-32743
-29429
-19103
-4222
11667
24777
31977
31548
23586
9991
-5992
-20546
-30192
-32619
-27244
-15350
219
15739
27492
32660
30001
20149
5464
-10533
-24006
-31719
-31816
-24270
-10892
5106
19879
29873
32681
27625
15917
373
-15261
-27221
-32621
-30156
-20416
-5748
10308
23879
31684
31836
24293
10875
-5173
-19973
-29942
-32665
-27477
-15633
0
15636
27483
32666
29925
19920
5078
-10999
-24407
-31886
-31615
-23656
-9941
6193
20824
30386
32549
26782
14487
-1341
-16845
-28242
-32749
-29262
-18630
-3445
12583
25539
32252
31078
22301
8064
-8148
-22368
-31111
-32231
-25451
-12429
3643
18824
29387
32737
28047
16465
836
-15001
-27152
-32625
-30072
-20115
-5205
10989
24479
31937
31523
23335
9388
-6876
-21447
-30723
-32412
-26092
-13322
2743
18132
29038
32759
28371
16955
1338
-14612
-26944
-32596
-30164
-20247
-5304
10958
24501
31960
31477
23169
9099
-7236
-21774
-30894
-32323
-25702
-12676
3510
18824
29446
32724
27837
16000
166
-15711
-27666
-32707
-29572
-19041
-3744
12491
25602
32304
30916
21780
7184
-9215
-23305
-31551
-31880
-24205
-10451
5930
20824
30486
32483
26311
13518
-2679
-18204
-29147
-32749
-28098
-16364
-502
15488
27574
32702
29574
18976
3583
-12717
-25806
-32371
-30748
-21345
-6538
9926
23879
31785
31636
23467
9346
-7147
-21830
-30974
-32254
-25342
-11991
4409
19692
29968
32623
26976
14462
-1736
-17495
-28798
-32764
-28377
-16752
-852
15267
27492
32699
29554
18857
3339
-13034
-26077
-32450
-30520
-20777
-5712
10817
24578
32042
31291
22515
7961
-8637
-23021
-31496
-31881
-24075
-10079
6509
21426
30833
32307
25463
12062
-4448
-19815
-30076
-32585
-26689
-13907
2465
18204
29244
32732
27762
15616
-569
-16610
-28356
-32765
-28692
-17189
-1231
15047
27428
32699
29490
18630
2932
-13528
-26478
-32552
-30168
-19943
-4530
12062
25519
32337
30737
21133
6022
-10659
-24565
-32068
-31208
-22206
-7407
9326
23628
31760
31593
23169
8686
-8070
-22719
-31423
-31903
-24028
-9858
6896
21846
31070
32147
24790
10926
-5807
-21019
-30711
-32336
-25461
-11891
4807
20244
30356
32478
26047
12755
-3899
-19528
-30012
-32581
-26556
-13521
3083
18877
29687
32654
26991
14192
-2362
-18294
-29387
-32703
-27360
-14769
1736
17784
29119
32734
27666
15255
-1206
-17349
-28887
-32752
-27913
-15652
771
16993
28695
32761
28105
15962
-434
-16717
-28547
-32765
-28244
-16186
193
16523
28443
32766
28334
16326
-48
-16412
-28387
-32766
-28374
-16382
0
0
0
0
0
0
0
0
0
0
0
0
0
0
0
0
0
0
0
0
0
0
0
0
0
0
0
0
0
0
0
0
0
0
0
0
0
0
0
0
0
0
0
0
0
0
0
0
0
0
0
0
0
0
0
0
0
0
0
0
0
0
0
0
0
0
0
0
0
0
0
0
0
0
0
0
0
0
0
0
0
0
0
0
0
0
0
0
0
0
0
0
0
0
0
0
0
0
0
0
0
0
0
0
0
0
0
0
0
0
0
0
0
0
0
0
0
0
0
0
0
0
0
0
0
0
0
0
0
0
0
0
0
0
0
0
0
0
0
0
0
0
0
0
0
0
0
0
0
0
0
0
0
0
0
0
0
0
0
0
0
0
0
0
0
0
0
0
0
0
0
0
0
0
0
0
0
0
0
0
0
0
0
0
0
0
0
0
0
0
0
0
0
0
0
0
0
0
0
0
0
0
0
0
0
0
0
0
0
0
0
0
0
0
0
0
0
0
0
0
0
0
0
0
0
0
0
0
0
0
0
0
0
0
0
0
0
0
0
0
0
0
0
0
0
0
0
0
0
0
0
0
0
0
0
0
0
0
0
0
0
0
0
0
0
0
0
0
0
0
0
0
0
0
0
0
0
0
0
0
0
0
0
0
0
0
0
0
0
0
0
0
0
0
0
0
0
0
0
0
0
0
0
0
0
0
0
0
0
0
0
0
0
0
0
0
0
0
0
0
0
0
0
0
0
0
0
0
0
0
0
0
0
0
0
0
0
0
0
0
0
0
0
0
0
0
0
0
0
0
0
0
0
0
0
0
0
0
0
0
0
0
0
0
0
0
0
0
0
0
0
0
0
0
0
0
0
0
0
0
0
0
0
0
0
0
0
0
0
0
0
0
0
0
0
0
0
0
0
0
0
0
0
0
0
0
0
0
0
0
0
0
0
0
0
0
0
0
0
0
0
0
0
0
0
0
0
0
0
0
0
0
0
0
0
0
0
0
0
0
0
0
0
0
0
0
0
0
0
0
0
0
0
0
0
0
0
0
0
0
0
0
0
0
0
0
0
0
0
0
0
0
0
0
0
0
0
0
0
0
0
0
0
0
0
0
0
0
0
0
0
0
0
0
0
0
0
0
0
0
0
0
0
0
0
0
0
0
0
0
0
0
0
0
0
0
0
0
0
0
0
0
0
0
0
0
0
0
0
0
0
0
0
0
0
0
0
0
0
0
0
0
0
0
0
0
0
0
0
0
0
0
0
0
0
0
0
0
0
0
0
0
0
0
0
0
0
0
0
0
0
0
0
0
0
0
0
0
0
0
0
0
0
0
0
0
0
0
0
0
0
0
0
0
0
0
0
0
0
0
0
0
0
0
0
0
0
0
0
0
0
0
0
0
0
0
0
0
0
0
0
0
0
0
0
0
0
0
0
0
0
0
0
0
0
0
0
0
0
0
0
0
0
0
0
0
0
0
0
0
0
0
0
0
0
0
0
0
0
0
0
0
0
0
0
0
0
0
0
0
0
0
0
0
0
0
0
0
0
0
0
0
0
0
0
0
0
0
0
0
0
0
0
0
0
0
0
0
0
0
0
0
0
0
0
0
0
0
0
0
0
0
0
0
0
0
0
0
0
0
0
0
0
0
0
0
0
0
0
0
0
0
0
0
0
0
0
0
0
0
0
0
0
0
0
0
0
0
0
0
0
0
0
0
0
0
0
0
0
0
0
0
0
0
0
0
0
0
0
0
0
0
0
0
0
0
0
0
0
0
0
0
0
0
0
0
0
0
0
0
0
0
0
0
0
0
0
0
0
0
0
0
0
0
0
0
0
0
0
0
0
0
0
0
0
0
0
0
0
0
0
0
0
0
0
0
0
0
0
0
0
0
0
0
0
0
0
0
0
0
0
0
0
0
0
0
0
0
0
0
0
0
0
0
0
0
0
0
0
0
0
0
0
0
0
0
0
0
0
0
0
0
0
0
0
0
0
0
0
0
0
0
0
0
0
0
0
0
0
0
0
0
0
0
0
0
0
0
0
0
0
0
0
0
0
0
0
0
0
0
0
0
0
0
0
0
0
0
0
0
0
0
0
0
0
0
0
0
0
0
0
0
0
0
0
0
0
0
0
0
0
0
0
0
0
0
0
0
0
0
0
0
0
0
0
0
0
0
0
0
15291
14636
12730
9741
5931
1633
-2776
-6916
-10433
-13028
-14490
-14707
-13677
-11510
-8408
-4654
-581
3458
7123
10112
12191
13208
13108
11933
9815
6961
3631
117
-3284
-6300
-8702
-10321
-11060
-10900
-9896
-8168
-5886
-3259
-505
2156
4528
6450
7804
8523
8594
8050
6967
5453
3639
1666
-324
-2200
-3847
-5173
-6110
-6621
-6693
-6341
-5601
-4530
-3200
-1696
-111
1460
2923
4188
5178
5828
6095
5958
5421
4515
3297
1847
264
-1341
-2852
-4157
-5158
-5777
-5968
-5713
-5035
-3988
-2657
-1150
409
1896
3193
4200
4846
5091
4933
4404
3569
2517
1350
175
-906
-1812
-2482
-2886
-3023
-2921
-2629
-2212
-1739
-1276
-875
-569
-368
-259
-208
-166
-81
98
407
861
1447
2124
2824
3459
3930
4139
4004
3470
2520
1185
-456
-2284
-4137
-5836
-7195
-8043
-8245
-7718
-6445
-4482
-1959
929
3939
6796
9222
10965
11821
11662
10448
8240
5195
1557
-2362
-6213
-9639
-12311
-13960
-14402
-13566
-11497
-8355
-4407
0
4469
8593
11986
14331
15403
15093
13423
10542
6713
2290
-2317
-6683
-10405
-13141
-14647
-14794
-13585
-11152
-7741
-3690
609
4745
8329
11034
12623
12973
12084
10077
7181
3706
10
-3534
-6582
-8848
-10133
-10344
-9500
-7729
-5249
-2344
664
3456
5743
7300
7986
7758
6673
4879
2597
98
-2332
-4421
-5940
-6727
-6706
-5891
-4385
-2367
-71
2240
4304
5888
6813
6973
6348
5004
3084
795
-1614
-3888
-5781
-7089
-7674
-7470
-6499
-4860
-2723
-308
2138
4368
6160
7337
7791
7487
6470
4854
2812
557
-1684
-3693
-5281
-6308
-6698
-6441
-5594
-4273
-2635
-863
856
2354
3494
4189
4403
4158
3525
2616
1562
506
-423
-1123
-1527
-1614
-1408
-975
-409
176
668
967
1003
745
204
-561
-1456
-2360
-3137
-3657
-3813
-3534
-2796
-1631
-125
1590
3346
4955
6234
7019
7188
6677
5487
3690
1423
-1120
-3711
-6104
-8061
-9379
-9906
-9562
-8346
-6341
-3708
-667
2512
5547
8161
10110
11208
11347
10501
8737
6205
3124
-235
-3579
-6614
-9075
-10751
-11500
-11266
-10079
-8054
-5378
-2292
930
4009
6685
8737
10005
10404
9923
8631
6664
4213
1504
-1224
-3741
-5842
-7367
-8215
-8346
-7784
-6612
-4961
-2997
-901
1140
2962
4423
5425
5913
5883
5373
4461
3253
1875
457
-878
-2024
-2900
-3452
-3662
-3542
-3133
-2497
-1710
-858
-22
723
1320
1726
1922
1908
1705
1350
889
378
-128
-577
-926
-1142
-1209
-1124
-898
-556
-136
319
765
1153
1442
1599
1601
1439
1119
662
100
-521
-1151
-1733
-2213
-2541
-2677
-2597
-2292
-1772
-1067
-223
698
1627
2486
3200
3702
3938
3874
3500
2827
1896
769
-473
-1736
-2920
-3928
-4670
-5079
-5110
-4746
-4004
-2929
-1596
-102
1439
2911
4197
5194
5818
6015
5762
5072
3991
2596
989
-709
-2373
-3879
-5111
-5978
-6413
-6382
-5887
-4964
-3679
-2125
-416
1324
2972
4410
5534
6267
6558
6386
5767
4745
3392
1804
92
-1624
-3226
-4603
-5661
-6326
-6553
-6326
-5661
-4603
-3226
-1624
92
1804
3392
4745
5767
6386
6558
6267
5534
4410
2972
1324
-416
-2125
-3679
-4964
-5887
-6382
-6413
-5978
-5111
-3879
-2373
-709
989
2596
3991
5072
5762
6015
5818
5194
4197
2911
1439
-102
-1596
-2929
-4004
-4746
-5110
-5079
-4670
-3928
-2920
-1736
-473
769
1896
2827
3500
3874
3938
3702
3200
2486
1627
698
-223
-1067
-1772
-2292
-2597
-2677
-2541
-2213
-1733
-1151
-521
100
662
1119
1439
1601
1599
1442
1153
765
319
-136
-556
-898
-1124
-1209
-1142
-926
-577
-128
378
889
1350
1705
1908
1922
1726
1320
723
-22
-858
-1710
-2497
-3133
-3542
-3662
-3452
-2900
-2024
-878
457
1875
3253
4461
5373
5883
5913
5425
4423
2962
1140
-901
-2997
-4961
-6612
-7784
-8346
-8215
-7367
-5842
-3741
-1224
1504
4213
6664
8631
9923
10404
10005
8737
6685
4009
930
-2292
-5378
-8054
-10079
-11266
-11500
-10751
-9075
-6614
-3579
-235
3124
6205
8737
10501
11347
11208
10110
8161
5547
2512
-667
-3708
-6341
-8346
-9562
-9906
-9379
-8061
-6104
-3711
-1120
1423
3690
5487
6677
7188
7019
6234
4955
3346
1590
-125
-1631
-2796
-3534
-3813
-3657
-3137
-2360
-1456
-561
204
745
1003
967
668
176
-409
-975
-1408
-1614
-1527
-1123
-423
506
1562
2616
3525
4158
4403
4189
3494
2354
856
-863
-2635
-4273
-5594
-6441
-6698
-6308
-5281
-3693
-1684
557
2812
4854
6470
7487
7791
7337
6160
4368
2138
-308
-2723
-4860
-6499
-7470
-7674
-7089
-5781
-3888
-1614
795
3084
5004
6348
6973
6813
5888
4304
2240
-71
-2367
-4385
-5891
-6706
-6727
-5940
-4421
-2332
98
2597
4879
6673
7758
7986
7300
5743
3456
664
-2344
-5249
-7729
-9500
-10344
-10133
-8848
-6582
-3534
10
3706
7181
10077
12084
12973
12623
11034
8329
4745
609
-3690
-7741
-11152
-13585
-14794
-14647
-13141
-10405
-6683
-2317
2290
6713
10542
13423
15093
15403
14331
11986
8593
4469
0
-4407
-8355
-11497
-13566
-14402
-13960
-12311
-9639
-6213
-2362
1557
5195
8240
10448
11662
11821
10965
9222
6796
3939
929
-1959
-4482
-6445
-7718
-8245
-8043
-7195
-5836
-4137
-2284
-456
1185
2520
3470
4004
4139
3930
3459
2824
2124
1447
861
407
98
-81
-166
-208
-259
-368
-569
-875
-1276
-1739
-2212
-2629
-2921
-3023
-2886
-2482
-1812
-906
175
1350
2517
3569
4404
4933
5091
4846
4200
3193
1896
409
-1150
-2657
-3988
-5035
-5713
-5968
-5777
-5158
-4157
-2852
-1341
264
1847
3297
4515
5421
5958
6095
5828
5178
4188
2923
1460
-111
-1696
-3200
-4530
-5601
-6341
-6693
-6621
-6110
-5173
-3847
-2200
-324
1666
3639
5453
6967
8050
8594
8523
7804
6450
4528
2156
-505
-3259
-5886
-8168
-9896
-10900
-11060
-10321
-8702
-6300
-3284
117
3631
6961
9815
11933
13108
13208
12191
10112
7123
3458
-581
-4654
-8408
-11510
-13677
-14707
-14490
-13028
-10433
-6916
-2776
1633
5931
9741
12730
14636
0
0
0
0
0
0
0
0
0
0
0
0
0
0
0
0
0
0
0
0
0
0
0
0
0
0
0
0
0
0
0
0
0
0
0
0
0
0
0
0
0
0
0
0
0
0
0
0
0
0
0
0
0
0
0
0
0
0
0
0
0
0
0
0
0
0
0
-15291
-14586
-12539
-9341
-5295
-780
3780
7963
11383
13727
14788
14482
12853
10069
6404
2212
-2111
-6163
-9575
-12043
-13360
-13430
-12275
-10032
-6936
-3296
538
4208
7382
9784
11220
11593
10905
9262
6850
3921
764
-2323
-5064
-7225
-8639
-9217
-8949
-7906
-6225
-4094
-1731
638
2805
4589
5862
6549
6633
6156
5204
3898
2382
801
-704
-2022
-3062
-3774
-4139
-4172
-3912
-3416
-2751
-1986
-1182
-391
346
1007
1574
2042
2408
2670
2825
2864
2779
2555
2184
1661
993
198
-686
-1610
-2508
-3306
-3927
-4300
-4366
-4087
-3456
-2494
-1258
166
1668
3122
4395
5366
5931
6019
5599
4685
3335
1651
-229
-2152
-3948
-5459
-6545
-7105
-7078
-6458
-5289
-3665
-1719
385
2472
4368
5913
6981
7485
7388
6704
5495
3864
1948
-95
-2105
-3926
-5423
-6490
-7057
-7099
-6625
-5687
-4366
-2766
-1007
786
2494
4007
5233
6102
6568
6612
6236
5469
4357
2968
1379
-316
-2022
-3637
-5060
-6199
-6971
-7311
-7177
-6553
-5454
-3930
-2063
34
2225
4352
6254
7776
8778
9157
8849
7843
6187
3981
1379
-1423
-4205
-6736
-8797
-10201
-10807
-10542
-9402
-7462
-4869
-1829
1404
4558
7358
9557
10960
11438
10943
9517
7283
4440
1241
-2027
-5075
-7633
-9478
-10455
-10492
-9605
-7897
-5545
-2784
118
2886
5266
7047
8086
8314
7748
6483
4681
2553
333
-1741
-3462
-4667
-5256
-5203
-4555
-3426
-1981
-416
1062
2267
3048
3310
3026
2237
1052
-368
-1832
-3133
-4082
-4525
-4368
-3586
-2230
-423
1647
3756
5656
7112
7923
7952
7137
5506
3177
349
-2716
-5722
-8360
-10346
-11450
-11522
-10508
-8461
-5535
-1978
1894
5728
9161
11863
13564
14085
13353
11415
8428
4651
418
-3892
-7891
-11219
-13575
-14749
-14639
-13260
-10743
-7321
-3305
942
5045
8645
11438
13196
13791
13204
11519
8917
5655
2038
-1607
-4966
-7762
-9783
-10893
-11047
-10286
-8729
-6559
-4001
-1299
1305
3603
5425
6659
7258
7233
6654
5629
4296
2806
1303
-88
-1271
-2184
-2804
-3140
-3228
-3125
-2892
-2590
-2270
-1965
-1688
-1433
-1182
-904
-568
-149
364
966
1631
2311
2946
3465
3797
3880
3671
3150
2331
1257
4
-1328
-2628
-3775
-4658
-5186
-5298
-4969
-4216
-3097
-1706
-163
1392
2824
4002
4822
5215
5152
4648
3761
2582
1231
-160
-1461
-2555
-3347
-3781
-3837
-3535
-2933
-2115
-1185
-252
581
1231
1640
1782
1668
1340
866
330
-176
-571
-787
-783
-550
-113
470
1123
1747
2243
2522
2515
2184
1529
589
-557
-1801
-3013
-4057
-4804
-5146
-5014
-4381
-3273
-1766
19
1926
3776
5390
6598
7266
7305
6681
5427
3633
1446
-945
-3329
-5484
-7209
-8334
-8743
-8384
-7275
-5505
-3222
-628
2046
4562
6688
8232
9051
9068
8280
6758
4640
2120
-571
-3191
-5501
-7292
-8405
-8746
-8290
-7088
-5261
-2984
-475
2028
4296
6117
7330
7829
7578
6616
5044
3024
758
-1531
-3623
-5316
-6450
-6923
-6697
-5803
-4339
-2455
-345
1778
3701
5230
6214
6553
6214
5230
3701
1778
-345
-2455
-4339
-5803
-6697
-6923
-6450
-5316
-3623
-1531
758
3024
5044
6616
7578
7829
7330
6117
4296
2028
-475
-2984
-5261
-7088
-8290
-8746
-8405
-7292
-5501
-3191
-571
2120
4640
6758
8280
9068
9051
8232
6688
4562
2046
-628
-3222
-5505
-7275
-8384
-8743
-8334
-7209
-5484
-3329
-945
1446
3633
5427
6681
7305
7266
6598
5390
3776
1926
19
-1766
-3273
-4381
-5014
-5146
-4804
-4057
-3013
-1801
-557
589
1529
2184
2515
2522
2243
1747
1123
470
-113
-550
-783
-787
-571
-176
330
866
1340
1668
1782
1640
1231
581
-252
-1185
-2115
-2933
-3535
-3837
-3781
-3347
-2555
-1461
-160
1231
2582
3761
4648
5152
5215
4822
4002
2824
1392
-163
-1706
-3097
-4216
-4969
-5298
-5186
-4658
-3775
-2628
-1328
4
1257
2331
3150
3671
3880
3797
3465
2946
2311
1631
966
364
-149
-568
-904
-1182
-1433
-1688
-1965
-2270
-2590
-2892
-3125
-3228
-3140
-2804
-2184
-1271
-88
1303
2806
4296
5629
6654
7233
7258
6659
5425
3603
1305
-1299
-4001
-6559
-8729
-10286
-11047
-10893
-9783
-7762
-4966
-1607
2038
5655
8917
11519
13204
13791
13196
11438
8645
5045
942
-3305
-7321
-10743
-13260
-14639
-14749
-13575
-11219
-7891
-3892
418
4651
8428
11415
13353
14085
13564
11863
9161
5728
1894
-1978
-5535
-8461
-10508
-11522
-11450
-10346
-8360
-5722
-2716
349
3177
5506
7137
7952
7923
7112
5656
3756
1647
-423
-2230
-3586
-4368
-4525
-4082
-3133
-1832
-368
1052
2237
3026
3310
3048
2267
1062
-416
-1981
-3426
-4555
-5203
-5256
-4667
-3462
-1741
333
2553
4681
6483
7748
8314
8086
7047
5266
2886
118
-2784
-5545
-7897
-9605
-10492
-10455
-9478
-7633
-5075
-2027
1241
4440
7283
9517
10943
11438
10960
9557
7358
4558
1404
-1829
-4869
-7462
-9402
-10542
-10807
-10201
-8797
-6736
-4205
-1423
1379
3981
6187
7843
8849
9157
8778
7776
6254
4352
2225
34
-2063
-3930
-5454
-6553
-7177
-7311
-6971
-6199
-5060
-3637
-2022
-316
1379
2968
4357
5469
6236
6612
6568
6102
5233
4007
2494
786
-1007
-2766
-4366
-5687
-6625
-7099
-7057
-6490
-5423
-3926
-2105
-95
1948
3864
5495
6704
7388
7485
6981
5913
4368
2472
385
-1719
-3665
-5289
-6458
-7078
-7105
-6545
-5459
-3948
-2152
-229
1651
3335
4685
5599
6019
5931
5366
4395
3122
1668
166
-1258
-2494
-3456
-4087
-4366
-4300
-3927
-3306
-2508
-1610
-686
198
993
1661
2184
2555
2779
2864
2825
2670
2408
2042
1574
1007
346
-391
-1182
-1986
-2751
-3416
-3912
-4172
-4139
-3774
-3062
-2022
-704
801
2382
3898
5204
6156
6633
6549
5862
4589
2805
638
-1731
-4094
-6225
-7906
-8949
-9217
-8639
-7225
-5064
-2323
764
3921
6850
9262
10905
11593
11220
9784
7382
4208
538
-3296
-6936
-10032
-12275
-13430
-13360
-12043
-9575
-6163
-2111
2212
6404
10069
12853
14482
14788
13727
11383
7963
3780
-780
-5295
-9341
-12539
-14586
0
0
0
0
0
0
0
0
0
0
0
0
0
0
0
0
0
0
0
0
0
0
0
0
0
0
0
0
0
0
0
0
0
0
0
0
0
0
0
0
0
0
0
0
0
0
0
0
0
0
0
0
0
0
0
0
0
0
0
0
0
0
0
0
0
0
0
-6553
-6305
-5578
-4427
-2936
-1215
606
2394
4013
5340
6272
6735
6689
6129
5092
3649
1903
-18
-1971
-3808
-5385
-6576
-7281
-7435
-7014
-6036
-4564
-2699
-577
1643
3790
5693
7196
8169
8519
8201
7221
5637
3559
1138
-1439
-3972
-6254
-8093
-9327
-9838
-9563
-8503
-6723
-4348
-1557
1429
4372
7026
9165
10597
11187
10866
9640
7591
4872
1697
-1676
-4969
-7903
-10225
-11729
-12276
-11803
-10338
-7990
-4947
-1461
2178
5663
8695
11014
12417
12780
12067
10337
7733
4479
852
-2835
-6269
-9154
-11247
-12372
-12439
-11452
-9506
-6778
-3514
-1
3453
6553
9036
10700
11418
11147
9935
7909
5266
2252
-858
-3795
-6307
-8190
-9303
-9576
-9020
-7715
-5809
-3494
-993
1466
3670
5437
6636
7193
7095
6392
5183
3609
1836
35
-1629
-3018
-4030
-4602
-4720
-4413
-3747
-2818
-1737
-620
425
1309
1966
2360
2487
2368
2048
1587
1051
508
15
-383
-662
-811
-839
-767
-626
-451
-275
-125
-20
32
35
0
-56
-115
-157
-169
-143
-80
9
111
207
278
308
288
217
101
-42
-191
-318
-399
-413
-346
-197
20
285
563
814
996
1072
1015
813
471
14
-515
-1062
-1561
-1946
-2159
-2154
-1910
-1430
-745
87
987
1861
2611
3146
3390
3297
2854
2084
1049
-155
-1412
-2590
-3560
-4206
-4446
-4234
-3571
-2509
-1142
395
1948
3350
4447
5110
5252
4840
3898
2509
808
-1032
-2818
-4354
-5467
-6021
-5937
-5203
-3878
-2084
0
2157
4157
5776
6825
7171
6750
5580
3759
1459
-1090
-3628
-5881
-7600
-8583
-8699
-7903
-6246
-3871
-999
2087
5078
7660
9556
10549
10508
9407
7325
4444
1032
-2583
-6047
-9009
-11165
-12283
-12231
-10990
-8661
-5452
-1663
2344
6185
9484
11918
13242
13323
12144
9814
6553
2672
-1455
-5436
-8890
-11490
-12995
-13271
-12304
-10202
-7182
-3546
346
4119
7415
9928
11438
11826
11089
9333
6763
3657
340
-2854
-5616
-7691
-8902
-9170
-8514
-7049
-4969
-2527
0
2337
4242
5531
6098
5920
5062
3664
1922
68
-1663
-3058
-3950
-4235
-3888
-2964
-1587
61
1764
3297
4450
5059
5021
4310
2979
1158
-960
-3143
-5140
-6712
-7659
-7840
-7196
-5754
-3626
-1002
1868
4704
7218
9148
10282
10484
9706
7996
5495
2420
-948
-4304
-7335
-9759
-11347
-11950
-11508
-10059
-7734
-4740
-1347
2143
5426
8217
10282
11457
11659
10894
9253
6899
4051
965
-2094
-4877
-7167
-8802
-9681
-9776
-9122
-7815
-6000
-3850
-1552
709
2769
4495
5792
6608
6934
6796
6252
5379
4266
3004
1677
359
-888
-2021
-3005
-3820
-4447
-4877
-5097
-5099
-4872
-4411
-3716
-2798
-1680
-402
978
2389
3741
4941
5893
6510
6723
6484
5783
4640
3116
1305
-669
-2664
-4528
-6114
-7292
-7960
-8054
-7556
-6495
-4944
-3018
-861
1363
3487
5351
6817
7780
8175
7981
7224
5971
4324
2412
377
-1633
-3482
-5049
-6239
-6987
-7262
-7066
-6431
-5415
-4095
-2564
-917
743
2326
3746
4929
5817
6367
6553
6367
5817
4929
3746
2326
743
-917
-2564
-4095
-5415
-6431
-7066
-7262
-6987
-6239
-5049
-3482
-1633
377
2412
4324
5971
7224
7981
8175
7780
6817
5351
3487
1363
-861
-3018
-4944
-6495
-7556
-8054
-7960
-7292
-6114
-4528
-2664
-669
1305
3116
4640
5783
6484
6723
6510
5893
4941
3741
2389
978
-402
-1680
-2798
-3716
-4411
-4872
-5099
-5097
-4877
-4447
-3820
-3005
-2021
-888
359
1677
3004
4266
5379
6252
6796
6934
6608
5792
4495
2769
709
-1552
-3850
-6000
-7815
-9122
-9776
-9681
-8802
-7167
-4877
-2094
965
4051
6899
9253
10894
11659
11457
10282
8217
5426
2143
-1347
-4740
-7734
-10059
-11508
-11950
-11347
-9759
-7335
-4304
-948
2420
5495
7996
9706
10484
10282
9148
7218
4704
1868
-1002
-3626
-5754
-7196
-7840
-7659
-6712
-5140
-3143
-960
1158
2979
4310
5021
5059
4450
3297
1764
61
-1587
-2964
-3888
-4235
-3950
-3058
-1663
68
1922
3664
5062
5920
6098
5531
4242
2337
0
-2527
-4969
-7049
-8514
-9170
-8902
-7691
-5616
-2854
340
3657
6763
9333
11089
11826
11438
9928
7415
4119
346
-3546
-7182
-10202
-12304
-13271
-12995
-11490
-8890
-5436
-1455
2672
6553
9814
12144
13323
13242
11918
9484
6185
2344
-1663
-5452
-8661
-10990
-12231
-12283
-11165
-9009
-6047
-2583
1032
4444
7325
9407
10508
10549
9556
7660
5078
2087
-999
-3871
-6246
-7903
-8699
-8583
-7600
-5881
-3628
-1090
1459
3759
5580
6750
7171
6825
5776
4157
2157
0
-2084
-3878
-5203
-5937
-6021
-5467
-4354
-2818
-1032
808
2509
3898
4840
5252
5110
4447
3350
1948
395
-1142
-2509
-3571
-4234
-4446
-4206
-3560
-2590
-1412
-155
1049
2084
2854
3297
3390
3146
2611
1861
987
87
-745
-1430
-1910
-2154
-2159
-1946
-1561
-1062
-515
14
471
813
1015
1072
996
814
563
285
20
-197
-346
-413
-399
-318
-191
-42
101
217
288
308
278
207
111
9
-80
-143
-169
-157
-115
-56
0
35
32
-20
-125
-275
-451
-626
-767
-839
-811
-662
-383
15
508
1051
1587
2048
2368
2487
2360
1966
1309
425
-620
-1737
-2818
-3747
-4413
-4720
-4602
-4030
-3018
-1629
35
1836
3609
5183
6392
7095
7193
6636
5437
3670
1466
-993
-3494
-5809
-7715
-9020
-9576
-9303
-8190
-6307
-3795
-858
2252
5266
7909
9935
11147
11418
10700
9036
6553
3453
-1
-3514
-6778
-9506
-11452
-12439
-12372
-11247
-9154
-6269
-2835
852
4479
7733
10337
12067
12780
12417
11014
8695
5663
2178
-1461
-4947
-7990
-10338
-11803
-12276
-11729
-10225
-7903
-4969
-1676
1697
4872
7591
9640
10866
11187
10597
9165
7026
4372
1429
-1557
-4348
-6723
-8503
-9563
-9838
-9327
-8093
-6254
-3972
-1439
1138
3559
5637
7221
8201
8519
8169
7196
5693
3790
1643
-577
-2699
-4564
-6036
-7014
-7435
-7281
-6576
-5385
-3808
-1971
-18
1903
3649
5092
6129
6689
6735
6272
5340
4013
2394
606
-1215
-2936
-4427
-5578
-6305
0
0
0
0
0
0
0
0
0
0
0
0
0
0
0
0
0
0
0
0
0
0
0
0
0
0
0
0
0
0
0
0
0
0
0
0
0
0
0
0
0
0
0
0
0
0
0
0
0
0
0
0
0
0
0
0
0
0
0
0
0
0
0
0
0
0
0
10922
10413
8937
6634
3728
494
-2756
-5719
-8116
-9729
-10417
-10129
-8910
-6894
-4288
-1350
1632
4378
6634
8203
8960
8861
7949
6341
4221
1812
-641
-2903
-4767
-6076
-6736
-6722
-6080
-4915
-3379
-1653
75
1632
2873
3698
4060
3967
3478
2690
1729
728
-182
-899
-1350
-1502
-1370
-1003
-486
81
593
952
1085
954
557
-64
-835
-1655
-2406
-2972
-3252
-3175
-2709
-1868
-711
659
2109
3488
4640
5427
5739
5514
4741
3464
1782
-158
-2184
-4103
-5727
-6894
-7477
-7405
-6668
-5316
-3461
-1262
1086
3377
5404
6985
7977
8293
7903
6844
5209
3144
830
-1534
-3747
-5625
-7017
-7817
-7971
-7484
-6411
-4857
-2962
-887
1195
3123
4751
5966
6692
6895
6583
5803
4633
3178
1553
-116
-1715
-3134
-4288
-5111
-5564
-5633
-5329
-4686
-3755
-2603
-1310
42
1369
2587
3620
4406
4893
5050
4866
4350
3534
2473
1237
-85
-1400
-2609
-3620
-4354
-4750
-4776
-4428
-3732
-2747
-1556
-261
1022
2184
3121
3751
4023
3918
3456
2693
1713
622
-459
-1419
-2154
-2590
-2686
-2440
-1892
-1116
-217
684
1467
2018
2252
2123
1626
805
-250
-1417
-2547
-3487
-4094
-4255
-3901
-3018
-1656
78
2024
3984
5741
7084
7830
7843
7060
5492
3236
467
-2574
-5606
-8327
-10449
-11725
-11978
-11124
-9181
-6274
-2629
1447
5591
9418
12558
14689
15575
15089
13227
10116
6001
1229
-3780
-8581
-12732
-15843
-17614
-17861
-16537
-13740
-9703
-4772
618
5991
10868
14814
17475
18617
18140
16091
12661
8159
2994
-2374
-7471
-11852
-15143
-17076
-17506
-16427
-13969
-10379
-6001
-1239
3479
7746
11205
13585
14722
14567
13190
10765
7552
3868
57
-3545
-6641
-8994
-10449
-10940
-10493
-9215
-7279
-4903
-2329
207
2493
4357
5686
6424
6577
6202
5398
4292
3018
1710
480
-584
-1430
-2035
-2408
-2580
-2597
-2510
-2363
-2193
-2018
-1840
-1646
-1414
-1116
-729
-240
347
1011
1709
2383
2962
3376
3560
3464
3065
2367
1411
267
-969
-2184
-3257
-4075
-4543
-4599
-4220
-3426
-2282
-890
615
2086
3371
4335
4872
4918
4459
3534
2231
680
-959
-2515
-3821
-4734
-5151
-5017
-4337
-3173
-1641
101
1875
3488
4766
5564
5786
5393
4413
2934
1098
-911
-2891
-4633
-5954
-6707
-6802
-6213
-4983
-3222
-1095
1195
3426
5378
6854
7704
7836
7229
5933
4063
1792
-666
-3085
-5236
-6918
-7977
-8314
-7903
-6786
-5070
-2919
-533
1867
4066
5870
7125
7731
7653
6918
5612
3871
1866
-214
-2184
-3874
-5151
-5924
-6155
-5858
-5095
-3967
-2602
-1140
279
1534
2530
3205
3535
3535
3252
2755
2130
1463
835
309
-75
-307
-397
-382
-312
-244
-235
-327
-547
-896
-1350
-1860
-2362
-2777
-3025
-3037
-2761
-2176
-1290
-150
1165
2548
3871
5002
5813
6197
6080
5429
4261
2642
685
-1458
-3611
-5584
-7195
-8286
-8735
-8476
-7500
-5861
-3675
-1108
1632
4321
6729
8645
9896
10363
9990
8793
6858
4337
1431
-1620
-4567
-7163
-9191
-10480
-10922
-10480
-9191
-7163
-4567
-1620
1431
4337
6858
8793
9990
10363
9896
8645
6729
4321
1632
-1108
-3675
-5861
-7500
-8476
-8735
-8286
-7195
-5584
-3611
-1458
685
2642
4261
5429
6080
6197
5813
5002
3871
2548
1165
-150
-1290
-2176
-2761
-3037
-3025
-2777
-2362
-1860
-1350
-896
-547
-327
-235
-244
-312
-382
-397
-307
-75
309
835
1463
2130
2755
3252
3535
3535
3205
2530
1534
279
-1140
-2602
-3967
-5095
-5858
-6155
-5924
-5151
-3874
-2184
-214
1866
3871
5612
6918
7653
7731
7125
5870
4066
1867
-533
-2919
-5070
-6786
-7903
-8314
-7977
-6918
-5236
-3085
-666
1792
4063
5933
7229
7836
7704
6854
5378
3426
1195
-1095
-3222
-4983
-6213
-6802
-6707
-5954
-4633
-2891
-911
1098
2934
4413
5393
5786
5564
4766
3488
1875
101
-1641
-3173
-4337
-5017
-5151
-4734
-3821
-2515
-959
680
2231
3534
4459
4918
4872
4335
3371
2086
615
-890
-2282
-3426
-4220
-4599
-4543
-4075
-3257
-2184
-969
267
1411
2367
3065
3464
3560
3376
2962
2383
1709
1011
347
-240
-729
-1116
-1414
-1646
-1840
-2018
-2193
-2363
-2510
-2597
-2580
-2408
-2035
-1430
-584
480
1710
3018
4292
5398
6202
6577
6424
5686
4357
2493
207
-2329
-4903
-7279
-9215
-10493
-10940
-10449
-8994
-6641
-3545
57
3868
7552
10765
13190
14567
14722
13585
11205
7746
3479
-1239
-6001
-10379
-13969
-16427
-17506
-17076
-15143
-11852
-7471
-2374
2994
8159
12661
16091
18140
18617
17475
14814
10868
5991
618
-4772
-9703
-13740
-16537
-17861
-17614
-15843
-12732
-8581
-3780
1229
6001
10116
13227
15089
15575
14689
12558
9418
5591
1447
-2629
-6274
-9181
-11124
-11978
-11725
-10449
-8327
-5606
-2574
467
3236
5492
7060
7843
7830
7084
5741
3984
2024
78
-1656
-3018
-3901
-4255
-4094
-3487
-2547
-1417
-250
805
1626
2123
2252
2018
1467
684
-217
-1116
-1892
-2440
-2686
-2590
-2154
-1419
-459
622
1713
2693
3456
3918
4023
3751
3121
2184
1022
-261
-1556
-2747
-3732
-4428
-4776
-4750
-4354
-3620
-2609
-1400
-85
1237
2473
3534
4350
4866
5050
4893
4406
3620
2587
1369
42
-1310
-2603
-3755
-4686
-5329
-5633
-5564
-5111
-4288
-3134
-1715
-116
1553
3178
4633
5803
6583
6895
6692
5966
4751
3123
1195
-887
-2962
-4857
-6411
-7484
-7971
-7817
-7017
-5625
-3747
-1534
830
3144
5209
6844
7903
8293
7977
6985
5404
3377
1086
-1262
-3461
-5316
-6668
-7405
-7477
-6894
-5727
-4103
-2184
-158
1782
3464
4741
5514
5739
5427
4640
3488
2109
659
-711
-1868
-2709
-3175
-3252
-2972
-2406
-1655
-835
-64
557
954
1085
952
593
81
-486
-1003
-1370
-1502
-1350
-899
-182
728
1729
2690
3478
3967
4060
3698
2873
1632
75
-1653
-3379
-4915
-6080
-6722
-6736
-6076
-4767
-2903
-641
1812
4221
6341
7949
8861
8960
8203
6634
4378
1632
-1350
-4288
-6894
-8910
-10129
-10417
-9729
-8116
-5719
-2756
494
3728
6634
8937
10413
0
0
0
0
0
0
0
0
0
0
0
0
0
0
0
0
0
0
0
0
0
0
0
0
0
0
0
0
0
0
0
0
0
0
0
0
0
0
0
0
0
0
0
0
0
0
0
0
0
0
0
0
0
0
0
0
0
0
0
0
0
0
0
0
0
0
0
-2184
-2216
-2297
-2385
-2422
-2336
-2061
-1548
-773
248
1465
2786
4089
5232
6073
6482
6360
5654
4372
2578
401
-1982
-4359
-6500
-8187
-9231
-9495
-8915
-7505
-5363
-2661
363
3439
6275
8601
10185
10864
10561
9292
7166
4379
1193
-2090
-5160
-7723
-9538
-10436
-10341
-9276
-7359
-4792
-1840
1198
4020
6350
7966
8728
8584
7579
5846
3592
1075
-1425
-3642
-5341
-6354
-6592
-6055
-4830
-3082
-1032
1068
2965
4431
5292
5446
4876
3652
1921
-106
-2184
-4054
-5481
-6275
-6320
-5581
-4118
-2075
334
2847
5179
7058
8256
8610
8047
6593
4368
1583
-1487
-4530
-7228
-9289
-10483
-10664
-9787
-7916
-5218
-1948
1578
5014
8017
10284
11582
11777
10839
8854
6014
2594
-1072
-4627
-7723
-10060
-11414
-11661
-10787
-8887
-6160
-2884
611
3980
6892
9068
10308
10507
9666
7893
5385
2412
-714
-3677
-6178
-7974
-8898
-8879
-7941
-6203
-3866
-1188
1542
4039
6043
7352
7841
7472
6299
4458
2155
-360
-2818
-4957
-6553
-7439
-7526
-6807
-5359
-3333
-940
1571
3946
5939
7348
8029
7911
7005
5396
3241
750
-1838
-4275
-6328
-7804
-8564
-8539
-7733
-6223
-4151
-1707
886
3396
5603
7314
8387
8737
8345
7256
5574
3451
1074
-1354
-3634
-5582
-7048
-7926
-8162
-7755
-6756
-5259
-3397
-1325
793
2795
4534
5890
6776
7142
6980
6322
5231
3801
2146
390
-1339
-2925
-4260
-5262
-5873
-6065
-5838
-5222
-4271
-3060
-1680
-228
1193
2492
3583
4400
4898
5053
4868
4368
3600
2625
1519
362
-765
-1790
-2649
-3297
-3702
-3856
-3766
-3458
-2968
-2344
-1636
-893
-160
523
1131
1645
2056
2364
2573
2690
2720
2668
2533
2310
1993
1573
1046
411
-318
-1123
-1966
-2798
-3560
-4185
-4604
-4754
-4587
-4072
-3207
-2018
-565
1062
2751
4368
5776
6841
7447
7508
6981
5868
4222
2146
-212
-2674
-5041
-7111
-8700
-9655
-9869
-9297
-7957
-5935
-3375
-475
2534
5410
7910
9822
10977
11269
10662
9195
6979
4189
1050
-2184
-5252
-7904
-9927
-11159
-11507
-10948
-9536
-7393
-4698
-1674
1435
4383
6943
8922
10181
10641
10287
9169
7397
5124
2538
-157
-2759
-5080
-6961
-8286
-8981
-9024
-8439
-7294
-5691
-3757
-1636
526
2587
4419
5916
6996
7606
7723
7352
6526
5302
3758
1987
95
-1805
-3600
-5180
-6444
-7307
-7706
-7601
-6984
-5881
-4347
-2473
-376
1803
3913
5797
7308
8320
8737
8507
7623
6131
4128
1755
-810
-3369
-5716
-7654
-9015
-9674
-9559
-8664
-7046
-4828
-2184
670
3499
6062
8139
9548
10161
9921
8841
7009
4578
1756
-1214
-4078
-6584
-8518
-9710
-10059
-9537
-8194
-6151
-3592
-744
2140
4808
7027
8604
9410
9380
8529
6941
4767
2207
-506
-3131
-5437
-7223
-8341
-8703
-8289
-7149
-5398
-3201
-763
1697
3961
5830
7148
7808
7762
7030
5689
3868
1737
-507
-2669
-4556
-6007
-6903
-7174
-6805
-5841
-4375
-2544
-513
1536
3425
4990
6097
6655
6621
6005
4863
3302
1459
-501
-2409
-4098
-5421
-6264
-6553
-6264
-5421
-4098
-2409
-501
1459
3302
4863
6005
6621
6655
6097
4990
3425
1536
-513
-2544
-4375
-5841
-6805
-7174
-6903
-6007
-4556
-2669
-507
1737
3868
5689
7030
7762
7808
7148
5830
3961
1697
-763
-3201
-5398
-7149
-8289
-8703
-8341
-7223
-5437
-3131
-506
2207
4767
6941
8529
9380
9410
8604
7027
4808
2140
-744
-3592
-6151
-8194
-9537
-10059
-9710
-8518
-6584
-4078
-1214
1756
4578
7009
8841
9921
10161
9548
8139
6062
3499
670
-2184
-4828
-7046
-8664
-9559
-9674
-9015
-7654
-5716
-3369
-810
1755
4128
6131
7623
8507
8737
8320
7308
5797
3913
1803
-376
-2473
-4347
-5881
-6984
-7601
-7706
-7307
-6444
-5180
-3600
-1805
95
1987
3758
5302
6526
7352
7723
7606
6996
5916
4419
2587
526
-1636
-3757
-5691
-7294
-8439
-9024
-8981
-8286
-6961
-5080
-2759
-157
2538
5124
7397
9169
10287
10641
10181
8922
6943
4383
1435
-1674
-4698
-7393
-9536
-10948
-11507
-11159
-9927
-7904
-5252
-2184
1050
4189
6979
9195
10662
11269
10977
9822
7910
5410
2534
-475
-3375
-5935
-7957
-9297
-9869
-9655
-8700
-7111
-5041
-2674
-212
2146
4222
5868
6981
7508
7447
6841
5776
4368
2751
1062
-565
-2018
-3207
-4072
-4587
-4754
-4604
-4185
-3560
-2798
-1966
-1123
-318
411
1046
1573
1993
2310
2533
2668
2720
2690
2573
2364
2056
1645
1131
523
-160
-893
-1636
-2344
-2968
-3458
-3766
-3856
-3702
-3297
-2649
-1790
-765
362
1519
2625
3600
4368
4868
5053
4898
4400
3583
2492
1193
-228
-1680
-3060
-4271
-5222
-5838
-6065
-5873
-5262
-4260
-2925
-1339
390
2146
3801
5231
6322
6980
7142
6776
5890
4534
2795
793
-1325
-3397
-5259
-6756
-7755
-8162
-7926
-7048
-5582
-3634
-1354
1074
3451
5574
7256
8345
8737
8387
7314
5603
3396
886
-1707
-4151
-6223
-7733
-8539
-8564
-7804
-6328
-4275
-1838
750
3241
5396
7005
7911
8029
7348
5939
3946
1571
-940
-3333
-5359
-6807
-7526
-7439
-6553
-4957
-2818
-360
2155
4458
6299
7472
7841
7352
6043
4039
1542
-1188
-3866
-6203
-7941
-8879
-8898
-7974
-6178
-3677
-714
2412
5385
7893
9666
10507
10308
9068
6892
3980
611
-2884
-6160
-8887
-10787
-11661
-11414
-10060
-7723
-4627
-1072
2594
6014
8854
10839
11777
11582
10284
8017
5014
1578
-1948
-5218
-7916
-9787
-10664
-10483
-9289
-7228
-4530
-1487
1583
4368
6593
8047
8610
8256
7058
5179
2847
334
-2075
-4118
-5581
-6320
-6275
-5481
-4054
-2184
-106
1921
3652
4876
5446
5292
4431
2965
1068
-1032
-3082
-4830
-6055
-6592
-6354
-5341
-3642
-1425
1075
3592
5846
7579
8584
8728
7966
6350
4020
1198
-1840
-4792
-7359
-9276
-10341
-10436
-9538
-7723
-5160
-2090
1193
4379
7166
9292
10561
10864
10185
8601
6275
3439
363
-2661
-5363
-7505
-8915
-9495
-9231
-8187
-6500
-4359
-1982
401
2578
4372
5654
6360
6482
6073
5232
4089
2786
1465
248
-773
-1548
-2061
-2336
-2422
-2385
-2297
-2216
0
0
0
0
0
0
0
0
0
0
0
0
0
0
0
0
0
0
0
0
0
0
0
0
0
0
0
0
0
0
0
0
0
0
0
0
0
0
0
0
0
0
0
0
0
0
0
0
0
0
0
0
0
0
0
0
0
0
0
0
0
0
0
0
0
0
0
