17269
10860
2323
-6503
-13675
-17624
-17552
-13646
-7044
438
6748
10116
9502
4874
-2766
-11612
-19489
-24393
-24992
-20975
-13146
-3247
6453
13713
16874
15271
9419
894
-8039
-14981
-17991
-16075
-9452
484
11483
20977
26708
27284
22529
13547
2464
-8071
-15531
-18124
-15240
-7608
2863
13539
21694
25174
22923
15258
3804
-8879
-19903
-26744
-27847
-23008
-13430
-1444
10040
18230
21115
17953
9452
-2389
-14751
-24660
-29696
-28562
-21402
-9768
3740
16081
24488
27110
23450
14470
2370
-9933
-19489
-23995
-22337
-14836
-3174
10002
21698
29260
30980
26482
16796
4110
-8737
-18907
-24204
-23562
-17269
-6882
5141
16010
23227
25144
21317
12579
836
-11371
-21439
-27272
-27724
-22829
-13764
-2566
8328
16611
20598
19566
13876
4870
-5444
-14830
-21300
-23513
-21037
-14409
-4991
5321
14505
20812
23111
21086
15278
6950
-2178
-10279
-15767
-17601
-15467
-9822
-1797
7032
14943
20394
22308
20275
14624
6366
-2997
-11743
-18255
-21326
-20385
-15618
-7946
1143
9863
16470
19603
18552
13416
5102
-4831
-14468
-21899
-25605
-24765
-19436
-10561
202
10793
19159
23661
23411
18457
9790
-852
-11321
-19489
-23676
-22989
-17506
-8259
2970
14002
22701
27390
27185
22159
13316
2383
-8538
-17386
-22537
-23111
-19117
-11435
-1619
8414
16757
21866
22839
19557
12675
3479
-6373
-15156
-21389
-24077
-22861
-18059
-10579
-1745
6935
14023
18380
19340
16806
11247
3621
-4785
-12557
-18379
-21238
-20593
-16466
-9452
-634
8577
16669
22278
24419
22671
17266
9070
-547
-9934
-17446
-21735
-21998
-18136
-10784
-1216
8878
17691
23626
25585
23172
16768
7458
-3158
-13264
-21146
-25502
-25659
-21680
-14337
-4956
4831
13373
19282
21658
20214
15302
7819
-962
-9610
-16770
-21364
-22742
-20752
-15744
-8489
-60
8328
15489
20425
22454
21302
17139
10562
2517
-5819
-13200
-18490
-20833
-19793
-15444
-8376
370
9452
17427
22985
25167
23534
18256
10098
306
-9595
-18051
-23738
-25781
-23899
-18445
-10342
-916
8328
15950
20809
22233
20100
14836
7317
-1280
-9676
-16676
-21335
-23071
-21720
-17531
-11107
-3316
4831
12303
18167
21692
22436
20294
15522
8715
749
-7315
-14367
-19391
-21614
-20635
-16499
-9718
-1216
7793
15984
22118
25243
24846
20941
14071
5225
-4317
-13185
-20136
-24233
-24981
-22385
-16923
-9452
-1064
7079
13917
18615
20664
19908
16541
11055
4160
-3299
-10441
-16433
-20571
-22346
-21500
-18059
-12350
-4978
3219
11256
18121
22898
24907
23810
19683
13021
4692
-4186
-12397
-18810
-22546
-23111
-20461
-15010
-7549
873
9116
16108
20992
23227
22631
19380
13947
7025
-575
-8021
-14540
-19489
-22393
-22979
-21192
-17198
-11380
-4318
3252
10500
16581
20738
22403
21287
17441
11278
3530
-4831
-12726
-19119
-23164
-24330
-22475
-17858
-11093
-3053
5263
12871
18928
22826
24245
23158
19803
14624
8203
1193
-5740
-11965
-16925
-20162
-21356
-20348
-17173
-12078
-5526
1827
9185
15695
20553
23111
22980
20099
14756
7561
-632
-8844
-16108
-21593
-24718
-25209
-23119
-18786
-12774
-5772
1491
8328
14156
18525
21131
21815
20554
17456
12759
6829
157
-6661
-12962
-18074
-21393
-22467
-21073
-17269
-11407
-4108
3815
11459
17953
22575
24845
24580
21894
17166
10967
3970
-3141
-9741
-15316
-19489
-22014
-22770
-21741
-19008
-14749
-9242
-2876
3856
10372
16048
20279
22562
22571
20219
15695
9452
2160
-5382
-12349
-18005
-21791
-23390
-22743
-20034
-15633
-10027
-3752
2675
8791
14203
18591
21694
23307
23278
21529
18082
13090
6866
-124
-7279
-13920
-19371
-23050
-24552
-23716
-20646
-15704
-9452
-2566
4252
10371
15295
18702
20448
20539
19094
16300
12377
7562
2112
-3683
-9486
-14901
-19489
-22805
-24451
-24142
-21768
-17438
-11484
-4439
3027
10196
16398
21097
23949
24833
23833
21195
17269
12441
7082
1521
-3964
-9127
-13732
-17535
-20273
-21685
-21548
-19726
-16225
-11226
-5098
1631
8328
14339
19077
22108
23198
22340
19731
15719
10741
5241
-379
-5798
-10778
-15145
-18756
-21466
-23111
-23512
-22505
-19986
-15959
-10586
-4196
2727
9595
15790
20750
24052
25465
24976
22770
19180
14624
9523
4248
-917
-5776
-10197
-14077
-17297
-19700
-21088
-21249
-20007
-17276
-13115
-7755
-1596
4831
10938
16157
20031
22272
22793
21697
19237
15748
11578
7027
2319
-2403
-7049
-11537
-15747
-19489
-22499
-24467
-25085
-24121
-21478
-17245
-11701
-5294
1425
7882
13568
18106
21295
23105
23647
23111
21701
19579
16838
13498
9548
4992
-89
-5505
-10937
-15966
-20131
-23004
-24269
-23789
-21632
-18059
-13479
-8369
-3188
1692
6031
9732
12810
15333
17361
18889
19825
19992
19174
17181
13920
9452
4016
-1983
-8031
-13586
-18168
-21437
-23239
-23614
-22759
-20961
-18517
-15660
-12521
-9114
-5374
-1216
3394
8381
13521
18461
22755
25952
27680
27728
26088
22961
18716
13812
8707
3772
-764
-4831
-8490
-11867
-15078
-18157
-21005
-23396
-25007
-25498
-24600
-22191
-18354
-13373
-7699
-1865
3613
8328
12050
14744
16547
17693
18431
18934
19241
19243
18710
17367
14982
11457
6883
1553
-4073
-9452
-14062
-17506
-19582
-20313
-19919
-18745
-17163
-15467
-13805
-12147
-10313
-8037
-5073
-1287
3267
8328
13456
18116
21785
24065
24768
23951
21896
19028
15815
12647
9751
7146
4666
2023
-1077
-4831
-9250
-14115
-19011
-23395
-26721
-28561
-28704
-27204
-24367
-20675
-16664
-12802
-9378
-6445
-3833
-1216
1772
5409
9781
14721
19828
24540
28256
30482
30944
29657
26921
23245
19226
15398
12111
9452
7239
5094
2565
-728
-4965
-10045
-15584
-20986
-25578
-28767
-30179
-29755
-27760
-24720
-21282
-18059
-15470
-13644
-12393
-11282
-9753
-7294
-3603
1312
7104
13150
18690
23005
25590
26278
25276
23111
20490
18120
16519
15885
16045
16506
16589
15621
13129
8982
3453
-2828
-9013
-14239
-17836
-19489
-19316
-17833
-15814
-14091
-13329
-13846
-15527
-17844
-19995
-21112
-20496
-17815
-13207
-7266
-912
4831
9088
11343
11577
10263
8243
6510
5936
7044
9852
13860
18163
21681
23433
22803
19704
14624
8515
2563
-2101
-4690
-4961
-3277
-517
2150
3571
2915
-95
-5096
-11155
-16996
-21313
-23111
-21957
-18111
-12473
-6364
-1202
1858
2218
0
-3978
-8403
-11804
-12923
-11061
-6263
661
8328
15110
19547
20709
18446
13439
7038
933
-3268
-4451
-2288
2670
9109
15281
19436
20270
-17269
-10860
-2323
6503
13675
17624
17552
13646
7044
-438
-6748
-10116
-9502
-4874
2766
11612
19489
24393
24992
20975
13146
3247
-6453
-13713
-16874
-15271
-9419
-894
8039
14981
17991
16075
9452
-484
-11483
-20977
-26708
-27284
-22529
-13547
-2464
8071
15531
18124
15240
7608
-2863
-13539
-21694
-25174
-22923
-15258
-3804
8879
19903
26744
27847
23008
13430
1444
-10040
-18230
-21115
-17953
-9452
2389
14751
24660
29696
28562
21402
9768
-3740
-16081
-24488
-27110
-23450
-14470
-2370
9933
19489
23995
22337
14836
3174
-10002
-21698
-29260
-30980
-26482
-16796
-4110
8737
18907
24204
23562
17269
6882
-5141
-16010
-23227
-25144
-21317
-12579
-836
11371
21439
27272
27724
22829
13764
2566
-8328
-16611
-20598
-19566
-13876
-4870
5444
14830
21300
23513
21037
14409
4991
-5321
-14505
-20812
-23111
-21086
-15278
-6950
2178
10279
15767
17601
15467
9822
1797
-7032
-14943
-20394
-22308
-20275
-14624
-6366
2997
11743
18255
21326
20385
15618
7946
-1143
-9863
-16470
-19603
-18552
-13416
-5102
4831
14468
21899
25605
24765
19436
10561
-202
-10793
-19159
-23661
-23411
-18457
-9790
852
11321
19489
23676
22989
17506
8259
-2970
-14002
-22701
-27390
-27185
-22159
-13316
-2383
8538
17386
22537
23111
19117
11435
1619
-8414
-16757
-21866
-22839
-19557
-12675
-3479
6373
15156
21389
24077
22861
18059
10579
1745
-6935
-14023
-18380
-19340
-16806
-11247
-3621
4785
12557
18379
21238
20593
16466
9452
634
-8577
-16669
-22278
-24419
-22671
-17266
-9070
547
9934
17446
21735
21998
18136
10784
1216
-8878
-17691
-23626
-25585
-23172
-16768
-7458
3158
13264
21146
25502
25659
21680
14337
4956
-4831
-13373
-19282
-21658
-20214
-15302
-7819
962
9610
16770
21364
22742
20752
15744
8489
60
-8328
-15489
-20425
-22454
-21302
-17139
-10562
-2517
5819
13200
18490
20833
19793
15444
8376
-370
-9452
-17427
-22985
-25167
-23534
-18256
-10098
-306
9595
18051
23738
25781
23899
18445
10342
916
-8328
-15950
-20809
-22233
-20100
-14836
-7317
1280
9676
16676
21335
23071
21720
17531
11107
3316
-4831
-12303
-18167
-21692
-22436
-20294
-15522
-8715
-749
7315
14367
19391
21614
20635
16499
9718
1216
-7793
-15984
-22118
-25243
-24846
-20941
-14071
-5225
4317
13185
20136
24233
24981
22385
16923
9452
1064
-7079
-13917
-18615
-20664
-19908
-16541
-11055
-4160
3299
10441
16433
20571
22346
21500
18059
12350
4978
-3219
-11256
-18121
-22898
-24907
-23810
-19683
-13021
-4692
4186
12397
18810
22546
23111
20461
15010
7549
-873
-9116
-16108
-20992
-23227
-22631
-19380
-13947
-7025
575
8021
14540
19489
22393
22979
21192
17198
11380
4318
-3252
-10500
-16581
-20738
-22403
-21287
-17441
-11278
-3530
4831
12726
19119
23164
24330
22475
17858
11093
3053
-5263
-12871
-18928
-22826
-24245
-23158
-19803
-14624
-8203
-1193
5740
11965
16925
20162
21356
20348
17173
12078
5526
-1827
-9185
-15695
-20553
-23111
-22980
-20099
-14756
-7561
632
8844
16108
21593
24718
25209
23119
18786
12774
5772
-1491
-8328
-14156
-18525
-21131
-21815
-20554
-17456
-12759
-6829
-157
6661
12962
18074
21393
22467
21073
17269
11407
4108
-3815
-11459
-17953
-22575
-24845
-24580
-21894
-17166
-10967
-3970
3141
9741
15316
19489
22014
22770
21741
19008
14749
9242
2876
-3856
-10372
-16048
-20279
-22562
-22571
-20219
-15695
-9452
-2160
5382
12349
18005
21791
23390
22743
20034
15633
10027
3752
-2675
-8791
-14203
-18591
-21694
-23307
-23278
-21529
-18082
-13090
-6866
124
7279
13920
19371
23050
24552
23716
20646
15704
9452
2566
-4252
-10371
-15295
-18702
-20448
-20539
-19094
-16300
-12377
-7562
-2112
3683
9486
14901
19489
22805
24451
24142
21768
17438
11484
4439
-3027
-10196
-16398
-21097
-23949
-24833
-23833
-21195
-17269
-12441
-7082
-1521
3964
9127
13732
17535
20273
21685
21548
19726
16225
11226
5098
-1631
-8328
-14339
-19077
-22108
-23198
-22340
-19731
-15719
-10741
-5241
379
5798
10778
15145
18756
21466
23111
23512
22505
19986
15959
10586
4196
-2727
-9595
-15790
-20750
-24052
-25465
-24976
-22770
-19180
-14624
-9523
-4248
917
5776
10197
14077
17297
19700
21088
21249
20007
17276
13115
7755
1596
-4831
-10938
-16157
-20031
-22272
-22793
-21697
-19237
-15748
-11578
-7027
-2319
2403
7049
11537
15747
19489
22499
24467
25085
24121
21478
17245
11701
5294
-1425
-7882
-13568
-18106
-21295
-23105
-23647
-23111
-21701
-19579
-16838
-13498
-9548
-4992
89
5505
10937
15966
20131
23004
24269
23789
21632
18059
13479
8369
3188
-1692
-6031
-9732
-12810
-15333
-17361
-18889
-19825
-19992
-19174
-17181
-13920
-9452
-4016
1983
8031
13586
18168
21437
23239
23614
22759
20961
18517
15660
12521
9114
5374
1216
-3394
-8381
-13521
-18461
-22755
-25952
-27680
-27728
-26088
-22961
-18716
-13812
-8707
-3772
764
4831
8490
11867
15078
18157
21005
23396
25007
25498
24600
22191
18354
13373
7699
1865
-3613
-8328
-12050
-14744
-16547
-17693
-18431
-18934
-19241
-19243
-18710
-17367
-14982
-11457
-6883
-1553
4073
9452
14062
17506
19582
20313
19919
18745
17163
15467
13805
12147
10313
8037
5073
1287
-3267
-8328
-13456
-18116
-21785
-24065
-24768
-23951
-21896
-19028
-15815
-12647
-9751
-7146
-4666
-2023
1077
4831
9250
14115
19011
23395
26721
28561
28704
27204
24367
20675
16664
12802
9378
6445
3833
1216
-1772
-5409
-9781
-14721
-19828
-24540
-28256
-30482
-30944
-29657
-26921
-23245
-19226
-15398
-12111
-9452
-7239
-5094
-2565
728
4965
10045
15584
20986
25578
28767
30179
29755
27760
24720
21282
18059
15470
13644
12393
11282
9753
7294
3603
-1312
-7104
-13150
-18690
-23005
-25590
-26278
-25276
-23111
-20490
-18120
-16519
-15885
-16045
-16506
-16589
-15621
-13129
-8982
-3453
2828
9013
14239
17836
19489
19316
17833
15814
14091
13329
13846
15527
17844
19995
21112
20496
17815
13207
7266
912
-4831
-9088
-11343
-11577
-10263
-8243
-6510
-5936
-7044
-9852
-13860
-18163
-21681
-23433
-22803
-19704
-14624
-8515
-2563
2101
4690
4961
3277
517
-2150
-3571
-2915
95
5096
11155
16996
21313
23111
21957
18111
12473
6364
1202
-1858
-2218
0
3978
8403
11804
12923
11061
6263
-661
-8328
-15110
-19547
-20709
-18446
-13439
-7038
-933
3268
4451
2288
-2670
-9109
-15281
-19436
-20270
-17269
-10860
-2323
6503
13675
17624
17552
13646
7044
-438
-6748
-10116
-9502
-4874
2766
11612
19489
24393
24992
20975
13146
3247
-6453
-13713
-16874
-15271
-9419
-894
8039
14981
17991
16075
9452
-484
-11483
-20977
-26708
-27284
-22529
-13547
-2464
8071
15531
18124
15240
7608
-2863
-13539
-21694
-25174
-22923
-15258
-3804
8879
19903
26744
27847
23008
13430
1444
-10040
-18230
-21115
-17953
-9452
2389
14751
24660
29696
28562
21402
9768
-3740
-16081
-24488
-27110
-23450
-14470
-2370
9933
19489
23995
22337
14836
3174
-10002
-21698
-29260
-30980
-26482
-16796
-4110
8737
18907
24204
23562
17269
6882
-5141
-16010
-23227
-25144
-21317
-12579
-836
11371
21439
27272
27724
22829
13764
2566
-8328
-16611
-20598
-19566
-13876
-4870
5444
14830
21300
23513
21037
14409
4991
-5321
-14505
-20812
-23111
-21086
-15278
-6950
2178
10279
15767
17601
15467
9822
1797
-7032
-14943
-20394
-22308
-20275
-14624
-6366
2997
11743
18255
21326
20385
15618
7946
-1143
-9863
-16470
-19603
-18552
-13416
-5102
4831
14468
21899
25605
24765
19436
10561
-202
-10793
-19159
-23661
-23411
-18457
-9790
852
11321
19489
23676
22989
17506
8259
-2970
-14002
-22701
-27390
-27185
-22159
-13316
-2383
8538
17386
22537
23111
19117
11435
1619
-8414
-16757
-21866
-22839
-19557
-12675
-3479
6373
15156
21389
24077
22861
18059
10579
1745
-6935
-14023
-18380
-19340
-16806
-11247
-3621
4785
12557
18379
21238
20593
16466
9452
634
-8577
-16669
-22278
-24419
-22671
-17266
-9070
547
9934
17446
21735
21998
18136
10784
1216
-8878
-17691
-23626
-25585
-23172
-16768
-7458
3158
13264
21146
25502
25659
21680
14337
4956
-4831
-13373
-19282
-21658
-20214
-15302
-7819
962
9610
16770
21364
22742
20752
15744
8489
60
-8328
-15489
-20425
-22454
-21302
-17139
-10562
-2517
5819
13200
18490
20833
19793
15444
8376
-370
-9452
-17427
-22985
-25167
-23534
-18256
-10098
-306
9595
18051
23738
25781
23899
18445
10342
916
-8328
-15950
-20809
-22233
-20100
-14836
-7317
1280
9676
16676
21335
23071
21720
17531
11107
3316
-4831
-12303
-18167
-21692
-22436
-20294
-15522
-8715
-749
7315
14367
19391
21614
20635
16499
9718
1216
-7793
-15984
-22118
-25243
-24846
-20941
-14071
-5225
4317
13185
20136
24233
24981
22385
16923
9452
1064
-7079
-13917
-18615
-20664
-19908
-16541
-11055
-4160
3299
10441
16433
20571
22346
21500
18059
12350
4978
-3219
-11256
-18121
-22898
-24907
-23810
-19683
-13021
-4692
4186
12397
18810
22546
23111
20461
15010
7549
-873
-9116
-16108
-20992
-23227
-22631
-19380
-13947
-7025
575
8021
14540
19489
22393
22979
21192
17198
11380
4318
-3252
-10500
-16581
-20738
-22403
-21287
-17441
-11278
-3530
4831
12726
19119
23164
24330
22475
17858
11093
3053
-5263
-12871
-18928
-22826
-24245
-23158
-19803
-14624
-8203
-1193
5740
11965
16925
20162
21356
20348
17173
12078
5526
-1827
-9185
-15695
-20553
-23111
-22980
-20099
-14756
-7561
632
8844
16108
21593
24718
25209
23119
18786
12774
5772
-1491
-8328
-14156
-18525
-21131
-21815
-20554
-17456
-12759
-6829
-157
6661
12962
18074
21393
22467
21073
17269
11407
4108
-3815
-11459
-17953
-22575
-24845
-24580
-21894
-17166
-10967
-3970
3141
9741
15316
19489
22014
22770
21741
19008
14749
9242
2876
-3856
-10372
-16048
-20279
-22562
-22571
-20219
-15695
-9452
-2160
5382
12349
18005
21791
23390
22743
20034
15633
10027
3752
-2675
-8791
-14203
-18591
-21694
-23307
-23278
-21529
-18082
-13090
-6866
124
7279
13920
19371
23050
24552
23716
20646
15704
9452
2566
-4252
-10371
-15295
-18702
-20448
-20539
-19094
-16300
-12377
-7562
-2112
3683
9486
14901
19489
22805
24451
24142
21768
17438
11484
4439
-3027
-10196
-16398
-21097
-23949
-24833
-23833
-21195
-17269
-12441
-7082
-1521
3964
9127
13732
17535
20273
21685
21548
19726
16225
11226
5098
-1631
-8328
-14339
-19077
-22108
-23198
-22340
-19731
-15719
-10741
-5241
379
5798
10778
15145
18756
21466
23111
23512
22505
19986
15959
10586
4196
-2727
-9595
-15790
-20750
-24052
-25465
-24976
-22770
-19180
-14624
-9523
-4248
917
5776
10197
14077
17297
19700
21088
21249
20007
17276
13115
7755
1596
-4831
-10938
-16157
-20031
-22272
-22793
-21697
-19237
-15748
-11578
-7027
-2319
2403
7049
11537
15747
19489
22499
24467
25085
24121
21478
17245
11701
5294
-1425
-7882
-13568
-18106
-21295
-23105
-23647
-23111
-21701
-19579
-16838
-13498
-9548
-4992
89
5505
10937
15966
20131
23004
24269
23789
21632
18059
13479
8369
3188
-1692
-6031
-9732
-12810
-15333
-17361
-18889
-19825
-19992
-19174
-17181
-13920
-9452
-4016
1983
8031
13586
18168
21437
23239
23614
22759
20961
18517
15660
12521
9114
5374
1216
-3394
-8381
-13521
-18461
-22755
-25952
-27680
-27728
-26088
-22961
-18716
-13812
-8707
-3772
764
4831
8490
11867
15078
18157
21005
23396
25007
25498
24600
22191
18354
13373
7699
1865
-3613
-8328
-12050
-14744
-16547
-17693
-18431
-18934
-19241
-19243
-18710
-17367
-14982
-11457
-6883
-1553
4073
9452
14062
17506
19582
20313
19919
18745
17163
15467
13805
12147
10313
8037
5073
1287
-3267
-8328
-13456
-18116
-21785
-24065
-24768
-23951
-21896
-19028
-15815
-12647
-9751
-7146
-4666
-2023
1077
4831
9250
14115
19011
23395
26721
28561
28704
27204
24367
20675
16664
12802
9378
6445
3833
1216
-1772
-5409
-9781
-14721
-19828
-24540
-28256
-30482
-30944
-29657
-26921
-23245
-19226
-15398
-12111
-9452
-7239
-5094
-2565
728
4965
10045
15584
20986
25578
28767
30179
29755
27760
24720
21282
18059
15470
13644
12393
11282
9753
7294
3603
-1312
-7104
-13150
-18690
-23005
-25590
-26278
-25276
-23111
-20490
-18120
-16519
-15885
-16045
-16506
-16589
-15621
-13129
-8982
-3453
2828
9013
14239
17836
19489
19316
17833
15814
14091
13329
13846
15527
17844
19995
21112
20496
17815
13207
7266
912
-4831
-9088
-11343
-11577
-10263
-8243
-6510
-5936
-7044
-9852
-13860
-18163
-21681
-23433
-22803
-19704
-14624
-8515
-2563
2101
4690
4961
3277
517
-2150
-3571
-2915
95
5096
11155
16996
21313
23111
21957
18111
12473
6364
1202
-1858
-2218
0
3978
8403
11804
12923
11061
6263
-661
-8328
-15110
-19547
-20709
-18446
-13439
-7038
-933
3268
4451
2288
-2670
-9109
-15281
-19436
-20270
-17269
-10860
-2323
6503
13675
17624
17552
13646
7044
-438
-6748
-10116
-9502
-4874
2766
11612
19489
24393
24992
20975
13146
3247
-6453
-13713
-16874
-15271
-9419
-894
8039
14981
17991
16075
9452
-484
-11483
-20977
-26708
-27284
-22529
-13547
-2464
8071
15531
18124
15240
7608
-2863
-13539
-21694
-25174
-22923
-15258
-3804
8879
19903
26744
27847
23008
13430
1444
-10040
-18230
-21115
-17953
-9452
2389
14751
24660
29696
28562
21402
9768
-3740
-16081
-24488
-27110
-23450
-14470
-2370
9933
19489
23995
22337
14836
3174
-10002
-21698
-29260
-30980
-26482
-16796
-4110
8737
18907
24204
23562
17269
6882
-5141
-16010
-23227
-25144
-21317
-12579
-836
11371
21439
27272
27724
22829
13764
2566
-8328
-16611
-20598
-19566
-13876
-4870
5444
14830
21300
23513
21037
14409
4991
-5321
-14505
-20812
-23111
-21086
-15278
-6950
2178
10279
15767
17601
15467
9822
1797
-7032
-14943
-20394
-22308
-20275
-14624
-6366
2997
11743
18255
21326
20385
15618
7946
-1143
-9863
-16470
-19603
-18552
-13416
-5102
4831
14468
21899
25605
24765
19436
10561
-202
-10793
-19159
-23661
-23411
-18457
-9790
852
11321
19489
23676
22989
17506
8259
-2970
-14002
-22701
-27390
-27185
-22159
-13316
-2383
8538
17386
22537
23111
19117
11435
1619
-8414
-16757
-21866
-22839
-19557
-12675
-3479
6373
15156
21389
24077
22861
18059
10579
1745
-6935
-14023
-18380
-19340
-16806
-11247
-3621
4785
12557
18379
21238
20593
16466
9452
634
-8577
-16669
-22278
-24419
-22671
-17266
-9070
547
9934
17446
21735
21998
18136
10784
1216
-8878
-17691
-23626
-25585
-23172
-16768
-7458
3158
13264
21146
25502
25659
21680
14337
4956
-4831
-13373
-19282
-21658
-20214
-15302
-7819
962
9610
16770
21364
22742
20752
15744
8489
60
-8328
-15489
-20425
-22454
-21302
-17139
-10562
-2517
5819
13200
18490
20833
19793
15444
8376
-370
-9452
-17427
-22985
-25167
-23534
-18256
-10098
-306
9595
18051
23738
25781
23899
18445
10342
916
-8328
-15950
-20809
-22233
-20100
-14836
-7317
1280
9676
16676
21335
23071
21720
17531
11107
3316
-4831
-12303
-18167
-21692
-22436
-20294
-15522
-8715
-749
7315
14367
19391
21614
20635
16499
9718
1216
-7793
-15984
-22118
-25243
-24846
-20941
-14071
-5225
4317
13185
20136
24233
24981
22385
16923
9452
1064
-7079
-13917
-18615
-20664
-19908
-16541
-11055
-4160
3299
10441
16433
20571
22346
21500
18059
12350
4978
-3219
-11256
-18121
-22898
-24907
-23810
-19683
-13021
-4692
4186
12397
18810
22546
23111
20461
15010
7549
-873
-9116
-16108
-20992
-23227
-22631
-19380
-13947
-7025
575
8021
14540
19489
22393
22979
21192
17198
11380
4318
-3252
-10500
-16581
-20738
-22403
-21287
-17441
-11278
-3530
4831
12726
19119
23164
24330
22475
17858
11093
3053
-5263
-12871
-18928
-22826
-24245
-23158
-19803
-14624
-8203
-1193
5740
11965
16925
20162
21356
20348
17173
12078
5526
-1827
-9185
-15695
-20553
-23111
-22980
-20099
-14756
-7561
632
8844
16108
21593
24718
25209
23119
18786
12774
5772
-1491
-8328
-14156
-18525
-21131
-21815
-20554
-17456
-12759
-6829
-157
6661
12962
18074
21393
22467
21073
17269
11407
4108
-3815
-11459
-17953
-22575
-24845
-24580
-21894
-17166
-10967
-3970
3141
9741
15316
19489
22014
22770
21741
19008
14749
9242
2876
-3856
-10372
-16048
-20279
-22562
-22571
-20219
-15695
-9452
-2160
5382
12349
18005
21791
23390
22743
20034
15633
10027
3752
-2675
-8791
-14203
-18591
-21694
-23307
-23278
-21529
-18082
-13090
-6866
124
7279
13920
19371
23050
24552
23716
20646
15704
9452
2566
-4252
-10371
-15295
-18702
-20448
-20539
-19094
-16300
-12377
-7562
-2112
3683
9486
14901
19489
22805
24451
24142
21768
17438
11484
4439
-3027
-10196
-16398
-21097
-23949
-24833
-23833
-21195
-17269
-12441
-7082
-1521
3964
9127
13732
17535
20273
21685
21548
19726
16225
11226
5098
-1631
-8328
-14339
-19077
-22108
-23198
-22340
-19731
-15719
-10741
-5241
379
5798
10778
15145
18756
21466
23111
23512
22505
19986
15959
10586
4196
-2727
-9595
-15790
-20750
-24052
-25465
-24976
-22770
-19180
-14624
-9523
-4248
917
5776
10197
14077
17297
19700
21088
21249
20007
17276
13115
7755
1596
-4831
-10938
-16157
-20031
-22272
-22793
-21697
-19237
-15748
-11578
-7027
-2319
2403
7049
11537
15747
19489
22499
24467
25085
24121
21478
17245
11701
5294
-1425
-7882
-13568
-18106
-21295
-23105
-23647
-23111
-21701
-19579
-16838
-13498
-9548
-4992
89
5505
10937
15966
20131
23004
24269
23789
21632
18059
13479
8369
3188
-1692
-6031
-9732
-12810
-15333
-17361
-18889
-19825
-19992
-19174
-17181
-13920
-9452
-4016
1983
8031
13586
18168
21437
23239
23614
22759
20961
18517
15660
12521
9114
5374
1216
-3394
-8381
-13521
-18461
-22755
-25952
-27680
-27728
-26088
-22961
-18716
-13812
-8707
-3772
764
4831
8490
11867
15078
18157
21005
23396
25007
25498
24600
22191
18354
13373
7699
1865
-3613
-8328
-12050
-14744
-16547
-17693
-18431
-18934
-19241
-19243
-18710
-17367
-14982
-11457
-6883
-1553
4073
9452
14062
17506
19582
20313
19919
18745
17163
15467
13805
12147
10313
8037
5073
1287
-3267
-8328
-13456
-18116
-21785
-24065
-24768
-23951
-21896
-19028
-15815
-12647
-9751
-7146
-4666
-2023
1077
4831
9250
14115
19011
23395
26721
28561
28704
27204
24367
20675
16664
12802
9378
6445
3833
1216
-1772
-5409
-9781
-14721
-19828
-24540
-28256
-30482
-30944
-29657
-26921
-23245
-19226
-15398
-12111
-9452
-7239
-5094
-2565
728
4965
10045
15584
20986
25578
28767
30179
29755
27760
24720
21282
18059
15470
13644
12393
11282
9753
7294
3603
-1312
-7104
-13150
-18690
-23005
-25590
-26278
-25276
-23111
-20490
-18120
-16519
-15885
-16045
-16506
-16589
-15621
-13129
-8982
-3453
2828
9013
14239
17836
19489
19316
17833
15814
14091
13329
13846
15527
17844
19995
21112
20496
17815
13207
7266
912
-4831
-9088
-11343
-11577
-10263
-8243
-6510
-5936
-7044
-9852
-13860
-18163
-21681
-23433
-22803
-19704
-14624
-8515
-2563
2101
4690
4961
3277
517
-2150
-3571
-2915
95
5096
11155
16996
21313
23111
21957
18111
12473
6364
1202
-1858
-2218
0
3978
8403
11804
12923
11061
6263
-661
-8328
-15110
-19547
-20709
-18446
-13439
-7038
-933
3268
4451
2288
-2670
-9109
-15281
-19436
-20270
-17269
-10860
-2323
6503
13675
17624
17552
13646
7044
-438
-6748
-10116
-9502
-4874
2766
11612
19489
24393
24992
20975
13146
3247
-6453
-13713
-16874
-15271
-9419
-894
8039
14981
17991
16075
9452
-484
-11483
-20977
-26708
-27284
-22529
-13547
-2464
8071
15531
18124
15240
7608
-2863
-13539
-21694
-25174
-22923
-15258
-3804
8879
19903
26744
27847
23008
13430
1444
-10040
-18230
-21115
-17953
-9452
2389
14751
24660
29696
28562
21402
9768
-3740
-16081
-24488
-27110
-23450
-14470
-2370
9933
19489
23995
22337
14836
3174
-10002
-21698
-29260
-30980
-26482
-16796
-4110
8737
18907
24204
23562
17269
6882
-5141
-16010
-23227
-25144
-21317
-12579
-836
11371
21439
27272
27724
22829
13764
2566
-8328
-16611
-20598
-19566
-13876
-4870
5444
14830
21300
23513
21037
14409
4991
-5321
-14505
-20812
-23111
-21086
-15278
-6950
2178
10279
15767
17601
15467
9822
1797
-7032
-14943
-20394
-22308
-20275
-14624
-6366
2997
11743
18255
21326
20385
15618
7946
-1143
-9863
-16470
-19603
-18552
-13416
-5102
4831
14468
21899
25605
24765
19436
10561
-202
-10793
-19159
-23661
-23411
-18457
-9790
852
11321
19489
23676
22989
17506
8259
-2970
-14002
-22701
-27390
-27185
-22159
-13316
-2383
8538
17386
22537
23111
19117
11435
1619
-8414
-16757
-21866
-22839
-19557
-12675
-3479
6373
15156
21389
24077
22861
18059
10579
1745
-6935
-14023
-18380
-19340
-16806
-11247
-3621
4785
12557
18379
21238
20593
16466
9452
634
-8577
-16669
-22278
-24419
-22671
-17266
-9070
547
9934
17446
21735
21998
18136
10784
1216
-8878
-17691
-23626
-25585
-23172
-16768
-7458
3158
13264
21146
25502
25659
21680
14337
4956
-4831
-13373
-19282
-21658
-20214
-15302
-7819
962
9610
16770
21364
22742
20752
15744
8489
60
-8328
-15489
-20425
-22454
-21302
-17139
-10562
-2517
5819
13200
18490
20833
19793
15444
8376
-370
-9452
-17427
-22985
-25167
-23534
-18256
-10098
-306
9595
18051
23738
25781
23899
18445
10342
916
-8328
-15950
-20809
-22233
-20100
-14836
-7317
1280
9676
16676
21335
23071
21720
17531
11107
3316
-4831
-12303
-18167
-21692
-22436
-20294
-15522
-8715
-749
7315
14367
19391
21614
20635
16499
9718
1216
-7793
-15984
-22118
-25243
-24846
-20941
-14071
-5225
4317
13185
20136
24233
24981
22385
16923
9452
1064
-7079
-13917
-18615
-20664
-19908
-16541
-11055
-4160
3299
10441
16433
20571
22346
21500
18059
12350
4978
-3219
-11256
-18121
-22898
-24907
-23810
-19683
-13021
-4692
4186
12397
18810
22546
23111
20461
15010
7549
-873
-9116
-16108
-20992
-23227
-22631
-19380
-13947
-7025
575
8021
14540
19489
22393
22979
21192
17198
11380
4318
-3252
-10500
-16581
-20738
-22403
-21287
-17441
-11278
-3530
4831
12726
19119
23164
24330
22475
17858
11093
3053
-5263
-12871
-18928
-22826
-24245
-23158
-19803
-14624
-8203
-1193
5740
11965
16925
20162
21356
20348
17173
12078
5526
-1827
-9185
-15695
-20553
-23111
-22980
-20099
-14756
-7561
632
8844
16108
21593
24718
25209
23119
18786
12774
5772
-1491
-8328
-14156
-18525
-21131
-21815
-20554
-17456
-12759
-6829
-157
6661
12962
18074
21393
22467
21073
17269
11407
4108
-3815
-11459
-17953
-22575
-24845
-24580
-21894
-17166
-10967
-3970
3141
9741
15316
19489
22014
22770
21741
19008
14749
9242
2876
-3856
-10372
-16048
-20279
-22562
-22571
-20219
-15695
-9452
-2160
5382
12349
18005
21791
23390
22743
20034
15633
10027
3752
-2675
-8791
-14203
-18591
-21694
-23307
-23278
-21529
-18082
-13090
-6866
124
7279
13920
19371
23050
24552
23716
20646
15704
9452
2566
-4252
-10371
-15295
-18702
-20448
-20539
-19094
-16300
-12377
-7562
-2112
3683
9486
14901
19489
22805
24451
24142
21768
17438
11484
4439
-3027
-10196
-16398
-21097
-23949
-24833
-23833
-21195
-17269
-12441
-7082
-1521
3964
9127
13732
17535
20273
21685
21548
19726
16225
11226
5098
-1631
-8328
-14339
-19077
-22108
-23198
-22340
-19731
-15719
-10741
-5241
379
5798
10778
15145
18756
21466
23111
23512
22505
19986
15959
10586
4196
-2727
-9595
-15790
-20750
-24052
-25465
-24976
-22770
-19180
-14624
-9523
-4248
917
5776
10197
14077
17297
19700
21088
21249
20007
17276
13115
7755
1596
-4831
-10938
-16157
-20031
-22272
-22793
-21697
-19237
-15748
-11578
-7027
-2319
2403
7049
11537
15747
19489
22499
24467
25085
24121
21478
17245
11701
5294
-1425
-7882
-13568
-18106
-21295
-23105
-23647
-23111
-21701
-19579
-16838
-13498
-9548
-4992
89
5505
10937
15966
20131
23004
24269
23789
21632
18059
13479
8369
3188
-1692
-6031
-9732
-12810
-15333
-17361
-18889
-19825
-19992
-19174
-17181
-13920
-9452
-4016
1983
8031
13586
18168
21437
23239
23614
22759
20961
18517
15660
12521
9114
5374
1216
-3394
-8381
-13521
-18461
-22755
-25952
-27680
-27728
-26088
-22961
-18716
-13812
-8707
-3772
764
4831
8490
11867
15078
18157
21005
23396
25007
25498
24600
22191
18354
13373
7699
1865
-3613
-8328
-12050
-14744
-16547
-17693
-18431
-18934
-19241
-19243
-18710
-17367
-14982
-11457
-6883
-1553
4073
9452
14062
17506
19582
20313
19919
18745
17163
15467
13805
12147
10313
8037
5073
1287
-3267
-8328
-13456
-18116
-21785
-24065
-24768
-23951
-21896
-19028
-15815
-12647
-9751
-7146
-4666
-2023
1077
4831
9250
14115
19011
23395
26721
28561
28704
27204
24367
20675
16664
12802
9378
6445
3833
1216
-1772
-5409
-9781
-14721
-19828
-24540
-28256
-30482
-30944
-29657
-26921
-23245
-19226
-15398
-12111
-9452
-7239
-5094
-2565
728
4965
10045
15584
20986
25578
28767
30179
29755
27760
24720
21282
18059
15470
13644
12393
11282
9753
7294
3603
-1312
-7104
-13150
-18690
-23005
-25590
-26278
-25276
-23111
-20490
-18120
-16519
-15885
-16045
-16506
-16589
-15621
-13129
-8982
-3453
2828
9013
14239
17836
19489
19316
17833
15814
14091
13329
13846
15527
17844
19995
21112
20496
17815
13207
7266
912
-4831
-9088
-11343
-11577
-10263
-8243
-6510
-5936
-7044
-9852
-13860
-18163
-21681
-23433
-22803
-19704
-14624
-8515
-2563
2101
4690
4961
3277
517
-2150
-3571
-2915
95
5096
11155
16996
21313
23111
21957
18111
12473
6364
1202
-1858
-2218
0
3978
8403
11804
12923
11061
6263
-661
-8328
-15110
-19547
-20709
-18446
-13439
-7038
-933
3268
4451
2288
-2670
-9109
-15281
-19436
-20270
-17269
-10860
-2323
6503
13675
17624
17552
13646
7044
-438
-6748
-10116
-9502
-4874
2766
11612
19489
24393
24992
20975
13146
3247
-6453
-13713
-16874
-15271
-9419
-894
8039
14981
17991
16075
9452
-484
-11483
-20977
-26708
-27284
-22529
-13547
-2464
8071
15531
18124
15240
7608
-2863
-13539
-21694
-25174
-22923
-15258
-3804
8879
19903
26744
27847
23008
13430
1444
-10040
-18230
-21115
-17953
-9452
2389
14751
24660
29696
28562
21402
9768
-3740
-16081
-24488
-27110
-23450
-14470
-2370
9933
19489
23995
22337
14836
3174
-10002
-21698
-29260
-30980
-26482
-16796
-4110
8737
18907
24204
23562
17269
6882
-5141
-16010
-23227
-25144
-21317
-12579
-836
11371
21439
27272
27724
22829
13764
2566
-8328
-16611
-20598
-19566
-13876
-4870
5444
14830
21300
23513
21037
14409
4991
-5321
-14505
-20812
-23111
-21086
-15278
-6950
2178
10279
15767
17601
15467
9822
1797
-7032
-14943
-20394
-22308
-20275
-14624
-6366
2997
11743
18255
21326
20385
15618
7946
-1143
-9863
-16470
-19603
-18552
-13416
-5102
4831
14468
21899
25605
24765
19436
10561
-202
-10793
-19159
-23661
-23411
-18457
-9790
852
11321
19489
23676
22989
17506
8259
-2970
-14002
-22701
-27390
-27185
-22159
-13316
-2383
8538
17386
22537
23111
19117
11435
1619
-8414
-16757
-21866
-22839
-19557
-12675
-3479
6373
15156
21389
24077
22861
18059
10579
1745
-6935
-14023
-18380
-19340
-16806
-11247
-3621
4785
12557
18379
21238
20593
16466
9452
634
-8577
-16669
-22278
-24419
-22671
-17266
-9070
547
9934
17446
21735
21998
18136
10784
1216
-8878
-17691
-23626
-25585
-23172
-16768
-7458
3158
13264
21146
25502
25659
21680
14337
4956
-4831
-13373
-19282
-21658
-20214
-15302
-7819
962
9610
16770
21364
22742
20752
15744
8489
60
-8328
-15489
-20425
-22454
-21302
-17139
-10562
-2517
5819
13200
18490
20833
19793
15444
8376
-370
-9452
-17427
-22985
-25167
-23534
-18256
-10098
-306
9595
18051
23738
25781
23899
18445
10342
916
-8328
-15950
-20809
-22233
-20100
-14836
-7317
1280
9676
16676
21335
23071
21720
17531
11107
3316
-4831
-12303
-18167
-21692
-22436
-20294
-15522
-8715
-749
7315
14367
19391
21614
20635
16499
9718
1216
-7793
-15984
-22118
-25243
-24846
-20941
-14071
-5225
4317
13185
20136
24233
24981
22385
16923
9452
1064
-7079
-13917
-18615
-20664
-19908
-16541
-11055
-4160
3299
10441
16433
20571
22346
21500
18059
12350
4978
-3219
-11256
-18121
-22898
-24907
-23810
-19683
-13021
-4692
4186
12397
18810
22546
23111
20461
15010
7549
-873
-9116
-16108
-20992
-23227
-22631
-19380
-13947
-7025
575
8021
14540
19489
22393
22979
21192
17198
11380
4318
-3252
-10500
-16581
-20738
-22403
-21287
-17441
-11278
-3530
4831
12726
19119
23164
24330
22475
17858
11093
3053
-5263
-12871
-18928
-22826
-24245
-23158
-19803
-14624
-8203
-1193
5740
11965
16925
20162
21356
20348
17173
12078
5526
-1827
-9185
-15695
-20553
-23111
-22980
-20099
-14756
-7561
632
8844
16108
21593
24718
25209
23119
18786
12774
5772
-1491
-8328
-14156
-18525
-21131
-21815
-20554
-17456
-12759
-6829
-157
6661
12962
18074
21393
22467
21073
17269
11407
4108
-3815
-11459
-17953
-22575
-24845
-24580
-21894
-17166
-10967
-3970
3141
9741
15316
19489
22014
22770
21741
19008
14749
9242
2876
-3856
-10372
-16048
-20279
-22562
-22571
-20219
-15695
-9452
-2160
5382
12349
18005
21791
23390
22743
20034
15633
10027
3752
-2675
-8791
-14203
-18591
-21694
-23307
-23278
-21529
-18082
-13090
-6866
124
7279
13920
19371
23050
24552
23716
20646
15704
9452
2566
-4252
-10371
-15295
-18702
-20448
-20539
-19094
-16300
-12377
-7562
-2112
3683
9486
14901
19489
22805
24451
24142
21768
17438
11484
4439
-3027
-10196
-16398
-21097
-23949
-24833
-23833
-21195
-17269
-12441
-7082
-1521
3964
9127
13732
17535
20273
21685
21548
19726
16225
11226
5098
-1631
-8328
-14339
-19077
-22108
-23198
-22340
-19731
-15719
-10741
-5241
379
5798
10778
15145
18756
21466
23111
23512
22505
19986
15959
10586
4196
-2727
-9595
-15790
-20750
-24052
-25465
-24976
-22770
-19180
-14624
-9523
-4248
917
5776
10197
14077
17297
19700
21088
21249
20007
17276
13115
7755
1596
-4831
-10938
-16157
-20031
-22272
-22793
-21697
-19237
-15748
-11578
-7027
-2319
2403
7049
11537
15747
19489
22499
24467
25085
24121
21478
17245
11701
5294
-1425
-7882
-13568
-18106
-21295
-23105
-23647
-23111
-21701
-19579
-16838
-13498
-9548
-4992
89
5505
10937
15966
20131
23004
24269
23789
21632
18059
13479
8369
3188
-1692
-6031
-9732
-12810
-15333
-17361
-18889
-19825
-19992
-19174
-17181
-13920
-9452
-4016
1983
8031
13586
18168
21437
23239
23614
22759
20961
18517
15660
12521
9114
5374
1216
-3394
-8381
-13521
-18461
-22755
-25952
-27680
-27728
-26088
-22961
-18716
-13812
-8707
-3772
764
4831
8490
11867
15078
18157
21005
23396
25007
25498
24600
22191
18354
13373
7699
1865
-3613
-8328
-12050
-14744
-16547
-17693
-18431
-18934
-19241
-19243
-18710
-17367
-14982
-11457
-6883
-1553
4073
9452
14062
17506
19582
20313
19919
18745
17163
15467
13805
12147
10313
8037
5073
1287
-3267
-8328
-13456
-18116
-21785
-24065
-24768
-23951
-21896
-19028
-15815
-12647
-9751
-7146
-4666
-2023
1077
4831
9250
14115
19011
23395
26721
28561
28704
27204
24367
20675
16664
12802
9378
6445
3833
1216
-1772
-5409
-9781
-14721
-19828
-24540
-28256
-30482
-30944
-29657
-26921
-23245
-19226
-15398
-12111
-9452
-7239
-5094
-2565
728
4965
10045
15584
20986
25578
28767
30179
29755
27760
24720
21282
18059
15470
13644
12393
11282
9753
7294
3603
-1312
-7104
-13150
-18690
-23005
-25590
-26278
-25276
-23111
-20490
-18120
-16519
-15885
-16045
-16506
-16589
-15621
-13129
-8982
-3453
2828
9013
14239
17836
19489
19316
17833
15814
14091
13329
13846
15527
17844
19995
21112
20496
17815
13207
7266
912
-4831
-9088
-11343
-11577
-10263
-8243
-6510
-5936
-7044
-9852
-13860
-18163
-21681
-23433
-22803
-19704
-14624
-8515
-2563
2101
4690
4961
3277
517
-2150
-3571
-2915
95
5096
11155
16996
21313
23111
21957
18111
12473
6364
1202
-1858
-2218
0
3978
8403
11804
12923
11061
6263
-661
-8328
-15110
-19547
-20709
-18446
-13439
-7038
-933
3268
4451
2288
-2670
-9109
-15281
-19436
-20270
17269
10860
2323
-6503
-13675
-17624
-17552
-13646
-7044
438
6748
10116
9502
4874
-2766
-11612
-19489
-24393
-24992
-20975
-13146
-3247
6453
13713
16874
15271
9419
894
-8039
-14981
-17991
-16075
-9452
484
11483
20977
26708
27284
22529
13547
2464
-8071
-15531
-18124
-15240
-7608
2863
13539
21694
25174
22923
15258
3804
-8879
-19903
-26744
-27847
-23008
-13430
-1444
10040
18230
21115
17953
9452
-2389
-14751
-24660
-29696
-28562
-21402
-9768
3740
16081
24488
27110
23450
14470
2370
-9933
-19489
-23995
-22337
-14836
-3174
10002
21698
29260
30980
26482
16796
4110
-8737
-18907
-24204
-23562
-17269
-6882
5141
16010
23227
25144
21317
12579
836
-11371
-21439
-27272
-27724
-22829
-13764
-2566
8328
16611
20598
19566
13876
4870
-5444
-14830
-21300
-23513
-21037
-14409
-4991
5321
14505
20812
23111
21086
15278
6950
-2178
-10279
-15767
-17601
-15467
-9822
-1797
7032
14943
20394
22308
20275
14624
6366
-2997
-11743
-18255
-21326
-20385
-15618
-7946
1143
9863
16470
19603
18552
13416
5102
-4831
-14468
-21899
-25605
-24765
-19436
-10561
202
10793
19159
23661
23411
18457
9790
-852
-11321
-19489
-23676
-22989
-17506
-8259
2970
14002
22701
27390
27185
22159
13316
2383
-8538
-17386
-22537
-23111
-19117
-11435
-1619
8414
16757
21866
22839
19557
12675
3479
-6373
-15156
-21389
-24077
-22861
-18059
-10579
-1745
6935
14023
18380
19340
16806
11247
3621
-4785
-12557
-18379
-21238
-20593
-16466
-9452
-634
8577
16669
22278
24419
22671
17266
9070
-547
-9934
-17446
-21735
-21998
-18136
-10784
-1216
8878
17691
23626
25585
23172
16768
7458
-3158
-13264
-21146
-25502
-25659
-21680
-14337
-4956
4831
13373
19282
21658
20214
15302
7819
-962
-9610
-16770
-21364
-22742
-20752
-15744
-8489
-60
8328
15489
20425
22454
21302
17139
10562
2517
-5819
-13200
-18490
-20833
-19793
-15444
-8376
370
9452
17427
22985
25167
23534
18256
10098
306
-9595
-18051
-23738
-25781
-23899
-18445
-10342
-916
8328
15950
20809
22233
20100
14836
7317
-1280
-9676
-16676
-21335
-23071
-21720
-17531
-11107
-3316
4831
12303
18167
21692
22436
20294
15522
8715
749
-7315
-14367
-19391
-21614
-20635
-16499
-9718
-1216
7793
15984
22118
25243
24846
20941
14071
5225
-4317
-13185
-20136
-24233
-24981
-22385
-16923
-9452
-1064
7079
13917
18615
20664
19908
16541
11055
4160
-3299
-10441
-16433
-20571
-22346
-21500
-18059
-12350
-4978
3219
11256
18121
22898
24907
23810
19683
13021
4692
-4186
-12397
-18810
-22546
-23111
-20461
-15010
-7549
873
9116
16108
20992
23227
22631
19380
13947
7025
-575
-8021
-14540
-19489
-22393
-22979
-21192
-17198
-11380
-4318
3252
10500
16581
20738
22403
21287
17441
11278
3530
-4831
-12726
-19119
-23164
-24330
-22475
-17858
-11093
-3053
5263
12871
18928
22826
24245
23158
19803
14624
8203
1193
-5740
-11965
-16925
-20162
-21356
-20348
-17173
-12078
-5526
1827
9185
15695
20553
23111
22980
20099
14756
7561
-632
-8844
-16108
-21593
-24718
-25209
-23119
-18786
-12774
-5772
1491
8328
14156
18525
21131
21815
20554
17456
12759
6829
157
-6661
-12962
-18074
-21393
-22467
-21073
-17269
-11407
-4108
3815
11459
17953
22575
24845
24580
21894
17166
10967
3970
-3141
-9741
-15316
-19489
-22014
-22770
-21741
-19008
-14749
-9242
-2876
3856
10372
16048
20279
22562
22571
20219
15695
9452
2160
-5382
-12349
-18005
-21791
-23390
-22743
-20034
-15633
-10027
-3752
2675
8791
14203
18591
21694
23307
23278
21529
18082
13090
6866
-124
-7279
-13920
-19371
-23050
-24552
-23716
-20646
-15704
-9452
-2566
4252
10371
15295
18702
20448
20539
19094
16300
12377
7562
2112
-3683
-9486
-14901
-19489
-22805
-24451
-24142
-21768
-17438
-11484
-4439
3027
10196
16398
21097
23949
24833
23833
21195
17269
12441
7082
1521
-3964
-9127
-13732
-17535
-20273
-21685
-21548
-19726
-16225
-11226
-5098
1631
8328
14339
19077
22108
23198
22340
19731
15719
10741
5241
-379
-5798
-10778
-15145
-18756
-21466
-23111
-23512
-22505
-19986
-15959
-10586
-4196
2727
9595
15790
20750
24052
25465
24976
22770
19180
14624
9523
4248
-917
-5776
-10197
-14077
-17297
-19700
-21088
-21249
-20007
-17276
-13115
-7755
-1596
4831
10938
16157
20031
22272
22793
21697
19237
15748
11578
7027
2319
-2403
-7049
-11537
-15747
-19489
-22499
-24467
-25085
-24121
-21478
-17245
-11701
-5294
1425
7882
13568
18106
21295
23105
23647
23111
21701
19579
16838
13498
9548
4992
-89
-5505
-10937
-15966
-20131
-23004
-24269
-23789
-21632
-18059
-13479
-8369
-3188
1692
6031
9732
12810
15333
17361
18889
19825
19992
19174
17181
13920
9452
4016
-1983
-8031
-13586
-18168
-21437
-23239
-23614
-22759
-20961
-18517
-15660
-12521
-9114
-5374
-1216
3394
8381
13521
18461
22755
25952
27680
27728
26088
22961
18716
13812
8707
3772
-764
-4831
-8490
-11867
-15078
-18157
-21005
-23396
-25007
-25498
-24600
-22191
-18354
-13373
-7699
-1865
3613
8328
12050
14744
16547
17693
18431
18934
19241
19243
18710
17367
14982
11457
6883
1553
-4073
-9452
-14062
-17506
-19582
-20313
-19919
-18745
-17163
-15467
-13805
-12147
-10313
-8037
-5073
-1287
3267
8328
13456
18116
21785
24065
24768
23951
21896
19028
15815
12647
9751
7146
4666
2023
-1077
-4831
-9250
-14115
-19011
-23395
-26721
-28561
-28704
-27204
-24367
-20675
-16664
-12802
-9378
-6445
-3833
-1216
1772
5409
9781
14721
19828
24540
28256
30482
30944
29657
26921
23245
19226
15398
12111
9452
7239
5094
2565
-728
-4965
-10045
-15584
-20986
-25578
-28767
-30179
-29755
-27760
-24720
-21282
-18059
-15470
-13644
-12393
-11282
-9753
-7294
-3603
1312
7104
13150
18690
23005
25590
26278
25276
23111
20490
18120
16519
15885
16045
16506
16589
15621
13129
8982
3453
-2828
-9013
-14239
-17836
-19489
-19316
-17833
-15814
-14091
-13329
-13846
-15527
-17844
-19995
-21112
-20496
-17815
-13207
-7266
-912
4831
9088
11343
11577
10263
8243
6510
5936
7044
9852
13860
18163
21681
23433
22803
19704
14624
8515
2563
-2101
-4690
-4961
-3277
-517
2150
3571
2915
-95
-5096
-11155
-16996
-21313
-23111
-21957
-18111
-12473
-6364
-1202
1858
2218
0
-3978
-8403
-11804
-12923
-11061
-6263
661
8328
15110
19547
20709
18446
13439
7038
933
-3268
-4451
-2288
2670
9109
15281
19436
20270
-17269
-10860
-2323
6503
13675
17624
17552
13646
7044
-438
-6748
-10116
-9502
-4874
2766
11612
19489
24393
24992
20975
13146
3247
-6453
-13713
-16874
-15271
-9419
-894
8039
14981
17991
16075
9452
-484
-11483
-20977
-26708
-27284
-22529
-13547
-2464
8071
15531
18124
15240
7608
-2863
-13539
-21694
-25174
-22923
-15258
-3804
8879
19903
26744
27847
23008
13430
1444
-10040
-18230
-21115
-17953
-9452
2389
14751
24660
29696
28562
21402
9768
-3740
-16081
-24488
-27110
-23450
-14470
-2370
9933
19489
23995
22337
14836
3174
-10002
-21698
-29260
-30980
-26482
-16796
-4110
8737
18907
24204
23562
17269
6882
-5141
-16010
-23227
-25144
-21317
-12579
-836
11371
21439
27272
27724
22829
13764
2566
-8328
-16611
-20598
-19566
-13876
-4870
5444
14830
21300
23513
21037
14409
4991
-5321
-14505
-20812
-23111
-21086
-15278
-6950
2178
10279
15767
17601
15467
9822
1797
-7032
-14943
-20394
-22308
-20275
-14624
-6366
2997
11743
18255
21326
20385
15618
7946
-1143
-9863
-16470
-19603
-18552
-13416
-5102
4831
14468
21899
25605
24765
19436
10561
-202
-10793
-19159
-23661
-23411
-18457
-9790
852
11321
19489
23676
22989
17506
8259
-2970
-14002
-22701
-27390
-27185
-22159
-13316
-2383
8538
17386
22537
23111
19117
11435
1619
-8414
-16757
-21866
-22839
-19557
-12675
-3479
6373
15156
21389
24077
22861
18059
10579
1745
-6935
-14023
-18380
-19340
-16806
-11247
-3621
4785
12557
18379
21238
20593
16466
9452
634
-8577
-16669
-22278
-24419
-22671
-17266
-9070
547
9934
17446
21735
21998
18136
10784
1216
-8878
-17691
-23626
-25585
-23172
-16768
-7458
3158
13264
21146
25502
25659
21680
14337
4956
-4831
-13373
-19282
-21658
-20214
-15302
-7819
962
9610
16770
21364
22742
20752
15744
8489
60
-8328
-15489
-20425
-22454
-21302
-17139
-10562
-2517
5819
13200
18490
20833
19793
15444
8376
-370
-9452
-17427
-22985
-25167
-23534
-18256
-10098
-306
9595
18051
23738
25781
23899
18445
10342
916
-8328
-15950
-20809
-22233
-20100
-14836
-7317
1280
9676
16676
21335
23071
21720
17531
11107
3316
-4831
-12303
-18167
-21692
-22436
-20294
-15522
-8715
-749
7315
14367
19391
21614
20635
16499
9718
1216
-7793
-15984
-22118
-25243
-24846
-20941
-14071
-5225
4317
13185
20136
24233
24981
22385
16923
9452
1064
-7079
-13917
-18615
-20664
-19908
-16541
-11055
-4160
3299
10441
16433
20571
22346
21500
18059
12350
4978
-3219
-11256
-18121
-22898
-24907
-23810
-19683
-13021
-4692
4186
12397
18810
22546
23111
20461
15010
7549
-873
-9116
-16108
-20992
-23227
-22631
-19380
-13947
-7025
575
8021
14540
19489
22393
22979
21192
17198
11380
4318
-3252
-10500
-16581
-20738
-22403
-21287
-17441
-11278
-3530
4831
12726
19119
23164
24330
22475
17858
11093
3053
-5263
-12871
-18928
-22826
-24245
-23158
-19803
-14624
-8203
-1193
5740
11965
16925
20162
21356
20348
17173
12078
5526
-1827
-9185
-15695
-20553
-23111
-22980
-20099
-14756
-7561
632
8844
16108
21593
24718
25209
23119
18786
12774
5772
-1491
-8328
-14156
-18525
-21131
-21815
-20554
-17456
-12759
-6829
-157
6661
12962
18074
21393
22467
21073
17269
11407
4108
-3815
-11459
-17953
-22575
-24845
-24580
-21894
-17166
-10967
-3970
3141
9741
15316
19489
22014
22770
21741
19008
14749
9242
2876
-3856
-10372
-16048
-20279
-22562
-22571
-20219
-15695
-9452
-2160
5382
12349
18005
21791
23390
22743
20034
15633
10027
3752
-2675
-8791
-14203
-18591
-21694
-23307
-23278
-21529
-18082
-13090
-6866
124
7279
13920
19371
23050
24552
23716
20646
15704
9452
2566
-4252
-10371
-15295
-18702
-20448
-20539
-19094
-16300
-12377
-7562
-2112
3683
9486
14901
19489
22805
24451
24142
21768
17438
11484
4439
-3027
-10196
-16398
-21097
-23949
-24833
-23833
-21195
-17269
-12441
-7082
-1521
3964
9127
13732
17535
20273
21685
21548
19726
16225
11226
5098
-1631
-8328
-14339
-19077
-22108
-23198
-22340
-19731
-15719
-10741
-5241
379
5798
10778
15145
18756
21466
23111
23512
22505
19986
15959
10586
4196
-2727
-9595
-15790
-20750
-24052
-25465
-24976
-22770
-19180
-14624
-9523
-4248
917
5776
10197
14077
17297
19700
21088
21249
20007
17276
13115
7755
1596
-4831
-10938
-16157
-20031
-22272
-22793
-21697
-19237
-15748
-11578
-7027
-2319
2403
7049
11537
15747
19489
22499
24467
25085
24121
21478
17245
11701
5294
-1425
-7882
-13568
-18106
-21295
-23105
-23647
-23111
-21701
-19579
-16838
-13498
-9548
-4992
89
5505
10937
15966
20131
23004
24269
23789
21632
18059
13479
8369
3188
-1692
-6031
-9732
-12810
-15333
-17361
-18889
-19825
-19992
-19174
-17181
-13920
-9452
-4016
1983
8031
13586
18168
21437
23239
23614
22759
20961
18517
15660
12521
9114
5374
1216
-3394
-8381
-13521
-18461
-22755
-25952
-27680
-27728
-26088
-22961
-18716
-13812
-8707
-3772
764
4831
8490
11867
15078
18157
21005
23396
25007
25498
24600
22191
18354
13373
7699
1865
-3613
-8328
-12050
-14744
-16547
-17693
-18431
-18934
-19241
-19243
-18710
-17367
-14982
-11457
-6883
-1553
4073
9452
14062
17506
19582
20313
19919
18745
17163
15467
13805
12147
10313
8037
5073
1287
-3267
-8328
-13456
-18116
-21785
-24065
-24768
-23951
-21896
-19028
-15815
-12647
-9751
-7146
-4666
-2023
1077
4831
9250
14115
19011
23395
26721
28561
28704
27204
24367
20675
16664
12802
9378
6445
3833
1216
-1772
-5409
-9781
-14721
-19828
-24540
-28256
-30482
-30944
-29657
-26921
-23245
-19226
-15398
-12111
-9452
-7239
-5094
-2565
728
4965
10045
15584
20986
25578
28767
30179
29755
27760
24720
21282
18059
15470
13644
12393
11282
9753
7294
3603
-1312
-7104
-13150
-18690
-23005
-25590
-26278
-25276
-23111
-20490
-18120
-16519
-15885
-16045
-16506
-16589
-15621
-13129
-8982
-3453
2828
9013
14239
17836
19489
19316
17833
15814
14091
13329
13846
15527
17844
19995
21112
20496
17815
13207
7266
912
-4831
-9088
-11343
-11577
-10263
-8243
-6510
-5936
-7044
-9852
-13860
-18163
-21681
-23433
-22803
-19704
-14624
-8515
-2563
2101
4690
4961
3277
517
-2150
-3571
-2915
95
5096
11155
16996
21313
23111
21957
18111
12473
6364
1202
-1858
-2218
0
3978
8403
11804
12923
11061
6263
-661
-8328
-15110
-19547
-20709
-18446
-13439
-7038
-933
3268
4451
2288
-2670
-9109
-15281
-19436
-20270
0
0
0
0
0
0
0
0
0
0
0
0
0
0
0
0
0
0
0
0
0
0
0
0
0
0
0
0
0
0
0
0
0
0
0
0
0
0
0
0
0
0
0
0
0
0
0
0
0
0
0
0
0
0
0
0
0
0
0
0
0
0
0
0
0
0
0
0
0
0
0
0
0
0
0
0
0
0
0
0
0
0
0
0
0
0
0
0
0
0
0
0
0
0
0
0
0
0
0
0
0
0
0
0
0
0
0
0
0
0
0
0
0
0
0
0
0
0
0
0
0
0
0
0
0
0
0
0
0
0
0
0
0
0
0
0
0
0
0
0
0
0
0
0
0
0
0
0
0
0
0
0
0
0
0
0
0
0
0
0
0
0
0
0
0
0
0
0
0
0
0
0
0
0
0
0
0
0
0
0
0
0
0
0
0
0
0
0
0
0
0
0
0
0
0
0
0
0
0
0
0
0
0
0
0
0
0
0
0
0
0
0
0
0
0
0
0
0
0
0
0
0
0
0
0
0
0
0
0
0
0
0
0
0
0
0
0
0
0
0
0
0
0
0
0
0
0
0
0
0
0
0
0
0
0
0
0
0
0
0
0
0
0
0
0
0
0
0
0
0
0
0
0
0
0
0
0
0
0
0
0
0
0
0
0
0
0
0
0
0
0
0
0
0
0
0
0
0
0
0
0
0
0
0
0
0
0
0
0
0
0
0
0
0
0
0
0
0
0
0
0
0
0
0
0
0
0
0
0
0
0
0
0
0
0
0
0
0
0
0
0
0
0
0
0
0
0
0
0
0
0
0
0
0
0
0
0
0
0
0
0
0
0
0
0
0
0
0
0
0
0
0
0
0
0
0
0
0
0
0
0
0
0
0
0
0
0
0
0
0
0
0
0
0
0
0
0
0
0
0
0
0
0
0
0
0
0
0
0
0
0
0
0
0
0
0
0
0
0
0
0
0
0
0
0
0
0
0
0
0
0
0
0
0
0
0
0
0
0
0
0
0
0
0
0
0
0
0
0
0
0
0
0
0
0
0
0
0
0
0
0
0
0
0
0
0
0
0
0
0
0
0
0
0
0
0
0
0
0
0
0
0
0
0
0
0
0
0
0
0
0
0
0
0
0
0
0
0
0
0
0
0
0
0
0
0
0
0
0
0
0
0
0
0
0
0
0
0
0
0
0
0
0
0
0
0
0
0
0
0
0
0
0
0
0
0
0
0
0
0
0
0
0
0
0
0
0
0
0
0
0
0
0
0
0
0
0
0
0
0
0
0
0
0
0
0
0
0
0
0
0
0
0
0
0
0
0
0
0
0
0
0
0
0
0
0
0
0
0
0
0
0
0
0
0
0
0
0
0
0
0
0
0
0
0
0
0
0
0
0
0
0
0
0
0
0
0
0
0
0
0
0
0
0
0
0
0
0
0
0
0
0
0
0
0
0
0
0
0
0
0
0
0
0
0
0
0
0
0
0
0
0
0
0
0
0
0
0
0
0
0
0
0
0
0
0
0
0
0
0
0
0
0
0
0
0
0
0
0
0
0
0
0
0
0
0
0
0
0
0
0
0
0
0
0
0
0
0
0
0
0
0
0
0
0
0
0
0
0
0
0
0
0
0
0
0
0
0
0
0
0
0
0
0
0
0
0
0
0
0
0
0
0
0
0
0
0
0
0
0
0
0
0
0
0
0
0
0
0
0
0
0
0
0
0
0
0
0
0
0
0
0
0
0
0
0
0
0
0
0
0
0
0
0
0
0
0
0
0
0
0
0
0
0
0
0
0
0
0
0
0
0
0
0
0
0
0
0
0
0
0
0
0
0
0
0
0
0
0
0
0
0
0
0
0
0
0
0
0
0
0
0
0
0
0
0
0
0
0
0
0
0
0
0
0
0
0
0
0
0
0
0
0
0
0
0
0
0
0
0
0
0
0
0
0
0
0
0
0
0
0
0
0
0
0
0
0
0
0
0
0
0
0
0
0
0
0
0
0
0
0
0
0
0
0
0
0
0
0
0
0
0
0
0
0
0
0
0
0
0
0
0
0
0
0
0
0
0
0
0
0
0
0
0
0
0
0
0
0
0
0
0
0
0
0
0
0
0
0
0
0
0
0
0
0
0
0
0
0
0
0
0
0
0
0
0
0
0
0
0
0
0
0
0
0
0
0
0
0
0
0
10225
19421
26663
31224
32651
30808
25888
18399
9102
-1058
-11058
-19894
-26687
-30767
-31745
-29547
-24419
-16904
-7777
2029
11525
19762
25929
29435
29961
27497
22332
15024
6338
-2832
-11563
-18987
-24384
-27253
-27357
-24741
-19724
-12861
-4880
3393
11125
17554
22072
24278
24014
21378
16702
10518
3490
-3648
-10182
-15475
-19041
-20590
-20039
-17528
-13388
-8102
-2251
3551
8726
12782
15365
16292
15557
13324
9906
5720
1235
-3071
-6773
-9535
-11140
-11511
-10706
-8906
-6383
-3466
-500
2195
4358
5812
6482
6386
5640
4418
2939
1426
85
-933
-1539
-1717
-1524
-1071
-510
0
314
324
-15
-688
-1608
-2633
-3586
-4274
-4526
-4213
-3274
-1735
293
2620
4989
7111
8697
9494
9322
8097
5860
2768
-905
-4798
-8496
-11575
-13653
-14431
-13735
-11546
-8003
-3407
1815
7140
12009
15882
18300
18937
17644
14469
9660
3655
-2972
-9554
-15405
-19890
-22493
-22883
-20943
-16798
-10809
-3535
4310
11938
18558
23461
26103
26155
23550
18492
11448
3089
-5752
-14187
-21346
-26474
-29014
-28661
-25405
-19531
-11595
-2375
7210
16193
23654
28817
31134
30338
26479
19917
11292
1462
-8592
-17853
-25380
-30402
-32396
-31147
-26765
-19680
-10597
-428
9806
19074
26441
31162
32760
31078
26285
18870
9581
-640
-10764
-19775
-26770
-31056
-32215
-30149
-25086
-17553
-8326
1656
11387
19890
26327
30071
30776
28407
23235
15816
6921
-2537
-11603
-19375
-25096
-28224
-28492
-25922
-20823
-13753
-5459
3202
11360
18206
23086
25559
25433
22788
17952
11469
4032
-3586
-10620
-16383
-20336
-22144
-21697
-19118
-14741
-9071
-2724
3635
9370
13930
16908
18076
17402
15040
11312
6663
1611
-3310
-7612
-10895
-12889
-13473
-12682
-10691
-7790
-4346
-757
2593
5377
7352
8389
8468
7683
6212
4299
2212
210
-1482
-2710
-3393
-3534
-3210
-2558
-1749
-956
-337
-1
0
-316
-871
-1533
-2142
-2533
-2560
-2131
-1215
141
1813
3615
5314
6663
7432
7442
6591
4875
2402
-621
-3902
-7085
-9800
-11699
-12499
-12023
-10225
-7203
-3199
1417
6189
10611
14188
16487
17195
16148
13368
9058
3601
-2484
-8586
-14069
-18331
-20879
-21379
-19703
-15942
-10411
-3625
3758
10995
17334
22093
24737
24933
22594
17893
11252
3303
-5169
-13311
-20282
-25343
-27940
-27755
-24755
-19194
-11593
-2689
6630
15426
22795
27967
30386
29770
26144
19839
11464
1846
-8054
-17236
-24766
-29863
-31998
-30929
-26744
-19847
-10918
-850
9347
18644
26101
30959
32724
31210
26566
19258
10021
-215
-10418
-19561
-26729
-31203
-32542
-30621
-25648
-18135
-8851
1262
11182
19918
26598
30571
31457
29197
24048
16555
7495
-2205
-11568
-19659
-25683
-29065
-29504
-26999
-21849
-14611
-6046
2966
11515
18752
23982
26719
26744
24113
19149
12403
4594
-3470
-10977
-17189
-21522
-23594
-23267
-20643
-16059
-10037
-3227
3658
9932
14984
18355
19775
19179
16712
12701
7620
2028
-3487
-8374
-12175
-14561
-15370
-14611
-12453
-9201
-5256
-1064
2927
6325
8826
10239
10509
9706
8009
5684
3038
390
-1973
-3825
-5020
-5510
-5334
-4613
-3524
-2269
-1051
-42
636
933
863
509
0
-509
-863
-933
-636
42
1051
2269
3524
4613
5334
5510
5020
3825
1973
-390
-3038
-5684
-8009
-9706
-10509
-10239
-8826
-6325
-2927
1064
5256
9201
12453
14611
15370
14561
12175
8374
3487
-2028
-7620
-12701
-16712
-19179
-19775
-18355
-14984
-9932
-3658
3227
10037
16059
20643
23267
23594
21522
17189
10977
3470
-4594
-12403
-19149
-24113
-26744
-26719
-23982
-18752
-11515
-2966
6046
14611
21849
26999
29504
29065
25683
19659
11568
2205
-7495
-16555
-24048
-29197
-31457
-30571
-26598
-19918
-11182
-1262
8851
18135
25648
30621
32542
31203
26729
19561
10418
215
-10021
-19258
-26566
-31210
-32724
-30959
-26101
-18644
-9347
850
10918
19847
26744
30929
31998
29863
24766
17236
8054
-1846
-11464
-19839
-26144
-29770
-30386
-27967
-22795
-15426
-6630
2689
11593
19194
24755
27755
27940
25343
20282
13311
5169
-3303
-11252
-17893
-22594
-24933
-24737
-22093
-17334
-10995
-3758
3625
10411
15942
19703
21379
20879
18331
14069
8586
2484
-3601
-9058
-13368
-16148
-17195
-16487
-14187
-10611
-6189
-1417
3199
7203
10225
12023
12499
11699
9800
7085
3902
621
-2402
-4875
-6591
-7442
-7432
-6663
-5314
-3615
-1813
-141
1215
2131
2560
2533
2142
1533
871
316
0
1
337
956
1749
2558
3210
3534
3393
2710
1482
-210
-2212
-4299
-6212
-7683
-8468
-8389
-7352
-5377
-2593
757
4346
7790
10691
12682
13473
12889
10895
7612
3310
-1611
-6663
-11312
-15040
-17402
-18076
-16908
-13930
-9370
-3635
2724
9071
14741
19118
21697
22144
20336
16383
10620
3586
-4032
-11469
-17952
-22788
-25433
-25559
-23086
-18206
-11360
-3202
5459
13753
20823
25922
28492
28224
25096
19375
11603
2537
-6921
-15816
-23235
-28407
-30776
-30071
-26327
-19890
-11387
-1656
8326
17553
25086
30149
32215
31056
26770
19775
10764
640
-9581
-18870
-26285
-31078
-32760
-31162
-26441
-19074
-9806
428
10597
19680
26765
31147
32396
30402
25380
17853
8592
-1462
-11292
-19917
-26479
-30338
-31134
-28817
-23654
-16193
-7210
2375
11595
19531
25405
28661
29014
26474
21346
14188
5752
-3089
-11448
-18492
-23550
-26155
-26103
-23461
-18558
-11938
-4310
3535
10809
16798
20943
22883
22493
19890
15405
9554
2972
-3655
-9660
-14469
-17644
-18937
-18300
-15882
-12009
-7140
-1815
3407
8003
11546
13735
14431
13653
11575
8496
4798
905
-2768
-5860
-8097
-9322
-9494
-8697
-7111
-4989
-2620
-293
1735
3274
4213
4526
4274
3586
2633
1608
688
15
-324
-314
0
510
1071
1524
1717
1539
933
-85
-1426
-2939
-4418
-5640
-6386
-6482
-5812
-4358
-2195
500
3466
6383
8906
10706
11511
11140
9535
6773
3071
-1235
-5720
-9906
-13324
-15557
-16292
-15365
-12782
-8726
-3551
2251
8102
13388
17528
20039
20590
19041
15475
10182
3648
-3490
-10518
-16702
-21378
-24014
-24278
-22072
-17554
-11125
-3393
4880
12861
19724
24741
27357
27253
24384
18987
11563
2832
-6338
-15024
-22332
-27497
-29961
-29435
-25929
-19762
-11525
-2029
7777
16904
24419
29547
31745
30767
26687
19894
11058
1058
-9102
-18399
-25888
-30808
-32651
-31224
-26663
-19421
-10225
0
10225
19421
26663
31224
32651
30808
25888
18399
9102
-1058
-11058
-19894
-26687
-30767
-31745
-29547
-24419
-16904
-7777
2029
11525
19762
25929
29435
29961
27497
22332
15024
6338
-2832
-11563
-18987
-24384
-27253
-27357
-24741
-19724
-12861
-4880
3393
11125
17554
22072
24278
24014
21378
16702
10518
3490
-3648
-10182
-15475
-19041
-20590
-20039
-17528
-13388
-8102
-2251
3551
8726
12782
15365
16292
15557
13324
9906
5720
1235
-3071
-6773
-9535
-11140
-11511
-10706
-8906
-6383
-3466
-500
2195
4358
5812
6482
6386
5640
4418
2939
1426
85
-933
-1539
-1717
-1524
-1071
-510
0
314
324
-15
-688
-1608
-2633
-3586
-4274
-4526
-4213
-3274
-1735
293
2620
4989
7111
8697
9494
9322
8097
5860
2768
-905
-4798
-8496
-11575
-13653
-14431
-13735
-11546
-8003
-3407
1815
7140
12009
15882
18300
18937
17644
14469
9660
3655
-2972
-9554
-15405
-19890
-22493
-22883
-20943
-16798
-10809
-3535
4310
11938
18558
23461
26103
26155
23550
18492
11448
3089
-5752
-14188
-21346
-26474
-29014
-28661
-25405
-19531
-11595
-2375
7210
16193
23654
28817
31134
30338
26479
19917
11292
1462
-8592
-17853
-25380
-30402
-32396
-31147
-26765
-19680
-10597
-428
9806
19074
26441
31162
32760
31078
26285
18870
9581
-640
-10764
-19775
-26770
-31056
-32215
-30149
-25086
-17553
-8326
1656
11387
19890
26327
30071
30776
28407
23235
15816
6921
-2537
-11603
-19375
-25096
-28224
-28492
-25922
-20823
-13753
-5459
3202
11360
18206
23086
25559
25433
22788
17952
11469
4032
-3586
-10620
-16383
-20336
-22144
-21697
-19118
-14741
-9071
-2724
3635
9370
13930
16908
18076
17402
15040
11312
6663
1611
-3310
-7612
-10895
-12889
-13473
-12682
-10691
-7790
-4346
-757
2593
5377
7352
8389
8468
7683
6212
4299
2212
210
-1482
-2710
-3393
-3534
-3210
-2558
-1749
-956
-337
-1
0
-316
-871
-1533
-2142
-2533
-2560
-2131
-1215
141
1813
3615
5314
6663
7432
7442
6591
4875
2402
-621
-3902
-7085
-9800
-11699
-12499
-12023
-10225
-7203
-3199
1417
6189
10611
14187
16487
17195
16148
13368
9058
3601
-2484
-8586
-14069
-18331
-20879
-21379
-19703
-15942
-10411
-3625
3758
10995
17334
22093
24737
24933
22594
17893
11252
3303
-5169
-13311
-20282
-25343
-27940
-27755
-24755
-19194
-11593
-2689
6630
15426
22795
27967
30386
29770
26144
19839
11464
1846
-8054
-17236
-24766
-29863
-31998
-30929
-26744
-19847
-10918
-850
9347
18644
26101
30959
32724
31210
26566
19258
10021
-215
-10418
-19561
-26729
-31203
-32542
-30621
-25648
-18135
-8851
1262
11182
19918
26598
30571
31457
29197
24048
16555
7495
-2205
-11568
-19659
-25683
-29065
-29504
-26999
-21849
-14611
-6046
2966
11515
18752
23982
26719
26744
24113
19149
12403
4594
-3470
-10977
-17189
-21522
-23594
-23267
-20643
-16059
-10037
-3227
3658
9932
14984
18355
19775
19179
16712
12701
7620
2028
-3487
-8374
-12175
-14561
-15370
-14611
-12453
-9201
-5256
-1064
2927
6325
8826
10239
10509
9706
8009
5684
3038
390
-1973
-3825
-5020
-5510
-5334
-4613
-3524
-2269
-1051
-42
636
933
863
509
0
-509
-863
-933
-636
42
1051
2269
3524
4613
5334
5510
5020
3825
1973
-390
-3038
-5684
-8009
-9706
-10509
-10239
-8826
-6325
-2927
1064
5256
9201
12453
14611
15370
14561
12175
8374
3487
-2028
-7620
-12701
-16712
-19179
-19775
-18355
-14984
-9932
-3658
3227
10037
16059
20643
23267
23594
21522
17189
10977
3470
-4594
-12403
-19149
-24113
-26744
-26719
-23982
-18752
-11515
-2966
6046
14611
21849
26999
29504
29065
25683
19659
11568
2205
-7495
-16555
-24048
-29197
-31457
-30571
-26598
-19918
-11182
-1262
8851
18135
25648
30621
32542
31203
26729
19561
10418
215
-10021
-19258
-26566
-31210
-32724
-30959
-26101
-18644
-9347
850
10918
19847
26744
30929
31998
29863
24766
17236
8054
-1846
-11464
-19839
-26144
-29770
-30386
-27967
-22795
-15426
-6630
2689
11593
19194
24755
27755
27940
25343
20282
13311
5169
-3303
-11252
-17893
-22594
-24933
-24737
-22093
-17334
-10995
-3758
3625
10411
15942
19703
21379
20879
18331
14069
8586
2484
-3601
-9058
-13368
-16148
-17195
-16487
-14187
-10611
-6189
-1417
3199
7203
10225
12023
12499
11699
9800
7085
3902
621
-2402
-4875
-6591
-7442
-7432
-6663
-5314
-3615
-1813
-141
1215
2131
2560
2533
2142
1533
871
316
0
1
337
956
1749
2558
3210
3534
3393
2710
1482
-210
-2212
-4299
-6212
-7683
-8468
-8389
-7352
-5377
-2593
757
4346
7790
10691
12682
13473
12889
10895
7612
3310
-1611
-6663
-11312
-15040
-17402
-18076
-16908
-13930
-9370
-3635
2724
9071
14741
19118
21697
22144
20336
16383
10620
3586
-4032
-11469
-17952
-22788
-25433
-25559
-23086
-18206
-11360
-3202
5459
13753
20823
25922
28492
28224
25096
19375
11603
2537
-6921
-15816
-23235
-28407
-30776
-30071
-26327
-19890
-11387
-1656
8326
17553
25086
30149
32215
31056
26770
19775
10764
640
-9581
-18870
-26285
-31078
-32760
-31162
-26441
-19074
-9806
428
10597
19680
26765
31147
32396
30402
25380
17853
8592
-1462
-11292
-19917
-26479
-30338
-31134
-28817
-23654
-16193
-7210
2375
11595
19531
25405
28661
29014
26474
21346
14187
5752
-3089
-11448
-18492
-23550
-26155
-26103
-23461
-18558
-11938
-4310
3535
10809
16798
20943
22883
22493
19890
15405
9554
2972
-3655
-9660
-14469
-17644
-18937
-18300
-15882
-12009
-7140
-1815
3407
8003
11546
13735
14431
13653
11575
8496
4798
905
-2768
-5860
-8097
-9322
-9494
-8697
-7111
-4989
-2620
-293
1735
3274
4213
4526
4274
3586
2633
1608
688
15
-324
-314
0
510
1071
1524
1717
1539
933
-85
-1426
-2939
-4418
-5640
-6386
-6482
-5812
-4358
-2195
500
3466
6383
8906
10706
11511
11140
9535
6773
3071
-1235
-5720
-9906
-13324
-15557
-16292
-15365
-12782
-8726
-3551
2251
8102
13388
17528
20039
20590
19041
15475
10182
3648
-3490
-10518
-16702
-21378
-24014
-24278
-22072
-17554
-11125
-3393
4880
12861
19724
24741
27357
27253
24384
18987
11563
2832
-6338
-15024
-22332
-27497
-29961
-29435
-25929
-19762
-11525
-2029
7777
16904
24419
29547
31745
30767
26687
19894
11058
1058
-9102
-18399
-25888
-30808
-32651
-31224
-26663
-19421
-10225
0
10225
19421
26663
31224
32651
30808
25888
18399
9102
-1058
-11058
-19894
-26687
-30767
-31745
-29547
-24419
-16904
-7777
2029
11525
19762
25929
29435
29961
27497
22332
15024
6338
-2832
-11563
-18987
-24384
-27253
-27357
-24741
-19724
-12861
-4880
3393
11125
17554
22072
24278
24014
21378
16702
10518
3490
-3648
-10182
-15475
-19041
-20590
-20039
-17528
-13388
-8102
-2251
3551
8726
12782
15365
16292
15557
13324
9906
5720
1235
-3071
-6773
-9535
-11140
-11511
-10706
-8906
-6383
-3466
-500
2195
4358
5812
6482
6386
5640
4418
2939
1426
85
-933
-1539
-1717
-1524
-1071
-510
0
314
324
-15
-688
-1608
-2633
-3586
-4274
-4526
-4213
-3274
-1735
293
2620
4989
7111
8697
9494
9322
8097
5860
2768
-905
-4798
-8496
-11575
-13653
-14431
-13735
-11546
-8003
-3407
1815
7140
12009
15882
18300
18937
17644
14469
9660
3655
-2972
-9554
-15405
-19890
-22493
-22883
-20943
-16798
-10809
-3535
4310
11938
18558
23461
26103
26155
23550
18492
11448
3089
-5752
-14188
-21346
-26474
-29014
-28661
-25405
-19531
-11595
-2375
7210
16193
23654
28817
31134
30338
26479
19917
11292
1462
-8592
-17853
-25380
-30402
-32396
-31147
-26765
-19680
-10597
-428
9806
19074
26441
31162
32760
31078
26285
18870
9581
-640
-10764
-19775
-26770
-31056
-32215
-30149
-25086
-17553
-8326
1656
11387
19890
26327
30071
30776
28407
23235
15816
6921
-2537
-11603
-19375
-25096
-28224
-28492
-25922
-20823
-13753
-5459
3202
11360
18206
23086
25559
25433
22788
17952
11469
4032
-3586
-10620
-16383
-20336
-22144
-21697
-19118
-14741
-9071
-2724
3635
9370
13930
16908
18076
17402
15040
11312
6663
1611
-3310
-7612
-10895
-12889
-13473
-12682
-10691
-7790
-4346
-757
2593
5377
7352
8389
8468
7683
6212
4299
2212
210
-1482
-2710
-3393
-3534
-3210
-2558
-1749
-956
-337
-1
0
-316
-871
-1533
-2142
-2533
-2560
-2131
-1215
141
1813
3615
5314
6663
7432
7442
6591
4875
2402
-621
-3902
-7085
-9800
-11699
-12499
-12023
-10225
-7203
-3199
1417
6189
10611
14187
16487
17195
16148
13368
9058
3601
-2484
-8586
-14069
-18331
-20879
-21379
-19703
-15942
-10411
-3625
3758
10995
17334
22093
24737
24933
22594
17893
11252
3303
-5169
-13311
-20282
-25343
-27940
-27755
-24755
-19194
-11593
-2689
6630
15426
22795
27967
30386
29770
26144
19839
11464
1846
-8054
-17236
-24766
-29863
-31998
-30929
-26744
-19847
-10918
-850
9347
18644
26101
30959
32724
31210
26566
19258
10021
-215
-10418
-19561
-26729
-31203
-32542
-30621
-25648
-18135
-8851
1262
11182
19918
26598
30571
31457
29197
24048
16555
7495
-2205
-11568
-19659
-25683
-29065
-29504
-26999
-21849
-14611
-6046
2966
11515
18752
23982
26719
26744
24113
19149
12403
4594
-3470
-10977
-17189
-21522
-23594
-23267
-20643
-16059
-10037
-3227
3658
9932
14984
18355
19775
19179
16712
12701
7620
2028
-3487
-8374
-12175
-14561
-15370
-14611
-12453
-9201
-5256
-1064
2927
6325
8826
10239
10509
9706
8009
5684
3038
390
-1973
-3825
-5020
-5510
-5334
-4613
-3524
-2269
-1051
-42
636
933
863
509
0
-509
-863
-933
-636
42
1051
2269
3524
4613
5334
5510
5020
3825
1973
-390
-3038
-5684
-8009
-9706
-10509
-10239
-8826
-6325
-2927
1064
5256
9201
12453
14611
15370
14561
12175
8374
3487
-2028
-7620
-12701
-16712
-19179
-19775
-18355
-14984
-9932
-3658
3227
10037
16059
20643
23267
23594
21522
17189
10977
3470
-4594
-12403
-19149
-24113
-26744
-26719
-23982
-18752
-11515
-2966
6046
14611
21849
26999
29504
29065
25683
19659
11568
2205
-7495
-16555
-24048
-29197
-31457
-30571
-26598
-19918
-11182
-1262
8851
18135
25648
30621
32542
31203
26729
19561
10418
215
-10021
-19258
-26566
-31210
-32724
-30959
-26101
-18644
-9347
850
10918
19847
26744
30929
31998
29863
24766
17236
8054
-1846
-11464
-19839
-26144
-29770
-30386
-27967
-22795
-15426
-6630
2689
11593
19194
24755
27755
27940
25343
20282
13311
5169
-3303
-11252
-17893
-22594
-24933
-24737
-22093
-17334
-10995
-3758
3625
10411
15942
19703
21379
20879
18331
14069
8586
2484
-3601
-9058
-13368
-16148
-17195
-16487
-14187
-10611
-6189
-1417
3199
7203
10225
12023
12499
11699
9800
7085
3902
621
-2402
-4875
-6591
-7442
-7432
-6663
-5314
-3615
-1813
-141
1215
2131
2560
2533
2142
1533
871
316
0
1
337
956
1749
2558
3210
3534
3393
2710
1482
-210
-2212
-4299
-6212
-7683
-8468
-8389
-7352
-5377
-2593
757
4346
7790
10691
12682
13473
12889
10895
7612
3310
-1611
-6663
-11312
-15040
-17402
-18076
-16908
-13930
-9370
-3635
2724
9071
14741
19118
21697
22144
20336
16383
10620
3586
-4032
-11469
-17952
-22788
-25433
-25559
-23086
-18206
-11360
-3202
5459
13753
20823
25922
28492
28224
25096
19375
11603
2537
-6921
-15816
-23235
-28407
-30776
-30071
-26327
-19890
-11387
-1656
8326
17553
25086
30149
32215
31056
26770
19775
10764
640
-9581
-18870
-26285
-31078
-32760
-31162
-26441
-19074
-9806
428
10597
19680
26765
31147
32396
30402
25380
17853
8592
-1462
-11292
-19917
-26479
-30338
-31134
-28817
-23654
-16193
-7210
2375
11595
19531
25405
28661
29014
26474
21346
14188
5752
-3089
-11448
-18492
-23550
-26155
-26103
-23461
-18558
-11938
-4310
3535
10809
16798
20943
22883
22493
19890
15405
9554
2972
-3655
-9660
-14469
-17644
-18937
-18300
-15882
-12009
-7140
-1815
3407
8003
11546
13735
14431
13653
11575
8496
4798
905
-2768
-5860
-8097
-9322
-9494
-8697
-7111
-4989
-2620
-293
1735
3274
4213
4526
4274
3586
2633
1608
688
15
-324
-314
0
510
1071
1524
1717
1539
933
-85
-1426
-2939
-4418
-5640
-6386
-6482
-5812
-4358
-2195
500
3466
6383
8906
10706
11511
11140
9535
6773
3071
-1235
-5720
-9906
-13324
-15557
-16292
-15365
-12782
-8726
-3551
2251
8102
13388
17528
20039
20590
19041
15475
10182
3648
-3490
-10518
-16702
-21378
-24014
-24278
-22072
-17554
-11125
-3393
4880
12861
19724
24741
27357
27253
24384
18987
11563
2832
-6338
-15024
-22332
-27497
-29961
-29435
-25929
-19762
-11525
-2029
7777
16904
24419
29547
31745
30767
26687
19894
11058
1058
-9102
-18399
-25888
-30808
-32651
-31224
-26663
-19421
-10225
0
10225
19421
26663
31224
32651
30808
25888
18399
9102
-1058
-11058
-19894
-26687
-30767
-31745
-29547
-24419
-16904
-7777
2029
11525
19762
25929
29435
29961
27497
22332
15024
6338
-2832
-11563
-18987
-24384
-27253
-27357
-24741
-19724
-12861
-4880
3393
11125
17554
22072
24278
24014
21378
16702
10518
3490
-3648
-10182
-15475
-19041
-20590
-20039
-17528
-13388
-8102
-2251
3551
8726
12782
15365
16292
15557
13324
9906
5720
1235
-3071
-6773
-9535
-11140
-11511
-10706
-8906
-6383
-3466
-500
2195
4358
5812
6482
6386
5640
4418
2939
1426
85
-933
-1539
-1717
-1524
-1071
-510
0
314
324
-15
-688
-1608
-2633
-3586
-4274
-4526
-4213
-3274
-1735
293
2620
4989
7111
8697
9494
9322
8097
5860
2768
-905
-4798
-8496
-11575
-13653
-14431
-13735
-11546
-8003
-3407
1815
7140
12009
15882
18300
18937
17644
14469
9660
3655
-2972
-9554
-15405
-19890
-22493
-22883
-20943
-16798
-10809
-3535
4310
11938
18558
23461
26103
26155
23550
18492
11448
3089
-5752
-14188
-21346
-26474
-29014
-28661
-25405
-19531
-11595
-2375
7210
16193
23654
28817
31134
30338
26479
19917
11292
1462
-8592
-17853
-25380
-30402
-32396
-31147
-26765
-19680
-10597
-428
9806
19074
26441
31162
32760
31078
26285
18870
9581
-640
-10764
-19775
-26770
-31056
-32215
-30149
-25086
-17553
-8326
1656
11387
19890
26327
30071
30776
28407
23235
15816
6921
-2537
-11603
-19375
-25096
-28224
-28492
-25922
-20823
-13753
-5459
3202
11360
18206
23086
25559
25433
22788
17952
11469
4032
-3586
-10620
-16383
-20336
-22144
-21697
-19118
-14741
-9071
-2724
3635
9370
13930
16908
18076
17402
15040
11312
6663
1611
-3310
-7612
-10895
-12889
-13473
-12682
-10691
-7790
-4346
-757
2593
5377
7352
8389
8468
7683
6212
4299
2212
210
-1482
-2710
-3393
-3534
-3210
-2558
-1749
-956
-337
-1
0
-316
-871
-1533
-2142
-2533
-2560
-2131
-1215
141
1813
3615
5314
6663
7432
7442
6591
4875
2402
-621
-3902
-7085
-9800
-11699
-12499
-12023
-10225
-7203
-3199
1417
6189
10611
14188
16487
17195
16148
13368
9058
3601
-2484
-8586
-14069
-18331
-20879
-21379
-19703
-15942
-10411
-3625
3758
10995
17334
22093
24737
24933
22594
17893
11252
3303
-5169
-13311
-20282
-25343
-27940
-27755
-24755
-19194
-11593
-2689
6630
15426
22795
27967
30386
29770
26144
19839
11464
1846
-8054
-17236
-24766
-29863
-31998
-30929
-26744
-19847
-10918
-850
9347
18644
26101
30959
32724
31210
26566
19258
10021
-215
-10418
-19561
-26729
-31203
-32542
-30621
-25648
-18135
-8851
1262
11182
19918
26598
30571
31457
29197
24048
16555
7495
-2205
-11568
-19659
-25683
-29065
-29504
-26999
-21849
-14611
-6046
2966
11515
18752
23982
26719
26744
24113
19149
12403
4594
-3470
-10977
-17189
-21522
-23594
-23267
-20643
-16059
-10037
-3227
3658
9932
14984
18355
19775
19179
16712
12701
7620
2028
-3487
-8374
-12175
-14561
-15370
-14611
-12453
-9201
-5256
-1064
2927
6325
8826
10239
10509
9706
8009
5684
3038
390
-1973
-3825
-5020
-5510
-5334
-4613
-3524
-2269
-1051
-42
636
933
863
509
0
-509
-863
-933
-636
42
1051
2269
3524
4613
5334
5510
5020
3825
1973
-390
-3038
-5684
-8009
-9706
-10509
-10239
-8826
-6325
-2927
1064
5256
9201
12453
14611
15370
14561
12175
8374
3487
-2028
-7620
-12701
-16712
-19179
-19775
-18355
-14984
-9932
-3658
3227
10037
16059
20643
23267
23594
21522
17189
10977
3470
-4594
-12403
-19149
-24113
-26744
-26719
-23982
-18752
-11515
-2966
6046
14611
21849
26999
29504
29065
25683
19659
11568
2205
-7495
-16555
-24048
-29197
-31457
-30571
-26598
-19918
-11182
-1262
8851
18135
25648
30621
32542
31203
26729
19561
10418
215
-10021
-19258
-26566
-31210
-32724
-30959
-26101
-18644
-9347
850
10918
19847
26744
30929
31998
29863
24766
17236
8054
-1846
-11464
-19839
-26144
-29770
-30386
-27967
-22795
-15426
-6630
2689
11593
19194
24755
27755
27940
25343
20282
13311
5169
-3303
-11252
-17893
-22594
-24933
-24737
-22093
-17334
-10995
-3758
3625
10411
15942
19703
21379
20879
18331
14069
8586
2484
-3601
-9058
-13368
-16148
-17195
-16487
-14187
-10611
-6189
-1417
3199
7203
10225
12023
12499
11699
9800
7085
3902
621
-2402
-4875
-6591
-7442
-7432
-6663
-5314
-3615
-1813
-141
1215
2131
2560
2533
2142
1533
871
316
0
1
337
956
1749
2558
3210
3534
3393
2710
1482
-210
-2212
-4299
-6212
-7683
-8468
-8389
-7352
-5377
-2593
757
4346
7790
10691
12682
13473
12889
10895
7612
3310
-1611
-6663
-11312
-15040
-17402
-18076
-16908
-13930
-9370
-3635
2724
9071
14741
19118
21697
22144
20336
16383
10620
3586
-4032
-11469
-17952
-22788
-25433
-25559
-23086
-18206
-11360
-3202
5459
13753
20823
25922
28492
28224
25096
19375
11603
2537
-6921
-15816
-23235
-28407
-30776
-30071
-26327
-19890
-11387
-1656
8326
17553
25086
30149
32215
31056
26770
19775
10764
640
-9581
-18870
-26285
-31078
-32760
-31162
-26441
-19074
-9806
428
10597
19680
26765
31147
32396
30402
25380
17853
8592
-1462
-11292
-19917
-26479
-30338
-31134
-28817
-23654
-16193
-7210
2375
11595
19531
25405
28661
29014
26474
21346
14188
5752
-3089
-11448
-18492
-23550
-26155
-26103
-23461
-18558
-11938
-4310
3535
10809
16798
20943
22883
22493
19890
15405
9554
2972
-3655
-9660
-14469
-17644
-18937
-18300
-15882
-12009
-7140
-1815
3407
8003
11546
13735
14431
13653
11575
8496
4798
905
-2768
-5860
-8097
-9322
-9494
-8697
-7111
-4989
-2620
-293
1735
3274
4213
4526
4274
3586
2633
1608
688
15
-324
-314
0
510
1071
1524
1717
1539
933
-85
-1426
-2939
-4418
-5640
-6386
-6482
-5812
-4358
-2195
500
3466
6383
8906
10706
11511
11140
9535
6773
3071
-1235
-5720
-9906
-13324
-15557
-16292
-15365
-12782
-8726
-3551
2251
8102
13388
17528
20039
20590
19041
15475
10182
3648
-3490
-10518
-16702
-21378
-24014
-24278
-22072
-17554
-11125
-3393
4880
12861
19724
24741
27357
27253
24384
18987
11563
2832
-6338
-15024
-22332
-27497
-29961
-29435
-25929
-19762
-11525
-2029
7777
16904
24419
29547
31745
30767
26687
19894
11058
1058
-9102
-18399
-25888
-30808
-32651
-31224
-26663
-19421
-10225
0
10225
19421
26663
31224
32651
30808
25888
18399
9102
-1058
-11058
-19894
-26687
-30767
-31745
-29547
-24419
-16904
-7777
2029
11525
19762
25929
29435
29961
27497
22332
15024
6338
-2832
-11563
-18987
-24384
-27253
-27357
-24741
-19724
-12861
-4880
3393
11125
17554
22072
24278
24014
21378
16702
10518
3490
-3648
-10182
-15475
-19041
-20590
-20039
-17528
-13388
-8102
-2251
3551
8726
12782
15365
16292
15557
13324
9906
5720
1235
-3071
-6773
-9535
-11140
-11511
-10706
-8906
-6383
-3466
-500
2195
4358
5812
6482
6386
5640
4418
2939
1426
85
-933
-1539
-1717
-1524
-1071
-510
0
314
324
-15
-688
-1608
-2633
-3586
-4274
-4526
-4213
-3274
-1735
293
2620
4989
7111
8697
9494
9322
8097
5860
2768
-905
-4798
-8496
-11575
-13653
-14431
-13735
-11546
-8003
-3407
1815
7140
12009
15882
18300
18937
17644
14469
9660
3655
-2972
-9554
-15405
-19890
-22493
-22883
-20943
-16798
-10809
-3535
4310
11938
18558
23461
26103
26155
23550
18492
11448
3089
-5752
-14187
-21346
-26474
-29014
-28661
-25405
-19531
-11595
-2375
7210
16193
23654
28817
31134
30338
26479
19917
11292
1462
-8592
-17853
-25380
-30402
-32396
-31147
-26765
-19680
-10597
-428
9806
19074
26441
31162
32760
31078
26285
18870
9581
-640
-10764
-19775
-26770
-31056
-32215
-30149
-25086
-17553
-8326
1656
11387
19890
26327
30071
30776
28407
23235
15816
6921
-2537
-11603
-19375
-25096
-28224
-28492
-25922
-20823
-13753
-5459
3202
11360
18206
23086
25559
25433
22788
17952
11469
4032
-3586
-10620
-16383
-20336
-22144
-21697
-19118
-14741
-9071
-2724
3635
9370
13930
16908
18076
17402
15040
11312
6663
1611
-3310
-7612
-10895
-12889
-13473
-12682
-10691
-7790
-4346
-757
2593
5377
7352
8389
8468
7683
6212
4299
2212
210
-1482
-2710
-3393
-3534
-3210
-2558
-1749
-956
-337
-1
0
-316
-871
-1533
-2142
-2533
-2560
-2131
-1215
141
1813
3615
5314
6663
7432
7442
6591
4875
2402
-621
-3902
-7085
-9800
-11699
-12499
-12023
-10225
-7203
-3199
1417
6189
10611
14187
16487
17195
16148
13368
9058
3601
-2484
-8586
-14069
-18331
-20879
-21379
-19703
-15942
-10411
-3625
3758
10995
17334
22093
24737
24933
22594
17893
11252
3303
-5169
-13311
-20282
-25343
-27940
-27755
-24755
-19194
-11593
-2689
6630
15426
22795
27967
30386
29770
26144
19839
11464
1846
-8054
-17236
-24766
-29863
-31998
-30929
-26744
-19847
-10918
-850
9347
18644
26101
30959
32724
31210
26566
19258
10021
-215
-10418
-19561
-26729
-31203
-32542
-30621
-25648
-18135
-8851
1262
11182
19918
26598
30571
31457
29197
24048
16555
7495
-2205
-11568
-19659
-25683
-29065
-29504
-26999
-21849
-14611
-6046
2966
11515
18752
23982
26719
26744
24113
19149
12403
4594
-3470
-10977
-17189
-21522
-23594
-23267
-20643
-16059
-10037
-3227
3658
9932
14984
18355
19775
19179
16712
12701
7620
2028
-3487
-8374
-12175
-14561
-15370
-14611
-12453
-9201
-5256
-1064
2927
6325
8826
10239
10509
9706
8009
5684
3038
390
-1973
-3825
-5020
-5510
-5334
-4613
-3524
-2269
-1051
-42
636
933
863
509
0
-509
-863
-933
-636
42
1051
2269
3524
4613
5334
5510
5020
3825
1973
-390
-3038
-5684
-8009
-9706
-10509
-10239
-8826
-6325
-2927
1064
5256
9201
12453
14611
15370
14561
12175
8374
3487
-2028
-7620
-12701
-16712
-19179
-19775
-18355
-14984
-9932
-3658
3227
10037
16059
20643
23267
23594
21522
17189
10977
3470
-4594
-12403
-19149
-24113
-26744
-26719
-23982
-18752
-11515
-2966
6046
14611
21849
26999
29504
29065
25683
19659
11568
2205
-7495
-16555
-24048
-29197
-31457
-30571
-26598
-19918
-11182
-1262
8851
18135
25648
30621
32542
31203
26729
19561
10418
215
-10021
-19258
-26566
-31210
-32724
-30959
-26101
-18644
-9347
850
10918
19847
26744
30929
31998
29863
24766
17236
8054
-1846
-11464
-19839
-26144
-29770
-30386
-27967
-22795
-15426
-6630
2689
11593
19194
24755
27755
27940
25343
20282
13311
5169
-3303
-11252
-17893
-22594
-24933
-24737
-22093
-17334
-10995
-3758
3625
10411
15942
19703
21379
20879
18331
14069
8586
2484
-3601
-9058
-13368
-16148
-17195
-16487
-14188
-10611
-6189
-1417
3199
7203
10225
12023
12499
11699
9800
7085
3902
621
-2402
-4875
-6591
-7442
-7432
-6663
-5314
-3615
-1813
-141
1215
2131
2560
2533
2142
1533
871
316
0
1
337
956
1749
2558
3210
3534
3393
2710
1482
-210
-2212
-4299
-6212
-7683
-8468
-8389
-7352
-5377
-2593
757
4346
7790
10691
12682
13473
12889
10895
7612
3310
-1611
-6663
-11312
-15040
-17402
-18076
-16908
-13930
-9370
-3635
2724
9071
14741
19118
21697
22144
20336
16383
10620
3586
-4032
-11469
-17952
-22788
-25433
-25559
-23086
-18206
-11360
-3202
5459
13753
20823
25922
28492
28224
25096
19375
11603
2537
-6921
-15816
-23235
-28407
-30776
-30071
-26327
-19890
-11387
-1656
8326
17553
25086
30149
32215
31056
26770
19775
10764
640
-9581
-18870
-26285
-31078
-32760
-31162
-26441
-19074
-9806
428
10597
19680
26765
31147
32396
30402
25380
17853
8592
-1462
-11292
-19917
-26479
-30338
-31134
-28817
-23654
-16193
-7210
2375
11595
19531
25405
28661
29014
26474
21346
14187
5752
-3089
-11448
-18492
-23550
-26155
-26103
-23461
-18558
-11938
-4310
3535
10809
16798
20943
22883
22493
19890
15405
9554
2972
-3655
-9660
-14469
-17644
-18937
-18300
-15882
-12009
-7140
-1815
3407
8003
11546
13735
14431
13653
11575
8496
4798
905
-2768
-5860
-8097
-9322
-9494
-8697
-7111
-4989
-2620
-293
1735
3274
4213
4526
4274
3586
2633
1608
688
15
-324
-314
0
510
1071
1524
1717
1539
933
-85
-1426
-2939
-4418
-5640
-6386
-6482
-5812
-4358
-2195
500
3466
6383
8906
10706
11511
11140
9535
6773
3071
-1235
-5720
-9906
-13324
-15557
-16292
-15365
-12782
-8726
-3551
2251
8102
13388
17528
20039
20590
19041
15475
10182
3648
-3490
-10518
-16702
-21378
-24014
-24278
-22072
-17554
-11125
-3393
4880
12861
19724
24741
27357
27253
24384
18987
11563
2832
-6338
-15024
-22332
-27497
-29961
-29435
-25929
-19762
-11525
-2029
7777
16904
24419
29547
31745
30767
26687
19894
11058
1058
-9102
-18399
-25888
-30808
-32651
-31224
-26663
-19421
-10225
